146 32
145 33
144 33
143 33
142 33
141 34
140 34
139 34
138 35
137 35
136 36
135 37
134 38
133 38
132 39
131 39
130 40
129 40
128 41
127 42
127 43
126 44
126 45
125 46
124 47
123 48
123 49
122 50
122 51
121 52
121 53
121 54
120 55
120 56
120 57
120 58
119 59
119 60
118 61
117 60
117 59
116 58
116 57
116 56
116 55
115 54
115 53
115 52
114 51
114 50
114 49
113 48
113 47
112 46
112 45
111 44
111 43
110 42
109 41
108 41
107 41
106 41
105 42
104 42
105 43
106 44
107 45
108 46
109 47
109 48
110 49
111 50
112 51
112 52
113 53
113 54
114 55
114 56
114 57
115 58
115 59
116 60
116 61
116 62
116 63
116 64
116 65
116 66
116 67
115 68
114 68
113 67
112 67
111 67
110 67
109 67
108 67
107 66
106 66
105 66
104 66
103 66
102 66
101 66
100 66
99 66
98 66
97 66
96 66
95 66
94 66
93 66
92 66
91 66
90 66
89 66
88 67
87 67
86 67
85 67
84 67
83 67
82 68
81 68
80 68
79 68
78 68
77 69
76 69
75 69
74 70
73 70
72 70
71 71
70 71
69 71
68 72
67 72
66 72
65 73
64 73
63 74
62 74
61 75
60 75
59 76
58 76
57 77
56 77
55 78
54 79
53 79
52 80
51 81
50 81
49 82
48 83
47 84
46 84
45 85
44 86
43 87
42 88
41 89
40 90
39 91
38 92
37 93
36 94
35 95
34 96
33 97
33 98
32 99
31 100
30 101
30 102
29 103
28 104
28 105
27 106
27 107
26 108
25 109
25 110
24 111
24 112
23 113
23 114
22 115
22 116
22 117
21 118
21 119
20 120
20 121
20 122
19 123
19 124
19 125
18 126
18 127
18 128
18 129
17 130
17 131
17 132
17 133
17 134
16 135
16 136
16 137
16 138
16 139
16 140
15 141
15 142
15 143
15 144
15 145
15 146
15 147
15 148
15 149
15 150
15 151
15 152
15 153
15 154
15 155
15 156
15 157
15 158
15 159
16 160
16 161
16 162
16 163
16 164
16 165
17 166
17 167
17 168
17 169
17 170
18 171
18 172
18 173
18 174
19 175
19 176
19 177
20 178
20 179
20 180
21 181
21 182
22 183
22 184
22 185
23 186
23 187
24 188
24 189
25 190
25 191
26 192
27 193
27 194
28 195
28 196
29 197
30 198
30 199
31 200
32 201
33 202
33 203
34 204
35 205
36 206
37 207
38 208
39 209
40 210
41 211
42 212
43 213
44 214
45 215
46 216
47 216
48 217
49 218
50 219
51 219
52 220
53 221
54 221
55 222
56 223
57 223
58 224
59 224
60 225
61 225
62 226
63 226
64 227
65 227
66 228
67 228
68 228
69 229
70 229
71 229
72 230
73 230
74 230
75 231
76 231
77 231
78 232
79 232
80 232
81 232
82 232
83 233
84 233
85 233
86 233
87 233
88 233
89 234
90 234
91 234
92 234
93 234
94 234
95 234
96 234
97 234
98 234
99 234
100 234
101 234
102 234
103 234
104 234
105 234
106 234
107 234
108 233
109 233
110 233
111 233
112 233
113 233
114 233
115 233
116 234
117 234
118 234
119 234
120 234
121 234
122 234
123 235
124 235
125 235
126 235
127 235
128 235
129 235
130 235
131 235
132 235
133 235
134 235
135 235
136 235
137 235
138 235
139 235
140 235
141 235
142 234
143 234
144 234
145 234
146 234
147 234
148 234
149 233
150 233
151 233
152 233
153 233
154 232
155 232
156 232
157 232
158 231
159 231
160 231
161 230
162 230
163 230
164 229
165 229
166 229
167 228
168 228
169 227
170 227
171 226
172 226
173 225
174 225
175 224
176 224
177 223
178 223
179 222
180 221
181 221
182 220
183 220
184 219
185 218
186 217
187 217
188 216
189 215
190 214
191 213
192 213
193 212
194 211
195 210
196 209
197 208
198 207
199 206
200 205
200 204
201 203
202 202
203 201
204 200
204 199
205 198
206 197
206 196
207 195
208 194
208 193
209 192
209 191
210 190
211 189
211 188
212 187
212 186
213 185
213 184
213 183
214 182
214 181
215 180
215 179
215 178
216 177
216 176
216 175
217 174
217 173
217 172
217 171
218 170
218 169
218 168
218 167
219 166
219 165
219 164
219 163
219 162
219 161
219 160
220 159
220 158
220 157
220 156
220 155
220 154
220 153
220 152
220 151
220 150
220 149
220 148
220 147
220 146
220 145
220 144
220 143
219 142
219 141
219 140
219 139
219 138
219 137
219 136
218 135
218 134
218 133
218 132
217 131
217 130
217 129
217 128
216 127
216 126
216 125
215 124
215 123
215 122
214 121
214 120
213 119
213 118
213 117
212 116
212 115
211 114
211 113
210 112
209 111
209 110
208 109
208 108
207 107
206 106
206 105
205 104
204 103
204 102
203 101
202 100
201 99
200 98
200 97
199 96
198 95
197 94
196 93
195 92
194 91
193 90
192 89
191 89
190 88
189 87
188 86
187 85
186 85
185 84
184 83
183 82
182 82
181 81
180 81
179 80
178 79
177 79
176 78
175 78
174 77
173 77
172 76
171 76
170 75
169 75
168 74
167 74
166 73
165 73
164 73
163 72
162 72
161 72
160 71
159 71
158 71
157 70
156 70
155 70
154 70
153 69
152 69
151 69
150 69
149 69
148 68
147 68
146 68
145 68
144 68
143 68
142 68
141 67
140 67
139 67
138 67
137 67
136 67
135 67
134 66
135 65
136 65
137 65
138 64
139 64
140 64
141 64
142 64
143 63
144 63
145 63
146 62
147 62
148 61
149 61
150 61
151 60
152 60
153 59
154 59
155 58
156 57
157 57
158 56
159 55
160 54
161 54
162 53
163 52
164 51
164 50
165 49
166 49
167 48
167 47
168 46
169 45
169 44
170 43
171 42
171 41
171 40
171 39
172 38
172 37
172 36
171 35
170 34
169 34
168 33
167 33
166 33
165 33
164 32
163 32
162 32
161 32
160 32
159 32
158 32
157 32
156 32
155 32
154 32
153 32
152 32
151 32
150 32
149 32
148 32
147 32
