58 12
57 13
56 13
55 13
54 13
53 14
52 14
51 15
50 15
49 16
48 17
47 17
46 18
45 19
44 20
43 21
43 22
43 23
43 24
43 25
44 26
44 27
45 28
45 29
46 30
47 31
47 32
48 33
49 34
49 35
50 36
51 37
51 38
52 39
53 40
54 41
55 42
56 42
57 43
58 44
59 44
60 45
61 46
62 46
63 47
64 47
65 47
66 48
67 48
68 48
69 48
70 49
71 49
72 49
73 49
74 49
75 49
76 49
77 49
78 49
79 49
80 49
81 50
82 50
83 50
84 50
85 50
86 50
87 50
88 50
89 50
90 51
91 51
92 51
93 52
94 52
95 52
96 52
97 52
98 52
99 53
100 53
101 54
102 54
103 54
104 55
105 55
106 55
107 55
108 56
109 56
110 56
111 57
112 57
113 58
114 59
114 60
113 61
112 60
111 60
110 60
109 60
108 60
107 60
106 60
105 60
104 60
103 60
102 60
101 60
100 60
99 60
98 60
97 60
96 60
95 60
94 60
93 61
92 61
91 61
90 61
89 61
88 61
87 62
86 62
85 62
84 62
83 62
82 63
81 63
80 63
79 64
78 64
77 64
76 64
75 65
74 65
73 66
72 66
71 66
70 67
69 67
68 68
67 68
66 69
65 69
64 70
63 70
62 71
61 71
60 72
59 72
58 73
57 74
56 74
55 75
54 76
53 76
52 77
51 78
50 79
49 79
48 80
47 81
46 82
45 83
44 84
43 85
42 86
41 87
40 88
39 89
38 90
37 91
36 92
36 93
35 94
34 95
33 96
33 97
32 98
31 99
31 100
30 101
29 102
29 103
28 104
28 105
27 106
26 107
26 108
25 109
25 110
24 111
24 112
24 113
23 114
23 115
22 116
22 117
21 118
21 119
21 120
20 121
20 122
20 123
19 124
19 125
19 126
18 127
18 128
18 129
18 130
17 131
17 132
17 133
17 134
17 135
16 136
16 137
16 138
16 139
16 140
16 141
16 142
16 143
15 144
15 145
15 146
15 147
15 148
15 149
15 150
15 151
15 152
15 153
15 154
15 155
15 156
15 157
15 158
15 159
15 160
15 161
15 162
16 163
16 164
16 165
16 166
16 167
16 168
16 169
16 170
17 171
17 172
17 173
17 174
17 175
18 176
18 177
18 178
18 179
19 180
19 181
19 182
20 183
20 184
20 185
21 186
21 187
21 188
22 189
22 190
23 191
23 192
24 193
24 194
24 195
25 196
25 197
26 198
26 199
27 200
28 201
28 202
29 203
29 204
30 205
31 206
31 207
32 208
33 209
33 210
34 211
35 212
36 213
36 214
37 215
38 216
39 217
40 218
41 219
42 220
43 221
44 222
45 223
46 224
47 225
48 226
49 227
50 227
51 228
52 229
53 230
54 230
55 231
56 232
57 232
58 233
59 234
60 234
61 235
62 235
63 236
64 236
65 237
66 237
67 238
68 238
69 239
70 239
71 240
72 240
73 240
74 241
75 241
76 242
77 242
78 242
79 242
80 243
81 243
82 243
83 244
84 244
85 244
86 244
87 244
88 245
89 245
90 245
91 245
92 245
93 245
94 246
95 246
96 246
97 246
98 246
99 246
100 246
101 246
102 246
103 246
104 246
105 246
106 246
107 246
108 246
109 246
110 246
111 246
112 246
113 245
114 245
115 245
116 245
117 245
118 245
119 244
120 244
121 244
122 244
123 244
124 243
125 243
126 243
127 242
128 242
129 242
130 242
131 241
132 241
133 241
134 241
135 242
136 242
137 242
138 242
139 242
140 242
141 242
142 242
143 242
144 242
145 242
146 242
147 242
148 242
149 242
150 242
151 242
152 242
153 242
154 241
155 241
156 241
157 241
158 241
159 241
160 241
161 240
162 240
163 240
164 240
165 239
166 239
167 239
168 239
169 238
170 238
171 238
172 237
173 237
174 237
175 236
176 236
177 235
178 235
179 235
180 234
181 234
182 233
183 233
184 232
185 232
186 231
187 231
188 230
189 229
190 229
191 228
192 228
193 227
194 226
195 226
196 225
197 224
198 223
199 222
200 222
201 221
202 220
203 219
204 218
205 217
206 216
207 215
208 214
209 213
210 212
211 211
212 210
212 209
213 208
214 207
215 206
215 205
216 204
217 203
218 202
218 201
219 200
219 199
220 198
221 197
221 196
222 195
222 194
223 193
223 192
224 191
224 190
225 189
225 188
226 187
226 186
226 185
227 184
227 183
227 182
228 181
228 180
228 179
229 178
229 177
229 176
230 175
230 174
230 173
230 172
231 171
231 170
231 169
231 168
231 167
232 166
232 165
232 164
232 163
232 162
232 161
232 160
233 159
233 158
233 157
233 156
233 155
233 154
233 153
233 152
233 151
233 150
233 149
233 148
233 147
233 146
233 145
233 144
233 143
233 142
233 141
232 140
232 139
232 138
232 137
232 136
232 135
232 134
231 133
231 132
231 131
231 130
231 129
230 128
230 127
230 126
230 125
229 124
229 123
229 122
228 121
228 120
228 119
227 118
227 117
227 116
226 115
226 114
226 113
225 112
225 111
224 110
224 109
223 108
223 107
222 106
222 105
221 104
221 103
220 102
219 101
219 100
218 99
218 98
217 97
216 96
215 95
215 94
214 93
213 92
212 91
212 90
211 89
210 88
209 87
208 86
207 85
206 84
205 83
204 82
203 81
202 80
201 79
200 78
199 78
198 77
197 76
196 75
195 74
194 74
193 73
192 72
191 72
190 71
189 71
188 70
187 69
186 69
185 68
184 68
183 67
182 67
181 66
180 66
179 65
178 65
177 65
176 64
175 64
174 63
173 63
172 63
171 62
170 62
169 62
168 61
167 61
166 61
165 61
164 60
163 60
162 60
161 60
160 59
159 59
158 59
157 59
156 59
155 59
154 59
153 58
152 58
151 58
150 58
149 58
148 58
147 58
146 58
145 58
144 58
143 58
142 58
141 58
140 58
139 58
138 58
137 58
136 58
135 58
134 59
133 59
132 59
131 59
130 59
129 59
128 59
127 60
126 60
125 60
124 60
123 61
122 61
121 61
120 61
119 60
119 59
119 58
119 57
119 56
119 55
119 54
119 53
119 52
119 51
119 50
119 49
120 48
120 47
120 46
121 45
121 44
122 43
123 42
124 41
125 41
126 40
127 40
128 39
129 39
130 39
131 39
132 39
133 38
134 38
135 38
136 38
137 38
138 37
139 37
140 37
141 37
142 37
143 37
144 37
145 37
146 37
147 37
148 37
149 37
150 37
151 37
152 38
153 38
154 38
155 38
156 38
157 38
158 38
159 39
160 39
161 39
162 39
163 39
164 39
165 40
165 39
166 38
166 37
165 37
164 36
163 36
162 36
161 35
160 35
159 35
158 35
157 35
156 35
155 34
154 34
153 34
152 34
151 34
150 34
149 34
148 34
147 34
146 34
145 34
144 34
143 34
142 34
141 34
140 34
139 34
138 34
137 34
136 34
135 34
134 34
133 34
132 34
131 35
130 35
129 35
128 35
127 36
126 36
125 36
124 37
123 37
122 38
121 39
120 40
119 41
118 42
117 43
117 44
116 45
116 46
115 47
115 48
115 49
114 50
114 51
113 52
112 51
112 50
112 49
112 48
112 47
112 46
111 45
111 44
111 43
111 42
111 41
110 40
110 39
109 38
109 37
108 36
107 35
107 34
106 33
105 32
104 31
104 30
103 29
103 28
102 27
101 27
100 26
99 25
98 24
97 23
96 22
95 21
94 21
93 20
92 19
91 19
90 18
89 18
88 17
87 17
86 17
85 16
84 16
83 15
82 14
81 14
80 14
79 13
78 13
77 13
76 13
75 12
74 12
73 12
72 12
71 12
70 12
69 12
68 12
67 12
66 12
65 12
64 12
63 12
62 12
61 12
60 12
59 12
