145 28
144 29
143 29
142 29
141 30
140 30
139 31
138 31
137 32
136 32
135 32
134 33
133 33
132 34
131 35
130 36
129 37
128 38
127 39
126 40
125 41
124 41
123 42
122 43
122 44
121 45
120 46
119 47
118 48
117 48
116 47
116 46
116 45
115 44
115 43
114 42
114 41
113 40
112 39
111 38
110 37
109 36
108 35
107 35
106 35
105 36
104 37
103 37
103 38
104 39
105 40
106 41
107 42
108 43
109 44
110 45
110 46
111 47
111 48
112 49
112 50
112 51
112 52
113 53
113 54
113 55
113 56
112 57
112 58
111 59
110 59
109 59
108 59
107 59
106 59
105 59
104 59
103 59
102 59
101 59
100 59
99 59
98 59
97 59
96 59
95 59
94 59
93 59
92 60
91 60
90 60
89 60
88 60
87 60
86 60
85 61
84 61
83 61
82 61
81 61
80 62
79 62
78 62
77 62
76 63
75 63
74 63
73 64
72 64
71 64
70 65
69 65
68 65
67 66
66 66
65 67
64 67
63 68
62 68
61 69
60 69
59 70
58 70
57 71
56 71
55 72
54 72
53 73
52 74
51 74
50 75
49 76
48 76
47 77
46 78
45 79
44 79
43 80
42 81
41 82
40 83
39 84
38 85
37 86
36 87
35 88
34 89
33 90
32 91
31 92
30 93
30 94
29 95
28 96
27 97
27 98
26 99
25 100
25 101
24 102
23 103
23 104
22 105
22 106
21 107
21 108
20 109
20 110
19 111
19 112
18 113
18 114
17 115
17 116
16 117
16 118
16 119
15 120
15 121
15 122
14 123
14 124
14 125
13 126
13 127
13 128
13 129
12 130
12 131
12 132
12 133
12 134
11 135
11 136
11 137
11 138
11 139
11 140
11 141
10 142
10 143
10 144
10 145
10 146
10 147
10 148
10 149
10 150
10 151
10 152
10 153
10 154
10 155
10 156
10 157
10 158
10 159
10 160
11 161
11 162
11 163
11 164
11 165
11 166
11 167
12 168
12 169
12 170
12 171
12 172
13 173
13 174
13 175
13 176
14 177
14 178
14 179
15 180
15 181
15 182
16 183
16 184
16 185
17 186
17 187
18 188
18 189
19 190
19 191
20 192
20 193
21 194
21 195
22 196
22 197
23 198
23 199
24 200
25 201
25 202
26 203
27 204
27 205
28 206
29 207
30 208
30 209
31 210
32 211
33 212
34 213
35 214
36 215
37 216
38 217
39 218
40 219
41 220
42 221
43 222
44 223
45 223
46 224
47 225
48 226
49 226
50 227
51 228
52 228
53 229
54 230
55 230
56 231
57 231
58 232
59 232
60 233
61 233
62 234
63 234
64 235
65 235
66 236
67 236
68 237
69 237
70 237
71 238
72 238
73 238
74 239
75 239
76 239
77 240
78 240
79 240
80 240
81 241
82 241
83 241
84 241
85 241
86 242
87 242
88 242
89 242
90 242
91 242
92 242
93 243
94 243
95 243
96 243
97 243
98 243
99 243
100 243
101 243
102 243
103 243
104 243
105 243
106 243
107 243
108 243
109 243
110 243
111 243
112 242
113 242
114 242
115 242
116 242
117 242
118 242
119 241
120 241
121 241
122 241
123 241
124 241
125 241
126 242
127 242
128 242
129 242
130 242
131 242
132 242
133 242
134 242
135 242
136 242
137 242
138 242
139 242
140 242
141 242
142 242
143 242
144 242
145 241
146 241
147 241
148 241
149 241
150 241
151 241
152 240
153 240
154 240
155 240
156 239
157 239
158 239
159 239
160 238
161 238
162 238
163 237
164 237
165 237
166 236
167 236
168 235
169 235
170 235
171 234
172 234
173 233
174 233
175 232
176 232
177 231
178 231
179 230
180 229
181 229
182 228
183 228
184 227
185 226
186 226
187 225
188 224
189 223
190 222
191 222
192 221
193 220
194 219
195 218
196 217
197 216
198 215
199 214
200 213
201 212
202 211
203 210
203 209
204 208
205 207
206 206
206 205
207 204
208 203
209 202
209 201
210 200
210 199
211 198
212 197
212 196
213 195
213 194
214 193
214 192
215 191
215 190
216 189
216 188
217 187
217 186
217 185
218 184
218 183
218 182
219 181
219 180
219 179
220 178
220 177
220 176
221 175
221 174
221 173
221 172
222 171
222 170
222 169
222 168
222 167
223 166
223 165
223 164
223 163
223 162
223 161
223 160
224 159
224 158
224 157
224 156
224 155
224 154
224 153
224 152
224 151
224 150
224 149
224 148
224 147
224 146
224 145
224 144
224 143
224 142
224 141
223 140
223 139
223 138
223 137
223 136
223 135
223 134
222 133
222 132
222 131
222 130
222 129
221 128
221 127
221 126
221 125
220 124
220 123
220 122
219 121
219 120
219 119
218 118
218 117
218 116
217 115
217 114
217 113
216 112
216 111
215 110
215 109
214 108
214 107
213 106
213 105
212 104
212 103
211 102
210 101
210 100
209 99
209 98
208 97
207 96
206 95
206 94
205 93
204 92
203 91
203 90
202 89
201 88
200 87
199 86
198 85
197 84
196 83
195 82
194 81
193 80
192 79
191 78
190 78
189 77
188 76
187 75
186 74
185 74
184 73
183 72
182 72
181 71
180 71
179 70
178 69
177 69
176 68
175 68
174 67
173 67
172 66
171 66
170 65
169 65
168 65
167 64
166 64
165 63
164 63
163 63
162 62
161 62
160 62
159 61
158 61
157 61
156 61
155 60
154 60
153 60
152 60
151 59
150 59
149 59
148 59
147 59
146 59
145 59
144 58
143 58
142 58
141 58
140 58
139 58
138 58
137 58
136 58
135 58
134 58
133 58
132 57
133 56
134 55
135 55
136 54
137 53
138 53
139 52
140 51
141 51
142 50
143 49
144 48
145 47
146 46
147 45
148 44
149 43
149 42
150 41
151 40
152 39
153 38
154 37
155 36
156 35
156 34
156 33
155 32
155 31
154 30
153 29
152 28
151 28
150 28
149 28
148 28
147 28
146 28
