79 4
78 5
77 5
76 5
75 6
74 6
73 7
72 8
71 9
70 9
70 10
69 11
68 12
67 13
67 14
66 15
66 16
66 17
65 18
65 19
65 20
64 21
64 22
65 22
66 23
67 23
68 23
69 23
70 23
71 23
72 23
73 23
74 23
75 23
76 23
77 23
78 23
79 23
80 23
81 22
82 22
83 22
84 22
85 22
86 22
87 22
88 22
89 22
90 22
91 22
92 23
93 23
94 23
95 24
94 25
93 25
92 25
91 25
90 25
89 25
88 25
87 25
86 25
85 25
84 25
83 26
82 26
81 26
80 26
79 27
78 27
77 28
76 29
75 29
75 30
74 31
73 32
72 32
71 33
71 34
70 35
69 36
69 37
68 38
68 39
68 40
68 41
67 42
67 43
67 44
67 45
67 46
67 47
67 48
68 48
69 49
70 50
71 50
72 51
73 51
74 51
75 51
76 52
77 52
78 52
79 52
80 52
81 52
82 52
83 52
84 52
85 52
86 52
87 52
88 52
89 52
90 52
91 51
92 51
93 50
94 49
95 48
96 47
97 47
98 46
99 46
100 45
101 44
102 44
103 43
104 43
105 43
106 43
107 42
108 42
109 42
110 42
111 43
112 44
112 45
112 46
112 47
112 48
112 49
112 50
112 51
113 52
113 53
113 54
113 55
113 56
113 57
113 58
113 59
112 60
111 60
110 59
109 59
108 59
107 59
106 59
105 59
104 59
103 59
102 59
101 59
100 59
99 59
98 59
97 59
96 59
95 59
94 59
93 59
92 59
91 60
90 60
89 60
88 60
87 60
86 60
85 61
84 61
83 61
82 61
81 61
80 62
79 62
78 62
77 62
76 63
75 63
74 63
73 64
72 64
71 64
70 65
69 65
68 66
67 66
66 67
65 67
64 67
63 68
62 68
61 69
60 70
59 70
58 71
57 71
56 72
55 73
54 73
53 74
52 75
51 75
50 76
49 77
48 77
47 78
46 79
45 80
44 81
43 82
42 83
41 84
40 85
39 86
38 87
37 88
36 89
35 90
34 91
34 92
33 93
32 94
31 95
31 96
30 97
29 98
29 99
28 100
27 101
27 102
26 103
26 104
25 105
25 106
24 107
23 108
23 109
23 110
22 111
22 112
21 113
21 114
20 115
20 116
20 117
19 118
19 119
19 120
18 121
18 122
18 123
17 124
17 125
17 126
17 127
16 128
16 129
16 130
16 131
16 132
15 133
15 134
15 135
15 136
15 137
15 138
15 139
14 140
14 141
14 142
14 143
14 144
14 145
14 146
14 147
14 148
14 149
14 150
14 151
14 152
14 153
14 154
14 155
14 156
14 157
14 158
15 159
15 160
15 161
15 162
15 163
15 164
15 165
16 166
16 167
16 168
16 169
16 170
17 171
17 172
17 173
17 174
18 175
18 176
18 177
19 178
19 179
19 180
20 181
20 182
20 183
21 184
21 185
22 186
22 187
23 188
23 189
23 190
24 191
25 192
25 193
26 194
26 195
27 196
27 197
28 198
29 199
29 200
30 201
31 202
31 203
32 204
33 205
34 206
34 207
35 208
36 209
37 210
38 211
39 212
40 213
41 214
42 215
43 216
44 217
45 218
46 219
47 220
48 221
49 221
50 222
51 223
52 223
53 224
54 225
55 225
56 226
57 227
58 227
59 228
60 228
61 229
62 230
63 230
64 231
65 231
66 231
67 232
68 232
69 233
70 233
71 234
72 234
73 234
74 235
75 235
76 235
77 236
78 236
79 236
80 236
81 237
82 237
83 237
84 237
85 237
86 238
87 238
88 238
89 238
90 238
91 238
92 239
93 239
94 239
95 239
96 239
97 239
98 239
99 239
100 239
101 239
102 239
103 239
104 239
105 239
106 239
107 239
108 239
109 239
110 239
111 238
112 238
113 238
114 238
115 238
116 238
117 237
118 237
119 237
120 237
121 237
122 236
123 236
124 236
125 236
126 235
127 235
128 235
129 234
130 234
131 234
132 234
133 234
134 234
135 234
136 235
137 235
138 235
139 235
140 235
141 235
142 235
143 235
144 235
145 235
146 235
147 235
148 235
149 235
150 235
151 235
152 235
153 235
154 235
155 234
156 234
157 234
158 234
159 234
160 234
161 233
162 233
163 233
164 233
165 233
166 232
167 232
168 232
169 231
170 231
171 231
172 231
173 230
174 230
175 229
176 229
177 229
178 228
179 228
180 227
181 227
182 226
183 226
184 225
185 225
186 224
187 224
188 223
189 223
190 222
191 221
192 221
193 220
194 219
195 219
196 218
197 217
198 216
199 215
200 215
201 214
202 213
203 212
204 211
205 210
206 209
207 208
208 207
209 206
210 205
210 204
211 203
212 202
213 201
213 200
214 199
215 198
216 197
216 196
217 195
218 194
218 193
219 192
219 191
220 190
220 189
221 188
221 187
222 186
222 185
223 184
223 183
224 182
224 181
225 180
225 179
225 178
226 177
226 176
226 175
227 174
227 173
227 172
228 171
228 170
228 169
228 168
229 167
229 166
229 165
229 164
229 163
230 162
230 161
230 160
230 159
230 158
230 157
230 156
231 155
231 154
231 153
231 152
231 151
231 150
231 149
231 148
231 147
231 146
231 145
231 144
231 143
231 142
231 141
231 140
231 139
231 138
231 137
230 136
230 135
230 134
230 133
230 132
230 131
230 130
229 129
229 128
229 127
229 126
229 125
228 124
228 123
228 122
228 121
227 120
227 119
227 118
226 117
226 116
226 115
225 114
225 113
225 112
224 111
224 110
223 109
223 108
222 107
222 106
221 105
221 104
220 103
220 102
219 101
219 100
218 99
218 98
217 97
216 96
216 95
215 94
214 93
213 92
213 91
212 90
211 89
210 88
210 87
209 86
208 85
207 84
206 83
205 82
204 81
203 80
202 79
201 78
200 77
199 77
198 76
197 75
196 74
195 73
194 73
193 72
192 71
191 71
190 70
189 69
188 69
187 68
186 68
185 67
184 67
183 66
182 66
181 65
180 65
179 64
178 64
177 63
176 63
175 63
174 62
173 62
172 61
171 61
170 61
169 61
168 60
167 60
166 60
165 59
164 59
163 59
162 59
161 59
160 58
159 58
158 58
157 58
156 58
155 58
154 57
153 57
152 57
151 57
150 57
149 57
148 57
147 57
146 57
145 57
144 57
143 57
142 57
141 57
140 57
139 57
138 57
137 57
136 57
135 58
134 58
133 58
132 58
131 58
130 58
129 59
128 59
127 59
126 59
125 59
124 60
123 60
122 60
121 59
121 58
121 57
121 56
121 55
121 54
121 53
121 52
121 51
121 50
121 49
121 48
122 47
122 46
123 45
123 44
124 43
125 42
126 41
127 40
127 39
128 38
129 37
130 36
131 35
132 34
133 34
133 33
134 32
135 31
136 31
137 30
138 29
139 29
140 28
141 27
142 27
143 27
144 26
145 25
146 25
147 24
148 24
149 24
150 23
151 23
152 23
153 23
154 23
155 23
154 22
154 21
153 20
152 21
151 21
150 21
149 21
148 21
147 22
146 22
145 23
144 23
143 23
142 24
141 25
140 25
139 26
138 26
137 26
136 26
135 27
134 28
133 29
132 29
131 30
130 30
129 31
128 31
127 31
126 32
125 33
124 34
123 35
122 36
122 37
121 38
120 39
120 40
119 41
118 42
118 43
118 44
117 45
116 44
116 43
116 42
116 41
116 40
116 39
116 38
116 37
116 36
116 35
116 34
116 33
115 32
115 31
115 30
115 29
114 28
114 27
114 26
113 25
113 24
112 23
112 22
111 21
111 20
111 19
110 18
109 17
109 16
108 15
107 14
106 13
105 12
104 11
103 10
102 9
101 8
100 7
99 7
98 6
97 6
96 5
95 5
94 4
93 4
92 4
91 4
90 4
89 4
88 4
87 4
86 4
85 4
84 4
83 4
82 4
81 4
80 4
