110 10
109 11
108 11
107 11
106 12
105 12
104 13
103 13
102 14
101 15
100 16
100 17
99 18
99 19
98 20
98 21
97 22
97 23
97 24
96 25
96 26
96 27
96 28
95 29
95 30
94 31
93 30
93 29
92 28
92 27
92 26
91 25
90 24
89 23
89 22
88 21
87 20
86 19
85 18
84 17
83 16
82 15
81 15
80 15
79 14
78 14
77 14
76 13
75 13
74 12
73 12
72 12
71 11
70 11
69 11
68 11
67 11
66 11
65 11
64 11
63 11
62 11
61 11
60 11
59 11
58 11
57 11
56 11
55 11
54 12
53 12
52 13
51 13
50 14
49 15
48 16
48 17
48 18
49 19
50 20
51 20
52 21
53 22
54 22
55 22
56 23
57 23
58 23
59 24
60 24
61 25
62 25
63 25
64 26
65 26
66 27
67 27
68 28
69 29
70 29
71 30
72 31
73 31
74 31
75 32
76 33
77 34
78 35
79 36
80 37
81 38
81 39
82 40
83 41
84 42
85 43
86 43
87 43
88 44
89 45
90 45
91 46
92 46
93 46
94 45
95 46
95 47
95 48
95 49
94 50
93 50
92 49
91 49
90 49
89 49
88 49
87 49
86 48
85 48
84 48
83 48
82 48
81 48
80 48
79 48
78 48
77 48
76 48
75 48
74 48
73 48
72 48
71 48
70 48
69 49
68 49
67 49
66 49
65 49
64 49
63 50
62 50
61 50
60 50
59 51
58 51
57 51
56 52
55 52
54 52
53 53
52 53
51 54
50 54
49 54
48 55
47 55
46 56
45 56
44 57
43 58
42 58
41 59
40 59
39 60
38 61
37 61
36 62
35 63
34 64
33 65
32 65
31 66
30 67
29 68
28 69
27 70
26 71
25 72
24 73
23 74
23 75
22 76
21 77
20 78
19 79
19 80
18 81
17 82
17 83
16 84
15 85
15 86
14 87
14 88
13 89
13 90
12 91
12 92
11 93
11 94
10 95
10 96
9 97
9 98
9 99
8 100
8 101
7 102
7 103
7 104
6 105
6 106
6 107
6 108
5 109
5 110
5 111
5 112
4 113
4 114
4 115
4 116
3 117
3 118
3 119
3 120
3 121
3 122
3 123
3 124
2 125
2 126
2 127
2 128
2 129
2 130
2 131
2 132
2 133
2 134
2 135
2 136
2 137
2 138
2 139
2 140
2 141
2 142
2 143
3 144
3 145
3 146
3 147
3 148
3 149
3 150
3 151
4 152
4 153
4 154
4 155
5 156
5 157
5 158
5 159
6 160
6 161
6 162
6 163
7 164
7 165
7 166
8 167
8 168
9 169
9 170
9 171
10 172
10 173
11 174
11 175
12 176
12 177
13 178
13 179
14 180
14 181
15 182
15 183
16 184
17 185
17 186
18 187
19 188
19 189
20 190
21 191
22 192
23 193
23 194
24 195
25 196
26 197
27 198
28 199
29 200
30 201
31 202
32 203
33 203
34 204
35 205
36 206
37 207
38 207
39 208
40 209
41 209
42 210
43 210
44 211
45 212
46 212
47 213
48 213
49 214
50 214
51 214
52 215
53 215
54 216
55 216
56 216
57 217
58 217
59 217
60 218
61 218
62 218
63 218
64 219
65 219
66 219
67 219
68 219
69 219
70 220
71 220
72 220
73 220
74 220
75 220
76 220
77 220
78 220
79 220
80 220
81 220
82 220
83 220
84 220
85 220
86 220
87 219
88 219
89 219
90 219
91 219
92 219
93 218
94 218
95 218
96 218
97 217
98 217
99 217
100 216
101 216
102 216
103 216
104 216
105 216
106 217
107 217
108 217
109 217
110 217
111 217
112 218
113 218
114 218
115 218
116 218
117 218
118 218
119 218
120 218
121 218
122 218
123 218
124 218
125 218
126 218
127 217
128 217
129 217
130 217
131 217
132 217
133 216
134 216
135 216
136 215
137 215
138 215
139 214
140 214
141 214
142 213
143 213
144 212
145 212
146 211
147 211
148 210
149 210
150 209
151 209
152 208
153 207
154 207
155 206
156 205
157 204
158 204
159 203
160 202
161 201
162 200
163 199
164 198
165 197
166 196
167 195
168 194
168 193
169 192
170 191
171 190
172 189
172 188
173 187
174 186
174 185
175 184
175 183
176 182
177 181
177 180
178 179
178 178
179 177
179 176
180 175
180 174
181 173
181 172
181 171
182 170
182 169
183 168
183 167
183 166
184 165
184 164
184 163
185 162
185 161
185 160
185 159
186 158
186 157
186 156
186 155
187 154
187 153
187 152
187 151
187 150
188 149
188 148
188 147
188 146
188 145
188 144
188 143
189 142
189 141
189 140
189 139
189 138
189 137
189 136
189 135
189 134
189 133
189 132
189 131
189 130
189 129
189 128
189 127
189 126
189 125
189 124
189 123
189 122
188 121
188 120
188 119
188 118
188 117
188 116
188 115
187 114
187 113
187 112
187 111
187 110
186 109
186 108
186 107
186 106
185 105
185 104
185 103
185 102
184 101
184 100
184 99
183 98
183 97
183 96
182 95
182 94
181 93
181 92
181 91
180 90
180 89
179 88
179 87
178 86
178 85
177 84
177 83
176 82
175 81
175 80
174 79
174 78
173 77
172 76
172 75
171 74
170 73
169 72
168 71
168 70
167 69
166 68
165 67
164 66
163 65
162 64
161 63
160 62
159 61
158 60
157 60
156 59
155 58
154 57
153 57
152 56
151 55
150 55
149 54
148 54
147 53
146 53
145 52
144 52
143 51
142 51
141 50
140 50
139 50
138 49
137 49
136 49
135 48
134 48
133 48
132 47
131 47
130 47
129 47
128 47
127 47
126 46
125 46
124 46
123 46
122 46
121 46
120 46
119 46
118 46
117 46
116 46
115 46
114 46
113 46
112 46
111 47
110 47
109 47
108 47
107 47
106 47
105 48
104 48
103 48
102 49
101 49
100 49
99 48
99 47
99 46
98 45
98 44
98 43
98 42
98 41
98 40
98 39
98 38
98 37
98 36
98 35
98 34
98 33
98 32
98 31
98 30
98 29
98 28
99 27
99 26
99 25
100 24
100 23
101 22
102 21
102 20
103 19
104 18
105 17
106 16
107 15
108 15
109 14
110 14
111 13
112 13
113 13
114 13
115 13
115 12
115 11
115 10
114 10
113 10
112 10
111 10
