75 17
74 18
73 19
73 20
73 21
73 22
73 23
73 24
73 25
73 26
73 27
73 28
73 29
74 30
74 31
75 32
75 33
75 34
76 35
77 36
78 37
78 38
78 39
79 40
80 41
81 42
81 43
82 44
83 45
83 46
84 47
84 48
85 49
86 50
87 51
88 51
89 52
90 53
91 54
92 54
93 55
94 56
95 56
96 56
97 57
98 58
99 59
98 60
97 60
96 60
95 60
94 60
93 60
92 61
91 61
90 61
89 61
88 62
87 62
86 62
85 62
84 63
83 63
82 63
81 64
80 64
79 64
78 65
77 65
76 65
75 66
74 66
73 67
72 67
71 67
70 68
69 68
68 69
67 69
66 70
65 70
64 71
63 71
62 72
61 72
60 73
59 74
58 74
57 75
56 75
55 76
54 77
53 77
52 78
51 79
50 80
49 80
48 81
47 82
46 83
45 83
44 84
43 85
42 86
41 87
40 88
39 89
38 90
37 91
36 92
35 93
34 94
33 95
33 96
32 97
31 98
30 99
30 100
29 101
28 102
27 103
27 104
26 105
26 106
25 107
24 108
24 109
23 110
23 111
22 112
22 113
21 114
21 115
20 116
20 117
19 118
19 119
19 120
18 121
18 122
18 123
17 124
17 125
17 126
16 127
16 128
16 129
15 130
15 131
15 132
15 133
15 134
14 135
14 136
14 137
14 138
14 139
14 140
13 141
13 142
13 143
13 144
13 145
13 146
13 147
13 148
13 149
13 150
13 151
13 152
13 153
13 154
13 155
13 156
13 157
13 158
13 159
14 160
14 161
14 162
14 163
14 164
14 165
15 166
15 167
15 168
15 169
15 170
16 171
16 172
16 173
17 174
17 175
17 176
18 177
18 178
18 179
19 180
19 181
19 182
20 183
20 184
21 185
21 186
22 187
22 188
23 189
23 190
24 191
24 192
25 193
26 194
26 195
27 196
27 197
28 198
29 199
30 200
30 201
31 202
32 203
33 204
33 205
34 206
35 207
36 208
37 209
38 210
39 211
40 212
41 213
42 214
43 215
44 216
45 217
46 217
47 218
48 219
49 220
50 220
51 221
52 222
53 223
54 223
55 224
56 225
57 225
58 226
59 226
60 227
61 228
62 228
63 229
64 229
65 230
66 230
67 231
68 231
69 232
70 232
71 233
72 233
73 233
74 234
75 234
76 235
77 235
78 235
79 236
80 236
81 236
82 237
83 237
84 237
85 238
86 238
87 238
88 238
89 239
90 239
91 239
92 239
93 240
94 240
95 240
96 240
97 240
98 240
99 241
100 241
101 241
102 241
103 241
104 241
105 241
106 241
107 242
108 242
109 242
110 242
111 242
112 242
113 242
114 242
115 242
116 242
117 242
118 242
119 242
120 242
121 242
122 242
123 242
124 242
125 242
126 242
127 242
128 241
129 241
130 241
131 241
132 241
133 241
134 241
135 241
136 240
137 240
138 240
139 240
140 240
141 240
142 239
143 239
144 239
145 239
146 238
147 238
148 238
149 238
150 237
151 237
152 237
153 236
154 236
155 236
156 235
157 235
158 235
159 234
160 234
161 233
162 233
163 233
164 232
165 232
166 231
167 231
168 230
169 230
170 229
171 229
172 228
173 228
174 227
175 226
176 226
177 225
178 225
179 224
180 223
181 223
182 222
183 221
184 220
185 220
186 219
187 218
188 217
189 217
190 216
191 215
192 214
193 213
194 212
195 211
196 210
197 209
198 208
199 207
200 206
201 205
201 204
202 203
203 202
204 201
204 200
205 199
206 198
207 197
207 196
208 195
208 194
209 193
210 192
210 191
211 190
211 189
212 188
212 187
213 186
213 185
214 184
214 183
215 182
215 181
215 180
216 179
216 178
216 177
217 176
217 175
217 174
218 173
218 172
218 171
219 170
219 169
219 168
219 167
219 166
220 165
220 164
220 163
220 162
220 161
220 160
221 159
221 158
221 157
221 156
221 155
221 154
221 153
221 152
221 151
221 150
221 149
221 148
221 147
221 146
221 145
221 144
221 143
221 142
221 141
220 140
220 139
220 138
220 137
220 136
220 135
219 134
219 133
219 132
219 131
219 130
218 129
218 128
218 127
217 126
217 125
217 124
216 123
216 122
216 121
215 120
215 119
215 118
214 117
214 116
213 115
213 114
212 113
212 112
211 111
211 110
210 109
210 108
209 107
208 106
208 105
207 104
207 103
206 102
205 101
204 100
204 99
203 98
202 97
201 96
201 95
200 94
199 93
198 92
197 91
196 90
195 89
194 88
193 87
192 86
191 85
190 84
189 83
188 83
187 82
186 81
185 80
184 80
183 79
182 78
181 77
180 77
179 76
178 75
177 75
176 74
175 74
174 73
173 72
172 72
171 71
170 71
169 70
168 70
167 69
166 69
165 68
164 68
163 67
162 67
161 67
160 66
159 66
158 65
157 65
156 65
155 64
154 64
153 64
152 63
151 63
150 63
149 62
148 62
147 62
146 62
145 61
144 61
143 61
142 61
141 60
140 60
139 60
138 60
137 60
136 60
135 59
134 59
133 59
132 59
131 59
130 59
129 59
128 59
127 58
126 58
125 58
124 58
123 58
122 57
122 56
122 55
122 54
122 53
122 52
123 51
123 50
123 49
123 48
123 47
124 46
124 45
124 44
125 43
126 42
126 41
127 40
128 39
129 38
129 37
130 36
131 35
132 34
133 34
133 33
134 32
135 32
136 31
137 30
138 30
139 29
140 29
141 29
142 28
143 28
144 28
145 27
146 27
147 27
148 27
149 27
150 26
151 26
152 26
151 26
150 26
149 26
148 26
147 26
146 26
145 26
144 26
143 26
142 26
141 26
140 26
139 26
138 26
137 27
136 27
135 28
134 28
133 28
132 29
131 29
130 30
129 30
128 31
127 32
126 33
125 33
124 34
124 35
123 36
122 37
121 38
120 39
120 40
120 41
119 42
119 43
118 44
118 45
117 46
116 47
116 48
115 49
115 50
115 51
114 52
114 53
113 54
112 53
112 52
112 51
112 50
112 49
112 48
112 47
112 46
112 45
111 44
111 43
111 42
110 41
109 40
108 39
108 38
107 37
106 36
106 35
105 34
104 33
103 33
102 32
101 31
100 30
99 29
98 28
97 27
96 26
95 25
94 25
93 24
92 23
91 23
90 22
89 21
88 21
87 20
86 20
85 19
84 19
83 19
82 18
81 18
80 17
79 17
78 17
77 17
76 17
