146 14
145 15
144 15
143 15
142 15
141 15
140 16
139 17
138 17
137 17
136 17
135 17
134 18
133 18
132 18
131 19
130 19
129 20
128 20
127 21
126 21
125 22
124 23
123 24
122 25
122 26
121 27
120 28
120 29
119 30
119 31
118 32
118 33
117 34
116 35
116 36
116 37
115 38
115 39
115 40
115 41
114 42
114 43
114 44
113 45
113 46
112 47
111 46
111 45
110 44
110 43
110 42
110 41
110 40
109 39
109 38
108 37
108 36
107 35
107 34
106 33
105 32
104 31
103 30
103 29
102 28
101 27
101 26
101 25
100 24
99 23
98 22
97 22
96 21
95 21
94 21
94 22
95 23
95 24
96 25
97 26
98 27
99 28
100 29
101 30
102 31
102 32
103 33
103 34
104 35
104 36
104 37
105 38
106 39
106 40
106 41
107 42
108 43
108 44
108 45
109 46
109 47
109 48
109 49
109 50
109 51
109 52
109 53
109 54
109 55
109 56
109 57
108 58
107 58
106 58
105 58
104 58
103 58
102 58
101 58
100 58
99 58
98 58
97 58
96 58
95 58
94 58
93 58
92 58
91 58
90 59
89 59
88 59
87 59
86 59
85 59
84 59
83 60
82 60
81 60
80 60
79 60
78 61
77 61
76 61
75 61
74 62
73 62
72 62
71 63
70 63
69 63
68 64
67 64
66 64
65 65
64 65
63 66
62 66
61 67
60 67
59 67
58 68
57 68
56 69
55 70
54 70
53 71
52 71
51 72
50 72
49 73
48 74
47 74
46 75
45 76
44 77
43 77
42 78
41 79
40 80
39 81
38 82
37 82
36 83
35 84
34 85
33 86
32 87
31 88
31 89
30 90
29 91
28 92
27 93
26 94
26 95
25 96
24 97
23 98
23 99
22 100
21 101
21 102
20 103
20 104
19 105
19 106
18 107
17 108
17 109
16 110
16 111
16 112
15 113
15 114
14 115
14 116
13 117
13 118
13 119
12 120
12 121
12 122
11 123
11 124
11 125
10 126
10 127
10 128
10 129
9 130
9 131
9 132
9 133
9 134
8 135
8 136
8 137
8 138
8 139
8 140
8 141
7 142
7 143
7 144
7 145
7 146
7 147
7 148
7 149
7 150
7 151
7 152
7 153
7 154
7 155
7 156
7 157
7 158
7 159
7 160
8 161
8 162
8 163
8 164
8 165
8 166
8 167
9 168
9 169
9 170
9 171
9 172
10 173
10 174
10 175
10 176
11 177
11 178
11 179
12 180
12 181
12 182
13 183
13 184
13 185
14 186
14 187
15 188
15 189
16 190
16 191
16 192
17 193
17 194
18 195
19 196
19 197
20 198
20 199
21 200
21 201
22 202
23 203
23 204
24 205
25 206
26 207
26 208
27 209
28 210
29 211
30 212
31 213
31 214
32 215
33 216
34 217
35 218
36 219
37 220
38 220
39 221
40 222
41 223
42 224
43 225
44 225
45 226
46 227
47 228
48 228
49 229
50 230
51 230
52 231
53 231
54 232
55 232
56 233
57 234
58 234
59 235
60 235
61 235
62 236
63 236
64 237
65 237
66 238
67 238
68 238
69 239
70 239
71 239
72 240
73 240
74 240
75 241
76 241
77 241
78 241
79 242
80 242
81 242
82 242
83 242
84 243
85 243
86 243
87 243
88 243
89 243
90 243
91 244
92 244
93 244
94 244
95 244
96 244
97 244
98 244
99 244
100 244
101 244
102 244
103 244
104 244
105 244
106 244
107 244
108 244
109 244
110 243
111 243
112 243
113 243
114 243
115 244
116 244
117 244
118 244
119 244
120 244
121 244
122 244
123 244
124 244
125 244
126 244
127 244
128 244
129 244
130 244
131 244
132 244
133 244
134 243
135 243
136 243
137 243
138 243
139 243
140 243
141 243
142 242
143 242
144 242
145 242
146 242
147 241
148 241
149 241
150 241
151 240
152 240
153 240
154 239
155 239
156 239
157 238
158 238
159 238
160 237
161 237
162 236
163 236
164 236
165 235
166 235
167 234
168 234
169 233
170 233
171 232
172 232
173 231
174 230
175 230
176 229
177 229
178 228
179 227
180 227
181 226
182 225
183 224
184 224
185 223
186 222
187 221
188 220
189 220
190 219
191 218
192 217
193 216
194 215
195 214
196 213
197 212
198 211
198 210
199 209
200 208
201 207
202 206
202 205
203 204
204 203
204 202
205 201
206 200
206 199
207 198
208 197
208 196
209 195
209 194
210 193
210 192
211 191
211 190
212 189
212 188
213 187
213 186
213 185
214 184
214 183
215 182
215 181
215 180
216 179
216 178
216 177
216 176
217 175
217 174
217 173
218 172
218 171
218 170
218 169
218 168
219 167
219 166
219 165
219 164
219 163
219 162
219 161
220 160
220 159
220 158
220 157
220 156
220 155
220 154
220 153
220 152
220 151
220 150
220 149
220 148
220 147
220 146
220 145
220 144
220 143
220 142
219 141
219 140
219 139
219 138
219 137
219 136
219 135
218 134
218 133
218 132
218 131
218 130
217 129
217 128
217 127
216 126
216 125
216 124
216 123
215 122
215 121
215 120
214 119
214 118
213 117
213 116
213 115
212 114
212 113
211 112
211 111
210 110
210 109
209 108
209 107
208 106
208 105
207 104
206 103
206 102
205 101
204 100
204 99
203 98
202 97
202 96
201 95
200 94
199 93
198 92
198 91
197 90
196 89
195 88
194 87
193 86
192 85
191 84
190 83
189 82
188 82
187 81
186 80
185 79
184 78
183 78
182 77
181 76
180 75
179 75
178 74
177 73
176 73
175 72
174 72
173 71
172 70
171 70
170 69
169 69
168 68
167 68
166 67
165 67
164 66
163 66
162 66
161 65
160 65
159 64
158 64
157 64
156 63
155 63
154 63
153 62
152 62
151 62
150 61
149 61
148 61
147 61
146 60
145 60
144 60
143 60
142 60
141 59
140 59
139 59
138 59
137 59
136 59
135 59
134 59
133 58
132 58
131 58
130 58
129 58
128 57
129 56
130 55
131 54
132 54
133 53
134 52
135 51
136 50
137 49
138 49
139 48
140 47
141 46
141 45
142 44
143 44
144 43
145 42
145 41
146 40
147 39
148 38
148 37
148 36
149 35
150 34
150 33
151 32
151 31
151 30
152 29
152 28
153 27
153 26
153 25
154 24
155 23
155 22
156 21
157 20
157 19
157 18
157 17
157 16
156 15
155 14
154 14
153 14
152 14
151 14
150 14
149 14
148 14
147 14
