113 16
112 17
111 17
110 17
110 18
111 18
112 19
112 20
112 21
113 22
114 23
115 24
115 25
115 26
116 27
117 28
117 29
117 30
118 31
118 32
119 33
119 34
120 35
120 36
121 37
121 38
121 39
122 40
122 41
122 42
122 43
123 44
123 45
123 46
123 47
124 48
124 49
124 50
124 51
124 52
124 53
124 54
124 55
123 56
122 56
121 56
120 56
119 56
118 56
117 56
116 56
115 56
114 56
113 56
112 56
111 56
110 56
109 56
108 56
107 56
106 56
105 56
104 56
103 56
102 57
101 57
100 57
99 57
98 57
97 57
96 57
95 57
94 58
93 58
92 58
91 58
90 58
89 59
88 59
87 59
86 59
85 60
84 60
83 60
82 61
81 61
80 61
79 61
78 62
77 62
76 63
75 63
74 63
73 64
72 64
71 64
70 65
69 65
68 66
67 66
66 67
65 67
64 68
63 68
62 69
61 69
60 70
59 70
58 71
57 72
56 72
55 73
54 74
53 74
52 75
51 76
50 76
49 77
48 78
47 79
46 80
45 80
44 81
43 82
42 83
41 84
40 85
39 86
38 87
37 88
36 89
35 90
34 91
33 92
33 93
32 94
31 95
30 96
29 97
29 98
28 99
27 100
27 101
26 102
25 103
25 104
24 105
24 106
23 107
23 108
22 109
22 110
21 111
21 112
20 113
20 114
19 115
19 116
18 117
18 118
18 119
17 120
17 121
17 122
16 123
16 124
16 125
15 126
15 127
15 128
15 129
14 130
14 131
14 132
14 133
13 134
13 135
13 136
13 137
13 138
13 139
13 140
12 141
12 142
12 143
12 144
12 145
12 146
12 147
12 148
12 149
12 150
12 151
12 152
12 153
12 154
12 155
12 156
12 157
12 158
12 159
13 160
13 161
13 162
13 163
13 164
13 165
13 166
14 167
14 168
14 169
14 170
15 171
15 172
15 173
15 174
16 175
16 176
16 177
17 178
17 179
17 180
18 181
18 182
18 183
19 184
19 185
20 186
20 187
21 188
21 189
22 190
22 191
23 192
23 193
24 194
24 195
25 196
25 197
26 198
27 199
27 200
28 201
29 202
29 203
30 204
31 205
32 206
33 207
33 208
34 209
35 210
36 211
37 212
38 213
39 214
40 215
41 216
42 217
43 218
44 219
45 220
46 220
47 221
48 222
49 223
50 224
51 224
52 225
53 226
54 226
55 227
56 228
57 228
58 229
59 230
60 230
61 231
62 231
63 232
64 232
65 233
66 233
67 234
68 234
69 235
70 235
71 236
72 236
73 236
74 237
75 237
76 237
77 238
78 238
79 239
80 239
81 239
82 239
83 240
84 240
85 240
86 241
87 241
88 241
89 241
90 242
91 242
92 242
93 242
94 242
95 243
96 243
97 243
98 243
99 243
100 243
101 243
102 243
103 244
104 244
105 244
106 244
107 244
108 244
109 244
110 244
111 244
112 244
113 244
114 244
115 244
116 244
117 244
118 244
119 244
120 244
121 244
122 244
123 244
124 243
125 243
126 243
127 243
128 243
129 243
130 243
131 244
132 244
133 244
134 244
135 244
136 244
137 244
138 244
139 244
140 244
141 244
142 244
143 244
144 244
145 244
146 244
147 244
148 244
149 244
150 244
151 244
152 243
153 243
154 243
155 243
156 243
157 243
158 243
159 242
160 242
161 242
162 242
163 242
164 241
165 241
166 241
167 241
168 240
169 240
170 240
171 239
172 239
173 239
174 238
175 238
176 238
177 237
178 237
179 237
180 236
181 236
182 235
183 235
184 234
185 234
186 233
187 233
188 232
189 232
190 231
191 231
192 230
193 229
194 229
195 228
196 228
197 227
198 226
199 225
200 225
201 224
202 223
203 222
204 222
205 221
206 220
207 219
208 218
209 217
210 216
211 215
212 214
213 213
214 212
215 211
216 210
217 209
217 208
218 207
219 206
220 205
221 204
221 203
222 202
223 201
223 200
224 199
224 198
225 197
226 196
226 195
227 194
227 193
228 192
228 191
229 190
229 189
230 188
230 187
231 186
231 185
231 184
232 183
232 182
233 181
233 180
233 179
234 178
234 177
234 176
235 175
235 174
235 173
235 172
236 171
236 170
236 169
236 168
236 167
237 166
237 165
237 164
237 163
237 162
237 161
237 160
238 159
238 158
238 157
238 156
238 155
238 154
238 153
238 152
238 151
238 150
238 149
238 148
238 147
238 146
238 145
238 144
238 143
238 142
238 141
237 140
237 139
237 138
237 137
237 136
237 135
237 134
236 133
236 132
236 131
236 130
236 129
235 128
235 127
235 126
235 125
234 124
234 123
234 122
233 121
233 120
233 119
232 118
232 117
231 116
231 115
231 114
230 113
230 112
229 111
229 110
228 109
228 108
227 107
227 106
226 105
226 104
225 103
224 102
224 101
223 100
223 99
222 98
221 97
221 96
220 95
219 94
218 93
217 92
217 91
216 90
215 89
214 88
213 87
212 86
211 85
210 84
209 83
208 82
207 81
206 80
205 79
204 78
203 78
202 77
201 76
200 75
199 75
198 74
197 73
196 72
195 72
194 71
193 71
192 70
191 69
190 69
189 68
188 68
187 67
186 67
185 66
184 66
183 65
182 65
181 64
180 64
179 63
178 63
177 63
176 62
175 62
174 62
173 61
172 61
171 61
170 60
169 60
168 60
167 59
166 59
165 59
164 59
163 58
162 58
161 58
160 58
159 58
158 57
157 57
156 57
155 57
154 57
153 57
152 57
151 56
150 56
149 56
148 56
147 56
146 56
145 56
144 56
143 56
142 56
141 56
140 56
139 56
138 56
137 56
136 56
135 56
134 55
134 54
134 53
135 52
136 52
137 52
138 51
139 50
140 50
141 50
142 50
143 49
144 49
145 48
146 48
147 48
148 47
149 47
150 47
151 46
152 46
153 45
154 45
155 45
156 45
157 44
158 44
159 43
160 43
161 43
162 42
163 42
164 41
165 40
166 40
167 39
168 38
169 38
170 37
170 36
171 35
172 34
172 33
173 32
173 31
174 30
174 29
175 28
175 27
175 26
176 25
176 24
176 23
176 22
176 21
176 20
176 19
175 18
174 18
173 18
172 18
171 18
170 18
169 18
168 18
167 18
166 18
165 18
164 19
163 19
162 19
161 20
160 20
159 20
158 21
157 21
156 21
155 22
154 22
153 23
152 23
151 23
150 24
149 25
148 25
147 26
146 26
145 27
144 28
143 29
142 30
141 31
140 32
139 33
139 34
138 35
137 36
137 37
136 38
136 39
135 40
135 41
135 42
134 43
134 44
134 45
134 46
134 47
134 48
133 49
133 50
132 51
131 52
130 52
129 51
129 50
129 49
128 48
128 47
128 46
128 45
128 44
127 43
127 42
127 41
127 40
126 39
126 38
125 37
125 36
125 35
125 34
124 33
124 32
123 31
123 30
123 29
122 28
121 27
120 26
120 25
119 24
119 23
118 22
117 21
117 20
116 20
115 19
115 18
114 17
