33 1
32 2
31 2
30 2
29 2
28 2
27 2
26 2
25 2
24 2
23 2
22 2
21 2
20 2
19 2
18 2
17 2
16 3
15 3
14 3
13 3
12 3
11 3
10 4
9 4
8 4
7 5
6 5
5 5
4 6
3 6
2 6
1 7
1 8
1 9
1 10
2 11
3 11
4 11
5 11
6 11
7 12
8 12
9 12
10 12
11 12
12 13
13 13
14 13
15 14
16 14
17 14
18 14
19 15
20 15
21 15
22 16
23 16
24 17
25 17
26 18
27 18
28 19
29 19
30 20
31 20
32 21
33 21
34 22
35 22
36 22
37 23
37 24
38 24
39 25
40 25
41 26
42 26
43 27
44 27
45 28
46 28
47 29
48 29
49 30
50 31
51 31
52 32
53 32
54 33
55 34
56 34
57 35
58 36
59 37
60 37
61 38
62 39
63 39
64 40
65 41
66 41
67 42
68 43
69 43
70 44
70 45
71 46
72 46
73 47
74 48
75 49
76 50
77 50
78 51
78 52
79 53
79 54
80 54
81 55
82 56
83 56
84 56
85 56
86 56
87 56
88 56
89 57
90 57
91 57
92 57
93 58
94 58
95 58
96 58
97 59
98 59
99 59
100 59
101 59
102 59
103 59
104 60
105 60
106 60
107 60
108 60
109 61
110 61
111 61
112 61
113 62
114 62
115 62
116 62
117 63
118 63
119 64
120 64
121 64
122 65
123 65
124 66
125 66
126 67
127 68
128 68
129 68
130 69
131 70
132 70
133 70
134 71
135 71
136 72
137 72
138 73
139 74
140 74
141 75
142 75
143 76
144 76
145 77
146 78
147 79
148 80
149 80
150 81
151 82
152 83
153 84
154 84
155 85
155 86
156 86
157 87
157 88
158 89
159 90
160 91
161 92
162 93
162 94
162 95
163 96
163 97
164 98
165 98
166 99
167 99
168 99
169 99
170 98
171 99
172 99
173 99
174 99
175 98
176 99
177 99
178 99
179 99
180 99
181 99
182 100
183 100
184 100
185 101
186 101
187 101
188 101
189 102
190 103
191 103
192 104
193 104
194 104
195 105
196 105
197 106
198 106
199 106
200 107
200 108
201 108
202 108
203 109
204 110
205 111
206 111
207 112
208 113
209 113
210 114
210 115
211 115
212 116
213 116
214 117
214 118
215 118
216 119
217 120
218 121
218 122
219 122
220 122
221 123
221 124
222 125
223 125
224 126
224 127
225 128
226 129
227 130
228 131
228 132
229 133
230 134
231 135
232 136
232 137
233 138
233 139
234 140
235 141
235 142
236 143
236 144
236 145
237 145
238 146
238 147
238 148
239 149
240 150
240 151
240 152
241 153
242 154
242 155
243 156
243 157
243 158
244 159
244 160
245 161
245 162
246 163
246 164
246 165
247 166
247 167
247 168
248 169
249 170
249 171
249 172
250 173
250 174
250 175
251 176
251 177
252 178
251 179
251 180
251 181
251 182
251 183
251 184
251 185
250 186
250 187
250 188
249 189
249 190
249 191
249 192
249 193
249 194
248 195
248 196
248 197
248 198
249 199
249 200
249 201
250 202
250 203
250 204
251 205
251 206
252 207
252 208
253 209
254 210
255 211
255 212
255 213
255 214
255 215
255 216
255 217
255 218
255 219
255 220
255 221
255 222
256 223
256 224
257 225
257 226
257 227
257 228
258 229
259 230
259 231
260 232
260 233
260 234
261 234
262 235
262 236
263 237
264 237
265 238
266 238
267 238
268 239
268 240
269 241
270 242
270 243
271 244
271 245
272 246
272 247
273 248
274 249
275 250
275 251
276 251
277 252
278 253
279 253
280 254
281 255
282 255
283 256
284 256
285 257
286 258
287 258
288 259
289 259
290 259
291 259
292 258
293 259
293 260
294 261
295 261
296 261
297 262
298 263
299 264
300 265
300 266
301 267
302 267
303 267
304 267
305 268
306 268
307 269
307 270
308 270
309 271
310 271
311 272
312 273
313 274
314 275
315 276
315 277
316 278
317 279
318 280
318 281
318 282
319 283
319 284
319 285
319 286
320 287
320 288
321 289
321 290
321 291
321 292
322 293
322 294
322 295
322 296
322 297
323 298
323 299
323 300
323 301
323 302
323 303
323 304
324 305
324 306
324 307
325 308
325 309
325 310
326 311
327 312
328 313
329 314
330 314
331 315
332 315
333 315
334 316
335 316
336 317
337 317
338 317
339 317
339 316
340 315
340 314
340 313
341 312
341 311
341 310
341 309
342 308
343 309
344 310
345 310
346 311
347 312
348 313
349 314
350 314
351 315
352 316
353 317
354 318
355 319
356 320
357 321
358 322
358 323
359 323
360 324
361 325
361 326
362 326
363 327
363 328
364 329
364 330
365 330
366 331
366 332
366 333
367 334
367 335
367 336
368 337
368 338
368 339
368 340
368 341
369 342
369 343
369 344
370 344
371 344
372 344
373 344
374 344
375 343
375 342
376 341
376 340
377 339
378 339
378 338
379 337
380 336
380 335
381 334
382 333
383 333
383 332
384 331
385 331
386 330
387 329
388 329
389 328
390 328
391 328
392 327
393 327
394 326
395 326
396 325
397 325
398 325
399 324
400 324
401 324
402 324
403 324
404 324
405 324
406 324
407 324
408 324
409 324
410 324
411 324
412 323
413 323
414 323
415 323
416 323
417 322
418 322
419 322
420 321
421 321
422 321
423 320
424 320
425 320
426 320
427 319
428 319
429 319
430 319
431 319
432 319
433 319
434 319
435 320
436 320
437 321
438 322
439 322
440 322
441 323
441 324
442 324
443 325
444 325
445 325
446 326
447 326
448 326
449 326
450 325
451 325
452 325
453 324
454 323
455 322
456 322
457 321
457 320
457 319
457 318
456 317
456 316
456 315
456 314
456 313
455 313
454 313
453 313
452 313
452 314
451 315
450 316
449 315
449 314
448 314
447 313
446 312
445 311
444 311
443 310
442 310
441 309
440 309
439 309
438 308
438 307
438 306
438 305
438 304
438 303
438 302
438 301
438 300
438 299
439 298
439 297
439 296
439 295
439 294
439 293
439 292
439 291
440 290
440 289
440 288
440 287
440 286
441 285
441 284
441 283
442 282
442 281
442 280
442 279
443 278
443 277
443 276
444 275
444 274
445 273
445 272
446 271
446 270
446 269
447 268
447 267
448 266
449 265
449 264
450 263
450 262
451 261
452 261
452 260
453 259
454 258
454 257
455 256
456 255
456 254
457 253
458 253
459 252
460 251
461 250
462 249
463 248
464 247
465 246
466 245
467 244
468 243
469 242
470 242
471 241
472 240
473 239
474 238
475 237
476 236
477 236
478 235
479 234
480 233
481 233
482 232
483 231
484 231
485 230
486 230
487 229
488 228
489 228
490 227
491 227
492 226
493 226
494 225
495 225
496 224
497 224
498 223
499 223
500 223
501 223
502 222
503 222
504 222
505 222
506 222
507 221
508 221
509 221
510 220
511 220
512 220
513 220
514 220
515 220
516 220
517 219
518 219
519 219
520 219
521 219
522 219
523 219
524 219
525 219
526 219
527 218
528 218
529 218
530 218
531 218
532 218
533 218
534 218
535 218
536 218
537 218
538 218
539 218
540 219
541 219
542 219
543 220
544 220
545 220
546 220
547 220
548 221
549 221
550 221
551 221
551 220
552 219
552 218
553 217
553 216
554 215
554 214
555 213
556 212
557 211
557 210
558 209
559 208
560 207
561 206
562 205
563 204
564 204
565 203
566 202
567 202
568 201
569 200
570 200
571 200
572 199
573 199
574 198
575 198
576 197
577 197
578 196
579 196
580 196
581 196
582 195
583 195
584 195
585 195
586 194
587 194
588 194
589 194
590 193
591 193
592 193
593 193
594 193
595 193
596 193
597 192
598 192
599 192
600 192
601 192
602 192
603 192
604 192
605 192
606 192
607 192
608 192
609 192
610 192
611 192
612 192
613 192
614 192
615 192
616 193
617 193
618 193
619 193
620 194
621 194
622 194
623 195
624 195
625 195
626 195
627 195
627 194
628 193
628 192
628 191
629 190
629 189
630 188
631 187
632 186
633 185
634 184
635 184
636 183
637 182
638 181
639 181
640 180
641 180
642 180
643 179
644 178
645 178
646 177
647 177
648 177
649 177
650 176
651 176
652 176
653 175
654 175
655 175
656 175
657 175
658 174
659 174
660 174
661 174
662 174
663 174
664 173
665 173
666 173
667 173
668 173
669 173
670 173
671 173
672 173
673 173
674 173
675 173
676 173
677 173
678 173
679 173
680 172
681 172
682 172
683 172
684 172
685 172
686 172
687 172
688 172
689 172
690 172
691 172
692 172
693 172
694 172
695 172
696 172
697 172
698 173
699 173
700 173
701 173
702 173
703 173
704 173
705 173
706 173
707 173
708 174
709 174
710 174
711 174
712 174
713 174
714 174
715 175
716 175
717 175
718 175
719 175
720 176
721 176
722 176
723 176
724 176
725 176
726 177
727 177
728 177
729 178
730 178
731 178
732 179
733 179
734 180
735 180
736 180
737 180
738 179
738 178
738 177
738 176
738 175
737 175
736 174
736 173
735 173
734 172
733 171
732 171
731 170
730 169
729 169
728 168
727 167
726 166
725 165
724 165
723 164
722 163
721 162
720 162
719 161
718 161
717 160
716 159
715 159
714 158
713 157
712 157
711 156
710 156
709 155
708 155
707 154
706 153
705 153
704 152
703 152
702 151
701 151
700 150
699 150
698 149
697 149
696 148
695 148
694 147
693 146
692 146
691 145
690 145
689 145
688 144
687 143
686 143
685 142
684 142
683 141
682 141
681 140
680 140
679 139
678 139
677 138
676 138
675 138
674 137
673 137
672 137
671 137
670 136
669 136
668 135
667 135
666 135
665 135
664 134
663 134
662 134
661 134
660 134
659 134
658 134
657 134
656 134
655 134
654 133
653 133
652 133
651 133
650 133
649 133
648 132
647 132
646 132
645 132
644 132
643 132
642 132
641 132
640 132
639 132
638 132
637 132
636 131
635 131
634 131
633 131
632 131
631 131
630 131
629 131
628 131
627 131
626 131
625 131
624 131
623 131
622 131
621 131
620 131
619 131
618 131
617 131
616 131
615 131
614 131
613 131
612 130
611 130
610 130
609 130
608 131
607 130
606 130
605 130
604 130
603 130
602 130
601 130
600 130
599 130
598 130
597 130
596 130
595 130
594 130
593 130
592 130
591 130
590 130
589 130
588 130
587 130
586 130
585 130
584 130
583 130
582 130
581 130
580 130
579 130
578 130
577 130
576 131
575 131
574 131
573 131
572 131
571 131
570 131
569 131
568 131
567 131
566 131
565 131
564 131
563 131
562 131
561 131
560 131
559 131
558 131
557 131
556 131
555 131
554 131
553 131
552 131
551 131
550 131
549 131
548 131
547 131
546 131
545 131
544 131
543 131
542 131
541 131
540 131
539 131
538 131
537 131
536 131
535 131
534 132
533 132
532 132
531 133
530 133
529 133
528 134
527 134
526 135
525 135
524 136
523 136
522 137
521 137
520 137
519 137
518 138
517 138
516 138
515 139
514 139
513 139
512 139
511 140
510 140
509 140
508 141
507 141
506 142
505 142
504 142
503 142
502 142
501 143
500 144
499 144
498 144
497 144
496 145
495 146
494 146
493 147
492 147
491 147
490 147
489 148
488 149
487 149
486 149
485 149
484 150
483 150
482 151
481 151
480 151
479 152
478 153
477 153
476 153
475 154
474 154
473 155
472 155
471 156
470 156
469 157
468 157
467 158
466 158
465 159
464 159
463 159
462 160
461 160
460 160
459 161
458 161
457 162
456 162
455 163
454 163
453 163
452 164
451 164
450 165
449 165
448 166
447 166
446 166
445 167
444 167
443 168
442 168
441 169
440 169
439 169
438 169
437 170
436 170
435 171
434 171
433 171
432 172
431 172
430 173
429 173
428 173
427 174
426 174
425 175
424 175
423 175
422 176
421 176
420 177
419 177
418 177
417 178
416 178
415 178
414 179
413 179
412 180
411 180
410 180
409 181
408 181
407 181
406 182
405 182
404 183
403 183
402 184
401 184
400 184
399 185
398 185
397 185
396 185
395 186
394 186
393 187
392 187
391 187
390 187
389 188
388 188
387 188
386 189
385 189
384 189
383 189
382 190
381 189
380 188
380 187
379 187
378 187
377 186
377 185
376 185
375 184
375 183
374 183
373 183
372 183
371 182
370 181
369 181
368 180
367 180
366 179
365 179
364 179
363 178
362 178
361 177
360 177
359 177
358 177
357 177
356 176
355 176
354 175
353 175
352 175
351 175
350 174
349 174
348 173
347 173
346 173
345 173
344 173
343 173
342 172
342 171
341 170
340 170
339 170
338 170
337 170
336 169
335 169
334 168
334 167
333 167
332 167
331 167
330 168
329 168
328 168
327 168
326 168
325 168
324 168
323 167
322 167
321 166
320 166
319 166
318 166
317 166
316 165
315 164
314 164
313 164
312 164
311 164
310 164
309 163
308 163
307 162
307 161
306 161
305 160
304 159
303 158
302 157
301 156
300 156
299 155
299 154
298 153
297 152
296 152
295 151
295 150
294 149
293 148
292 147
291 146
290 145
289 144
288 143
287 142
286 141
285 140
285 139
284 139
283 138
282 137
282 136
281 135
280 134
279 133
278 132
277 131
276 130
275 129
274 128
273 127
272 126
271 125
270 124
269 123
268 122
267 121
266 120
265 119
264 118
263 118
262 117
262 116
261 115
260 114
259 113
258 113
257 112
257 111
256 111
255 110
255 109
254 109
253 108
252 107
251 106
250 105
249 104
248 104
247 103
246 102
245 101
244 100
243 99
242 98
241 98
240 97
239 96
238 95
237 94
236 94
235 93
234 92
233 91
232 90
231 89
230 89
229 88
228 87
227 86
226 86
225 85
224 84
223 84
222 83
221 82
220 82
219 81
218 80
217 79
216 79
215 78
214 78
213 77
212 76
211 75
210 75
209 74
208 74
207 73
206 72
205 72
204 71
203 70
202 69
201 69
200 68
199 67
198 67
197 66
196 65
195 64
194 64
193 63
192 62
191 62
190 61
189 60
188 59
187 59
186 58
185 57
184 56
183 56
182 55
181 54
180 54
179 53
178 52
177 52
176 51
175 50
174 50
173 49
172 48
171 48
170 48
169 47
168 47
167 46
166 46
165 46
164 45
163 45
162 44
161 44
160 43
159 43
158 42
157 42
156 41
155 40
154 40
153 40
152 39
151 38
150 38
149 37
148 37
147 36
146 36
145 35
144 35
143 34
142 34
141 33
140 32
139 32
138 32
137 31
136 30
135 30
134 29
133 29
132 28
131 28
130 27
129 27
128 26
127 26
126 25
125 25
124 24
123 24
122 23
121 23
120 22
119 22
118 21
117 21
116 20
115 20
114 19
113 19
112 18
111 18
110 17
109 17
108 16
107 16
106 16
105 15
104 15
103 14
102 14
101 13
100 13
99 12
98 12
97 12
96 11
95 11
94 10
93 10
92 9
91 9
90 9
89 8
88 8
87 7
86 7
85 7
84 6
83 6
82 5
81 5
80 5
79 4
78 4
77 4
76 4
75 3
74 3
73 3
72 2
71 2
70 2
69 2
68 2
67 2
66 2
65 2
64 2
63 2
62 2
61 2
60 2
59 2
58 1
57 1
56 1
55 1
54 1
53 1
52 1
51 1
50 1
49 1
48 1
47 1
46 1
45 1
44 1
43 1
42 1
41 1
40 1
39 1
38 1
37 1
36 1
35 1
34 1
