93 1
92 2
91 2
90 2
89 2
88 2
87 2
86 2
85 2
84 3
83 3
82 3
81 3
80 3
79 3
78 3
77 4
76 4
75 4
74 4
73 4
72 5
71 5
70 5
69 5
68 5
67 5
66 5
65 5
64 6
63 6
62 6
61 6
60 7
59 7
58 7
57 7
56 7
55 7
54 8
53 8
52 8
51 8
50 9
49 9
48 9
47 9
46 9
45 10
44 10
43 10
42 11
41 11
40 11
39 11
38 11
37 12
36 12
35 12
34 13
33 13
32 13
31 13
30 14
29 14
28 14
27 15
26 15
25 16
24 16
23 17
22 17
21 18
20 18
19 18
18 19
17 20
16 20
15 21
14 21
14 22
13 23
12 23
11 24
10 25
9 26
8 27
7 28
6 29
6 30
5 31
4 32
4 33
3 34
2 35
2 36
2 37
2 38
2 39
3 39
4 39
5 39
6 38
7 38
8 39
9 39
10 39
11 39
12 39
13 39
14 39
15 39
16 40
17 40
18 41
19 42
20 42
21 42
22 43
23 43
24 44
25 45
25 46
26 46
27 47
28 48
29 49
30 49
31 50
32 51
32 52
33 53
34 54
35 55
35 56
36 57
37 58
38 59
39 60
39 61
40 62
40 63
41 64
41 65
41 66
42 67
43 68
43 69
43 70
44 71
44 72
44 73
44 74
44 75
44 76
45 77
45 78
45 79
46 80
46 81
46 82
46 83
46 84
47 85
48 86
49 86
50 86
51 86
52 86
53 86
54 86
55 87
56 87
57 87
58 87
59 88
60 88
61 88
62 88
63 89
64 89
65 89
66 89
67 90
68 91
69 91
70 92
71 93
72 93
73 94
74 94
75 95
76 96
77 96
78 97
79 97
80 98
81 99
82 100
83 101
84 101
85 102
86 103
87 104
88 105
89 105
90 106
91 107
92 108
93 109
94 110
94 111
94 112
95 112
96 113
96 114
97 115
98 116
98 117
99 118
99 119
100 120
101 121
102 122
102 123
103 124
104 125
104 126
104 127
105 128
105 129
106 130
107 131
107 132
108 133
108 134
108 135
108 136
109 137
109 138
109 139
109 140
110 141
110 142
110 143
110 144
111 145
111 146
111 147
111 148
112 149
112 150
112 151
112 152
112 153
112 154
112 155
112 156
112 157
113 158
113 159
113 160
113 161
113 162
113 163
113 164
113 165
113 166
114 167
114 168
114 169
114 170
115 171
115 172
115 173
115 174
116 175
117 175
118 175
119 175
120 174
120 173
121 172
122 171
123 171
124 171
125 170
126 170
127 169
128 169
129 169
130 169
131 169
132 169
133 169
134 169
135 169
136 169
137 170
138 170
139 170
140 170
141 170
142 171
143 171
144 172
145 172
146 172
147 173
148 174
149 174
150 175
151 175
152 176
153 177
154 177
155 178
156 179
157 179
158 180
159 181
160 182
161 182
162 183
162 184
163 184
164 185
165 186
166 187
167 188
167 189
168 190
169 191
170 192
171 193
171 194
172 194
173 195
173 196
174 197
174 198
175 199
175 200
176 201
176 202
177 203
178 204
178 205
179 206
179 207
180 208
180 209
181 210
181 211
182 212
182 213
182 214
183 215
183 216
184 217
184 218
185 219
185 220
185 221
185 222
185 223
186 224
186 225
186 226
187 227
187 228
187 229
187 230
188 231
188 232
188 233
188 234
188 235
188 236
188 237
189 238
189 239
189 240
189 241
189 242
189 243
189 244
189 245
189 246
189 247
189 248
189 249
189 250
189 251
189 252
189 253
189 254
189 255
189 256
189 257
189 258
188 259
188 260
188 261
188 262
188 263
188 264
188 265
188 266
187 267
187 268
187 269
186 270
185 271
184 272
184 273
183 274
182 275
182 276
181 277
180 277
179 277
178 276
177 276
176 276
175 276
174 275
173 275
172 275
171 275
170 275
169 275
168 276
167 276
166 277
166 278
165 279
165 280
164 281
163 282
163 283
163 284
163 285
164 286
164 287
164 288
163 289
163 290
163 291
163 292
164 292
165 293
166 294
167 295
167 296
167 297
168 298
169 299
169 300
170 300
171 300
172 300
173 300
174 300
175 300
176 300
177 300
178 300
179 300
180 300
180 299
180 298
180 297
179 296
178 295
178 294
178 293
179 292
180 291
181 291
182 291
183 291
184 291
185 290
186 290
187 289
188 289
189 289
190 288
191 288
192 287
193 287
194 287
195 287
196 287
197 288
198 289
198 290
198 291
199 292
199 293
200 294
200 295
200 296
200 297
201 298
201 299
201 300
201 301
201 302
202 303
202 304
202 305
202 306
202 307
203 308
203 309
203 310
204 311
204 312
205 313
205 314
205 315
205 316
205 317
205 318
205 319
205 320
206 321
206 322
206 323
206 324
206 325
206 326
206 327
206 328
206 329
206 330
206 331
206 332
206 333
206 334
206 335
206 336
206 337
206 338
206 339
206 340
207 341
207 342
207 343
207 344
207 345
207 346
207 347
208 348
208 349
207 350
207 351
207 352
207 353
207 354
207 355
207 356
208 357
207 358
207 359
207 360
207 361
207 362
207 363
208 364
208 365
208 366
209 367
209 368
209 369
209 370
209 371
209 372
209 373
210 374
210 375
210 376
210 377
210 378
210 379
211 380
211 381
212 382
212 383
212 384
212 385
213 386
213 387
213 388
214 389
214 390
215 391
216 391
217 391
218 391
218 390
218 389
218 388
218 387
218 386
218 385
218 384
218 383
218 382
219 381
219 380
219 379
219 378
220 377
220 376
220 375
220 374
221 373
221 372
221 371
222 370
222 369
223 368
223 367
223 366
224 365
224 364
224 363
225 362
225 361
226 360
226 359
226 358
227 357
227 356
228 355
228 354
229 353
230 352
230 351
230 350
231 349
232 348
232 347
233 346
234 345
234 344
235 343
235 342
235 341
236 340
237 340
238 339
238 338
239 337
239 336
240 335
240 334
241 333
242 333
242 332
242 331
243 330
244 329
244 328
245 327
246 327
246 326
247 325
248 325
249 324
250 323
250 322
251 321
252 321
253 320
254 319
255 318
256 317
257 317
257 316
258 315
259 315
260 314
261 313
262 312
263 311
264 311
264 310
265 309
266 309
267 308
268 307
269 307
270 306
271 306
272 305
273 305
274 304
275 303
276 303
277 303
278 302
279 302
280 301
281 301
282 301
283 300
284 300
285 300
286 300
287 300
288 299
289 299
289 298
290 297
291 297
291 296
292 295
293 294
294 293
294 292
295 291
296 291
297 290
298 289
299 289
300 288
301 287
302 287
303 287
304 286
305 286
306 286
307 287
308 287
309 288
309 289
310 290
310 291
311 292
311 293
312 294
312 295
313 296
313 297
314 298
314 299
314 300
315 301
315 302
314 303
314 304
314 305
314 306
315 307
315 308
316 308
317 308
318 308
319 308
320 308
321 308
322 308
323 308
324 308
325 308
326 307
327 307
328 306
328 305
328 304
329 303
329 302
329 301
330 300
330 299
330 298
330 297
330 296
330 295
330 294
330 293
330 292
330 291
330 290
329 289
328 288
328 287
327 286
326 286
325 285
325 284
325 283
325 282
325 281
326 280
326 279
327 278
328 277
328 276
329 275
330 274
330 273
331 272
332 271
333 270
333 269
334 268
335 268
336 267
337 266
338 265
338 264
339 263
340 263
341 262
342 261
343 260
344 259
345 258
346 257
347 256
348 255
349 254
350 253
351 252
352 251
353 251
354 250
355 249
356 248
357 248
358 247
359 246
360 245
361 245
362 244
363 243
364 243
365 242
366 241
367 241
368 240
369 239
370 239
371 238
372 238
373 237
374 237
375 236
376 236
377 235
378 235
379 235
379 234
380 233
381 233
382 233
383 233
384 232
385 232
386 232
387 231
388 230
389 230
390 230
391 230
392 229
393 229
394 229
395 228
396 228
397 228
398 227
399 227
400 227
401 227
402 226
403 226
404 226
405 226
406 225
407 225
408 225
409 225
410 225
411 224
412 224
413 224
414 224
415 224
416 224
417 223
418 223
419 223
420 223
421 223
422 223
423 223
424 223
425 223
426 223
427 223
428 222
429 223
430 223
431 223
432 223
433 223
434 223
435 223
436 223
437 223
438 223
439 223
440 224
441 224
442 224
443 224
444 224
445 225
446 225
447 225
448 225
449 225
450 225
451 226
452 226
453 226
454 226
455 227
456 228
457 228
458 228
459 229
460 229
461 229
462 230
463 230
464 230
465 231
466 232
467 232
468 233
469 233
470 233
471 234
472 235
473 235
474 236
475 237
476 238
477 239
478 240
479 241
480 242
481 242
482 242
483 242
484 241
485 241
485 240
486 239
487 238
487 237
488 236
489 236
489 235
489 234
490 233
491 232
491 231
492 230
493 229
493 228
494 227
494 226
495 225
496 224
497 223
497 222
498 221
498 220
499 219
500 218
500 217
501 216
502 215
502 214
503 213
504 212
504 211
505 210
506 209
506 208
507 207
508 207
508 206
509 205
510 204
511 203
511 202
512 201
513 201
513 200
514 199
515 198
516 197
517 196
518 195
519 194
520 193
521 193
521 192
522 191
523 190
524 189
525 188
526 188
527 187
528 186
529 185
530 184
531 183
532 183
533 182
534 181
535 180
536 180
537 179
538 178
539 178
540 177
541 176
542 175
543 175
544 174
545 174
546 173
547 172
548 172
549 171
550 170
551 170
552 170
553 169
554 168
555 168
556 167
557 167
558 166
559 165
560 165
561 165
562 164
563 164
564 163
565 163
566 162
567 162
568 161
569 161
570 161
571 160
572 160
573 159
574 159
575 159
576 159
577 158
578 158
579 158
580 158
581 158
582 158
583 158
584 157
585 157
586 157
587 157
588 157
589 157
590 158
591 158
592 158
593 158
594 158
595 158
596 159
597 159
598 159
599 159
600 160
601 161
602 161
603 161
604 161
605 161
606 161
607 160
607 159
607 158
608 157
608 156
608 155
609 154
609 153
610 152
611 152
612 151
612 150
613 149
614 149
615 148
616 147
617 146
618 145
619 145
619 144
620 143
621 143
622 142
622 141
623 140
624 140
625 140
626 139
627 139
628 138
629 137
630 137
631 137
632 136
633 135
634 135
635 134
636 134
637 134
638 134
639 134
640 133
641 133
642 133
643 133
644 133
645 133
646 133
647 133
648 132
649 132
650 132
651 132
652 132
653 132
654 132
655 132
656 132
657 132
658 132
659 132
659 131
659 130
659 129
659 128
659 127
658 126
658 125
657 124
656 123
655 122
655 121
654 120
653 119
652 118
652 117
651 117
650 116
649 115
649 114
648 114
647 113
646 112
646 111
645 110
644 110
643 109
642 108
641 108
640 107
639 106
638 105
637 104
636 104
635 103
634 102
633 102
632 101
631 101
630 100
629 99
628 99
627 98
626 98
625 97
624 97
623 96
622 96
621 95
620 95
619 94
618 93
617 93
616 93
615 92
614 92
613 91
612 91
611 90
610 90
609 89
608 89
607 88
606 88
605 88
604 87
603 87
602 86
601 86
600 85
599 85
598 85
597 84
596 84
595 83
594 83
593 83
592 82
591 82
590 82
589 81
588 81
587 81
586 80
585 80
584 79
583 79
582 79
581 79
580 79
579 78
578 78
577 78
576 78
575 78
574 78
573 77
572 77
571 77
570 77
569 77
568 77
567 77
566 77
565 77
564 76
563 76
562 76
561 76
560 76
559 76
558 76
557 76
556 76
555 76
554 76
553 76
552 76
551 75
550 75
549 75
548 75
547 75
546 75
545 76
544 76
543 76
542 76
541 76
540 76
539 76
538 76
537 76
536 76
535 76
534 76
533 76
532 76
531 76
530 76
529 77
528 77
527 77
526 77
525 77
524 77
523 77
522 77
521 77
520 78
519 78
518 78
517 78
516 78
515 78
514 78
513 78
512 78
511 79
510 79
509 79
508 79
507 79
506 79
505 79
504 80
503 80
502 80
501 80
500 80
499 81
498 81
497 81
496 81
495 81
494 81
493 82
492 82
491 82
490 82
489 81
489 80
489 79
489 78
490 77
491 77
492 77
493 77
493 76
493 75
493 74
493 73
493 72
492 72
491 71
490 71
489 71
488 71
487 71
486 71
485 72
484 72
483 73
483 74
482 75
482 76
481 77
481 78
481 79
481 80
481 81
481 82
481 83
481 84
480 85
479 85
478 86
477 86
476 87
475 87
474 87
473 88
472 88
471 89
470 90
469 91
468 91
467 92
466 93
465 94
464 95
463 96
462 97
461 98
460 98
459 99
458 99
457 100
456 100
455 101
454 101
453 102
452 102
451 103
450 104
449 104
448 105
447 106
446 107
445 107
444 108
443 109
442 109
441 110
440 111
439 111
438 112
437 113
436 113
435 114
434 115
433 116
432 116
432 117
431 118
430 118
429 119
429 120
428 121
427 120
427 119
427 118
428 117
428 116
428 115
428 114
428 113
428 112
428 111
427 111
426 111
425 111
424 111
423 111
422 111
422 112
421 113
420 113
419 113
418 113
417 113
416 112
415 111
414 111
413 110
412 109
411 109
410 108
409 108
408 108
407 108
406 107
406 106
405 106
404 106
403 106
402 105
401 105
400 105
399 104
398 103
397 103
396 103
395 103
394 102
393 102
392 102
391 102
390 101
389 101
388 100
387 99
386 99
385 98
384 98
383 98
382 98
381 98
380 98
379 98
378 98
377 98
376 98
375 99
374 99
373 99
372 99
371 99
370 99
369 99
368 99
367 99
366 99
365 100
364 100
363 100
362 101
361 101
360 101
359 101
358 101
358 102
357 103
356 103
355 103
354 103
353 103
353 104
352 105
351 105
350 106
349 106
348 106
347 106
346 107
345 107
344 107
344 108
343 109
342 109
342 110
341 111
340 111
339 111
338 111
337 112
336 113
335 113
334 114
333 114
332 115
331 116
330 116
330 117
329 118
328 118
327 118
326 119
326 120
325 121
324 121
323 122
322 122
322 123
321 124
320 124
319 125
318 126
317 127
316 127
315 128
314 129
313 129
313 130
312 131
311 131
310 132
309 132
308 133
307 133
307 134
306 135
305 135
305 136
304 137
303 137
302 137
301 138
300 139
299 140
298 141
297 141
296 142
296 143
295 144
294 144
293 145
293 146
292 147
292 148
291 149
290 150
289 151
288 150
287 150
286 149
285 149
284 148
283 147
282 146
281 145
280 145
279 144
279 143
278 142
277 141
276 140
276 139
275 138
275 137
274 136
273 135
273 134
272 133
272 132
271 131
270 130
270 129
269 128
269 127
268 126
268 125
267 124
267 123
266 122
266 121
266 120
265 119
264 118
264 117
263 116
263 115
263 114
262 113
262 112
261 111
261 110
261 109
260 108
259 107
259 106
259 105
259 104
258 103
258 102
257 101
257 100
256 99
256 98
256 97
255 96
255 95
254 94
254 93
253 92
253 91
253 90
252 89
252 88
251 87
251 86
251 85
250 84
250 83
249 82
248 81
248 80
248 79
247 78
247 77
246 76
246 75
245 74
245 73
244 72
244 71
243 70
243 69
242 68
241 67
241 66
240 65
240 64
239 63
238 62
237 61
237 60
236 59
236 58
235 57
235 56
234 55
233 54
233 53
232 52
231 51
230 50
230 49
229 48
228 47
227 46
227 45
228 44
229 45
230 45
231 45
232 45
232 44
232 43
232 42
232 41
232 40
232 39
232 38
231 37
231 36
230 35
229 35
228 35
227 34
226 34
225 34
224 34
223 34
222 34
221 34
220 34
219 35
218 35
217 36
216 36
215 35
214 35
213 34
212 34
211 33
210 33
209 32
208 32
207 31
206 31
205 30
204 30
203 30
202 29
201 28
200 28
199 28
198 27
197 27
196 26
195 25
194 25
193 24
192 24
191 24
190 23
189 23
188 22
187 22
186 21
185 21
184 20
183 20
182 20
181 19
180 19
179 18
178 18
177 17
176 17
175 17
174 16
173 16
172 15
171 15
170 15
169 14
168 14
167 14
166 13
165 13
164 12
163 12
162 12
161 12
160 11
159 10
158 10
157 10
156 9
155 9
154 9
153 8
152 8
151 8
150 7
149 7
148 7
147 6
146 6
145 6
144 6
143 6
142 5
141 5
140 5
139 4
138 4
137 4
136 4
135 4
134 3
133 3
132 3
131 3
130 3
129 3
128 2
127 2
126 2
125 2
124 2
123 2
122 2
121 2
120 2
119 1
118 1
117 1
116 1
115 1
114 1
113 1
112 1
111 1
110 1
109 1
108 1
107 1
106 1
105 1
104 1
103 1
102 1
101 1
100 1
99 1
98 1
97 1
96 1
95 1
94 1
