101 20
100 21
99 21
98 21
97 22
96 21
95 21
94 21
93 22
92 21
91 22
90 23
89 23
88 24
89 25
89 26
90 26
91 26
92 27
93 27
94 28
95 28
96 27
97 28
97 29
98 29
99 30
100 31
101 32
102 32
103 32
104 33
105 34
106 35
106 36
107 37
108 38
108 39
109 40
110 41
110 42
110 43
111 44
111 45
112 46
113 47
112 48
113 49
113 50
113 51
114 52
113 53
113 54
114 55
113 56
113 57
114 58
113 59
112 59
113 60
113 61
113 62
112 63
112 64
112 65
112 66
111 67
111 68
112 69
111 70
110 70
111 71
110 72
109 73
108 74
107 75
107 76
108 77
109 78
110 78
111 79
112 80
113 81
113 82
114 83
114 84
115 85
114 86
115 87
116 87
117 88
116 89
116 90
116 91
116 92
117 93
118 94
117 95
117 96
118 97
118 98
118 99
118 100
118 101
118 102
119 103
119 104
119 105
118 106
117 106
118 107
117 108
118 109
117 110
117 111
118 112
118 113
117 114
118 115
118 116
117 117
116 117
117 118
116 119
115 119
115 120
116 121
115 122
114 122
115 123
115 124
114 125
113 125
113 126
114 127
113 128
113 129
112 130
111 130
112 131
113 132
114 132
115 133
116 133
117 134
118 134
119 135
119 136
120 136
121 137
122 138
121 139
122 139
123 140
123 141
124 141
125 142
125 143
125 144
126 145
127 146
127 147
128 148
129 149
128 150
129 151
128 152
129 153
130 154
129 155
130 155
131 156
131 157
130 158
131 159
131 160
130 161
131 161
132 162
131 163
132 164
131 165
131 166
132 167
133 168
132 169
131 169
132 170
133 171
133 172
133 173
132 174
133 175
132 176
132 177
132 178
133 179
132 180
131 180
132 181
132 182
131 183
131 184
130 185
129 186
130 187
129 188
128 188
128 189
129 190
128 191
127 191
127 192
126 193
125 194
124 194
123 195
122 196
121 196
121 197
121 198
120 199
119 198
118 199
117 199
116 200
115 199
114 199
114 200
113 201
112 200
111 200
110 201
109 200
109 199
109 198
108 198
107 197
106 197
105 196
105 195
104 196
103 195
102 194
101 193
100 193
99 193
98 194
97 193
96 194
96 195
95 196
94 196
95 197
95 198
94 199
93 199
92 200
93 201
92 202
91 203
92 204
93 205
94 205
95 205
96 206
97 206
98 207
99 208
100 207
101 208
102 209
103 209
104 209
105 210
106 210
107 210
108 211
109 212
110 211
111 212
111 213
112 212
113 212
114 213
115 213
116 214
117 214
118 215
118 216
119 216
120 217
120 218
121 218
122 219
122 220
122 221
123 221
124 222
125 223
126 224
127 224
128 225
129 226
130 227
131 228
132 229
133 230
134 230
135 231
136 230
137 229
138 230
139 230
140 231
139 232
138 232
138 233
138 234
138 235
139 236
140 236
141 237
141 238
142 238
143 239
142 240
143 241
144 241
145 242
145 243
146 243
147 244
148 244
149 245
149 246
150 246
151 247
152 248
153 249
153 250
153 251
153 252
154 252
155 253
154 254
154 255
155 256
155 257
156 258
157 259
158 260
159 260
160 261
160 262
161 262
162 263
163 263
164 263
165 264
165 263
166 262
167 261
168 260
168 259
169 258
170 258
169 257
170 256
169 256
168 255
169 254
170 253
171 252
172 253
173 253
174 254
175 254
176 254
177 255
178 255
179 256
180 256
181 255
182 256
183 256
184 255
185 256
186 255
187 256
188 256
189 257
190 257
191 257
192 258
193 258
194 258
195 258
196 258
197 258
198 258
199 257
200 258
200 259
201 259
202 259
203 260
204 259
205 259
206 260
207 260
208 261
208 262
209 261
210 262
211 261
212 260
213 261
213 262
214 262
215 263
215 262
216 261
217 261
218 261
219 262
220 261
221 261
221 260
222 259
223 260
224 260
225 260
226 259
227 260
228 261
229 262
230 263
231 263
232 263
233 263
234 264
233 265
232 265
233 265
234 266
235 267
236 266
237 266
238 266
239 267
240 267
241 267
242 268
243 267
244 268
245 268
246 267
247 266
248 266
249 267
249 266
249 265
250 264
251 265
252 264
252 263
253 262
254 262
255 263
256 263
257 264
258 264
259 265
260 266
261 266
262 267
263 267
263 266
264 265
265 266
266 265
267 265
268 265
269 264
270 264
271 263
272 264
272 263
273 262
274 263
275 264
275 263
276 262
277 262
278 262
279 262
280 261
281 261
282 261
283 261
284 261
285 261
286 261
287 261
288 261
289 262
290 261
291 262
292 261
293 261
294 262
295 262
296 262
297 262
298 262
299 262
300 263
301 263
302 264
303 264
304 265
305 266
306 265
307 266
308 266
309 267
309 268
310 267
311 268
312 269
313 270
314 271
315 271
316 272
316 273
317 274
318 275
319 276
320 277
320 278
321 279
322 280
321 281
322 281
323 282
324 283
325 283
326 283
327 282
328 282
329 283
330 283
331 283
332 283
333 284
334 285
335 285
336 285
337 286
338 287
339 287
340 287
341 288
342 288
343 289
343 290
344 290
345 291
345 292
346 293
347 294
347 295
348 296
349 297
349 298
350 299
351 300
352 301
352 302
351 303
352 304
353 304
354 305
353 306
353 307
353 308
353 309
354 310
355 311
354 312
354 313
354 314
355 315
356 316
356 317
357 317
358 316
359 316
359 315
359 314
360 313
361 313
361 312
362 311
362 310
363 309
364 308
363 307
364 306
364 305
364 304
365 303
366 302
365 301
366 300
367 300
367 299
367 298
368 297
368 296
368 295
368 294
368 293
367 292
368 291
367 290
368 289
368 288
368 287
368 286
368 285
367 284
368 283
368 282
368 281
369 280
368 279
369 278
369 277
368 277
367 276
368 275
367 274
366 273
367 272
366 271
365 270
366 269
366 268
365 267
365 266
364 265
364 264
363 263
363 262
363 261
362 260
361 259
362 258
361 257
361 256
361 255
360 254
360 253
359 252
359 251
359 250
359 249
358 249
357 248
358 247
357 246
358 245
357 245
356 244
355 243
356 242
355 241
354 240
354 239
353 238
353 237
353 236
352 236
351 235
352 234
351 233
350 232
350 231
349 230
349 229
348 228
347 227
347 226
346 225
345 224
345 223
344 222
344 221
343 220
342 219
341 219
340 218
341 217
340 216
339 215
338 215
337 214
337 213
337 212
336 212
335 211
334 210
333 209
333 208
332 207
333 206
334 205
335 204
336 204
337 205
338 206
339 206
339 205
340 204
341 204
340 203
340 202
340 201
339 200
338 199
337 199
336 199
335 199
334 198
333 198
332 198
331 199
330 200
329 200
328 201
327 200
326 200
325 199
325 198
324 198
323 197
322 196
321 195
320 194
319 194
318 194
317 194
316 194
315 194
314 194
313 193
312 194
311 195
310 194
310 193
309 194
308 195
307 195
306 194
306 195
305 196
304 195
303 196
302 196
301 197
300 196
300 197
299 198
298 198
297 197
297 198
296 199
295 198
294 198
293 198
292 199
291 198
290 199
289 199
288 199
287 200
286 200
285 200
284 201
283 200
282 200
281 201
280 200
279 201
278 202
277 201
276 201
275 202
274 203
273 202
272 203
271 204
270 203
269 204
268 204
267 204
266 204
265 205
264 204
263 205
262 205
261 205
260 205
259 206
258 205
258 206
257 207
256 206
255 205
255 206
254 207
253 206
252 206
251 207
250 207
249 206
248 207
247 208
246 208
245 207
245 208
244 209
243 208
242 207
242 206
241 205
241 204
240 203
239 202
238 201
237 200
236 201
235 202
234 201
233 202
232 203
232 204
231 205
230 205
229 206
228 207
227 207
226 207
225 208
224 207
223 207
222 206
221 205
220 204
219 204
218 204
217 203
217 202
217 201
216 200
216 199
216 198
215 197
215 196
215 195
215 194
215 193
214 192
215 191
214 190
214 189
213 188
214 187
214 186
213 185
214 184
213 183
214 182
213 181
214 180
214 179
214 178
213 177
214 176
213 175
213 174
214 173
213 172
214 171
214 170
213 169
214 168
213 167
213 166
214 165
213 164
213 163
214 162
213 161
214 160
213 159
213 158
214 157
214 156
214 155
214 154
214 153
214 152
214 151
214 150
215 149
215 148
214 147
215 146
215 145
215 144
216 143
216 142
216 141
216 140
217 139
217 138
217 137
218 136
218 135
218 134
219 133
219 132
220 131
220 130
220 129
221 128
222 127
221 126
222 125
223 124
224 124
223 123
223 122
223 121
224 120
223 120
222 119
223 118
222 117
223 116
223 115
222 115
221 114
222 113
221 112
220 111
221 110
220 109
219 109
218 108
218 107
218 106
217 105
216 104
216 103
216 102
216 101
216 100
217 99
217 98
217 97
217 96
216 95
217 94
216 94
215 93
214 93
213 92
213 91
212 91
211 91
210 90
209 91
208 92
207 91
206 91
205 90
205 89
205 88
204 88
203 87
202 87
201 86
201 85
200 84
200 83
199 82
198 82
197 81
198 80
197 79
196 79
195 78
195 77
194 77
193 76
192 76
191 75
191 74
190 74
189 73
189 72
188 71
187 70
187 69
186 69
185 68
184 67
183 66
182 66
181 65
181 64
181 63
180 63
179 62
179 61
178 61
177 60
176 59
175 58
174 57
173 57
172 56
173 55
172 55
171 54
170 53
169 52
168 51
167 50
166 49
165 49
164 48
164 47
163 47
162 46
161 46
160 45
160 44
159 44
158 43
157 42
156 41
155 41
154 41
153 40
153 39
152 39
151 38
150 38
149 37
149 36
148 36
147 35
146 35
145 35
144 34
144 33
143 33
142 32
141 31
140 32
139 31
138 32
137 31
137 30
136 30
135 29
134 29
133 28
132 28
131 28
130 27
129 26
128 27
127 26
126 25
125 25
124 25
123 24
122 23
121 24
120 23
119 23
118 22
117 21
116 22
115 22
114 22
113 22
112 21
111 22
110 22
109 21
108 21
107 21
106 21
105 21
104 21
103 20
102 21
