163 16
162 17
161 17
160 17
159 17
158 17
157 17
156 17
155 17
154 18
153 18
152 18
151 19
150 19
149 19
148 19
148 20
147 21
146 22
147 23
148 23
149 24
150 24
151 25
151 26
152 27
153 28
154 29
155 30
156 31
156 32
157 33
157 34
158 35
158 36
159 37
158 38
159 38
160 39
160 40
160 41
159 42
160 43
160 44
161 45
161 46
160 47
161 48
161 49
161 50
161 51
161 52
161 53
161 54
161 55
161 56
161 57
160 58
161 59
161 60
161 61
161 62
160 63
160 64
160 65
160 66
159 67
159 68
159 69
159 70
158 71
158 72
158 73
157 74
156 75
156 76
155 77
154 77
155 78
155 79
154 80
153 80
154 81
153 82
152 83
152 84
151 85
150 85
151 86
152 87
151 88
152 88
153 89
154 90
155 91
156 92
155 93
156 93
157 94
158 95
158 96
159 97
160 98
161 99
161 100
162 100
163 101
163 102
163 103
163 104
164 105
165 106
164 107
164 108
165 108
166 109
165 110
166 111
166 112
166 113
167 114
167 115
167 116
168 117
168 118
168 119
169 120
168 121
169 122
170 123
169 124
170 125
169 126
170 127
170 128
170 129
170 130
171 131
171 132
171 133
171 134
171 135
171 136
170 137
169 137
170 138
171 139
170 140
170 141
171 142
170 143
169 143
170 144
170 145
169 146
169 147
169 148
169 149
170 150
169 151
168 151
169 152
170 153
169 154
168 154
168 155
168 156
167 157
168 158
167 159
167 160
167 161
167 162
166 163
166 164
165 165
165 166
164 167
163 168
164 169
163 170
162 170
162 171
162 172
161 173
161 174
161 175
160 176
159 176
160 177
159 178
158 179
157 180
156 181
155 182
155 183
155 184
154 185
154 186
153 187
152 187
152 188
151 189
150 190
150 191
149 192
149 193
148 194
148 195
147 196
147 197
146 198
146 199
147 200
147 201
148 201
149 201
150 202
150 201
151 200
152 200
153 200
154 201
155 202
156 201
157 202
158 202
159 203
160 204
161 204
162 205
162 206
163 206
164 207
165 207
166 208
165 209
166 210
167 210
168 211
168 212
169 213
169 214
169 215
170 216
171 217
171 218
172 219
171 220
172 221
173 222
173 223
174 224
173 225
174 226
174 227
174 228
175 229
176 230
175 231
175 232
176 233
176 234
176 235
175 236
176 237
177 238
176 239
177 240
177 241
177 242
176 243
177 244
176 245
177 246
176 247
177 248
176 249
176 250
177 251
177 252
176 253
176 254
177 255
176 256
175 256
176 257
175 258
175 259
175 260
175 261
174 262
175 263
174 264
174 265
174 266
173 267
174 268
173 269
172 269
173 270
173 271
172 272
171 272
172 273
171 274
171 275
171 276
171 277
170 278
170 279
169 280
168 280
168 281
169 282
168 283
167 283
167 284
167 285
166 286
165 287
166 288
165 289
164 290
163 291
162 292
162 293
161 294
161 295
161 296
160 297
159 297
159 298
158 299
157 300
157 301
156 302
155 302
154 303
154 304
153 305
152 305
152 306
152 307
151 308
150 308
149 309
148 310
147 310
146 311
146 312
145 313
144 313
144 314
143 315
142 316
141 316
140 316
139 317
138 318
137 317
136 318
135 319
134 318
133 319
132 319
131 320
130 319
129 318
129 317
128 316
127 315
126 314
126 313
125 312
124 312
123 311
122 310
121 311
120 310
119 310
118 310
117 311
116 310
116 311
115 312
114 312
113 311
113 312
112 313
111 314
112 315
111 316
110 317
109 317
108 318
107 319
107 320
107 321
108 322
108 323
108 324
107 325
107 326
107 327
107 328
107 329
107 330
108 331
109 332
110 333
111 333
112 334
112 335
113 335
114 336
115 337
115 336
116 335
117 334
116 333
116 332
117 331
117 330
118 329
119 330
120 329
121 330
122 331
123 332
124 332
125 332
126 332
127 333
128 333
129 334
130 334
131 334
132 334
133 335
134 336
135 336
136 337
135 338
136 339
135 340
134 341
135 342
134 343
133 343
134 344
134 345
133 346
132 346
132 347
133 348
132 349
131 349
130 350
130 351
130 352
129 353
128 354
128 355
127 356
127 357
127 358
126 359
126 360
125 361
126 362
125 363
124 364
123 365
122 366
122 367
121 368
121 369
120 370
119 371
119 372
118 373
117 374
116 375
115 376
115 377
114 378
113 379
112 379
112 380
111 381
110 382
110 383
109 384
109 385
109 386
108 387
107 387
106 388
106 389
105 390
105 391
104 392
103 393
102 393
102 394
101 395
100 396
99 396
100 397
99 398
98 398
97 399
97 400
96 401
95 401
95 402
96 403
95 404
94 404
94 405
94 406
93 407
92 408
91 409
91 410
90 411
90 412
90 413
89 414
88 415
87 415
87 416
88 417
87 418
86 418
87 419
86 420
85 421
85 422
85 423
84 424
84 425
83 426
83 427
84 428
83 429
82 429
83 430
84 431
85 431
86 430
86 429
87 428
88 428
89 427
89 426
90 425
91 425
91 424
92 423
93 423
94 422
95 421
96 421
97 420
98 419
99 419
100 418
101 417
102 417
103 416
104 416
105 415
106 414
107 414
108 414
109 413
110 412
111 412
112 411
113 411
114 410
115 409
116 410
116 409
117 408
118 409
119 408
120 408
121 407
122 407
123 406
124 406
125 406
126 406
127 405
128 405
129 405
130 404
131 403
132 404
133 403
134 404
135 403
136 402
137 402
138 402
138 401
139 400
140 401
141 402
141 401
142 400
143 400
144 400
145 400
146 399
147 399
148 400
148 399
149 398
150 399
151 399
152 399
153 399
154 398
155 398
156 399
157 398
158 399
159 399
160 398
161 398
162 399
163 399
164 398
165 398
166 398
167 399
168 398
169 398
170 398
171 398
172 399
173 398
174 398
175 399
176 399
177 398
178 399
179 398
180 399
181 400
182 399
183 400
184 400
185 399
186 400
186 401
187 401
188 401
189 402
190 401
191 402
192 402
193 402
194 403
195 404
196 405
197 405
198 405
199 406
200 405
201 405
202 406
202 405
203 404
204 405
205 404
206 404
207 404
208 403
209 404
210 404
211 403
212 404
213 405
214 404
215 404
216 405
217 405
218 406
219 405
220 406
220 407
221 408
221 409
221 410
221 411
220 412
220 413
221 414
220 415
219 415
220 416
220 417
219 418
219 419
218 420
219 421
218 422
217 423
217 424
216 425
215 425
214 426
214 427
214 428
213 429
214 430
214 431
215 431
216 432
217 433
218 434
219 435
220 435
221 436
222 435
223 436
224 436
225 436
225 435
226 434
227 435
227 434
228 433
229 432
230 433
231 432
231 431
232 430
233 429
234 428
235 427
235 426
236 425
236 424
235 423
236 422
237 422
236 421
236 420
235 419
236 418
237 417
237 416
238 415
239 415
240 414
241 414
242 414
243 414
244 413
245 413
246 413
247 412
248 412
249 412
250 411
251 412
252 411
253 411
254 411
255 412
256 411
257 411
258 411
259 411
260 410
261 411
262 410
263 411
264 411
265 410
266 410
267 411
268 410
269 410
270 410
271 410
272 410
273 409
274 410
275 410
276 409
277 409
278 410
279 410
280 410
281 410
282 409
283 410
284 411
285 410
286 410
287 410
288 410
289 411
290 410
291 410
292 411
293 411
294 411
295 411
296 411
297 412
298 411
299 412
300 411
301 412
302 412
303 412
304 413
305 413
306 413
307 413
308 414
309 415
310 414
311 414
312 415
313 415
314 415
315 416
316 416
317 417
318 417
319 416
320 417
320 418
321 418
322 418
323 419
324 420
325 419
326 420
327 421
328 420
329 421
330 422
331 422
332 423
333 423
334 424
335 425
336 424
337 425
338 426
339 427
340 426
341 427
342 428
343 429
344 430
345 430
346 431
347 431
348 432
349 432
350 433
350 434
351 434
352 435
353 436
354 436
355 437
355 438
356 438
357 439
357 440
358 440
359 441
360 442
361 443
362 443
363 444
363 445
363 446
364 446
365 447
365 448
366 449
367 450
367 451
368 451
369 452
370 453
370 454
371 455
372 456
372 457
373 458
372 459
373 459
374 460
375 461
374 462
375 462
376 463
375 464
376 465
377 465
378 466
377 467
378 468
379 469
378 470
379 471
380 471
381 472
380 473
381 474
380 475
381 476
382 477
381 478
381 479
382 480
381 481
382 482
382 483
382 484
382 485
382 486
383 486
384 487
385 486
386 487
387 487
388 486
389 486
390 486
391 485
392 486
393 486
394 485
395 484
396 484
397 485
397 484
398 483
399 483
400 483
401 483
402 482
403 482
404 481
405 481
406 482
407 481
408 480
409 481
410 480
411 479
412 479
413 480
413 479
414 478
415 478
416 478
417 477
418 478
419 477
420 477
421 476
422 477
423 476
424 475
425 476
426 476
427 475
428 475
429 475
430 475
431 474
432 474
433 475
434 474
435 473
436 474
437 474
438 473
439 473
440 474
441 473
442 473
443 473
444 473
445 474
445 473
446 472
447 473
448 473
449 472
450 472
451 473
452 473
453 473
454 473
455 472
456 473
457 473
458 472
459 473
460 472
461 473
462 473
463 472
464 473
465 474
466 473
467 473
468 474
469 473
470 474
471 474
472 473
473 474
474 473
475 474
475 475
476 474
477 474
478 475
479 474
480 475
481 475
482 475
483 476
484 476
485 476
486 476
487 476
488 476
489 477
490 476
491 477
492 477
493 478
494 478
495 478
496 478
497 479
498 479
499 479
500 479
501 479
502 480
503 480
504 481
505 481
506 481
507 482
508 482
509 483
510 483
511 484
512 484
513 485
513 486
514 486
515 487
516 487
517 487
518 488
518 489
519 489
520 490
521 491
520 492
521 492
522 493
523 493
524 494
524 495
524 496
525 497
526 498
527 499
526 500
527 501
528 502
529 503
530 504
531 503
532 504
532 503
533 502
534 502
535 502
536 501
537 500
538 499
539 500
540 500
541 500
542 499
543 499
544 500
545 500
546 499
547 500
548 499
549 499
550 500
551 499
552 499
553 500
554 499
555 499
556 499
557 499
558 500
559 500
560 500
561 500
562 500
563 500
564 501
565 501
566 501
567 502
568 501
569 502
570 502
571 503
572 504
573 504
574 504
575 504
576 505
576 506
577 506
578 507
578 508
579 508
580 509
581 509
582 509
583 510
583 511
584 511
585 512
586 512
587 513
587 514
588 514
589 515
590 516
591 516
592 515
592 514
593 513
593 512
592 511
593 510
594 510
593 509
593 508
593 507
593 506
594 505
593 504
593 503
594 502
593 501
593 500
594 499
593 498
592 497
593 496
594 496
593 495
593 494
593 493
592 492
593 491
594 491
593 490
592 489
592 488
592 487
591 486
591 485
591 484
591 483
591 482
590 481
591 480
590 479
590 478
590 477
589 476
588 475
589 474
588 473
588 472
588 471
587 470
587 469
586 468
586 467
585 466
585 465
584 464
584 463
583 462
584 461
583 460
583 459
582 458
582 457
581 456
581 455
580 454
579 453
580 452
579 451
579 450
578 449
577 448
577 447
576 446
575 445
576 444
575 443
574 442
574 441
573 440
573 439
572 438
572 437
572 436
571 436
570 435
570 434
569 433
569 432
568 431
567 430
567 429
567 428
566 427
565 426
565 425
564 425
563 424
563 423
563 422
562 422
561 421
560 421
559 420
559 419
559 418
558 417
557 416
556 416
555 415
555 414
554 414
553 413
552 412
553 411
552 411
551 410
550 410
549 409
549 408
548 408
547 407
547 406
546 406
545 405
544 404
544 403
543 402
542 401
541 400
540 400
539 400
538 399
537 399
536 398
536 397
535 397
534 396
534 395
533 395
532 394
531 393
530 392
529 392
528 391
527 390
526 390
525 389
524 389
523 388
522 387
521 386
520 385
519 385
518 385
517 384
516 383
515 383
514 382
514 381
513 381
512 380
511 380
510 380
509 379
509 378
508 378
507 377
506 377
505 376
504 376
503 375
502 374
501 374
500 373
499 373
498 372
497 371
496 371
495 371
494 370
493 369
492 368
493 367
493 366
494 365
495 365
496 366
497 366
498 367
498 366
499 365
500 364
501 363
501 362
500 361
499 360
498 359
497 358
496 358
495 358
494 357
493 358
492 357
491 358
490 359
489 359
488 360
487 360
487 361
487 362
486 363
485 363
484 364
483 365
482 364
481 364
480 364
479 364
478 363
477 362
476 362
475 362
474 362
473 362
472 362
471 362
470 362
469 362
468 362
467 362
466 362
465 362
464 362
463 362
462 362
461 363
460 362
459 361
458 362
457 361
456 362
455 361
454 361
453 361
452 360
451 360
450 360
449 360
448 360
447 359
446 359
445 360
444 359
443 360
442 359
441 359
440 360
439 359
438 358
437 359
436 359
435 358
434 359
433 358
432 358
431 358
430 358
429 359
428 358
427 358
426 358
425 358
424 358
423 358
422 358
421 358
420 357
421 356
422 355
423 355
424 354
425 353
425 352
426 351
427 351
426 351
425 350
424 349
423 348
422 347
421 348
420 348
419 348
418 347
417 346
416 345
416 344
416 343
416 342
415 341
415 340
415 339
414 338
415 337
414 337
413 336
412 335
412 334
412 333
411 332
410 331
410 330
410 329
409 329
408 328
408 327
409 326
408 325
407 325
406 324
406 323
406 322
405 322
404 321
404 320
403 319
403 318
403 317
402 316
402 315
401 314
401 313
400 312
399 311
398 311
397 310
397 309
396 309
395 308
395 307
394 308
393 307
392 307
391 306
390 305
389 304
388 303
387 303
386 302
385 302
384 301
383 301
382 301
381 300
380 299
379 298
379 299
378 300
377 299
376 298
375 298
374 297
373 297
372 298
371 297
370 297
369 296
368 296
367 295
366 295
365 295
364 294
363 295
362 295
361 294
360 295
359 295
358 294
358 293
357 294
356 293
355 294
354 293
353 293
352 293
351 293
350 292
349 293
348 292
347 292
346 293
345 292
344 291
343 292
342 292
341 293
340 292
339 292
338 292
337 292
336 292
335 292
334 292
333 292
332 292
331 292
330 291
329 292
328 291
327 292
326 291
325 292
324 292
323 291
322 291
321 291
320 290
319 291
318 291
317 290
316 291
315 292
314 291
313 290
312 290
311 291
310 290
309 290
308 291
307 290
306 290
305 290
304 291
303 290
302 291
301 290
300 291
299 292
298 292
297 292
296 293
295 292
294 292
293 291
293 290
293 289
293 288
292 287
292 286
292 285
292 284
291 283
292 282
291 281
291 280
291 279
291 278
292 277
291 276
291 275
292 274
292 273
292 272
292 271
292 270
292 269
293 268
293 267
293 266
293 265
293 264
294 263
293 262
294 261
294 260
295 259
294 258
295 257
295 256
296 255
296 254
296 253
296 252
296 251
296 250
297 249
298 248
297 247
298 246
298 245
299 244
299 243
299 242
300 241
299 240
299 239
300 238
301 238
301 237
301 236
302 235
301 234
302 233
303 233
302 232
302 231
303 230
304 230
303 229
303 228
304 227
304 226
304 225
305 224
305 223
306 222
306 221
306 220
306 219
307 218
307 217
307 216
308 215
307 214
308 213
308 212
309 211
309 210
309 209
309 208
310 207
309 206
310 205
310 204
310 203
311 202
311 201
312 200
311 199
311 198
312 197
312 196
311 195
312 194
313 194
312 193
311 192
312 191
312 190
313 189
313 188
313 187
313 186
314 185
313 184
314 183
313 182
314 181
314 180
313 179
314 178
314 177
314 176
315 175
314 174
313 173
314 172
315 172
316 173
317 173
318 174
319 175
319 174
319 173
320 172
321 172
321 171
322 170
323 169
323 168
324 167
323 166
323 165
322 164
322 163
321 162
320 161
319 161
318 160
317 159
316 159
315 158
314 158
313 158
312 157
312 156
311 155
311 154
311 153
310 152
309 151
309 150
308 149
308 148
308 147
307 146
307 145
306 144
305 143
306 142
305 141
304 140
304 139
303 138
303 137
303 136
303 135
302 134
302 133
301 133
300 132
301 131
300 130
299 129
299 128
298 127
298 126
298 125
297 124
297 123
296 122
295 121
295 120
295 119
294 118
294 117
293 117
292 116
292 115
292 114
292 113
291 112
290 111
290 110
289 109
288 108
288 107
288 106
287 105
286 104
285 103
285 102
285 101
284 100
283 99
284 98
283 98
282 97
281 96
282 95
281 95
280 94
279 93
280 92
279 92
278 91
279 90
278 89
277 89
276 88
275 87
275 86
274 85
274 84
273 83
272 82
271 81
270 80
271 79
270 79
269 78
268 77
267 76
266 75
265 74
265 73
264 73
263 72
262 71
261 70
260 69
261 68
260 68
259 67
258 66
257 65
256 65
255 64
254 63
253 62
252 61
251 61
250 60
250 59
249 59
248 58
248 57
247 57
246 56
245 56
244 55
244 54
243 54
242 53
241 52
240 52
239 51
238 51
237 50
236 49
235 48
234 48
233 47
232 47
231 46
230 45
229 45
228 44
228 43
227 44
226 43
225 42
224 42
223 41
222 42
221 41
221 40
220 40
219 39
218 38
217 37
216 36
215 37
214 36
214 35
213 35
212 35
211 35
210 34
209 33
208 32
207 31
206 32
205 31
204 30
203 30
202 29
201 29
200 28
199 28
198 27
197 27
196 26
195 26
194 26
193 25
193 24
192 24
191 24
190 23
189 23
188 23
187 23
186 22
186 21
185 21
184 21
183 20
182 20
181 20
180 19
179 20
178 19
178 18
177 19
176 18
175 19
174 18
173 17
172 17
171 17
170 17
169 17
168 16
167 16
166 17
165 16
164 17
