62 1
61 2
60 2
59 2
58 2
57 2
56 2
55 2
54 2
53 2
52 2
51 3
50 3
49 3
48 3
47 3
46 3
45 3
44 4
43 4
42 5
41 5
40 5
39 5
38 6
37 6
36 6
35 7
34 7
33 7
32 7
31 8
30 8
29 8
28 9
27 9
26 9
25 9
24 10
23 10
22 11
21 11
20 11
19 12
18 13
17 14
16 14
15 15
14 16
13 16
12 17
11 18
10 18
9 19
8 20
7 20
6 21
6 22
5 23
4 24
3 25
2 25
2 26
1 27
1 28
1 29
1 30
1 31
1 32
2 32
3 32
4 31
5 31
6 31
7 30
8 29
9 29
10 29
11 29
12 29
13 29
14 29
15 29
16 28
17 28
18 28
19 28
20 29
21 29
22 29
23 29
24 30
25 30
26 30
27 31
28 31
29 32
30 32
31 33
32 33
33 34
34 34
35 35
35 36
36 36
37 37
38 38
39 39
39 40
40 41
41 42
41 43
42 44
43 45
43 46
44 47
44 48
45 49
45 50
46 51
46 52
47 53
47 54
47 55
47 56
47 57
47 58
47 59
48 59
49 59
50 59
51 59
52 59
53 59
54 59
55 59
56 60
57 60
58 61
59 62
60 62
61 62
62 62
63 63
63 64
64 65
65 65
66 66
67 67
68 68
69 68
70 69
70 70
71 70
72 71
72 72
73 72
74 73
75 74
75 75
75 76
76 77
77 78
77 79
78 79
79 80
79 81
80 82
81 83
81 84
81 85
82 86
82 87
82 88
83 89
83 90
84 91
84 92
84 93
84 94
85 95
86 96
86 97
86 98
87 98
88 98
89 98
90 97
91 97
92 97
93 97
94 97
95 97
96 97
97 97
98 97
99 98
100 98
101 98
102 98
103 98
104 99
105 99
106 100
107 100
108 100
109 101
110 101
111 102
112 103
113 104
114 104
115 105
116 105
117 106
118 107
119 108
120 109
121 109
122 110
123 111
123 112
124 112
125 113
126 114
126 115
127 115
128 116
129 117
130 118
131 119
131 120
132 121
133 122
133 123
134 124
134 125
135 126
135 127
135 128
135 129
136 130
136 131
136 132
137 133
137 134
137 135
137 136
137 137
137 138
136 139
136 140
136 141
136 142
136 143
136 144
135 145
135 146
134 147
133 148
132 149
132 150
131 151
130 152
129 153
128 152
127 152
126 152
125 152
124 152
123 152
122 152
121 153
120 153
119 153
118 153
117 154
116 154
116 155
115 156
115 157
115 158
115 159
116 160
116 161
116 162
116 163
116 164
117 165
117 166
118 166
119 166
120 166
121 166
122 166
123 165
124 165
125 165
126 165
127 164
128 164
129 164
130 164
131 163
132 163
133 162
134 162
135 162
136 162
137 161
138 161
139 160
140 159
141 159
142 159
143 159
144 159
145 159
146 159
147 159
148 159
149 159
150 159
151 160
152 160
153 160
154 160
155 160
156 160
157 160
158 160
159 160
160 160
161 160
162 160
163 160
164 160
165 160
166 160
167 160
168 160
168 159
168 158
169 157
170 157
171 157
172 158
172 159
172 160
172 161
173 161
174 161
175 161
176 161
177 161
178 161
179 161
180 162
181 162
182 162
183 162
184 162
185 162
186 162
187 162
188 162
189 162
190 162
191 162
192 161
193 162
194 163
195 163
196 164
197 164
198 165
198 166
199 166
200 166
201 166
202 166
203 166
204 166
205 166
206 166
207 166
208 166
209 166
210 166
211 166
212 166
212 165
212 164
212 163
212 162
212 161
212 160
212 159
212 158
211 157
210 157
209 156
209 155
209 154
210 153
211 153
212 153
213 152
214 152
215 151
216 151
217 151
218 151
218 150
219 149
220 149
221 148
222 147
223 146
224 146
225 145
226 145
227 145
228 144
229 144
230 143
231 143
232 142
233 141
234 140
235 139
236 139
237 139
238 138
239 138
240 137
241 136
242 136
243 136
244 136
245 135
246 135
246 134
247 133
248 133
249 133
250 133
250 132
250 131
251 130
252 129
253 129
253 128
253 127
253 126
254 125
255 125
256 124
257 123
258 123
259 123
260 123
261 123
262 123
263 123
263 122
264 121
265 122
265 123
266 123
267 123
268 123
268 122
269 121
270 121
271 121
272 120
273 120
274 119
275 118
276 118
276 117
276 116
277 115
278 114
278 113
278 112
279 111
279 110
279 109
279 108
280 107
281 107
282 107
283 107
283 106
283 105
283 104
284 103
285 104
285 105
285 106
286 106
287 106
288 106
289 105
289 104
290 103
291 102
292 101
292 100
293 99
293 98
294 97
294 96
295 95
296 95
296 94
297 93
297 92
298 91
299 91
299 90
300 89
301 88
302 87
303 87
303 86
304 85
305 85
306 84
307 83
308 83
308 82
309 81
310 81
311 81
312 80
313 79
314 79
315 78
316 78
317 78
318 77
319 77
320 77
321 77
322 76
323 76
324 76
325 76
326 76
327 75
328 75
329 75
330 75
331 75
332 75
333 75
334 75
335 75
336 76
337 76
338 76
339 76
340 77
341 77
342 77
343 78
344 78
345 78
346 78
347 78
348 77
348 76
349 75
350 75
351 75
352 74
353 73
354 73
355 73
356 73
357 72
358 72
359 72
360 72
361 71
362 71
363 71
364 71
365 71
366 71
367 71
368 71
369 71
370 72
371 72
372 72
373 73
374 73
375 73
376 73
377 74
378 74
379 74
380 75
381 76
382 76
383 76
384 77
384 78
385 79
386 79
387 80
388 81
389 82
390 82
391 83
392 83
393 83
393 82
393 81
393 80
393 79
393 78
393 77
393 76
393 75
393 74
393 73
393 72
392 71
392 70
391 69
391 68
391 67
391 66
390 65
390 64
390 63
389 62
389 61
389 60
388 59
387 58
386 57
385 56
384 55
384 54
383 53
382 52
381 51
380 50
380 49
379 48
379 47
378 46
377 45
376 45
375 44
374 44
373 43
372 42
371 42
370 41
369 40
368 40
367 39
366 39
365 38
364 38
363 37
362 36
361 36
360 35
359 35
358 34
357 33
356 33
355 32
354 32
353 31
352 30
351 30
350 30
349 29
348 28
347 28
346 28
345 27
344 26
343 26
342 26
341 25
340 25
339 24
338 24
337 24
336 23
335 23
334 22
333 22
332 22
331 21
330 21
329 21
328 20
327 20
326 20
325 19
324 19
323 19
322 18
321 18
320 18
319 18
318 18
317 17
316 17
315 17
314 17
313 17
312 16
311 16
310 16
309 16
308 16
307 16
306 16
305 15
304 14
304 13
304 12
304 11
305 10
306 10
307 10
308 10
308 9
308 8
308 7
307 6
306 5
305 5
304 5
303 5
302 6
301 7
300 7
299 7
298 8
298 9
298 10
297 11
297 12
296 13
295 13
294 13
293 13
292 13
291 13
290 13
289 13
288 13
287 13
286 13
285 14
284 14
283 15
282 16
281 17
280 17
280 18
279 19
278 19
278 20
277 21
276 22
276 23
275 24
274 25
274 26
273 27
273 28
272 29
271 30
271 31
270 32
269 33
268 33
268 34
267 35
266 36
265 37
265 38
264 39
263 40
262 41
261 42
260 43
260 44
259 45
258 46
257 47
257 48
256 49
255 50
255 51
254 52
253 53
253 54
252 55
251 55
251 56
250 57
249 58
248 59
248 60
247 61
246 61
246 62
245 63
244 63
244 64
243 65
242 66
241 67
240 68
240 69
239 70
238 71
238 72
237 73
236 73
235 72
234 72
233 72
232 71
231 71
230 71
229 71
228 71
227 71
226 72
226 73
225 74
225 75
225 76
225 77
225 78
225 79
224 80
224 81
224 82
223 83
222 84
221 84
220 85
219 85
218 85
217 85
216 85
215 86
214 86
213 85
212 85
211 84
210 83
209 83
208 82
207 81
206 80
205 80
204 79
204 78
203 78
202 77
201 76
200 75
199 74
198 73
197 72
196 71
196 70
195 69
194 68
193 67
192 66
192 65
191 65
190 64
190 63
189 62
188 61
187 60
186 59
185 58
185 57
184 56
183 55
182 54
181 53
181 52
180 51
179 50
179 49
178 48
177 47
177 46
176 45
175 44
175 43
174 42
174 41
173 40
173 39
172 38
172 37
171 36
171 35
171 34
170 33
170 32
170 31
169 30
169 29
169 28
168 27
168 26
168 25
167 24
167 23
167 22
167 21
166 20
165 19
165 18
164 18
163 17
162 16
161 15
160 15
159 14
158 13
157 13
156 12
155 12
154 12
153 12
152 11
151 11
150 11
149 11
148 10
147 9
147 8
146 7
146 6
146 5
145 4
144 4
143 3
142 3
141 3
140 3
139 3
138 3
137 3
136 4
135 4
135 5
135 6
134 7
133 7
132 7
131 6
130 6
129 6
128 6
127 6
126 6
125 6
124 5
123 5
122 5
121 5
120 5
119 4
118 4
117 4
116 4
115 4
114 4
113 4
112 4
111 4
110 4
109 4
108 4
107 4
106 3
105 3
104 3
103 3
102 3
101 3
100 3
99 3
98 3
97 2
96 2
95 2
94 2
93 2
92 2
91 2
90 2
89 2
88 2
87 2
86 2
85 2
84 1
83 1
82 1
81 1
80 1
79 1
78 1
77 1
76 1
75 1
74 1
73 1
72 1
71 1
70 1
69 1
68 1
67 1
66 1
65 1
64 1
63 1
