18 3
17 4
16 4
15 4
14 4
13 5
12 5
11 6
10 6
9 7
8 7
7 7
6 8
5 8
4 9
3 10
2 11
1 12
1 13
1 14
1 15
2 15
3 16
4 16
5 16
6 16
7 17
8 17
9 17
10 17
11 17
12 18
13 18
14 18
15 19
16 19
17 19
18 19
19 19
20 19
21 20
22 20
23 21
24 21
25 22
26 22
27 23
28 24
29 24
30 25
30 26
31 26
32 27
33 28
34 28
35 28
36 29
37 30
38 31
38 32
38 33
39 33
40 34
41 35
42 36
42 37
43 38
44 39
45 40
46 41
46 42
47 43
48 44
49 45
50 46
50 47
50 48
50 49
51 50
51 51
52 52
52 53
53 54
53 55
53 56
54 57
54 58
54 59
55 60
55 61
56 62
56 63
56 64
56 65
56 66
56 67
56 68
57 69
57 70
57 71
57 72
57 73
57 74
57 75
57 76
57 77
58 77
59 77
60 77
61 77
62 78
63 78
64 78
65 78
66 78
67 79
68 79
69 79
70 80
71 80
72 81
73 81
74 82
75 82
76 83
77 84
78 84
79 85
80 86
81 87
82 87
83 88
84 88
85 89
85 90
86 90
87 91
88 92
89 92
90 93
91 94
91 95
92 95
93 96
93 97
94 97
95 98
95 99
96 100
97 100
98 101
98 102
99 103
100 104
101 105
102 106
103 107
103 108
104 109
104 110
105 111
105 112
106 113
107 114
107 115
108 116
108 117
108 118
109 119
109 120
109 121
110 122
110 123
110 124
110 125
111 126
111 127
111 128
112 129
112 130
112 131
112 132
112 133
112 134
113 135
113 136
113 137
114 138
115 139
115 140
116 141
116 142
117 143
117 144
117 145
117 146
117 147
118 148
118 149
119 150
119 151
119 152
120 152
121 152
122 152
123 152
124 151
125 151
126 152
127 152
128 152
129 152
130 153
131 153
132 153
133 154
134 154
135 154
136 155
137 155
138 155
139 155
140 156
141 156
142 157
143 157
144 157
145 158
146 158
147 159
148 159
149 160
150 161
151 161
152 161
153 162
154 163
155 163
156 164
157 165
158 165
159 166
160 166
161 166
162 167
162 168
163 169
164 169
165 170
166 171
167 172
168 172
169 172
170 173
170 174
171 174
172 175
173 176
174 176
175 177
175 178
176 178
177 179
177 180
178 181
179 182
180 183
181 184
182 185
182 186
183 187
183 188
184 189
185 190
185 191
186 192
186 193
186 194
187 195
187 196
187 197
188 198
189 199
189 200
189 201
189 202
190 203
190 204
191 205
191 206
191 207
192 208
192 209
192 210
192 211
192 212
192 213
192 214
193 215
193 216
193 217
193 218
193 219
193 220
193 221
193 222
193 223
193 224
193 225
193 226
193 227
192 228
192 229
192 230
192 231
191 232
190 232
189 232
188 232
187 232
186 232
185 232
184 232
183 232
182 233
181 233
180 234
180 235
180 236
180 237
180 238
180 239
180 240
181 241
181 242
181 243
182 243
183 244
183 245
184 245
185 245
186 246
187 246
188 246
189 246
190 245
191 245
192 245
193 245
194 245
195 245
196 244
197 244
198 243
199 242
200 243
201 244
202 245
203 246
203 247
203 248
204 248
205 249
205 250
205 251
206 252
207 253
207 254
207 255
208 256
208 257
208 258
208 259
209 260
209 261
210 262
210 263
211 264
212 265
213 266
213 267
214 268
214 269
214 270
215 270
216 271
216 272
217 273
217 274
217 275
217 276
218 276
219 277
219 278
220 279
220 280
221 281
221 282
222 283
222 284
223 285
223 286
223 287
224 287
225 287
226 287
227 287
228 287
229 286
230 286
230 285
231 284
232 283
232 282
233 281
234 281
234 280
235 279
236 278
237 278
238 277
238 276
238 275
239 274
240 274
240 273
241 272
242 272
243 272
243 271
243 270
244 269
245 269
246 268
247 267
247 266
248 265
249 265
250 265
251 264
252 263
253 263
254 263
254 262
255 261
256 261
257 260
258 260
258 259
259 258
260 258
261 258
262 258
263 257
264 257
264 256
264 255
265 254
266 254
267 254
268 254
269 254
270 253
271 253
272 252
273 252
274 251
275 251
276 251
277 251
278 251
278 250
279 249
280 249
281 249
282 248
283 248
284 248
285 248
286 248
287 249
288 250
289 250
290 251
291 252
292 253
292 254
293 255
294 255
295 256
296 256
297 256
298 256
299 256
300 256
301 255
302 255
303 254
303 253
303 252
303 251
304 250
305 250
305 249
305 248
305 247
305 246
304 245
303 244
302 244
301 243
300 243
299 242
298 241
297 241
296 240
296 239
296 238
297 237
297 236
298 235
298 234
299 233
300 232
301 231
301 230
302 229
303 228
304 228
305 227
306 226
307 226
308 225
309 224
310 223
311 222
312 222
313 221
313 220
314 219
315 218
315 217
315 216
316 215
317 215
318 214
319 214
320 214
321 214
322 214
323 213
324 213
325 212
326 212
327 211
328 211
329 211
330 211
331 210
332 210
333 210
334 210
334 209
335 208
335 207
336 206
337 206
337 205
338 204
338 203
339 202
340 202
341 202
342 201
343 201
343 200
344 199
345 198
346 198
346 197
346 196
346 195
347 194
348 194
349 193
350 194
351 194
352 195
353 195
354 195
355 195
355 194
355 193
355 192
354 192
353 191
352 190
352 189
353 188
354 187
355 186
355 185
356 184
357 183
358 182
359 181
359 180
359 179
359 178
360 177
361 177
362 177
363 177
364 176
365 176
366 175
367 175
368 175
369 175
370 175
371 174
372 174
373 174
374 173
375 173
376 173
377 172
378 172
379 172
380 172
381 171
382 171
383 171
384 171
385 171
386 171
387 170
388 170
389 170
390 170
391 170
392 170
393 171
394 171
395 171
396 171
397 171
398 171
399 171
400 171
401 172
402 173
403 173
404 173
405 173
406 173
407 173
408 172
409 172
410 171
411 170
412 169
413 168
414 167
415 166
416 165
417 164
418 163
419 162
420 161
421 160
422 159
423 158
424 157
425 156
426 155
427 155
428 154
429 153
430 152
431 151
432 150
433 150
434 149
435 148
436 147
437 147
438 146
439 146
440 145
441 144
442 144
443 143
444 143
445 142
446 142
447 142
448 141
449 141
450 140
451 140
452 139
453 138
454 138
455 138
456 137
457 137
458 137
459 136
460 136
461 136
462 135
463 135
464 135
465 134
466 134
467 134
468 134
469 134
470 134
471 133
472 133
473 133
474 133
475 132
476 132
477 132
478 132
479 132
480 132
481 132
482 132
483 132
484 132
485 132
486 133
487 133
488 133
489 133
490 133
491 133
492 133
493 133
494 134
495 134
496 134
497 134
498 134
499 135
500 135
501 136
502 136
503 136
504 136
504 135
504 134
504 133
504 132
505 131
506 130
506 129
507 128
507 127
507 126
508 125
509 124
510 123
511 122
512 121
512 120
513 119
514 118
515 117
516 116
517 116
518 115
519 114
520 114
521 113
522 113
523 112
524 112
525 112
526 111
527 111
528 110
529 109
530 109
531 109
532 109
533 108
534 108
535 108
536 107
537 106
538 106
539 105
540 105
541 105
542 105
543 105
544 104
545 104
546 103
547 103
548 103
549 103
550 103
551 103
552 103
553 103
554 103
555 103
556 102
557 102
558 102
559 102
560 102
561 102
562 102
563 102
564 102
565 101
566 101
567 101
568 101
569 101
570 101
571 100
572 100
573 100
574 100
575 100
576 100
577 100
578 99
579 100
580 100
581 100
582 100
583 100
584 100
585 100
586 100
587 100
588 100
589 100
590 100
591 100
591 99
591 98
591 97
591 96
590 95
589 95
588 95
587 94
586 93
585 93
584 92
583 92
582 92
581 91
580 90
579 90
578 90
577 89
576 89
575 89
574 89
573 89
572 88
571 88
570 88
569 88
568 88
567 87
566 87
565 87
564 86
563 86
562 86
561 86
560 86
559 85
558 85
557 85
556 85
555 85
554 85
553 84
552 84
551 84
550 84
549 83
548 83
547 83
546 83
545 83
544 83
543 82
542 82
541 82
540 82
539 82
538 82
537 82
536 82
535 81
534 81
533 81
532 81
531 81
530 80
529 80
528 80
527 80
526 80
525 80
524 79
523 79
522 79
521 79
520 79
519 78
518 78
517 78
516 78
515 78
514 78
513 78
512 78
511 77
510 77
509 77
508 77
507 76
506 76
505 76
504 76
503 76
502 76
501 76
500 76
499 76
498 76
497 76
496 76
495 76
494 75
493 75
492 75
491 75
490 75
489 75
488 75
487 75
486 75
485 75
484 75
483 75
482 75
481 75
480 75
479 75
478 76
477 76
476 76
475 76
474 76
473 76
472 76
471 76
470 76
469 76
468 76
467 77
466 77
465 77
464 77
463 77
462 77
461 77
460 77
459 77
458 78
457 78
456 78
455 78
454 78
453 78
452 78
451 79
450 79
449 79
448 79
447 79
446 79
445 79
444 80
443 80
442 80
441 81
440 81
439 81
438 81
437 81
436 82
435 82
434 81
434 80
435 79
435 78
435 77
435 76
436 75
437 75
438 75
439 75
439 74
439 73
439 72
438 71
437 70
436 69
435 69
434 68
433 68
432 68
431 68
430 69
429 69
428 70
427 71
427 72
427 73
427 74
427 75
426 76
426 77
426 78
426 79
426 80
425 81
425 82
425 83
424 84
423 84
422 83
421 83
420 83
419 83
418 83
417 83
416 84
415 84
414 84
413 85
412 85
411 85
410 86
409 86
408 87
407 88
406 89
406 90
405 91
404 92
403 93
403 94
402 95
401 96
401 97
400 98
399 99
398 99
397 100
396 101
396 102
395 103
394 103
394 104
393 105
392 106
391 107
390 108
389 109
388 110
387 110
386 111
385 112
384 113
383 113
382 114
381 115
380 116
379 116
378 117
377 118
376 119
375 119
374 120
373 121
372 122
371 122
370 123
369 124
368 125
367 125
366 126
365 127
364 128
363 128
362 129
361 130
360 131
359 131
358 132
357 133
356 133
355 134
354 134
353 135
352 135
351 134
350 134
349 133
348 133
347 133
346 133
345 134
344 135
343 135
342 136
342 137
341 138
340 138
340 139
339 140
338 141
337 142
336 143
335 144
334 145
333 146
332 146
331 146
330 147
329 147
328 146
327 146
326 146
325 146
324 147
323 146
323 145
322 144
322 143
321 142
321 141
320 140
319 139
318 138
317 137
316 137
315 136
314 136
313 135
312 135
311 134
310 134
309 134
308 134
307 134
306 134
305 134
304 134
303 134
302 134
301 135
300 135
299 136
298 136
297 137
297 138
296 139
296 140
296 141
296 142
295 143
295 144
295 145
295 146
294 147
293 148
292 149
291 149
290 149
289 149
288 149
287 149
286 149
285 149
284 149
283 149
282 150
281 150
280 150
279 150
278 150
277 150
276 150
275 151
274 151
273 151
272 150
271 150
270 149
269 148
268 148
267 147
266 147
265 147
264 146
263 145
262 145
261 144
260 143
259 142
259 141
258 141
257 140
256 139
256 138
255 138
254 137
253 136
252 135
252 134
251 133
250 132
249 131
248 130
247 129
246 128
246 127
245 127
244 126
244 125
243 124
242 123
241 122
240 121
240 120
239 119
238 118
237 117
237 116
236 115
235 114
234 113
234 112
233 111
232 110
231 109
231 108
230 107
230 106
229 105
228 104
228 103
227 102
227 101
226 100
225 99
225 98
224 97
224 96
223 95
222 94
222 93
221 92
221 91
220 90
220 89
219 88
219 87
218 86
218 85
217 84
217 83
216 82
216 81
215 80
215 79
214 78
213 77
213 76
212 75
212 74
211 73
211 72
210 71
210 70
210 69
209 68
209 67
208 66
208 65
207 64
207 63
207 62
207 61
206 60
206 59
205 58
205 57
204 56
203 55
202 54
201 53
200 52
199 52
198 52
197 52
196 52
195 51
194 51
193 50
192 50
191 49
190 48
189 48
188 47
188 46
188 45
189 44
189 43
189 42
189 41
189 40
189 39
189 38
188 37
188 36
187 35
186 34
185 34
184 33
183 33
182 33
181 33
180 33
179 33
178 33
177 34
177 35
177 36
177 37
178 37
179 37
180 38
181 39
180 40
179 41
178 41
177 41
176 40
175 40
174 39
173 38
172 38
171 38
170 37
169 36
168 36
167 36
166 35
165 34
164 34
163 33
162 33
161 32
160 32
159 31
158 31
157 30
156 30
155 30
154 29
153 28
152 28
151 28
150 27
149 27
148 26
147 26
146 26
145 25
144 25
143 25
142 24
141 24
140 23
139 23
138 22
137 22
136 21
135 21
134 21
133 20
132 20
131 19
130 19
129 19
128 18
127 18
126 17
125 17
124 16
123 16
122 16
121 16
120 15
119 15
118 14
117 14
116 14
115 13
114 13
113 13
112 12
111 12
110 12
109 12
108 11
107 11
106 10
105 10
104 10
103 10
102 10
101 9
100 9
99 9
98 8
97 8
96 8
95 8
94 8
93 8
92 8
91 7
90 7
89 7
88 7
87 7
86 7
85 7
84 6
83 6
82 6
81 6
80 6
79 6
78 6
77 6
76 6
75 6
74 6
73 6
72 6
71 6
70 6
69 6
68 6
67 5
66 5
65 5
64 5
63 5
62 5
61 5
60 4
59 4
58 4
57 4
56 4
55 4
54 4
53 4
52 4
51 4
50 4
49 4
48 3
47 3
46 3
45 3
44 4
43 3
42 3
41 3
40 3
39 3
38 3
37 3
36 3
35 3
34 3
33 3
32 3
31 3
30 3
29 3
28 3
27 3
26 3
25 3
24 3
23 3
22 3
21 3
20 3
19 3
