215 233
214 234
213 235
212 234
211 235
211 236
210 237
211 238
212 239
213 239
214 240
213 241
212 241
211 241
211 242
210 243
209 243
210 244
210 245
209 246
208 245
207 245
206 244
205 244
204 244
203 243
202 243
201 242
200 242
199 242
198 241
197 242
196 241
195 241
194 240
193 240
192 241
191 240
190 240
189 240
188 239
187 239
186 239
185 239
184 240
183 239
182 239
181 239
180 239
179 239
178 239
177 239
176 238
175 239
174 238
174 237
173 238
172 238
171 238
170 238
169 237
168 238
167 237
166 237
165 238
164 237
163 237
162 237
161 237
160 237
159 237
158 236
157 237
156 237
155 236
154 237
153 236
152 236
151 237
150 236
149 236
148 237
147 237
146 236
145 236
144 236
143 237
142 237
141 236
140 237
139 237
138 236
137 236
136 236
135 236
134 236
133 236
132 235
131 236
130 236
129 237
128 236
127 235
126 236
125 236
124 235
123 235
122 236
121 235
120 236
119 236
118 235
117 236
116 235
115 236
114 237
113 237
112 237
111 238
110 237
109 238
108 238
107 239
106 238
105 238
104 239
103 239
102 239
101 240
100 241
99 240
98 241
97 241
96 241
95 242
94 242
93 242
92 243
91 243
90 243
89 243
88 243
87 243
86 244
85 243
84 244
83 244
82 243
82 244
81 245
80 245
79 245
78 246
77 246
76 245
75 246
74 246
73 247
72 246
71 247
70 247
70 248
69 249
68 250
67 249
67 250
66 251
65 251
64 251
63 252
62 252
61 253
60 253
59 252
59 253
58 254
57 254
56 254
55 254
55 255
54 256
53 257
52 258
51 259
50 259
49 258
49 259
48 260
47 261
46 260
46 261
45 262
44 262
43 263
42 263
41 263
41 264
40 265
39 265
38 266
37 266
37 267
36 268
35 269
35 270
34 271
33 271
33 272
32 273
33 274
34 274
35 274
36 275
37 275
38 276
39 275
40 276
41 277
42 276
43 277
44 278
45 278
46 277
47 277
48 277
49 278
49 277
50 276
51 277
52 278
53 277
54 278
55 278
56 278
57 279
58 279
59 280
59 279
60 278
61 279
62 280
63 279
64 280
65 281
66 280
67 281
68 281
69 282
70 283
71 282
72 283
73 283
74 284
74 285
75 284
76 285
77 285
78 285
79 286
79 287
80 287
81 288
82 289
83 288
84 289
85 290
86 290
87 290
88 291
89 292
90 293
91 294
92 295
93 296
94 296
95 297
96 298
97 299
98 299
99 300
99 301
99 302
100 302
101 303
101 304
102 304
103 305
103 306
104 306
105 307
105 308
106 309
106 310
107 311
108 312
108 313
109 314
109 315
110 316
109 317
110 318
110 319
110 320
110 321
110 322
109 323
110 324
111 325
112 325
113 325
114 325
115 324
116 325
117 324
118 325
119 324
120 324
121 324
122 324
123 324
124 324
125 325
126 326
127 325
128 326
129 327
130 327
131 328
132 327
133 328
134 329
135 329
136 330
136 331
137 330
138 331
139 330
140 331
141 332
142 332
143 333
143 334
144 334
145 335
146 335
147 335
148 336
148 337
149 337
150 338
151 338
152 339
153 339
154 340
155 341
156 342
157 343
158 343
159 344
159 345
160 345
161 346
161 347
162 348
163 349
164 350
165 351
166 351
167 352
167 353
168 354
169 355
169 356
170 356
171 357
171 358
172 359
173 360
172 361
173 361
174 362
175 363
175 364
176 365
177 366
176 367
177 367
178 368
178 369
178 370
178 371
179 372
180 373
181 374
180 375
180 376
181 377
182 378
182 379
183 380
182 381
182 382
183 383
183 384
184 385
183 386
184 386
185 387
185 388
184 389
185 390
185 391
186 392
186 393
186 394
187 395
187 396
186 397
187 398
188 399
187 400
186 400
187 400
188 401
188 402
187 403
188 404
188 405
188 406
188 407
188 408
188 409
189 410
188 411
188 412
188 413
188 414
187 415
188 416
189 417
190 417
191 417
191 416
192 415
193 416
194 417
195 416
196 415
196 414
196 413
197 412
198 411
199 412
200 411
201 411
202 411
203 410
204 410
205 411
206 410
207 409
208 410
209 409
210 409
211 409
212 409
213 409
214 409
215 408
216 409
217 409
218 409
219 409
220 409
221 408
222 409
223 409
224 409
225 409
226 408
227 409
228 409
229 408
230 409
231 410
232 409
233 410
234 410
235 411
236 411
237 411
238 412
239 412
240 412
241 413
242 412
243 413
243 414
244 414
245 415
245 416
246 417
247 418
248 419
249 419
250 418
251 417
252 418
252 419
253 419
254 420
255 421
256 422
257 423
258 423
259 424
260 425
261 426
262 425
263 426
263 427
264 428
265 429
265 430
266 431
267 432
267 433
268 433
269 434
270 435
270 436
271 437
271 438
272 439
272 440
272 441
273 441
274 442
275 443
276 444
276 445
277 446
277 447
278 448
277 449
278 449
279 450
279 451
279 452
280 452
281 453
281 454
281 455
282 456
283 457
283 458
283 459
284 460
285 461
286 462
286 463
286 464
286 465
287 466
288 467
288 468
289 469
289 470
288 471
289 472
290 472
291 473
290 474
289 474
290 475
291 476
290 477
291 477
292 478
293 479
293 480
293 481
293 482
294 483
295 484
295 485
295 486
296 487
296 488
296 489
297 490
298 491
298 492
298 493
299 494
300 495
299 496
300 497
301 498
300 499
299 500
298 500
297 499
296 500
295 499
295 498
294 498
293 499
292 499
291 500
290 501
289 501
288 501
287 502
287 503
286 504
287 505
287 506
287 507
286 508
287 509
288 510
289 511
289 512
289 513
290 514
290 515
291 515
292 516
293 517
294 518
295 518
296 519
297 520
298 520
299 519
300 520
301 519
302 518
303 518
304 517
304 516
305 515
306 514
307 514
307 513
308 512
309 512
309 511
309 510
310 509
311 509
312 509
313 508
314 509
314 510
315 510
316 511
317 512
318 513
319 514
319 515
320 516
321 517
321 518
322 519
322 520
323 521
324 522
325 522
326 523
326 524
326 525
326 526
327 527
328 528
327 529
328 530
329 531
329 532
329 533
330 534
330 535
331 536
331 537
331 538
332 539
332 540
332 541
333 542
333 543
334 543
335 544
336 543
337 543
338 544
339 545
340 546
341 546
342 547
342 548
342 549
343 549
344 550
344 551
344 552
345 552
346 553
346 554
346 555
347 555
348 556
348 557
349 558
349 559
350 559
351 560
351 561
351 562
352 563
353 564
353 565
353 566
354 567
354 568
355 569
354 570
355 570
356 571
356 572
355 573
356 574
357 575
357 576
358 577
357 578
356 578
357 578
358 579
358 580
358 581
358 582
358 583
359 584
359 585
360 586
359 587
359 588
358 589
358 590
359 591
359 592
358 593
359 594
358 595
359 596
358 597
358 598
358 599
357 600
357 601
357 602
356 603
356 604
356 605
357 606
358 607
359 606
360 605
361 605
361 604
361 603
362 602
362 601
363 600
364 599
363 598
364 597
365 597
365 596
366 595
366 594
367 593
367 592
368 591
369 591
369 590
369 589
370 588
371 588
370 587
371 586
372 585
373 584
374 583
375 582
375 581
376 580
377 580
378 580
378 579
379 578
380 577
381 576
382 576
383 575
384 575
384 574
384 573
385 572
386 572
386 571
387 570
388 569
389 569
390 569
390 568
391 567
392 567
393 566
394 566
395 566
396 565
397 565
398 565
399 564
400 565
401 565
402 564
402 563
403 562
404 561
405 560
405 559
405 558
406 557
407 556
407 555
406 554
407 553
407 552
407 551
408 550
409 549
408 548
409 547
410 546
411 545
412 544
411 543
412 542
413 541
413 540
414 539
415 539
415 538
416 537
417 536
418 535
419 535
420 534
421 534
422 533
423 534
423 535
424 535
425 536
424 537
425 538
426 538
427 539
428 540
429 541
430 541
431 542
431 543
432 544
433 545
432 546
433 547
434 548
435 547
436 547
437 548
438 548
439 547
440 546
441 547
441 546
442 545
443 545
444 545
445 544
445 543
446 542
447 541
447 540
447 539
447 538
447 537
447 536
447 535
448 534
447 533
446 533
445 532
446 531
445 530
444 530
443 529
442 529
441 528
440 529
439 528
438 527
437 527
436 526
436 525
435 524
436 523
437 522
437 521
438 520
439 520
439 519
440 518
441 517
442 517
443 516
444 515
445 514
445 513
446 512
447 513
448 512
449 511
449 510
450 509
451 508
452 508
453 507
454 507
455 506
456 506
457 505
458 504
459 505
459 504
460 503
461 503
462 503
463 502
464 501
465 501
466 500
467 501
468 500
469 499
470 499
471 498
472 499
473 498
474 497
475 497
476 498
476 497
477 496
478 496
479 495
480 495
481 494
482 494
483 495
484 494
485 494
485 493
486 492
487 493
488 493
489 492
490 491
491 491
492 492
492 491
493 490
494 490
495 490
496 490
497 489
498 489
499 489
500 489
501 489
501 488
502 487
503 487
504 487
505 487
506 487
507 487
508 486
509 486
510 487
511 486
512 485
513 486
514 487
514 486
515 485
516 485
517 485
518 485
519 485
520 484
521 485
522 485
523 484
524 485
525 486
526 485
527 485
528 485
529 485
530 485
531 484
532 485
533 485
534 485
535 486
536 486
537 485
538 486
539 487
540 488
541 488
542 487
543 486
543 485
544 484
545 484
545 483
545 482
546 481
547 481
547 480
548 479
549 479
550 478
550 477
551 476
552 475
553 476
553 475
554 474
555 473
555 472
556 471
557 470
558 470
559 469
560 468
561 468
561 467
561 466
562 465
562 464
563 463
564 464
564 463
565 462
566 462
567 462
567 461
568 460
569 460
570 459
571 459
571 458
572 457
573 457
574 457
575 456
575 455
576 454
577 454
578 454
578 453
579 452
580 452
581 452
582 451
583 451
584 451
585 451
586 450
587 449
588 449
589 448
590 448
591 448
592 448
592 447
593 446
594 446
595 446
596 446
597 445
598 444
599 444
600 444
601 443
602 443
603 442
604 442
605 443
605 442
606 441
607 441
608 441
609 441
610 440
611 440
612 440
613 441
614 440
615 440
616 439
617 439
618 438
619 438
620 439
621 439
622 438
623 439
624 438
625 438
626 438
627 438
628 439
629 439
630 438
631 439
632 438
633 439
634 440
634 439
634 438
635 437
636 437
636 436
637 435
638 436
639 436
640 437
640 438
641 438
642 437
643 437
643 436
643 435
642 435
641 434
640 433
639 432
640 431
640 430
641 429
642 428
643 429
644 428
644 427
645 426
646 425
647 424
648 423
649 422
650 421
651 421
652 420
652 419
653 418
654 417
655 418
655 417
656 416
657 415
657 414
658 413
659 414
660 413
661 413
661 412
662 411
663 411
664 411
665 410
666 409
667 408
668 408
669 407
670 406
671 407
671 406
672 405
673 405
674 405
675 404
676 403
677 403
678 404
678 403
679 402
680 403
681 402
682 402
683 402
684 401
685 401
686 401
687 400
688 399
689 400
690 399
691 399
692 398
693 398
694 399
695 398
696 398
697 399
697 398
698 397
699 398
700 399
700 398
701 397
702 398
703 397
704 398
705 397
706 397
707 398
708 398
709 398
710 399
711 399
712 399
713 399
714 399
715 399
716 399
717 398
718 399
718 400
719 400
720 401
720 400
721 399
722 399
722 398
722 397
722 396
722 395
721 394
722 393
721 393
720 392
720 391
719 390
718 389
717 388
716 387
715 387
714 386
714 385
713 384
712 383
712 382
711 382
710 381
710 380
709 380
708 379
707 379
706 378
706 377
705 377
704 376
703 375
702 374
701 373
700 373
699 373
698 372
697 373
696 372
695 371
694 370
693 369
692 369
691 369
690 368
689 367
688 366
687 365
686 366
685 365
684 365
683 364
683 363
682 364
681 363
680 362
679 362
678 361
677 361
676 360
675 359
674 358
673 358
672 358
671 357
670 357
669 356
669 355
668 356
667 355
666 354
665 354
664 353
664 352
663 353
662 352
661 352
660 351
659 350
658 349
657 349
656 349
655 348
655 347
654 347
653 346
652 345
651 346
650 345
649 344
648 343
647 344
646 343
645 342
644 341
643 340
642 340
641 339
641 338
640 338
639 337
638 337
637 336
636 336
635 336
634 336
633 336
632 336
631 335
630 335
629 334
628 334
627 333
626 334
625 333
624 333
623 333
622 333
621 333
620 333
619 332
618 332
617 333
616 332
615 332
614 332
613 332
612 332
611 332
610 331
609 332
608 331
607 331
606 332
605 331
605 330
604 331
603 331
602 330
601 331
600 330
599 331
598 330
597 330
596 331
595 330
594 329
593 330
592 330
591 329
590 330
589 329
588 329
587 329
586 329
585 329
584 328
583 328
582 329
581 328
580 328
579 327
578 327
577 328
576 327
575 327
574 328
573 327
572 327
571 327
570 326
569 327
568 327
567 326
566 327
565 326
564 326
563 326
562 326
561 326
560 326
559 326
558 326
557 326
556 326
555 326
554 326
553 326
552 325
551 325
550 326
549 325
548 325
547 325
546 324
545 325
544 326
543 325
542 325
541 324
540 325
539 325
538 325
537 324
536 325
535 325
534 324
533 325
532 324
531 325
530 325
529 324
528 325
527 325
526 325
525 324
525 323
526 322
527 321
527 320
527 319
528 318
527 318
526 317
527 316
527 315
528 314
529 314
530 314
531 315
532 314
532 313
533 312
532 311
531 310
530 310
529 310
528 309
527 309
526 308
525 309
524 309
523 309
523 310
522 311
521 311
520 312
519 312
520 313
520 314
519 315
518 315
519 316
518 317
519 318
518 319
518 320
518 321
518 322
517 323
516 324
516 325
516 326
515 327
514 326
513 326
512 326
511 326
510 327
509 326
509 325
508 326
507 327
506 326
505 326
504 326
503 326
502 325
501 324
500 325
499 325
498 326
497 326
496 327
495 328
494 327
493 328
492 328
491 329
490 328
490 329
489 330
488 331
487 332
487 333
486 334
485 335
485 336
485 337
484 338
483 339
482 339
482 340
481 341
480 342
480 343
479 344
478 345
478 346
477 347
476 347
475 348
475 349
474 350
473 350
473 351
472 352
471 353
470 354
469 355
468 355
467 356
466 356
465 357
465 358
464 359
463 359
462 359
462 360
461 361
460 361
459 361
458 362
457 363
456 363
455 364
455 365
454 366
453 365
452 366
451 367
450 367
449 368
448 367
448 368
448 369
447 370
446 369
445 370
444 371
443 371
442 372
441 373
440 373
439 374
438 373
438 374
437 375
436 375
435 375
434 375
434 376
433 377
432 376
432 377
431 378
430 378
429 378
428 379
427 379
426 380
425 380
424 381
423 381
422 382
421 381
421 382
420 383
419 383
418 383
417 383
416 384
415 385
414 385
413 385
412 386
411 386
410 387
409 386
408 387
407 388
406 388
405 388
404 388
403 389
402 390
401 389
400 390
399 391
398 390
398 391
397 392
396 392
395 392
394 393
393 393
392 392
392 393
391 394
390 394
389 393
388 393
387 393
386 393
385 393
384 392
384 391
383 391
382 390
382 389
383 388
384 388
385 387
386 386
387 385
388 385
389 384
390 383
391 382
392 381
393 380
393 379
394 378
395 377
396 377
396 376
397 375
398 374
398 373
399 372
400 371
401 370
402 369
403 369
403 368
403 367
404 366
405 366
404 365
404 364
405 363
406 363
406 362
407 361
408 360
409 359
410 358
411 357
411 356
412 355
413 355
413 354
413 353
414 352
415 352
416 351
416 350
417 349
418 349
418 348
419 347
420 346
420 345
421 344
422 344
423 343
423 342
424 341
425 340
425 339
426 338
427 338
427 337
428 336
428 335
429 334
430 333
429 332
430 331
430 330
430 329
430 328
430 327
430 326
429 325
428 324
427 324
426 323
426 322
425 322
424 322
423 321
422 321
421 320
420 320
419 319
418 319
417 319
416 319
415 319
414 318
413 318
412 319
411 318
410 318
409 318
408 318
407 319
406 319
405 319
404 320
403 319
402 319
401 320
400 320
399 319
398 320
397 320
396 321
395 320
394 321
393 321
392 321
391 322
390 322
389 322
388 323
387 323
386 323
385 323
384 324
383 324
382 325
381 325
380 324
380 325
379 326
378 326
377 326
376 327
375 326
374 327
373 328
372 329
371 329
370 328
369 328
368 329
368 330
368 331
367 332
366 332
366 333
365 334
364 333
363 334
362 334
361 335
360 336
359 336
358 337
357 337
356 337
356 338
355 339
354 340
354 341
353 342
352 342
351 343
351 344
350 345
349 346
350 347
349 348
348 349
347 350
346 350
345 349
344 348
345 347
346 346
346 345
347 344
347 343
347 342
348 341
349 340
349 339
350 338
350 337
351 336
352 336
352 335
351 334
352 333
353 333
353 332
353 331
353 330
353 329
354 328
355 327
354 326
354 325
355 324
355 323
356 322
355 321
355 320
355 319
355 318
355 317
355 316
356 315
356 314
355 313
355 312
356 311
355 310
355 309
355 308
355 307
354 306
355 305
355 304
355 303
355 302
354 301
355 300
354 299
353 298
354 297
354 296
353 295
353 294
352 293
353 292
352 292
351 291
351 290
351 289
351 288
350 288
349 287
350 286
349 285
349 284
348 283
348 282
347 281
347 280
346 279
347 278
346 278
345 277
344 276
344 275
343 274
343 273
342 273
341 272
340 272
339 271
339 270
338 270
337 269
336 268
335 267
334 266
333 266
332 266
331 266
330 266
329 265
328 266
327 266
327 267
326 268
325 268
325 269
325 270
324 271
323 271
323 272
323 273
322 274
321 275
320 276
320 277
320 278
319 279
318 280
319 281
318 282
317 283
317 284
316 285
316 286
315 287
314 288
314 289
313 290
313 291
313 292
312 293
312 294
311 295
310 295
310 296
310 297
309 298
309 299
309 300
308 301
308 302
307 303
307 304
306 305
306 306
306 307
305 308
304 309
305 310
304 311
304 312
304 313
304 314
303 315
303 316
302 317
302 318
303 319
302 320
301 320
302 321
302 322
301 323
301 324
301 325
301 326
300 327
300 328
299 329
300 330
299 331
299 332
299 333
299 334
300 335
299 336
299 337
299 338
298 339
298 340
299 341
298 342
297 342
298 343
299 344
298 345
297 345
298 346
298 347
298 348
298 349
297 350
296 349
295 349
294 348
295 347
294 346
293 346
292 345
293 344
292 343
291 343
290 342
290 341
290 340
289 340
288 339
288 338
287 337
287 336
287 335
286 335
285 334
285 333
285 332
284 332
283 331
283 330
282 330
281 329
281 328
281 327
281 326
280 325
279 325
278 324
278 323
278 322
277 321
276 320
276 319
275 318
274 317
274 316
273 315
273 314
272 313
272 312
271 311
270 310
269 309
269 308
268 308
267 307
266 306
267 305
266 305
265 304
266 303
265 302
264 302
263 301
264 300
263 299
262 298
262 297
261 296
260 295
260 294
259 293
259 292
258 291
257 291
256 290
257 289
256 288
255 287
255 286
254 285
253 284
253 283
252 283
251 282
252 281
251 280
250 280
249 279
249 278
249 277
248 277
247 276
247 275
247 274
246 273
245 272
244 271
244 270
243 269
242 268
242 267
242 266
241 265
241 264
240 263
240 262
239 261
238 260
237 259
236 258
235 258
234 257
233 258
232 257
232 256
231 256
230 255
229 255
228 255
227 254
227 253
226 254
225 253
224 252
223 252
222 252
221 251
220 250
220 249
220 248
220 247
220 246
221 245
222 245
221 244
221 243
222 242
222 241
222 240
221 239
221 238
221 237
220 236
219 235
218 235
217 234
216 234
