164 29
163 30
163 31
162 32
161 33
161 34
161 35
160 36
159 37
158 38
158 39
159 40
160 41
161 42
162 41
163 40
164 40
165 40
166 41
167 40
168 41
169 42
170 43
170 44
171 45
172 45
173 46
172 47
173 48
174 49
175 50
175 51
174 52
175 52
176 53
177 53
178 54
178 55
178 56
178 57
178 58
179 59
179 60
180 60
181 61
182 62
181 63
180 63
179 64
179 65
178 66
178 67
179 68
179 69
179 70
178 71
179 72
180 73
179 74
178 74
179 75
179 76
179 77
178 78
179 79
178 80
179 81
178 82
177 82
178 83
178 84
177 85
178 86
178 87
177 88
177 89
178 90
177 91
176 91
177 92
177 93
177 94
177 95
177 96
177 97
177 98
176 99
177 99
178 100
178 101
178 102
178 103
177 104
177 105
177 106
176 107
177 107
178 108
179 109
178 110
179 111
180 112
180 113
181 113
182 114
181 115
182 115
183 116
184 117
185 118
186 119
187 119
188 120
188 121
189 121
190 122
191 123
192 124
193 124
194 125
193 126
192 126
191 127
190 127
189 127
188 126
188 125
187 125
186 125
185 124
184 123
183 122
182 123
181 123
180 122
179 122
178 122
177 123
176 123
175 123
174 123
173 123
172 122
171 122
170 122
169 121
168 121
167 121
166 121
165 120
164 121
163 120
162 120
161 121
160 120
159 120
158 121
157 121
156 121
155 121
154 122
153 122
152 123
151 124
150 124
149 124
148 125
147 124
146 125
145 126
144 125
143 126
142 126
141 126
140 127
139 127
138 128
137 129
136 128
135 129
134 130
133 130
132 131
131 131
130 130
130 131
129 132
128 133
127 132
126 133
125 134
124 133
123 134
122 135
121 135
120 135
119 135
118 136
117 137
116 137
115 137
114 137
113 138
112 138
111 139
110 140
109 141
108 141
107 141
106 141
105 141
104 141
103 140
102 139
101 140
101 141
100 142
99 141
98 140
97 141
96 140
96 139
95 139
94 139
93 139
92 139
91 139
90 138
89 138
88 137
87 138
86 137
85 137
84 136
83 135
82 135
81 136
80 135
79 134
78 134
77 134
76 133
75 133
74 133
73 132
73 131
72 130
71 129
70 129
69 130
68 131
68 132
68 133
69 134
68 135
69 136
68 137
68 138
68 139
67 140
68 141
69 142
70 142
71 141
71 140
72 139
73 139
74 138
75 139
76 139
77 140
78 139
79 140
80 141
81 141
82 142
82 143
83 142
84 143
85 143
86 143
87 144
88 144
89 145
90 145
91 144
92 144
93 145
94 146
95 147
96 146
97 146
98 147
99 146
100 147
101 148
102 148
103 148
104 148
105 148
106 148
107 149
108 150
107 151
107 152
106 153
105 154
104 155
105 156
105 157
106 157
107 157
108 156
109 155
110 154
111 153
112 153
112 152
113 151
114 150
115 150
116 150
117 149
118 148
119 147
120 147
121 146
122 145
123 145
124 145
124 144
125 143
126 142
127 142
128 142
129 141
130 140
131 139
132 139
133 139
134 138
135 137
136 136
137 136
138 136
139 135
140 135
141 134
142 134
143 133
144 132
145 132
146 132
147 131
148 130
149 130
150 130
151 130
152 130
153 131
153 132
154 132
155 133
156 133
157 133
158 134
157 135
156 135
155 135
154 136
153 137
152 138
151 139
150 140
149 140
149 141
148 142
147 143
146 144
146 145
145 146
144 145
143 146
143 147
142 148
141 148
140 149
140 150
139 151
138 152
138 153
137 154
136 154
135 155
134 155
133 155
132 155
131 156
130 155
129 155
128 156
127 156
126 155
126 156
125 157
124 157
123 157
122 157
121 157
120 158
119 158
118 159
117 158
116 159
115 160
114 160
113 161
112 162
111 162
111 163
110 164
109 165
108 165
108 166
109 167
108 168
107 168
107 169
106 170
105 171
105 172
104 173
103 173
103 174
102 175
101 176
100 177
100 178
99 179
98 179
98 180
97 181
96 182
97 183
96 184
95 184
95 185
94 186
93 187
92 188
92 189
91 190
90 191
89 192
88 192
88 193
88 194
87 195
87 196
86 197
85 198
85 199
84 200
84 201
83 202
82 203
81 204
82 205
81 206
80 207
80 208
79 209
78 209
78 210
79 211
79 212
79 213
78 214
77 215
76 215
75 216
74 216
73 217
72 217
71 218
70 217
69 217
68 217
67 217
67 218
67 219
66 220
65 219
64 219
63 220
62 220
61 219
60 220
60 221
59 222
58 222
57 222
56 221
55 221
54 221
53 222
52 223
51 222
50 223
49 222
48 222
47 222
46 222
45 223
44 224
43 223
42 223
41 223
40 222
39 223
38 222
38 221
37 220
37 219
36 218
36 217
35 216
34 215
34 216
33 217
32 217
32 218
33 219
32 220
31 220
31 221
31 222
32 223
32 224
31 225
30 226
31 227
30 228
30 229
30 230
30 231
31 231
32 232
33 231
34 230
35 229
35 228
36 227
37 228
38 228
39 228
40 229
41 228
42 228
43 228
44 228
45 228
46 228
47 229
48 230
49 229
50 229
51 229
52 228
53 229
54 229
55 228
56 229
56 228
57 227
58 227
59 227
60 227
61 227
62 228
63 227
64 227
65 226
66 226
66 225
67 224
68 225
69 226
70 226
71 225
72 224
73 224
74 224
75 223
76 223
77 222
78 221
79 220
80 220
81 221
80 222
80 223
80 224
79 225
79 226
79 227
78 228
79 229
80 229
81 230
82 229
82 228
83 227
84 227
84 226
83 225
84 224
85 224
85 223
86 222
86 221
86 220
87 219
88 219
87 218
88 217
88 216
88 215
88 214
89 213
89 212
90 211
90 210
90 209
90 208
91 207
92 206
92 205
92 204
93 203
94 202
93 201
94 200
95 200
95 199
95 198
96 197
96 196
97 195
98 194
97 193
98 192
99 191
100 190
101 189
100 188
101 187
102 186
103 186
103 185
102 184
103 183
104 183
104 182
104 181
105 180
106 180
106 179
106 178
107 177
108 176
109 175
110 174
110 173
111 172
112 173
113 173
114 173
115 174
116 173
117 173
118 173
119 172
120 172
121 173
121 174
122 175
121 176
120 176
120 177
120 178
119 179
119 180
118 181
117 181
118 182
118 183
117 184
117 185
117 186
116 187
116 188
117 189
116 190
116 191
116 192
115 193
116 194
115 195
116 196
116 197
115 198
116 199
116 200
115 201
116 202
116 203
115 204
116 205
116 206
117 207
117 208
116 209
117 210
117 211
117 212
117 213
117 214
118 215
117 216
118 217
118 218
119 219
118 220
119 221
119 222
119 223
120 224
119 225
119 226
120 227
120 228
120 229
121 230
120 231
120 232
120 233
121 234
122 235
121 236
122 236
123 237
124 237
125 238
125 239
126 239
127 240
128 241
129 242
130 242
131 242
132 243
133 243
134 243
135 243
136 242
137 243
137 244
138 243
139 243
140 243
141 243
142 243
143 243
144 243
145 242
146 243
146 244
147 243
148 243
149 243
150 242
151 243
152 243
153 242
154 243
154 244
155 243
156 243
157 243
158 243
159 243
160 243
161 243
162 242
163 243
164 242
165 243
166 242
167 242
168 243
169 242
170 242
171 243
172 242
173 241
174 242
175 241
176 241
177 240
178 241
179 240
180 239
181 239
182 238
183 239
184 238
185 237
186 236
187 235
188 235
189 234
190 233
191 232
192 232
193 231
194 231
195 232
194 233
195 234
195 235
195 236
195 237
195 238
195 239
195 240
196 240
197 241
196 242
197 243
196 244
196 245
195 246
194 245
194 246
193 247
192 248
191 249
190 250
189 251
189 252
188 253
187 253
186 253
186 254
185 255
184 256
183 255
182 256
182 257
181 258
180 258
179 258
179 259
178 260
177 260
176 261
175 262
174 262
173 263
172 263
171 264
170 264
170 265
169 266
168 266
167 266
167 267
166 268
165 268
164 269
163 269
162 270
161 271
160 270
160 271
159 272
158 272
157 272
156 273
155 274
154 274
153 274
152 274
151 275
150 276
149 277
148 277
147 278
147 279
147 280
148 280
149 281
150 280
151 280
152 281
153 280
154 279
155 280
155 281
155 282
154 283
154 284
154 285
153 286
152 286
151 287
150 288
150 289
151 290
151 291
151 292
151 293
151 294
150 295
150 296
150 297
149 298
149 299
150 300
150 301
149 302
150 303
150 304
149 305
149 306
149 307
150 308
150 309
150 310
150 311
151 312
150 313
149 313
150 313
151 314
151 315
152 316
152 317
153 318
152 319
153 319
154 320
153 321
153 322
154 323
155 324
155 325
156 326
157 327
156 328
156 329
155 330
156 331
156 332
157 332
158 333
158 332
159 331
160 330
161 329
162 328
162 327
163 326
164 326
164 325
165 324
166 323
165 322
166 321
165 320
164 319
163 320
162 321
161 321
160 320
160 319
160 318
159 318
158 317
158 316
158 315
157 314
157 313
158 312
157 311
157 310
157 309
156 309
155 308
156 307
157 306
156 305
157 304
156 303
156 302
156 301
156 300
157 299
158 298
157 298
156 297
157 296
157 295
156 294
156 293
157 292
157 291
158 290
159 290
159 289
158 288
159 287
160 287
160 286
160 285
161 284
161 283
161 282
162 281
163 282
164 283
165 284
165 283
166 282
167 282
167 281
166 280
167 279
168 279
169 278
170 278
170 277
171 276
172 275
173 274
174 275
175 274
175 273
176 272
177 271
178 270
179 271
179 270
179 269
180 268
181 268
182 267
182 266
183 265
184 264
185 265
185 264
186 263
187 263
187 262
187 261
188 260
189 260
190 259
191 258
192 257
193 257
193 256
194 255
195 254
196 253
197 252
198 251
198 250
199 249
200 249
200 248
199 247
200 246
201 246
202 245
203 244
204 243
205 243
205 242
206 241
207 240
206 239
207 238
208 237
207 236
207 235
208 234
208 233
209 232
208 231
209 230
208 229
209 228
209 227
208 226
208 225
209 224
208 223
208 222
208 221
208 220
209 219
208 218
208 217
209 216
208 215
207 214
208 213
209 213
208 212
209 211
210 210
210 209
211 208
212 208
213 207
213 206
213 205
214 204
214 203
215 202
216 201
217 200
218 200
218 199
219 198
219 197
219 196
220 195
221 194
221 193
222 192
222 191
223 190
224 189
225 188
226 189
226 190
227 191
227 192
228 193
229 194
228 195
229 195
230 196
231 197
230 198
230 199
230 200
229 201
230 202
229 203
228 203
229 204
229 205
228 206
227 206
228 207
228 208
227 209
227 210
227 211
226 212
226 213
225 214
225 215
225 216
224 217
224 218
223 219
223 220
223 221
222 222
221 222
221 223
222 224
221 225
220 225
221 226
221 227
220 228
219 228
218 229
218 230
218 231
217 232
216 233
215 234
215 235
214 236
213 237
212 238
211 239
212 240
213 240
214 241
215 240
215 239
216 238
217 238
218 238
219 237
220 237
221 238
221 239
222 240
222 241
221 242
221 243
221 244
222 245
222 246
222 247
223 248
224 249
224 250
225 251
224 252
224 253
225 253
226 254
226 255
226 256
227 257
226 258
225 258
226 258
227 259
228 259
229 260
228 261
229 262
229 263
230 264
231 265
230 266
231 266
232 267
232 268
232 269
232 270
233 270
234 271
234 272
234 273
235 273
236 274
235 275
235 276
234 277
234 278
235 278
236 279
236 280
237 279
238 279
239 278
239 277
240 276
241 276
242 276
243 275
244 276
244 275
245 274
246 273
246 272
245 271
244 270
244 271
243 272
242 271
241 271
240 270
239 269
239 268
238 267
237 266
236 265
235 264
236 263
235 262
236 261
235 260
234 259
233 259
232 258
233 257
234 256
233 255
233 254
232 254
231 253
231 252
232 251
232 250
232 249
231 249
230 248
229 248
228 247
229 246
229 245
229 244
230 243
229 242
229 241
228 240
228 239
228 238
227 237
227 236
227 235
228 234
228 233
229 232
230 231
230 230
229 229
230 228
230 227
230 226
229 225
230 224
231 224
230 223
231 222
231 221
231 220
232 219
232 218
232 217
233 216
233 215
232 214
233 213
234 213
234 212
234 211
235 210
234 209
235 208
235 207
235 206
235 205
235 204
235 203
236 202
236 201
237 200
236 199
236 198
237 197
237 196
236 195
237 194
237 193
236 192
237 191
238 191
238 190
239 189
238 188
238 187
238 186
238 185
237 184
238 183
237 182
236 181
237 180
236 179
236 178
235 177
234 176
234 175
234 174
233 174
232 173
233 172
232 171
231 171
230 170
231 169
231 168
231 167
230 166
230 165
231 164
230 163
229 162
229 161
228 160
227 160
226 159
226 158
226 157
226 156
225 155
224 154
225 153
226 152
227 153
228 154
229 155
230 155
231 156
231 157
232 157
233 158
233 159
234 159
235 159
236 159
237 160
238 161
239 162
240 163
241 163
242 163
243 164
244 165
245 165
246 165
247 165
248 165
249 165
250 166
251 165
252 164
253 165
254 164
254 163
255 162
256 163
257 164
258 163
259 163
260 164
261 163
262 163
263 162
264 163
265 163
265 162
266 161
267 162
268 162
269 161
270 161
271 161
272 161
273 160
274 161
275 160
276 159
277 160
277 159
278 158
279 158
280 158
281 158
281 157
282 156
283 157
284 156
285 156
286 157
287 157
288 156
289 155
289 154
289 153
290 152
291 153
292 153
293 153
294 153
295 153
296 154
297 153
298 154
299 155
300 155
301 156
302 156
303 156
304 157
305 157
306 158
307 158
308 159
309 159
310 160
311 161
312 161
313 162
314 162
315 163
316 164
317 165
318 166
319 167
318 168
319 169
320 170
321 171
321 170
322 169
323 170
324 171
325 171
325 170
326 169
327 169
327 168
327 167
326 166
325 165
325 164
324 164
323 163
322 162
321 162
320 161
320 160
319 160
318 159
317 158
316 157
315 156
314 155
313 155
312 154
311 153
310 152
309 151
308 151
307 151
306 151
305 150
304 150
303 149
302 148
301 149
300 148
299 148
298 147
297 146
296 146
295 146
294 147
293 146
292 145
293 144
293 143
294 142
295 142
295 141
294 140
293 139
292 140
291 140
290 141
289 142
288 142
287 143
286 144
285 144
284 144
284 145
283 146
282 146
281 146
281 147
280 148
279 148
278 148
277 149
276 150
275 150
274 150
273 151
272 151
271 152
270 152
269 153
268 153
267 154
266 154
265 155
264 154
264 155
263 156
262 155
261 156
260 157
259 156
258 157
257 157
256 157
255 156
254 156
253 155
252 154
251 153
250 154
249 153
248 152
247 153
246 152
245 152
244 152
243 151
243 150
242 151
241 150
240 149
239 150
238 149
237 149
236 148
237 147
238 147
239 146
240 145
241 144
242 144
242 143
243 142
244 142
244 141
243 140
244 139
245 139
245 138
245 137
246 136
245 135
246 134
246 133
245 132
245 131
244 130
243 129
244 128
243 127
242 127
241 126
242 125
243 125
244 124
245 125
246 124
247 123
247 122
248 121
249 120
249 119
249 118
249 117
248 116
248 115
249 114
250 114
251 115
252 114
253 115
254 116
255 116
256 116
257 117
257 118
258 119
259 120
260 121
260 122
261 123
262 124
263 124
264 125
264 126
265 127
266 128
266 129
267 129
268 130
269 131
270 130
271 131
271 132
272 132
273 133
274 133
275 134
275 135
276 134
277 135
278 134
279 134
280 135
281 136
282 135
283 136
283 137
284 136
285 135
286 136
287 135
288 136
289 136
290 137
291 136
292 136
293 136
294 136
295 136
296 136
297 136
298 136
299 135
300 136
300 135
301 134
302 133
303 133
304 132
305 132
306 132
307 132
308 131
308 130
309 129
310 128
311 127
311 126
312 125
313 125
313 124
314 123
315 123
315 122
315 121
316 120
316 119
315 118
315 117
314 116
313 116
313 117
312 118
311 118
311 119
310 120
309 121
308 122
308 123
307 124
307 125
306 126
305 127
305 128
304 129
303 129
302 129
301 129
300 130
299 130
298 129
297 130
296 130
295 131
294 132
293 131
292 131
291 131
290 130
289 131
288 131
287 131
286 132
285 131
284 130
283 130
282 129
281 130
280 130
279 129
278 129
277 128
276 127
275 127
274 127
273 127
272 126
273 125
272 124
271 123
270 123
269 123
268 122
267 121
267 120
266 119
265 118
264 117
264 116
263 116
262 115
262 114
261 114
260 113
260 112
260 111
259 111
258 110
258 109
259 108
260 107
261 106
262 106
263 105
264 106
264 105
264 104
265 103
266 103
267 103
268 102
269 101
270 100
270 99
271 98
270 98
269 97
268 96
267 95
266 96
265 97
265 98
264 99
263 99
262 98
261 99
260 100
259 101
258 101
257 102
256 102
255 102
254 101
253 100
253 99
254 98
254 97
253 96
253 95
253 94
252 93
253 92
252 91
252 90
251 89
250 89
249 88
249 87
248 87
247 86
246 86
245 85
244 86
244 87
243 88
242 87
241 86
240 85
241 84
242 83
242 82
242 81
242 80
243 79
244 79
245 79
245 78
245 77
246 76
245 75
244 75
243 74
243 73
242 74
241 73
240 72
240 73
239 74
238 75
239 76
238 77
237 77
238 78
238 79
237 80
236 80
236 81
235 82
235 83
235 84
235 85
234 86
234 87
233 88
232 88
231 87
230 86
229 86
228 85
229 84
228 83
227 83
226 82
226 81
225 82
224 81
223 80
222 79
221 79
220 78
219 78
218 78
217 77
216 76
215 75
214 74
213 74
212 73
212 72
211 71
211 70
210 70
209 69
209 68
208 67
208 66
208 65
208 64
207 63
206 62
205 61
204 60
204 59
204 58
205 57
206 57
205 56
204 55
205 54
204 54
203 53
204 52
204 51
204 50
203 49
204 48
204 47
205 46
205 45
205 44
206 43
207 43
207 42
208 41
209 41
210 42
210 41
211 40
212 40
212 39
213 38
214 39
214 38
215 37
216 37
215 36
215 35
215 34
214 34
213 33
213 32
212 33
211 33
210 33
210 34
210 35
209 36
208 36
207 36
206 36
206 37
205 38
204 39
204 40
203 41
202 41
202 42
201 43
200 44
200 45
201 46
200 47
199 48
198 49
199 50
198 51
198 52
199 53
199 54
199 55
199 56
200 57
199 58
198 58
199 59
199 60
199 61
200 61
201 62
201 63
200 64
201 65
201 66
202 67
203 67
204 68
204 69
204 70
203 71
204 72
205 73
205 74
206 74
207 75
208 76
209 77
209 78
210 78
211 79
211 80
212 80
213 81
214 81
215 82
216 83
217 83
218 84
218 85
219 85
220 85
221 85
222 86
223 87
224 88
225 89
226 89
227 90
226 91
227 92
228 93
228 94
229 95
228 96
227 97
226 96
225 97
224 97
223 97
223 98
222 99
221 99
220 99
220 100
220 101
219 102
219 103
218 104
217 104
216 103
215 102
214 102
213 102
212 103
211 102
211 101
210 102
209 102
208 102
207 102
206 103
205 103
204 103
203 104
202 105
201 105
200 106
199 107
199 108
198 109
198 110
198 111
198 112
197 113
196 114
195 113
194 112
194 111
193 110
192 109
192 108
191 107
192 106
191 106
190 105
189 104
188 103
187 102
186 101
185 101
184 100
184 99
184 98
184 97
184 96
185 95
184 94
184 93
185 92
184 91
185 90
185 89
185 88
186 87
186 86
185 85
186 84
187 84
186 83
186 82
187 81
187 80
188 79
187 78
188 77
189 76
189 75
189 74
190 73
190 72
190 71
191 70
191 69
192 68
191 67
192 66
193 65
193 64
193 63
194 62
194 61
194 60
193 59
192 58
192 59
191 60
190 60
190 61
189 62
188 61
188 60
187 59
187 58
187 57
187 56
186 55
186 54
185 54
184 53
183 52
184 51
183 51
182 50
182 49
182 48
181 48
180 47
181 46
180 45
179 45
178 44
177 43
176 42
176 41
175 40
174 39
173 40
172 39
171 38
170 37
169 36
168 35
167 35
166 34
166 33
167 32
168 32
168 31
167 30
167 29
166 29
165 30
