215 49
214 50
213 50
212 50
211 50
211 51
211 52
211 53
211 54
211 55
212 56
212 57
212 58
212 59
212 60
213 61
213 62
213 63
214 64
214 65
214 66
215 66
216 67
215 68
215 69
214 70
214 71
215 72
215 73
215 74
215 75
215 76
215 77
216 78
215 79
216 79
217 80
218 81
217 82
216 83
217 84
216 85
216 86
216 87
217 88
217 89
218 90
218 91
219 92
219 93
219 94
218 95
217 96
218 97
217 98
218 99
219 100
218 101
219 102
219 103
219 104
220 105
221 106
220 107
219 108
219 109
219 110
219 111
219 112
220 113
220 114
220 115
221 116
222 117
222 118
222 119
221 120
221 121
222 122
221 123
221 124
222 125
222 126
222 127
223 128
222 129
223 130
223 131
224 132
224 133
225 134
225 135
226 136
225 137
224 137
225 138
226 139
226 140
227 141
226 142
225 142
226 143
227 144
226 145
227 146
228 147
228 148
229 149
230 149
231 150
230 151
229 151
228 151
227 151
226 152
225 152
224 153
223 154
222 155
222 156
222 157
221 158
221 159
221 160
220 161
220 162
219 163
218 163
217 163
216 163
215 162
215 161
214 162
213 162
212 162
211 161
210 160
210 159
210 158
210 157
209 157
208 156
209 155
208 154
207 153
207 152
207 151
206 150
206 149
205 148
204 147
203 146
202 146
201 145
202 144
202 143
202 142
203 141
202 140
203 139
204 139
203 138
204 137
204 136
204 135
205 134
205 133
205 132
206 131
206 130
206 129
206 128
207 127
207 126
208 125
207 124
207 123
208 122
207 121
207 120
208 119
209 119
208 118
209 117
208 116
208 115
209 114
210 113
209 112
208 111
207 111
206 111
205 110
205 109
206 108
205 108
204 107
205 106
205 105
204 104
204 103
203 102
203 101
204 100
203 99
202 99
201 98
202 97
201 96
202 95
202 94
201 94
200 93
199 93
198 92
197 92
196 92
195 91
195 92
194 93
193 94
192 95
191 95
191 96
190 97
190 98
189 99
190 100
190 101
191 101
192 102
193 103
192 104
193 104
194 105
195 106
195 107
194 108
195 109
195 110
196 111
196 112
197 113
197 114
196 115
196 116
197 116
198 117
198 118
198 119
198 120
197 121
198 122
198 123
198 124
198 125
197 126
198 127
197 128
197 129
197 130
197 131
196 132
197 133
196 134
195 134
196 135
196 136
195 137
196 138
196 139
195 140
195 141
194 142
195 143
195 144
194 145
195 146
195 147
194 148
195 149
195 150
194 151
195 152
195 153
196 154
196 155
195 156
196 157
197 158
197 159
197 160
197 161
197 162
198 163
197 164
198 165
198 166
199 167
199 168
200 169
199 170
200 170
201 171
201 172
202 173
202 174
202 175
202 176
201 177
200 176
199 177
198 176
197 177
196 177
195 176
195 177
194 178
193 179
192 178
192 179
191 180
190 180
189 179
188 178
187 177
186 177
185 177
184 177
183 177
182 176
181 176
180 176
179 175
178 175
177 175
176 174
175 175
174 174
173 175
172 175
171 176
170 175
169 176
168 176
167 176
166 177
165 177
164 178
163 178
162 178
162 179
161 180
160 179
160 180
159 181
158 182
157 181
157 182
156 183
155 184
154 184
153 184
153 185
152 186
151 187
150 186
150 187
149 188
148 189
147 190
146 189
146 190
145 191
144 192
143 193
142 193
141 194
140 195
139 195
138 195
137 195
136 196
135 197
134 197
133 197
133 198
132 199
132 200
133 201
133 202
132 203
131 202
130 202
129 203
128 203
128 204
127 205
126 204
126 205
125 206
124 207
123 208
122 208
121 208
120 208
119 208
118 208
118 209
118 210
117 211
116 211
116 212
116 213
116 214
116 215
116 216
116 217
117 218
118 218
119 217
120 218
121 219
122 220
123 219
124 218
125 217
126 216
127 215
128 215
129 214
130 213
130 212
131 211
132 212
133 213
133 212
133 211
134 210
135 210
135 209
136 208
137 209
138 209
139 210
139 211
140 210
141 209
141 208
142 207
143 207
143 206
143 205
144 204
145 203
146 202
147 202
148 201
148 200
149 199
150 198
151 197
152 197
153 196
153 195
154 194
155 194
156 193
157 194
157 193
157 192
158 191
159 191
158 190
159 189
160 189
161 188
162 188
163 188
164 187
165 187
165 186
166 185
167 184
168 185
168 184
169 183
170 182
171 183
171 184
172 184
173 185
173 186
174 185
175 186
176 187
177 187
178 188
179 188
180 189
181 190
181 191
180 192
179 192
179 193
178 194
177 195
177 196
176 197
175 197
175 198
174 199
173 200
172 200
172 201
172 202
171 203
170 202
169 203
168 204
168 205
167 206
166 206
166 207
165 208
164 208
164 209
163 210
162 211
162 212
161 213
160 214
159 214
159 215
158 216
157 217
157 218
156 219
155 219
155 220
154 221
153 222
152 223
152 224
151 225
150 225
150 226
149 227
148 227
147 227
146 228
145 228
144 227
143 228
142 228
141 228
140 228
139 229
138 229
137 229
136 230
135 230
134 230
133 230
133 231
132 232
131 231
130 232
129 233
128 233
127 234
127 235
126 236
125 236
125 237
125 238
124 239
123 239
122 239
121 239
121 240
120 241
119 242
118 243
117 244
116 244
116 245
115 246
114 247
113 247
113 248
113 249
112 250
111 250
111 251
110 252
109 252
109 253
108 254
107 255
106 256
106 257
105 258
104 258
104 259
103 260
102 261
102 262
101 263
100 263
99 264
99 265
98 266
97 266
97 267
97 268
96 269
95 269
95 270
94 271
93 272
92 273
91 273
90 274
89 274
88 274
88 275
87 276
86 277
85 277
84 278
83 277
82 277
81 278
80 279
79 278
78 279
77 278
76 279
75 279
74 279
74 280
74 281
74 282
74 283
74 284
74 285
74 286
74 287
74 288
74 289
75 289
76 290
76 291
77 291
78 290
79 290
80 290
80 289
81 288
82 288
83 287
84 287
85 287
85 286
86 285
87 285
88 284
89 283
90 284
91 284
92 283
93 282
94 281
95 281
95 280
96 279
97 280
97 281
97 282
98 283
99 284
100 284
101 283
101 282
101 281
102 280
102 279
103 278
102 277
103 276
104 275
103 274
104 273
105 272
106 271
105 270
106 269
107 268
108 268
108 267
108 266
109 265
110 265
109 264
109 263
110 262
111 262
111 261
112 260
113 260
113 259
114 258
115 257
116 256
116 255
117 254
118 254
118 253
118 252
119 251
120 251
121 250
122 251
122 250
123 249
124 248
124 247
125 246
126 246
126 245
127 244
128 243
129 242
130 241
131 242
132 241
133 242
134 241
135 241
136 242
137 243
136 244
135 245
135 246
134 247
133 247
132 248
132 249
131 250
130 251
129 252
128 253
128 254
127 255
126 256
125 257
124 258
123 259
123 260
123 261
122 262
121 263
121 264
120 265
119 266
119 267
119 268
118 269
117 269
117 270
117 271
116 272
116 273
115 274
114 274
114 275
113 276
113 277
113 278
112 279
111 280
112 281
111 282
111 283
112 284
111 285
111 286
111 287
111 288
111 289
112 290
112 291
112 292
112 293
112 294
113 294
114 295
115 296
115 297
116 298
117 299
117 300
118 301
119 302
119 303
119 304
119 305
120 305
121 306
121 307
122 307
123 308
124 308
125 308
126 309
127 308
128 309
128 310
129 310
130 310
131 311
132 311
133 311
134 312
135 313
136 312
137 313
138 314
139 313
140 313
141 314
142 313
143 314
143 315
144 314
145 313
146 314
147 314
147 313
148 312
149 313
150 312
150 311
151 310
152 311
152 310
153 309
154 309
155 309
156 308
157 309
157 308
157 307
158 306
159 306
159 305
160 304
161 303
162 302
163 301
164 301
165 301
165 300
166 299
167 298
167 297
168 296
169 296
170 295
171 294
172 293
173 292
174 291
175 290
175 289
176 288
177 287
178 286
179 285
180 284
180 283
181 282
182 281
183 282
184 282
185 283
185 284
185 285
184 286
185 287
184 288
185 289
185 290
184 291
184 292
183 293
183 294
182 295
181 296
180 297
179 298
178 299
177 299
176 300
176 301
175 302
174 302
174 303
173 304
172 305
172 306
171 307
170 307
169 308
169 309
168 310
167 311
167 312
166 313
165 313
164 314
163 315
162 315
161 316
161 317
160 318
159 319
158 318
158 319
157 320
156 321
155 321
154 322
153 322
152 323
151 323
150 324
149 324
148 324
148 325
147 326
146 326
146 327
147 328
148 329
149 328
150 328
151 327
152 327
153 327
154 328
154 329
154 330
153 331
152 332
152 333
151 334
151 335
150 336
150 337
151 338
150 339
149 340
150 341
149 342
148 343
149 344
149 345
148 346
147 347
146 348
147 349
147 350
147 351
148 351
149 352
149 353
149 354
150 354
151 354
152 354
153 354
154 354
155 354
156 353
157 352
157 351
158 350
158 349
157 348
158 347
157 347
156 346
157 345
158 345
157 344
157 343
158 342
158 341
157 340
158 339
159 339
159 338
159 337
160 336
160 335
160 334
160 333
161 332
162 331
163 331
163 330
163 329
164 328
164 327
165 326
166 325
167 324
168 323
169 322
169 321
170 320
171 320
171 319
172 318
173 317
174 316
174 315
175 314
176 313
177 312
178 312
178 311
178 310
179 309
180 309
180 308
181 307
182 306
183 305
183 304
184 303
185 303
185 302
186 301
186 300
186 299
187 298
188 298
188 297
189 296
190 295
191 294
190 293
191 292
192 291
193 290
192 289
193 288
194 287
195 286
195 285
196 284
196 283
195 282
196 281
196 280
196 279
195 278
196 277
196 276
195 275
195 274
195 273
196 272
196 271
196 270
195 269
196 268
197 267
197 266
198 265
199 264
198 263
199 262
200 261
201 262
202 261
203 260
202 259
203 258
204 257
205 257
206 256
206 255
206 254
207 253
208 252
209 252
210 251
211 250
211 249
211 248
212 247
213 246
214 245
214 244
215 243
216 243
216 242
217 241
218 240
218 239
219 238
219 237
220 236
221 235
222 234
222 233
223 232
224 232
224 231
224 230
225 229
226 229
227 228
228 229
228 230
229 231
230 232
231 233
232 234
233 235
233 236
234 236
235 237
236 238
235 239
235 240
235 241
234 242
234 243
234 244
233 245
233 246
232 247
231 247
230 248
231 249
230 250
229 251
228 252
228 253
228 254
227 255
226 256
226 257
225 258
225 259
225 260
224 261
223 261
223 262
222 263
221 264
221 265
220 266
219 267
218 267
218 268
217 269
216 270
217 270
218 271
218 272
219 271
220 272
220 273
219 274
218 275
218 276
217 277
216 277
216 278
215 279
215 280
215 281
215 282
214 283
214 284
213 285
212 285
213 286
212 287
211 288
210 289
210 290
209 291
210 292
210 293
211 293
212 294
212 295
211 296
211 297
212 297
213 297
214 297
215 297
216 297
217 297
218 297
219 297
220 297
221 297
221 296
222 295
223 295
222 294
222 293
223 292
222 292
221 291
221 290
221 289
222 288
223 287
222 286
222 285
223 284
223 283
224 282
225 281
225 280
226 279
225 278
226 277
227 276
228 275
228 274
228 273
229 272
229 271
230 270
230 269
231 268
231 267
231 266
232 265
232 264
232 263
233 262
234 261
235 260
235 259
235 258
236 257
236 256
236 255
237 254
238 254
237 253
238 252
239 251
238 250
239 249
240 249
240 248
240 247
241 246
241 245
241 244
242 243
243 242
242 241
243 240
242 239
243 238
244 238
243 237
242 236
243 235
243 234
243 233
243 232
242 231
242 230
242 229
241 228
241 227
241 226
240 226
239 225
240 224
239 223
238 223
237 222
238 221
237 221
236 220
235 219
236 218
235 217
235 216
235 215
236 214
236 213
236 212
235 211
236 210
236 209
235 208
236 207
236 206
237 205
238 204
239 204
240 205
241 205
242 205
243 205
244 206
245 205
246 206
247 206
248 206
249 206
250 207
251 208
252 208
253 207
254 208
255 209
256 208
257 208
258 208
259 208
260 209
261 208
262 208
263 208
264 208
265 208
266 208
267 207
268 207
269 207
270 207
271 206
272 205
273 205
274 205
275 205
276 204
277 204
278 204
279 203
280 203
281 202
282 203
283 202
284 202
285 201
286 202
287 201
288 200
289 200
290 199
291 199
292 199
293 199
294 198
295 199
296 198
297 198
298 199
299 198
300 199
301 198
302 198
303 199
304 198
305 199
305 200
306 200
307 199
308 200
309 200
310 200
311 201
312 201
313 202
313 203
314 203
315 203
316 202
317 202
318 201
318 200
319 199
319 198
320 197
320 196
320 195
321 194
320 193
319 193
318 192
317 191
316 191
315 191
314 191
313 190
312 190
311 190
310 190
309 190
308 189
308 188
307 188
306 189
305 189
304 190
303 189
302 189
301 190
300 190
299 190
298 191
297 191
296 191
295 191
294 191
293 190
292 190
291 190
290 190
289 191
288 190
288 191
287 192
286 193
285 192
284 193
283 193
282 193
281 194
280 195
279 195
278 196
277 195
276 196
275 197
274 197
273 197
272 198
271 198
271 199
270 200
269 199
268 199
267 200
266 199
265 198
264 198
263 198
262 197
261 196
260 196
259 196
258 195
257 196
256 195
255 195
254 194
253 194
252 194
251 194
250 193
249 192
250 191
249 190
249 189
248 188
247 187
247 186
247 185
248 184
249 185
250 185
251 184
252 184
253 183
253 182
254 181
255 180
256 180
256 179
256 178
257 177
257 176
256 175
257 174
257 173
257 172
258 171
259 172
259 173
260 172
261 173
262 174
263 175
264 175
265 175
266 175
267 176
268 175
269 176
270 176
271 177
272 176
273 176
274 175
275 175
276 175
277 176
278 176
279 176
280 176
281 176
282 176
283 176
284 176
285 176
286 177
287 176
288 176
289 176
290 175
291 176
292 176
293 175
294 176
295 177
296 176
297 176
298 176
299 176
300 176
301 176
302 177
303 177
303 176
304 175
305 176
306 176
307 176
308 176
309 177
310 176
311 176
312 176
313 176
314 175
315 175
316 174
317 175
318 175
319 175
320 176
321 175
322 175
323 176
324 175
325 175
326 174
327 175
328 175
329 174
330 174
331 175
332 174
333 175
334 175
335 175
336 176
337 176
338 175
339 175
340 175
341 176
342 175
343 174
344 175
345 175
346 175
347 176
348 176
349 175
350 176
351 177
352 176
353 176
354 176
354 175
354 174
355 173
355 172
355 171
355 170
355 169
354 169
353 169
352 169
351 168
350 168
349 167
348 168
347 168
346 167
345 168
344 167
344 166
343 166
342 166
341 167
340 167
339 166
338 167
337 166
336 166
335 167
334 167
333 166
332 166
331 165
330 164
330 165
329 166
328 166
327 166
326 166
325 166
324 167
323 166
322 166
321 167
320 166
319 166
318 167
317 166
316 165
315 165
314 165
314 166
313 167
312 167
311 166
310 167
309 167
308 167
307 167
306 167
305 168
304 167
303 166
302 165
302 166
301 167
300 167
299 167
298 167
297 167
296 167
295 168
294 167
293 167
292 168
291 167
291 166
290 167
289 166
288 166
287 167
286 166
285 166
284 166
283 166
282 167
281 166
280 166
279 166
278 167
277 166
276 167
275 166
274 165
273 165
272 165
271 165
270 164
270 163
269 164
268 163
267 162
266 162
265 162
264 162
263 162
262 161
263 160
264 159
265 159
266 158
267 157
267 156
268 155
268 154
268 153
268 152
267 152
266 151
266 150
265 150
264 150
263 151
262 151
262 152
261 153
260 153
260 154
259 155
258 155
257 156
256 155
255 155
254 154
254 153
255 152
256 152
255 151
255 150
254 150
253 149
252 148
251 148
250 148
249 147
249 146
249 145
249 144
250 143
250 142
251 141
252 141
252 140
252 139
251 138
250 137
250 136
249 135
248 135
247 135
246 136
245 137
245 138
244 139
244 140
244 141
243 142
242 142
241 143
240 143
239 142
240 141
239 140
239 139
238 138
237 137
237 136
236 135
235 134
234 133
233 132
233 131
233 130
234 129
234 128
233 127
233 126
234 125
233 124
233 123
233 122
233 121
232 120
233 119
232 118
232 117
231 116
230 115
230 114
230 113
230 112
230 111
230 110
230 109
230 108
229 107
230 106
229 105
230 104
230 103
229 103
228 102
228 101
229 100
228 99
228 98
228 97
228 96
228 95
228 94
227 93
228 92
229 92
228 92
227 91
226 90
227 89
226 89
225 88
225 87
226 86
226 85
226 84
226 83
225 82
226 81
226 80
225 79
225 78
224 77
223 76
224 75
223 74
224 73
223 72
222 71
223 70
223 69
222 68
223 67
224 67
223 67
222 66
221 65
221 64
221 63
222 62
221 61
220 60
221 59
220 58
220 57
220 56
219 55
219 54
220 53
220 52
219 51
218 50
217 49
216 49
