168 14
167 15
166 16
165 17
165 18
164 19
165 20
166 21
166 22
167 23
167 24
166 25
167 26
167 27
167 28
168 29
167 30
167 31
168 32
167 33
168 34
169 35
168 36
167 36
168 37
167 38
167 39
167 40
166 41
167 42
167 43
167 44
167 45
167 46
166 47
165 48
165 49
165 50
165 51
164 52
164 53
164 54
163 55
163 56
164 57
163 58
163 59
162 60
161 60
161 61
162 62
161 63
160 63
160 64
159 65
159 66
159 67
158 68
158 69
157 70
156 71
156 72
155 73
155 74
156 75
155 76
155 77
155 78
154 79
153 80
152 81
151 82
152 83
151 84
151 85
151 86
150 87
149 87
148 87
147 88
146 87
145 87
144 88
143 87
142 87
141 88
140 88
139 88
138 89
137 90
136 89
136 90
135 91
134 92
133 93
132 93
131 94
130 93
130 92
129 91
128 90
128 89
128 88
129 87
130 87
130 86
130 85
131 84
132 84
132 83
133 82
134 81
135 80
136 79
137 78
138 79
138 78
139 77
139 76
138 75
138 74
139 73
140 73
140 72
141 71
142 70
141 69
141 68
141 67
140 66
141 65
142 64
141 63
142 62
141 61
141 60
141 59
141 58
142 57
142 56
141 55
142 54
143 54
142 53
141 52
142 51
142 50
141 49
142 48
141 47
142 46
143 46
143 45
144 44
145 43
146 43
145 42
144 41
143 40
142 40
141 40
140 40
139 40
138 39
137 38
136 39
136 40
135 41
136 42
137 43
137 44
137 45
137 46
136 47
136 48
135 49
134 49
135 50
135 51
134 52
134 53
135 54
135 55
135 56
135 57
134 58
134 59
134 60
135 61
135 62
134 63
135 64
135 65
134 66
134 67
133 68
132 69
132 70
131 71
130 71
131 72
131 73
130 74
129 74
128 75
128 76
127 77
126 77
126 78
127 79
126 80
125 80
125 81
124 82
123 83
124 84
123 85
122 85
122 86
122 87
121 88
122 89
123 90
122 91
121 91
122 92
122 93
122 94
122 95
121 96
122 96
123 97
123 98
122 99
123 99
124 100
124 101
124 102
124 103
124 104
125 105
126 106
126 107
125 108
124 107
123 107
122 106
121 105
120 105
119 106
118 106
117 105
116 106
115 107
114 107
113 107
112 107
111 108
111 109
110 110
109 109
108 110
107 109
106 108
105 108
104 108
103 108
102 108
101 107
100 108
99 108
98 108
98 109
97 110
96 109
95 109
94 110
93 109
92 109
91 110
90 110
89 110
88 110
87 111
86 111
85 111
84 112
83 112
82 112
81 113
80 114
79 113
79 114
78 115
77 114
76 115
75 116
74 116
74 117
73 118
72 118
71 119
70 118
69 119
68 120
67 120
66 119
65 119
65 120
64 121
63 120
62 121
61 121
60 121
59 121
59 122
58 123
57 123
56 123
55 124
54 123
53 124
53 125
52 126
51 126
51 127
50 128
49 129
49 130
50 131
51 132
52 133
52 132
53 131
54 130
55 129
56 128
57 129
58 129
59 128
60 128
61 129
62 129
63 128
64 128
64 127
65 126
66 126
67 127
68 126
69 126
70 127
71 126
72 125
73 124
74 125
75 125
76 124
77 123
78 123
79 122
80 122
81 121
82 120
83 120
84 119
85 120
85 119
86 118
87 118
88 117
89 116
90 117
91 117
91 116
92 115
93 115
94 115
95 114
96 115
97 116
98 116
99 117
98 118
97 118
97 119
96 120
95 121
94 122
94 123
93 124
92 124
91 124
90 125
89 126
88 127
88 128
87 129
86 130
86 131
85 132
84 131
83 132
82 132
81 132
80 132
79 132
78 132
77 133
76 133
75 134
74 134
73 134
73 135
72 136
71 137
70 137
69 137
69 138
68 139
68 140
67 141
66 141
66 142
65 143
64 144
63 145
62 145
61 145
61 146
60 147
59 148
58 149
58 150
57 151
56 152
55 153
54 154
53 155
52 156
52 157
51 158
50 159
49 160
48 161
47 162
47 163
46 164
45 165
44 166
43 167
44 168
43 169
42 170
42 171
42 172
41 173
40 173
40 174
40 175
39 176
38 176
37 176
37 177
36 178
35 178
34 179
34 180
33 181
32 181
31 182
30 182
29 182
29 183
28 184
27 185
26 186
25 185
25 186
24 187
23 188
22 189
21 190
20 190
20 191
19 192
18 192
17 193
18 194
17 195
18 196
18 197
18 198
19 199
20 200
21 200
22 199
22 198
23 197
23 196
24 195
25 196
26 197
26 196
26 195
27 194
28 194
28 193
29 192
30 191
31 190
31 189
32 188
33 188
33 187
34 186
35 186
36 187
37 186
38 185
38 184
39 183
40 182
41 182
42 182
42 181
43 180
44 179
45 178
46 178
47 178
48 177
49 176
49 175
50 174
50 173
51 172
51 171
51 170
52 169
53 169
53 168
52 167
53 166
54 166
54 165
55 164
56 164
56 163
57 162
58 161
57 160
58 159
59 158
59 157
60 156
61 155
62 155
62 154
63 153
64 153
64 152
64 151
65 150
66 150
66 149
67 148
68 147
69 147
69 146
69 145
70 144
71 145
72 146
73 146
74 146
75 147
75 148
74 149
74 150
74 151
73 152
74 153
73 154
72 154
72 155
73 156
72 157
73 158
72 159
72 160
72 161
72 162
73 163
72 164
72 165
72 166
71 167
72 168
72 169
72 170
72 171
73 172
73 173
73 174
74 175
74 176
74 177
74 178
75 179
76 180
76 181
76 182
77 183
77 184
78 184
79 185
80 186
81 187
82 188
83 189
84 190
85 190
86 191
86 192
87 191
88 192
89 192
90 193
91 193
92 193
93 193
94 193
95 193
96 193
97 194
98 193
99 193
100 194
101 193
102 193
103 192
104 193
105 193
106 192
107 193
108 192
109 191
110 192
111 191
112 191
113 190
114 190
115 190
116 189
117 188
118 188
119 188
119 187
120 186
121 186
122 186
122 185
123 184
124 185
124 184
125 183
126 183
126 182
127 181
128 182
128 183
128 184
127 185
128 186
127 187
127 188
127 189
127 190
127 191
126 192
125 192
125 193
124 194
123 195
122 195
122 196
122 197
121 198
120 198
120 199
119 200
118 200
117 200
117 201
116 202
115 203
114 203
113 204
112 205
111 206
110 207
110 208
109 209
108 210
107 211
106 211
105 211
105 212
104 213
103 213
102 214
101 214
101 215
101 216
100 217
99 216
98 217
97 217
97 218
98 219
97 220
98 221
97 222
97 223
96 224
95 225
95 226
95 227
94 228
93 228
93 229
93 230
92 231
91 231
92 232
91 233
90 234
90 235
89 236
89 237
90 237
91 238
90 239
89 239
89 240
89 241
88 242
87 242
88 243
88 244
87 245
87 246
86 247
85 248
84 247
83 248
83 249
82 250
83 251
84 252
85 253
86 252
87 252
88 251
89 252
89 253
90 253
91 252
92 252
92 251
92 250
93 249
92 248
92 247
92 246
93 245
93 244
94 243
95 243
96 242
97 241
96 240
96 239
97 238
97 237
97 236
98 235
98 234
99 233
100 232
100 231
101 230
101 229
102 228
103 227
103 226
103 225
104 224
104 223
105 222
106 221
107 222
108 221
109 221
110 220
111 219
111 218
111 217
112 216
113 215
114 214
115 213
115 212
116 211
117 210
118 209
119 208
120 207
120 206
121 205
122 205
122 204
123 203
124 202
125 201
125 200
126 199
127 198
128 197
129 197
129 196
129 195
130 194
131 194
131 193
132 192
133 191
134 190
134 189
135 188
136 188
136 187
136 186
137 185
137 184
137 183
138 182
137 181
137 180
138 179
137 178
138 177
138 176
138 175
138 174
137 174
136 173
137 172
138 172
139 172
139 171
140 170
141 169
142 168
142 167
143 166
144 166
144 165
145 164
146 164
146 163
145 162
146 161
147 161
147 160
148 159
149 159
150 160
151 161
150 162
150 163
150 164
149 165
150 166
149 167
148 168
149 169
149 170
148 171
148 172
147 173
147 174
148 175
147 176
146 176
146 177
146 178
145 179
145 180
145 181
144 182
145 183
144 184
143 184
143 185
144 186
144 187
144 188
143 189
143 190
143 191
144 192
144 193
144 194
144 195
143 196
144 196
145 197
144 198
143 198
143 199
143 200
143 201
143 202
143 203
143 204
143 205
142 206
143 207
143 208
143 209
144 210
145 210
146 211
147 211
148 210
149 210
149 209
149 208
150 207
149 206
150 205
149 204
149 203
149 202
149 201
149 200
150 199
149 198
150 197
151 197
150 196
150 195
151 194
151 193
150 193
149 192
150 191
151 190
150 189
151 188
151 187
151 186
150 185
150 184
151 183
152 183
152 182
153 181
153 180
153 179
153 178
154 177
154 176
155 175
155 174
154 173
155 172
156 172
155 171
155 170
156 169
155 168
155 167
156 166
156 165
156 164
157 163
156 162
157 161
158 160
157 159
158 158
157 157
158 156
158 155
157 154
157 153
157 152
156 151
156 150
155 149
155 148
155 147
155 146
156 145
156 144
156 143
157 142
157 141
156 140
157 139
156 138
156 137
156 136
155 135
155 134
154 133
154 132
154 131
155 130
156 130
157 130
158 131
158 132
159 131
160 131
161 132
162 131
163 132
164 132
165 131
166 132
167 131
168 131
169 130
170 129
171 128
172 128
173 128
174 127
175 127
176 126
177 125
178 125
179 124
180 123
181 122
182 123
182 122
182 121
183 120
184 121
185 120
186 119
187 118
188 118
189 117
190 117
191 116
191 115
192 114
193 114
194 114
195 114
196 114
196 113
197 112
198 113
199 113
200 112
201 112
202 111
203 110
204 111
205 110
206 109
207 108
208 109
208 110
209 109
210 109
211 108
212 108
213 107
214 108
215 108
215 107
216 106
217 105
216 105
215 104
216 103
215 102
216 101
215 101
214 100
213 99
212 100
211 99
210 100
210 101
209 102
208 102
207 102
206 103
205 103
204 102
203 103
202 103
201 104
200 104
199 103
198 104
197 104
197 105
197 106
196 107
195 107
194 106
193 106
192 107
191 107
191 108
190 109
189 110
188 111
187 110
186 109
185 110
184 110
183 111
182 112
181 111
180 111
179 111
179 112
178 113
177 113
177 114
176 115
176 116
176 117
175 118
174 118
173 119
172 119
172 120
171 121
170 122
169 122
168 123
167 123
166 123
165 123
164 122
164 121
165 120
166 120
166 119
167 118
168 117
168 116
168 115
169 114
168 113
169 112
170 112
169 111
168 110
169 109
169 108
168 107
169 106
170 106
169 105
169 104
169 103
169 102
170 101
170 100
171 99
172 98
173 97
174 96
175 95
175 94
176 93
177 94
178 95
179 94
180 93
181 92
182 93
183 92
184 92
185 92
186 91
187 91
188 90
189 89
190 90
190 89
191 88
192 88
193 87
194 87
195 87
195 86
196 85
197 85
198 84
199 84
200 84
201 84
201 83
202 82
203 82
204 81
205 81
206 81
207 80
208 80
209 79
210 78
211 79
212 79
212 78
213 77
214 77
215 76
216 75
217 76
218 76
219 76
220 77
221 76
221 75
222 74
223 75
224 75
225 75
226 74
227 74
228 73
229 73
230 73
231 74
232 73
233 73
234 73
235 74
236 73
237 72
237 71
238 70
237 70
236 69
236 68
235 68
234 67
233 67
232 68
231 68
230 69
229 69
228 69
227 69
226 69
225 68
224 69
223 69
222 69
221 70
220 70
219 69
218 69
217 70
216 70
215 71
214 72
213 72
212 72
211 72
210 72
210 73
209 74
208 74
207 74
206 75
205 75
204 75
204 76
203 77
202 77
201 78
200 78
199 77
198 77
198 78
197 79
196 80
195 80
194 80
193 80
193 81
192 82
191 82
191 83
190 84
189 83
188 82
188 83
188 84
187 85
186 85
185 86
184 85
183 84
183 83
184 82
185 81
185 80
186 79
187 79
186 78
187 77
187 76
186 75
185 75
184 74
183 74
182 75
181 76
181 77
181 78
181 79
180 80
179 81
178 81
177 80
177 79
177 78
178 77
178 76
177 75
176 75
175 74
176 73
175 72
174 72
173 71
172 72
171 72
170 73
169 72
169 71
170 70
171 70
172 69
173 69
174 69
175 68
176 68
176 67
176 66
176 65
175 65
174 64
173 63
172 64
171 65
170 64
169 65
168 65
167 66
166 67
166 68
165 69
164 68
164 67
164 66
165 65
165 64
166 63
167 62
168 61
167 60
167 59
168 58
169 57
169 56
169 55
170 54
169 53
168 52
169 51
170 51
171 50
171 49
171 48
171 47
172 46
172 45
171 44
172 43
173 43
173 42
173 41
174 40
173 39
172 38
173 37
174 37
173 36
174 35
174 34
173 33
173 32
173 31
173 30
173 29
173 28
172 27
173 26
173 25
173 24
173 23
172 22
172 21
172 20
172 19
171 18
171 17
170 16
169 15
