188 11
187 12
186 13
187 14
186 15
186 16
186 17
185 18
184 18
184 19
183 20
183 21
183 22
183 23
182 24
181 25
182 26
181 27
182 28
181 29
181 30
181 31
181 32
180 33
179 34
179 35
179 36
180 37
179 38
178 38
178 39
178 40
177 41
178 41
179 42
178 43
179 44
178 45
177 46
176 46
177 47
178 48
177 49
177 50
176 51
176 52
177 52
178 53
177 54
176 54
177 55
177 56
176 57
176 58
176 59
175 60
176 61
176 62
176 63
176 64
175 65
176 66
177 67
176 68
175 68
176 68
177 69
177 70
176 71
176 72
176 73
177 74
177 75
177 76
177 77
178 78
177 79
178 80
179 81
179 82
180 83
180 84
179 85
178 85
177 85
176 86
175 87
174 88
174 89
174 90
174 91
173 92
172 91
171 90
171 91
170 92
169 91
168 92
167 93
166 92
165 93
164 93
163 94
162 95
161 95
161 96
161 97
160 98
159 98
159 99
158 100
157 101
156 100
155 99
156 98
156 97
155 96
155 95
155 94
155 93
155 92
154 91
154 90
154 89
154 88
154 87
155 86
156 85
156 84
157 83
157 82
158 81
158 80
158 79
159 78
159 77
159 76
160 75
161 75
162 74
161 73
162 72
161 71
162 70
163 70
163 69
164 68
165 67
165 66
165 65
165 64
164 63
164 62
165 61
165 60
166 59
166 58
165 58
164 57
165 56
166 55
165 54
166 53
165 52
164 51
165 50
165 49
165 48
165 47
164 46
165 45
164 44
163 43
164 42
164 41
163 40
164 39
165 39
165 38
166 37
167 37
166 36
165 36
164 35
163 35
162 35
161 36
160 36
159 36
158 37
157 37
156 38
156 39
156 40
157 41
158 41
159 42
158 43
159 44
159 45
158 46
158 47
159 48
158 49
158 50
158 51
157 52
157 53
157 54
158 55
158 56
157 57
158 58
157 59
157 60
158 61
157 62
156 62
156 63
156 64
155 65
155 66
156 67
155 68
154 68
154 69
153 70
153 71
153 72
152 73
152 74
152 75
151 76
151 77
151 78
150 79
149 79
149 80
149 81
149 82
149 83
148 84
148 85
149 86
148 87
147 87
147 88
148 89
147 90
146 90
147 91
146 92
146 93
146 94
145 95
145 96
146 97
145 98
146 99
145 100
145 101
146 102
147 103
146 104
147 105
146 106
147 107
147 108
148 109
149 110
149 111
150 112
151 113
152 114
151 115
150 115
150 116
149 117
148 118
147 117
146 116
145 115
144 116
143 116
142 115
141 115
140 115
139 116
138 115
137 115
137 116
136 117
135 116
134 116
133 117
132 117
131 116
130 117
130 118
129 119
128 119
127 119
126 120
125 121
124 121
123 122
122 123
121 123
121 124
120 125
119 126
118 126
117 125
116 126
115 125
114 125
113 126
112 125
111 126
110 126
109 127
108 126
108 127
107 128
106 127
105 128
104 128
103 129
103 130
102 131
101 131
100 131
100 132
99 133
98 132
97 133
96 133
95 134
94 135
93 134
93 135
93 136
92 137
91 136
90 137
89 138
88 138
87 139
86 139
85 140
84 141
83 140
83 141
82 142
81 143
80 143
79 144
78 145
77 145
76 145
76 146
75 147
75 148
74 149
73 150
72 149
71 150
71 151
70 152
69 153
68 153
67 153
66 154
65 154
64 153
64 154
64 155
63 156
62 156
61 156
60 156
59 157
58 158
57 157
56 158
55 158
54 159
53 159
53 160
52 161
51 160
50 160
49 161
48 161
47 161
47 162
46 163
45 164
45 165
46 166
46 167
47 168
48 169
49 170
50 170
51 171
52 172
53 172
54 171
54 170
55 169
54 168
53 167
53 166
54 165
55 166
56 165
57 164
58 163
59 162
60 163
61 163
62 163
63 162
63 161
64 160
65 161
66 162
66 161
67 160
68 160
69 160
69 159
70 158
71 157
72 157
73 158
73 157
74 156
75 155
76 155
77 154
78 153
79 154
80 153
81 152
82 152
82 151
83 150
84 151
84 150
85 149
86 149
87 149
87 148
88 147
89 147
89 146
90 145
91 146
91 145
92 144
93 143
94 144
95 143
96 142
97 141
98 141
99 140
100 139
101 139
102 138
103 138
103 137
104 136
105 137
106 138
105 139
104 140
104 141
103 142
102 142
102 143
102 144
101 145
100 145
100 146
99 147
98 148
97 148
97 149
96 150
96 151
96 152
95 153
94 154
94 155
93 156
93 157
92 158
91 159
90 160
89 161
89 162
88 163
87 162
87 163
86 164
85 164
85 165
84 166
83 167
82 168
81 169
81 170
81 171
80 172
79 173
79 174
78 175
77 175
76 176
75 177
74 178
73 179
72 180
71 181
71 182
70 183
69 183
69 184
68 185
67 186
66 187
65 188
64 189
63 189
62 190
61 191
61 192
60 193
59 194
58 195
58 196
57 197
56 197
56 198
55 199
54 200
53 201
53 202
52 203
51 204
50 205
49 205
48 205
48 206
47 207
47 208
46 209
45 209
44 209
44 210
43 211
42 211
41 212
40 212
39 213
38 213
37 213
37 214
36 215
35 215
34 214
33 215
32 216
31 215
30 216
30 217
29 218
29 219
28 220
27 220
26 219
25 218
24 217
23 217
22 218
21 219
22 220
22 221
23 222
23 223
23 224
24 225
24 226
24 227
25 228
26 228
27 228
28 229
29 230
30 230
31 231
32 232
33 231
34 231
34 230
35 229
34 228
33 228
32 227
31 226
32 225
32 224
33 223
34 224
35 223
36 223
37 223
38 222
39 221
40 221
41 220
42 220
42 219
43 218
44 217
45 216
46 217
47 217
47 216
48 215
49 215
49 214
49 213
50 212
51 212
52 212
53 211
54 210
55 210
56 210
56 209
57 208
58 207
59 206
60 207
61 207
61 206
61 205
62 204
63 204
64 203
63 202
64 201
65 200
66 199
67 198
67 197
68 196
69 195
70 194
71 193
71 192
72 191
73 190
74 189
75 188
76 187
76 186
77 185
78 185
78 184
79 183
80 182
81 181
81 180
82 179
83 178
83 177
84 176
85 177
85 176
86 175
87 175
88 176
88 177
87 178
88 179
88 180
87 181
88 182
88 183
88 184
89 185
89 186
89 187
89 188
89 189
90 190
90 191
90 192
91 193
92 194
92 195
93 196
94 197
95 198
95 199
96 200
97 200
98 201
98 202
99 201
100 202
101 203
102 203
103 204
103 205
104 205
105 206
106 206
107 206
108 207
109 208
110 208
111 208
112 208
113 208
114 208
115 208
116 209
117 208
118 208
119 209
120 208
121 208
122 208
123 208
124 208
125 207
126 208
127 208
128 207
129 208
130 209
130 210
129 211
129 212
129 213
129 214
128 215
127 216
126 216
126 217
125 218
124 219
124 220
123 221
122 222
122 223
121 224
120 225
119 224
119 225
119 226
118 227
117 227
118 228
117 229
116 229
115 230
115 231
115 232
114 233
113 233
112 233
112 234
111 235
110 235
110 236
110 237
109 238
108 238
108 239
107 240
106 241
105 241
105 242
105 243
104 244
105 245
104 246
105 247
104 248
103 249
102 250
102 251
101 252
100 252
101 252
102 253
101 254
100 255
99 255
99 256
98 257
98 258
98 259
98 260
97 261
96 262
95 263
95 264
95 265
94 266
95 267
94 268
93 268
93 269
92 270
91 271
91 272
91 273
91 274
90 275
91 276
90 277
89 277
88 278
87 277
87 276
86 277
86 278
85 279
84 279
85 280
86 281
86 282
87 282
88 283
89 284
90 284
91 284
92 284
93 285
94 285
95 286
96 287
97 286
98 287
99 287
100 286
100 285
101 284
100 284
99 283
98 282
97 282
96 281
97 280
97 279
97 278
98 277
98 276
99 275
99 274
100 273
101 273
100 272
100 271
101 270
101 269
101 268
102 267
102 266
103 265
104 265
103 264
103 263
103 262
104 261
105 261
105 260
106 259
107 259
107 258
106 258
105 257
106 256
107 256
107 255
108 254
109 254
109 253
109 252
110 251
110 250
109 249
110 248
111 248
111 247
112 246
113 247
113 246
114 245
115 245
115 244
116 243
117 243
116 242
116 241
117 240
118 240
118 239
119 238
120 237
121 236
121 235
122 234
123 234
123 233
124 232
125 232
124 231
124 230
125 229
126 229
126 228
127 227
128 226
129 225
129 224
130 223
131 222
131 221
131 220
132 219
133 218
134 218
134 217
134 216
135 215
135 214
136 213
137 212
137 211
138 210
139 210
140 209
140 208
141 207
142 207
141 206
141 205
142 204
143 204
143 203
143 202
144 201
144 200
145 199
146 199
146 198
147 197
148 198
148 197
149 196
150 195
150 194
151 193
152 194
153 193
154 192
154 191
154 190
155 189
156 189
157 188
158 187
158 186
159 185
160 185
161 184
161 183
162 182
163 183
164 184
164 185
163 186
163 187
162 188
161 189
162 190
161 191
161 192
161 193
160 194
159 194
159 195
160 196
159 197
158 197
158 198
158 199
157 200
156 201
156 202
156 203
156 204
155 205
155 206
154 207
154 208
153 209
154 210
153 211
152 212
151 213
152 214
151 215
151 216
152 217
152 218
151 219
150 219
151 220
150 221
149 222
149 223
149 224
149 225
149 226
148 227
148 228
148 229
147 230
146 230
147 231
146 232
146 233
146 234
145 235
144 235
145 236
146 237
145 238
144 239
145 240
144 241
144 242
144 243
143 244
142 243
141 242
141 243
140 244
139 245
139 246
140 247
141 248
142 249
143 249
144 249
145 250
146 251
147 252
148 251
149 251
149 250
150 249
150 248
149 247
148 246
149 245
149 244
149 243
150 242
150 241
151 240
151 239
150 238
151 237
152 236
152 235
153 234
153 233
152 232
153 231
153 230
154 229
154 228
153 227
154 226
155 225
155 224
156 223
157 223
156 222
156 221
157 220
156 219
157 218
158 217
158 216
159 215
159 214
159 213
160 212
160 211
161 210
162 209
161 208
162 207
162 206
162 205
163 204
163 203
163 202
164 201
165 201
164 200
165 199
166 198
165 197
166 196
166 195
166 194
166 193
167 192
167 191
168 190
167 189
168 188
169 187
169 186
170 185
171 184
170 183
171 182
172 181
171 180
172 179
172 178
172 177
172 176
172 175
173 174
172 173
172 172
172 171
171 170
171 169
172 168
172 167
173 166
173 165
173 164
174 163
175 163
174 162
174 161
175 160
176 160
175 159
176 158
177 158
177 157
176 156
177 155
178 155
177 154
177 153
177 152
178 151
177 150
178 149
177 148
178 147
179 147
178 147
177 146
177 145
178 144
177 143
176 142
176 141
175 140
174 140
173 139
173 138
174 137
175 136
176 135
177 134
178 135
179 136
180 137
181 137
182 137
183 137
184 138
185 138
186 138
187 138
188 138
189 138
190 138
191 138
192 138
193 138
194 139
195 138
196 138
197 138
198 138
199 137
200 137
201 137
202 136
203 136
204 135
205 134
206 134
207 134
208 133
209 134
210 133
211 133
212 132
213 131
214 132
214 131
215 130
216 129
217 129
218 128
219 127
220 126
221 126
222 125
223 124
223 123
224 122
225 123
226 122
226 121
227 120
228 120
229 120
230 119
231 119
232 119
233 119
234 120
235 119
236 119
237 118
238 119
239 119
240 118
241 119
242 118
243 117
244 118
245 117
246 117
247 117
248 117
249 117
250 118
250 119
251 120
252 120
253 121
253 120
254 119
255 119
254 118
254 117
254 116
254 115
254 114
253 113
253 112
252 111
251 110
251 111
250 112
249 111
248 110
247 111
246 111
245 111
244 112
243 112
242 112
241 112
240 112
239 112
238 111
237 111
236 112
235 113
234 113
233 112
232 112
231 112
230 113
229 113
228 112
227 112
227 113
226 114
225 114
224 114
223 114
222 113
221 113
221 114
220 115
219 115
219 116
218 117
217 117
218 118
217 119
216 120
215 120
214 121
214 122
213 123
212 123
212 124
212 125
211 126
210 126
210 127
209 128
208 127
207 128
206 129
205 128
205 129
204 130
203 129
202 129
201 129
200 128
199 128
198 129
197 129
196 129
195 129
194 128
193 128
192 129
191 128
190 129
189 128
188 127
188 126
189 125
190 126
191 125
192 124
191 123
192 122
193 121
193 120
194 119
194 118
194 117
195 116
195 115
195 114
195 113
195 112
196 111
195 110
196 109
197 108
198 107
198 106
199 105
200 105
200 104
201 103
202 103
202 102
203 101
204 102
205 102
206 102
207 102
208 102
209 101
210 101
211 102
212 101
213 102
214 103
215 102
216 101
217 101
218 102
219 101
220 101
221 102
222 102
223 102
224 102
225 102
226 101
227 102
228 102
229 101
230 101
231 101
232 100
233 101
234 100
235 100
236 99
237 99
238 98
239 98
240 99
240 98
241 97
242 97
243 97
244 96
245 96
246 95
247 94
248 94
249 93
250 93
251 92
252 92
253 93
254 92
254 91
255 90
256 91
257 90
258 89
259 89
260 88
261 88
262 88
263 88
264 87
265 87
266 86
267 86
267 85
267 84
268 83
269 83
269 82
270 81
271 81
272 80
272 79
272 78
272 77
271 76
270 75
269 74
268 75
267 74
267 75
266 76
265 76
264 77
264 78
264 79
263 80
262 81
261 82
260 82
260 83
259 84
258 83
257 83
256 84
255 83
254 84
254 85
253 86
252 86
251 87
250 87
249 88
248 89
247 89
246 89
245 89
244 89
243 90
242 91
241 90
241 91
240 92
239 92
238 92
237 93
236 94
235 94
234 94
233 94
232 94
231 95
230 96
229 96
228 96
227 96
226 96
225 95
225 96
224 97
223 96
222 95
221 96
220 95
219 95
218 96
217 96
216 96
215 96
214 95
213 96
212 96
211 96
210 97
209 97
208 96
207 96
206 95
205 95
204 95
203 94
202 93
203 92
204 91
203 90
204 89
204 88
204 87
205 86
204 85
204 84
205 83
204 82
204 81
204 80
203 79
203 78
202 77
201 76
200 76
199 75
198 76
197 76
196 77
195 77
194 77
193 77
192 78
191 77
191 78
190 79
189 79
188 79
188 80
187 81
186 80
185 81
184 80
184 79
185 78
184 77
184 76
183 75
182 74
182 73
182 72
182 71
183 70
182 69
181 68
182 67
181 66
182 65
182 64
181 63
181 62
182 61
182 60
182 59
183 58
182 57
182 56
182 55
182 54
183 53
182 52
182 51
183 50
183 49
184 48
184 47
183 46
184 45
185 45
184 45
183 44
183 43
183 42
184 41
184 40
184 39
185 38
185 37
186 36
186 35
186 34
187 33
186 32
186 31
186 30
187 29
188 28
189 27
189 26
188 25
189 24
190 23
191 22
190 21
191 20
192 19
192 18
193 17
194 17
194 16
194 15
194 14
193 13
192 12
191 12
190 12
189 11
