279 96
278 97
277 97
276 98
275 98
274 99
273 99
272 100
271 101
270 102
269 103
268 104
267 104
266 105
265 106
264 107
263 108
262 109
262 110
261 111
261 112
260 113
260 114
260 115
259 116
259 117
259 118
259 119
259 120
258 121
258 122
259 123
259 124
260 125
260 126
261 127
261 128
261 129
261 130
261 131
261 132
261 133
260 134
260 135
259 136
258 137
257 138
256 139
255 139
254 140
253 140
252 140
251 140
250 140
249 141
248 141
247 142
246 143
245 144
244 145
244 146
243 147
242 148
242 149
242 150
242 151
241 152
241 153
241 154
241 155
241 156
241 157
241 158
241 159
241 160
241 161
241 162
241 163
241 164
241 165
241 166
241 167
241 168
241 169
240 170
240 171
240 172
240 173
240 174
240 175
239 176
239 177
239 178
239 179
239 180
239 181
239 182
239 183
239 184
238 185
238 186
238 187
238 188
238 189
237 190
237 191
237 192
237 193
237 194
236 195
236 196
236 197
236 198
235 199
235 200
235 201
235 202
234 203
234 204
233 205
233 206
233 207
232 208
232 209
231 210
231 211
231 212
231 213
230 214
230 215
229 216
229 217
229 218
229 219
229 220
229 221
228 222
228 223
228 224
228 225
228 226
227 227
227 228
227 229
227 230
226 231
226 232
225 233
225 234
225 235
225 236
225 237
225 238
225 239
225 240
225 241
225 242
225 243
224 244
224 245
223 246
223 247
223 248
222 249
222 250
222 251
222 252
221 253
221 254
221 255
220 256
220 257
220 258
219 259
219 260
218 261
218 262
217 263
217 264
217 265
216 266
216 267
216 268
216 269
216 270
215 271
215 272
214 273
214 274
213 275
213 276
213 277
212 278
212 279
211 280
211 281
211 282
210 283
210 284
209 285
209 286
208 287
208 288
208 289
208 290
207 291
207 292
206 293
205 294
204 295
204 296
203 297
203 298
202 299
201 300
200 301
200 302
199 303
199 304
198 305
198 306
197 307
197 308
197 309
196 310
196 311
195 312
195 313
196 313
197 314
198 314
199 315
200 315
201 316
202 317
203 317
204 318
205 319
206 320
207 320
208 320
209 320
210 320
211 321
212 321
213 322
214 322
215 323
216 323
217 324
218 324
219 325
220 325
221 326
222 326
223 326
224 327
225 327
226 327
227 327
228 328
229 328
230 329
231 329
232 329
233 329
234 329
235 329
236 329
237 330
238 330
239 331
240 331
241 331
242 332
243 332
244 332
245 332
246 333
247 333
248 333
249 333
250 333
251 334
252 334
253 334
254 334
255 335
256 335
257 335
258 335
259 335
260 336
261 336
262 336
263 336
264 337
265 337
266 337
267 337
268 337
269 337
270 337
271 337
272 337
273 337
274 338
274 339
274 340
274 341
274 342
274 343
274 344
274 345
274 346
275 347
275 348
276 349
277 350
278 351
279 351
280 352
281 352
282 352
283 352
284 352
285 352
286 352
287 351
288 351
289 350
290 349
291 348
291 347
292 346
292 345
292 344
292 343
292 342
292 341
292 340
292 339
293 338
294 338
295 338
296 338
297 337
298 337
299 337
300 336
301 336
302 336
303 336
304 336
305 335
306 335
307 335
308 335
309 335
310 335
311 335
312 334
313 334
314 333
315 333
316 333
317 333
318 333
319 332
320 332
321 332
322 332
323 331
324 331
325 331
326 331
327 330
328 330
329 330
330 329
331 329
332 328
333 328
334 328
335 328
336 327
337 327
338 327
339 327
340 326
341 326
342 326
343 326
344 325
345 325
346 325
347 324
348 324
349 323
350 323
351 323
352 323
353 322
354 322
355 322
356 321
357 321
358 320
359 320
360 320
361 320
362 320
363 320
364 320
365 319
366 319
367 318
368 318
369 317
369 316
368 315
368 314
367 313
367 312
366 311
366 310
365 309
365 308
364 307
364 306
363 305
363 304
362 303
362 302
361 301
361 300
360 299
360 298
360 297
360 296
359 295
359 294
359 293
359 292
359 291
358 290
358 289
357 288
357 287
356 286
356 285
356 284
356 283
355 282
355 281
354 280
354 279
353 278
353 277
352 276
352 275
352 274
352 273
352 272
351 271
351 270
351 269
350 268
350 267
349 266
349 265
348 264
348 263
348 262
348 261
348 260
347 259
347 258
346 257
346 256
346 255
346 254
345 253
345 252
345 251
344 250
344 249
344 248
343 247
343 246
343 245
343 244
343 243
342 242
342 241
342 240
342 239
342 238
341 237
341 236
341 235
341 234
341 233
340 232
340 231
340 230
340 229
339 228
339 227
339 226
339 225
338 224
338 223
338 222
338 221
337 220
337 219
337 218
337 217
336 216
336 215
336 214
336 213
336 212
335 211
335 210
334 209
334 208
334 207
334 206
334 205
334 204
334 203
333 202
333 201
333 200
333 199
333 198
333 197
333 196
332 195
332 194
332 193
332 192
332 191
331 190
331 189
330 188
330 187
330 186
330 185
330 184
330 183
330 182
330 181
330 180
330 179
330 178
330 177
329 176
329 175
329 174
329 173
329 172
329 171
329 170
329 169
328 168
328 167
328 166
328 165
328 164
328 163
328 162
328 161
328 160
328 159
328 158
328 157
328 156
328 155
328 154
328 153
328 152
328 151
327 150
327 149
326 148
326 147
326 146
326 145
325 145
324 144
323 143
322 142
321 141
320 140
319 140
318 139
317 139
316 138
315 137
314 136
313 135
312 134
312 133
311 132
311 131
311 130
311 129
311 128
311 127
311 126
312 125
312 124
313 123
313 122
313 121
313 120
313 119
313 118
313 117
313 116
313 115
312 114
312 113
311 112
311 111
310 110
310 109
309 108
308 107
308 106
307 105
306 104
305 103
304 102
303 101
302 100
301 99
300 99
299 98
298 98
297 97
296 97
295 96
294 96
293 96
292 96
291 96
290 96
289 96
288 96
287 96
286 96
285 96
284 96
283 96
282 96
281 96
280 96
