88 1
87 2
86 3
85 3
84 3
83 3
82 3
81 4
80 4
79 5
78 6
78 7
77 8
76 8
75 9
74 10
73 11
73 12
72 13
72 14
71 15
71 16
71 17
71 18
71 19
70 20
70 21
70 22
70 23
71 24
71 25
72 26
72 27
72 28
71 29
70 29
69 29
68 29
67 29
66 29
65 29
64 29
63 30
62 30
61 31
60 31
59 32
58 33
57 34
56 35
55 35
54 36
53 36
52 37
51 37
50 38
49 38
48 39
47 40
46 41
46 42
45 43
45 44
45 45
45 46
45 47
45 48
45 49
44 50
44 51
44 52
44 53
44 54
44 55
44 56
44 57
44 58
44 59
44 60
44 61
44 62
44 63
44 64
44 65
44 66
44 67
44 68
44 69
44 70
44 71
45 72
45 73
45 74
46 75
46 76
46 77
46 78
47 79
47 80
47 81
47 82
48 83
48 84
48 85
48 86
48 87
48 88
48 89
48 90
48 91
48 92
49 93
49 94
49 95
49 96
49 97
49 98
49 99
49 100
49 101
49 102
48 103
48 104
48 105
48 106
47 107
47 108
47 109
46 110
46 111
46 112
46 113
46 114
45 115
45 116
45 117
45 118
44 119
44 120
43 121
43 122
43 123
42 124
42 125
41 126
41 127
41 128
40 129
40 130
40 131
39 132
39 133
38 134
37 135
37 136
36 137
36 138
35 139
34 140
34 141
33 142
32 143
31 144
30 145
30 146
29 147
28 148
27 149
26 150
25 151
24 152
23 153
22 154
21 155
20 155
20 156
19 157
18 158
17 158
16 159
15 160
14 161
13 162
12 163
11 164
10 165
10 166
9 167
9 168
9 169
8 170
8 171
7 172
7 173
6 174
6 175
5 176
5 177
5 178
4 179
4 180
3 181
3 182
2 183
2 184
1 185
1 186
1 187
1 188
1 189
1 190
1 191
1 192
1 193
1 194
1 195
1 196
1 197
2 198
3 199
4 200
5 201
6 202
7 202
8 203
9 203
10 204
11 204
12 205
13 205
14 205
15 206
16 206
17 207
18 207
19 207
20 208
21 208
22 208
23 208
24 209
25 209
26 209
27 209
28 210
29 210
30 210
31 211
32 211
33 211
34 211
35 211
36 211
37 211
38 211
39 211
40 212
41 212
42 212
43 212
44 212
45 213
46 213
47 213
48 213
49 213
50 213
51 213
52 213
53 213
54 214
55 214
56 214
57 214
58 214
59 214
60 214
61 214
62 214
63 214
64 214
65 214
66 214
67 215
68 215
69 216
70 216
71 216
72 217
73 217
74 217
75 218
76 218
77 219
78 219
79 219
80 220
81 220
82 220
83 220
84 220
85 220
86 220
87 220
88 220
89 220
90 220
91 220
92 220
93 220
94 220
95 220
96 220
97 220
98 220
99 220
100 220
101 220
102 220
103 220
104 220
105 220
106 220
107 220
108 220
109 220
110 220
111 220
112 220
113 220
114 220
115 220
116 220
117 220
118 220
119 220
120 220
121 219
122 218
123 218
124 217
125 216
125 215
126 214
127 214
128 214
129 214
130 214
131 214
132 214
133 213
134 213
135 213
136 213
137 213
138 213
139 213
140 212
141 212
142 212
143 212
144 212
145 212
146 212
147 211
148 211
149 211
150 211
151 211
152 211
153 210
154 210
155 210
156 210
157 209
158 209
159 209
160 209
161 209
162 208
163 208
164 208
165 207
166 207
167 207
168 207
169 206
170 206
171 206
172 206
173 205
174 204
175 204
176 203
177 203
178 203
179 202
180 202
181 201
182 200
183 199
184 198
185 197
185 196
186 195
187 194
187 193
187 192
187 191
187 190
187 189
187 188
187 187
187 186
187 185
187 184
187 183
186 182
186 181
185 180
185 179
184 178
184 177
184 176
183 175
183 174
182 173
182 172
182 171
182 170
182 169
182 168
182 167
182 166
181 165
181 164
180 163
179 163
178 162
177 161
176 160
175 159
174 158
173 158
172 157
172 156
171 156
170 155
169 154
168 153
167 152
166 151
165 150
164 149
163 148
162 147
161 146
160 145
159 144
159 143
158 142
158 141
158 140
158 139
157 138
157 137
156 136
156 135
156 134
156 133
155 132
155 131
154 130
154 129
153 128
153 127
153 126
153 125
152 124
152 123
152 122
152 121
152 120
152 119
152 118
151 117
151 116
151 115
151 114
150 113
150 112
150 111
150 110
150 109
149 108
149 107
149 106
149 105
149 104
149 103
149 102
149 101
149 100
149 99
149 98
149 97
149 96
149 95
149 94
149 93
149 92
149 91
149 90
149 89
149 88
149 87
149 86
150 85
150 84
150 83
150 82
151 81
151 80
151 79
151 78
151 77
151 76
151 75
151 74
151 73
151 72
151 71
151 70
151 69
151 68
151 67
151 66
151 65
151 64
151 63
151 62
151 61
151 60
151 59
151 58
151 57
151 56
151 55
151 54
150 53
150 52
150 51
150 50
149 49
149 48
148 47
148 46
148 45
147 44
147 43
146 42
145 41
144 40
143 39
142 38
141 37
140 36
139 36
138 35
137 35
136 34
135 34
134 33
133 33
132 33
131 32
130 32
129 31
128 31
127 30
127 29
128 28
128 27
129 26
129 25
129 24
129 23
129 22
129 21
129 20
129 19
129 18
129 17
129 16
129 15
129 14
129 13
129 12
128 11
128 10
127 9
126 8
125 7
124 6
123 5
122 5
121 4
120 4
119 3
118 3
117 2
116 2
115 2
114 1
113 1
112 1
111 1
110 1
109 1
108 1
107 1
106 1
105 1
104 1
103 1
102 1
101 1
100 1
99 1
98 1
97 1
96 1
95 1
94 1
93 1
92 1
91 1
90 1
89 1
