113 1
112 2
111 2
110 2
109 3
108 4
108 5
108 6
108 7
108 8
108 9
108 10
107 11
106 12
106 13
105 14
104 14
103 14
102 14
101 14
100 14
99 14
98 14
97 15
96 15
95 15
94 15
93 15
92 15
91 16
90 16
89 16
88 17
87 17
86 18
86 19
85 20
84 21
84 22
84 23
84 24
84 25
84 26
84 27
84 28
84 29
84 30
84 31
84 32
84 33
84 34
84 35
84 36
84 37
84 38
85 39
85 40
85 41
85 42
85 43
85 44
85 45
85 46
85 47
85 48
85 49
85 50
85 51
85 52
85 53
85 54
85 55
84 56
83 57
82 57
81 58
80 59
80 60
79 61
78 62
77 63
76 64
75 65
74 66
73 67
73 68
72 69
71 70
70 70
69 70
68 70
67 71
66 71
65 71
64 72
63 72
62 72
61 73
60 73
59 73
58 73
57 73
56 74
55 74
54 75
54 76
54 77
53 78
53 79
53 80
53 81
53 82
53 83
53 84
53 85
53 86
53 87
53 88
54 89
54 90
54 91
54 92
54 93
55 94
56 95
56 96
56 97
57 98
56 99
56 100
56 101
55 102
55 103
55 104
55 105
55 106
55 107
55 108
56 109
56 110
55 111
55 112
54 113
54 114
54 115
54 116
54 117
54 118
54 119
54 120
54 121
53 122
53 123
53 124
53 125
53 126
52 127
52 128
52 129
52 130
52 131
52 132
51 133
51 134
51 135
51 136
51 137
50 138
50 139
50 140
50 141
50 142
50 143
49 144
49 145
49 146
49 147
48 148
48 149
48 150
48 151
48 152
48 153
47 154
47 155
47 156
47 157
46 158
46 159
46 160
46 161
45 162
45 163
44 164
44 165
44 166
43 167
43 168
43 169
43 170
42 171
42 172
42 173
42 174
41 175
41 176
40 177
40 178
40 179
40 180
39 181
39 182
39 183
38 184
38 185
38 186
37 187
37 188
37 189
36 190
36 191
36 192
35 193
35 194
35 195
34 196
34 197
33 198
32 199
32 200
31 201
31 202
30 203
30 204
30 205
29 206
28 206
27 207
26 208
26 209
26 210
26 211
26 212
26 213
25 214
25 215
24 216
24 217
23 218
22 219
22 220
21 221
20 222
20 223
19 224
18 225
18 226
18 227
18 228
17 229
17 230
16 231
16 232
15 233
14 234
14 235
13 236
13 237
13 238
12 239
11 240
10 241
9 242
8 243
8 244
7 245
6 246
6 247
5 248
4 248
4 249
4 250
3 251
2 252
1 253
1 254
1 255
1 256
1 257
1 258
1 259
1 260
1 261
1 262
1 263
1 264
2 265
2 266
3 266
4 267
5 268
6 268
7 269
8 270
9 270
10 270
11 271
12 272
13 272
14 273
15 273
16 273
17 274
18 274
19 275
20 275
21 275
22 275
23 276
24 276
25 276
26 277
27 277
28 278
29 278
30 278
31 279
32 279
33 279
34 279
35 279
36 280
37 280
38 281
39 281
40 281
41 281
42 281
43 281
44 282
45 282
46 282
47 282
48 282
49 283
50 283
51 283
52 283
53 284
53 285
54 285
55 285
56 285
57 285
58 286
59 286
60 286
61 286
62 286
63 286
64 286
65 286
66 287
67 287
68 287
69 287
70 287
71 287
72 287
73 287
74 287
75 287
76 287
77 287
78 287
79 288
80 288
81 288
82 288
83 288
84 288
85 288
86 289
87 289
88 289
89 289
90 289
91 289
92 289
93 289
94 289
95 289
96 289
97 289
98 289
99 289
100 289
101 289
102 289
103 289
104 289
105 289
105 288
106 287
107 287
108 287
109 287
110 287
111 287
112 288
112 289
112 290
112 291
112 292
112 293
112 294
112 295
112 296
112 297
112 298
112 299
113 300
113 301
114 301
115 301
116 301
117 301
118 301
119 301
120 301
121 301
122 301
123 301
124 301
125 301
126 301
127 301
128 301
129 301
130 301
131 301
132 301
133 301
133 300
133 299
133 298
132 297
132 296
132 295
132 294
132 293
132 292
132 291
132 290
133 289
134 289
135 289
136 289
137 289
138 289
139 289
140 289
141 289
142 288
143 288
144 288
145 288
146 288
147 288
148 288
149 288
150 288
151 287
152 287
153 287
154 287
155 287
156 287
157 287
158 287
159 287
160 286
161 286
162 286
163 286
164 286
165 286
166 285
167 285
168 285
169 285
170 285
171 284
172 284
173 284
174 284
175 284
176 284
177 283
178 283
179 283
180 282
181 282
182 282
183 282
184 282
185 282
186 282
187 281
188 281
189 281
190 281
191 281
192 280
193 280
194 279
195 279
196 279
197 279
198 278
199 278
200 278
201 278
202 278
203 277
204 277
205 277
206 276
207 276
208 276
209 276
210 275
211 275
212 275
213 274
214 274
215 274
216 273
217 273
218 272
219 272
220 272
221 271
222 271
223 271
224 270
225 270
226 269
227 269
228 268
229 268
230 267
231 267
232 266
233 266
233 265
234 264
235 263
235 262
235 261
235 260
235 259
235 258
235 257
234 256
234 255
234 254
234 253
233 252
232 251
232 250
231 249
231 248
230 247
230 246
229 245
229 244
228 243
228 242
227 241
226 240
226 239
225 238
224 237
224 236
223 235
222 234
222 233
221 232
220 231
220 230
219 229
219 228
218 227
218 226
218 225
217 224
216 223
215 222
214 221
213 220
212 219
211 218
211 217
210 216
209 215
209 214
209 213
209 212
209 211
209 210
208 209
207 208
206 207
205 206
204 205
204 204
204 203
203 202
203 201
202 200
202 199
201 198
201 197
200 196
200 195
200 194
199 193
199 192
198 191
198 190
198 189
197 188
197 187
197 186
196 185
196 184
196 183
195 182
195 181
195 180
194 179
194 178
193 177
193 176
193 175
192 174
192 173
192 172
192 171
191 170
191 169
191 168
190 167
190 166
190 165
189 164
189 163
189 162
189 161
189 160
188 159
188 158
188 157
187 156
187 155
187 154
186 153
186 152
186 151
186 150
186 149
185 148
185 147
185 146
185 145
184 144
184 143
184 142
184 141
183 140
183 139
183 138
183 137
182 136
182 135
182 134
182 133
182 132
181 131
181 130
181 129
181 128
181 127
181 126
181 125
181 124
181 123
180 122
180 121
180 120
180 119
180 118
180 117
180 116
180 115
180 114
180 113
180 112
180 111
180 110
181 109
181 108
181 107
181 106
181 105
181 104
181 103
181 102
180 101
180 100
180 99
180 98
181 97
181 96
181 95
181 94
181 93
181 92
181 91
181 90
181 89
181 88
182 87
182 86
182 85
182 84
182 83
182 82
182 81
182 80
182 79
182 78
181 77
180 76
180 75
179 75
178 74
177 73
176 73
175 73
174 73
173 72
173 71
172 71
171 71
170 70
169 70
168 69
167 69
166 69
165 68
164 67
163 67
162 66
161 65
160 64
159 64
158 63
158 62
157 61
156 60
156 59
155 59
154 58
153 58
152 58
151 57
150 57
149 57
148 56
147 55
147 54
147 53
147 52
147 51
147 50
147 49
147 48
147 47
147 46
148 45
148 44
148 43
148 42
148 41
148 40
148 39
148 38
148 37
148 36
148 35
148 34
149 33
149 32
149 31
149 30
149 29
149 28
149 27
148 26
148 25
148 24
148 23
148 22
148 21
147 20
147 19
146 18
145 17
144 16
143 15
142 14
141 14
140 14
139 14
138 14
137 14
136 14
135 14
134 14
133 14
132 14
131 14
130 14
129 14
128 14
127 14
126 14
125 14
124 13
124 12
123 11
123 10
123 9
123 8
123 7
123 6
123 5
123 4
122 3
121 2
120 1
119 1
118 1
117 1
116 1
115 1
114 1
