38 1
37 2
36 2
35 2
34 2
34 3
34 4
33 5
33 6
33 7
33 8
34 9
34 10
34 11
34 12
33 13
32 13
31 14
30 15
29 16
28 17
27 18
27 19
27 20
27 21
26 22
26 23
25 24
25 25
25 26
25 27
24 28
24 29
24 30
24 31
23 32
22 32
21 33
21 34
21 35
21 36
21 37
21 38
21 39
21 40
21 41
21 42
21 43
21 44
20 45
20 46
20 47
19 48
19 49
19 50
18 51
18 52
18 53
18 54
17 55
16 56
16 57
15 58
15 59
15 60
15 61
15 62
15 63
15 64
14 65
13 66
13 67
12 68
11 69
10 70
9 71
9 72
8 73
8 74
8 75
8 76
8 77
8 78
7 79
7 80
6 81
5 82
4 83
4 84
3 85
3 86
2 87
2 88
1 89
1 90
1 91
1 92
1 93
1 94
1 95
1 96
2 97
3 98
3 99
4 99
5 100
6 100
7 100
8 101
9 101
10 101
11 101
12 102
13 102
14 103
15 103
16 103
17 103
18 104
19 104
20 104
21 104
22 104
23 104
24 104
25 104
26 104
27 104
28 104
29 105
30 105
31 105
32 105
33 105
34 105
35 105
36 105
37 105
38 105
39 106
40 107
41 108
42 108
43 108
44 108
45 108
46 108
47 108
48 108
49 108
50 108
51 108
52 108
53 107
54 106
55 105
56 105
57 104
58 104
59 104
60 104
61 104
62 104
63 104
64 104
65 104
66 103
67 103
68 103
69 102
70 102
71 102
72 102
73 101
74 101
75 101
76 101
77 100
78 100
79 100
80 99
81 99
82 99
83 98
84 98
85 98
86 97
87 97
88 96
89 96
90 95
91 95
92 94
93 93
94 92
94 91
94 90
94 89
94 88
93 87
93 86
92 85
91 84
90 83
89 82
89 81
88 81
87 80
87 79
86 78
85 77
84 76
84 75
83 74
82 73
82 72
82 71
82 70
82 69
81 68
80 67
79 67
78 66
77 65
76 64
76 63
76 62
75 61
75 60
75 59
75 58
75 57
75 56
75 55
74 54
73 54
72 53
72 52
72 51
71 50
71 49
71 48
71 47
70 46
70 45
70 44
70 43
69 42
69 41
69 40
69 39
69 38
69 37
69 36
69 35
69 34
69 33
68 32
67 31
66 30
66 29
66 28
66 27
65 26
65 25
64 24
64 23
64 22
63 21
63 20
62 19
61 18
61 17
60 16
59 15
58 14
57 14
56 13
55 12
54 12
53 11
52 10
52 9
52 8
52 7
52 6
52 5
52 4
52 3
52 2
51 1
50 1
49 1
48 1
47 1
46 1
45 1
44 1
43 1
42 1
41 1
40 1
39 1
