360 2
359 3
358 3
357 3
356 3
355 3
354 3
353 3
352 4
351 4
350 4
349 4
348 5
347 5
346 5
345 6
344 7
343 7
342 8
341 8
340 8
339 9
338 9
337 9
336 10
335 10
335 11
334 12
333 12
332 13
331 13
330 14
329 15
328 16
327 17
326 18
325 18
325 19
324 20
323 21
322 21
322 22
321 23
320 24
319 25
318 26
317 27
317 28
316 29
315 30
314 30
314 31
313 32
312 33
311 33
311 34
310 35
309 36
308 37
308 38
307 39
306 40
306 41
305 42
305 43
305 44
304 45
304 46
303 47
303 48
302 49
301 50
300 51
300 52
299 53
298 53
297 54
297 55
296 56
295 56
294 56
294 57
293 58
292 58
292 59
291 60
290 60
289 60
288 60
287 60
286 60
285 60
284 60
283 60
282 60
281 60
280 60
279 60
278 60
277 60
276 59
275 59
274 59
273 59
272 59
271 58
270 58
269 58
268 58
267 58
266 58
265 58
264 57
263 57
262 57
261 57
260 57
259 57
258 57
257 57
256 57
255 57
254 57
253 57
252 57
251 57
250 57
249 58
248 58
247 58
246 58
245 58
244 58
243 58
242 59
241 59
240 59
239 59
238 59
237 59
236 59
235 59
234 60
233 60
232 60
231 61
230 61
229 61
228 62
227 62
226 62
225 62
224 63
223 63
222 63
221 63
220 63
219 63
218 63
217 63
216 63
215 64
214 64
213 64
212 64
211 64
210 64
209 65
208 65
207 65
206 65
205 65
204 66
203 66
202 66
201 66
200 66
199 67
198 67
197 67
196 67
195 67
194 67
193 67
192 67
191 68
190 68
189 68
188 68
187 69
186 69
185 69
184 69
183 70
182 70
181 70
180 70
179 71
178 71
177 71
176 71
175 71
174 71
173 72
172 72
171 72
170 72
169 73
168 73
167 73
166 74
165 74
164 74
163 75
162 75
161 75
160 76
159 76
158 77
157 77
156 77
155 77
154 78
153 78
152 79
151 79
150 80
149 80
148 81
147 81
146 81
145 81
144 82
143 82
142 83
141 83
140 83
139 84
138 84
137 85
136 86
135 86
134 87
133 87
132 88
131 88
130 89
129 90
128 90
127 91
126 91
125 92
124 93
123 93
122 93
121 94
120 94
119 95
118 96
117 96
116 97
115 97
114 98
113 98
112 99
111 99
110 100
109 101
108 101
107 102
106 102
105 103
104 103
103 104
102 105
101 105
100 106
99 107
98 107
97 108
96 108
95 109
94 109
93 110
92 111
91 111
90 112
89 113
88 113
87 114
86 115
85 116
84 117
83 117
82 118
81 119
80 119
79 120
78 121
78 122
77 123
76 124
75 125
74 126
73 127
72 128
71 129
70 130
69 131
68 132
67 133
66 134
66 135
65 136
64 137
63 138
62 138
62 139
61 140
60 140
60 141
59 142
58 143
58 144
57 145
56 145
56 146
55 147
54 148
53 149
52 150
51 151
51 152
50 153
49 153
49 154
48 155
47 156
47 157
46 158
45 159
44 160
44 161
43 162
43 163
43 164
42 165
41 166
40 167
39 168
39 169
39 170
38 171
37 172
37 173
36 174
35 175
35 176
35 177
34 178
33 179
32 180
32 181
31 182
31 183
30 184
30 185
30 186
29 187
29 188
28 189
28 190
27 191
27 192
26 193
26 194
25 195
24 196
24 197
24 198
23 199
23 200
22 201
22 202
21 203
21 204
20 205
20 206
20 207
20 208
19 209
19 210
18 211
18 212
18 213
17 214
17 215
17 216
16 217
16 218
15 219
15 220
15 221
15 222
14 223
14 224
14 225
13 226
12 227
12 228
12 229
12 230
11 231
11 232
11 233
10 234
10 235
9 236
9 237
9 238
9 239
9 240
9 241
8 242
8 243
7 244
7 245
7 246
7 247
6 248
6 249
6 250
6 251
6 252
6 253
5 254
5 255
5 256
5 257
5 258
4 259
4 260
4 261
3 262
3 263
3 264
3 265
2 266
2 267
2 268
2 269
2 270
1 271
1 272
1 273
1 274
1 275
1 276
1 277
1 278
1 279
2 280
2 281
2 282
3 283
4 284
4 285
5 285
6 285
7 285
8 285
9 285
10 285
11 286
12 286
13 286
14 286
15 286
16 286
17 286
18 286
19 286
20 286
21 286
22 286
23 286
24 286
25 285
26 285
27 285
28 285
29 285
30 284
31 283
32 283
33 282
34 281
34 280
35 279
36 278
37 277
38 277
38 276
39 275
40 274
41 274
41 273
42 272
43 272
44 272
44 271
45 270
46 270
47 270
48 270
49 269
50 269
51 268
52 268
53 268
54 268
55 267
56 267
57 267
58 267
59 267
60 267
61 267
62 267
63 267
64 267
65 267
66 267
67 267
68 267
69 268
70 268
71 268
72 268
73 268
74 268
75 268
76 269
76 270
77 270
78 270
79 270
80 270
81 270
82 271
82 272
83 272
84 272
85 272
86 272
87 272
88 273
89 273
90 274
91 274
92 275
93 275
94 276
95 277
96 278
97 279
98 279
99 280
100 280
101 280
102 281
103 282
103 283
103 284
103 285
103 286
103 287
104 288
104 289
105 290
105 291
105 292
106 292
107 292
108 293
108 294
108 295
108 296
108 297
108 298
108 299
108 300
107 301
107 302
107 303
107 304
108 305
108 306
108 307
108 308
108 309
108 310
108 311
108 312
108 313
107 314
107 315
107 316
107 317
107 318
107 319
107 320
106 321
106 322
106 323
106 324
105 325
105 326
105 327
105 328
105 329
104 330
104 331
104 332
104 333
103 334
103 335
103 336
103 337
102 338
102 339
102 340
102 341
102 342
101 343
101 344
101 345
101 346
101 347
101 348
100 349
100 350
99 351
98 352
97 352
96 353
95 354
94 355
93 356
93 357
92 358
92 359
92 360
92 361
92 362
92 363
92 364
93 364
94 364
95 364
96 363
97 362
98 363
99 363
100 363
101 364
101 365
101 366
102 367
103 368
104 369
104 370
104 371
105 372
105 373
105 374
106 375
106 376
106 377
106 378
107 379
107 380
108 381
108 382
108 383
109 384
110 385
111 386
112 387
113 388
113 389
114 390
114 391
114 392
115 393
116 394
116 395
117 395
118 396
119 397
120 397
121 397
122 397
123 396
124 397
124 398
125 399
125 400
125 401
126 402
126 403
127 404
127 405
128 405
129 405
130 405
131 405
131 404
131 403
131 402
131 401
132 400
132 399
132 398
132 397
132 396
132 395
131 394
131 393
131 392
131 391
130 390
130 389
129 388
129 387
129 386
128 385
127 384
126 383
125 383
124 382
123 381
122 380
122 379
121 378
120 377
120 376
119 375
119 374
120 373
121 373
122 373
123 373
124 373
125 373
126 373
127 373
128 374
129 374
130 375
131 376
132 376
133 377
134 377
135 378
136 378
137 378
138 378
139 379
140 379
141 379
142 380
143 380
144 380
145 380
146 380
147 380
148 380
149 380
150 380
151 380
152 381
153 381
154 382
155 382
156 382
157 383
158 383
159 383
160 383
161 383
162 383
163 383
164 383
165 383
166 383
167 383
168 383
169 382
170 382
170 381
170 380
171 379
172 379
173 380
174 380
175 381
176 381
177 382
178 383
179 383
180 383
181 383
181 382
181 381
181 380
181 379
181 378
180 377
180 376
179 375
178 374
177 373
176 373
175 372
174 372
173 371
172 371
171 371
170 370
169 370
168 370
167 370
166 370
165 370
164 370
163 370
162 370
161 370
160 370
159 370
158 370
157 370
156 370
155 370
154 370
153 370
152 370
151 370
150 370
149 369
148 369
147 369
146 368
147 367
148 367
149 367
150 366
151 366
152 366
153 365
154 364
155 364
156 364
157 364
158 364
159 364
160 364
161 364
161 363
161 362
161 361
161 360
160 360
159 359
159 358
158 357
157 356
156 356
155 356
154 355
153 355
152 355
151 355
150 355
149 355
148 355
147 355
146 355
145 355
144 355
143 355
142 355
141 355
140 355
139 355
138 356
137 356
136 356
135 357
134 358
133 358
132 358
131 358
130 357
129 357
128 356
127 356
126 355
125 355
124 354
123 353
122 352
122 351
121 350
121 349
120 348
120 347
120 346
120 345
120 344
119 343
119 342
119 341
119 340
119 339
119 338
120 337
120 336
120 335
120 334
121 333
121 332
121 331
121 330
121 329
121 328
121 327
121 326
121 325
122 324
122 323
122 322
122 321
122 320
122 319
122 318
123 317
123 316
123 315
123 314
123 313
124 312
124 311
124 310
124 309
125 308
125 307
125 306
126 305
127 305
128 304
129 304
130 304
131 304
132 304
133 303
134 303
135 303
136 303
137 303
138 303
139 303
140 303
141 303
142 302
143 303
144 303
145 303
146 303
147 302
148 303
148 304
149 304
150 304
151 304
152 304
153 304
154 303
155 304
156 304
157 304
158 305
159 305
160 305
161 305
162 306
163 306
164 306
165 307
166 307
167 307
168 308
169 308
170 308
171 308
172 308
173 309
174 309
175 309
176 310
177 310
178 310
179 310
180 311
181 311
182 311
183 311
184 311
185 311
186 311
187 312
188 313
189 313
190 314
191 315
192 315
193 316
194 316
195 317
196 317
197 318
198 319
199 320
200 320
201 321
202 322
203 323
204 324
205 324
206 325
206 326
207 327
208 328
209 329
210 330
211 331
211 332
212 333
213 334
214 335
215 336
216 337
217 338
218 339
218 340
219 340
220 341
220 342
221 343
222 344
223 345
224 346
225 347
226 348
226 349
227 350
228 351
228 352
229 353
229 354
228 355
228 356
227 357
226 358
225 359
225 360
224 361
224 362
223 363
223 364
223 365
223 366
223 367
223 368
223 369
223 370
224 371
224 372
225 373
226 373
227 373
228 373
228 372
228 371
228 370
229 369
230 368
231 367
232 367
233 367
234 367
235 366
236 366
237 365
237 364
238 363
239 364
240 365
241 366
242 367
243 367
244 367
245 367
246 367
247 367
248 367
249 367
250 368
251 369
252 369
253 369
254 370
255 370
256 371
257 371
258 372
259 372
260 373
261 374
262 374
263 374
264 374
265 375
266 375
267 376
268 377
269 377
270 377
271 377
272 378
273 379
273 380
274 380
275 381
276 381
277 381
278 382
279 383
280 384
281 384
282 385
283 385
284 386
285 386
286 386
287 386
288 386
289 386
290 385
291 384
292 385
293 386
294 387
295 388
295 389
296 390
296 391
297 391
298 391
299 391
300 390
300 389
300 388
300 387
300 386
300 385
299 384
299 383
298 382
298 381
297 380
297 379
296 378
295 377
294 376
293 376
292 375
291 375
290 374
289 374
288 374
287 373
286 373
285 372
284 372
283 371
282 371
281 370
280 370
279 370
278 369
277 368
276 367
275 367
274 366
273 365
272 365
271 364
270 364
269 363
268 362
269 361
270 361
271 361
272 361
273 361
274 361
275 361
276 361
277 361
278 361
279 361
280 361
281 361
282 361
283 361
284 361
285 361
286 361
287 361
288 361
289 361
290 361
291 361
292 361
293 361
294 361
295 361
296 361
297 361
298 361
299 361
300 361
301 361
302 361
303 361
304 362
305 362
306 362
307 362
308 363
309 363
310 363
311 364
312 364
313 364
314 364
315 363
316 363
317 362
318 361
319 362
320 362
321 363
322 364
323 365
324 365
325 365
326 365
326 364
326 363
326 362
326 361
326 360
325 359
325 358
324 357
324 356
323 355
322 354
322 353
321 353
320 352
319 352
318 351
317 351
316 351
315 350
314 350
313 349
313 348
312 348
311 348
310 348
309 349
308 349
307 349
306 349
305 349
304 349
303 349
302 349
301 349
300 349
299 349
298 349
297 349
296 349
295 349
294 349
293 349
292 349
291 349
290 349
289 348
288 348
287 348
286 348
285 348
284 348
283 348
282 348
281 348
280 348
279 348
278 348
277 348
276 348
275 348
274 348
273 347
274 346
275 346
276 345
277 345
278 345
279 345
280 344
281 344
282 343
283 343
284 343
284 342
284 341
285 340
286 339
287 339
288 339
289 339
290 339
291 339
292 339
293 339
293 338
293 337
293 336
293 335
292 334
291 334
290 333
289 333
288 333
287 332
286 332
285 332
284 332
283 332
282 332
281 332
280 332
279 332
278 332
277 332
276 333
275 333
274 334
273 334
272 335
271 335
270 336
269 337
268 337
267 338
266 339
265 339
264 339
263 340
262 341
261 341
260 342
259 342
258 343
257 343
256 343
255 343
254 343
253 344
252 344
251 344
250 344
249 344
248 344
247 343
246 342
245 341
244 341
243 340
242 340
241 339
241 338
240 338
239 337
239 336
238 335
237 335
236 334
235 333
234 332
233 331
232 330
231 329
230 328
229 327
228 326
227 325
226 324
225 324
224 323
224 322
223 321
222 320
221 319
220 318
219 317
218 316
217 315
216 314
215 313
215 312
214 312
213 311
213 310
212 309
211 308
211 307
211 306
210 305
210 304
209 303
209 302
210 301
210 300
211 299
212 298
213 297
213 296
214 295
215 294
216 293
216 292
217 291
217 290
218 289
218 288
219 287
220 286
221 285
222 284
223 284
224 284
224 283
225 282
225 281
226 280
227 279
228 279
228 278
229 277
230 276
231 275
232 275
232 274
232 273
233 272
234 272
235 271
236 270
236 269
237 268
238 267
239 266
240 265
241 264
242 263
243 262
244 261
244 260
245 259
246 259
247 259
247 258
248 257
249 257
250 256
251 255
252 254
253 254
254 253
255 252
256 251
257 251
258 251
259 250
260 250
260 249
261 248
262 247
263 247
263 246
264 245
265 244
266 243
267 243
267 242
268 241
269 240
270 240
271 239
271 238
272 237
273 236
274 235
275 235
275 234
276 233
277 232
278 232
279 231
280 230
281 229
282 228
283 228
284 227
285 226
286 225
287 224
288 223
289 222
289 221
290 220
291 219
292 219
292 218
293 217
294 217
295 216
296 215
296 214
297 213
298 212
299 211
299 210
300 209
301 209
302 208
303 208
303 207
304 206
305 205
306 204
306 203
307 202
308 202
309 202
310 201
310 200
311 199
312 198
313 197
314 196
315 195
315 194
315 193
316 192
317 191
318 191
319 190
320 189
320 188
321 187
321 186
322 185
323 185
324 184
324 183
324 182
325 181
326 181
327 181
327 180
328 179
328 178
329 177
329 176
330 175
331 174
332 173
333 173
333 172
334 171
335 171
335 170
336 169
336 168
336 167
336 166
337 165
338 165
339 164
339 163
339 162
340 161
341 160
342 159
342 158
343 157
344 156
345 156
346 155
347 155
347 154
348 153
349 152
350 152
351 151
351 150
352 149
353 148
354 147
354 146
354 145
355 144
355 143
356 142
357 142
358 141
358 140
359 139
359 138
360 137
361 136
361 135
362 134
363 133
363 132
363 131
363 130
364 129
364 128
364 127
365 126
365 125
366 124
366 123
366 122
367 121
367 120
368 119
368 118
368 117
368 116
368 115
368 114
369 113
369 112
369 111
369 110
369 109
369 108
369 107
369 106
369 105
369 104
369 103
369 102
369 101
369 100
369 99
369 98
370 97
370 96
370 95
370 94
370 93
370 92
370 91
369 90
369 89
369 88
369 87
369 86
369 85
369 84
369 83
369 82
369 81
369 80
369 79
369 78
370 77
371 76
372 75
373 74
374 73
375 72
376 71
377 71
377 70
378 69
379 69
379 68
380 67
381 67
382 66
383 65
383 64
384 63
385 63
385 62
386 61
387 61
387 60
388 59
389 59
390 59
390 58
391 57
392 57
393 56
394 56
395 55
396 55
397 54
398 53
399 53
400 53
401 53
402 53
403 53
404 53
405 53
406 54
407 54
408 54
409 54
410 54
411 54
412 55
413 55
414 55
415 55
416 55
417 55
417 54
417 53
417 52
417 51
417 50
417 49
417 48
416 47
416 46
415 45
415 44
414 43
414 42
413 41
412 40
411 39
410 38
409 37
408 37
407 36
407 35
406 34
405 33
405 32
405 31
405 30
404 29
404 28
404 27
403 26
402 25
402 24
401 23
401 22
400 21
399 20
398 19
398 18
397 17
396 16
395 15
394 15
393 14
393 13
392 12
391 12
390 11
389 11
388 10
387 9
386 9
385 8
384 8
383 8
382 8
381 7
380 6
379 6
378 5
377 4
376 4
375 4
374 4
373 4
372 4
371 3
370 3
369 3
368 3
367 3
366 3
365 3
364 3
363 2
362 2
361 2
