25 1
24 2
23 2
22 2
21 3
20 3
19 4
18 5
17 6
16 6
15 7
15 8
15 9
15 10
14 11
13 11
12 12
12 13
11 14
11 15
11 16
10 17
9 18
8 18
7 19
6 20
5 21
4 21
3 22
2 23
2 24
1 25
1 26
1 27
1 28
1 29
1 30
2 30
3 30
4 30
5 30
6 30
7 30
8 31
8 32
9 32
10 33
10 34
10 35
11 36
12 37
12 38
12 39
13 40
13 41
14 42
14 43
14 44
14 45
15 46
16 47
16 48
17 49
17 50
18 51
18 52
18 53
19 54
19 55
20 56
20 57
20 58
20 59
20 60
19 61
19 62
19 63
19 64
19 65
19 66
19 67
18 68
18 69
18 70
17 71
17 72
17 73
17 74
17 75
17 76
16 77
16 78
16 79
15 80
15 81
15 82
15 83
15 84
14 85
14 86
14 87
14 88
14 89
14 90
14 91
14 92
14 93
14 94
14 95
14 96
14 97
15 98
15 99
15 100
16 101
16 102
16 103
16 104
16 105
17 106
17 107
17 108
18 109
18 110
18 111
18 112
18 113
19 114
20 115
20 116
21 117
21 118
22 119
23 120
23 121
24 122
24 123
25 124
26 125
26 126
27 127
28 128
29 129
29 130
30 131
31 132
32 133
33 134
33 135
34 135
35 136
35 137
36 138
36 139
37 139
38 140
38 141
39 142
39 143
40 143
41 144
41 145
42 145
43 146
43 147
44 147
45 147
46 148
46 149
46 150
47 150
48 151
49 152
50 153
51 154
52 154
53 155
53 156
54 156
55 156
56 157
56 158
57 158
58 159
59 160
60 161
61 161
62 161
63 162
63 163
64 164
65 164
66 165
67 165
68 165
69 166
69 167
70 167
71 168
72 169
73 169
74 170
75 171
76 171
77 172
78 172
79 172
80 173
81 173
82 174
83 174
84 175
85 175
86 175
87 176
88 176
89 177
90 178
90 179
90 180
91 181
91 182
91 183
92 184
92 185
92 186
93 187
93 188
93 189
93 190
93 191
92 192
92 193
92 194
91 195
91 196
91 197
90 198
90 199
89 200
89 201
89 202
89 203
88 204
88 205
88 206
87 207
86 208
86 209
85 210
85 211
85 212
84 213
84 214
83 215
82 215
81 216
80 216
79 216
78 216
77 216
76 216
75 216
74 216
73 215
72 215
71 215
70 215
69 215
68 215
67 216
66 216
65 217
64 217
64 218
64 219
64 220
64 221
63 222
62 222
61 222
60 222
59 222
58 222
57 222
56 222
55 222
54 223
53 224
52 225
51 226
50 227
50 228
50 229
50 230
50 231
51 231
52 231
53 231
54 230
55 230
56 230
57 231
58 231
59 232
60 232
61 232
62 232
63 231
64 232
64 233
64 234
64 235
65 236
66 236
67 236
68 236
69 236
70 235
71 235
72 235
73 236
74 236
75 236
76 236
77 235
78 235
79 235
80 235
81 234
82 234
83 233
84 232
85 231
86 230
87 230
88 230
89 230
90 230
91 230
92 230
93 229
94 229
95 228
96 228
97 227
98 226
99 225
100 226
101 226
102 226
103 227
104 227
105 227
105 226
105 225
104 224
103 223
103 222
102 222
101 221
100 221
99 220
98 219
97 218
96 217
96 216
95 215
95 214
95 213
95 212
95 211
95 210
95 209
96 208
96 207
97 206
98 205
99 204
100 203
101 203
102 202
102 201
102 200
102 199
102 198
102 197
102 196
103 195
103 194
104 193
104 192
104 191
104 190
105 189
105 188
106 187
107 186
108 185
109 184
110 184
111 183
112 183
113 183
114 183
115 183
116 183
117 183
118 183
119 183
120 183
121 183
122 183
123 183
124 183
125 183
126 184
127 184
128 184
129 184
130 184
131 184
132 184
133 184
134 184
135 184
136 184
137 184
138 184
139 184
140 184
141 184
142 184
143 184
144 184
145 184
146 184
147 184
148 184
149 183
150 183
151 183
152 183
153 183
154 182
155 182
156 182
157 181
158 181
159 181
160 181
161 181
162 181
163 180
164 180
165 180
166 180
167 180
168 179
169 179
170 179
171 179
172 179
173 179
174 179
175 178
176 178
177 178
178 177
179 177
180 177
181 176
182 176
183 176
184 176
185 176
186 176
187 176
188 176
189 176
190 176
191 176
192 176
193 176
194 176
195 176
196 176
197 177
198 178
199 179
200 180
200 181
201 182
202 183
202 184
203 185
204 186
204 187
205 188
206 189
207 190
207 191
208 192
209 193
209 194
210 195
211 196
212 197
213 197
214 198
215 198
216 199
217 199
218 200
219 200
220 200
221 200
222 201
223 201
224 201
225 202
226 202
227 202
228 202
229 203
230 203
231 203
232 204
233 204
234 204
235 205
236 206
237 206
238 206
239 206
240 207
241 207
242 207
243 207
244 206
245 205
246 205
247 205
248 205
249 204
250 204
251 203
251 202
251 201
251 200
251 199
251 198
251 197
251 196
251 195
251 194
251 193
251 192
251 191
251 190
251 189
251 188
251 187
251 186
251 185
251 184
251 183
251 182
251 181
251 180
251 179
251 178
250 177
249 176
248 175
247 174
247 173
246 172
245 171
245 170
244 169
243 168
242 167
241 166
240 165
239 164
238 163
237 162
236 161
235 160
234 159
233 158
232 158
231 157
230 156
229 155
228 155
227 154
226 153
225 152
224 152
223 151
222 150
221 149
220 148
219 148
218 147
217 146
216 145
215 144
214 144
213 143
212 142
211 141
211 140
210 139
209 138
208 137
207 136
206 135
206 134
205 133
204 132
203 131
202 130
201 129
200 128
199 127
198 126
197 125
196 124
195 123
194 122
194 121
193 120
192 119
192 118
191 117
190 116
190 115
189 114
188 113
187 112
187 111
186 110
185 109
185 108
184 107
183 106
182 105
181 104
180 103
179 102
178 101
177 100
176 99
175 98
174 97
173 97
172 96
171 95
170 94
169 94
168 93
167 93
166 92
165 91
164 90
163 90
162 89
161 88
160 87
159 86
158 85
157 85
156 84
155 83
154 82
153 82
152 81
151 80
150 79
149 78
148 78
147 77
146 76
145 76
144 75
143 75
142 74
141 74
140 73
139 73
138 73
137 72
136 72
135 71
134 71
133 71
132 70
131 70
130 69
129 69
128 69
127 68
126 68
125 68
124 67
123 67
122 67
121 67
120 66
119 66
118 66
117 65
116 65
115 64
114 64
113 64
112 64
111 63
110 63
109 62
108 62
107 61
106 60
105 60
104 60
103 60
102 59
101 59
100 58
99 58
98 58
97 58
96 57
95 57
94 57
93 57
92 57
91 57
90 57
89 56
88 56
87 56
86 56
85 56
84 56
83 55
82 55
81 54
80 54
79 54
78 54
77 53
76 53
75 52
74 52
73 51
72 50
71 50
70 49
69 48
68 47
68 46
67 45
67 44
66 43
65 42
65 41
65 40
65 39
65 38
65 37
65 36
65 35
65 34
65 33
65 32
65 31
65 30
64 29
64 28
64 27
64 26
64 25
64 24
64 23
64 22
63 21
63 20
62 19
62 18
61 17
60 16
60 15
59 14
58 13
58 12
57 12
56 11
56 10
55 9
54 8
53 7
52 6
51 5
50 5
49 4
48 4
47 3
46 3
45 2
44 2
43 2
42 2
41 1
40 1
39 1
38 1
37 1
36 1
35 1
34 1
33 1
32 1
31 1
30 1
29 1
28 1
27 1
26 1
