39 1
38 2
37 3
36 3
35 3
35 4
34 5
33 5
32 5
32 6
31 7
30 7
29 8
29 9
28 10
27 11
26 12
25 13
24 13
23 14
22 15
21 16
21 17
20 18
19 19
18 20
18 21
17 22
16 23
16 24
15 25
15 26
14 27
14 28
13 29
13 30
12 31
11 32
10 33
9 33
8 34
8 35
7 36
7 37
6 38
6 39
6 40
6 41
6 42
6 43
6 44
6 45
7 45
8 45
9 45
10 45
11 45
12 45
13 45
14 45
15 45
16 45
17 45
18 45
19 45
20 45
21 46
22 46
23 47
24 48
25 49
25 50
26 51
27 51
28 52
28 53
27 54
27 55
27 56
27 57
27 58
27 59
27 60
27 61
27 62
26 63
26 64
26 65
26 66
26 67
26 68
25 69
25 70
25 71
25 72
25 73
24 74
24 75
24 76
24 77
24 78
24 79
24 80
24 81
24 82
24 83
24 84
24 85
24 86
24 87
24 88
24 89
24 90
24 91
24 92
24 93
24 94
24 95
24 96
24 97
24 98
24 99
24 100
24 101
24 102
24 103
24 104
24 105
24 106
24 107
24 108
25 109
25 110
25 111
25 112
25 113
25 114
26 115
26 116
26 117
26 118
27 119
27 120
28 121
28 122
29 123
29 124
30 125
30 126
30 127
31 128
31 129
32 130
33 131
33 132
34 133
34 134
35 134
36 135
36 136
36 137
36 138
37 139
38 139
39 140
39 141
39 142
40 143
40 144
41 145
42 146
43 147
43 148
44 149
44 150
45 151
45 152
46 153
46 154
47 155
47 156
48 157
48 158
49 159
49 160
50 161
51 162
51 163
52 164
53 165
53 166
54 167
54 168
55 169
55 170
56 171
56 172
57 173
57 174
58 175
58 176
59 177
60 178
61 178
62 179
62 180
63 181
63 182
64 182
65 183
65 184
66 185
66 186
67 186
68 187
69 188
69 189
70 190
71 191
72 192
73 193
73 194
74 195
75 195
76 196
76 197
76 198
77 199
78 199
79 200
79 201
80 201
81 202
82 203
83 203
84 204
84 205
84 206
85 206
86 206
87 207
87 208
88 208
89 209
89 210
90 211
91 211
92 212
93 213
94 213
95 214
96 215
96 216
95 217
95 218
95 219
96 220
97 221
98 222
98 223
98 224
98 225
98 226
98 227
98 228
98 229
98 230
97 231
96 232
95 233
94 233
93 234
92 235
92 236
91 237
90 237
89 238
88 239
87 240
86 241
85 242
84 243
83 244
82 245
81 246
80 247
79 248
79 249
79 250
78 251
78 252
77 253
76 254
75 255
74 256
73 257
72 258
71 259
72 259
73 259
74 259
75 259
76 259
77 259
78 259
79 259
80 259
81 259
82 259
83 259
84 259
85 259
85 258
85 257
86 256
86 255
87 254
88 253
89 252
90 251
91 250
92 250
93 249
94 248
95 247
96 247
97 246
98 245
99 244
100 243
101 242
102 241
103 241
104 240
105 239
106 239
107 239
108 238
109 238
110 237
111 236
112 235
113 235
114 235
115 234
116 233
117 232
118 232
119 233
120 234
121 235
122 235
123 236
124 237
124 238
124 239
124 240
124 241
124 242
124 243
124 244
125 245
125 246
124 247
123 247
122 248
121 249
121 250
120 251
119 251
118 252
117 253
116 254
115 255
114 256
113 257
113 258
112 259
111 259
112 259
113 259
114 259
115 259
116 259
117 259
118 259
119 259
120 259
121 259
122 259
123 259
124 258
125 257
126 257
127 256
128 256
129 256
130 255
131 255
132 254
133 253
134 252
134 251
135 250
135 249
136 248
137 247
138 247
139 247
140 247
141 247
142 247
143 246
144 246
145 245
146 244
147 243
148 243
149 242
150 241
151 240
152 239
153 239
154 238
154 237
154 236
155 235
156 234
157 233
158 232
159 231
160 231
161 230
162 229
162 228
162 227
163 226
164 225
165 224
166 224
167 223
168 222
169 221
170 221
171 220
172 219
173 218
174 217
175 216
176 216
177 215
178 214
179 213
180 212
181 211
182 210
183 210
184 209
185 209
186 208
187 208
188 208
189 207
190 207
191 207
192 206
193 206
194 206
195 205
196 205
197 204
198 203
199 202
200 202
201 201
202 200
203 200
204 199
205 198
206 197
207 197
208 196
209 195
210 194
211 193
212 193
213 193
214 192
215 192
216 192
217 192
218 192
219 192
220 192
221 192
222 192
223 192
224 192
225 192
226 192
227 191
228 191
229 191
230 191
231 190
232 190
233 190
234 190
235 189
236 189
237 189
238 189
239 189
240 188
241 188
242 188
243 188
244 188
245 188
246 187
247 187
248 187
249 187
250 187
251 187
252 186
253 186
254 186
255 186
256 186
257 186
258 186
259 185
260 185
261 184
262 183
263 183
264 183
265 182
266 182
267 181
268 181
269 180
270 180
271 179
272 179
273 178
274 178
275 177
276 177
277 176
278 176
279 175
280 174
281 174
282 173
283 172
283 171
283 170
283 169
284 168
284 167
284 166
285 165
285 164
286 163
286 162
286 161
286 160
286 159
286 158
286 157
286 156
286 155
286 154
286 153
286 152
286 151
286 150
286 149
286 148
286 147
286 146
286 145
286 144
285 143
284 142
284 141
283 140
283 139
282 140
281 140
280 140
279 140
278 140
277 140
276 140
275 140
274 140
273 140
272 141
271 141
270 141
269 141
268 141
267 142
266 142
265 142
264 143
263 143
262 143
261 143
260 144
259 144
258 144
257 144
256 144
255 145
254 145
253 145
252 145
251 145
250 145
249 146
248 146
247 146
246 146
245 147
244 147
243 147
242 147
241 147
240 147
239 147
238 147
237 147
236 147
235 147
234 147
233 148
232 148
231 148
230 148
229 148
228 148
227 148
226 148
225 148
224 148
223 148
222 148
221 148
220 148
219 148
218 148
217 148
216 148
215 148
214 148
213 148
212 148
211 148
210 148
209 148
208 147
207 147
206 147
205 146
204 146
203 146
202 146
201 145
200 145
199 145
198 144
197 144
196 143
195 143
194 142
193 142
192 141
191 140
190 140
189 139
188 138
187 138
186 138
185 137
184 137
183 136
182 136
181 135
180 135
179 134
178 133
177 132
176 132
175 131
174 130
173 129
172 128
171 128
170 127
169 127
168 126
167 125
166 125
165 124
164 124
163 123
162 123
161 122
160 122
159 121
158 120
157 120
156 119
155 118
154 117
153 117
152 116
151 116
150 116
149 115
148 115
147 114
146 114
145 114
144 113
143 113
142 113
141 112
140 112
139 111
138 110
137 110
136 109
135 108
134 107
133 107
132 106
131 105
130 105
129 104
128 104
127 103
126 103
125 103
124 102
123 102
122 101
121 100
120 99
119 99
118 98
117 98
116 97
115 96
114 95
113 95
112 94
111 93
110 92
109 92
108 91
107 90
106 90
105 89
104 88
103 88
102 87
101 86
100 86
99 85
98 84
97 84
96 83
95 83
94 82
93 81
92 80
91 80
90 79
89 78
88 78
87 77
86 76
85 75
84 74
83 73
82 72
81 71
80 70
79 69
79 68
78 68
77 67
76 66
75 66
74 65
73 64
72 63
72 62
71 61
71 60
71 59
70 58
70 57
70 56
70 55
69 54
69 53
69 52
69 51
68 50
68 49
68 48
68 47
68 46
68 45
68 44
68 43
68 42
68 41
68 40
68 39
68 38
67 37
67 36
67 35
67 34
66 33
66 32
66 31
66 30
66 29
66 28
65 27
64 26
64 25
63 24
63 23
62 22
61 21
60 20
60 19
59 18
58 17
58 16
57 15
56 14
55 14
54 13
53 12
52 12
51 11
51 10
51 9
50 8
49 7
49 6
49 5
48 5
47 4
46 4
45 3
44 2
44 1
43 1
42 1
41 1
40 1
