353 72
352 73
351 73
350 73
349 73
348 73
347 74
346 74
345 74
344 74
343 75
342 75
341 75
340 75
339 75
338 76
337 76
336 76
335 77
334 77
333 78
332 78
331 79
330 79
329 80
328 81
327 81
326 82
325 83
324 84
323 85
322 85
321 86
320 87
319 88
318 89
317 90
316 91
315 92
315 93
314 94
313 95
312 96
312 97
312 98
311 99
311 100
310 101
309 102
308 103
308 104
307 105
307 106
306 107
306 108
305 109
304 110
304 111
304 112
303 113
303 114
303 115
302 116
302 117
302 118
301 119
301 120
301 121
301 122
301 123
301 124
301 125
301 126
300 127
300 128
300 129
300 130
300 131
300 132
300 133
300 134
300 135
300 136
300 137
300 138
300 139
300 140
300 141
299 142
299 143
299 144
299 145
299 146
299 147
299 148
298 149
298 150
298 151
298 152
297 153
297 154
297 155
297 156
296 157
296 158
295 159
295 160
295 161
294 162
293 163
293 164
292 165
292 166
291 167
290 168
290 169
289 170
288 171
288 172
287 173
286 173
286 174
285 175
284 176
283 176
282 177
281 178
280 179
279 180
278 180
277 180
276 180
275 180
274 180
273 180
272 181
271 182
270 182
269 182
268 182
267 182
266 182
265 183
264 183
263 183
262 183
261 183
260 184
259 184
258 184
257 184
256 184
255 185
254 185
253 185
252 185
251 185
250 185
249 185
248 185
247 186
246 187
245 187
244 188
243 188
242 188
241 189
240 189
239 189
238 190
237 191
236 191
235 191
234 191
233 191
232 191
231 192
230 192
229 192
228 192
227 192
226 193
225 193
224 193
223 194
222 194
221 194
220 194
219 195
218 195
217 195
216 195
215 196
214 196
213 196
212 197
211 197
210 197
209 197
208 198
207 198
206 198
205 199
204 199
203 199
202 200
201 200
200 201
199 201
198 202
197 202
196 202
195 203
194 204
193 204
192 205
191 205
190 205
189 206
188 207
187 208
186 208
185 208
184 209
183 209
182 210
181 210
180 211
179 211
179 212
178 213
177 213
176 214
175 214
174 215
173 215
173 216
172 217
171 217
170 218
169 219
168 220
167 221
166 221
165 222
164 222
164 223
163 224
162 224
161 224
160 225
159 226
158 227
157 227
157 228
156 229
155 229
154 230
153 230
153 231
152 232
151 232
150 233
149 234
148 235
147 236
146 237
145 238
144 239
143 239
143 240
142 241
141 241
140 242
139 243
138 243
138 244
137 245
136 245
136 246
135 247
134 247
133 248
132 248
131 249
130 250
129 251
128 252
128 253
127 254
126 254
126 255
125 256
124 256
123 257
122 258
121 259
120 260
119 261
119 262
118 263
117 263
116 264
115 265
114 266
113 267
113 268
112 269
111 269
110 270
110 271
109 272
109 273
108 274
108 275
107 276
106 277
105 277
105 278
104 279
103 280
102 281
102 282
101 283
101 284
101 285
100 286
99 287
98 287
98 288
98 289
97 290
96 291
96 292
95 293
95 294
94 295
93 296
93 297
92 298
92 299
92 300
91 301
90 301
90 302
89 303
89 304
88 305
88 306
88 307
87 308
86 309
86 310
85 311
85 312
84 313
83 314
83 315
83 316
82 317
81 317
81 318
80 319
80 320
79 321
79 322
78 323
78 324
77 325
77 326
76 327
75 328
74 329
74 330
73 331
73 332
72 333
71 334
70 335
70 336
69 337
69 338
68 339
68 340
67 341
67 342
66 343
66 344
65 345
65 346
64 347
64 348
63 349
63 350
62 351
62 352
61 353
61 354
61 355
60 356
60 357
59 358
59 359
59 360
59 361
59 362
58 363
58 364
57 365
57 366
56 367
55 367
55 368
55 369
55 370
55 371
55 372
55 373
55 374
54 375
54 376
53 377
53 378
53 379
52 380
52 381
52 382
52 383
52 384
51 385
51 386
50 387
50 388
50 389
50 390
50 391
50 392
49 393
48 394
47 394
47 395
47 396
47 397
47 398
46 399
46 400
46 401
46 402
46 403
46 404
46 405
46 406
46 407
46 408
45 409
45 410
45 411
45 412
45 413
45 414
44 415
44 416
44 417
43 418
43 419
43 420
42 421
42 422
42 423
42 424
42 425
42 426
42 427
43 428
42 429
42 430
42 431
42 432
41 433
41 434
41 435
41 436
41 437
41 438
41 439
41 440
40 441
40 442
40 443
40 444
40 445
40 446
39 447
39 448
39 449
39 450
39 451
39 452
39 453
39 454
39 455
39 456
38 457
38 458
38 459
38 460
37 461
37 462
37 463
37 464
36 465
36 466
35 467
35 468
35 469
35 470
34 471
33 472
33 473
32 474
32 475
31 476
30 477
30 478
29 479
29 480
28 481
28 482
27 483
26 484
26 485
25 486
25 487
24 488
24 489
23 490
23 491
22 492
22 493
21 494
21 495
20 496
19 497
19 498
19 499
18 500
17 501
17 502
16 503
16 504
15 505
15 506
14 507
14 508
13 509
12 510
12 511
11 512
10 513
10 514
10 515
9 516
9 517
8 518
7 519
7 520
7 521
6 522
6 523
5 524
5 525
4 526
4 527
4 528
4 529
4 530
5 531
5 532
5 533
5 534
6 534
7 534
8 535
9 535
10 535
11 535
12 535
13 535
14 536
15 536
16 536
17 536
18 535
19 535
20 535
21 534
22 534
23 534
24 534
25 533
26 533
27 533
28 533
29 533
30 533
31 533
32 532
33 532
34 531
35 531
36 530
37 530
37 529
38 528
39 528
40 527
41 526
42 526
43 526
44 526
45 527
45 528
46 528
47 528
48 528
49 527
50 527
51 527
52 527
53 527
54 527
55 527
56 527
57 526
58 526
59 526
60 526
61 526
62 526
63 526
64 526
65 525
66 525
67 525
68 525
68 524
69 523
70 523
71 522
72 521
73 520
74 520
74 519
74 518
75 517
76 517
76 516
77 515
77 514
78 513
78 512
79 511
79 510
80 509
81 508
81 507
82 506
83 505
83 504
83 503
84 502
85 501
86 500
86 499
87 498
88 497
89 496
89 495
89 494
90 493
91 493
91 492
92 491
92 490
93 489
94 488
94 487
95 486
96 485
96 484
97 483
97 482
98 481
99 480
99 479
99 478
99 477
99 476
100 475
101 474
102 474
102 473
103 472
104 471
104 470
105 469
105 468
105 467
106 466
107 466
107 465
108 464
109 463
109 462
110 461
111 461
112 461
113 462
114 462
115 462
116 462
117 461
118 462
118 463
119 463
120 463
121 463
122 462
123 462
124 463
125 464
125 465
125 466
126 466
127 466
128 466
129 467
129 468
130 469
131 470
131 471
132 471
133 471
134 471
135 472
136 473
136 474
136 475
137 475
138 475
139 475
140 476
140 477
141 477
142 478
142 479
143 479
144 480
144 481
144 482
145 482
146 483
147 483
148 484
148 485
148 486
149 486
150 486
151 487
151 488
152 488
153 488
154 488
155 489
155 490
155 491
155 492
155 493
155 494
156 494
157 495
157 496
158 496
159 497
160 497
161 497
162 497
163 497
164 498
165 499
166 500
167 501
167 502
168 503
168 504
169 505
169 506
170 507
170 508
170 509
171 510
171 511
171 512
171 513
172 514
172 515
173 516
173 517
173 518
173 519
174 520
174 521
174 522
174 523
174 524
174 525
175 526
175 527
175 528
175 529
176 530
176 531
176 532
176 533
176 534
176 535
177 536
177 537
177 538
177 539
177 540
177 541
176 542
176 543
176 544
176 545
175 546
174 547
173 548
172 549
171 549
170 550
169 551
168 552
167 552
166 553
165 554
164 554
163 555
162 556
161 556
160 556
159 557
158 557
157 557
156 558
155 559
154 560
153 560
152 561
152 562
152 563
151 564
150 564
150 565
150 566
150 567
150 568
150 569
151 570
151 571
151 572
152 573
152 574
152 575
153 575
154 575
155 575
155 574
155 573
155 572
155 571
156 570
156 569
156 568
156 567
157 566
158 565
159 565
160 564
161 564
162 565
162 566
162 567
163 568
164 569
165 569
166 569
167 569
168 568
169 568
169 567
170 566
171 566
172 565
173 564
174 563
175 563
175 562
176 561
177 560
178 561
178 562
178 563
178 564
178 565
178 566
179 567
179 568
179 569
178 570
177 571
176 572
175 572
174 573
173 574
172 575
171 576
170 577
169 577
168 578
167 579
166 580
165 580
165 581
165 582
164 583
163 583
162 583
162 584
162 585
162 586
163 587
162 588
162 589
161 590
161 591
161 592
161 593
162 594
162 595
162 596
162 597
162 598
162 599
162 600
162 601
162 602
162 603
162 604
162 605
162 606
163 607
163 608
164 609
164 610
164 611
165 611
166 611
167 611
168 611
168 610
168 609
168 608
168 607
168 606
168 605
168 604
168 603
168 602
169 601
170 600
171 600
172 600
173 600
174 600
175 600
176 600
177 599
177 598
178 597
178 596
178 595
178 594
178 593
178 592
179 591
180 591
181 590
181 589
182 588
182 587
183 586
183 585
184 584
184 583
185 582
186 582
187 581
188 581
189 581
190 580
191 579
192 578
193 578
194 577
195 577
196 577
197 577
198 577
199 577
200 577
201 578
202 578
203 578
204 578
205 578
206 578
207 578
208 578
209 579
210 579
211 579
212 579
213 579
214 579
215 579
216 579
217 580
218 580
219 580
220 581
221 581
222 581
223 582
224 583
225 583
226 583
227 584
228 584
229 584
230 584
231 585
232 585
233 585
234 585
235 585
236 586
237 587
238 587
239 588
240 589
241 589
242 590
243 590
244 591
245 591
246 591
247 592
248 592
249 592
250 592
251 591
252 591
252 590
253 589
254 588
255 589
256 589
257 590
258 590
259 591
260 592
261 593
262 594
262 595
263 596
263 597
264 598
264 599
264 600
264 601
265 601
266 601
267 601
267 600
268 599
268 598
268 597
268 596
268 595
268 594
268 593
268 592
268 591
267 590
267 589
267 588
266 587
266 586
265 585
265 584
264 583
263 582
262 581
261 580
260 580
259 579
258 578
257 578
256 577
255 577
254 577
253 577
252 576
251 575
250 574
249 574
248 574
247 574
246 574
245 574
244 573
243 573
242 572
241 572
240 572
239 572
238 572
237 571
236 571
235 571
234 570
235 569
236 569
237 569
238 569
239 568
240 568
241 568
242 568
242 567
243 566
243 565
243 564
244 563
245 563
246 564
247 564
248 564
249 565
249 566
250 566
251 567
251 568
252 568
253 568
254 568
254 567
254 566
255 565
255 564
255 563
255 562
254 561
254 560
253 559
253 558
252 558
251 557
251 556
250 556
249 555
248 555
247 554
246 554
245 554
244 554
243 553
242 553
241 553
240 553
239 553
238 553
237 553
236 554
235 554
234 554
233 554
232 554
231 554
230 555
229 555
228 555
227 556
226 556
225 557
224 557
223 557
222 558
221 558
220 559
219 559
218 559
217 559
216 559
215 559
214 559
213 560
212 559
211 559
210 559
209 559
208 558
207 558
206 558
205 557
204 556
203 555
202 554
201 553
200 552
200 551
199 550
198 549
198 548
197 547
197 546
197 545
196 544
195 543
195 542
195 541
195 540
194 539
194 538
193 537
193 536
193 535
192 534
192 533
192 532
192 531
191 530
191 529
191 528
191 527
190 526
190 525
190 524
189 523
189 522
189 521
189 520
188 519
188 518
188 517
188 516
188 515
187 514
187 513
187 512
187 511
187 510
186 509
186 508
186 507
186 506
186 505
186 504
185 503
185 502
185 501
185 500
185 499
185 498
184 497
184 496
184 495
184 494
184 493
184 492
185 491
186 491
187 491
188 490
188 489
188 488
188 487
189 486
190 486
191 486
192 486
192 485
192 484
192 483
192 482
193 481
194 481
195 481
196 480
197 479
198 478
199 477
199 476
199 475
200 474
201 474
202 474
203 474
204 474
205 473
206 473
207 473
208 473
209 473
210 473
211 473
212 473
213 473
214 473
215 473
216 473
217 473
218 472
219 472
220 472
221 472
222 471
223 471
224 470
225 470
226 469
227 469
228 469
229 469
230 468
231 468
232 468
233 468
234 468
235 468
235 467
236 466
237 465
238 465
239 465
240 464
241 464
242 464
243 464
244 464
245 463
246 463
247 463
248 462
249 462
250 462
251 461
252 461
252 460
253 459
254 459
255 459
255 458
256 457
257 456
258 455
258 454
259 453
260 452
261 451
262 450
263 449
264 448
265 447
266 447
267 447
268 446
269 445
270 444
271 444
272 443
273 442
273 441
273 440
274 439
274 438
274 437
275 436
276 436
277 436
278 436
279 435
280 435
281 434
282 433
283 432
283 431
284 430
285 429
286 428
286 427
287 426
288 425
289 424
290 423
290 422
291 421
291 420
292 419
293 419
293 418
293 417
294 416
295 416
296 416
296 415
296 414
297 413
298 412
298 411
299 410
300 409
300 408
300 407
301 406
302 406
302 405
302 404
303 403
304 402
304 401
305 400
305 399
306 398
307 398
307 397
307 396
307 395
308 394
309 393
309 392
310 391
311 391
311 390
311 389
311 388
312 387
313 387
314 387
314 386
314 385
315 384
316 383
317 382
317 381
318 380
318 379
319 378
319 377
319 376
320 375
321 374
322 373
322 372
323 371
323 370
324 369
325 368
325 367
325 366
326 365
326 364
327 363
328 363
328 362
329 361
329 360
330 359
331 358
331 357
332 356
332 355
333 354
334 353
334 352
335 351
336 350
336 349
336 348
337 347
337 346
338 345
338 344
339 343
340 342
340 341
341 340
341 339
342 338
342 337
343 336
343 335
344 334
345 333
345 332
346 331
347 330
347 329
348 328
349 327
349 326
349 325
350 324
351 324
351 323
351 322
351 321
352 320
353 320
353 319
354 318
354 317
354 316
355 315
356 314
356 313
357 312
358 311
359 310
359 309
360 308
361 307
361 306
362 305
362 304
363 303
364 302
365 301
365 300
366 299
367 298
368 297
368 296
369 295
370 294
370 293
371 292
372 291
372 290
373 289
373 288
374 287
374 286
375 285
375 284
376 283
376 282
376 281
376 280
377 279
378 279
378 278
378 277
378 276
378 275
379 274
379 273
380 272
380 271
381 270
381 269
382 268
382 267
382 266
382 265
382 264
382 263
382 262
383 261
383 260
383 259
383 258
384 257
384 256
384 255
384 254
384 253
384 252
384 251
384 250
384 249
384 248
385 247
385 246
385 245
385 244
385 243
385 242
385 241
385 240
385 239
385 238
385 237
385 236
385 235
385 234
385 233
385 232
385 231
385 230
385 229
385 228
384 227
384 226
384 225
384 224
384 223
383 222
383 221
383 220
382 219
382 218
381 217
381 216
381 215
380 214
380 213
380 212
380 211
380 210
379 209
379 208
378 207
378 206
378 205
377 204
377 203
377 202
377 201
376 200
376 199
375 198
375 197
375 196
374 195
374 194
374 193
373 192
373 191
372 190
372 189
372 188
371 187
371 186
371 185
370 184
370 183
370 182
370 181
370 180
370 179
369 178
369 177
369 176
369 175
369 174
369 173
369 172
369 171
369 170
369 169
369 168
369 167
369 166
369 165
370 164
370 163
370 162
370 161
370 160
370 159
371 158
371 157
371 156
371 155
372 154
373 154
373 153
374 152
374 151
375 150
375 149
376 148
377 147
378 146
379 145
379 144
380 143
381 143
382 143
382 142
383 141
384 141
384 140
385 139
386 138
387 137
388 136
388 135
389 134
389 133
389 132
390 131
391 131
391 130
392 129
392 128
393 127
394 127
395 126
395 125
396 124
397 124
398 124
399 124
400 124
401 124
402 125
403 125
404 126
405 126
406 126
407 126
408 126
408 125
408 124
408 123
408 122
407 121
407 120
406 119
405 118
404 117
403 116
402 116
401 116
400 115
399 115
398 114
397 114
396 114
395 114
394 113
395 112
396 112
397 112
398 112
399 112
400 112
401 112
402 112
403 112
404 112
405 112
406 112
407 112
408 113
409 114
410 115
411 116
412 117
413 117
414 117
414 116
414 115
414 114
414 113
414 112
414 111
414 110
413 109
413 108
413 107
412 106
412 105
411 104
410 103
409 102
409 101
408 101
407 100
406 99
405 98
404 98
403 97
402 96
401 96
400 95
399 94
398 93
397 92
396 91
395 90
394 90
393 89
393 88
393 87
392 86
392 85
391 84
390 83
389 82
388 81
387 80
386 80
385 79
384 78
383 77
382 77
381 76
380 76
379 75
378 75
377 74
376 74
375 73
374 73
373 73
372 72
371 72
370 72
369 72
368 72
367 72
366 72
365 72
364 72
363 72
362 72
361 72
360 72
359 72
358 72
357 72
356 72
355 72
354 72
