63 1
62 2
61 2
60 2
59 2
58 3
57 3
56 3
55 4
54 4
53 5
52 6
51 6
50 7
49 8
49 9
48 10
47 11
47 12
47 13
46 14
45 15
44 16
43 17
42 18
41 19
40 20
40 21
39 22
39 23
38 24
38 25
38 26
38 27
38 28
38 29
39 30
40 30
41 30
42 30
43 30
44 30
45 30
46 29
47 29
48 29
49 29
50 29
51 29
52 29
53 30
54 30
55 31
55 32
55 33
56 34
56 35
56 36
56 37
56 38
56 39
55 40
55 41
55 42
55 43
55 44
54 45
54 46
54 47
54 48
54 49
54 50
54 51
53 52
53 53
53 54
53 55
53 56
53 57
52 58
52 59
52 60
52 61
52 62
52 63
52 64
51 65
51 66
51 67
51 68
51 69
50 70
50 71
50 72
50 73
50 74
50 75
50 76
49 77
49 78
49 79
49 80
49 81
49 82
49 83
49 84
49 85
49 86
48 87
48 88
48 89
48 90
48 91
48 92
48 93
48 94
48 95
48 96
48 97
48 98
48 99
48 100
48 101
48 102
48 103
48 104
48 105
48 106
48 107
48 108
49 109
49 110
49 111
49 112
50 113
50 114
50 115
51 116
51 117
51 118
51 119
52 120
52 121
52 122
53 123
53 124
54 125
54 126
54 127
55 128
56 129
56 130
57 131
57 132
58 133
59 134
59 135
60 136
61 137
62 138
62 139
63 139
64 140
64 141
65 142
66 143
67 144
68 145
69 146
70 147
71 148
72 149
73 150
74 150
75 151
76 152
77 153
78 153
79 154
80 154
81 155
82 155
83 156
84 156
85 157
86 158
87 158
88 158
89 159
90 159
91 160
92 160
93 161
94 162
95 162
96 162
97 163
98 164
98 165
98 166
98 167
99 168
98 169
98 170
97 171
97 172
97 173
96 174
96 175
96 176
96 177
95 178
95 179
95 180
94 181
94 182
94 183
93 184
92 185
91 185
90 185
89 186
88 186
87 186
86 187
85 187
84 187
83 187
82 187
81 187
80 187
79 187
78 187
77 187
76 187
75 187
74 188
74 189
73 190
72 191
72 192
72 193
72 194
72 195
73 196
74 196
75 196
76 195
77 195
78 195
79 195
80 194
81 194
82 194
83 194
84 194
85 193
86 193
87 193
88 193
89 193
90 193
91 193
92 193
93 193
94 193
95 193
96 193
97 193
98 193
99 193
100 194
101 194
102 194
103 194
104 194
105 194
106 194
107 193
108 193
109 193
110 193
111 192
112 192
113 192
114 192
115 192
116 193
117 193
118 194
119 194
120 194
121 195
122 195
123 195
124 195
125 195
126 195
127 194
126 193
125 192
124 192
123 192
122 191
121 191
120 190
119 190
118 190
117 190
116 190
115 190
114 190
113 190
112 190
111 189
111 188
112 187
113 186
114 186
114 185
115 184
116 183
117 182
118 181
119 180
120 179
121 179
122 178
123 178
124 177
125 177
126 176
127 175
128 175
129 174
130 174
131 173
132 173
133 172
134 172
135 172
136 172
137 172
138 172
139 172
140 172
141 171
142 171
143 171
144 171
145 171
146 171
147 171
148 171
149 170
150 170
151 170
152 170
153 170
153 169
154 168
155 168
156 168
157 168
157 167
157 166
158 165
158 164
159 163
160 163
161 163
162 162
163 162
164 162
165 162
166 162
167 162
168 162
169 162
170 162
171 162
172 162
173 162
174 161
175 161
176 161
177 161
178 161
179 161
180 161
181 160
182 160
183 160
184 160
185 160
186 160
187 159
188 159
189 159
190 160
191 160
192 160
193 160
194 161
195 161
196 162
197 162
198 162
199 162
200 162
201 163
202 163
203 163
204 164
205 164
206 164
207 165
208 165
209 165
210 165
211 166
212 166
213 166
214 167
215 167
216 167
217 168
218 168
219 168
220 169
221 169
222 169
223 169
224 169
225 170
226 170
227 170
228 171
229 171
230 171
231 172
232 172
233 173
234 173
235 173
236 174
237 174
238 174
239 174
240 175
241 175
242 175
243 175
244 176
245 176
246 176
247 176
248 176
249 176
250 176
251 176
252 176
253 176
254 176
255 175
256 175
256 174
257 173
257 172
258 171
259 171
260 171
261 170
262 170
263 169
264 169
264 168
265 167
266 166
267 165
268 164
269 164
270 163
270 162
271 161
271 160
271 159
272 158
272 157
272 156
272 155
272 154
272 153
272 152
272 151
272 150
272 149
271 148
270 147
269 147
268 146
267 146
266 145
265 145
264 145
263 144
262 144
261 144
260 144
259 143
258 143
257 143
256 143
255 142
254 142
253 142
252 141
252 140
252 139
252 138
251 138
250 138
249 137
248 137
247 137
246 137
245 136
244 136
243 136
242 136
241 136
240 136
239 135
238 135
237 135
236 134
235 134
234 134
233 134
232 134
231 134
230 133
229 133
228 133
227 133
226 132
225 132
224 132
223 132
222 132
221 132
220 131
219 131
218 131
217 130
216 130
215 129
214 129
213 129
212 129
211 128
210 128
209 128
208 128
207 127
206 127
205 126
204 126
203 126
202 125
201 125
200 124
199 124
198 123
197 123
196 122
195 121
194 121
193 120
192 120
191 119
190 118
189 117
188 117
187 116
186 116
185 115
184 114
183 114
182 113
181 112
180 112
179 111
178 111
177 110
176 109
175 109
174 108
173 107
172 107
171 106
170 106
169 105
168 104
167 104
166 103
165 103
164 102
163 101
162 101
161 100
160 100
159 99
158 98
157 98
156 97
155 96
154 96
153 95
152 94
151 94
150 93
149 92
148 92
147 91
146 90
145 90
144 89
143 89
142 88
141 87
140 87
139 86
138 85
137 84
136 84
135 83
134 82
133 82
132 81
131 81
130 80
129 79
128 79
127 78
126 78
125 77
124 76
123 76
122 75
121 74
120 74
119 73
118 73
117 72
116 71
115 71
114 70
113 69
112 69
111 68
110 67
109 66
108 66
107 65
106 64
105 63
104 63
103 62
103 61
102 60
101 59
101 58
100 57
100 56
100 55
99 54
98 53
98 52
98 51
97 50
97 49
97 48
97 47
96 46
96 45
96 44
96 43
96 42
95 41
95 40
95 39
95 38
94 37
94 36
94 35
93 34
93 33
93 32
93 31
93 30
93 29
93 28
92 27
92 26
92 25
92 24
92 23
91 22
91 21
91 20
90 19
90 18
90 17
90 16
89 15
89 14
88 13
88 12
87 11
87 10
86 9
85 8
84 7
84 6
83 5
82 5
81 4
80 3
79 3
78 2
77 2
76 2
75 2
74 2
73 1
72 1
71 1
70 1
69 1
68 1
67 1
66 1
65 1
64 1
