68 1
67 2
66 2
65 2
64 2
63 3
62 3
61 3
60 4
59 5
58 5
57 6
56 7
55 8
54 8
53 8
52 9
51 9
50 10
49 11
48 12
48 13
47 14
47 15
47 16
46 17
45 18
44 19
43 20
42 21
41 22
40 23
40 24
39 25
39 26
38 27
38 28
38 29
38 30
38 31
39 32
40 32
41 32
42 32
43 32
44 32
45 32
46 32
47 32
48 32
49 32
50 32
51 32
52 32
53 32
54 32
55 31
56 31
57 31
58 31
59 30
60 31
61 32
62 32
63 33
64 34
64 35
65 36
65 37
66 38
65 39
65 40
65 41
65 42
65 43
65 44
65 45
65 46
65 47
65 48
65 49
65 50
65 51
65 52
64 53
64 54
64 55
64 56
64 57
63 58
63 59
63 60
63 61
62 62
62 63
62 64
62 65
62 66
61 67
61 68
61 69
61 70
61 71
60 72
60 73
60 74
60 75
60 76
59 77
59 78
59 79
59 80
59 81
59 82
59 83
58 84
58 85
58 86
58 87
58 88
58 89
58 90
58 91
57 92
57 93
57 94
57 95
57 96
57 97
57 98
57 99
57 100
57 101
57 102
57 103
57 104
57 105
57 106
57 107
57 108
57 109
57 110
57 111
57 112
57 113
57 114
57 115
58 116
58 117
58 118
58 119
59 120
59 121
59 122
59 123
60 124
60 125
60 126
61 127
61 128
61 129
62 130
62 131
63 132
63 133
63 134
64 135
65 136
65 137
66 138
66 139
67 140
68 141
69 142
69 143
70 144
71 145
72 146
73 147
74 148
75 149
76 150
77 151
78 151
79 152
80 153
81 154
82 154
83 155
84 155
85 156
86 157
87 157
88 158
89 158
90 159
91 159
92 160
93 160
94 161
95 161
96 161
97 161
98 162
99 162
100 163
101 163
102 164
103 164
104 164
105 165
106 165
107 166
108 166
109 166
110 167
111 167
112 168
113 168
114 168
115 168
116 169
117 170
117 171
117 172
118 173
118 174
118 175
118 176
118 177
118 178
118 179
118 180
118 181
118 182
118 183
117 184
116 184
115 185
114 185
113 186
112 186
111 187
110 187
109 188
108 189
107 190
106 190
105 191
104 191
103 192
102 193
102 194
101 195
101 196
101 197
101 198
101 199
102 199
103 198
104 198
105 198
106 197
107 197
108 197
109 196
110 196
111 195
112 195
113 195
114 194
115 194
116 194
117 194
118 194
119 194
120 193
121 193
122 193
123 193
124 193
125 193
126 193
127 193
128 193
129 193
130 193
131 193
132 193
133 193
134 194
135 194
136 194
137 194
138 195
139 195
140 195
141 195
142 196
143 196
144 196
145 196
146 196
147 197
148 197
149 197
150 197
151 197
152 197
153 197
152 196
151 195
150 194
149 193
148 192
147 191
148 190
149 189
150 188
151 188
152 187
153 187
154 187
155 187
156 187
157 186
158 186
159 185
160 185
161 184
162 184
163 183
164 183
165 182
166 182
167 182
168 182
169 182
170 182
171 182
172 181
173 180
174 180
175 180
176 180
177 179
178 179
179 178
180 178
181 178
182 178
183 178
184 178
185 178
186 177
187 177
188 176
189 176
190 176
191 175
192 174
193 174
194 173
195 173
196 173
197 172
198 172
199 171
200 171
201 170
202 170
203 169
204 169
205 168
206 168
207 168
208 167
209 167
210 167
211 167
212 167
213 166
214 166
215 165
216 164
217 164
218 164
219 164
220 164
221 164
222 164
223 164
224 163
225 163
226 163
227 162
228 162
229 162
230 161
231 161
232 161
233 160
234 160
235 160
236 160
237 160
238 160
239 160
240 160
241 160
242 160
243 160
244 160
245 159
246 160
247 160
248 161
249 161
250 161
251 162
252 162
253 162
254 163
255 163
256 164
257 164
258 164
259 164
260 165
261 165
262 165
263 166
264 166
265 166
266 167
267 167
268 168
269 168
270 168
271 169
272 169
273 169
274 170
275 170
276 170
277 171
278 171
279 171
280 171
281 172
282 172
283 172
284 172
285 172
286 172
287 172
288 172
289 172
290 172
291 171
292 171
293 171
294 170
295 169
296 168
297 167
298 166
298 165
299 164
299 163
299 162
299 161
299 160
299 159
299 158
299 157
299 156
299 155
299 154
299 153
298 153
297 152
297 151
296 151
295 150
294 150
293 149
292 148
291 148
290 148
289 147
288 147
287 146
286 146
285 146
284 145
283 145
282 144
281 143
281 142
281 141
281 140
281 139
280 139
279 138
278 138
277 137
276 137
275 136
275 135
275 134
275 133
274 132
273 132
272 131
271 131
270 130
269 130
268 129
267 129
266 129
265 129
264 129
263 128
262 128
261 128
260 127
259 127
258 127
257 127
256 127
255 127
254 127
253 126
252 126
251 126
250 126
249 126
248 126
247 126
246 125
245 125
244 125
243 125
242 125
241 125
240 125
239 124
238 124
237 124
236 124
235 124
234 123
233 123
232 123
231 123
230 122
229 122
228 122
227 122
226 121
225 121
224 121
223 121
222 121
221 120
220 120
219 120
218 120
217 120
216 119
215 119
214 118
213 118
212 118
211 118
210 117
209 117
208 116
207 116
206 115
205 114
204 114
203 114
202 113
201 113
200 112
199 112
198 111
197 111
196 110
195 110
194 109
193 109
192 108
191 108
190 107
189 107
188 107
187 106
186 106
185 106
184 105
183 105
182 104
181 104
180 104
179 103
178 103
177 103
176 102
175 102
174 101
173 101
172 100
171 100
170 99
169 99
168 99
167 99
166 98
165 97
164 97
163 96
162 96
161 95
160 95
159 94
158 94
157 93
156 93
155 93
154 92
153 92
152 91
151 91
150 90
149 90
148 90
147 89
146 89
145 88
144 88
143 87
142 87
141 86
140 86
139 86
138 85
137 84
136 83
135 83
134 82
133 81
132 81
131 81
130 80
129 80
128 79
128 78
127 78
126 78
125 77
125 76
124 76
123 75
123 74
122 73
121 73
120 72
120 71
119 70
118 69
118 68
117 67
116 66
115 65
115 64
114 63
114 62
113 61
112 60
112 59
112 58
111 57
111 56
110 55
110 54
110 53
109 52
109 51
109 50
108 49
108 48
108 47
108 46
107 45
107 44
107 43
107 42
107 41
106 40
106 39
106 38
106 37
106 36
106 35
106 34
106 33
106 32
106 31
105 30
105 29
105 28
105 27
105 26
105 25
105 24
105 23
104 22
104 21
104 20
104 19
103 18
102 17
102 16
101 15
101 14
100 13
99 12
99 11
98 11
97 10
97 9
96 9
95 8
94 7
93 6
92 6
91 5
90 5
89 4
88 4
87 3
86 3
85 3
84 2
83 2
82 2
81 2
80 2
79 1
78 1
77 1
76 1
75 1
74 1
73 1
72 1
71 1
70 1
69 1
