244 143
243 144
242 144
241 144
240 144
239 145
238 144
237 144
236 145
235 145
234 145
233 145
232 145
231 145
230 145
229 145
228 145
227 146
226 145
225 146
224 147
223 146
222 146
221 146
220 147
219 147
218 146
217 147
216 147
215 147
214 148
213 148
212 147
211 148
210 148
209 149
208 148
207 148
206 149
205 149
204 149
203 150
202 149
201 149
200 150
199 150
198 150
197 151
196 151
195 151
194 151
193 151
192 152
191 152
190 153
189 154
188 154
187 154
186 154
185 154
184 154
183 155
182 156
181 156
180 156
179 156
178 157
177 157
176 156
176 157
176 158
175 159
174 158
173 159
172 159
171 159
170 159
169 160
168 161
167 160
167 161
166 162
165 162
164 162
163 163
162 163
161 164
160 164
159 165
158 165
157 166
156 166
155 166
154 166
153 167
152 168
151 168
150 168
150 169
149 170
148 169
147 170
146 170
145 171
144 172
143 172
142 173
141 174
140 173
140 174
139 175
138 176
137 175
137 176
136 177
135 177
134 178
133 177
132 178
132 179
131 180
130 180
129 181
128 181
127 182
126 182
125 182
125 183
124 184
123 184
122 184
122 185
121 186
120 186
119 186
118 187
117 187
117 188
116 189
115 189
114 190
113 191
112 192
111 191
110 192
110 193
109 194
108 194
107 195
106 195
106 196
105 197
104 197
103 198
102 199
101 200
100 201
99 201
99 202
98 203
97 203
96 203
95 203
95 204
95 205
94 206
93 205
92 206
91 207
90 208
89 209
88 208
88 209
87 210
86 211
86 212
85 213
84 214
84 215
84 216
83 217
82 217
83 218
82 219
83 220
82 221
83 222
84 223
85 223
86 224
86 225
87 226
88 227
88 228
89 228
90 229
90 230
91 230
92 231
93 231
94 232
94 233
95 233
96 234
97 235
98 234
99 235
99 236
100 236
101 237
102 237
103 237
104 237
105 237
106 237
107 237
108 237
109 236
110 237
111 236
112 236
113 237
114 236
115 236
116 236
117 236
118 236
119 235
120 236
121 237
121 236
122 235
123 236
124 237
125 237
126 238
127 238
128 238
129 239
130 239
131 240
132 240
133 241
134 241
135 242
136 243
137 244
138 245
139 245
140 246
140 247
141 247
142 248
143 248
144 249
143 250
144 251
145 252
146 253
147 253
148 254
147 255
147 256
148 257
149 258
150 259
151 260
150 261
151 262
152 263
153 264
154 264
155 265
154 266
155 267
155 268
156 269
156 270
157 271
157 272
157 273
157 274
157 275
158 276
157 277
158 278
159 279
160 280
160 281
160 282
159 283
158 284
157 285
157 286
157 287
156 288
157 289
156 290
155 291
156 292
157 293
156 294
156 295
155 296
154 296
154 297
153 298
152 299
151 300
150 300
150 301
149 302
148 302
149 303
149 304
148 305
147 305
147 306
146 307
145 307
145 308
144 309
143 310
142 310
141 310
141 311
140 312
139 313
139 314
138 315
137 314
137 315
136 316
135 316
134 317
133 317
132 318
131 319
130 320
129 321
128 321
128 322
127 323
126 323
125 324
124 324
123 325
122 326
121 327
120 328
119 328
118 329
117 330
116 331
115 332
114 332
113 333
112 332
111 333
110 332
109 333
108 333
107 332
106 333
105 333
104 333
103 334
102 334
101 335
100 336
100 337
99 338
100 339
100 340
101 340
102 340
103 340
104 341
105 342
105 343
106 344
105 345
104 346
105 347
105 348
105 349
104 350
103 351
104 352
103 353
102 354
103 355
102 356
101 357
101 358
101 359
100 360
100 361
99 362
99 363
99 364
99 365
99 366
100 367
99 368
100 369
100 370
99 371
99 372
98 373
97 373
98 374
98 375
98 376
97 377
98 378
98 379
99 380
99 381
99 382
100 382
101 383
102 384
101 385
102 386
101 387
100 388
101 389
100 390
99 390
100 391
100 392
99 393
98 393
99 393
100 394
100 395
101 394
102 395
103 394
103 393
104 392
105 392
106 391
107 392
107 391
107 390
108 389
109 389
109 388
109 387
110 386
110 385
111 384
111 383
112 382
112 381
112 380
113 379
113 378
113 377
112 376
113 375
112 374
111 373
112 372
111 371
112 370
112 369
112 368
112 367
112 366
112 365
113 364
114 363
115 363
116 364
116 365
117 365
118 366
119 367
120 368
120 369
121 370
121 371
121 372
121 373
122 374
122 375
123 376
123 377
124 377
125 378
125 379
125 380
126 380
127 381
127 382
127 383
128 384
129 385
130 385
131 386
131 387
132 387
133 388
134 389
134 390
135 391
135 392
136 393
137 394
136 395
137 395
138 396
139 397
140 398
141 399
142 399
143 400
144 401
145 402
146 401
147 402
148 401
149 400
150 401
151 402
151 403
151 404
152 405
152 406
152 407
153 408
153 409
154 409
155 410
155 409
156 408
157 408
157 407
158 406
158 405
158 404
159 403
158 402
158 401
158 400
158 399
157 398
157 397
156 396
155 395
155 394
154 393
154 392
153 391
152 391
151 390
151 389
150 389
149 388
148 387
147 386
146 386
145 385
144 384
143 383
142 382
141 381
140 380
139 379
139 378
140 377
141 377
142 377
143 378
144 378
145 378
146 378
147 379
148 380
149 380
150 381
151 382
152 383
152 382
153 381
154 380
154 379
153 378
154 377
153 376
154 375
154 374
153 373
152 372
152 371
151 370
150 369
149 369
148 368
148 367
147 367
146 366
145 365
144 364
143 363
142 363
141 362
140 362
139 361
138 361
137 361
136 360
135 361
134 360
134 359
133 359
132 358
132 357
132 356
132 355
131 355
130 354
131 353
130 353
129 352
129 351
130 350
129 349
130 348
130 347
130 346
131 345
130 344
131 343
132 342
133 342
133 341
132 340
133 339
134 339
134 338
135 337
136 337
136 336
137 335
138 335
139 334
140 333
141 333
142 332
143 331
143 330
144 329
145 328
146 327
147 327
148 326
149 326
149 325
150 324
151 323
152 322
153 322
153 321
154 320
155 320
156 319
157 319
157 318
158 317
159 317
160 316
161 315
162 315
163 315
164 315
165 316
166 316
167 317
167 318
168 317
169 318
170 319
171 319
172 320
173 321
174 322
175 322
176 323
177 324
178 325
179 326
180 326
181 327
180 328
180 329
181 329
182 330
183 330
184 331
185 332
186 333
187 334
187 335
188 336
189 337
190 338
190 339
190 340
191 341
192 342
193 343
193 344
194 345
195 346
196 347
197 348
197 349
198 350
197 351
198 351
199 352
200 353
200 354
201 355
202 355
203 356
203 357
204 357
205 358
206 359
205 360
205 361
206 362
206 363
206 364
206 365
207 366
208 367
208 368
208 369
209 370
209 371
209 372
209 373
210 374
210 375
210 376
210 377
211 378
210 379
211 380
212 381
211 382
210 382
211 383
210 384
211 385
211 386
211 387
211 388
212 389
211 390
210 390
211 391
211 392
211 393
211 394
211 395
211 396
211 397
211 398
211 399
212 400
211 401
210 401
211 401
212 402
212 403
211 404
211 405
211 406
212 407
212 408
211 409
212 410
212 411
211 412
211 413
212 414
211 415
211 416
211 417
210 418
209 419
208 420
207 419
206 420
205 420
204 420
203 420
202 421
201 421
200 422
199 423
198 423
198 424
197 425
196 426
195 427
195 428
195 429
195 430
195 431
196 432
197 432
198 432
198 431
199 430
200 430
201 430
202 430
203 429
204 430
204 431
205 431
206 432
207 432
208 432
209 432
210 432
211 431
212 432
212 433
211 434
212 435
212 436
212 437
213 438
214 439
215 440
216 440
217 441
217 442
217 443
218 444
218 445
219 446
218 447
219 447
220 448
220 449
220 450
221 451
222 452
221 453
222 454
223 455
223 456
224 456
225 457
224 458
225 459
225 460
225 461
226 462
227 463
228 464
228 465
228 466
227 467
228 468
227 469
228 469
229 470
230 471
230 472
230 473
230 474
230 475
231 476
232 477
232 478
232 479
233 480
234 481
235 481
236 482
237 482
238 483
239 484
239 485
239 486
239 487
239 488
238 489
238 490
238 491
239 491
240 492
241 492
242 491
243 490
244 489
245 488
244 487
245 486
245 485
245 484
245 483
246 482
246 481
246 480
246 479
245 478
246 477
245 476
245 475
244 474
244 473
243 472
242 471
242 470
241 469
241 468
240 467
241 466
240 466
239 465
239 464
239 463
238 462
237 461
238 460
238 459
237 458
237 457
236 456
237 455
236 454
236 453
235 452
235 451
236 450
237 450
238 451
239 452
240 453
241 454
242 454
243 455
243 456
244 456
245 457
245 458
246 458
247 459
248 459
249 460
249 461
250 461
251 462
252 463
253 464
254 465
255 465
256 466
256 467
257 467
258 468
259 469
260 470
261 470
262 471
262 472
262 473
263 473
264 474
264 475
265 476
266 477
266 478
267 479
267 480
268 480
269 481
270 481
271 481
272 481
273 481
274 482
274 483
275 484
275 485
275 486
275 487
276 488
276 489
277 489
278 489
279 488
279 487
280 486
281 485
280 484
281 483
281 482
282 481
281 480
281 479
282 478
282 477
281 476
280 475
280 474
280 473
279 473
278 472
279 471
278 470
277 469
278 468
277 467
277 466
276 466
275 466
274 465
273 465
272 464
271 463
270 462
269 462
268 461
268 460
267 460
266 459
265 458
264 457
263 456
262 455
261 455
260 454
259 453
260 452
259 452
258 451
257 450
256 449
255 448
254 448
253 447
253 446
252 446
251 445
250 444
249 443
250 442
251 442
252 442
253 443
254 443
255 444
256 444
257 444
258 445
259 445
260 445
261 444
262 444
263 443
264 444
264 445
265 445
266 446
267 447
268 448
269 448
269 447
270 446
271 446
271 445
272 444
271 443
270 442
270 441
269 440
268 439
268 438
267 438
266 437
266 436
265 436
264 435
263 434
262 433
261 432
260 433
259 432
258 432
257 432
256 432
255 432
254 431
253 431
252 432
251 431
251 430
250 431
249 431
248 430
247 430
246 430
245 429
244 430
243 429
242 430
241 429
240 429
239 429
238 428
238 427
237 427
236 426
235 426
234 425
233 424
232 424
231 423
231 422
231 421
230 420
231 419
230 418
229 417
229 416
229 415
230 414
229 413
228 412
229 411
230 411
229 410
228 409
229 408
228 407
228 406
228 405
228 404
228 403
228 402
227 401
228 400
228 399
227 398
227 397
227 396
227 395
227 394
226 393
227 392
227 391
226 390
227 389
227 388
226 387
226 386
226 385
226 384
226 383
226 382
226 381
226 380
225 379
226 378
227 378
226 377
225 376
226 375
226 374
226 373
226 372
226 371
227 370
228 370
227 369
227 368
228 367
228 366
229 365
230 366
231 365
232 364
233 365
234 365
235 364
236 363
237 364
238 364
239 363
240 363
241 362
242 362
243 362
244 361
245 360
246 361
247 361
248 360
249 360
250 361
251 362
252 361
253 361
254 360
255 360
256 359
257 360
258 361
258 360
259 359
260 359
261 360
262 359
263 360
264 359
265 359
266 358
267 359
268 359
269 358
270 359
270 358
271 357
272 358
273 358
274 357
275 357
276 358
277 357
278 357
279 357
280 357
281 357
282 357
283 356
284 357
285 357
286 356
287 357
288 357
289 357
290 357
291 356
292 357
293 358
294 357
295 357
296 357
297 357
298 358
299 358
300 358
301 359
302 358
303 358
304 358
305 358
306 358
307 358
308 357
309 357
310 358
311 358
312 357
313 356
314 357
315 358
316 357
317 357
318 357
319 356
320 356
321 357
322 357
323 356
324 356
325 356
326 357
327 356
328 356
329 356
330 356
331 356
332 357
333 356
334 357
335 357
336 356
337 356
338 357
339 356
340 356
341 356
342 355
343 355
344 355
345 355
346 355
347 355
348 355
349 355
350 356
351 355
352 354
353 355
354 354
355 354
356 353
357 353
358 354
359 353
360 354
361 354
362 353
363 353
364 354
365 353
366 353
367 352
368 353
369 354
370 353
371 353
372 352
373 353
374 352
375 352
376 352
377 352
378 352
379 352
379 351
380 350
381 350
382 351
383 351
384 351
385 350
386 350
387 350
388 350
388 349
389 348
390 349
391 350
392 349
393 349
394 348
395 348
396 349
397 349
398 348
399 348
400 347
401 347
402 346
403 346
404 346
405 346
406 347
407 346
408 346
409 347
409 346
410 345
411 346
412 345
413 344
414 343
415 344
416 343
417 343
418 342
419 342
420 342
421 342
422 342
423 341
424 341
425 341
426 341
427 341
428 342
429 342
430 341
431 340
432 341
433 342
434 341
435 341
436 341
437 340
438 340
439 341
439 340
440 339
441 338
442 339
443 338
444 338
445 338
446 338
447 337
448 338
449 337
450 336
451 336
452 337
452 336
453 335
454 335
455 336
455 335
456 334
457 333
458 333
459 333
459 332
460 331
461 331
462 331
463 330
464 329
465 329
466 328
467 327
468 328
469 327
470 326
470 325
471 324
472 324
473 323
474 323
474 322
474 321
475 320
476 320
477 319
477 318
478 317
479 317
479 316
480 315
481 314
481 313
482 312
483 312
484 312
485 311
485 310
486 309
487 309
487 308
486 307
487 306
488 306
488 305
489 304
490 303
491 302
492 301
493 300
493 299
494 298
495 297
496 297
497 297
498 296
499 297
500 297
501 296
502 297
503 296
504 296
505 297
506 296
507 296
508 297
508 296
509 295
510 296
511 297
512 296
513 296
514 296
515 295
516 296
517 295
518 295
519 296
520 295
521 294
522 295
522 296
523 296
524 295
525 296
526 295
527 296
528 297
529 296
530 297
531 296
532 296
533 297
534 297
535 298
535 299
536 299
537 300
538 301
538 302
539 303
540 304
541 305
542 305
543 306
542 307
543 308
544 308
545 309
545 310
546 310
547 309
548 309
549 308
549 307
550 306
551 305
551 304
551 303
551 302
552 301
551 300
552 299
552 298
552 297
552 296
552 295
552 294
552 293
552 292
551 291
551 290
551 289
551 288
552 287
551 286
551 285
552 284
553 284
553 283
554 282
554 281
554 280
555 279
554 278
554 277
555 276
555 275
554 274
555 273
555 272
555 271
556 270
555 269
556 268
555 267
555 266
555 265
554 264
554 263
555 262
554 261
554 260
554 259
553 259
552 258
553 257
553 256
552 255
552 254
551 253
550 252
550 251
549 250
550 249
549 248
548 247
549 246
548 245
547 245
546 244
546 243
545 243
544 242
544 241
544 240
543 240
542 239
542 238
541 238
540 237
539 236
539 235
538 234
537 234
536 233
535 233
534 232
533 231
532 231
531 230
531 229
530 230
529 229
528 228
527 228
526 228
525 227
524 226
523 227
522 227
521 226
520 227
519 226
518 225
517 225
516 224
515 224
514 224
513 224
512 223
511 224
510 224
509 224
508 223
507 223
506 223
505 223
504 224
503 223
502 223
501 224
500 223
499 224
498 224
497 224
496 224
495 223
494 224
493 225
492 224
491 224
490 225
489 225
488 224
487 225
486 226
485 226
484 226
483 225
482 226
481 226
480 226
479 225
479 226
478 227
477 226
476 226
475 227
474 227
473 227
472 228
471 228
470 228
469 229
468 229
467 230
466 230
465 231
464 231
463 232
462 232
461 232
460 232
459 233
458 233
457 232
456 233
455 232
454 233
453 234
452 233
452 232
451 233
450 233
449 232
448 233
447 234
446 233
446 232
445 232
444 231
443 230
442 229
441 229
440 228
440 227
439 227
438 226
437 225
436 224
436 223
435 222
434 221
433 220
432 219
432 218
431 218
430 217
430 216
429 216
428 215
427 214
428 213
427 213
426 212
425 211
424 210
423 209
422 209
421 208
420 207
419 206
418 205
417 204
416 205
415 204
414 203
413 202
412 201
411 201
410 201
409 201
408 200
408 199
407 199
406 198
405 197
404 197
403 196
402 196
401 195
400 195
399 194
398 195
397 194
396 193
395 193
394 193
393 192
392 191
391 190
390 190
389 189
389 188
388 188
387 187
386 188
385 187
384 186
383 185
382 184
381 185
380 184
380 183
379 183
378 182
377 181
376 182
375 181
374 180
373 179
372 180
371 179
370 178
369 177
368 176
367 176
366 175
365 175
364 174
363 174
362 173
361 173
360 172
359 171
358 172
357 171
356 170
355 170
354 169
353 169
352 168
351 168
350 167
350 166
349 167
348 166
347 165
346 165
345 164
344 164
343 164
342 163
341 163
340 162
339 163
338 162
338 161
337 162
336 161
335 160
334 161
333 160
332 159
331 159
330 158
329 159
328 158
327 158
326 158
325 157
324 158
323 157
322 156
321 156
320 155
319 155
318 155
317 154
316 154
315 154
314 154
313 153
312 154
311 153
310 153
309 153
308 152
307 152
306 152
305 152
304 152
303 152
302 151
301 152
300 151
299 151
298 152
297 151
297 150
296 150
295 150
294 149
293 150
292 150
291 149
290 149
289 149
288 149
287 149
286 148
285 148
284 147
283 148
282 148
281 147
280 147
279 147
278 146
277 147
276 146
275 147
274 146
273 146
272 146
271 146
270 146
269 146
268 145
267 145
266 145
265 144
264 144
263 144
262 145
261 144
260 144
259 144
258 144
257 143
256 144
255 144
254 143
253 144
252 144
251 143
250 144
249 143
248 144
247 143
246 143
245 143
