259 1
258 2
257 2
256 2
255 2
254 2
253 2
252 2
251 2
250 2
249 2
248 2
247 2
246 2
245 2
244 2
244 3
243 4
242 5
242 6
241 7
240 8
239 9
239 10
238 11
237 12
237 13
236 14
235 15
234 16
234 17
233 18
232 19
232 20
231 21
230 22
229 23
229 24
228 25
227 26
226 27
226 28
225 29
224 30
224 31
223 32
222 33
221 34
221 35
221 36
222 37
222 38
222 39
223 40
223 41
224 42
224 43
224 44
225 45
225 46
226 47
226 48
226 49
227 50
227 51
228 52
228 53
228 54
229 55
229 56
230 57
230 58
230 59
231 60
231 61
232 62
232 63
232 64
233 65
233 66
234 67
234 68
234 69
235 70
235 71
236 72
236 73
236 74
237 75
237 76
238 77
238 78
238 79
239 80
239 81
238 82
237 83
237 84
236 85
235 86
235 87
234 88
234 89
233 90
232 91
232 92
231 93
230 94
230 95
229 96
228 97
228 98
227 99
227 100
226 101
225 102
225 103
224 104
223 105
223 106
222 107
221 108
221 109
220 110
220 111
219 112
218 113
218 114
217 115
216 116
216 117
215 118
214 119
214 120
213 121
212 122
212 123
211 124
211 125
210 126
209 127
209 128
208 129
207 130
207 131
206 132
205 133
205 134
204 135
204 136
203 137
202 138
202 139
201 140
200 141
200 142
199 143
198 144
198 145
197 146
196 147
196 148
195 149
195 150
194 151
193 152
193 153
192 154
191 155
191 156
190 157
189 158
189 159
188 160
188 161
187 162
186 163
186 164
185 165
184 166
184 167
183 168
182 169
182 170
181 171
180 172
180 173
179 174
179 175
178 176
177 177
177 178
176 179
175 180
175 181
174 182
173 183
173 184
172 185
172 186
171 187
170 188
170 189
169 190
168 191
168 192
167 193
166 194
166 195
165 196
165 197
164 198
163 199
163 200
162 201
161 202
161 203
160 204
159 205
159 206
158 207
157 208
157 209
156 210
156 211
155 212
154 213
154 214
153 215
152 216
152 217
151 218
150 219
150 220
149 221
149 222
148 223
147 224
147 225
146 226
145 227
145 228
144 229
143 230
143 231
142 232
141 233
141 234
140 235
140 236
139 237
138 238
138 239
137 240
136 241
136 242
135 243
134 244
134 245
133 246
133 247
132 248
131 249
131 250
130 251
129 252
129 253
128 254
127 255
127 256
126 257
126 258
125 259
124 260
124 261
123 262
122 263
122 264
121 265
120 266
120 267
119 268
118 269
118 270
117 271
117 272
116 273
115 274
115 275
114 276
113 277
113 278
112 279
111 280
111 281
110 282
110 283
109 284
108 285
108 286
107 287
106 288
106 289
105 290
104 291
104 292
103 293
102 294
102 295
101 296
101 297
100 298
99 299
99 300
98 301
97 302
97 303
96 304
95 305
95 306
94 307
94 308
93 309
92 310
92 311
91 312
90 313
90 314
89 315
88 316
88 317
87 318
87 319
86 320
85 321
85 322
84 323
83 324
83 325
82 326
81 327
81 328
80 329
79 330
79 331
78 332
78 333
77 334
76 335
76 336
75 337
74 338
74 339
73 340
72 341
72 342
71 343
71 344
70 345
69 346
69 347
68 348
67 349
66 348
65 347
64 347
63 346
62 346
61 345
60 345
59 344
58 344
57 343
56 343
55 342
54 342
53 341
52 341
51 340
50 340
49 339
48 339
47 338
46 338
45 337
44 337
43 336
42 336
41 335
40 335
39 334
38 334
37 333
36 333
35 332
34 332
33 331
32 331
31 330
30 330
29 329
28 329
27 328
27 329
26 330
25 331
24 332
23 333
22 334
21 335
20 336
19 337
18 338
17 339
16 340
15 341
14 342
13 343
12 344
11 345
10 346
9 347
8 348
7 349
6 350
5 351
4 352
3 353
2 354
1 355
1 356
1 357
1 358
1 359
1 360
1 361
2 362
2 363
2 364
2 365
2 366
3 367
3 368
3 369
3 370
3 371
4 372
4 373
4 374
4 375
5 376
5 377
5 378
5 379
5 380
6 381
6 382
6 383
6 384
6 385
7 386
7 387
7 388
7 389
7 390
8 391
9 390
10 391
11 391
12 391
13 391
14 391
15 391
16 391
17 391
18 391
19 391
20 392
21 392
22 392
23 392
24 392
25 392
26 392
27 392
28 392
29 392
30 393
31 393
32 393
33 393
34 393
35 393
36 393
37 393
38 393
39 393
40 394
41 394
42 394
43 394
44 395
43 396
43 397
43 398
42 399
42 400
42 401
41 402
41 403
41 404
41 405
40 406
40 407
40 408
39 409
39 410
39 411
38 412
38 413
38 414
37 415
37 416
37 417
36 418
36 419
36 420
36 421
35 422
35 423
35 424
36 424
37 424
38 424
39 425
40 425
41 425
42 426
43 426
44 427
45 427
46 427
47 428
48 428
49 429
50 429
51 429
52 430
53 430
54 430
55 431
56 431
57 432
58 432
59 432
60 433
61 433
62 433
63 434
64 434
65 435
66 435
67 435
68 436
69 436
70 437
71 437
72 437
73 437
74 437
75 436
76 436
77 435
78 434
79 434
80 433
81 432
82 432
83 431
84 430
85 430
86 429
87 428
88 428
89 427
90 426
91 426
92 425
93 424
94 423
95 423
96 422
97 421
98 421
99 420
100 419
101 419
102 418
103 417
104 417
105 416
106 415
107 415
108 414
108 413
107 412
107 411
107 410
107 409
106 408
106 407
106 406
106 405
106 404
105 403
105 402
105 401
105 400
104 399
104 398
104 397
104 396
104 395
103 394
103 393
103 392
103 391
102 390
102 389
102 388
102 387
102 386
101 385
101 384
101 383
101 382
100 381
100 380
100 379
100 378
100 377
99 376
99 375
99 374
99 373
98 372
98 371
98 370
98 369
98 368
97 367
97 366
97 365
97 364
98 363
99 362
99 361
100 360
101 359
101 358
102 357
103 356
103 355
104 354
105 353
106 352
106 351
107 350
108 349
108 348
109 347
110 346
110 345
111 344
112 343
112 342
113 341
114 340
114 339
115 338
116 337
116 336
117 335
118 334
118 333
119 332
120 331
120 330
121 329
122 328
122 327
123 326
124 325
124 324
125 323
126 322
126 321
127 320
128 319
129 318
129 317
130 316
131 315
131 314
132 313
133 312
133 311
134 310
135 309
135 308
136 307
137 306
137 305
138 304
139 303
139 302
140 301
141 300
141 299
142 298
143 297
143 296
144 295
145 294
145 293
146 292
147 291
147 290
148 289
149 288
149 287
150 286
151 285
151 284
152 283
153 282
154 281
154 280
155 279
156 278
156 277
157 276
158 275
158 274
159 273
160 272
160 271
161 270
162 269
162 268
163 267
164 266
164 265
165 264
166 263
166 262
167 261
168 260
168 259
169 258
170 257
170 256
171 255
172 254
172 253
173 252
174 251
174 250
175 249
176 248
176 247
177 246
178 245
179 244
179 243
180 242
181 241
181 240
182 239
183 238
183 237
184 236
185 235
185 234
186 233
187 232
187 231
188 230
189 229
189 228
190 227
191 226
191 225
192 224
193 223
193 222
194 221
195 220
195 219
196 218
197 217
197 216
198 215
199 214
199 213
200 212
201 211
201 210
202 209
203 208
204 207
204 206
205 205
206 204
206 203
207 202
208 201
208 200
209 199
210 198
210 197
211 196
212 195
212 194
213 193
214 192
214 191
215 190
216 189
216 188
217 187
218 186
218 185
219 184
220 183
220 182
221 181
222 180
222 179
223 178
224 177
224 176
225 175
226 174
226 173
227 172
228 171
229 170
229 169
230 168
231 167
231 166
232 165
233 164
233 163
234 162
235 161
235 160
236 159
237 158
237 157
238 156
239 155
239 154
240 153
241 152
241 151
242 150
243 149
243 148
244 147
245 146
245 145
246 144
247 143
247 142
248 141
249 140
249 139
250 138
251 137
252 136
252 135
253 134
254 133
254 132
255 131
256 130
256 129
257 128
258 127
258 126
259 125
260 124
260 123
261 122
262 121
262 120
263 119
264 118
264 117
265 116
266 115
266 114
267 113
268 112
268 111
269 110
270 109
270 108
271 107
272 106
272 105
273 104
274 103
274 102
275 101
276 100
277 100
278 100
279 99
280 99
281 99
282 98
283 98
284 98
285 97
286 97
287 97
288 96
289 96
290 96
291 95
292 95
293 95
294 94
295 94
296 94
297 93
298 93
299 93
300 92
301 92
302 92
303 91
304 91
305 91
306 90
307 90
308 90
309 89
310 89
311 89
312 89
313 89
314 89
315 89
316 88
317 88
318 88
319 88
320 88
321 88
322 87
323 87
324 87
325 87
326 87
327 87
328 87
329 86
330 86
331 86
332 86
333 86
334 86
335 85
336 85
337 85
338 85
339 85
340 85
341 85
342 84
343 84
344 84
345 84
346 84
347 84
348 83
349 83
350 83
351 83
352 83
353 83
354 83
355 82
355 81
355 80
355 79
354 78
354 77
354 76
353 75
353 74
353 73
352 72
352 71
352 70
351 69
351 68
351 67
350 66
350 65
350 64
349 63
349 62
349 61
348 60
348 59
348 58
347 57
347 56
347 55
346 54
346 53
346 52
345 51
345 50
345 49
344 48
344 47
344 46
343 45
343 44
343 43
342 42
342 41
342 40
341 39
340 38
339 38
338 38
337 38
336 38
335 38
334 38
333 38
332 38
331 38
330 37
329 37
328 37
327 37
326 37
325 37
324 37
323 37
322 37
321 37
320 36
319 36
318 36
317 36
316 36
315 36
314 36
313 36
312 36
311 36
310 35
309 35
308 35
307 35
306 35
305 35
304 34
304 33
303 32
303 31
303 30
302 29
302 28
301 27
301 26
301 25
300 24
300 23
299 22
299 21
298 20
298 19
298 18
297 17
297 16
296 15
296 14
295 13
295 12
295 11
294 10
294 9
293 8
293 7
293 6
292 5
292 4
291 3
291 2
290 1
289 1
288 1
287 1
286 1
285 1
284 1
283 1
282 1
281 1
280 1
279 1
278 1
277 1
276 1
275 1
274 1
273 1
272 1
271 1
270 1
269 1
268 1
267 1
266 1
265 1
264 1
263 1
262 1
261 1
260 1
