259 1
258 2
257 2
256 2
255 2
254 2
253 2
252 2
251 2
250 2
249 2
248 2
247 2
246 2
245 2
244 2
244 3
243 4
242 5
242 6
241 7
240 8
240 9
239 10
238 11
237 12
237 13
236 14
235 15
234 16
234 17
233 18
232 19
232 20
231 21
230 22
229 23
229 24
228 25
227 26
227 27
226 28
225 29
224 30
224 31
223 32
222 33
221 34
221 35
221 36
222 37
222 38
222 39
223 40
223 41
224 42
224 43
224 44
225 45
225 46
226 47
226 48
226 49
227 50
227 51
228 52
228 53
228 54
229 55
229 56
230 57
230 58
230 59
231 60
231 61
232 62
232 63
232 64
233 65
233 66
234 67
234 68
234 69
235 70
235 71
236 72
236 73
236 74
237 75
237 76
238 77
238 78
238 79
239 80
239 81
238 82
237 83
237 84
236 85
236 86
235 87
234 88
234 89
233 90
232 91
232 92
231 93
230 94
230 95
229 96
228 97
228 98
227 99
227 100
226 101
225 102
225 103
224 104
223 105
223 106
222 107
221 108
221 109
220 110
220 111
219 112
218 113
218 114
217 115
216 116
216 117
215 118
214 119
214 120
213 121
212 122
212 123
211 124
211 125
210 126
209 127
209 128
208 129
207 130
207 131
206 132
205 133
205 134
204 135
204 136
203 137
202 138
202 139
201 140
200 141
200 142
199 143
198 144
198 145
197 146
197 147
196 148
195 149
195 150
194 151
193 152
193 153
192 154
191 155
191 156
190 157
189 158
189 159
188 160
188 161
187 162
186 163
186 164
185 165
184 166
184 167
183 168
182 169
182 170
181 171
181 172
180 173
179 174
179 175
178 176
177 177
177 178
176 179
175 180
175 181
174 182
173 183
173 184
172 185
172 186
171 187
170 188
170 189
169 190
168 191
168 192
167 193
166 194
166 195
165 196
165 197
164 198
163 199
163 200
162 201
161 202
161 203
160 204
159 205
159 206
158 207
157 208
157 209
156 210
156 211
155 212
154 213
154 214
153 215
152 216
152 217
151 218
150 219
150 220
149 221
149 222
148 223
147 224
147 225
146 226
145 227
145 228
144 229
143 230
143 231
142 232
142 233
141 234
140 235
140 236
139 237
138 238
138 239
137 240
136 241
136 242
135 243
134 244
134 245
133 246
133 247
132 248
131 249
131 250
130 251
129 252
129 253
128 254
127 255
127 256
126 257
126 258
125 259
124 260
124 261
123 262
122 263
122 264
121 265
120 266
120 267
119 268
118 269
118 270
117 271
117 272
116 273
115 274
115 275
114 276
113 277
113 278
112 279
111 280
111 281
110 282
110 283
109 284
108 285
108 286
107 287
106 288
106 289
105 290
104 291
104 292
103 293
103 294
102 295
101 296
101 297
100 298
99 299
99 300
98 301
97 302
97 303
96 304
95 305
95 306
94 307
94 308
93 309
92 310
92 311
91 312
90 313
90 314
89 315
88 316
88 317
87 318
87 319
86 320
85 321
85 322
84 323
83 324
83 325
82 326
81 327
81 328
80 329
79 330
79 331
78 332
78 333
77 334
76 335
76 336
75 337
74 338
74 339
73 340
72 341
72 342
71 343
71 344
70 345
69 346
69 347
68 348
67 349
66 348
65 347
64 347
63 346
62 346
61 345
60 345
59 344
58 344
57 343
56 343
55 342
54 342
53 341
52 341
51 340
50 340
49 339
48 339
47 338
46 338
45 337
44 337
43 336
42 336
41 335
40 335
39 334
38 334
37 333
36 333
35 332
34 332
33 331
32 331
31 330
30 330
29 329
28 329
27 328
27 329
26 330
25 331
24 332
23 333
22 334
21 335
20 336
19 337
18 338
17 339
16 340
15 341
14 342
13 343
12 344
11 345
10 346
9 347
8 348
7 349
6 350
5 351
4 352
3 353
2 354
1 355
1 356
1 357
1 358
1 359
1 360
1 361
2 362
2 363
2 364
2 365
2 366
3 367
3 368
3 369
3 370
3 371
4 372
4 373
4 374
4 375
5 376
5 377
5 378
5 379
5 380
6 381
6 382
6 383
6 384
6 385
7 386
7 387
7 388
7 389
7 390
8 391
9 390
10 391
11 391
12 391
13 391
14 391
15 391
16 391
17 391
18 391
19 391
20 392
21 392
22 392
23 392
24 392
25 392
26 392
27 392
28 392
29 392
30 393
31 393
32 393
33 393
34 393
35 393
36 393
37 393
38 393
39 393
40 394
41 394
42 394
43 394
44 395
43 396
43 397
43 398
42 399
42 400
42 401
41 402
41 403
41 404
41 405
40 406
40 407
40 408
39 409
39 410
39 411
38 412
38 413
38 414
37 415
37 416
37 417
36 418
36 419
36 420
36 421
35 422
35 423
35 424
36 424
37 424
38 424
39 425
40 425
41 425
42 426
43 426
44 427
45 427
46 427
47 428
48 428
49 429
50 429
51 429
52 430
53 430
54 430
55 431
56 431
57 432
58 432
59 432
60 433
61 433
62 433
63 434
64 434
65 435
66 435
67 435
68 436
69 436
70 437
71 437
72 437
73 437
74 437
75 436
76 436
77 435
78 434
79 434
80 433
81 432
82 432
83 431
84 430
85 430
86 429
87 428
88 428
89 427
90 426
91 426
92 425
93 424
94 423
95 423
96 422
97 421
98 421
99 420
100 419
101 419
102 418
103 417
104 417
105 416
106 415
107 415
108 414
108 413
108 412
108 411
108 410
108 409
108 408
108 407
108 406
108 405
108 404
108 403
108 402
109 401
109 400
109 399
109 398
109 397
109 396
109 395
109 394
109 393
109 392
109 391
109 390
109 389
109 388
109 387
109 386
109 385
109 384
110 383
110 382
110 381
110 380
110 379
110 378
110 377
110 376
110 375
110 374
110 373
110 372
110 371
110 370
110 369
110 368
110 367
110 366
111 365
111 364
112 363
112 362
113 361
114 360
114 359
115 358
115 357
116 356
117 355
117 354
118 353
119 352
119 351
120 350
120 349
121 348
122 347
122 346
123 345
124 344
124 343
125 342
125 341
126 340
127 339
127 338
128 337
129 336
129 335
130 334
130 333
131 332
132 331
132 330
133 329
134 328
134 327
135 326
135 325
136 324
137 323
137 322
138 321
139 320
139 319
140 318
140 317
141 316
142 315
142 314
143 313
144 312
144 311
145 310
145 309
146 308
147 307
147 306
148 305
149 304
149 303
150 302
150 301
151 300
152 299
152 298
153 297
153 296
154 295
155 294
155 293
156 292
157 291
157 290
158 289
158 288
159 287
160 286
160 285
161 284
162 283
162 282
163 281
163 280
164 279
165 278
165 277
166 276
167 275
167 274
168 273
168 272
169 271
170 270
170 269
171 268
172 267
172 266
173 265
173 264
174 263
175 262
175 261
176 260
177 259
177 258
178 257
178 256
179 255
180 254
180 253
181 252
182 251
182 250
183 249
183 248
184 247
185 246
185 245
186 244
187 243
187 242
188 241
188 240
189 239
190 238
190 237
191 236
192 235
192 234
193 233
193 232
194 231
195 230
195 229
196 228
197 227
197 226
198 225
198 224
199 223
200 222
200 221
201 220
202 219
202 218
203 217
203 216
204 215
205 214
205 213
206 212
207 211
207 210
208 209
208 208
209 207
210 206
210 205
211 204
212 203
212 202
213 201
213 200
214 199
215 198
215 197
216 196
217 195
217 194
218 193
218 192
219 191
220 190
220 189
221 188
222 187
222 186
223 185
223 184
224 183
225 182
225 181
226 180
227 179
227 178
228 177
228 176
229 175
230 174
230 173
231 172
232 171
232 170
233 169
233 168
234 167
235 166
235 165
236 164
237 163
237 162
238 161
238 160
239 159
240 158
240 157
241 156
242 155
242 154
243 153
243 152
244 151
245 150
245 149
246 148
247 147
247 146
248 145
248 144
249 143
250 142
250 141
251 140
251 139
252 138
253 137
253 136
254 135
255 134
255 133
256 132
256 131
257 130
258 129
258 128
259 127
260 126
260 125
261 124
261 123
262 122
263 121
263 120
264 119
265 118
265 117
266 116
266 115
267 114
268 113
268 112
269 111
270 110
270 109
271 108
271 107
272 106
273 105
273 104
274 103
275 102
276 101
277 101
278 101
279 101
280 102
281 102
282 102
283 102
284 103
285 103
286 103
287 104
288 104
289 104
290 104
291 105
292 105
293 105
294 105
295 106
296 106
297 106
298 106
299 107
300 107
301 107
302 108
303 108
304 108
305 108
306 109
307 109
308 109
309 109
310 110
311 110
312 110
313 110
314 111
315 111
316 111
317 112
318 112
319 112
320 112
321 113
322 113
323 113
324 113
325 114
326 114
327 114
328 114
329 115
330 115
331 114
332 113
333 112
333 111
334 110
335 109
336 108
337 107
337 106
338 105
339 104
340 103
340 102
341 101
342 100
343 99
344 98
344 97
345 96
346 95
347 94
347 93
348 92
349 91
350 90
351 89
351 88
352 87
353 86
354 85
354 84
355 83
355 82
355 81
355 80
355 79
354 78
354 77
354 76
353 75
353 74
353 73
352 72
352 71
352 70
351 69
351 68
351 67
350 66
350 65
350 64
349 63
349 62
349 61
348 60
348 59
348 58
347 57
347 56
347 55
346 54
346 53
346 52
345 51
345 50
345 49
344 48
344 47
344 46
343 45
343 44
343 43
342 42
342 41
342 40
341 39
340 38
339 38
338 38
337 38
336 38
335 38
334 38
333 38
332 38
331 37
330 37
329 37
328 37
327 37
326 37
325 37
324 37
323 37
322 37
321 36
320 36
319 36
318 36
317 36
316 36
315 36
314 36
313 36
312 36
311 35
310 35
309 35
308 35
307 35
306 35
305 35
304 34
304 33
303 32
303 31
303 30
302 29
302 28
301 27
301 26
301 25
300 24
300 23
299 22
299 21
298 20
298 19
298 18
297 17
297 16
296 15
296 14
295 13
295 12
295 11
294 10
294 9
293 8
293 7
293 6
292 5
292 4
291 3
291 2
290 1
289 1
288 1
287 1
286 1
285 1
284 1
283 1
282 1
281 1
280 1
279 1
278 1
277 1
276 1
275 1
274 1
273 1
272 1
271 1
270 1
269 1
268 1
267 1
266 1
265 1
264 1
263 1
262 1
261 1
260 1
