259 1
258 2
257 2
256 2
255 2
254 2
253 2
252 2
251 2
250 2
249 2
248 2
247 2
246 2
245 2
244 2
244 3
243 4
242 5
242 6
241 7
240 8
240 9
239 10
238 11
237 12
237 13
236 14
235 15
234 16
234 17
233 18
232 19
232 20
231 21
230 22
229 23
229 24
228 25
227 26
227 27
226 28
225 29
224 30
224 31
223 32
222 33
221 34
221 35
220 36
220 37
219 38
219 39
218 40
218 41
217 42
217 43
216 44
216 45
215 46
215 47
214 48
214 49
213 50
213 51
212 52
212 53
211 54
211 55
210 56
210 57
209 58
209 59
208 60
208 61
207 62
207 63
206 64
206 65
205 66
205 67
204 68
204 69
203 70
203 71
202 72
202 73
201 74
201 75
200 76
200 77
199 78
199 79
199 80
198 81
198 82
198 83
197 84
197 85
197 86
196 87
196 88
196 89
195 90
195 91
195 92
194 93
194 94
194 95
193 96
193 97
193 98
192 99
192 100
192 101
191 102
191 103
191 104
190 105
190 106
190 107
189 108
189 109
189 110
188 111
188 112
188 113
187 114
187 115
187 116
186 117
186 118
186 119
185 120
185 121
185 122
184 123
184 124
184 125
184 126
183 127
183 128
183 129
182 130
182 131
182 132
181 133
181 134
181 135
180 136
180 137
180 138
179 139
179 140
179 141
178 142
178 143
178 144
177 145
177 146
177 147
176 148
176 149
176 150
175 151
175 152
175 153
174 154
174 155
174 156
173 157
173 158
173 159
172 160
172 161
172 162
171 163
171 164
171 165
170 166
170 167
170 168
169 169
169 170
169 171
168 172
168 173
168 174
168 175
167 176
167 177
167 178
166 179
166 180
166 181
165 182
165 183
165 184
164 185
164 186
164 187
163 188
163 189
163 190
162 191
162 192
162 193
161 194
161 195
161 196
160 197
160 198
160 199
159 200
159 201
159 202
158 203
158 204
158 205
157 206
157 207
157 208
156 209
156 210
156 211
155 212
154 213
154 214
153 215
152 216
152 217
151 218
150 219
150 220
149 221
149 222
148 223
147 224
147 225
146 226
145 227
145 228
144 229
143 230
143 231
142 232
142 233
141 234
140 235
140 236
139 237
138 238
138 239
137 240
136 241
136 242
135 243
134 244
134 245
133 246
133 247
132 248
131 249
131 250
130 251
129 252
129 253
128 254
127 255
127 256
126 257
126 258
125 259
124 260
124 261
123 262
122 263
122 264
121 265
120 266
120 267
119 268
118 269
118 270
117 271
117 272
116 273
115 274
115 275
114 276
113 277
113 278
112 279
111 280
111 281
110 282
110 283
109 284
108 285
108 286
107 287
106 288
106 289
105 290
104 291
104 292
103 293
103 294
102 295
101 296
101 297
100 298
99 299
99 300
98 301
97 302
97 303
96 304
95 305
95 306
94 307
94 308
93 309
92 310
92 311
91 312
90 313
90 314
89 315
88 316
88 317
87 318
87 319
86 320
85 321
85 322
84 323
83 324
83 325
82 326
81 327
81 328
80 329
79 330
79 331
78 332
78 333
77 334
76 335
76 336
75 337
74 338
74 339
73 340
72 341
72 342
71 343
71 344
70 345
69 346
69 347
68 348
67 349
66 348
65 347
64 347
63 346
62 346
61 345
60 345
59 344
58 344
57 343
56 343
55 342
54 342
53 341
52 341
51 340
50 340
49 339
48 339
47 338
46 338
45 337
44 337
43 336
42 336
41 335
40 335
39 334
38 334
37 333
36 333
35 332
34 332
33 331
32 331
31 330
30 330
29 329
28 329
27 328
27 329
26 330
25 331
24 332
23 333
22 334
21 335
20 336
19 337
18 338
17 339
16 340
15 341
14 342
13 343
12 344
11 345
10 346
9 347
8 348
7 349
6 350
5 351
4 352
3 353
2 354
1 355
1 356
1 357
1 358
1 359
1 360
1 361
2 362
2 363
2 364
2 365
2 366
3 367
3 368
3 369
3 370
3 371
4 372
4 373
4 374
4 375
5 376
5 377
5 378
5 379
5 380
6 381
6 382
6 383
6 384
6 385
7 386
7 387
7 388
7 389
7 390
8 391
9 390
10 391
11 391
12 391
13 391
14 391
15 391
16 391
17 391
18 391
19 391
20 392
21 392
22 392
23 392
24 392
25 392
26 392
27 392
28 392
29 392
30 393
31 393
32 393
33 393
34 393
35 393
36 393
37 393
38 393
39 393
40 394
41 394
42 394
43 394
44 395
43 396
43 397
43 398
42 399
42 400
42 401
41 402
41 403
41 404
41 405
40 406
40 407
40 408
39 409
39 410
39 411
38 412
38 413
38 414
37 415
37 416
37 417
36 418
36 419
36 420
36 421
35 422
35 423
35 424
36 424
37 424
38 424
39 425
40 425
41 425
42 426
43 426
44 427
45 427
46 427
47 428
48 428
49 429
50 429
51 429
52 430
53 430
54 430
55 431
56 431
57 432
58 432
59 432
60 433
61 433
62 433
63 434
64 434
65 435
66 435
67 435
68 436
69 436
70 437
71 437
72 437
73 437
74 437
75 436
76 436
77 435
78 434
79 434
80 433
81 432
82 432
83 431
84 430
85 430
86 429
87 428
88 428
89 427
90 426
91 426
92 425
93 424
94 423
95 423
96 422
97 421
98 421
99 420
100 419
101 419
102 418
103 417
104 417
105 416
106 415
107 415
108 414
109 413
110 412
111 411
112 410
113 409
114 408
115 408
116 407
117 406
118 405
119 404
120 403
121 402
122 401
123 400
124 399
125 399
126 398
127 397
128 396
129 395
130 394
131 393
132 392
133 391
134 390
135 390
136 389
137 388
138 387
139 386
140 385
141 384
142 383
143 382
144 381
145 380
145 379
145 378
145 377
146 376
146 375
146 374
147 373
147 372
147 371
147 370
148 369
148 368
148 367
149 366
149 365
149 364
150 363
150 362
150 361
150 360
151 359
151 358
151 357
152 356
152 355
152 354
152 353
153 352
153 351
153 350
154 349
154 348
154 347
154 346
155 345
155 344
155 343
156 342
156 341
156 340
156 339
157 338
157 337
157 336
158 335
158 334
158 333
158 332
159 331
159 330
159 329
160 328
160 327
160 326
160 325
161 324
161 323
161 322
162 321
162 320
162 319
162 318
163 317
163 316
163 315
164 314
164 313
164 312
164 311
165 310
165 309
165 308
166 307
166 306
166 305
166 304
167 303
167 302
167 301
168 300
168 299
168 298
168 297
169 296
169 295
169 294
170 293
170 292
170 291
170 290
171 289
171 288
171 287
172 286
172 285
172 284
172 283
173 282
173 281
173 280
174 279
174 278
174 277
174 276
175 275
175 274
175 273
176 272
176 271
176 270
176 269
177 268
177 267
177 266
178 265
178 264
178 263
179 262
179 261
179 260
179 259
180 258
180 257
180 256
181 255
181 254
181 253
181 252
182 251
182 250
182 249
183 248
183 247
183 246
183 245
184 244
184 243
184 242
185 241
185 240
185 239
185 238
186 237
186 236
186 235
187 234
187 233
187 232
187 231
188 230
189 229
189 228
190 227
191 226
191 225
192 224
193 223
193 222
194 221
195 220
195 219
196 218
197 217
197 216
198 215
199 214
199 213
200 212
201 211
202 210
202 209
203 208
204 207
204 206
205 205
206 204
206 203
207 202
208 201
208 200
209 199
210 198
210 197
211 196
212 195
212 194
213 193
214 192
214 191
215 190
216 189
216 188
217 187
218 186
218 185
219 184
220 183
220 182
221 181
222 180
222 179
223 178
224 177
224 176
225 175
226 174
227 173
227 172
228 171
229 170
229 169
230 168
231 167
231 166
232 165
233 164
233 163
234 162
235 161
235 160
236 159
237 158
237 157
238 156
239 155
239 154
240 153
241 152
241 151
242 150
243 149
243 148
244 147
245 146
245 145
246 144
247 143
247 142
248 141
249 140
250 139
250 138
251 137
252 136
252 135
253 134
254 133
254 132
255 131
256 130
256 129
257 128
258 127
258 126
259 125
260 124
260 123
261 122
262 121
262 120
263 119
264 118
264 117
265 116
266 115
266 114
267 113
268 112
268 111
269 110
270 109
270 108
271 107
272 106
272 105
273 104
274 103
275 102
276 101
277 101
278 101
279 101
280 102
281 102
282 102
283 102
284 103
285 103
286 103
287 104
288 104
289 104
290 104
291 105
292 105
293 105
294 105
295 106
296 106
297 106
298 106
299 107
300 107
301 107
302 108
303 108
304 108
305 108
306 109
307 109
308 109
309 109
310 110
311 110
312 110
313 110
314 111
315 111
316 111
317 112
318 112
319 112
320 112
321 113
322 113
323 113
324 113
325 114
326 114
327 114
328 114
329 115
330 115
331 114
332 113
333 112
333 111
334 110
335 109
336 108
337 107
337 106
338 105
339 104
340 103
340 102
341 101
342 100
343 99
344 98
344 97
345 96
346 95
347 94
347 93
348 92
349 91
350 90
351 89
351 88
352 87
353 86
354 85
354 84
355 83
355 82
355 81
355 80
355 79
354 78
354 77
354 76
353 75
353 74
353 73
352 72
352 71
352 70
351 69
351 68
351 67
350 66
350 65
350 64
349 63
349 62
349 61
348 60
348 59
348 58
347 57
347 56
347 55
346 54
346 53
346 52
345 51
345 50
345 49
344 48
344 47
344 46
343 45
343 44
343 43
342 42
342 41
342 40
341 39
340 38
339 38
338 38
337 38
336 38
335 38
334 38
333 38
332 38
331 37
330 37
329 37
328 37
327 37
326 37
325 37
324 37
323 37
322 37
321 36
320 36
319 36
318 36
317 36
316 36
315 36
314 36
313 36
312 36
311 35
310 35
309 35
308 35
307 35
306 35
305 35
304 34
304 33
303 32
303 31
303 30
302 29
302 28
301 27
301 26
301 25
300 24
300 23
299 22
299 21
298 20
298 19
298 18
297 17
297 16
296 15
296 14
295 13
295 12
295 11
294 10
294 9
293 8
293 7
293 6
292 5
292 4
291 3
291 2
290 1
289 1
288 1
287 1
286 1
285 1
284 1
283 1
282 1
281 1
280 1
279 1
278 1
277 1
276 1
275 1
274 1
273 1
272 1
271 1
270 1
269 1
268 1
267 1
266 1
265 1
264 1
263 1
262 1
261 1
260 1
