246 1
245 2
244 2
243 3
242 4
241 5
240 6
239 7
238 8
237 9
236 10
235 11
234 12
233 13
232 14
231 15
230 16
229 17
228 18
227 19
226 20
225 21
224 22
223 23
222 24
221 25
220 26
221 26
222 27
223 28
223 29
224 30
224 31
225 32
225 33
226 34
227 35
227 36
228 37
228 38
229 39
229 40
230 41
230 42
231 43
232 44
232 45
233 46
233 47
234 48
234 49
235 50
235 51
236 52
237 53
237 54
238 55
238 56
239 57
239 58
238 59
237 60
236 61
235 62
234 63
233 64
232 65
231 66
230 67
229 68
229 69
228 70
227 71
226 72
225 73
224 74
223 75
222 76
221 77
221 78
220 79
219 80
218 81
217 82
216 83
215 84
214 85
213 86
212 87
212 88
211 89
210 90
209 91
208 92
207 93
206 94
205 95
204 96
203 97
203 98
202 99
201 100
200 101
199 102
198 103
197 104
196 105
195 106
194 107
194 108
193 109
192 110
191 111
190 112
189 113
188 114
187 115
186 116
185 117
185 118
184 119
183 120
182 121
181 122
180 123
179 124
178 125
177 126
177 127
176 128
175 129
174 130
173 131
172 132
171 133
170 134
169 135
168 136
168 137
167 138
166 139
165 140
164 141
163 142
162 143
161 144
160 145
159 146
159 147
158 148
157 149
156 150
155 151
154 152
153 153
152 154
151 155
150 156
150 157
149 158
148 159
147 160
146 161
145 162
144 163
143 164
142 165
141 166
141 167
140 168
139 169
138 170
137 171
136 172
135 173
134 174
133 175
133 176
132 177
131 178
130 179
129 180
128 181
127 182
126 183
125 184
124 185
124 186
123 187
122 188
121 189
120 190
119 191
118 192
117 193
116 194
115 195
115 196
114 197
113 198
112 199
111 200
110 201
109 202
108 203
107 204
106 205
106 206
105 207
104 208
103 209
102 210
101 211
100 212
99 213
98 214
97 215
97 216
96 217
95 218
94 219
93 220
92 221
91 222
90 223
89 224
89 225
88 226
87 227
86 228
85 229
84 230
83 231
82 232
81 233
80 234
80 235
79 236
78 237
77 238
76 239
75 240
74 241
73 242
72 243
71 244
71 245
70 246
69 247
68 248
67 248
66 248
65 247
64 247
63 246
62 246
61 246
60 245
59 245
58 245
57 244
56 244
55 244
54 243
53 243
52 243
51 242
50 242
49 242
48 241
47 241
46 240
45 240
44 240
43 239
42 239
41 239
40 238
39 238
38 238
37 237
36 237
35 237
34 236
33 236
32 235
31 235
30 235
29 234
28 234
27 234
26 235
25 236
24 236
23 237
22 238
21 239
20 239
19 240
18 241
17 241
16 242
15 243
14 244
13 244
12 245
11 246
10 246
9 247
8 248
7 249
6 249
5 250
4 251
3 251
2 252
1 253
1 254
1 255
1 256
1 257
2 258
2 259
2 260
3 261
3 262
3 263
3 264
4 265
4 266
4 267
5 268
5 269
5 270
5 271
6 272
6 273
6 274
7 275
7 276
7 277
8 278
8 279
9 278
10 278
11 278
12 278
13 278
14 278
15 279
16 279
17 279
18 279
19 279
20 279
21 279
22 279
23 279
24 279
25 279
26 279
27 279
28 279
29 280
30 280
31 280
32 280
33 280
34 280
35 280
36 280
37 280
38 280
39 280
40 280
41 280
42 280
43 281
43 282
43 283
43 284
42 285
42 286
41 287
41 288
40 289
40 290
39 291
39 292
39 293
38 294
38 295
37 296
37 297
36 298
36 299
36 300
35 301
35 302
36 302
37 302
38 302
39 303
40 303
41 303
42 303
43 304
44 304
45 304
46 304
47 305
48 305
49 305
50 305
51 306
52 306
53 306
54 307
55 307
56 307
57 307
58 308
59 308
60 308
61 308
62 309
63 309
64 309
65 310
66 310
67 310
68 310
69 311
70 311
71 311
72 311
73 311
74 311
75 311
76 310
77 310
78 309
79 309
80 308
81 308
82 307
83 307
84 307
85 306
86 306
87 305
88 305
89 304
90 304
91 303
92 303
93 302
94 302
95 301
96 301
97 300
98 300
99 299
100 299
101 298
102 298
103 297
104 297
105 296
106 296
107 295
108 294
107 293
107 292
107 291
106 290
106 289
106 288
105 287
105 286
105 285
104 284
104 283
104 282
103 281
103 280
103 279
103 278
102 277
102 276
102 275
101 274
101 273
101 272
100 271
100 270
100 269
99 268
99 267
99 266
98 265
98 264
98 263
98 262
97 261
97 260
98 259
99 258
100 257
101 256
101 255
102 254
103 253
104 252
105 251
106 250
107 249
108 248
109 247
110 246
111 245
112 244
113 243
114 242
115 241
116 240
117 239
118 238
119 237
120 236
120 235
121 234
122 233
123 232
124 231
125 230
126 229
127 228
128 227
129 226
130 225
131 224
132 223
133 222
134 221
135 220
136 219
137 218
138 217
138 216
139 215
140 214
141 213
142 212
143 211
144 210
145 209
146 208
147 207
148 206
149 205
150 204
151 203
152 202
153 201
154 200
155 199
156 198
157 197
157 196
158 195
159 194
160 193
161 192
162 191
163 190
164 189
165 188
166 187
167 186
168 185
169 184
170 183
171 182
172 181
173 180
174 179
175 178
176 177
176 176
177 175
178 174
179 173
180 172
181 171
182 170
183 169
184 168
185 167
186 166
187 165
188 164
189 163
190 162
191 161
192 160
193 159
194 158
194 157
195 156
196 155
197 154
198 153
199 152
200 151
201 150
202 149
203 148
204 147
205 146
206 145
207 144
208 143
209 142
210 141
211 140
212 139
213 138
213 137
214 136
215 135
216 134
217 133
218 132
219 131
220 130
221 129
222 128
223 127
224 126
225 125
226 124
227 123
228 122
229 121
230 120
231 119
232 118
232 117
233 116
234 115
235 114
236 113
237 112
238 111
239 110
240 109
241 108
242 107
243 106
244 105
245 104
246 103
247 102
248 101
249 100
250 99
250 98
251 97
252 96
253 95
254 94
255 93
256 92
257 91
258 90
259 89
260 88
261 87
262 86
263 85
264 84
265 83
266 82
267 81
268 80
269 79
269 78
270 77
271 76
272 75
273 74
274 73
275 72
276 72
277 72
278 72
279 72
280 72
281 73
282 73
283 73
284 73
285 73
286 74
287 74
288 74
289 74
290 74
291 75
292 75
293 75
294 75
295 75
296 76
297 76
298 76
299 76
300 76
301 76
302 77
303 77
304 77
305 77
306 77
307 78
308 78
309 78
310 78
311 78
312 79
313 79
314 79
315 79
316 79
317 80
318 80
319 80
320 80
321 80
322 80
323 81
324 81
325 81
326 81
327 81
328 82
329 82
330 82
331 81
332 80
333 79
334 79
335 78
336 77
337 76
338 75
339 74
340 73
341 72
342 71
343 70
344 69
345 68
346 68
347 67
348 66
349 65
350 64
351 63
352 62
353 61
354 60
355 59
355 58
355 57
354 56
354 55
354 54
353 53
353 52
352 51
352 50
351 49
351 48
350 47
350 46
349 45
349 44
348 43
348 42
347 41
347 40
347 39
346 38
346 37
345 36
345 35
344 34
344 33
343 32
343 31
342 30
342 29
341 28
340 27
339 27
338 27
337 27
336 27
335 27
334 27
333 27
332 27
331 27
330 27
329 27
328 27
327 26
326 26
325 26
324 26
323 26
322 26
321 26
320 26
319 26
318 26
317 26
316 26
315 26
314 26
313 25
312 25
311 25
310 25
309 25
308 25
307 25
306 25
305 25
304 24
304 23
303 22
302 21
302 20
301 19
301 18
300 17
299 16
299 15
298 14
298 13
297 12
296 11
296 10
295 9
295 8
294 7
294 6
293 5
292 4
292 3
291 2
291 1
290 1
289 1
288 1
287 1
286 1
285 1
284 1
283 1
282 1
281 1
280 1
279 1
278 1
277 1
276 1
275 1
274 1
273 1
272 1
271 1
270 1
269 1
268 1
267 1
266 1
265 1
264 1
263 1
262 1
261 1
260 1
259 1
258 1
257 1
256 1
255 1
254 1
253 1
252 1
251 1
250 1
249 1
248 1
247 1
