192 35
191 36
190 36
189 37
188 37
188 38
187 39
187 40
186 41
186 42
186 43
186 44
186 45
186 46
186 47
186 48
186 49
186 50
186 51
186 52
186 53
186 54
186 55
186 56
186 57
186 58
186 59
186 60
186 61
186 62
186 63
186 64
186 65
186 66
186 67
186 68
186 69
186 70
186 71
186 72
186 73
186 74
186 75
186 76
186 77
186 78
186 79
186 80
186 81
186 82
186 83
186 84
186 85
186 86
186 87
186 88
186 89
186 90
185 91
185 92
185 93
185 94
185 95
185 96
185 97
184 98
184 99
184 100
184 101
183 102
183 103
182 104
182 105
182 106
181 107
181 108
181 109
181 110
180 111
180 112
180 113
180 114
180 115
180 116
180 117
180 118
180 119
180 120
180 121
180 122
180 123
180 124
180 125
180 126
180 127
180 128
180 129
180 130
180 131
180 132
180 133
180 134
180 135
180 136
180 137
180 138
180 139
180 140
180 141
181 142
181 143
181 144
181 145
181 146
181 147
181 148
181 149
182 150
182 151
182 152
182 153
182 154
182 155
182 156
182 157
183 158
183 159
183 160
183 161
183 162
183 163
183 164
183 165
183 166
183 167
184 168
184 169
184 170
184 171
184 172
184 173
184 174
184 175
184 176
184 177
184 178
184 179
185 180
185 181
185 182
185 183
185 184
185 185
185 186
185 187
185 188
185 189
185 190
185 191
185 192
185 193
185 194
186 195
186 196
187 197
187 198
187 199
188 200
188 201
189 202
190 203
190 204
191 205
192 206
193 206
194 206
195 206
196 206
197 206
198 206
199 206
200 206
201 206
202 206
203 206
204 206
205 206
206 206
207 205
208 205
209 205
210 206
211 206
212 206
213 206
214 206
215 206
216 206
217 206
218 206
219 206
220 206
221 206
222 206
223 206
224 206
225 206
226 205
227 205
228 205
229 205
230 205
231 205
232 205
233 205
234 205
235 204
236 204
237 203
238 203
238 202
238 201
238 200
237 199
237 198
237 197
237 196
237 195
237 194
237 193
237 192
237 191
237 190
237 189
236 188
236 187
236 186
236 185
235 184
235 183
235 182
235 181
235 180
234 179
234 178
234 177
234 176
234 175
234 174
234 173
234 172
233 171
233 170
233 169
233 168
233 167
233 166
233 165
233 164
233 163
232 162
232 161
232 160
232 159
232 158
232 157
232 156
232 155
232 154
232 153
232 152
232 151
232 150
231 149
231 148
231 147
231 146
231 145
231 144
231 143
231 142
230 141
230 140
230 139
230 138
230 137
230 136
229 135
229 134
229 133
229 132
229 131
229 130
228 129
228 128
228 127
228 126
228 125
228 124
227 123
227 122
227 121
227 120
226 119
226 118
226 117
226 116
226 115
225 114
225 113
225 112
225 111
225 110
224 109
224 108
224 107
223 106
223 105
222 104
222 103
222 102
222 101
221 100
221 99
220 98
220 97
220 96
219 95
219 94
218 93
218 92
217 91
217 90
216 89
215 88
215 87
214 86
214 85
213 84
213 83
212 82
212 81
212 80
212 79
211 78
211 77
211 76
210 75
210 74
210 73
209 72
209 71
209 70
209 69
209 68
208 67
208 66
208 65
208 64
208 63
208 62
208 61
208 60
208 59
208 58
208 57
207 56
207 55
207 54
207 53
207 52
206 51
206 50
205 49
205 48
205 47
204 46
204 45
204 44
204 43
203 42
203 41
202 40
202 39
201 38
201 37
200 36
199 36
198 35
197 35
196 35
195 35
194 35
193 35
