139 64
138 65
137 66
137 67
136 68
136 69
136 70
136 71
136 72
136 73
136 74
136 75
136 76
135 77
135 78
135 79
135 80
135 81
135 82
135 83
135 84
135 85
135 86
135 87
135 88
135 89
135 90
135 91
134 92
134 93
134 94
134 95
134 96
134 97
133 98
133 99
132 100
132 101
132 102
131 103
131 104
130 105
130 106
130 107
130 108
129 109
129 110
129 111
129 112
128 113
128 114
127 115
127 116
127 117
126 118
126 119
125 120
125 121
124 122
124 123
123 124
123 125
122 126
122 127
121 128
121 129
120 130
120 131
120 132
119 133
119 134
119 135
119 136
119 137
119 138
119 139
119 140
119 141
119 142
119 143
119 144
119 145
119 146
118 147
118 148
118 149
118 150
118 151
118 152
117 153
117 154
117 155
117 156
116 157
116 158
116 159
116 160
116 161
116 162
116 163
116 164
115 165
115 166
115 167
115 168
115 169
115 170
114 171
114 172
114 173
114 174
114 175
114 176
114 177
114 178
114 179
114 180
114 181
114 182
114 183
114 184
114 185
113 186
113 187
113 188
113 189
113 190
113 191
112 192
112 193
112 194
112 195
112 196
112 197
112 198
112 199
112 200
112 201
112 202
112 203
112 204
112 205
112 206
113 207
113 208
114 208
115 209
116 209
117 209
118 210
119 210
120 211
121 211
122 211
123 212
124 212
125 212
126 212
127 213
128 213
129 213
130 213
131 213
132 213
133 213
134 213
135 213
136 213
137 213
138 213
139 212
140 212
141 212
142 212
143 212
144 212
145 212
146 211
147 211
147 210
148 209
148 208
148 207
149 206
149 205
149 204
149 203
150 202
150 201
150 200
150 199
150 198
150 197
151 196
151 195
151 194
151 193
151 192
151 191
151 190
151 189
151 188
151 187
151 186
151 185
151 184
151 183
152 182
152 181
152 180
152 179
152 178
153 177
153 176
153 175
153 174
153 173
153 172
154 171
154 170
154 169
154 168
154 167
154 166
154 165
154 164
154 163
154 162
154 161
154 160
154 159
154 158
154 157
154 156
154 155
154 154
154 153
154 152
153 151
153 150
153 149
153 148
153 147
153 146
153 145
153 144
152 143
152 142
152 141
152 140
152 139
151 138
151 137
151 136
151 135
150 134
150 133
150 132
150 131
150 130
150 129
150 128
149 127
149 126
149 125
149 124
148 123
148 122
148 121
148 120
148 119
148 118
148 117
148 116
148 115
148 114
148 113
148 112
148 111
148 110
148 109
148 108
148 107
148 106
148 105
148 104
148 103
148 102
148 101
148 100
148 99
148 98
148 97
148 96
148 95
148 94
148 93
148 92
148 91
148 90
148 89
148 88
148 87
148 86
149 85
149 84
149 83
149 82
149 81
149 80
149 79
149 78
149 77
150 76
150 75
150 74
151 73
151 72
151 71
151 70
151 69
151 68
151 67
151 66
151 65
150 65
149 64
148 64
147 64
146 64
145 64
144 64
143 64
142 64
141 64
140 64
