138 65
137 66
136 67
136 68
136 69
136 70
136 71
136 72
136 73
136 74
136 75
136 76
136 77
136 78
136 79
136 80
136 81
136 82
136 83
136 84
136 85
136 86
136 87
135 88
135 89
135 90
134 91
134 92
133 93
133 94
133 95
132 96
132 97
132 98
131 99
131 100
131 101
131 102
130 103
130 104
129 105
129 106
129 107
129 108
128 109
128 110
127 111
127 112
126 113
126 114
125 115
125 116
125 117
125 118
124 119
124 120
123 121
123 122
123 123
123 124
123 125
123 126
123 127
122 128
122 129
122 130
121 131
121 132
121 133
120 134
120 135
120 136
119 137
119 138
119 139
119 140
118 141
118 142
118 143
117 144
117 145
117 146
116 147
116 148
116 149
116 150
116 151
115 152
115 153
115 154
115 155
115 156
115 157
114 158
114 159
114 160
114 161
114 162
113 163
113 164
113 165
113 166
113 167
113 168
112 169
112 170
112 171
112 172
112 173
112 174
112 175
112 176
112 177
112 178
112 179
112 180
112 181
112 182
112 183
112 184
112 185
112 186
112 187
112 188
112 189
112 190
112 191
112 192
112 193
112 194
112 195
112 196
112 197
112 198
112 199
112 200
112 201
112 202
112 203
112 204
112 205
113 206
113 207
114 207
115 208
116 208
117 208
118 208
119 209
120 209
121 209
122 209
123 209
124 210
125 210
126 210
127 211
128 211
129 211
130 212
131 212
132 213
133 213
134 213
135 213
136 213
137 213
138 213
139 213
140 213
141 213
142 213
143 213
144 213
145 213
146 213
147 212
148 212
148 211
149 210
149 209
149 208
149 207
149 206
149 205
149 204
149 203
149 202
149 201
149 200
150 199
150 198
150 197
150 196
150 195
151 194
151 193
151 192
151 191
151 190
152 189
152 188
152 187
152 186
152 185
152 184
153 183
153 182
153 181
153 180
153 179
153 178
153 177
153 176
153 175
154 174
154 173
154 172
154 171
154 170
154 169
154 168
154 167
154 166
154 165
154 164
154 163
154 162
154 161
154 160
154 159
154 158
154 157
155 156
155 155
155 154
155 153
155 152
155 151
155 150
155 149
155 148
155 147
155 146
155 145
155 144
155 143
154 142
154 141
154 140
154 139
154 138
154 137
153 136
153 135
153 134
153 133
153 132
153 131
153 130
153 129
152 128
152 127
152 126
151 125
151 124
151 123
151 122
150 121
150 120
150 119
150 118
149 117
149 116
149 115
149 114
149 113
149 112
149 111
149 110
149 109
149 108
149 107
149 106
148 105
148 104
148 103
148 102
148 101
148 100
148 99
148 98
148 97
148 96
148 95
148 94
148 93
148 92
148 91
148 90
148 89
148 88
148 87
148 86
148 85
148 84
148 83
148 82
148 81
148 80
148 79
148 78
149 77
149 76
149 75
149 74
149 73
149 72
149 71
149 70
149 69
149 68
149 67
148 66
147 65
146 65
145 65
144 65
143 65
142 65
141 65
140 65
139 65
