141 62
140 63
139 64
139 65
139 66
139 67
139 68
139 69
139 70
139 71
139 72
138 73
138 74
138 75
138 76
138 77
138 78
138 79
138 80
138 81
138 82
138 83
137 84
137 85
137 86
137 87
137 88
136 89
136 90
136 91
136 92
136 93
136 94
135 95
135 96
135 97
135 98
135 99
135 100
135 101
135 102
134 103
134 104
134 105
133 106
133 107
133 108
132 109
132 110
131 111
131 112
131 113
131 114
131 115
130 116
130 117
129 118
128 119
128 120
127 121
127 122
126 123
126 124
125 125
124 126
124 127
123 128
123 129
122 130
122 131
121 132
121 133
121 134
120 135
120 136
120 137
119 138
119 139
119 140
119 141
119 142
119 143
119 144
119 145
119 146
119 147
118 148
118 149
118 150
118 151
118 152
118 153
117 154
117 155
117 156
117 157
117 158
117 159
117 160
117 161
117 162
117 163
117 164
117 165
117 166
117 167
117 168
116 169
116 170
116 171
116 172
116 173
116 174
116 175
116 176
115 177
115 178
115 179
115 180
115 181
115 182
115 183
115 184
115 185
115 186
115 187
115 188
115 189
115 190
114 191
114 192
114 193
114 194
113 195
113 196
113 197
113 198
113 199
113 200
112 201
112 202
112 203
112 204
112 205
112 206
112 207
112 208
113 209
114 210
115 210
116 211
117 211
118 212
119 212
120 212
121 212
122 212
123 212
124 212
125 212
126 212
127 212
128 212
129 212
130 212
131 212
132 212
133 212
134 212
135 212
136 212
137 212
138 211
139 211
140 211
141 211
142 211
143 211
144 211
145 211
146 211
147 210
148 209
148 208
148 207
149 206
149 205
149 204
149 203
149 202
149 201
149 200
149 199
149 198
149 197
149 196
149 195
150 194
150 193
150 192
150 191
150 190
150 189
150 188
151 187
151 186
151 185
151 184
151 183
151 182
151 181
151 180
151 179
151 178
151 177
151 176
151 175
151 174
151 173
151 172
151 171
151 170
151 169
151 168
151 167
151 166
151 165
151 164
151 163
151 162
151 161
151 160
151 159
151 158
151 157
151 156
151 155
151 154
151 153
151 152
151 151
151 150
151 149
151 148
151 147
151 146
151 145
151 144
151 143
151 142
151 141
151 140
151 139
151 138
151 137
151 136
151 135
151 134
151 133
151 132
151 131
151 130
150 129
150 128
150 127
150 126
149 125
149 124
149 123
149 122
149 121
149 120
148 119
148 118
148 117
148 116
148 115
148 114
148 113
148 112
148 111
148 110
148 109
148 108
148 107
148 106
148 105
148 104
148 103
148 102
148 101
148 100
148 99
148 98
148 97
148 96
148 95
148 94
148 93
148 92
148 91
148 90
148 89
149 88
149 87
149 86
149 85
149 84
150 83
150 82
150 81
151 80
151 79
151 78
151 77
152 76
152 75
152 74
152 73
152 72
153 71
153 70
154 69
154 68
155 67
155 66
154 65
153 64
152 64
151 64
150 64
149 63
148 63
147 63
146 63
145 62
144 62
143 62
142 62
