200 38
199 39
198 39
197 39
196 40
195 40
194 41
193 41
192 42
191 42
190 42
189 43
188 44
188 45
188 46
188 47
188 48
188 49
188 50
188 51
188 52
188 53
188 54
188 55
188 56
188 57
188 58
188 59
188 60
188 61
188 62
188 63
188 64
188 65
188 66
188 67
188 68
188 69
189 70
189 71
189 72
189 73
189 74
189 75
189 76
189 77
189 78
190 79
190 80
190 81
190 82
190 83
190 84
190 85
191 86
191 87
191 88
191 89
191 90
191 91
191 92
191 93
191 94
191 95
191 96
191 97
191 98
191 99
191 100
191 101
191 102
191 103
191 104
191 105
191 106
191 107
191 108
191 109
191 110
190 111
190 112
190 113
190 114
189 115
189 116
189 117
189 118
189 119
189 120
189 121
189 122
189 123
189 124
189 125
189 126
189 127
189 128
189 129
189 130
189 131
189 132
189 133
189 134
189 135
189 136
189 137
189 138
189 139
189 140
189 141
189 142
189 143
189 144
189 145
189 146
189 147
189 148
190 149
190 150
190 151
190 152
190 153
190 154
190 155
191 156
191 157
191 158
192 159
192 160
192 161
192 162
193 163
193 164
193 165
193 166
193 167
193 168
194 169
194 170
194 171
194 172
194 173
195 174
195 175
195 176
195 177
196 178
196 179
196 180
197 181
197 182
197 183
197 184
197 185
197 186
197 187
197 188
197 189
197 190
197 191
197 192
197 193
197 194
197 195
197 196
197 197
197 198
197 199
198 200
198 201
198 202
198 203
199 204
199 205
200 206
201 206
202 207
203 207
204 207
205 207
206 207
207 207
208 207
209 207
210 207
211 207
212 207
213 207
214 207
215 207
216 207
217 207
218 207
219 206
220 206
221 205
222 205
223 204
224 203
225 203
226 202
227 202
228 201
229 200
230 199
231 199
232 198
233 198
234 197
235 196
236 195
237 194
238 194
239 193
240 192
240 191
241 190
241 189
241 188
241 187
241 186
241 185
241 184
241 183
241 182
241 181
241 180
241 179
241 178
241 177
241 176
241 175
241 174
241 173
241 172
241 171
241 170
241 169
240 168
240 167
240 166
240 165
240 164
240 163
239 162
239 161
239 160
239 159
239 158
238 157
238 156
238 155
238 154
237 153
237 152
237 151
237 150
237 149
237 148
237 147
237 146
237 145
237 144
237 143
237 142
237 141
236 140
236 139
236 138
236 137
236 136
236 135
236 134
235 133
235 132
235 131
235 130
235 129
234 128
234 127
234 126
234 125
234 124
234 123
234 122
234 121
233 120
233 119
233 118
233 117
232 116
232 115
232 114
231 113
231 112
231 111
230 110
230 109
230 108
229 107
229 106
229 105
228 104
228 103
227 102
226 101
226 100
225 99
224 98
224 97
223 96
222 95
221 94
221 93
220 92
219 91
218 90
218 89
217 88
217 87
216 86
216 85
215 84
215 83
215 82
215 81
215 80
214 79
214 78
214 77
214 76
214 75
214 74
213 73
213 72
213 71
213 70
213 69
212 68
212 67
212 66
212 65
212 64
212 63
211 62
211 61
211 60
210 59
210 58
210 57
210 56
210 55
209 54
209 53
209 52
209 51
208 50
208 49
208 48
208 47
208 46
208 45
207 44
207 43
207 42
207 41
206 40
206 39
205 39
204 38
203 38
202 38
201 38
