145 47
144 48
143 48
142 48
141 48
140 48
139 48
138 48
137 48
136 48
135 49
134 49
133 49
132 49
131 49
130 50
129 50
128 50
127 50
126 50
125 51
124 51
123 51
122 52
121 53
122 54
122 55
122 56
122 57
122 58
122 59
123 60
123 61
123 62
124 63
124 64
125 65
125 66
126 67
126 68
126 69
125 70
124 71
123 71
122 72
121 72
121 73
120 74
119 75
118 75
117 76
116 77
115 78
114 79
113 80
112 81
111 82
110 83
109 83
108 84
107 84
106 85
105 86
104 86
103 87
102 88
102 89
102 90
103 91
104 92
105 93
105 94
106 95
106 96
107 97
107 98
108 99
108 100
109 101
109 102
110 103
110 104
111 105
111 106
112 107
112 108
113 109
114 110
115 111
116 111
117 110
118 110
119 110
120 110
121 110
122 110
123 110
124 109
125 109
126 109
127 109
128 109
129 109
130 109
131 109
132 109
133 109
134 109
135 108
136 108
137 108
138 107
139 107
140 107
141 107
142 107
143 107
144 107
145 108
146 108
147 108
148 108
149 109
150 110
151 110
152 111
153 111
154 111
155 111
156 112
157 113
158 113
159 114
160 115
161 115
162 116
163 116
164 116
165 117
166 117
167 118
168 118
169 119
170 119
171 120
172 121
173 122
174 122
175 123
176 124
177 124
178 125
179 125
180 126
181 126
182 126
183 126
184 126
185 125
186 125
187 125
188 125
189 125
190 125
191 125
192 125
193 125
194 125
195 125
196 125
197 125
198 124
199 124
200 124
201 124
202 123
203 123
204 123
205 123
206 123
207 123
208 122
209 122
210 122
211 122
212 122
213 121
214 121
215 121
216 121
217 121
218 121
219 121
220 121
221 121
222 121
223 121
224 121
225 121
226 121
227 121
228 120
229 120
230 119
231 119
232 119
233 119
234 119
235 118
236 118
237 118
238 117
239 117
240 117
241 117
242 117
243 118
244 119
245 120
246 121
247 122
248 123
249 123
250 124
251 125
252 126
253 126
254 127
255 127
256 128
257 128
258 129
259 129
260 130
261 130
262 131
263 131
264 132
265 132
266 132
267 132
268 132
269 132
270 132
271 132
272 132
273 132
274 132
275 131
276 131
277 131
278 131
279 131
280 131
281 131
282 131
283 131
284 131
285 131
286 131
287 131
288 131
289 131
290 131
291 131
292 131
293 131
294 130
295 130
296 130
297 129
298 129
299 129
300 129
301 129
302 128
303 127
303 126
302 125
302 124
302 123
301 122
301 121
300 120
299 119
299 118
298 117
298 116
298 115
298 114
297 113
297 112
296 111
296 110
295 109
295 108
295 107
295 106
294 105
294 104
293 103
293 102
294 101
295 100
296 100
297 99
298 98
299 97
300 96
301 95
302 94
303 93
303 92
304 91
305 90
306 89
306 88
307 87
307 86
308 85
308 84
309 83
309 82
309 81
310 80
309 79
309 78
309 77
308 76
308 75
307 74
306 73
306 72
305 71
305 70
304 69
304 68
303 67
302 66
301 66
300 66
299 66
298 66
297 66
296 67
295 67
294 67
293 68
292 68
291 68
290 68
289 69
288 69
287 69
286 69
285 69
284 69
283 69
282 69
281 69
280 69
279 70
278 70
277 70
276 70
275 70
274 71
273 71
272 71
271 71
270 71
269 71
268 71
267 72
266 72
265 71
264 70
263 70
262 69
261 68
260 67
259 66
258 65
257 64
256 63
255 63
254 62
253 61
252 61
251 60
250 59
249 58
248 57
247 57
246 56
245 55
244 54
243 54
242 53
241 53
240 53
239 53
238 53
237 53
236 53
235 53
234 53
233 54
232 54
231 54
230 54
229 54
228 54
227 55
226 55
225 55
224 55
223 55
222 55
221 55
220 55
219 55
218 55
217 55
216 55
215 55
214 55
213 55
212 55
211 55
210 55
209 55
208 55
207 55
206 56
205 56
204 56
203 56
202 56
201 56
200 56
199 57
198 57
197 58
196 58
195 58
194 58
193 58
192 59
191 59
190 59
189 60
188 60
187 60
186 60
185 60
184 61
183 61
182 61
181 61
180 61
179 61
178 61
177 61
176 61
175 61
174 61
173 61
172 62
171 62
170 62
169 62
168 62
167 62
166 62
165 62
164 61
164 60
163 59
162 58
162 57
161 56
161 55
160 54
160 53
159 52
159 51
158 50
157 49
156 48
155 48
154 47
153 47
152 47
151 47
150 47
149 47
148 47
147 47
146 47
