94 184
93 185
92 186
91 187
91 188
90 189
90 190
89 191
89 192
89 193
89 194
88 195
88 196
88 197
88 198
88 199
88 200
88 201
88 202
88 203
88 204
88 205
88 206
88 207
88 208
88 209
88 210
88 211
88 212
88 213
88 214
88 215
88 216
88 217
88 218
87 219
86 220
85 221
84 222
83 222
82 223
81 224
80 225
79 226
78 227
77 228
77 229
76 230
75 231
74 231
73 232
72 233
71 234
70 235
69 236
68 237
67 238
67 239
66 240
66 241
66 242
66 243
66 244
66 245
66 246
66 247
66 248
66 249
66 250
66 251
66 252
66 253
66 254
66 255
66 256
67 257
67 258
67 259
68 260
68 261
68 262
68 263
69 264
70 265
71 265
72 265
73 265
74 265
75 265
76 265
77 265
78 264
79 264
80 264
81 264
82 264
83 263
84 263
85 263
86 263
87 263
88 263
89 263
90 262
91 262
92 261
93 261
94 261
95 261
96 261
97 261
98 261
99 260
100 260
101 260
102 259
103 259
104 259
105 259
106 259
107 259
108 259
109 259
110 259
111 260
112 261
112 262
113 262
114 263
115 263
116 264
117 264
118 265
119 266
120 266
121 267
122 268
123 269
124 269
125 270
126 271
127 272
128 272
129 273
130 273
131 273
132 274
133 274
134 275
135 276
136 276
137 277
138 277
139 278
140 278
141 278
142 278
143 279
144 279
145 279
146 279
147 279
148 279
149 280
150 280
151 280
152 280
153 280
154 280
155 280
156 280
157 280
158 280
159 280
160 280
161 280
162 280
163 280
164 279
165 279
166 279
167 279
168 278
169 278
170 278
171 278
172 277
173 277
174 276
175 276
176 276
177 276
178 275
179 275
180 275
181 275
182 275
183 275
184 275
185 274
186 274
187 274
188 273
189 273
190 273
191 273
192 273
193 272
194 272
195 272
196 272
197 271
198 271
199 271
200 271
201 271
202 270
203 270
204 270
205 269
206 269
207 269
208 269
209 269
210 268
211 268
212 268
213 268
214 268
215 268
216 268
217 268
218 268
219 268
220 269
221 270
222 271
223 272
224 273
225 274
226 274
227 275
228 276
229 276
230 277
231 278
232 278
233 279
234 279
235 280
236 280
237 281
238 281
239 281
240 282
241 282
242 282
243 283
244 283
245 283
246 284
247 284
248 284
249 284
250 285
251 285
252 285
253 285
254 285
255 285
256 285
257 285
258 285
259 285
260 285
261 285
262 285
263 285
264 285
265 285
266 285
267 285
268 285
269 285
270 285
271 285
272 285
273 285
274 285
275 285
276 284
277 284
278 283
279 283
280 282
281 281
282 280
282 279
283 278
283 277
282 276
281 275
280 274
280 273
279 272
279 271
279 270
279 269
278 268
278 267
278 266
277 265
277 264
277 263
277 262
276 261
276 260
276 259
276 258
276 257
276 256
276 255
276 254
276 253
276 252
276 251
276 250
276 249
277 248
277 247
278 246
279 245
279 244
280 243
281 242
282 241
283 240
284 240
285 239
286 238
287 237
287 236
288 235
288 234
288 233
289 232
289 231
289 230
289 229
289 228
290 227
290 226
290 225
290 224
290 223
290 222
290 221
290 220
290 219
290 218
289 217
289 216
289 215
288 214
288 213
287 212
287 211
286 211
285 210
284 210
283 209
282 209
281 208
280 208
279 208
278 208
277 208
276 208
275 208
274 208
273 208
272 208
271 208
270 208
269 208
268 208
267 208
266 208
265 208
264 208
263 208
262 208
261 208
260 208
259 208
258 208
257 208
256 208
255 208
254 208
253 208
252 208
251 208
250 208
249 208
248 207
247 206
246 206
245 205
244 205
243 204
242 203
241 202
240 201
239 201
238 200
237 199
236 199
235 198
234 197
233 197
232 196
231 196
230 195
229 195
228 195
227 195
226 194
225 194
224 194
223 194
222 193
221 193
220 193
219 193
218 193
217 193
216 193
215 193
214 193
213 193
212 193
211 193
210 193
209 193
208 193
207 193
206 193
205 193
204 193
203 193
202 193
201 193
200 193
199 193
198 193
197 193
196 193
195 193
194 193
193 193
192 193
191 193
190 194
189 194
188 194
187 194
186 194
185 194
184 194
183 194
182 194
181 194
180 194
179 194
178 194
177 194
176 195
175 195
174 195
173 195
172 195
171 195
170 196
169 196
168 196
167 196
166 197
165 197
164 198
163 198
162 198
161 199
160 199
159 199
158 199
157 199
156 200
155 200
154 200
153 200
152 200
151 200
150 200
149 200
148 200
147 200
146 200
145 200
144 200
143 200
142 200
141 199
140 198
139 197
139 196
138 195
137 194
136 193
135 192
134 191
133 190
132 189
131 188
130 187
129 187
128 186
127 186
126 185
125 185
124 185
123 185
122 185
121 184
120 184
119 184
118 184
117 184
116 184
115 184
114 184
113 184
112 184
111 184
110 184
109 184
108 184
107 184
106 184
105 184
104 184
103 184
102 184
101 184
100 184
99 184
98 184
97 184
96 184
95 184
