105 184
104 185
103 185
102 185
101 186
100 186
99 186
98 186
97 186
96 187
95 187
94 188
93 189
93 190
93 191
93 192
93 193
93 194
93 195
92 196
92 197
92 198
92 199
92 200
91 201
91 202
91 203
90 204
90 205
90 206
89 207
89 208
89 209
89 210
88 211
88 212
88 213
88 214
89 215
90 216
90 217
89 218
89 219
88 220
88 221
88 222
87 223
86 223
85 223
84 224
84 225
83 226
82 227
82 228
81 229
80 230
79 231
78 232
78 233
77 234
76 235
75 235
74 236
73 237
73 238
72 239
72 240
71 241
71 242
71 243
71 244
71 245
71 246
71 247
71 248
71 249
71 250
71 251
72 252
72 253
72 254
72 255
72 256
73 257
73 258
73 259
73 260
74 261
74 262
75 263
75 264
76 264
77 265
78 265
79 265
80 264
81 264
82 264
83 263
84 263
85 263
86 263
87 262
88 262
89 262
90 262
91 261
92 261
93 261
94 261
95 260
96 260
97 260
98 259
99 259
100 259
101 258
102 258
103 258
104 258
105 259
106 260
107 261
108 262
109 263
110 264
111 265
112 266
113 266
114 267
115 267
116 268
117 269
118 269
119 270
120 270
121 271
122 271
123 272
124 272
125 272
126 272
127 273
128 273
129 274
130 274
131 275
132 276
133 276
134 277
135 278
136 279
137 279
138 280
139 280
140 281
141 282
142 282
143 283
144 283
145 282
146 282
147 282
148 281
149 281
150 280
151 280
152 279
153 279
154 278
155 278
156 278
157 277
158 277
159 277
160 277
161 277
162 276
163 276
164 276
165 276
166 276
167 276
168 276
169 276
170 276
171 276
172 276
173 275
174 275
175 275
176 275
177 275
178 275
179 275
180 275
181 275
182 275
183 275
184 275
185 275
186 275
187 275
188 275
189 275
190 275
191 275
192 275
193 275
194 275
195 275
196 275
197 275
198 275
199 275
200 275
201 275
202 275
203 275
204 275
205 275
206 275
207 275
208 275
209 275
210 275
211 275
212 275
213 274
214 274
215 274
216 274
217 274
218 274
219 274
220 274
221 274
222 274
223 274
224 274
225 274
226 274
227 275
228 275
229 276
230 276
231 277
232 277
233 278
234 278
235 279
236 279
237 279
238 280
239 280
240 281
241 281
242 281
243 282
244 282
245 283
246 283
247 283
248 283
249 283
250 284
251 284
252 284
253 285
254 285
255 285
256 285
257 285
258 285
259 285
260 285
261 285
262 285
263 285
264 285
265 284
266 284
267 284
268 283
269 283
270 283
271 282
272 282
273 281
274 281
275 281
276 281
277 281
278 280
279 280
280 280
281 280
282 280
283 280
284 280
285 279
285 278
285 277
284 276
284 275
284 274
283 273
283 272
283 271
283 270
283 269
283 268
283 267
283 266
282 265
282 264
282 263
282 262
281 261
281 260
281 259
281 258
280 257
280 256
280 255
280 254
280 253
280 252
280 251
281 250
281 249
282 248
283 247
284 246
285 245
286 244
287 243
288 242
289 241
290 240
291 239
292 238
292 237
293 236
293 235
293 234
293 233
294 232
294 231
295 230
295 229
295 228
295 227
295 226
295 225
295 224
295 223
295 222
295 221
295 220
295 219
294 218
294 217
294 216
294 215
293 214
293 213
292 212
292 211
291 210
291 209
291 208
290 207
289 206
288 206
287 206
286 206
285 206
284 206
283 206
282 207
281 207
280 207
279 207
278 207
277 207
276 208
275 208
274 208
273 208
272 209
271 209
270 209
269 210
268 210
267 210
266 210
265 210
264 210
263 210
262 210
261 210
260 210
259 210
258 210
257 210
256 210
255 210
254 210
253 210
252 210
251 210
250 209
249 209
248 208
247 208
246 207
245 207
244 206
243 206
242 205
241 205
240 204
239 204
238 203
237 202
236 202
235 201
234 201
233 200
232 200
231 200
230 199
229 199
228 198
227 197
226 196
226 195
225 194
224 194
223 193
222 193
221 193
220 192
219 192
218 192
217 192
216 192
215 192
214 192
213 192
212 192
211 192
210 192
209 192
208 192
207 192
206 192
205 192
204 192
203 192
202 192
201 192
200 192
199 192
198 192
197 192
196 192
195 192
194 192
193 192
192 192
191 192
190 192
189 192
188 192
187 193
186 193
185 193
184 193
183 193
182 193
181 193
180 193
179 193
178 193
177 193
176 194
175 194
174 194
173 194
172 194
171 194
170 195
169 195
168 195
167 195
166 195
165 195
164 195
163 195
162 195
161 195
160 195
159 195
158 195
157 196
156 196
155 196
154 196
153 196
152 196
151 197
150 197
149 197
148 197
147 197
146 197
145 197
144 197
143 197
142 197
141 197
140 197
139 197
138 197
137 197
136 197
135 197
134 197
133 196
132 195
131 195
130 194
129 194
128 193
127 192
126 191
125 191
124 190
123 189
122 189
121 188
120 187
119 186
118 185
117 185
116 184
115 184
114 184
113 184
112 184
111 184
110 184
109 184
108 184
107 184
106 184
