132 58
131 59
130 59
129 59
128 59
127 59
126 59
125 59
124 59
123 59
122 59
121 59
120 59
119 59
118 59
117 59
116 59
115 59
114 59
113 59
112 59
111 59
110 59
109 59
108 59
107 59
106 59
105 59
104 59
103 59
102 59
101 60
100 61
100 62
100 63
100 64
100 65
101 66
101 67
102 68
102 69
103 70
103 71
103 72
104 73
104 74
104 75
104 76
105 77
105 78
106 79
107 80
108 81
108 82
108 83
108 84
107 85
106 86
105 87
104 87
103 88
102 89
101 89
100 90
99 91
98 92
97 92
96 93
95 93
94 94
93 95
92 96
91 97
90 98
89 98
88 99
87 99
86 100
85 100
84 100
83 101
82 102
82 103
82 104
82 105
82 106
82 107
82 108
82 109
82 110
82 111
82 112
82 113
83 114
84 115
85 115
86 115
87 115
88 115
89 115
90 115
91 115
92 115
93 115
94 115
95 114
96 114
97 114
98 114
99 114
100 114
101 114
102 114
103 114
104 114
105 114
106 114
107 114
108 114
109 114
110 114
111 114
112 114
113 114
114 114
115 114
116 114
117 114
118 114
119 115
120 115
121 115
122 115
123 116
124 116
125 116
126 116
127 116
128 117
129 117
130 118
131 118
132 119
133 120
134 120
135 121
136 121
137 122
138 122
139 123
140 123
141 123
142 124
143 124
144 124
145 125
146 125
147 126
148 126
149 126
150 126
151 126
152 126
153 126
154 126
155 126
156 126
157 126
158 126
159 126
160 126
161 126
162 126
163 126
164 126
165 126
166 126
167 126
168 126
169 126
170 126
171 126
172 126
173 126
174 126
175 126
176 126
177 125
178 125
179 125
180 124
181 124
182 124
183 124
184 123
185 123
186 123
187 123
188 123
189 123
190 123
191 123
192 123
193 123
194 123
195 123
196 123
197 123
198 123
199 123
200 123
201 123
202 123
203 123
204 123
205 123
206 123
207 123
208 123
209 123
210 123
211 123
212 123
213 123
214 123
215 123
216 123
217 123
218 123
219 123
220 124
221 124
222 124
223 124
224 125
225 125
226 125
227 125
228 126
229 127
230 127
231 128
232 129
233 130
234 131
235 132
236 132
237 133
238 134
239 134
240 135
241 135
242 136
243 136
244 136
245 136
246 136
247 135
248 135
249 135
250 135
251 135
252 135
253 135
254 135
255 135
256 135
257 135
258 135
259 135
260 135
261 135
262 135
263 135
264 135
265 135
266 135
267 135
268 135
269 135
270 135
271 135
272 134
273 134
274 134
275 134
276 134
277 134
278 134
279 133
280 133
281 133
281 132
282 131
282 130
281 129
281 128
280 127
280 126
279 125
278 124
278 123
277 122
277 121
276 120
276 119
276 118
275 117
275 116
274 115
274 114
273 113
272 112
272 111
273 110
274 109
275 108
276 107
277 106
278 105
279 104
280 103
281 102
282 101
283 100
284 99
285 98
286 97
287 96
288 95
289 94
289 93
290 92
291 91
292 90
293 89
294 88
294 87
295 86
295 85
296 84
296 83
296 82
296 81
296 80
295 79
295 78
294 77
294 76
293 75
292 74
291 73
291 72
290 71
290 70
289 69
288 68
288 67
287 67
286 67
285 67
284 67
283 68
282 68
281 68
280 69
279 69
278 69
277 70
276 70
275 70
274 70
273 70
272 71
271 71
270 72
269 72
268 72
267 72
266 73
265 73
264 73
263 74
262 74
261 74
260 75
259 75
258 76
257 76
256 76
255 76
254 76
253 75
252 75
251 74
250 74
249 73
248 73
247 73
246 73
245 72
244 71
243 71
242 70
241 70
240 69
239 69
238 68
237 68
236 67
235 67
234 66
233 66
232 65
231 64
230 63
229 63
228 62
227 62
226 62
225 62
224 62
223 62
222 62
221 62
220 63
219 63
218 63
217 63
216 63
215 63
214 63
213 64
212 64
211 64
210 64
209 65
208 65
207 65
206 65
205 65
204 65
203 65
202 65
201 65
200 65
199 66
198 66
197 66
196 66
195 66
194 66
193 66
192 67
191 67
190 67
189 67
188 67
187 67
186 67
185 67
184 68
183 68
182 68
181 68
180 68
179 68
178 68
177 68
176 68
175 69
174 69
173 69
172 69
171 69
170 69
169 69
168 69
167 69
166 69
165 69
164 69
163 68
162 68
161 67
160 67
159 66
158 66
157 65
156 65
155 64
154 64
153 63
152 62
151 62
150 61
149 61
148 60
147 60
146 59
145 59
144 59
143 58
142 58
141 58
140 58
139 58
138 58
137 58
136 58
135 58
134 58
133 58
