28 1
27 2
26 2
25 2
24 3
23 3
22 3
21 3
20 4
19 4
18 5
17 5
16 6
15 7
14 8
13 9
13 10
12 11
12 12
11 13
11 14
10 15
10 16
9 17
9 18
9 19
9 20
9 21
8 22
8 23
8 24
8 25
8 26
7 27
7 28
7 29
7 30
7 31
7 32
7 33
7 34
7 35
7 36
7 37
8 38
8 39
8 40
8 41
8 42
9 43
9 44
9 45
9 46
9 47
9 48
10 49
10 50
10 51
11 52
11 53
11 54
11 55
11 56
12 57
12 58
12 59
12 60
13 61
14 62
14 63
14 64
15 65
15 66
15 67
15 68
15 69
15 70
15 71
15 72
15 73
15 74
15 75
15 76
14 77
14 78
14 79
14 80
15 81
15 82
15 83
15 84
15 85
15 86
15 87
15 88
15 89
15 90
15 91
15 92
15 93
15 94
16 95
16 96
16 97
16 98
15 99
15 100
14 101
14 102
14 103
14 104
14 105
14 106
14 107
14 108
14 109
14 110
14 111
14 112
14 113
14 114
14 115
15 116
15 117
15 118
16 119
16 120
16 121
15 122
15 123
14 124
14 125
14 126
14 127
14 128
14 129
14 130
14 131
14 132
14 133
14 134
14 135
14 136
14 137
14 138
15 139
15 140
15 141
15 142
15 143
16 144
16 145
16 146
17 147
17 148
18 149
18 150
18 151
18 152
19 153
19 154
19 155
19 156
19 157
19 158
19 159
19 160
20 161
20 162
20 163
20 164
21 165
21 166
21 167
21 168
22 169
22 170
22 171
23 172
23 173
23 174
24 175
25 176
25 177
26 178
27 179
27 180
28 181
29 182
30 183
31 184
31 185
32 186
33 186
34 187
34 188
35 188
36 189
37 190
38 190
39 191
40 192
41 192
42 193
43 194
42 195
41 196
40 196
39 196
38 197
37 197
36 197
35 198
34 198
33 199
32 199
32 200
31 201
30 201
29 202
28 202
28 203
27 204
26 205
26 206
25 207
24 208
24 209
24 210
23 211
22 212
22 213
21 214
21 215
20 216
20 217
20 218
19 219
19 220
18 221
18 222
17 223
16 224
15 225
14 225
14 226
13 227
12 228
11 229
10 230
10 231
9 232
9 233
8 234
8 235
8 236
7 237
7 238
7 239
7 240
7 241
7 242
7 243
7 244
7 245
7 246
8 247
8 248
8 249
8 250
8 251
8 252
8 253
7 254
7 255
6 256
6 257
5 258
4 259
4 260
4 261
3 262
3 263
2 264
2 265
1 266
1 267
1 268
1 269
1 270
1 271
1 272
2 273
2 274
2 275
3 276
3 277
4 278
5 279
5 280
6 281
7 282
7 283
7 284
7 285
6 286
6 287
6 288
6 289
5 290
5 291
5 292
4 293
4 294
3 295
3 296
3 297
3 298
3 299
3 300
4 301
4 302
4 303
5 303
6 304
6 305
7 305
8 306
9 306
10 307
11 307
12 307
13 307
14 307
15 307
16 307
17 308
18 308
19 309
20 309
21 310
21 311
21 312
21 313
22 314
22 315
22 316
21 317
21 318
21 319
21 320
21 321
21 322
21 323
22 324
23 325
23 326
24 326
25 327
25 328
26 328
27 328
28 329
29 329
30 329
31 330
32 330
33 330
34 330
35 330
36 331
37 331
38 332
39 332
40 333
40 334
41 335
41 336
42 337
42 338
42 339
42 340
42 341
42 342
42 343
43 344
43 345
44 346
44 347
45 347
46 348
47 349
48 349
49 349
50 350
51 350
52 350
53 350
54 350
55 350
56 350
57 350
58 351
58 352
59 353
59 354
60 355
60 356
61 357
61 358
62 359
63 360
64 360
65 361
66 362
67 362
68 362
69 362
70 362
71 362
72 362
73 362
74 362
75 362
76 362
77 362
78 361
79 361
80 360
81 360
82 360
83 359
84 359
85 359
86 360
87 360
88 360
89 360
90 360
91 360
92 360
93 360
94 360
95 359
96 359
97 359
98 359
99 359
100 358
101 358
102 357
103 357
104 356
105 355
105 354
106 353
107 352
108 351
109 350
110 349
111 348
112 347
112 346
113 345
113 344
114 343
115 343
115 342
116 341
117 340
118 339
118 338
119 337
120 337
121 337
122 336
123 336
124 336
124 335
125 334
125 333
125 332
126 331
127 330
128 329
129 329
130 328
131 328
131 327
132 326
133 325
134 325
134 324
135 323
136 323
137 322
138 322
138 321
139 320
140 319
140 318
141 317
142 317
142 316
142 315
142 314
142 313
143 312
143 311
144 310
145 310
146 309
147 309
148 309
148 308
148 307
148 306
149 305
150 304
151 305
151 306
151 307
150 308
150 309
150 310
150 311
150 312
149 313
149 314
149 315
149 316
149 317
149 318
149 319
149 320
149 321
149 322
149 323
149 324
150 324
151 324
152 324
153 324
154 324
155 324
156 324
157 324
158 324
159 323
160 323
161 323
162 323
163 322
164 321
165 321
166 320
167 320
168 319
169 319
170 318
171 319
171 320
170 321
169 322
168 322
168 323
168 324
168 325
168 326
167 327
166 327
166 328
165 329
165 330
164 331
163 332
162 333
161 333
161 334
161 335
160 336
159 336
159 337
159 338
159 339
158 340
157 340
157 341
157 342
157 343
156 344
155 344
154 344
154 345
154 346
153 347
153 348
153 349
152 350
151 350
151 351
151 352
151 353
151 354
151 355
151 356
150 357
150 358
149 359
149 360
148 361
147 362
146 363
145 364
145 365
144 366
143 367
143 368
142 369
142 370
141 371
141 372
140 373
140 374
139 375
139 376
138 377
138 378
138 379
138 380
137 381
137 382
137 383
137 384
137 385
137 386
137 387
137 388
137 389
137 390
137 391
137 392
137 393
137 394
137 395
138 396
138 397
138 398
139 399
139 400
139 401
139 402
139 403
139 404
139 405
140 406
140 407
141 408
141 409
142 410
142 411
142 412
143 413
143 414
143 415
144 416
145 417
146 417
147 418
148 419
149 419
150 420
151 420
152 420
153 421
154 421
155 422
156 423
157 423
158 424
158 425
159 426
160 427
161 427
162 428
162 429
162 430
163 431
164 432
165 432
166 433
167 434
168 434
169 434
170 434
171 434
172 434
173 434
174 434
175 434
176 434
177 434
178 434
179 434
180 434
181 435
182 436
183 436
184 437
184 438
185 438
186 439
186 440
187 441
187 442
188 443
189 444
190 444
191 445
192 446
193 446
194 447
195 447
196 447
197 447
198 447
199 447
200 446
201 446
202 446
203 446
204 445
205 445
206 445
207 445
208 446
209 446
210 446
211 447
211 448
212 449
212 450
213 451
213 452
214 453
214 454
215 455
216 455
217 455
218 455
219 456
219 457
220 457
221 457
222 457
223 457
224 457
225 457
226 457
227 456
228 456
229 455
230 454
230 453
231 452
232 452
233 451
234 451
235 450
236 450
237 449
238 449
239 449
240 449
241 450
242 450
243 450
244 451
245 451
246 451
247 451
248 451
249 451
250 451
251 451
252 451
253 451
254 450
255 449
256 449
257 448
258 447
259 446
260 445
261 444
261 443
262 442
263 441
264 440
265 439
266 438
267 437
268 437
269 437
270 437
271 437
272 436
273 436
274 436
275 436
276 436
277 435
278 435
279 434
280 434
281 433
282 433
282 432
283 431
284 430
285 429
286 428
286 427
287 426
288 425
289 424
289 423
289 422
290 421
291 421
291 420
292 419
293 418
294 417
295 417
295 416
296 415
297 415
297 414
298 413
299 412
300 411
300 410
301 409
302 408
302 407
303 406
304 405
304 404
305 403
305 402
306 401
306 400
306 399
306 398
307 397
307 396
307 395
307 394
307 393
308 392
308 391
308 390
308 389
308 388
309 387
310 387
311 388
312 389
313 389
314 390
315 391
316 391
317 392
318 393
319 393
320 394
321 394
322 395
323 395
324 395
325 396
326 396
327 396
328 397
329 397
330 397
331 397
332 398
333 398
334 398
335 398
336 398
337 398
338 398
339 398
340 398
341 398
342 398
343 398
344 398
345 398
346 398
347 398
348 398
349 398
350 397
351 397
352 397
353 397
354 397
355 397
356 397
357 397
358 397
359 397
360 397
361 397
362 396
363 396
364 396
365 396
366 395
367 395
368 395
369 395
370 395
371 395
372 394
373 394
374 394
375 393
376 393
377 392
378 392
379 392
380 391
381 390
382 390
383 390
384 390
385 390
386 389
387 389
388 389
389 389
390 389
391 389
392 389
393 388
394 388
395 388
396 388
397 387
398 387
399 387
400 386
401 386
402 385
403 385
404 385
405 385
406 385
407 384
408 384
409 384
410 383
411 383
412 383
413 383
414 382
415 382
416 382
417 382
418 382
419 382
420 382
421 381
422 381
423 381
424 381
425 380
426 380
427 380
428 380
429 380
430 379
431 378
432 378
433 378
434 378
435 377
436 377
437 377
438 377
439 377
440 376
441 376
442 376
443 376
444 376
445 376
446 376
447 376
448 376
449 376
450 376
451 376
452 376
453 376
454 376
455 376
456 376
457 376
458 376
459 375
460 375
461 375
462 374
463 374
464 374
465 373
466 373
467 373
468 373
469 373
470 372
471 372
472 371
473 371
474 371
475 370
476 370
477 370
478 370
479 369
480 369
481 368
482 368
483 367
484 367
485 366
486 366
487 365
488 365
488 364
489 363
490 362
491 361
492 361
493 360
494 359
494 358
495 357
496 356
497 355
498 354
498 353
498 352
498 351
498 350
498 349
498 348
498 347
498 346
498 345
498 344
498 343
498 342
498 341
498 340
498 339
498 338
498 337
498 336
497 335
497 334
497 333
496 332
496 331
495 330
495 329
495 328
494 327
494 326
494 325
493 324
493 323
492 322
492 321
492 320
491 319
491 318
491 317
490 316
489 315
489 314
488 313
487 312
486 311
486 310
485 309
485 308
484 307
483 306
482 305
481 304
481 303
480 302
479 301
478 300
477 299
476 298
475 297
474 296
474 295
473 294
472 294
471 293
471 292
470 291
469 290
468 290
467 289
467 288
466 287
465 287
464 286
463 285
462 284
461 283
460 282
459 281
458 281
457 280
456 279
455 278
454 277
453 276
452 276
451 275
450 274
449 274
448 273
447 273
446 272
446 271
445 271
444 270
443 270
442 269
442 268
441 268
440 267
439 266
438 265
437 265
436 264
435 263
434 263
433 262
432 261
431 260
430 260
429 259
428 258
427 257
426 257
425 256
424 256
423 255
422 254
421 254
420 253
419 253
418 252
417 251
416 251
415 250
414 250
413 249
412 249
411 248
410 247
409 247
408 246
407 246
406 245
405 245
404 245
403 244
402 243
401 243
400 243
399 242
398 242
397 241
396 241
395 240
394 240
393 239
392 239
391 238
390 238
389 238
388 237
387 237
386 236
385 236
384 236
383 235
382 235
381 234
380 234
379 234
378 233
377 233
376 232
375 232
374 232
373 231
372 231
371 231
370 230
369 230
368 230
367 229
366 229
365 229
364 228
363 228
362 228
361 227
360 227
359 226
358 226
357 226
356 226
355 225
354 225
353 224
352 224
351 224
350 224
349 223
348 223
347 223
346 222
345 222
344 222
343 222
342 221
341 221
340 221
339 221
338 220
337 220
336 220
335 220
334 219
333 219
332 219
331 219
330 218
329 218
328 218
327 218
326 217
325 217
324 217
323 216
322 216
321 216
320 216
319 216
318 215
317 215
316 215
315 215
314 215
313 215
312 215
311 214
310 214
309 214
308 214
307 214
306 214
305 214
304 214
303 213
302 213
301 213
300 213
299 213
298 213
297 212
296 212
295 212
294 212
293 212
292 211
291 211
290 211
289 211
288 211
287 211
286 211
285 211
284 211
283 211
282 211
281 210
280 210
279 210
278 210
277 210
276 210
275 210
274 210
273 210
272 210
271 210
270 210
269 210
268 210
267 210
266 210
265 210
264 210
263 210
262 210
261 210
260 210
259 210
258 211
257 211
256 211
255 211
254 211
253 211
252 211
251 211
250 210
250 209
250 208
250 207
251 206
252 205
253 204
253 203
254 202
255 202
256 202
257 202
258 201
259 201
260 200
261 199
261 198
262 197
262 196
262 195
262 194
262 193
262 192
262 191
261 190
262 189
263 189
264 189
265 189
266 189
267 189
268 189
269 188
270 188
271 188
272 188
273 187
274 187
275 187
276 186
277 186
278 186
279 186
280 185
281 185
282 185
283 185
284 184
285 184
286 183
287 183
288 183
289 183
290 183
291 183
292 183
293 182
294 182
295 182
296 181
297 181
298 181
299 180
300 180
301 180
302 180
303 180
304 179
305 179
306 179
307 179
308 179
309 178
310 178
311 178
312 178
313 178
314 178
315 178
316 178
317 177
318 177
319 177
320 177
321 177
322 177
323 177
324 177
325 177
326 177
327 178
328 178
329 178
330 178
331 178
332 178
333 179
334 179
335 179
336 179
337 179
338 180
339 180
340 180
341 181
342 181
343 182
344 182
345 183
346 183
347 184
348 184
349 185
350 185
351 186
352 186
353 187
354 187
355 187
356 187
356 186
356 185
356 184
355 183
355 182
354 181
353 180
352 180
351 179
350 179
349 178
348 178
347 178
346 177
345 177
344 177
343 176
342 176
341 176
340 176
339 175
338 175
337 175
336 175
335 175
334 175
333 175
332 174
331 174
330 174
329 174
328 174
327 174
326 174
325 174
324 174
323 174
322 174
321 174
320 174
319 174
318 174
317 174
316 174
315 174
314 174
313 174
312 174
311 174
310 175
309 175
308 175
307 175
306 175
305 175
304 176
303 176
302 176
301 177
300 177
299 177
298 177
297 177
296 177
295 178
294 178
293 178
292 178
291 178
290 179
289 179
288 180
287 180
286 180
285 180
284 180
283 181
282 181
281 181
280 181
279 182
278 182
277 182
276 182
275 183
274 183
273 183
272 184
271 184
270 184
269 184
268 184
267 185
266 185
265 185
264 185
263 185
262 186
261 186
260 185
261 184
261 183
261 182
261 181
260 181
259 180
258 179
258 178
257 177
257 176
256 176
255 176
254 176
253 176
252 176
251 175
250 174
250 173
250 172
250 171
250 170
250 169
250 168
250 167
249 166
249 165
249 164
249 163
249 162
249 161
249 160
249 159
249 158
249 157
248 156
248 155
248 154
248 153
248 152
247 151
247 150
247 149
247 148
247 147
247 146
246 145
246 144
246 143
246 142
246 141
245 140
245 139
245 138
245 137
245 136
245 135
244 134
244 133
244 132
244 131
244 130
243 129
243 128
243 127
243 126
243 125
242 124
242 123
242 122
242 121
242 120
241 119
241 118
241 117
240 116
240 115
240 114
240 113
239 112
239 111
239 110
238 109
238 108
238 107
237 106
237 105
237 104
236 103
236 102
235 101
235 100
234 99
234 98
233 97
233 96
232 95
231 94
231 93
230 92
229 91
228 90
227 89
227 88
226 88
225 87
224 86
223 85
222 85
221 84
220 84
219 84
218 84
217 84
216 84
216 85
216 86
216 87
216 88
217 89
218 89
219 90
220 90
221 91
222 91
223 92
224 93
224 94
225 94
226 95
226 96
227 97
228 98
228 99
229 100
230 101
230 102
231 103
231 104
232 105
232 106
233 107
233 108
234 109
234 110
235 111
235 112
235 113
236 114
236 115
237 116
237 117
237 118
237 119
238 120
238 121
238 122
238 123
239 124
239 125
239 126
239 127
240 128
240 129
240 130
240 131
240 132
241 133
241 134
241 135
241 136
241 137
241 138
241 139
242 140
242 141
242 142
242 143
243 144
243 145
243 146
243 147
243 148
243 149
243 150
244 151
244 152
244 153
244 154
245 155
245 156
245 157
245 158
245 159
245 160
245 161
246 162
246 163
246 164
246 165
246 166
246 167
246 168
247 169
247 170
247 171
247 172
247 173
247 174
247 175
247 176
248 177
247 178
246 178
245 178
244 178
243 178
242 178
241 179
240 179
239 179
238 180
238 181
237 182
237 183
237 184
237 185
237 186
237 187
236 188
236 189
236 190
235 191
234 192
233 193
232 193
231 193
230 193
229 193
228 192
227 191
227 190
227 189
227 188
226 187
226 186
226 185
225 184
225 183
225 182
225 181
224 180
224 179
223 178
223 177
223 176
223 175
222 174
222 173
222 172
222 171
221 170
220 169
220 168
220 167
219 166
219 165
218 164
218 163
218 162
217 161
217 160
216 159
216 158
216 157
215 156
215 155
214 154
214 153
213 152
213 151
212 150
212 149
211 148
211 147
210 146
210 145
209 144
209 143
209 142
208 141
208 140
207 139
206 138
206 137
205 136
205 135
204 134
203 133
203 132
202 131
202 130
201 129
200 128
200 127
199 126
198 125
198 124
197 123
196 122
196 121
195 120
194 119
194 118
193 117
192 116
192 115
191 114
190 113
189 112
189 111
188 110
187 109
187 108
186 107
185 106
185 105
184 104
183 103
183 102
182 101
181 100
180 99
180 98
179 97
178 96
178 95
177 94
176 93
176 92
175 91
174 90
173 89
173 88
172 87
171 86
170 85
170 84
169 83
168 82
167 81
166 80
166 79
165 78
164 77
163 76
163 75
162 75
161 74
161 73
160 72
159 71
158 70
157 69
156 68
155 67
155 66
154 65
153 64
152 63
151 62
150 61
150 60
149 60
148 59
148 58
147 58
146 57
145 56
145 55
144 55
143 54
142 53
142 52
141 51
140 51
139 50
139 49
138 49
137 48
136 47
135 46
134 45
133 44
132 43
131 42
130 42
129 41
129 40
128 40
127 39
126 38
125 37
124 36
123 36
122 35
121 34
120 33
119 33
118 32
117 31
116 30
115 30
114 29
113 28
112 28
111 27
110 26
109 25
108 25
107 24
106 24
105 23
104 23
103 22
102 22
101 21
100 20
99 20
98 19
97 19
96 18
95 17
94 17
93 17
92 16
91 16
90 15
89 15
88 14
87 14
86 14
85 13
85 12
85 11
84 11
83 11
82 11
81 11
80 11
79 10
78 10
77 9
76 9
75 9
74 8
73 8
72 8
71 7
70 7
69 7
68 6
67 6
66 6
65 5
64 5
63 5
62 4
61 4
60 4
59 4
58 3
57 3
56 3
55 3
54 2
53 2
52 2
51 2
50 2
49 2
48 2
47 1
46 1
45 1
44 1
43 1
42 1
41 1
40 1
39 1
38 1
37 1
36 1
35 1
34 1
33 1
32 1
31 1
30 1
29 1
