313 1
312 2
311 2
310 2
309 3
308 3
307 3
306 3
305 4
304 4
303 5
302 5
301 5
300 5
299 6
298 7
297 7
296 8
295 9
294 9
293 10
292 11
291 11
290 12
289 12
288 13
287 13
286 14
285 14
284 15
283 15
282 16
281 17
280 17
279 18
278 18
277 19
276 20
275 20
274 21
273 22
272 23
271 24
270 24
269 25
268 25
267 26
266 26
265 26
264 27
263 27
262 28
261 28
260 28
259 29
258 29
257 30
256 30
255 31
254 32
253 33
252 33
251 34
250 35
249 35
248 36
247 36
246 37
245 37
244 37
243 38
242 38
241 38
240 39
239 39
238 39
237 39
236 39
235 39
234 38
233 38
232 38
231 38
230 39
229 39
228 39
227 40
226 41
225 41
224 42
223 42
222 43
221 43
220 43
219 44
218 44
217 45
216 45
215 45
214 45
213 45
212 45
211 45
210 45
209 45
208 45
207 46
206 46
205 46
204 46
203 46
202 46
201 47
200 47
199 47
198 48
197 48
196 49
195 49
194 50
193 51
192 52
191 52
190 53
189 53
188 54
187 54
186 54
185 55
184 55
183 55
182 56
181 56
180 57
179 58
178 58
178 59
177 60
176 61
175 61
174 62
174 63
173 64
173 65
173 66
173 67
173 68
173 69
172 70
171 70
170 69
169 68
168 68
167 67
166 67
165 66
164 66
163 66
162 66
161 65
160 65
159 65
158 65
157 65
156 65
155 65
154 65
153 65
152 65
151 65
150 64
149 64
148 64
147 64
146 63
145 63
144 63
143 63
142 63
141 63
140 63
139 63
138 63
137 64
136 64
135 64
134 64
133 65
132 65
131 65
130 65
129 64
128 64
127 64
126 64
125 63
124 63
123 63
122 63
121 63
120 63
119 63
118 63
117 64
116 65
115 65
114 66
113 67
112 67
111 67
110 68
109 68
108 68
107 68
106 68
105 68
104 68
103 68
102 68
101 69
100 69
99 69
98 69
97 69
96 69
95 70
94 71
93 72
92 73
91 74
90 75
89 76
88 76
87 77
86 78
85 79
84 79
83 80
82 80
81 81
80 81
79 81
78 82
77 82
76 82
75 82
74 83
73 83
72 83
71 84
70 85
69 86
68 87
68 88
68 89
67 90
67 91
66 92
66 93
66 94
65 95
65 96
64 97
63 98
62 99
61 100
60 100
59 101
58 101
57 102
56 102
55 103
54 103
53 104
52 105
51 105
51 106
50 107
49 108
48 109
48 110
48 111
47 112
47 113
47 114
47 115
47 116
46 117
46 118
46 119
46 120
46 121
46 122
46 123
45 124
45 125
44 126
43 127
43 128
42 129
41 130
40 131
39 132
39 133
38 134
38 135
37 136
37 137
36 138
36 139
36 140
36 141
36 142
36 143
36 144
36 145
36 146
36 147
36 148
36 149
36 150
36 151
36 152
37 153
37 154
37 155
38 156
38 157
38 158
39 159
39 160
40 161
40 162
41 163
41 164
42 165
42 166
43 167
44 168
44 169
45 170
46 171
47 172
47 173
48 173
49 174
49 175
49 176
50 176
51 177
51 178
52 178
53 179
54 180
55 181
56 182
57 182
58 183
59 184
60 184
61 184
62 185
63 186
64 186
65 187
66 188
67 188
68 189
69 190
70 190
71 191
72 192
73 192
74 193
75 193
76 194
77 194
78 194
79 194
80 195
81 195
82 196
83 197
84 198
85 199
86 200
87 201
88 202
89 202
90 203
91 204
90 205
89 205
88 205
87 205
86 205
85 205
84 205
83 205
82 205
81 205
80 205
79 205
78 206
77 206
76 206
75 206
74 206
73 207
73 208
73 209
73 210
73 211
73 212
74 212
75 213
75 214
76 214
77 215
78 215
79 216
80 216
81 217
82 217
83 218
84 218
85 219
85 220
86 220
87 221
88 221
89 222
90 222
91 223
90 224
89 224
88 224
87 224
86 224
85 223
84 223
83 223
82 223
81 223
80 223
79 223
78 223
77 223
76 223
75 223
74 223
73 223
72 223
71 223
70 223
69 223
68 223
67 223
66 223
65 223
64 224
63 224
62 224
61 224
60 224
59 224
58 224
57 224
56 224
55 224
54 224
53 224
52 224
51 225
50 225
49 225
48 225
47 225
46 225
45 225
44 225
43 225
42 225
41 225
40 226
39 226
38 226
37 226
36 226
35 226
34 226
33 226
32 226
31 226
30 227
29 227
28 227
27 227
26 227
25 227
24 227
23 227
22 227
21 228
20 229
19 229
18 230
17 231
16 232
16 233
15 234
15 235
14 236
13 237
13 238
12 239
11 239
10 239
9 240
8 241
8 242
8 243
8 244
8 245
8 246
8 247
8 248
7 249
7 250
7 251
7 252
7 253
7 254
7 255
7 256
8 257
8 258
8 259
7 260
7 261
7 262
7 263
6 264
6 265
6 266
5 267
5 268
4 269
4 270
3 271
3 272
2 273
2 274
2 275
2 276
2 277
2 278
2 279
2 280
2 281
2 282
2 283
2 284
3 285
4 286
5 287
5 288
6 289
7 290
7 291
8 292
8 293
8 294
9 295
8 296
8 297
8 298
8 299
7 300
7 301
7 302
7 303
6 304
6 305
6 306
6 307
6 308
6 309
7 310
7 311
7 312
8 313
8 314
9 315
9 316
10 316
11 317
11 318
12 319
13 320
14 320
15 321
16 322
16 323
16 324
16 325
16 326
16 327
17 328
17 329
17 330
17 331
17 332
17 333
18 334
18 335
19 336
19 337
20 338
21 339
21 340
22 340
23 341
24 341
25 342
26 342
27 343
28 343
29 344
30 344
31 345
32 345
33 346
33 347
34 348
34 349
35 350
35 351
35 352
35 353
35 354
36 355
37 356
38 357
39 358
40 358
41 358
42 358
43 358
44 358
45 359
46 359
47 359
48 360
49 361
50 362
50 363
51 364
52 365
53 366
54 367
55 368
56 368
57 368
58 368
59 368
60 368
61 368
62 369
63 369
64 370
65 370
66 371
66 372
67 372
68 373
69 374
69 375
70 376
71 376
72 376
73 376
74 376
75 376
76 376
77 376
78 376
79 376
80 376
81 376
82 376
83 377
82 378
82 379
82 380
81 381
81 382
81 383
81 384
81 385
81 386
81 387
81 388
81 389
81 390
81 391
81 392
81 393
82 394
82 395
83 396
84 397
85 398
85 399
86 400
86 401
86 402
87 403
88 404
88 405
89 406
89 407
90 408
91 409
91 410
91 411
92 412
93 413
93 414
93 415
94 416
95 416
96 417
97 418
98 418
99 419
100 419
101 420
102 421
103 422
104 423
105 424
106 425
107 426
108 426
109 427
109 428
110 429
111 430
112 431
112 432
113 433
113 434
114 435
115 436
115 437
116 437
117 438
118 439
119 439
120 440
120 441
121 441
122 442
122 443
123 444
124 445
125 446
126 447
127 448
127 449
127 450
128 451
129 452
129 453
129 454
130 455
130 456
131 457
131 458
131 459
131 460
132 460
133 461
133 462
134 463
135 464
135 465
136 466
137 467
137 468
138 469
138 470
138 471
139 472
140 473
140 474
141 475
141 476
141 477
142 478
142 479
142 480
142 481
142 482
143 483
143 484
143 485
144 486
144 487
144 488
145 489
145 490
145 491
146 492
147 493
147 494
148 495
149 496
149 497
150 498
150 499
151 500
151 501
152 502
152 503
153 504
154 505
155 506
156 506
157 507
157 508
158 508
159 509
160 510
161 511
162 512
163 512
164 513
165 513
166 514
167 514
168 515
169 516
170 516
171 516
172 516
173 516
174 516
175 516
176 516
177 516
178 516
179 516
180 516
181 515
182 515
183 514
184 514
185 513
186 513
187 512
188 512
189 511
190 510
191 509
192 509
192 508
193 507
194 506
195 505
196 504
196 503
197 502
197 501
198 500
199 499
199 498
200 497
200 496
201 495
201 494
202 493
203 492
203 491
204 490
204 489
205 488
205 487
206 486
206 485
207 484
207 483
207 482
208 481
208 480
209 479
209 478
209 477
210 476
210 475
210 474
211 473
211 472
212 471
212 470
212 469
213 468
213 467
213 466
213 465
214 464
214 463
214 462
214 461
215 460
215 459
215 458
215 457
216 456
216 455
216 454
217 453
217 452
218 451
218 450
218 449
218 448
218 447
218 446
219 445
219 444
219 443
220 442
220 441
220 440
220 439
220 438
220 437
220 436
221 435
221 434
221 433
221 432
221 431
221 430
222 429
222 428
222 427
222 426
222 425
222 424
222 423
222 422
222 421
223 420
223 419
223 418
223 417
223 416
224 415
224 414
224 413
224 412
224 411
224 410
224 409
224 408
224 407
224 406
224 405
225 404
225 403
225 402
225 401
225 400
225 399
225 398
225 397
225 396
226 395
226 394
226 393
226 392
226 391
226 390
226 389
226 388
226 387
226 386
227 385
227 384
227 383
227 382
227 381
227 380
227 379
227 378
227 377
227 376
227 375
227 374
227 373
227 372
227 371
227 370
227 369
227 368
227 367
227 366
227 365
227 364
227 363
227 362
227 361
227 360
227 359
227 358
227 357
227 356
227 355
227 354
227 353
227 352
227 351
227 350
226 349
226 348
226 347
226 346
226 345
226 344
226 343
226 342
226 341
225 340
225 339
225 338
225 337
225 336
225 335
224 334
224 333
224 332
224 331
224 330
224 329
223 328
223 327
223 326
222 325
222 324
222 323
222 322
222 321
222 320
221 319
221 318
221 317
221 316
221 315
220 314
220 313
220 312
220 311
219 310
219 309
219 308
219 307
218 306
218 305
217 304
217 303
217 302
217 301
216 300
216 299
216 298
215 297
215 296
214 295
214 294
214 293
213 292
213 291
213 290
212 289
212 288
211 287
211 286
211 285
210 284
209 283
209 282
209 281
208 280
208 279
207 278
207 277
206 276
206 275
205 274
205 273
204 272
203 271
203 270
202 269
202 268
201 267
200 266
200 265
199 264
200 263
201 263
202 263
203 263
204 264
205 265
205 266
206 266
207 267
208 267
209 268
210 268
211 268
212 268
213 268
214 268
215 268
216 268
217 267
218 267
219 266
220 267
221 268
221 269
222 270
222 271
223 272
223 273
224 274
224 275
225 276
225 277
226 278
226 279
227 280
227 281
228 282
228 283
228 284
229 285
230 286
230 287
230 288
230 289
231 290
231 291
232 292
232 293
232 294
232 295
232 296
233 297
233 298
233 299
234 300
234 301
234 302
235 303
235 304
235 305
235 306
235 307
236 308
236 309
236 310
236 311
236 312
237 313
237 314
237 315
238 316
238 317
238 318
238 319
238 320
238 321
239 322
239 323
239 324
239 325
239 326
239 327
239 328
240 329
240 330
240 331
240 332
240 333
240 334
240 335
240 336
241 337
241 338
241 339
241 340
241 341
241 342
241 343
242 344
242 345
242 346
242 347
242 348
243 349
243 350
243 351
243 352
244 353
244 354
245 355
245 356
246 357
247 358
248 359
249 359
250 359
251 359
252 359
252 358
252 357
252 356
252 355
252 354
252 353
252 352
251 351
250 350
250 349
250 348
249 347
249 346
248 345
248 344
247 343
247 342
247 341
246 340
246 339
246 338
245 337
245 336
245 335
245 334
245 333
245 332
244 331
244 330
244 329
244 328
243 327
243 326
243 325
243 324
243 323
243 322
243 321
243 320
242 319
242 318
242 317
242 316
242 315
242 314
242 313
241 312
241 311
241 310
240 309
240 308
240 307
240 306
240 305
239 304
239 303
239 302
239 301
239 300
238 299
238 298
238 297
238 296
237 295
237 294
237 293
236 292
236 291
236 290
235 289
235 288
235 287
234 286
234 285
234 284
233 283
233 282
232 281
232 280
231 279
231 278
230 277
230 276
230 275
230 274
229 273
228 272
228 271
227 270
227 269
226 268
226 267
225 266
224 265
224 264
223 263
223 262
224 261
225 261
226 261
227 261
228 261
229 262
230 262
231 262
232 262
233 262
234 262
235 262
236 262
237 262
238 261
238 260
238 259
238 258
239 257
239 256
239 255
239 254
238 253
237 252
236 251
235 251
234 251
233 250
232 250
231 250
230 250
229 249
228 248
229 247
230 247
231 247
232 246
233 245
234 245
235 244
236 244
237 243
238 242
239 242
240 241
241 240
242 240
243 239
244 238
245 237
246 236
247 236
248 235
249 234
250 234
251 233
252 232
253 231
254 230
255 229
256 228
257 227
258 227
258 226
259 225
260 224
261 224
261 223
262 222
263 221
264 221
264 220
265 219
266 219
266 218
267 217
268 216
269 215
270 214
271 213
272 212
273 211
274 210
275 209
275 208
276 207
277 207
277 206
278 205
279 204
280 203
281 202
282 201
283 200
284 199
285 199
286 198
287 197
288 197
289 196
290 195
291 195
292 194
293 194
294 193
295 193
296 192
297 192
298 191
299 191
300 190
301 190
302 189
303 189
304 188
305 187
306 187
306 186
306 185
306 184
306 183
306 182
305 182
304 182
303 182
302 182
301 182
300 182
299 182
298 183
297 183
296 184
295 184
294 185
293 186
292 186
291 187
290 188
289 188
288 189
287 190
286 191
285 192
284 192
283 193
282 194
281 195
280 196
279 197
278 198
277 199
276 200
275 201
274 202
274 203
273 204
272 204
272 205
271 206
270 206
270 207
269 208
268 209
267 210
266 211
265 212
264 212
264 213
263 214
262 215
262 216
261 217
260 217
259 218
258 219
258 220
257 221
256 221
255 222
254 223
253 224
252 225
251 226
250 227
249 227
248 228
247 229
246 230
245 231
244 232
243 232
242 233
241 234
240 235
239 236
238 237
237 237
236 238
235 239
234 239
233 240
232 241
231 241
230 242
229 243
228 243
227 244
226 244
225 245
224 244
224 243
224 242
224 241
224 240
223 239
223 238
222 237
221 237
220 236
219 236
218 236
217 236
216 236
215 236
214 236
213 235
212 234
211 234
210 233
209 233
208 232
208 231
209 230
210 229
211 229
212 228
213 228
214 227
215 227
216 226
217 226
218 225
219 225
220 224
221 224
222 223
223 223
224 222
225 222
226 221
227 220
228 220
229 219
230 219
231 218
232 217
233 217
234 216
235 215
236 215
236 214
237 213
238 213
239 212
240 212
240 211
241 210
242 209
243 209
244 208
245 207
246 206
247 206
247 205
248 204
249 204
250 203
251 202
252 201
253 200
254 199
255 198
256 197
257 197
257 196
258 195
259 194
260 193
261 192
262 191
263 190
264 189
265 188
266 187
267 186
268 185
268 184
269 183
270 182
271 181
271 180
272 179
273 179
273 178
274 177
275 176
276 175
277 174
278 173
279 172
279 171
280 170
281 169
281 168
282 167
283 167
283 166
284 165
285 164
285 163
286 162
287 161
288 160
288 159
289 158
289 157
290 156
291 155
292 154
292 153
293 152
293 151
294 150
294 149
295 148
296 147
296 146
297 145
297 144
298 143
298 142
299 141
300 140
301 139
301 138
302 137
302 136
302 135
303 134
304 133
304 132
305 131
305 130
305 129
306 128
307 127
307 126
308 125
308 124
309 123
309 122
310 121
310 120
311 119
311 118
312 117
312 116
313 115
313 114
314 113
314 112
315 111
315 110
315 109
316 108
316 107
317 106
317 105
318 104
318 103
319 102
319 101
319 100
320 99
320 98
321 97
321 96
322 95
322 94
322 93
322 92
323 91
323 90
323 89
324 88
324 87
325 86
325 85
325 84
326 83
326 82
326 81
327 80
327 79
327 78
328 77
328 76
329 75
329 74
329 73
329 72
330 71
330 70
330 69
330 68
331 67
331 66
331 65
331 64
331 63
332 62
332 61
332 60
332 59
332 58
333 57
333 56
333 55
333 54
333 53
333 52
333 51
333 50
334 49
334 48
334 47
334 46
334 45
334 44
334 43
334 42
334 41
334 40
334 39
334 38
334 37
334 36
334 35
334 34
334 33
334 32
334 31
334 30
334 29
334 28
334 27
334 26
334 25
334 24
334 23
334 22
334 21
334 20
334 19
334 18
333 17
333 16
333 15
333 14
332 13
332 12
332 11
331 10
331 9
330 8
329 7
329 6
328 5
327 4
326 3
325 3
324 3
323 2
322 2
321 2
320 2
319 1
318 1
317 1
316 1
315 1
314 1
