69 67
68 68
67 69
66 69
65 69
64 69
64 70
63 71
62 70
62 71
61 72
60 72
60 73
60 74
59 75
58 75
58 76
57 77
56 77
57 78
56 79
55 80
56 81
56 82
55 83
55 84
56 85
55 86
55 87
55 88
56 89
55 90
55 91
56 92
56 93
56 94
57 95
57 96
57 97
58 98
58 99
58 100
59 100
60 101
59 102
60 103
61 104
60 105
61 106
62 106
63 107
63 108
63 109
64 110
64 111
65 112
64 113
65 113
66 114
66 115
66 116
67 116
68 117
68 118
68 119
68 120
69 121
69 122
70 123
70 124
70 125
71 126
71 127
72 128
73 129
72 130
73 130
74 131
73 132
74 133
74 134
74 135
75 136
75 137
75 138
75 139
76 140
76 141
76 142
76 143
76 144
77 145
77 146
78 146
79 147
79 148
79 149
80 149
81 150
82 151
83 152
84 153
85 154
86 154
87 154
88 155
87 156
86 157
85 158
85 159
84 160
84 161
84 162
83 163
82 163
83 164
82 165
81 166
82 167
81 168
81 169
81 170
80 171
80 172
81 173
80 174
79 174
80 175
79 176
80 177
80 178
79 179
79 180
80 181
79 182
80 183
79 184
79 185
80 186
79 187
80 188
79 189
80 190
80 191
80 192
80 193
80 194
80 195
81 196
82 197
81 198
81 199
82 199
83 200
82 201
82 202
83 202
84 203
84 204
84 205
84 206
85 207
86 208
86 209
87 210
88 211
89 212
90 213
91 213
92 214
93 215
94 216
95 217
96 218
97 218
98 219
98 220
99 220
100 221
101 222
102 223
103 223
104 224
105 224
106 224
107 225
107 226
108 226
109 226
110 227
111 227
112 228
113 228
114 228
115 228
116 229
117 229
118 229
119 229
120 230
121 230
122 231
123 230
124 230
125 231
126 230
127 230
128 230
129 229
130 230
131 229
132 228
133 227
134 228
135 227
136 227
137 226
138 225
139 224
139 223
140 222
141 222
142 222
143 221
143 220
144 219
145 218
145 217
146 216
147 216
147 215
148 214
149 215
149 216
149 217
150 218
149 219
149 220
149 221
149 222
148 223
149 224
148 225
148 226
149 227
150 227
151 227
152 227
153 228
154 229
154 228
155 227
156 227
156 226
156 225
157 224
157 223
158 222
159 222
159 221
160 220
161 219
162 218
162 217
163 216
164 217
164 218
164 219
163 220
164 221
164 222
163 223
162 223
163 224
163 225
162 226
163 227
162 228
163 229
163 230
163 231
164 232
164 233
163 234
164 235
165 236
165 237
165 238
165 239
166 240
166 241
167 242
167 243
168 244
167 245
168 245
169 246
170 247
171 248
171 249
171 250
172 250
173 251
174 252
175 253
176 252
177 253
178 254
179 254
180 255
180 256
181 256
182 256
183 257
184 257
185 258
186 258
187 259
188 259
189 260
190 260
191 260
192 261
193 261
194 261
195 262
196 261
197 262
198 262
199 261
200 262
201 261
202 262
203 262
204 261
205 261
206 262
207 261
208 261
209 262
210 261
211 260
212 261
213 260
214 260
215 259
216 259
217 259
218 258
219 258
220 258
221 258
222 258
222 257
223 256
224 256
225 256
226 255
227 254
228 255
228 254
229 253
230 252
231 252
232 252
232 251
232 250
233 249
234 249
235 248
236 248
237 247
237 246
238 245
239 244
240 244
239 243
239 242
240 241
241 241
242 241
242 240
243 239
244 238
245 237
246 236
246 235
246 234
247 233
247 232
247 231
247 230
248 229
248 228
248 227
249 226
249 225
250 224
249 223
250 222
251 221
252 222
253 222
254 223
255 222
256 223
257 222
258 223
259 223
260 222
261 222
262 223
263 222
264 222
265 222
266 222
267 221
268 221
269 222
269 221
270 220
271 220
272 219
273 218
274 218
275 217
276 217
277 216
278 215
279 216
279 215
280 214
281 214
282 214
283 214
283 213
284 212
285 213
286 212
287 212
288 211
289 211
290 210
291 210
292 209
293 209
294 209
295 209
296 208
297 208
298 208
299 208
300 208
301 207
302 207
303 206
304 205
305 205
306 205
307 205
308 205
308 204
309 203
310 203
311 203
312 202
313 201
314 202
314 201
315 200
316 200
316 199
317 198
318 197
319 196
319 195
320 194
321 194
321 193
322 192
323 191
324 190
325 189
325 188
326 187
326 186
326 185
326 184
327 183
326 182
327 181
327 180
326 179
327 178
326 177
325 176
326 175
325 175
324 174
324 173
323 172
322 171
322 170
321 170
320 169
319 168
318 167
317 167
316 166
315 165
314 164
313 163
312 164
311 163
311 162
310 162
309 161
308 160
307 161
306 160
305 159
304 158
303 159
302 158
301 157
300 156
299 156
298 156
297 156
296 155
295 155
294 154
293 154
292 153
291 154
290 153
289 153
288 153
287 152
287 151
286 152
285 151
284 151
283 151
282 151
281 151
280 150
279 150
278 151
277 150
276 150
275 150
274 149
273 149
272 149
271 148
270 149
269 148
268 149
267 148
266 148
265 148
264 147
263 147
262 148
261 147
260 147
259 147
258 147
257 146
256 147
255 147
254 147
253 146
252 146
251 147
250 146
249 146
248 146
247 147
246 146
245 146
244 146
243 146
242 147
241 146
240 147
239 146
238 146
237 147
236 146
235 146
234 147
233 146
233 145
232 146
231 146
230 147
229 146
228 146
227 146
226 147
225 147
224 146
223 147
222 147
221 146
220 147
219 147
218 146
217 147
216 147
215 146
215 147
214 148
213 147
212 148
211 147
210 148
209 148
208 148
207 147
206 148
205 148
204 147
204 148
203 149
202 148
201 147
201 148
200 149
199 149
198 149
197 149
196 149
195 150
194 150
193 150
192 149
193 148
194 148
194 147
195 146
196 145
197 145
198 144
199 145
200 144
201 143
202 142
203 143
204 143
205 142
206 143
207 142
208 142
209 142
210 141
211 142
212 141
213 140
214 141
215 140
216 140
217 140
218 139
219 138
220 139
221 138
222 139
223 138
224 137
225 137
226 138
227 137
228 138
229 138
230 137
231 137
232 137
233 137
234 137
235 137
236 137
237 138
238 138
239 139
240 140
240 139
240 138
241 137
242 137
242 136
241 136
240 135
240 134
239 135
238 134
237 133
236 134
235 133
234 132
233 133
232 133
231 134
230 133
229 133
228 134
227 134
226 133
226 134
225 135
224 134
223 134
222 135
221 135
220 134
219 135
219 136
218 137
217 136
216 136
215 137
214 137
213 138
212 139
211 138
211 137
210 138
209 139
208 138
207 138
206 139
205 140
204 139
203 139
203 140
202 141
201 141
200 140
199 140
198 141
197 141
196 141
195 141
194 140
193 139
192 139
191 138
191 137
190 138
189 137
188 137
187 136
187 137
186 138
185 138
184 137
183 136
182 136
181 135
182 134
181 133
180 133
179 132
180 131
179 130
178 129
177 128
176 127
177 126
176 125
175 125
174 124
174 123
174 122
173 122
172 121
172 120
172 119
172 118
171 117
170 116
170 115
169 114
168 113
168 112
167 111
166 111
165 110
166 109
165 108
164 107
163 106
162 106
161 105
161 104
161 103
160 103
159 102
158 101
157 100
156 100
155 99
154 99
153 98
152 98
151 99
150 99
149 100
150 101
151 102
152 103
153 102
154 103
155 104
156 105
157 106
158 106
159 107
160 108
161 109
162 110
162 111
163 112
164 113
164 114
165 115
166 116
166 117
167 118
168 119
168 120
169 121
170 122
170 123
171 124
171 125
172 126
173 127
173 128
174 129
174 130
175 131
175 132
176 132
177 133
177 134
178 135
178 136
179 137
180 138
181 139
180 140
179 141
180 142
179 143
178 143
177 143
176 142
175 141
174 140
174 139
173 139
172 138
172 137
172 136
171 136
170 135
170 134
169 134
168 133
168 132
168 131
167 131
166 130
166 129
165 129
164 128
164 127
163 126
162 125
161 124
161 123
160 122
159 122
158 121
158 120
157 120
156 119
156 118
156 117
155 117
154 116
153 115
152 114
151 114
150 113
150 112
150 111
149 111
148 110
148 109
147 109
146 108
146 107
145 107
144 106
144 105
143 104
142 103
141 103
140 102
140 101
139 101
138 100
137 99
136 98
135 97
134 96
133 96
132 95
131 94
130 93
129 92
128 92
127 91
127 90
126 90
125 89
124 88
123 88
122 88
121 87
120 86
119 85
118 84
117 84
116 84
115 83
114 82
113 81
112 81
111 81
110 81
109 80
109 79
108 79
107 79
106 78
105 78
104 77
104 76
103 76
102 76
101 75
100 75
99 75
98 74
97 73
96 74
95 73
94 72
93 73
92 72
92 71
91 72
90 71
89 70
88 71
87 70
86 70
85 70
84 69
83 70
82 69
82 68
81 69
80 68
79 68
78 68
77 68
76 67
75 67
74 67
73 68
72 67
71 67
70 68
