364 109
363 110
362 111
363 112
364 113
363 114
362 115
361 115
360 116
359 115
358 115
357 116
356 116
355 115
354 116
353 115
352 115
351 116
350 115
349 115
348 115
347 115
346 115
345 114
344 114
343 114
342 113
341 113
340 112
339 111
338 112
337 111
336 110
335 110
334 110
333 111
332 111
331 110
330 111
329 112
328 112
327 113
326 113
325 113
324 114
323 115
322 116
321 115
320 116
319 116
318 116
317 117
316 116
316 115
315 116
314 115
313 115
312 115
311 114
310 114
309 114
308 114
307 114
306 114
305 113
305 114
304 115
303 115
302 114
301 115
300 115
299 116
298 116
297 117
297 118
296 119
295 119
294 119
294 120
293 121
292 121
291 122
291 123
290 124
289 124
288 124
287 125
286 126
285 125
284 126
283 127
282 126
281 126
280 127
279 126
278 127
277 127
276 128
275 128
274 129
273 129
272 130
271 131
270 132
269 133
269 134
268 135
267 135
267 136
266 137
265 138
265 139
264 140
264 141
263 142
262 143
263 144
262 145
261 146
262 147
261 148
261 149
261 150
261 151
260 152
260 153
259 154
260 155
260 156
259 157
259 158
260 159
259 160
259 161
260 162
259 163
260 164
259 165
258 166
259 167
259 168
259 169
260 170
259 171
260 172
260 173
260 174
260 175
260 176
261 177
261 178
261 179
262 180
263 181
262 182
263 183
264 184
263 185
264 186
263 187
264 187
265 188
265 189
264 190
265 190
266 191
266 192
266 193
266 194
267 195
267 196
268 197
267 198
268 198
269 199
270 200
270 201
271 202
271 203
271 204
271 205
270 206
271 207
272 208
271 209
271 210
272 211
272 212
273 213
273 214
272 215
271 214
270 214
269 213
268 213
267 212
267 211
266 211
265 210
264 209
263 208
262 208
261 208
260 207
259 206
258 206
257 206
256 206
255 207
255 208
254 209
253 209
254 210
255 211
254 212
254 213
255 214
255 215
256 216
256 217
257 218
257 219
257 220
258 221
259 222
258 223
257 223
258 224
259 225
259 226
260 227
259 228
258 229
257 228
256 227
255 226
256 225
255 225
254 224
253 223
252 222
251 222
250 221
249 220
248 219
247 218
246 218
245 217
245 216
244 216
243 215
243 214
242 214
241 213
240 213
239 213
238 212
237 211
236 210
235 210
234 209
234 208
233 208
232 207
231 206
230 205
229 206
228 205
227 204
226 203
225 202
224 202
223 201
223 200
222 200
221 199
220 199
219 199
218 198
217 197
216 196
215 195
214 194
213 194
212 193
211 193
210 192
209 191
208 191
207 190
206 189
205 188
204 189
203 189
202 188
201 188
200 188
199 188
198 188
197 188
196 189
195 189
194 190
193 190
192 191
191 190
190 191
189 191
188 190
187 190
186 190
185 190
184 190
184 191
184 192
183 193
182 193
182 194
181 195
180 195
179 196
178 197
177 198
176 198
176 199
176 200
175 201
174 201
175 202
175 203
174 204
173 204
172 204
171 205
170 206
169 207
168 206
168 207
167 208
166 208
165 209
164 209
163 209
162 210
161 211
160 210
160 211
159 212
158 212
158 213
157 214
156 215
156 216
155 217
154 217
154 218
153 219
153 220
153 221
153 222
153 223
153 224
153 225
153 226
153 227
152 228
152 229
152 230
151 231
150 232
149 233
148 234
147 235
146 234
146 235
146 236
145 237
144 237
143 237
142 238
141 239
140 240
140 241
140 242
139 243
139 244
139 245
138 246
139 247
138 248
139 249
138 250
138 251
138 252
138 253
138 254
139 254
140 255
139 256
139 257
139 258
138 259
137 259
137 260
136 261
136 262
136 263
135 264
134 264
134 265
133 266
133 267
133 268
133 269
132 270
132 271
132 272
132 273
132 274
132 275
132 276
133 277
133 278
134 279
135 280
135 281
135 282
135 283
136 284
137 285
137 286
136 287
137 288
136 289
136 290
136 291
135 292
134 292
134 293
133 294
133 295
134 296
133 297
134 298
134 299
134 300
135 301
136 301
137 302
137 303
138 304
138 305
139 305
140 306
140 307
139 308
140 309
139 310
139 311
139 312
140 313
139 314
140 315
139 316
140 317
140 318
141 319
142 320
143 320
144 321
144 322
144 323
145 323
146 324
145 325
146 325
147 326
146 327
145 327
146 328
147 329
146 330
146 331
146 332
146 333
147 334
148 335
149 336
150 337
151 338
152 339
153 339
154 340
155 341
154 342
154 343
153 344
152 344
151 344
150 345
150 346
149 347
148 347
148 348
147 349
146 349
146 350
146 351
145 352
144 352
143 353
144 354
143 355
143 356
143 357
143 358
144 359
143 360
142 360
143 361
143 362
142 363
141 363
142 364
142 365
141 366
141 367
142 368
141 369
140 369
141 370
140 371
141 372
140 373
139 374
140 375
140 376
139 377
138 378
139 379
139 380
140 381
139 382
140 383
141 384
140 385
141 385
142 386
142 387
141 388
142 389
142 390
142 391
142 392
142 393
142 394
142 395
142 396
143 397
143 398
142 399
143 400
143 401
143 402
142 403
142 404
142 405
142 406
141 407
142 408
141 409
142 410
142 411
143 412
143 413
143 414
142 415
143 416
144 417
143 418
142 418
143 419
144 420
143 421
143 422
144 423
143 424
143 425
142 426
142 427
142 428
142 429
142 430
141 431
141 432
141 433
141 434
140 435
139 436
138 437
139 437
140 438
139 439
139 440
139 441
140 442
139 443
138 443
139 444
139 445
139 446
138 447
138 448
137 449
137 450
137 451
137 452
137 453
137 454
136 455
136 456
136 457
135 458
134 459
133 460
133 461
133 462
132 463
132 464
132 465
131 466
131 467
131 468
130 469
129 470
129 471
130 472
129 473
129 474
130 475
129 476
129 477
128 478
128 479
129 480
128 481
127 481
128 482
127 483
127 484
127 485
128 486
127 487
128 488
128 489
128 490
129 491
128 492
129 493
129 494
129 495
129 496
130 497
130 498
130 499
130 500
131 501
132 502
131 503
132 504
133 505
133 506
134 507
135 508
136 509
137 509
138 509
139 510
139 511
140 511
141 511
142 512
143 511
144 512
145 512
146 512
147 513
148 512
149 513
150 513
151 513
152 513
153 513
154 513
155 513
156 513
157 512
158 512
159 513
160 512
161 511
162 511
163 510
164 511
165 510
166 510
167 509
168 510
168 509
169 508
170 508
171 508
172 508
173 507
174 507
175 507
176 506
177 506
178 505
179 504
180 505
181 504
182 503
183 502
184 502
185 502
186 501
187 501
188 500
189 499
190 499
191 498
192 498
193 497
194 497
195 496
196 495
197 495
198 494
199 493
200 493
200 492
201 491
202 491
203 491
203 490
204 489
205 488
206 489
207 488
207 487
208 486
209 487
210 486
211 486
212 485
212 484
213 483
214 483
214 482
215 481
216 482
216 481
217 480
218 480
219 480
219 479
220 478
221 477
222 476
223 475
224 475
225 475
225 474
226 473
227 472
228 471
229 471
229 470
230 469
231 469
231 468
232 467
233 467
233 466
234 465
235 465
236 464
237 463
238 462
239 461
240 461
241 460
241 459
242 458
243 458
243 457
244 456
245 455
246 454
247 454
248 453
249 452
249 451
250 450
251 450
251 449
252 448
253 448
254 447
255 446
256 445
257 444
257 443
258 442
259 442
260 441
261 440
262 439
263 438
264 437
265 436
265 435
266 434
267 434
267 433
268 432
269 431
270 431
270 430
270 429
271 428
272 428
272 427
273 426
274 425
275 424
276 423
277 422
277 421
278 420
279 420
279 419
279 418
280 417
281 417
281 416
282 415
283 414
283 413
284 412
285 411
285 410
286 409
287 408
287 407
288 406
288 405
289 404
290 403
291 402
291 401
291 400
292 399
293 398
293 397
294 396
294 395
295 394
295 393
295 392
296 391
297 390
298 389
298 388
298 387
299 386
300 385
301 384
300 383
301 382
302 381
302 380
303 379
303 378
303 377
304 376
305 376
304 375
305 374
305 373
305 372
306 371
307 370
306 369
307 368
308 368
308 367
307 366
308 365
309 365
308 364
309 363
310 362
309 361
310 360
311 359
310 358
311 357
312 357
311 356
311 355
312 354
313 354
312 353
312 352
313 351
313 350
313 349
314 348
313 347
314 346
315 346
314 345
314 344
315 343
315 342
315 341
316 340
315 339
315 338
316 337
316 336
317 335
316 334
316 333
317 332
316 331
317 330
318 330
319 331
320 332
320 333
321 334
321 335
320 336
321 337
320 338
321 338
322 339
322 340
323 341
324 342
325 342
326 343
326 344
327 344
328 344
329 345
330 344
331 345
331 346
331 347
331 348
330 349
330 350
330 351
330 352
329 353
330 354
329 355
328 355
329 356
329 357
328 358
328 359
328 360
327 361
328 362
327 363
326 364
327 365
326 366
326 367
326 368
325 369
324 369
325 370
324 371
324 372
324 373
323 374
322 375
322 376
321 377
321 378
321 379
320 380
320 381
319 382
319 383
319 384
318 385
317 386
317 387
316 388
316 389
315 390
314 391
315 392
314 393
313 393
313 394
314 395
313 396
312 396
311 397
311 398
310 399
310 400
310 401
309 402
308 403
307 404
306 405
307 406
306 407
305 407
305 408
304 409
303 410
303 411
302 412
302 413
302 414
301 415
300 415
299 416
299 417
298 418
298 419
298 420
297 421
296 421
296 422
297 423
296 424
295 424
295 425
294 426
293 426
294 427
294 428
293 429
293 430
294 431
293 432
293 433
294 434
293 435
294 435
295 436
295 437
296 437
297 436
298 436
298 435
299 434
300 434
300 433
300 432
301 431
300 430
301 429
302 428
301 427
302 426
302 425
302 424
303 423
303 422
303 421
304 420
304 419
305 418
305 417
305 416
306 415
307 414
307 413
308 412
309 412
308 411
308 410
309 409
310 409
310 408
310 407
311 406
312 405
312 404
313 403
314 402
315 401
314 400
315 399
316 398
317 398
317 397
318 396
318 395
318 394
319 393
319 392
319 391
320 390
321 390
321 389
322 388
322 387
322 386
323 385
324 384
324 383
324 382
325 381
326 380
326 379
327 378
327 377
327 376
328 375
328 374
328 373
329 372
329 371
329 370
330 369
331 368
331 367
331 366
331 365
332 364
331 363
332 362
332 361
332 360
333 359
334 358
334 357
334 356
334 355
335 354
334 353
335 352
335 351
335 350
335 349
335 348
335 347
336 346
336 345
337 344
338 344
339 345
340 346
341 347
341 348
341 349
342 349
343 350
344 351
345 352
346 352
347 353
348 353
349 353
349 352
350 351
351 351
352 351
352 350
353 349
354 348
353 347
354 346
353 345
353 344
353 343
352 342
351 341
351 340
350 340
349 339
349 338
349 337
350 336
351 337
352 338
353 338
354 337
355 338
356 338
357 338
358 339
359 339
360 338
361 339
362 339
363 339
364 339
365 339
366 339
367 340
368 339
369 339
370 339
371 339
372 340
373 340
374 339
375 340
376 340
377 340
378 340
379 339
380 339
381 340
382 339
383 339
384 340
385 339
386 340
387 339
388 339
389 339
390 340
390 339
391 338
392 339
393 338
394 339
395 338
396 338
397 339
398 338
399 338
400 338
401 338
402 337
403 338
404 338
405 337
406 337
407 337
408 337
409 337
410 337
411 336
412 336
413 337
414 336
415 336
416 336
417 335
418 336
419 336
420 335
421 335
422 335
423 335
424 336
425 335
426 335
427 336
428 336
429 336
430 336
431 336
432 337
433 337
434 337
435 337
436 337
437 338
438 338
439 338
440 339
441 338
442 339
443 339
444 339
445 340
446 340
447 339
448 340
449 339
450 338
451 337
451 336
451 335
450 335
449 334
448 334
447 333
447 332
446 332
445 332
444 331
443 332
442 331
441 331
440 331
439 331
438 330
437 331
436 330
435 331
434 330
433 330
432 331
431 330
430 330
429 331
428 330
427 330
426 330
425 330
424 330
423 331
422 330
421 331
420 331
419 330
418 331
417 331
416 331
415 331
414 331
413 332
412 332
411 331
410 332
409 332
408 332
407 333
406 333
405 332
404 333
403 333
402 333
401 333
400 332
399 333
398 333
397 334
396 333
395 334
394 334
393 334
392 334
391 334
390 334
389 335
388 334
387 334
386 335
385 334
384 334
383 335
382 335
381 334
380 335
379 334
378 335
377 335
376 334
375 335
374 335
373 334
372 335
371 334
370 334
369 335
368 334
367 334
366 335
365 335
364 335
363 334
362 334
361 335
360 334
359 334
358 334
357 334
356 333
355 334
354 333
353 333
352 333
351 333
350 333
349 332
349 331
349 330
350 329
351 329
351 328
351 327
352 326
351 325
352 324
351 323
350 322
350 321
349 321
348 320
347 319
346 318
346 317
345 316
346 315
345 314
345 313
344 312
344 311
345 310
346 311
347 310
348 311
349 311
350 311
351 312
352 312
353 312
354 312
355 313
356 312
357 313
357 314
358 313
359 314
360 313
361 314
362 314
363 314
364 315
365 315
366 314
367 315
368 315
369 316
370 316
371 315
372 316
373 316
374 316
375 316
376 316
377 316
378 316
379 316
380 316
381 317
382 316
383 316
384 316
385 316
386 316
387 316
388 316
389 316
390 316
391 317
392 316
393 316
394 316
395 317
396 316
397 316
398 316
399 316
400 316
401 315
402 315
403 316
404 316
405 315
406 316
407 315
408 315
409 315
410 315
411 315
412 315
413 315
414 314
415 315
416 314
417 314
418 314
419 314
420 314
421 314
422 313
423 313
424 313
425 313
426 313
427 312
428 313
429 312
430 312
431 311
432 311
433 312
434 311
435 311
436 312
437 311
438 310
439 311
440 310
441 310
442 309
443 310
444 310
445 309
446 308
447 309
448 308
449 308
450 308
451 308
452 307
453 307
454 307
455 306
456 306
457 306
458 306
459 305
460 305
461 304
462 304
463 304
464 303
465 303
466 303
467 302
468 302
469 302
470 301
471 301
472 300
473 300
474 301
475 300
476 299
477 299
478 299
478 298
479 297
480 298
481 297
482 296
483 297
484 296
485 295
486 295
487 295
488 294
489 294
490 293
491 293
492 293
493 292
494 291
495 291
496 291
497 291
498 290
499 289
500 290
500 289
501 288
502 288
503 288
504 288
504 287
505 286
506 286
507 286
508 285
509 285
510 284
511 284
512 283
513 283
514 282
515 281
516 282
517 281
518 280
519 280
520 280
521 279
521 278
522 277
523 277
524 277
525 276
526 276
527 275
528 274
529 274
530 273
531 273
531 272
532 271
533 271
534 271
535 270
536 270
537 269
538 269
539 269
539 268
539 267
540 266
541 267
542 266
543 265
544 264
545 264
546 263
546 262
547 261
548 261
549 260
550 260
550 259
551 258
552 257
553 258
554 257
554 256
555 255
556 254
556 253
557 252
558 253
559 252
559 251
560 250
561 249
562 249
562 248
563 247
564 247
565 247
565 246
566 245
567 244
567 243
568 242
569 241
570 241
570 240
571 239
572 238
572 237
573 236
574 236
574 235
574 234
575 233
576 232
576 231
577 230
578 230
578 229
577 228
578 227
579 227
579 226
580 225
580 224
580 223
581 222
582 222
581 221
581 220
582 219
581 218
581 217
582 216
582 215
582 214
582 213
581 212
581 211
580 210
580 209
579 208
578 208
577 207
577 206
577 205
576 205
575 204
575 203
574 203
573 202
572 202
571 202
570 201
569 201
568 200
567 200
566 199
565 199
564 199
563 199
562 198
561 197
560 197
559 197
558 197
557 196
556 197
555 197
554 197
553 196
552 196
551 197
550 196
549 196
548 195
547 195
546 195
545 195
544 194
543 194
542 194
541 194
540 194
539 194
538 194
537 193
536 193
535 193
534 193
533 193
532 192
531 192
530 193
529 193
528 193
527 193
526 192
525 193
524 192
523 191
522 192
521 191
520 190
519 191
518 190
517 190
516 189
515 189
514 189
513 188
512 189
511 188
510 188
509 188
508 188
507 188
506 188
505 188
504 187
503 188
502 187
501 188
500 187
500 186
499 187
498 186
497 185
496 186
495 185
495 184
494 185
493 184
492 183
491 183
490 182
489 181
489 180
488 179
487 178
486 178
485 178
484 177
483 176
482 177
481 177
480 176
479 177
478 176
477 176
476 175
475 175
474 175
473 174
472 175
471 174
471 173
470 173
469 172
468 171
467 170
466 170
465 169
464 168
463 169
462 168
462 167
461 167
460 166
459 165
458 166
457 165
457 164
456 164
455 164
454 164
453 164
452 163
451 164
450 163
449 163
448 164
447 163
446 163
445 162
444 162
443 162
442 161
441 162
440 161
439 160
438 161
437 160
437 159
436 160
435 160
434 159
433 159
432 160
431 160
430 160
429 159
428 160
427 160
426 161
425 160
425 161
425 162
424 163
423 163
422 164
421 164
420 164
419 163
420 162
420 161
419 160
419 159
418 158
418 157
418 156
417 156
416 155
415 154
415 153
414 152
413 151
412 150
411 150
410 149
410 148
409 148
408 147
407 146
408 145
407 145
406 144
405 143
405 142
404 141
403 140
402 139
401 139
400 138
400 137
399 138
398 137
397 136
396 136
395 135
394 136
393 135
393 134
392 134
391 133
391 132
391 131
390 131
389 130
390 129
389 128
388 128
387 127
387 126
386 126
385 125
384 125
383 125
382 124
381 125
380 124
379 124
378 125
377 124
377 123
376 123
375 123
374 122
373 122
372 121
371 120
370 119
369 118
368 118
367 118
366 117
365 116
364 115
363 114
364 113
365 113
366 112
366 111
365 110
365 109
