309 41
308 42
307 42
306 42
305 42
304 43
303 42
302 43
301 43
300 43
299 43
298 44
297 44
296 44
295 44
294 45
293 45
292 45
291 46
290 45
289 46
289 47
288 48
287 47
286 48
285 49
284 48
283 49
283 50
282 51
281 51
280 51
279 52
278 52
277 53
276 53
275 54
274 55
273 56
272 56
271 57
270 58
269 59
268 60
267 60
267 61
266 62
265 63
264 63
263 64
262 65
261 65
261 66
260 67
259 68
259 69
258 70
257 69
257 70
256 71
255 71
255 72
254 73
253 74
252 75
251 74
251 75
250 76
249 77
249 78
248 79
247 79
247 80
246 81
245 82
244 83
244 84
243 85
242 85
242 86
241 87
240 88
239 88
238 88
238 89
237 90
236 91
236 92
235 93
234 93
234 94
233 95
232 96
231 97
230 98
229 99
229 100
228 101
227 101
227 102
227 103
226 104
225 104
224 105
224 106
223 107
222 108
221 109
220 110
221 111
220 112
219 113
218 114
217 115
218 116
217 117
216 118
216 119
215 120
214 120
214 121
215 122
214 123
213 123
212 124
212 125
211 126
211 127
211 128
211 129
211 130
210 131
210 132
209 133
209 134
208 135
208 136
208 137
208 138
207 139
206 138
205 139
204 138
203 137
202 138
201 137
201 136
200 136
199 136
198 137
197 137
196 136
195 136
194 136
193 136
192 136
191 136
190 135
190 136
189 137
188 136
187 135
186 136
185 136
184 137
183 136
182 137
181 137
180 137
179 137
178 137
177 138
176 137
175 138
174 139
173 138
172 139
171 140
170 139
169 140
169 141
168 142
167 141
166 141
165 142
164 142
163 143
162 143
161 144
160 145
159 144
158 145
158 146
157 147
156 146
155 147
154 147
153 148
152 149
151 149
151 150
150 151
149 151
148 151
148 152
147 153
146 153
145 154
144 153
144 154
144 155
143 156
142 155
141 156
140 157
140 158
139 159
138 159
137 159
136 160
136 161
135 162
134 163
133 164
132 165
132 166
131 167
130 168
129 169
128 170
127 171
126 172
126 173
125 174
125 175
125 176
124 177
123 178
122 178
122 179
121 180
121 181
121 182
120 183
119 183
119 184
119 185
118 186
117 186
118 187
117 188
116 189
116 190
116 191
115 192
115 193
114 194
114 195
113 196
113 197
112 198
112 199
112 200
111 201
112 202
111 203
111 204
110 205
111 206
111 207
110 208
111 209
110 210
110 211
110 212
111 213
110 214
110 215
109 216
110 216
111 217
110 218
110 219
110 220
111 221
110 222
110 223
111 224
111 225
111 226
110 227
111 227
112 228
112 229
111 230
112 231
112 232
112 233
113 234
113 235
113 236
113 237
113 238
114 239
115 240
114 241
115 241
116 242
117 243
116 244
117 245
118 246
119 247
120 248
119 249
120 249
121 250
122 251
123 252
124 253
125 253
126 254
126 255
126 256
127 256
128 257
129 258
130 259
131 260
132 261
133 261
134 262
135 262
136 263
137 264
138 264
139 265
140 266
141 266
142 266
143 267
144 268
145 269
146 270
147 269
148 270
148 271
149 271
150 272
151 271
152 272
153 273
154 272
155 273
155 274
156 274
157 274
158 275
159 275
160 275
161 276
162 276
163 276
164 277
165 278
166 277
167 278
168 278
169 278
170 278
171 279
172 279
173 280
174 280
175 280
176 280
177 280
178 281
179 281
180 282
181 282
182 282
183 283
184 282
185 283
186 284
187 283
188 284
189 283
190 284
190 285
191 284
192 285
193 285
194 285
195 286
196 286
197 286
198 287
199 287
200 287
201 287
202 287
203 288
204 288
205 288
206 289
207 288
208 289
209 290
209 291
208 292
207 292
206 291
205 291
204 291
203 291
202 291
201 290
200 290
199 290
198 291
197 291
196 290
195 290
194 290
193 289
192 290
191 290
190 289
189 289
188 289
187 288
186 289
185 288
184 289
183 288
182 288
181 289
180 288
180 287
179 288
178 287
177 287
176 288
175 287
174 287
173 287
172 287
171 287
170 286
169 286
168 287
167 287
166 286
165 286
164 286
163 286
162 286
161 286
160 285
159 286
158 286
157 287
156 286
155 286
154 286
153 286
152 285
151 286
150 286
149 286
148 287
147 287
146 286
145 287
144 287
143 288
142 288
141 287
140 288
139 288
138 287
137 288
136 289
135 289
134 288
133 289
132 290
131 289
130 290
129 291
128 291
127 292
126 292
125 293
124 293
123 294
122 295
121 295
120 296
120 297
120 298
120 299
121 300
122 300
123 301
123 302
124 302
125 303
126 304
127 305
128 305
129 305
130 306
131 306
132 307
133 307
134 307
135 307
136 307
137 308
138 308
139 308
140 309
141 308
142 309
143 309
144 309
145 310
146 309
147 310
148 310
149 310
150 311
151 310
152 310
153 311
154 311
155 311
156 311
157 310
158 311
159 312
159 311
160 310
161 311
162 311
163 311
164 311
165 310
166 310
167 311
168 310
169 310
170 311
171 310
172 309
173 310
174 309
175 309
176 309
177 309
178 309
179 309
179 308
180 307
181 308
182 308
183 307
184 308
185 308
186 307
187 307
188 308
189 307
190 307
191 307
192 307
193 306
194 306
195 306
196 307
197 306
198 306
199 307
200 306
201 306
202 306
203 306
204 306
205 306
206 306
207 305
208 306
208 307
208 308
207 309
206 309
205 309
204 309
203 310
202 310
201 310
200 311
199 310
198 311
197 312
196 311
196 312
195 313
194 313
193 312
192 313
191 314
190 314
189 315
188 315
187 314
186 315
185 316
184 316
183 316
182 317
181 317
180 317
179 318
178 319
177 318
176 318
175 319
174 320
173 321
172 320
171 320
170 321
169 322
168 322
167 322
166 323
165 323
164 323
163 324
162 324
161 325
160 324
160 325
159 326
158 326
157 326
156 327
155 328
154 327
154 328
153 329
152 329
151 329
150 330
149 330
149 331
148 332
147 332
146 332
146 333
145 334
144 334
143 334
142 335
142 336
141 337
140 336
139 337
139 338
138 339
137 340
136 340
135 340
135 341
134 342
133 343
132 344
132 345
131 346
130 346
129 346
129 347
128 348
127 348
126 349
126 350
125 351
124 352
124 353
123 354
122 354
122 355
122 356
121 357
120 358
119 359
119 360
118 361
118 362
119 363
118 364
117 365
118 366
117 367
117 368
117 369
116 370
116 371
117 372
116 373
115 373
116 374
116 375
116 376
115 377
116 378
116 379
116 380
115 381
116 382
116 383
115 384
115 385
116 385
117 386
116 387
115 387
116 388
117 389
116 390
116 391
116 392
117 393
117 394
117 395
117 396
117 397
117 398
118 399
118 400
118 401
119 402
119 403
119 404
120 405
120 406
120 407
121 408
122 409
122 410
123 411
122 412
123 412
124 413
123 414
124 415
125 416
125 417
126 418
127 419
127 420
127 421
128 421
129 422
129 423
129 424
130 425
130 426
131 427
132 428
133 429
133 430
134 431
135 431
136 432
137 433
138 434
139 435
139 436
140 437
141 438
142 439
143 440
144 439
145 440
146 440
147 441
147 442
148 442
149 443
149 444
150 444
151 445
152 446
153 447
154 448
155 448
156 449
157 448
158 449
158 450
159 450
160 450
161 451
162 451
163 452
163 453
164 453
165 454
165 455
166 455
167 456
168 455
169 456
170 457
171 457
172 458
173 458
174 459
175 460
176 459
177 460
177 461
178 460
179 461
180 461
181 461
182 461
183 461
184 462
185 463
186 462
187 462
188 462
189 462
190 463
191 463
192 462
193 462
194 462
195 463
196 463
197 462
198 463
199 463
199 462
200 461
201 462
202 462
202 461
203 460
204 461
205 460
206 460
207 459
208 458
209 458
210 457
211 456
212 457
212 456
212 455
213 454
214 454
215 455
215 456
216 457
216 458
216 459
217 460
217 461
216 462
217 462
218 463
218 464
218 465
219 466
219 467
220 468
220 469
221 470
221 471
221 472
222 473
223 474
222 475
223 475
224 476
224 477
224 478
225 478
226 479
225 480
226 481
227 481
228 482
228 483
229 484
230 485
229 486
230 486
231 487
231 488
231 489
232 489
233 490
233 491
234 492
235 493
235 494
236 494
237 495
238 496
238 497
239 498
240 499
240 500
241 501
242 502
243 503
244 503
245 504
244 505
245 506
246 506
247 507
248 508
248 509
248 510
249 510
250 511
251 512
251 513
252 514
253 515
254 516
255 517
256 517
257 518
258 519
258 520
258 521
259 521
260 522
261 523
262 524
263 525
264 525
265 526
265 527
266 527
267 528
268 528
269 529
269 530
270 530
271 531
271 532
272 532
273 533
274 534
275 535
276 536
277 536
278 537
279 538
280 538
281 538
282 539
283 540
284 541
285 542
286 542
287 543
288 543
289 544
290 543
291 544
292 545
293 546
294 546
295 546
296 547
297 547
298 547
299 548
299 549
300 548
301 549
302 548
303 549
304 550
305 549
306 550
307 551
308 550
309 551
310 551
311 550
312 551
313 551
314 551
315 551
316 550
317 551
318 551
319 550
320 551
321 551
322 550
323 550
324 551
324 550
325 549
326 549
327 549
328 548
329 548
330 548
331 547
332 547
333 546
334 545
335 545
336 544
337 544
337 543
338 542
339 541
340 540
341 540
341 539
342 538
343 537
343 536
344 535
344 534
344 533
344 532
345 531
346 530
347 529
346 528
347 527
348 526
347 525
348 524
348 523
348 522
348 521
349 520
349 519
349 518
349 517
349 516
350 515
350 514
349 513
349 512
350 511
350 510
349 509
350 508
350 507
350 506
350 505
351 504
350 503
350 502
351 501
350 500
349 499
350 498
350 497
351 496
350 495
350 494
351 493
350 492
350 491
350 490
350 489
349 488
350 487
349 486
350 485
349 484
349 483
350 482
349 481
348 480
349 479
350 479
349 478
348 477
349 476
350 476
349 475
349 474
348 473
348 472
349 471
348 470
348 469
348 468
347 467
347 466
347 465
347 464
346 463
346 462
346 461
345 460
345 459
345 458
345 457
345 456
344 455
344 454
344 453
344 452
344 451
343 451
342 450
343 449
343 448
342 447
342 446
341 445
341 444
342 443
341 442
341 441
341 440
340 439
340 438
339 437
339 436
339 435
339 434
339 433
338 432
337 431
338 430
338 429
337 429
336 428
337 427
336 426
336 425
336 424
335 423
335 422
335 421
335 420
334 419
334 418
333 417
333 416
332 415
332 414
332 413
331 412
331 411
331 410
330 409
330 408
329 407
329 406
329 405
328 404
327 403
328 402
327 402
326 401
327 400
326 399
325 398
325 397
325 396
324 396
323 395
324 394
323 393
323 392
322 391
321 390
322 389
321 389
320 388
320 387
320 386
320 385
319 385
318 384
319 383
318 383
317 382
317 381
317 380
316 379
316 378
315 377
314 376
314 375
313 374
313 373
312 372
312 371
311 370
310 369
310 368
309 367
309 366
308 365
308 364
307 363
306 362
306 361
305 360
305 359
305 358
304 358
303 357
303 356
303 355
302 354
302 353
301 353
300 352
299 351
300 350
299 350
298 349
297 348
298 347
297 347
296 346
296 345
296 344
295 344
294 343
295 342
294 341
293 341
292 340
292 339
291 338
290 337
291 336
290 336
289 335
289 334
288 333
287 332
287 331
286 330
285 329
285 328
284 327
283 326
282 325
281 324
281 323
280 322
279 321
278 320
278 319
277 318
276 317
275 316
274 316
273 315
272 314
272 313
272 312
273 311
274 312
275 313
276 313
277 313
278 314
278 313
279 312
280 313
281 312
282 312
283 311
284 310
285 311
286 311
287 312
287 313
288 313
289 314
290 315
291 316
292 316
293 317
293 318
294 319
295 320
295 321
296 321
297 322
298 323
299 324
299 325
300 326
301 327
302 327
303 328
302 329
303 330
304 330
305 331
304 332
305 333
306 333
307 334
307 335
308 336
308 337
309 337
310 338
310 339
310 340
311 340
312 341
313 342
313 343
314 344
315 345
315 346
316 347
316 348
316 349
317 349
318 350
319 351
319 352
320 353
321 354
322 355
323 356
323 357
323 358
323 359
324 359
325 360
326 361
325 362
326 362
327 363
327 364
328 365
329 366
330 367
330 368
330 369
330 370
331 370
332 371
332 372
332 373
333 373
334 374
335 375
334 376
335 376
336 377
336 378
337 379
338 380
339 379
340 380
341 379
342 378
341 377
341 376
341 375
341 374
340 374
339 373
340 372
339 371
338 371
337 370
336 369
336 368
336 367
335 367
334 366
334 365
334 364
333 364
332 363
331 362
332 361
331 361
330 360
330 359
330 358
329 358
328 357
327 356
327 355
326 354
325 353
325 352
324 351
323 350
323 349
322 348
321 347
320 346
321 345
320 345
319 344
318 344
317 343
318 342
317 341
316 341
315 340
316 339
315 338
314 338
313 337
313 336
313 335
312 334
311 333
311 332
310 331
309 331
308 330
307 329
308 328
307 328
306 327
305 326
305 325
304 324
304 323
303 323
302 322
301 321
302 320
301 320
300 319
299 319
298 318
298 317
297 317
296 316
296 315
296 314
295 314
294 313
294 312
293 312
292 311
291 310
290 309
289 309
288 308
288 307
288 306
288 305
288 304
289 303
290 303
291 302
291 301
290 300
289 300
288 299
289 298
290 297
290 296
291 295
290 294
289 293
289 292
289 291
290 290
291 289
292 288
293 287
294 286
294 285
294 284
295 283
296 282
297 281
298 281
298 280
299 279
299 278
300 277
301 276
301 275
302 274
303 273
304 272
304 271
305 270
306 270
306 269
307 268
308 268
308 267
308 266
309 265
309 264
310 263
311 262
311 261
311 260
312 259
313 258
314 257
315 256
315 255
316 254
317 254
317 253
318 252
318 251
318 250
319 249
320 248
321 247
322 246
323 245
322 244
323 243
324 243
324 242
324 241
325 240
326 240
325 239
325 238
326 237
327 237
327 236
328 235
329 235
330 234
330 233
331 232
332 231
331 230
332 229
333 228
333 227
334 226
334 225
335 224
336 224
336 223
336 222
337 221
337 220
336 219
337 218
336 218
335 217
334 216
334 217
334 218
333 219
332 219
332 220
331 221
331 222
330 223
330 224
330 225
329 226
328 227
327 228
327 229
326 230
325 231
326 232
325 233
324 233
324 234
324 235
323 236
323 237
322 238
321 238
321 239
321 240
320 241
319 242
319 243
318 244
317 245
318 246
317 247
316 247
315 247
315 248
314 249
314 250
313 251
312 252
312 253
311 254
310 255
310 256
310 257
309 258
308 259
307 260
306 261
306 262
306 263
305 264
305 265
304 266
303 266
303 267
302 268
301 269
300 270
299 271
298 272
298 273
297 274
296 275
296 276
295 277
294 277
294 278
293 279
292 280
291 280
291 281
291 282
290 283
290 284
289 285
288 286
287 287
286 288
285 289
284 290
283 289
283 288
282 287
281 286
280 286
279 285
278 285
277 286
276 285
275 285
274 286
273 287
272 287
271 288
270 287
269 286
269 285
270 284
271 284
270 283
270 282
271 281
272 281
272 280
273 279
274 279
274 278
274 277
275 276
276 276
277 275
277 274
278 273
279 273
279 272
278 271
279 270
280 270
280 269
281 268
282 267
283 266
283 265
283 264
284 263
285 262
286 261
286 260
287 259
287 258
288 257
289 256
289 255
290 254
290 253
290 252
291 251
292 251
292 250
292 249
293 248
294 247
295 246
295 245
296 244
297 243
296 242
297 241
298 240
299 239
298 238
299 237
300 237
300 236
301 235
302 235
301 234
301 233
302 232
303 232
303 231
303 230
304 229
305 229
304 228
305 227
306 226
306 225
307 224
307 223
308 222
309 221
308 220
309 219
310 218
311 217
310 216
311 215
312 214
313 213
312 212
313 211
314 210
314 209
314 208
315 207
316 207
315 206
315 205
316 204
317 204
317 203
317 202
318 201
318 200
318 199
319 198
320 197
320 196
320 195
321 194
321 193
321 192
322 191
323 191
323 190
322 189
323 188
324 188
324 187
324 186
325 185
324 184
325 183
326 182
325 181
326 180
327 180
327 179
326 178
327 177
328 177
328 176
328 175
329 174
329 173
330 172
330 171
329 170
330 169
331 169
331 168
330 167
331 166
332 166
332 165
332 164
333 163
332 162
333 161
334 161
333 160
333 159
334 158
334 157
334 156
335 155
335 154
335 153
336 152
336 151
336 150
337 149
336 148
337 147
337 146
337 145
338 144
337 143
337 142
338 141
339 140
339 139
338 138
339 137
339 136
339 135
339 134
340 133
340 132
339 131
340 130
341 130
340 129
341 128
341 127
340 126
341 125
341 124
341 123
341 122
342 121
341 120
341 119
341 118
342 117
341 116
342 115
342 114
342 113
341 112
342 111
342 110
342 109
342 108
342 107
343 106
342 105
341 104
342 103
343 103
342 102
342 101
343 100
343 99
342 98
343 97
342 96
343 95
342 94
342 93
343 92
343 91
342 90
342 89
342 88
342 87
343 86
342 85
342 84
341 83
342 82
342 81
341 80
340 79
341 78
341 77
340 76
341 75
340 75
339 74
340 73
340 72
339 71
339 70
339 69
338 68
338 67
338 66
337 66
336 65
337 64
336 64
335 63
336 62
335 61
335 60
334 59
333 58
333 57
333 56
332 55
331 54
330 53
330 52
330 51
329 51
328 50
327 50
326 49
326 48
325 48
324 47
323 46
322 45
321 44
320 45
319 44
318 43
317 43
316 43
315 42
314 42
313 42
312 42
311 42
310 42
