180 23
180 24
179 25
178 26
177 26
176 26
175 26
175 27
174 28
173 28
172 29
171 30
170 31
169 32
168 32
167 33
166 33
166 34
166 35
165 36
165 37
164 38
163 39
162 40
162 41
161 42
160 42
160 43
159 44
158 44
159 45
159 46
158 47
157 47
157 48
157 49
156 50
155 49
154 50
153 50
153 51
154 52
153 53
152 53
152 54
151 55
150 56
150 57
149 58
148 58
147 59
146 59
146 60
145 61
144 61
144 62
143 63
142 64
142 65
141 66
140 65
139 66
138 66
138 67
138 68
137 69
136 68
135 69
135 70
134 71
133 70
133 71
132 72
131 72
131 73
130 74
129 75
128 76
127 77
126 78
126 79
125 80
124 81
123 82
122 83
121 84
121 85
120 86
119 87
118 88
119 89
118 90
118 91
118 92
119 93
118 94
118 95
119 96
118 97
117 98
116 97
115 96
114 96
113 96
112 96
111 96
110 96
109 95
108 96
107 95
106 94
105 94
104 95
103 94
102 95
101 95
100 94
99 95
98 94
97 95
96 95
95 95
94 95
93 96
92 96
91 97
90 98
89 97
88 98
87 99
86 99
85 100
84 100
83 100
82 101
81 101
80 102
79 103
78 102
78 103
78 104
77 105
76 105
77 106
76 107
75 107
74 108
73 108
73 109
72 110
71 111
71 112
70 113
69 113
69 114
68 115
67 116
67 117
68 118
67 119
66 120
66 121
66 122
65 123
65 124
65 125
65 126
64 127
63 128
63 129
62 130
62 131
61 132
61 133
61 134
60 135
61 136
60 137
60 138
60 139
60 140
59 141
59 142
58 143
58 144
58 145
57 146
58 147
58 148
57 149
57 150
58 151
58 152
59 153
58 154
58 155
59 155
60 156
59 157
60 158
60 159
61 160
61 161
61 162
61 163
61 164
61 165
62 166
61 167
61 168
62 169
63 170
63 171
64 171
65 172
65 173
65 174
66 175
66 176
67 177
68 177
69 178
70 179
71 180
72 180
73 181
73 182
74 181
75 182
76 183
77 182
78 183
79 184
80 183
81 184
82 183
83 184
83 185
84 184
85 185
86 185
87 184
88 185
89 186
90 185
91 186
92 186
93 186
94 186
95 186
96 187
97 186
98 187
99 187
100 187
101 188
102 188
103 188
104 188
105 189
106 188
107 189
108 188
109 189
110 190
109 191
108 192
107 191
107 192
106 193
105 192
104 193
103 194
102 194
101 194
101 195
100 196
99 196
98 196
97 197
96 198
95 199
94 199
93 200
92 201
93 202
92 203
92 204
93 205
94 205
95 206
95 207
96 207
97 207
98 208
99 207
100 208
101 207
102 207
103 208
104 207
105 207
106 207
107 207
108 207
109 207
110 207
111 207
112 207
113 206
114 206
115 207
114 208
113 209
112 210
112 211
111 212
110 211
109 212
108 213
108 214
107 215
106 216
106 217
105 218
104 218
103 218
102 219
101 220
100 221
100 222
99 223
98 223
98 224
98 225
97 226
96 225
95 226
94 226
94 227
94 228
93 229
92 229
92 230
91 231
90 231
90 232
90 233
89 234
88 234
87 235
87 236
87 237
86 238
85 239
86 240
85 241
85 242
85 243
86 243
87 244
86 245
85 245
86 246
86 247
85 248
86 249
86 250
86 251
86 252
86 253
86 254
87 254
88 255
87 256
87 257
88 258
89 259
89 260
89 261
89 262
90 263
90 264
90 265
91 266
90 267
91 268
92 269
93 270
94 271
95 272
96 273
97 274
97 275
98 276
99 277
99 278
100 279
101 279
102 280
103 281
104 282
105 282
106 283
107 283
108 284
109 285
110 284
111 285
111 286
112 286
113 287
113 288
114 289
115 290
116 290
117 291
117 292
118 292
119 293
119 294
120 293
121 293
122 294
123 293
124 294
125 294
126 295
127 295
128 295
129 296
130 296
131 297
132 297
133 297
134 297
135 298
136 297
137 298
137 297
138 296
139 296
140 297
141 296
142 296
143 295
144 296
145 296
146 295
147 296
148 295
149 295
150 296
151 295
152 296
152 295
152 294
153 293
154 294
155 293
156 292
157 291
158 291
159 291
160 290
161 289
162 288
163 287
163 286
164 285
165 285
165 284
166 283
167 282
168 283
168 284
169 284
170 285
170 286
171 287
172 288
173 289
174 290
175 290
176 291
176 292
177 291
178 292
179 292
180 292
181 293
182 292
183 293
183 294
184 293
185 294
186 295
187 295
188 294
189 295
190 295
191 295
192 296
193 296
194 296
195 295
196 296
197 296
198 296
199 296
200 296
201 297
202 298
203 297
204 297
205 298
206 297
207 297
208 297
209 298
210 298
211 298
212 299
213 299
214 298
215 298
216 299
217 298
218 299
218 300
219 300
220 300
221 300
222 301
223 302
224 301
225 302
225 303
226 302
227 303
228 304
229 303
230 304
230 305
231 305
232 306
233 306
234 306
235 307
236 308
237 308
238 308
239 308
240 309
241 309
242 310
242 311
243 310
244 311
245 310
246 311
247 312
248 311
249 312
250 312
251 311
252 312
253 313
254 312
255 312
256 312
257 312
258 313
259 312
260 311
261 311
262 310
263 310
264 311
265 310
266 309
266 308
267 307
268 307
268 306
268 305
269 304
269 303
269 302
270 301
269 300
270 299
270 298
269 297
269 296
268 295
268 294
269 293
268 292
268 291
267 290
267 289
268 288
267 288
266 287
266 286
266 285
265 284
265 283
265 282
264 281
264 280
263 279
263 278
262 277
261 276
261 275
260 274
259 273
259 272
258 271
258 270
257 269
257 268
256 267
255 266
255 265
254 264
254 263
253 262
252 261
252 260
251 259
251 258
250 258
249 257
249 256
248 255
248 254
247 253
246 252
245 251
245 250
244 249
244 248
244 247
243 247
242 246
241 245
241 244
240 243
239 243
238 242
238 241
237 241
236 240
236 239
236 238
235 238
234 237
234 236
233 236
232 235
232 234
232 233
231 233
230 232
229 232
228 231
228 230
227 230
226 229
226 228
225 228
224 227
223 226
223 225
222 224
221 223
220 222
219 222
218 221
217 220
216 219
215 218
214 217
213 216
212 216
211 215
211 214
210 214
209 213
208 213
207 212
207 211
207 210
206 210
205 209
205 208
204 208
203 207
203 206
202 206
201 205
200 204
199 205
198 204
197 203
196 202
195 202
194 201
194 200
193 200
192 199
191 198
190 197
189 196
188 196
187 196
186 195
185 194
184 194
183 193
183 192
182 192
181 192
180 191
179 191
178 190
178 189
177 189
176 189
175 189
174 188
175 187
176 187
177 187
178 187
179 186
180 186
180 185
181 184
182 184
183 183
184 183
185 183
186 183
187 183
188 184
189 183
190 184
190 185
191 184
192 185
193 184
194 185
195 185
196 185
197 186
198 186
199 186
200 186
201 186
202 187
203 188
204 187
205 188
206 187
207 188
208 189
209 188
210 188
211 189
212 189
213 190
214 190
215 190
216 191
217 190
218 190
219 190
220 191
221 191
222 191
223 191
224 192
225 193
226 194
227 194
228 195
228 196
229 195
229 194
230 193
231 192
230 192
229 191
228 190
227 189
226 188
225 188
224 187
223 187
222 186
221 186
220 186
219 186
218 187
217 186
216 186
215 186
214 185
213 185
212 186
211 185
211 184
210 184
209 184
208 184
207 184
206 183
205 184
204 183
203 183
202 183
201 182
200 182
199 183
198 182
198 181
197 182
196 181
195 181
194 181
193 180
192 180
191 180
190 180
189 180
188 180
187 179
186 179
185 178
184 178
183 177
182 176
183 175
184 175
184 174
185 173
186 173
187 173
188 172
188 171
189 170
190 170
190 169
190 168
191 167
192 167
193 166
194 167
194 166
194 165
195 164
196 164
196 163
197 162
198 162
198 161
199 160
200 159
201 158
202 159
202 158
202 157
203 156
204 156
204 155
205 154
206 154
207 153
208 152
209 151
210 151
210 150
211 149
212 148
211 147
212 146
213 145
213 144
214 143
214 142
215 141
216 140
215 140
214 139
213 138
212 138
211 139
210 140
210 141
210 142
209 143
209 144
209 145
208 146
207 146
207 147
207 148
206 149
205 149
204 150
204 151
203 152
202 153
201 154
200 155
199 155
199 156
198 157
197 157
196 158
196 159
195 160
194 160
194 161
194 162
193 163
192 163
191 163
190 164
189 165
188 166
188 167
187 168
186 168
185 169
184 170
183 171
182 171
181 172
180 173
179 173
178 173
177 172
176 171
175 172
174 172
173 173
172 173
171 172
171 171
172 170
173 170
173 169
173 168
174 167
174 166
174 165
175 164
176 164
176 163
177 162
177 161
177 160
178 159
178 158
179 157
179 156
180 155
180 154
181 153
181 152
182 151
183 150
182 149
183 148
183 147
183 146
184 145
185 145
184 144
184 143
185 142
186 142
185 141
186 140
187 139
186 138
187 137
187 136
187 135
188 134
188 133
188 132
189 131
189 130
190 129
189 128
190 127
190 126
190 125
190 124
191 123
191 122
191 121
192 120
191 119
192 118
193 118
193 117
192 116
193 115
194 115
193 114
193 113
194 112
194 111
194 110
195 109
194 108
195 107
196 107
195 106
195 105
196 104
197 104
196 103
196 102
196 101
197 100
196 99
197 98
198 98
197 97
198 96
198 95
198 94
198 93
198 92
198 91
199 90
198 89
198 88
199 87
199 86
200 85
200 84
199 83
200 82
200 81
199 80
200 79
200 78
200 77
200 76
200 75
201 74
200 73
200 72
201 71
200 70
200 69
201 68
201 67
200 66
201 65
201 64
201 63
201 62
201 61
201 60
201 59
201 58
201 57
201 56
200 55
201 54
200 53
201 52
200 51
200 50
201 49
200 48
199 47
200 46
200 45
199 45
198 44
199 43
200 43
199 42
200 41
199 40
198 39
199 38
198 37
197 36
198 35
197 34
196 33
196 32
196 31
195 30
195 29
194 28
193 27
192 27
191 26
190 25
189 24
188 23
187 24
186 23
185 23
184 23
183 23
182 23
181 24
