280 12
279 13
278 13
277 14
276 14
275 14
274 14
273 14
272 14
271 14
270 15
269 16
268 17
267 18
266 18
265 19
264 20
263 21
262 21
261 21
260 22
259 23
258 24
257 25
257 26
256 27
256 28
255 29
255 30
255 31
255 32
254 33
254 34
254 35
254 36
254 37
254 38
253 39
253 40
252 41
252 42
252 43
251 44
251 45
250 46
250 47
249 48
248 49
248 50
248 51
247 52
246 53
246 54
246 55
245 56
244 57
244 58
244 59
243 60
243 61
242 62
242 63
242 64
241 65
241 66
240 67
240 68
240 69
239 70
239 71
239 72
239 73
239 74
238 75
238 76
237 77
236 78
236 79
235 80
235 81
235 82
235 83
235 84
235 85
234 86
234 87
233 88
233 89
232 90
232 91
232 92
231 93
230 94
230 95
229 96
228 97
227 98
226 99
225 99
224 98
223 98
222 97
221 97
220 96
219 95
218 94
217 93
216 93
215 92
214 92
213 92
212 91
211 91
210 90
209 89
208 88
207 87
206 86
205 85
204 84
204 83
204 82
204 81
204 80
204 79
204 78
204 77
204 76
205 75
206 74
207 74
208 73
209 73
210 72
211 71
212 70
213 69
214 69
214 68
214 67
214 66
214 65
213 64
212 63
211 62
210 61
209 60
209 59
209 58
209 57
209 56
208 55
208 54
208 53
208 52
207 51
206 50
205 49
205 48
204 47
204 46
203 45
202 44
201 43
200 43
199 42
198 41
197 40
196 40
195 40
194 39
193 39
192 38
191 38
190 38
189 38
188 38
187 38
186 38
185 38
184 38
183 39
182 39
181 39
180 39
179 40
178 40
177 40
176 41
175 41
174 42
173 43
172 44
171 45
170 46
169 47
168 48
167 49
166 49
165 49
164 49
163 49
162 49
161 50
160 50
159 50
158 51
157 51
156 52
155 53
154 54
153 54
152 55
151 56
150 57
149 58
149 59
149 60
150 61
150 62
150 63
150 64
150 65
150 66
150 67
150 68
151 69
151 70
151 71
150 72
150 73
150 74
149 75
149 76
148 77
148 78
147 79
147 80
146 81
145 82
144 82
143 83
142 83
141 83
140 83
139 82
138 81
138 80
137 79
137 78
137 77
137 76
137 75
137 74
136 73
135 73
134 72
133 71
133 70
133 69
132 68
131 67
130 66
129 65
128 65
127 65
126 64
125 63
124 62
123 62
122 61
121 61
120 61
119 60
118 60
117 60
116 61
115 61
114 61
113 61
112 61
111 62
110 62
109 63
108 63
107 64
106 64
105 65
104 65
103 65
102 65
101 65
100 66
99 66
98 66
97 67
96 67
95 68
94 68
93 69
92 69
91 70
90 71
90 72
89 73
88 74
87 75
86 76
86 77
85 78
85 79
85 80
85 81
85 82
85 83
85 84
84 85
84 86
84 87
84 88
84 89
84 90
84 91
84 92
84 93
84 94
84 95
84 96
85 97
85 98
86 99
86 100
87 101
88 102
89 103
90 103
91 103
92 103
93 103
94 104
95 104
96 104
97 105
98 106
98 107
99 108
99 109
99 110
98 111
97 112
96 113
95 114
94 114
93 115
92 116
91 117
90 117
89 118
88 119
87 119
86 120
85 121
84 121
83 122
82 123
81 124
80 125
79 125
78 126
77 126
76 127
75 127
74 128
73 129
72 129
71 130
70 131
69 132
68 133
68 134
67 135
66 136
66 137
65 138
64 138
64 139
63 140
62 141
62 142
61 143
61 144
60 145
60 146
59 147
59 148
59 149
58 150
58 151
58 152
58 153
57 154
57 155
57 156
57 157
56 158
56 159
56 160
56 161
56 162
55 163
55 164
55 165
54 166
54 167
54 168
53 169
53 170
53 171
53 172
52 173
52 174
52 175
51 176
51 177
50 178
50 179
50 180
50 181
49 182
49 183
49 184
48 185
48 186
48 187
48 188
48 189
47 190
47 191
47 192
46 193
46 194
46 195
46 196
45 197
45 198
45 199
45 200
44 201
44 202
43 203
43 204
43 205
42 206
42 207
42 208
42 209
41 210
40 211
40 212
39 213
38 214
38 215
38 216
37 217
36 218
35 219
34 220
33 221
33 222
32 223
32 224
31 225
31 226
31 227
31 228
31 229
31 230
31 231
31 232
31 233
31 234
31 235
31 236
31 237
32 238
32 239
33 240
34 240
35 240
36 241
37 242
38 242
39 242
40 243
41 243
42 243
43 243
44 243
45 243
46 243
47 243
48 243
49 244
50 244
51 244
52 244
53 244
54 243
55 242
55 241
55 240
55 239
55 238
55 237
56 236
56 235
57 234
58 234
59 235
59 236
60 237
60 238
61 239
61 240
61 241
62 242
62 243
62 244
62 245
62 246
62 247
62 248
62 249
63 250
63 251
63 252
63 253
62 254
62 255
62 256
62 257
62 258
62 259
62 260
62 261
62 262
62 263
61 264
61 265
61 266
61 267
61 268
61 269
60 270
60 271
60 272
60 273
60 274
59 275
59 276
58 277
58 278
57 279
57 280
57 281
57 282
57 283
57 284
56 285
56 286
56 287
56 288
56 289
56 290
56 291
57 292
58 292
59 292
60 292
61 292
62 292
63 292
64 292
65 293
66 294
67 294
68 294
69 294
70 294
71 294
72 294
73 294
74 294
75 294
76 294
77 294
78 294
79 295
80 295
81 295
82 295
83 295
84 295
85 295
86 295
87 295
88 296
89 296
90 295
91 295
92 295
93 295
94 295
95 295
96 295
97 295
98 295
99 295
100 295
101 295
102 295
103 295
104 295
105 295
106 294
107 293
107 292
107 291
108 290
109 289
110 289
111 289
112 288
113 288
114 288
115 288
116 288
117 288
118 288
119 288
120 287
120 286
120 285
121 284
122 283
122 282
122 281
122 280
122 279
122 278
121 277
121 276
121 275
120 274
119 273
118 273
117 273
116 272
115 272
114 272
113 271
112 271
111 271
110 271
109 271
108 271
107 271
106 271
105 271
104 271
103 271
102 271
101 271
100 271
99 271
98 270
97 270
96 269
95 268
95 267
94 266
94 265
94 264
94 263
94 262
94 261
94 260
94 259
95 258
95 257
95 256
95 255
95 254
95 253
96 252
96 251
96 250
96 249
96 248
96 247
97 246
97 245
97 244
97 243
98 242
98 241
98 240
99 239
99 238
99 237
99 236
99 235
99 234
100 233
100 232
101 231
101 230
102 229
102 228
103 227
103 226
103 225
103 224
104 223
105 222
105 221
105 220
106 219
106 218
107 217
107 216
107 215
108 214
108 213
109 212
109 211
109 210
110 209
111 208
111 207
112 206
112 205
113 204
113 203
114 202
114 201
115 200
115 199
115 198
115 197
116 196
116 195
117 194
117 193
118 192
119 191
120 190
121 190
122 191
123 191
124 191
125 191
126 192
127 192
128 193
129 193
130 193
131 194
132 194
133 194
134 194
135 194
136 195
137 196
138 196
139 196
140 197
141 197
142 198
143 198
144 199
145 199
146 199
147 199
148 199
149 200
150 201
150 202
150 203
150 204
150 205
149 206
149 207
149 208
149 209
149 210
148 211
148 212
148 213
148 214
148 215
148 216
148 217
148 218
148 219
149 220
149 221
149 222
149 223
149 224
149 225
149 226
149 227
149 228
149 229
149 230
150 231
151 231
152 232
153 233
154 234
154 235
155 236
155 237
156 238
156 239
157 240
158 241
159 242
160 243
160 244
161 245
161 246
161 247
161 248
161 249
161 250
161 251
160 252
160 253
160 254
160 255
159 256
159 257
158 258
158 259
158 260
157 261
157 262
157 263
156 264
156 265
155 266
155 267
154 268
154 269
153 270
153 271
153 272
153 273
153 274
153 275
153 276
152 277
152 278
152 279
151 280
151 281
151 282
151 283
151 284
151 285
152 286
152 287
152 288
152 289
152 290
152 291
152 292
153 293
153 294
154 295
155 295
156 295
157 295
158 296
159 296
160 296
161 296
162 297
163 297
164 298
165 298
166 298
167 299
168 299
169 299
170 299
171 299
172 299
173 299
174 299
175 299
176 299
177 299
178 298
179 298
180 299
181 299
182 299
183 298
184 298
185 298
186 298
187 297
188 297
189 296
190 296
191 295
192 295
193 295
194 294
195 294
196 294
197 294
198 294
199 294
200 294
201 294
202 294
203 294
204 294
205 294
206 294
207 294
208 294
209 294
210 294
211 293
212 293
213 292
214 292
215 292
216 291
217 290
218 289
218 288
219 287
219 286
218 285
218 284
218 283
217 282
216 281
215 281
214 280
213 280
212 279
211 279
210 278
209 278
208 278
207 278
206 278
205 278
204 277
203 277
202 277
201 277
200 277
199 276
198 276
197 276
196 276
195 275
194 274
194 273
193 272
193 271
193 270
193 269
193 268
192 267
192 266
192 265
192 264
192 263
191 262
191 261
191 260
191 259
191 258
191 257
191 256
191 255
192 254
192 253
193 252
193 251
194 250
194 249
195 248
196 247
197 246
198 245
199 245
200 244
201 244
202 244
203 243
204 242
205 241
206 240
207 239
208 239
209 238
210 237
211 236
211 235
212 234
213 233
214 233
215 233
216 232
216 231
216 230
216 229
216 228
217 227
217 226
217 225
217 224
218 223
219 222
219 221
220 220
220 219
221 218
222 217
223 216
223 215
223 214
223 213
223 212
223 211
223 210
223 209
223 208
224 207
224 206
225 205
226 204
226 203
227 202
227 201
228 200
228 199
229 198
230 197
231 198
232 198
233 198
234 199
235 200
236 200
237 201
238 202
239 202
240 202
241 202
242 202
243 202
244 202
245 202
246 202
247 202
248 202
249 202
250 203
251 204
252 204
253 203
254 203
255 203
256 203
257 203
258 203
259 202
260 202
261 202
262 202
263 202
264 201
265 200
265 199
266 198
267 197
268 197
269 196
270 195
271 194
272 193
273 193
274 192
275 191
276 190
277 189
278 188
278 187
279 186
280 185
281 184
282 184
283 183
284 182
285 181
286 180
287 179
288 178
288 177
289 176
290 175
291 175
292 174
293 173
293 172
294 171
295 170
296 169
296 168
297 167
297 166
297 165
297 164
297 163
297 162
298 161
299 160
300 159
300 158
300 157
300 156
301 155
301 154
301 153
301 152
302 151
303 150
304 149
304 148
304 147
304 146
304 145
305 144
305 143
306 142
306 141
306 140
307 139
307 138
307 137
308 136
308 135
308 134
308 133
308 132
308 131
309 130
309 129
309 128
309 127
309 126
310 125
310 124
310 123
310 122
311 121
311 120
312 119
312 118
312 117
312 116
312 115
312 114
312 113
312 112
313 111
314 110
315 109
315 108
315 107
315 106
315 105
314 104
314 103
314 102
314 101
314 100
314 99
315 98
315 97
315 96
315 95
315 94
315 93
315 92
315 91
315 90
315 89
315 88
315 87
315 86
315 85
316 84
316 83
316 82
316 81
316 80
316 79
316 78
316 77
317 76
317 75
317 74
317 73
317 72
317 71
317 70
317 69
317 68
316 67
316 66
316 65
317 64
318 64
319 64
320 64
321 64
322 64
323 64
324 64
325 63
326 63
327 62
328 62
329 61
329 60
329 59
329 58
329 57
329 56
330 55
331 54
332 53
333 52
334 51
334 50
334 49
335 48
335 47
336 46
336 45
336 44
336 43
336 42
335 41
335 40
335 39
335 38
334 37
334 36
334 35
333 34
333 33
332 32
331 31
330 30
329 29
328 29
327 28
326 28
325 27
324 26
323 26
322 26
321 25
320 25
319 25
318 25
317 25
316 25
315 25
314 25
313 25
312 25
311 25
310 25
309 25
308 25
307 24
307 23
306 22
305 21
304 20
303 19
303 18
302 18
301 17
300 17
299 17
298 17
297 17
296 17
295 16
294 16
293 16
292 16
291 15
290 15
289 15
288 15
287 14
286 14
285 13
284 12
283 12
282 12
281 12
