125 40
124 41
123 41
122 41
121 41
120 42
119 43
118 43
117 44
116 45
115 45
114 45
113 46
112 46
111 46
110 46
109 46
108 46
107 46
106 46
105 46
104 46
103 45
102 45
101 45
100 45
99 45
98 45
97 45
96 45
95 46
94 46
93 46
92 46
91 46
90 46
89 46
88 46
87 46
86 46
85 46
84 47
83 47
82 47
81 47
80 47
79 48
78 48
77 48
76 48
75 48
74 49
73 49
72 49
71 50
70 50
69 51
68 51
67 52
66 52
65 53
64 54
63 54
62 54
61 55
60 56
59 56
58 57
57 58
56 59
55 60
54 61
53 62
52 63
51 64
50 65
50 66
49 67
49 68
48 69
48 70
48 71
48 72
48 73
48 74
48 75
48 76
48 77
48 78
48 79
48 80
48 81
49 82
49 83
50 84
50 85
51 86
52 87
53 88
54 89
55 90
56 90
57 91
58 91
59 92
60 92
61 93
62 93
63 93
64 93
65 93
66 92
67 92
68 92
69 92
70 91
71 90
72 90
73 90
74 90
75 91
76 92
77 93
78 94
79 95
80 96
81 97
82 97
83 98
84 99
85 99
86 99
87 100
88 100
89 101
90 102
89 103
89 104
88 105
87 106
87 107
86 108
86 109
85 110
85 111
84 112
83 113
83 114
83 115
82 116
82 117
82 118
81 119
81 120
80 121
80 122
79 123
79 124
78 125
78 126
78 127
78 128
77 129
77 130
77 131
77 132
77 133
76 134
76 135
75 136
75 137
75 138
75 139
75 140
74 141
74 142
74 143
74 144
74 145
74 146
74 147
74 148
73 149
73 150
73 151
73 152
73 153
73 154
73 155
73 156
73 157
73 158
73 159
73 160
73 161
73 162
73 163
73 164
73 165
73 166
74 167
74 168
74 169
74 170
74 171
74 172
74 173
75 174
75 175
75 176
75 177
76 178
76 179
76 180
77 181
77 182
78 183
78 184
78 185
79 186
80 187
80 188
80 189
81 190
82 191
82 192
83 193
84 194
85 195
86 196
87 196
88 197
89 198
90 199
91 200
91 201
91 202
92 203
92 204
92 205
92 206
93 207
93 208
93 209
93 210
93 211
92 212
92 213
92 214
92 215
92 216
92 217
92 218
91 219
91 220
91 221
91 222
90 223
90 224
89 225
89 226
89 227
88 228
88 229
88 230
88 231
88 232
89 233
89 234
89 235
89 236
89 237
90 238
90 239
90 240
90 241
91 242
91 243
91 244
91 245
91 246
91 247
91 248
92 249
92 250
92 251
92 252
92 253
92 254
92 255
92 256
92 257
91 258
91 259
91 260
91 261
91 262
91 263
90 264
90 265
90 266
90 267
90 268
89 269
89 270
89 271
88 272
88 273
88 274
87 275
87 276
86 277
86 278
86 279
85 280
85 281
84 282
84 283
84 284
83 285
83 286
83 287
83 288
84 289
85 290
86 290
87 290
88 290
89 290
90 290
91 290
92 290
93 290
94 290
95 290
96 290
97 290
98 290
99 290
100 290
101 290
102 290
103 290
104 290
105 290
106 290
107 290
108 290
109 290
110 290
111 290
112 290
113 290
114 290
115 291
116 291
117 291
118 291
119 291
120 291
121 291
122 291
123 291
124 291
125 292
126 292
127 292
128 293
129 293
130 293
131 293
132 292
133 291
133 290
133 289
133 288
132 287
132 286
132 285
131 284
131 283
131 282
131 281
131 280
131 279
131 278
131 277
131 276
131 275
131 274
131 273
131 272
131 271
130 270
130 269
130 268
130 267
130 266
130 265
130 264
130 263
130 262
130 261
130 260
130 259
130 258
130 257
130 256
130 255
131 254
131 253
131 252
132 251
132 250
133 249
134 248
134 247
134 246
135 245
135 244
135 243
136 242
136 241
136 240
136 239
136 238
136 237
136 236
136 235
135 234
135 233
135 232
134 231
134 230
134 229
134 228
134 227
134 226
134 225
134 224
134 223
134 222
134 221
134 220
134 219
134 218
135 217
135 216
135 215
135 214
136 213
137 212
138 211
139 210
140 210
141 210
142 209
143 209
144 209
145 209
146 208
147 208
148 208
149 208
150 208
151 208
152 207
153 207
154 207
155 206
156 206
157 206
158 206
159 205
160 205
161 205
162 205
163 205
164 204
165 204
166 204
167 204
168 204
169 203
170 203
171 203
172 203
173 202
174 202
175 202
176 202
177 202
178 201
179 201
180 201
181 201
182 201
183 200
184 200
185 200
186 200
187 199
188 199
189 199
190 199
191 199
192 199
193 199
194 200
195 201
195 202
196 203
196 204
196 205
197 206
197 207
197 208
197 209
197 210
197 211
197 212
197 213
197 214
198 215
198 216
198 217
198 218
198 219
198 220
198 221
198 222
198 223
198 224
198 225
198 226
197 227
197 228
197 229
197 230
197 231
197 232
197 233
197 234
197 235
197 236
197 237
198 238
198 239
198 240
198 241
198 242
198 243
198 244
198 245
198 246
198 247
198 248
198 249
198 250
198 251
198 252
198 253
197 254
197 255
197 256
196 257
196 258
195 259
195 260
195 261
194 262
194 263
194 264
193 265
193 266
193 267
192 268
192 269
191 270
191 271
191 272
191 273
190 274
190 275
190 276
190 277
190 278
190 279
190 280
190 281
191 282
192 282
193 281
194 281
195 281
196 281
197 281
198 280
199 280
200 280
201 280
202 280
203 280
204 279
205 279
206 279
207 279
208 279
209 279
210 279
211 279
212 280
213 280
214 280
215 280
216 279
217 279
218 279
219 279
220 278
221 277
221 276
221 275
221 274
221 273
221 272
221 271
220 270
220 269
220 268
220 267
220 266
220 265
220 264
220 263
220 262
220 261
220 260
220 259
220 258
220 257
220 256
220 255
220 254
220 253
220 252
220 251
220 250
220 249
220 248
221 247
221 246
221 245
221 244
221 243
221 242
222 241
222 240
222 239
222 238
222 237
223 236
224 235
224 234
225 233
225 232
226 231
226 230
227 229
228 228
228 227
229 226
229 225
229 224
229 223
229 222
229 221
229 220
229 219
229 218
229 217
228 216
228 215
228 214
228 213
227 212
227 211
227 210
226 209
226 208
226 207
226 206
227 205
227 204
227 203
228 202
229 201
230 201
231 202
232 203
233 204
233 205
234 206
234 207
235 208
235 209
236 210
236 211
237 212
237 213
238 214
238 215
238 216
239 217
239 218
239 219
240 220
240 221
240 222
240 223
240 224
240 225
240 226
240 227
241 228
241 229
241 230
241 231
241 232
241 233
241 234
241 235
241 236
241 237
242 238
242 239
242 240
242 241
242 242
242 243
242 244
242 245
243 246
243 247
243 248
243 249
243 250
243 251
242 252
242 253
242 254
242 255
242 256
242 257
241 258
241 259
241 260
240 261
240 262
240 263
239 264
239 265
239 266
238 267
238 268
238 269
237 270
237 271
236 272
236 273
236 274
236 275
236 276
237 277
238 278
239 278
240 278
241 278
242 278
243 278
244 278
245 278
246 278
247 278
248 278
249 278
250 278
251 278
252 278
253 278
254 277
255 277
256 277
257 277
258 277
259 277
260 277
261 277
262 277
263 277
264 277
265 276
265 275
265 274
265 273
264 272
264 271
264 270
264 269
264 268
264 267
264 266
264 265
263 264
263 263
263 262
263 261
263 260
263 259
263 258
262 257
262 256
262 255
262 254
262 253
262 252
262 251
262 250
262 249
262 248
262 247
262 246
262 245
262 244
262 243
262 242
262 241
262 240
261 239
261 238
261 237
261 236
261 235
261 234
261 233
261 232
261 231
261 230
262 229
262 228
262 227
262 226
262 225
262 224
263 223
263 222
264 221
264 220
264 219
265 218
265 217
265 216
265 215
266 214
266 213
266 212
266 211
266 210
266 209
266 208
266 207
266 206
266 205
266 204
266 203
265 202
265 201
264 200
263 199
263 198
262 197
262 196
261 195
261 194
260 193
260 192
260 191
260 190
259 189
259 188
259 187
258 186
258 185
258 184
258 183
258 182
258 181
258 180
258 179
259 178
259 177
259 176
259 175
259 174
259 173
260 172
260 171
260 170
261 169
261 168
261 167
262 166
262 165
262 164
262 163
263 162
263 161
263 160
264 159
264 158
264 157
265 156
265 155
265 154
265 153
266 152
266 151
267 150
268 149
269 149
270 150
270 151
270 152
270 153
271 154
271 155
271 156
271 157
271 158
271 159
271 160
271 161
272 162
272 163
272 164
272 165
272 166
272 167
272 168
272 169
272 170
272 171
272 172
272 173
272 174
272 175
273 176
273 177
273 178
273 179
273 180
273 181
273 182
273 183
273 184
273 185
273 186
272 187
272 188
272 189
272 190
272 191
272 192
272 193
272 194
272 195
272 196
272 197
272 198
272 199
272 200
272 201
272 202
272 203
273 204
273 205
273 206
274 207
274 208
275 209
276 210
277 210
278 210
279 210
280 209
281 209
282 209
283 209
284 209
285 208
286 207
287 206
288 205
289 204
290 203
290 202
290 201
290 200
290 199
289 198
289 197
288 196
287 195
286 194
286 193
286 192
285 191
284 190
284 189
283 188
283 187
282 186
282 185
281 184
281 183
281 182
281 181
281 180
281 179
281 178
281 177
281 176
281 175
281 174
281 173
281 172
280 171
280 170
280 169
280 168
280 167
280 166
280 165
280 164
280 163
280 162
280 161
280 160
279 159
279 158
279 157
279 156
279 155
279 154
279 153
279 152
279 151
279 150
279 149
278 148
278 147
278 146
278 145
278 144
278 143
278 142
277 141
277 140
277 139
277 138
277 137
277 136
277 135
277 134
276 133
276 132
276 131
276 130
276 129
275 128
275 127
275 126
275 125
274 124
274 123
273 122
273 121
273 120
272 119
272 118
272 117
271 116
271 115
270 114
270 113
270 112
269 111
268 110
268 109
267 108
266 107
266 106
265 105
265 104
265 103
264 102
264 101
263 100
263 99
263 98
262 97
262 96
261 95
261 94
260 93
260 92
259 91
259 90
258 89
258 88
257 87
257 86
256 85
255 84
255 83
254 82
254 81
253 80
253 79
252 78
252 77
251 76
251 75
250 74
249 73
249 72
249 71
248 70
247 69
247 68
246 67
245 66
244 65
243 64
242 63
241 62
240 62
239 61
238 60
237 60
236 59
235 59
234 58
233 58
232 57
231 57
230 57
229 57
228 56
227 56
226 56
225 56
224 56
223 56
222 56
221 56
220 57
219 57
218 57
217 58
216 58
215 59
214 60
213 61
212 62
211 63
211 64
211 65
210 66
210 67
210 68
209 69
209 70
208 71
208 72
208 73
207 74
207 75
207 76
206 77
206 78
205 79
205 80
205 81
204 82
204 83
203 84
203 85
202 86
202 87
201 88
201 89
201 90
200 91
199 91
198 91
197 90
197 89
197 88
197 87
196 86
196 85
196 84
195 83
195 82
195 81
195 80
194 79
194 78
194 77
194 76
194 75
193 74
193 73
192 72
192 71
192 70
191 69
191 68
190 67
190 66
190 65
189 64
188 63
188 62
187 61
186 60
185 60
184 59
183 58
182 57
181 56
180 55
179 55
178 55
177 54
176 54
175 54
174 54
173 54
172 54
171 54
170 54
169 54
168 54
167 55
166 55
165 55
164 56
163 57
162 57
161 57
160 58
159 59
158 60
157 61
156 62
155 63
154 64
154 65
153 66
152 67
152 68
152 69
151 70
151 71
150 72
150 73
150 74
149 75
149 76
148 77
148 78
147 79
147 80
147 81
146 82
146 83
145 84
145 85
145 86
145 87
144 88
144 89
144 90
143 91
143 92
142 93
142 94
142 95
141 96
141 97
141 98
140 99
140 100
139 101
139 102
139 103
138 104
138 105
137 106
136 107
135 108
134 108
133 107
132 106
131 105
131 104
131 103
131 102
130 101
130 100
130 99
130 98
130 97
130 96
130 95
130 94
130 93
130 92
130 91
130 90
130 89
130 88
131 87
131 86
131 85
131 84
131 83
131 82
131 81
131 80
131 79
132 78
132 77
132 76
132 75
132 74
132 73
133 72
133 71
133 70
133 69
133 68
134 67
135 66
136 66
137 65
138 64
139 64
140 63
140 62
141 61
141 60
142 59
142 58
143 57
143 56
143 55
143 54
143 53
142 52
142 51
142 50
142 49
141 48
141 47
141 46
140 45
139 45
138 44
137 43
136 43
135 43
134 42
133 42
132 42
131 41
130 41
129 41
128 41
127 41
126 40
