265 32
264 33
263 33
262 33
261 34
260 34
259 35
258 36
258 37
257 38
256 39
255 40
254 40
253 41
252 41
251 42
251 43
251 44
251 45
251 46
250 47
250 48
250 49
249 50
248 51
247 51
246 52
245 53
244 54
243 55
242 55
241 56
240 56
239 56
238 57
237 58
237 59
237 60
237 61
237 62
237 63
238 64
239 65
240 65
241 66
242 66
243 67
244 68
245 69
246 70
247 71
248 72
248 73
248 74
249 75
249 76
249 77
249 78
249 79
249 80
249 81
249 82
249 83
249 84
249 85
249 86
249 87
248 88
248 89
248 90
248 91
247 92
247 93
247 94
247 95
247 96
246 97
246 98
246 99
245 100
245 101
245 102
244 103
244 104
243 105
243 106
242 107
241 108
240 109
239 110
238 111
237 112
236 113
235 114
234 115
233 116
232 117
231 118
230 118
229 119
228 119
227 120
226 120
225 120
224 121
223 122
222 122
221 122
220 122
219 122
218 122
217 122
216 122
215 122
214 122
213 122
212 122
211 121
210 120
209 120
208 120
207 120
206 119
205 119
204 118
203 118
202 117
201 116
201 115
200 114
200 113
199 112
199 111
199 110
198 109
198 108
198 107
197 106
197 105
197 104
197 103
197 102
196 101
196 100
196 99
195 98
195 97
195 96
195 95
195 94
195 93
195 92
195 91
195 90
195 89
195 88
195 87
195 86
195 85
195 84
195 83
194 82
194 81
194 80
194 79
195 78
195 77
195 76
194 75
194 74
194 73
194 72
194 71
194 70
193 69
193 68
193 67
193 66
193 65
193 64
192 63
191 62
191 61
191 60
190 59
190 58
190 57
189 56
188 55
187 54
186 53
185 52
184 51
183 51
182 51
181 51
180 51
179 50
178 50
177 50
176 50
175 50
174 50
173 50
172 50
171 50
170 49
169 49
168 49
167 50
166 50
165 50
164 50
163 50
162 51
161 51
160 51
159 52
158 53
157 54
156 55
155 56
154 57
153 58
152 59
152 60
152 61
151 62
151 63
150 64
150 65
150 66
149 67
149 68
149 69
149 70
149 71
149 72
149 73
148 74
148 75
148 76
148 77
148 78
148 79
147 80
147 81
146 82
145 83
144 84
143 84
142 85
141 85
140 86
139 86
138 86
137 86
136 86
135 86
134 85
133 84
132 83
131 82
131 81
131 80
130 79
129 78
129 77
128 76
128 75
128 74
127 73
126 72
126 71
125 70
125 69
124 68
123 67
123 66
122 65
122 64
121 63
121 62
120 61
119 61
118 61
117 60
116 60
115 60
114 59
113 59
112 58
111 58
110 57
109 57
108 57
107 57
106 57
105 57
104 57
103 57
102 58
101 58
100 58
99 58
98 59
97 59
96 60
95 60
94 60
93 61
92 62
91 62
90 63
89 64
88 65
87 66
86 67
86 68
85 69
85 70
85 71
84 72
84 73
83 74
83 75
83 76
82 77
82 78
81 79
81 80
81 81
80 82
80 83
79 84
79 85
79 86
78 87
78 88
78 89
77 90
77 91
77 92
76 93
76 94
76 95
75 96
75 97
74 98
74 99
73 100
73 101
73 102
72 103
71 104
71 105
70 106
70 107
70 108
69 109
69 110
69 111
69 112
69 113
68 114
68 115
68 116
67 117
67 118
67 119
66 120
66 121
65 122
65 123
65 124
64 125
64 126
64 127
63 128
63 129
62 130
62 131
61 132
61 133
61 134
60 135
60 136
59 137
59 138
59 139
58 140
58 141
58 142
58 143
58 144
58 145
58 146
58 147
58 148
58 149
57 150
57 151
57 152
57 153
57 154
56 155
56 156
56 157
56 158
56 159
56 160
56 161
56 162
56 163
56 164
56 165
56 166
56 167
56 168
55 169
55 170
55 171
55 172
54 173
53 174
53 175
52 176
51 177
50 178
49 179
48 179
47 180
46 180
45 181
44 181
43 182
42 182
41 182
40 183
40 184
40 185
40 186
40 187
40 188
40 189
40 190
40 191
39 192
39 193
39 194
39 195
39 196
39 197
39 198
39 199
39 200
39 201
39 202
39 203
39 204
39 205
39 206
39 207
39 208
39 209
39 210
39 211
38 212
38 213
37 214
37 215
37 216
37 217
37 218
36 219
36 220
36 221
35 222
35 223
35 224
35 225
34 226
34 227
34 228
34 229
34 230
34 231
33 232
32 233
32 234
32 235
31 236
31 237
31 238
31 239
31 240
31 241
32 242
33 242
34 243
35 244
36 245
37 246
37 247
37 248
38 249
38 250
39 251
40 252
41 253
41 254
42 255
42 256
43 257
44 258
45 259
45 260
46 261
46 262
46 263
47 264
47 265
48 266
48 267
48 268
48 269
48 270
49 271
49 272
49 273
50 274
51 274
52 275
53 275
54 275
55 275
56 275
57 275
58 275
59 275
60 275
61 275
62 275
63 275
64 275
65 275
66 275
67 275
68 275
69 275
70 275
71 275
72 275
73 275
74 275
75 275
76 275
77 274
77 273
77 272
78 271
78 270
78 269
78 268
78 267
78 266
77 265
77 264
77 263
76 262
75 261
74 260
73 259
72 258
71 258
70 258
69 257
68 257
67 257
66 257
65 257
64 257
63 257
62 258
61 258
60 257
59 257
58 257
57 257
56 256
55 256
54 255
53 254
53 253
52 252
51 251
50 250
50 249
49 248
48 247
48 246
47 245
47 244
47 243
47 242
46 241
46 240
46 239
46 238
46 237
46 236
46 235
46 234
46 233
46 232
46 231
47 230
47 229
47 228
48 227
48 226
48 225
48 224
48 223
48 222
49 221
49 220
49 219
49 218
50 217
50 216
50 215
50 214
50 213
51 212
51 211
52 210
52 209
52 208
53 207
53 206
54 205
55 204
56 204
57 203
58 203
59 203
60 203
61 203
62 203
63 203
64 202
65 202
66 201
67 202
67 203
67 204
66 205
66 206
66 207
65 208
65 209
66 210
66 211
67 212
68 213
69 214
69 215
70 216
70 217
71 218
71 219
71 220
71 221
72 222
72 223
73 224
74 225
75 226
75 227
76 228
76 229
77 230
78 231
78 232
79 233
79 234
80 235
81 236
81 237
81 238
82 239
83 240
83 241
84 242
84 243
85 244
85 245
85 246
86 247
86 248
87 249
87 250
88 251
88 252
89 253
90 254
90 255
90 256
91 257
91 258
92 259
92 260
92 261
92 262
92 263
92 264
92 265
92 266
92 267
92 268
92 269
92 270
92 271
92 272
93 273
93 274
94 275
95 276
96 276
97 276
98 276
99 276
100 276
101 276
102 276
103 276
104 276
105 276
106 276
107 276
108 276
109 276
110 276
111 276
112 276
113 276
114 276
115 276
116 276
117 276
118 276
119 276
120 276
121 276
122 276
123 276
124 277
125 277
126 277
127 277
128 277
129 277
130 277
131 277
132 277
133 277
134 277
135 276
135 275
135 274
135 273
135 272
135 271
135 270
135 269
135 268
135 267
135 266
135 265
135 264
135 263
134 262
133 261
132 260
131 259
130 258
129 257
128 257
127 257
126 257
125 257
124 256
123 256
122 256
121 256
120 256
119 256
118 256
117 256
116 256
115 256
114 256
113 256
112 257
111 257
110 257
109 257
108 257
107 257
106 257
105 257
104 257
103 257
102 256
101 255
100 254
100 253
99 252
99 251
98 250
97 249
97 248
96 247
96 246
96 245
95 244
95 243
95 242
95 241
95 240
94 239
94 238
94 237
93 236
93 235
93 234
93 233
93 232
92 231
92 230
92 229
92 228
91 227
91 226
91 225
91 224
91 223
90 222
90 221
90 220
90 219
90 218
90 217
91 216
92 215
93 214
94 213
94 212
95 211
95 210
95 209
95 208
96 207
96 206
96 205
97 204
97 203
98 202
99 201
100 200
101 199
101 198
102 197
102 196
103 195
103 194
104 193
105 192
106 191
107 190
108 189
109 188
110 189
111 189
112 189
113 190
114 190
115 191
116 191
117 191
118 192
119 192
120 192
121 192
122 193
123 193
124 193
125 193
126 194
127 194
128 194
129 194
130 195
131 195
132 195
133 195
134 196
135 196
136 196
137 196
138 196
139 196
140 196
141 196
142 196
143 196
144 196
145 196
146 196
147 196
148 196
149 196
150 196
151 196
152 196
153 196
154 196
155 196
156 196
157 196
158 196
159 196
160 196
161 196
162 196
163 196
164 196
165 196
166 196
167 196
168 196
169 196
170 196
171 195
172 195
173 195
174 196
175 196
176 196
177 195
178 195
179 195
180 195
181 196
182 197
183 198
183 199
183 200
183 201
182 202
182 203
182 204
182 205
182 206
182 207
181 208
181 209
181 210
181 211
181 212
180 213
180 214
180 215
180 216
179 217
179 218
178 219
178 220
178 221
177 222
177 223
177 224
177 225
177 226
177 227
177 228
177 229
177 230
177 231
176 232
176 233
176 234
176 235
176 236
175 237
175 238
175 239
176 240
176 241
176 242
176 243
176 244
175 245
175 246
175 247
175 248
175 249
175 250
174 251
174 252
174 253
174 254
174 255
174 256
174 257
174 258
173 259
173 260
173 261
173 262
172 263
172 264
172 265
171 266
171 267
170 268
170 269
169 270
169 271
169 272
169 273
168 274
168 275
168 276
168 277
168 278
168 279
168 280
168 281
168 282
169 283
169 284
170 285
171 286
172 286
173 287
174 287
175 287
176 288
177 288
178 288
179 288
180 288
181 288
182 288
183 288
184 288
185 288
186 288
187 288
188 288
189 288
190 288
191 288
192 288
193 288
194 288
195 287
196 287
197 287
198 287
199 287
200 287
201 287
202 287
203 287
204 286
205 285
206 284
206 283
206 282
206 281
206 280
207 279
207 278
207 277
208 276
208 275
208 274
207 273
206 272
205 271
204 270
203 270
202 270
201 269
200 269
199 269
198 269
197 268
196 268
195 269
194 270
193 270
192 269
191 269
190 269
189 269
188 269
187 269
186 268
185 267
185 266
185 265
185 264
186 263
186 262
186 261
186 260
187 259
187 258
187 257
187 256
188 255
188 254
188 253
188 252
189 251
189 250
189 249
189 248
190 247
190 246
190 245
191 244
191 243
191 242
192 241
192 240
192 239
192 238
193 237
193 236
193 235
193 234
193 233
194 232
194 231
194 230
194 229
194 228
195 227
195 226
195 225
196 224
196 223
196 222
197 221
197 220
197 219
197 218
198 217
198 216
198 215
199 214
199 213
199 212
199 211
200 210
200 209
200 208
201 207
201 206
201 205
202 204
202 203
203 202
204 202
205 203
206 204
206 205
207 206
207 207
207 208
208 209
209 210
210 211
211 211
212 212
213 213
214 213
215 214
216 215
217 216
218 216
219 216
220 217
221 218
222 219
223 220
223 221
224 222
224 223
224 224
224 225
224 226
224 227
224 228
225 229
225 230
225 231
225 232
225 233
225 234
225 235
225 236
225 237
225 238
225 239
225 240
226 241
226 242
226 243
226 244
226 245
226 246
226 247
227 248
227 249
227 250
228 251
229 252
229 253
229 254
229 255
229 256
230 257
230 258
230 259
230 260
230 261
231 262
231 263
231 264
231 265
231 266
231 267
231 268
231 269
231 270
231 271
232 272
232 273
232 274
232 275
232 276
233 277
233 278
233 279
233 280
233 281
233 282
234 283
235 284
236 285
237 285
238 285
239 285
240 285
241 284
242 284
243 285
244 285
245 285
246 286
247 286
248 286
249 286
250 286
251 286
252 286
253 286
254 286
255 286
256 286
257 286
258 286
259 286
260 286
261 287
262 287
263 287
264 287
265 286
265 285
266 284
267 283
268 282
268 281
268 280
268 279
268 278
268 277
268 276
268 275
267 274
266 273
265 272
264 271
263 271
262 270
261 269
260 269
259 268
258 268
257 268
256 268
255 268
254 268
253 268
252 268
251 268
250 268
249 268
248 268
247 268
246 268
245 267
244 266
244 265
243 264
243 263
243 262
243 261
242 260
242 259
242 258
242 257
242 256
241 255
241 254
241 253
241 252
240 251
240 250
240 249
240 248
239 247
239 246
239 245
239 244
239 243
239 242
239 241
239 240
239 239
239 238
239 237
239 236
239 235
239 234
238 233
238 232
238 231
238 230
237 229
237 228
237 227
237 226
236 225
236 224
236 223
236 222
236 221
236 220
235 219
235 218
235 217
235 216
235 215
235 214
235 213
235 212
235 211
236 210
236 209
237 208
237 207
237 206
237 205
237 204
237 203
237 202
238 201
238 200
238 199
239 198
239 197
239 196
240 195
240 194
240 193
241 192
242 192
243 192
244 192
245 191
246 190
247 189
248 188
249 188
250 187
251 187
252 186
253 186
254 185
254 184
255 183
256 182
256 181
257 180
258 179
258 178
259 177
260 176
260 175
261 174
262 173
263 172
264 171
265 170
265 169
266 168
266 167
267 166
267 165
267 164
268 163
268 162
269 161
269 160
269 159
270 158
270 157
270 156
271 155
271 154
272 153
272 152
273 151
273 150
273 149
273 148
273 147
273 146
273 145
274 144
275 143
275 142
276 141
276 140
277 139
277 138
277 137
277 136
277 135
277 134
277 133
277 132
277 131
278 130
278 129
278 128
279 127
279 126
279 125
279 124
279 123
279 122
279 121
279 120
279 119
279 118
280 117
280 116
280 115
280 114
281 113
281 112
281 111
282 110
282 109
282 108
282 107
282 106
282 105
282 104
282 103
282 102
282 101
281 100
281 99
281 98
281 97
281 96
281 95
282 94
283 93
284 92
284 91
285 90
286 89
287 89
288 88
289 87
290 86
291 86
292 86
293 86
294 86
295 86
296 86
297 86
298 85
299 85
300 84
300 83
301 82
301 81
302 80
303 79
304 78
305 78
306 77
307 77
308 77
309 77
310 76
311 76
312 76
313 75
314 75
315 74
316 73
316 72
316 71
317 70
318 69
318 68
319 67
319 66
320 65
320 64
320 63
320 62
320 61
319 60
319 59
319 58
318 57
318 56
317 55
316 54
315 53
314 53
313 52
312 52
311 51
310 50
309 49
309 48
308 47
307 46
306 46
305 46
304 46
303 46
302 45
301 45
300 46
299 46
298 46
297 47
296 47
295 47
294 48
293 48
292 48
291 49
290 49
289 48
288 47
287 46
287 45
287 44
286 43
286 42
286 41
285 40
284 39
283 38
282 38
281 37
280 36
279 35
278 35
277 35
276 34
275 34
274 34
273 33
272 33
271 33
270 32
269 32
268 32
267 32
266 32
