120 37
119 38
118 38
117 38
116 38
115 38
114 38
113 38
112 38
111 38
110 38
109 38
108 38
107 39
106 39
105 39
104 39
103 40
102 40
101 40
100 41
99 42
98 43
97 43
96 44
95 45
94 46
93 47
92 48
91 48
90 48
89 48
88 48
87 49
86 49
85 49
84 50
83 51
82 51
81 52
80 52
79 52
78 52
77 52
76 53
75 53
74 54
73 54
72 54
71 54
70 54
69 54
68 55
67 55
66 56
66 57
65 58
65 59
64 60
63 61
62 61
61 62
61 63
62 64
62 65
62 66
62 67
62 68
62 69
62 70
62 71
62 72
62 73
63 74
63 75
64 76
65 77
66 78
67 79
68 80
69 81
70 81
71 81
72 81
73 82
74 82
75 82
76 82
77 82
78 82
79 82
80 82
81 81
82 81
83 81
84 81
85 81
86 81
87 82
88 82
89 82
90 82
91 82
92 83
93 84
94 84
95 85
96 86
96 87
97 88
97 89
98 90
98 91
98 92
98 93
98 94
98 95
98 96
97 97
96 98
96 99
96 100
96 101
95 102
94 103
94 104
94 105
93 106
92 107
92 108
91 109
91 110
90 111
90 112
89 113
88 114
88 115
88 116
87 117
86 118
86 119
86 120
86 121
86 122
86 123
86 124
86 125
86 126
86 127
87 128
87 129
87 130
87 131
87 132
87 133
87 134
86 135
86 136
86 137
86 138
86 139
86 140
86 141
86 142
86 143
86 144
85 145
85 146
85 147
85 148
85 149
85 150
85 151
85 152
86 153
86 154
86 155
87 156
88 157
88 158
89 159
90 160
91 160
92 161
93 162
94 163
95 164
96 165
97 166
97 167
98 168
98 169
98 170
99 171
99 172
99 173
100 174
100 175
101 176
101 177
102 178
103 179
104 180
105 181
106 182
107 183
108 184
109 185
110 186
110 187
111 188
112 189
113 190
113 191
114 192
115 193
115 194
115 195
116 196
116 197
117 198
118 199
118 200
118 201
119 202
119 203
120 204
120 205
121 206
122 207
122 208
122 209
123 210
124 211
124 212
125 213
125 214
126 215
126 216
126 217
127 218
127 219
127 220
127 221
128 222
128 223
128 224
128 225
128 226
128 227
129 228
129 229
129 230
129 231
128 232
128 233
128 234
128 235
127 236
127 237
127 238
127 239
127 240
127 241
127 242
126 243
126 244
126 245
125 246
125 247
125 248
124 249
124 250
123 251
122 252
121 253
120 254
119 255
118 255
117 256
116 256
115 257
114 258
114 259
114 260
114 261
114 262
115 263
116 264
117 264
118 265
119 265
120 266
121 267
122 268
123 269
124 270
124 271
125 272
126 273
127 274
128 275
129 276
130 277
131 277
132 278
133 279
134 279
135 279
136 279
137 279
138 279
139 279
140 279
141 279
142 279
143 278
144 278
145 278
146 278
147 277
148 277
149 277
150 276
151 275
152 274
152 273
152 272
152 271
152 270
152 269
152 268
152 267
152 266
152 265
152 264
152 263
152 262
152 261
152 260
152 259
152 258
152 257
152 256
152 255
152 254
152 253
152 252
152 251
152 250
152 249
152 248
152 247
152 246
152 245
152 244
152 243
152 242
152 241
152 240
152 239
152 238
152 237
153 236
153 235
153 234
153 233
153 232
153 231
153 230
153 229
153 228
153 227
154 226
154 225
154 224
154 223
154 222
154 221
154 220
154 219
155 218
155 217
155 216
155 215
156 214
156 213
157 212
157 211
157 210
158 209
158 208
159 207
159 206
159 205
160 204
160 203
161 202
161 201
161 200
161 199
162 198
163 197
163 196
163 195
163 194
163 193
164 192
165 191
166 190
167 189
168 189
169 189
170 189
171 190
172 190
173 191
174 191
175 191
176 192
177 192
178 193
179 193
180 193
181 194
182 194
183 195
184 195
185 195
186 195
187 195
188 195
189 195
190 196
191 196
192 196
193 196
194 196
195 196
196 196
197 196
198 196
199 196
200 195
201 195
202 195
203 195
204 195
205 195
206 195
207 195
208 195
209 195
210 194
211 194
212 194
213 194
214 194
215 194
216 195
217 195
218 196
219 197
219 198
220 199
221 200
221 201
222 202
222 203
223 204
224 205
225 206
226 207
227 208
228 209
229 210
230 211
230 212
231 213
231 214
231 215
232 216
232 217
233 218
233 219
233 220
233 221
233 222
233 223
233 224
233 225
233 226
233 227
233 228
233 229
233 230
233 231
233 232
232 233
232 234
232 235
231 236
231 237
231 238
230 239
230 240
230 241
229 242
229 243
228 244
228 245
228 246
227 247
226 248
226 249
225 250
224 251
224 252
223 253
222 254
221 255
220 255
219 256
218 257
217 257
216 258
215 259
214 260
214 261
214 262
214 263
214 264
215 265
216 266
217 266
218 267
219 267
220 267
221 266
222 266
223 266
224 265
225 265
226 265
227 265
228 264
229 264
230 264
231 263
232 263
233 263
234 263
235 263
236 263
237 263
238 264
239 264
240 264
241 265
242 265
243 266
244 266
245 266
246 266
247 266
248 267
249 267
250 267
251 267
252 267
253 267
254 268
255 268
256 268
257 268
258 268
259 268
260 267
261 266
262 266
263 265
264 264
264 263
265 262
265 261
265 260
266 259
266 258
267 257
267 256
268 255
268 254
269 253
269 252
270 251
270 250
271 249
271 248
271 247
272 246
272 245
272 244
273 243
273 242
273 241
274 240
274 239
274 238
275 237
275 236
275 235
276 234
276 233
276 232
276 231
277 230
277 229
277 228
278 227
278 226
278 225
278 224
279 223
279 222
279 221
279 220
279 219
279 218
280 217
280 216
280 215
280 214
280 213
280 212
280 211
280 210
280 209
280 208
279 207
279 206
279 205
279 204
279 203
279 202
279 201
279 200
279 199
279 198
280 197
280 196
280 195
280 194
281 193
281 192
281 191
281 190
282 189
282 188
282 187
283 186
283 185
284 184
284 183
284 182
285 181
285 180
285 179
286 178
286 177
287 176
288 175
288 174
288 173
289 172
290 171
291 170
292 170
293 171
294 172
295 173
296 174
296 175
296 176
296 177
297 178
297 179
297 180
297 181
297 182
297 183
298 184
298 185
298 186
298 187
299 188
299 189
299 190
300 191
300 192
300 193
300 194
301 195
301 196
302 197
302 198
302 199
303 200
304 201
305 202
306 202
307 202
308 202
309 202
310 201
311 200
311 199
312 198
312 197
312 196
313 195
313 194
313 193
313 192
313 191
313 190
313 189
313 188
313 187
313 186
313 185
313 184
313 183
313 182
313 181
313 180
313 179
313 178
313 177
313 176
314 175
314 174
314 173
314 172
314 171
313 170
313 169
313 168
313 167
313 166
312 165
312 164
311 163
311 162
311 161
310 160
309 159
309 158
308 157
307 156
306 155
305 154
304 153
303 152
302 151
301 150
300 149
299 148
298 147
297 146
297 145
296 144
295 143
294 142
294 141
294 140
293 139
292 138
292 137
291 136
290 135
290 134
289 133
289 132
288 131
287 130
286 129
285 128
284 127
283 126
282 125
281 124
280 123
279 122
278 121
277 120
276 119
275 119
274 118
273 118
272 117
271 116
270 115
269 114
268 113
267 112
266 111
266 110
266 109
265 108
265 107
265 106
265 105
264 104
264 103
264 102
264 101
264 100
263 99
263 98
263 97
262 96
261 96
260 95
259 94
258 93
257 92
256 91
255 90
254 89
253 88
252 87
251 86
250 85
249 84
248 83
247 83
246 83
245 83
244 82
243 81
242 80
241 80
240 80
239 80
238 80
237 80
236 80
235 80
234 80
233 79
232 79
231 79
230 80
229 80
228 80
227 80
226 81
225 82
224 82
223 82
222 83
221 83
220 84
219 85
218 86
217 87
217 88
216 89
215 90
214 91
214 92
213 93
212 94
211 94
210 94
209 93
208 92
208 91
207 90
206 89
206 88
205 87
204 86
203 85
202 84
201 83
200 82
199 82
198 81
197 81
196 81
195 80
194 79
193 79
192 79
191 79
190 79
189 79
188 79
187 79
186 79
185 79
184 79
183 80
182 80
181 80
180 80
179 80
178 80
177 81
176 81
175 82
174 83
173 84
172 85
171 85
170 86
170 87
169 88
168 89
168 90
168 91
168 92
167 93
166 94
166 95
166 96
166 97
165 98
165 99
165 100
165 101
165 102
164 103
164 104
164 105
164 106
163 107
163 108
162 109
161 110
160 111
159 112
158 112
157 113
156 114
155 114
154 114
153 115
152 115
151 114
150 113
149 112
149 111
149 110
148 109
148 108
148 107
148 106
148 105
148 104
148 103
148 102
149 101
149 100
149 99
149 98
150 97
150 96
150 95
151 94
151 93
151 92
151 91
151 90
151 89
151 88
151 87
151 86
151 85
152 84
153 83
153 82
153 81
153 80
153 79
153 78
153 77
152 76
152 75
152 74
151 73
151 72
151 71
151 70
150 69
149 68
149 67
149 66
149 65
149 64
149 63
149 62
149 61
149 60
149 59
149 58
149 57
148 56
148 55
148 54
147 53
146 52
146 51
146 50
145 49
144 48
143 48
142 47
141 46
140 45
139 45
138 44
137 44
136 43
135 42
134 42
133 41
132 41
131 40
130 40
129 39
128 39
127 38
126 38
125 38
124 38
123 38
122 37
121 37
