296 30
295 31
294 31
293 32
292 33
291 33
290 33
289 34
288 34
287 35
286 35
285 36
284 37
283 37
282 38
281 39
281 40
280 41
279 42
278 43
277 43
276 44
275 45
274 46
273 47
272 48
271 49
270 50
269 51
268 52
267 53
266 53
265 54
264 55
263 56
262 57
261 58
260 59
259 60
258 60
257 61
256 61
255 61
254 62
253 62
252 63
252 64
252 65
252 66
253 67
253 68
253 69
253 70
253 71
252 72
252 73
252 74
251 75
251 76
250 77
250 78
249 79
249 80
249 81
249 82
248 83
248 84
248 85
247 86
247 87
247 88
247 89
246 90
246 91
246 92
246 93
246 94
245 95
244 95
243 95
242 94
242 93
241 92
241 91
241 90
241 89
241 88
241 87
241 86
241 85
241 84
240 83
240 82
240 81
240 80
240 79
240 78
240 77
240 76
240 75
240 74
240 73
239 72
239 71
239 70
239 69
239 68
239 67
239 66
239 65
239 64
238 63
238 62
238 61
238 60
238 59
237 58
237 57
236 56
235 55
235 54
235 53
235 52
235 51
234 50
234 49
234 48
233 47
232 46
231 45
231 44
230 43
229 42
228 41
227 40
226 39
225 39
224 38
223 38
222 38
221 37
220 37
219 36
218 36
217 36
216 36
215 35
214 35
213 35
212 35
211 35
210 36
209 36
208 36
207 36
206 36
205 37
204 38
203 38
202 39
201 40
200 41
199 41
198 42
198 43
197 44
196 45
195 45
194 46
194 47
193 48
193 49
192 50
191 51
191 52
190 53
190 54
189 55
189 56
188 57
187 58
187 59
187 60
187 61
187 62
186 63
186 64
186 65
185 66
185 67
185 68
185 69
185 70
184 71
184 72
184 73
183 74
183 75
183 76
182 77
182 78
182 79
182 80
182 81
181 82
181 83
181 84
180 85
180 86
180 87
180 88
180 89
179 90
179 91
179 92
178 93
178 94
178 95
178 96
177 97
177 98
176 99
176 100
176 101
176 102
175 103
174 104
173 105
172 106
171 106
170 105
169 104
169 103
169 102
168 101
168 100
168 99
168 98
168 97
168 96
167 95
167 94
167 93
167 92
166 91
166 90
166 89
166 88
166 87
165 86
165 85
165 84
165 83
165 82
165 81
164 80
164 79
164 78
164 77
163 76
163 75
163 74
162 73
162 72
162 71
161 70
161 69
161 68
160 67
160 66
160 65
159 64
159 63
158 62
158 61
157 60
157 59
157 58
156 57
155 56
154 55
154 54
153 53
153 52
152 51
151 50
150 50
149 49
148 49
147 48
146 47
145 46
144 46
143 46
142 45
141 44
140 44
139 44
138 43
137 43
136 43
135 43
134 42
133 42
132 42
131 42
130 43
129 43
128 44
127 44
126 44
125 45
124 46
123 47
122 48
121 49
120 50
120 51
119 52
118 53
117 54
117 55
116 56
115 57
115 58
115 59
114 60
114 61
113 62
113 63
112 64
112 65
111 66
111 67
110 68
110 69
109 70
109 71
108 72
108 73
108 74
107 75
107 76
106 77
106 78
106 79
105 80
105 81
105 82
105 83
105 84
104 85
104 86
104 87
104 88
104 89
103 90
103 91
103 92
102 93
102 94
102 95
102 96
102 97
101 98
101 99
101 100
101 101
101 102
101 103
101 104
100 105
100 106
100 107
100 108
100 109
100 110
100 111
100 112
100 113
99 114
99 115
99 116
99 117
98 118
98 119
98 120
97 121
97 122
97 123
96 124
96 125
95 126
95 127
95 128
94 129
94 130
94 131
93 132
92 133
92 134
91 135
90 136
89 136
88 137
87 138
86 139
85 140
84 141
83 142
82 142
81 143
80 143
79 144
78 145
77 145
76 146
75 147
74 148
73 148
72 149
71 150
71 151
70 152
70 153
70 154
69 155
68 156
67 156
66 157
65 158
65 159
65 160
65 161
65 162
65 163
65 164
65 165
65 166
65 167
65 168
65 169
66 170
66 171
66 172
66 173
66 174
67 175
67 176
67 177
68 178
68 179
69 180
70 181
70 182
70 183
71 184
71 185
72 186
73 187
73 188
74 189
74 190
75 191
76 192
76 193
77 194
77 195
76 196
75 197
74 197
73 198
72 198
71 198
70 199
70 200
69 201
69 202
69 203
69 204
69 205
69 206
69 207
69 208
69 209
69 210
69 211
70 212
70 213
70 214
70 215
70 216
70 217
70 218
70 219
70 220
70 221
70 222
70 223
69 224
69 225
69 226
69 227
68 228
68 229
68 230
67 231
67 232
66 233
66 234
66 235
66 236
66 237
66 238
66 239
66 240
66 241
66 242
65 243
65 244
65 245
65 246
65 247
65 248
65 249
65 250
64 251
64 252
64 253
64 254
64 255
64 256
63 257
63 258
63 259
62 260
62 261
62 262
62 263
61 264
61 265
60 266
60 267
60 268
60 269
60 270
60 271
60 272
61 273
61 274
62 275
62 276
62 277
63 278
63 279
64 280
64 281
65 282
65 283
64 284
64 285
64 286
63 287
63 288
63 289
62 290
62 291
62 292
62 293
61 294
61 295
61 296
60 297
60 298
60 299
61 300
61 301
61 302
61 303
61 304
61 305
61 306
61 307
61 308
61 309
62 310
63 311
64 312
65 313
66 314
67 315
68 315
69 316
70 317
71 317
72 317
73 318
74 318
75 318
76 318
77 319
78 319
79 319
80 319
81 319
82 319
83 319
84 319
85 319
86 319
87 318
88 318
89 318
90 318
91 317
92 317
93 317
94 316
95 315
96 315
97 314
98 313
99 313
100 312
101 311
101 310
102 309
102 308
103 307
104 306
105 305
105 304
105 303
104 302
103 301
103 300
102 299
102 298
101 297
100 296
100 295
99 294
99 293
98 292
98 291
97 290
96 289
95 288
94 287
94 286
93 285
92 284
91 283
91 282
90 281
89 280
88 280
87 279
86 278
85 277
84 277
83 276
82 275
82 274
81 273
81 272
80 271
80 270
80 269
80 268
80 267
80 266
80 265
80 264
80 263
80 262
80 261
80 260
80 259
81 258
81 257
81 256
81 255
82 254
82 253
82 252
82 251
82 250
83 249
83 248
83 247
83 246
83 245
84 244
84 243
84 242
84 241
85 240
85 239
85 238
85 237
85 236
86 235
86 234
86 233
86 232
86 231
87 230
87 229
87 228
87 227
88 226
89 225
89 224
90 223
91 222
92 221
93 221
94 220
95 220
96 219
97 218
98 217
99 217
100 216
101 215
102 215
103 215
104 216
105 217
105 218
104 219
103 220
102 221
101 222
100 223
99 223
98 224
97 224
96 225
95 226
95 227
95 228
96 229
96 230
97 231
98 232
99 233
100 234
101 235
102 235
103 236
104 237
105 238
106 239
107 240
107 241
108 242
108 243
108 244
108 245
109 246
109 247
109 248
109 249
109 250
109 251
110 252
110 253
110 254
111 255
111 256
112 257
112 258
113 259
113 260
114 261
114 262
115 263
115 264
115 265
115 266
116 267
116 268
117 269
117 270
117 271
117 272
117 273
118 274
118 275
118 276
118 277
119 278
119 279
119 280
119 281
120 282
120 283
120 284
120 285
120 286
120 287
121 288
121 289
121 290
121 291
121 292
121 293
121 294
121 295
121 296
121 297
122 298
123 299
124 300
125 300
126 301
127 301
128 302
129 303
130 304
131 305
132 306
133 306
134 306
135 307
136 307
137 308
138 308
139 309
140 309
141 309
142 309
143 309
144 309
145 308
146 308
147 308
148 307
149 307
150 307
151 307
152 306
153 306
154 306
155 306
156 306
157 306
158 305
159 305
160 304
161 304
162 304
163 304
164 303
165 303
166 303
167 302
168 301
169 300
170 300
171 299
172 298
172 297
173 296
173 295
173 294
173 293
173 292
173 291
173 290
172 289
172 288
171 287
171 286
170 285
169 284
168 283
167 283
166 283
165 282
164 282
163 282
162 282
161 281
160 281
159 281
158 281
157 281
156 281
155 281
154 281
153 281
152 281
151 281
150 281
149 281
148 281
147 280
146 280
145 280
144 279
143 278
142 277
142 276
142 275
141 274
141 273
140 272
139 271
139 270
138 269
138 268
137 267
137 266
137 265
136 264
136 263
135 262
135 261
134 260
133 259
133 258
133 257
132 256
132 255
131 254
131 253
131 252
130 251
130 250
130 249
130 248
129 247
129 246
129 245
128 244
128 243
128 242
127 241
127 240
126 239
126 238
125 237
125 236
125 235
125 234
125 233
125 232
125 231
125 230
125 229
125 228
126 227
126 226
127 225
128 224
129 224
130 223
131 223
132 223
133 223
134 223
135 223
136 223
137 223
138 223
139 223
140 223
141 223
142 223
143 223
144 223
145 223
146 223
147 223
148 223
149 223
150 223
151 223
152 223
153 223
154 223
155 223
156 222
157 222
158 222
159 222
160 221
161 221
162 221
163 221
164 220
165 220
166 220
167 220
168 220
169 220
170 219
171 219
172 219
173 218
174 218
175 218
176 217
177 217
178 217
179 216
180 215
181 215
182 214
183 214
184 213
185 213
186 212
187 212
188 212
189 211
190 211
191 210
192 210
193 211
194 212
194 213
194 214
194 215
194 216
194 217
194 218
194 219
194 220
194 221
193 222
193 223
193 224
193 225
193 226
193 227
193 228
193 229
193 230
192 231
192 232
192 233
191 234
191 235
190 236
190 237
189 238
188 239
187 240
186 240
185 241
185 242
184 243
184 244
184 245
184 246
184 247
184 248
184 249
184 250
184 251
184 252
184 253
184 254
185 255
185 256
185 257
186 258
186 259
186 260
186 261
186 262
186 263
186 264
186 265
186 266
186 267
186 268
186 269
186 270
186 271
185 272
185 273
185 274
185 275
184 276
184 277
184 278
184 279
183 280
183 281
183 282
182 283
182 284
182 285
182 286
183 287
183 288
183 289
183 290
182 291
182 292
182 293
182 294
182 295
181 296
181 297
180 298
180 299
179 300
179 301
178 302
178 303
178 304
178 305
177 306
176 307
176 308
175 309
175 310
174 311
174 312
173 313
173 314
173 315
173 316
173 317
173 318
173 319
173 320
174 321
174 322
174 323
174 324
174 325
173 326
173 327
172 328
171 329
170 329
169 330
168 331
167 332
166 333
165 334
164 334
163 335
163 336
163 337
164 338
164 339
164 340
164 341
164 342
165 343
165 344
165 345
166 346
167 347
168 348
169 349
170 350
171 351
172 351
173 352
174 353
175 353
176 354
177 355
178 355
179 355
180 355
181 355
182 355
183 356
184 356
185 356
186 356
187 356
188 356
189 357
190 357
191 357
192 357
193 357
194 357
195 357
196 357
197 357
198 357
199 357
200 357
201 357
202 357
203 357
204 357
205 356
206 356
207 355
207 354
208 353
208 352
209 351
210 350
211 349
212 349
213 348
214 347
215 346
215 345
215 344
214 343
214 342
214 341
213 340
213 339
213 338
212 337
211 336
211 335
210 334
209 334
208 333
207 332
206 331
205 330
204 330
203 329
202 328
201 327
200 327
199 326
198 326
197 325
196 324
195 323
195 322
194 321
194 320
194 319
194 318
194 317
195 316
195 315
195 314
195 313
196 312
196 311
196 310
196 309
196 308
196 307
196 306
196 305
196 304
196 303
196 302
197 301
197 300
197 299
197 298
197 297
198 296
198 295
198 294
198 293
198 292
198 291
198 290
198 289
198 288
199 287
199 286
199 285
199 284
199 283
199 282
199 281
199 280
199 279
199 278
199 277
199 276
199 275
199 274
199 273
199 272
199 271
199 270
199 269
200 268
200 267
200 266
201 265
201 264
202 263
202 262
203 261
203 260
203 259
204 258
204 257
205 256
205 255
206 254
206 253
206 252
207 251
207 250
207 249
207 248
207 247
207 246
207 245
207 244
206 243
206 242
206 241
206 240
207 239
207 238
208 237
209 236
210 235
211 234
212 233
212 232
213 231
213 230
214 229
215 228
215 227
215 226
216 225
216 224
217 223
217 222
218 221
219 220
220 219
221 219
222 220
223 221
224 222
225 223
225 224
226 225
227 226
228 227
228 228
229 229
229 230
229 231
230 232
230 233
230 234
230 235
231 236
231 237
231 238
231 239
231 240
231 241
232 242
232 243
232 244
232 245
232 246
232 247
232 248
232 249
232 250
232 251
232 252
232 253
233 254
233 255
234 256
234 257
234 258
235 259
235 260
236 261
236 262
237 263
238 264
239 265
240 266
241 267
241 268
242 269
243 270
244 271
244 272
244 273
245 274
245 275
246 276
246 277
246 278
246 279
246 280
246 281
246 282
246 283
246 284
246 285
246 286
246 287
246 288
246 289
246 290
246 291
246 292
246 293
247 294
247 295
247 296
248 297
248 298
248 299
249 300
249 301
250 302
250 303
250 304
250 305
250 306
251 307
251 308
251 309
251 310
250 311
250 312
250 313
250 314
250 315
251 316
251 317
252 318
253 319
254 320
255 321
256 322
256 323
257 324
258 324
259 324
260 324
261 324
262 323
263 323
264 322
265 322
266 321
267 321
268 320
269 320
270 320
271 319
272 319
273 319
274 319
275 319
276 318
277 318
278 318
279 317
280 317
281 317
282 316
283 315
284 315
285 314
286 314
287 313
288 312
289 311
290 311
291 310
292 309
293 308
294 307
295 307
296 306
297 305
298 304
299 303
300 303
301 302
302 301
303 300
304 299
305 298
306 297
307 296
307 295
307 294
306 293
306 292
305 291
305 290
304 289
303 288
302 287
301 286
300 285
299 285
298 284
297 283
296 282
295 281
295 280
294 279
293 278
292 278
291 277
290 277
289 277
288 277
287 277
286 278
285 278
284 279
283 279
282 280
281 280
280 281
280 282
279 283
279 284
278 285
277 286
276 287
275 288
274 289
273 290
272 290
271 291
270 291
269 291
268 291
267 291
266 290
265 290
264 289
263 288
262 287
261 286
260 285
259 284
259 283
258 282
258 281
257 280
257 279
257 278
256 277
256 276
255 275
255 274
255 273
255 272
255 271
254 270
254 269
254 268
254 267
254 266
254 265
254 264
254 263
254 262
254 261
254 260
254 259
254 258
255 257
255 256
255 255
255 254
255 253
256 252
256 251
256 250
256 249
256 248
257 247
257 246
257 245
257 244
256 243
256 242
256 241
256 240
255 239
254 238
254 237
253 236
252 235
251 234
250 233
249 232
249 231
248 230
248 229
247 228
247 227
247 226
247 225
247 224
247 223
247 222
247 221
247 220
247 219
247 218
247 217
247 216
247 215
246 214
246 213
246 212
245 211
245 210
245 209
245 208
245 207
245 206
246 205
247 204
248 203
249 203
250 204
251 205
252 206
253 207
254 207
255 207
256 207
257 206
258 206
259 205
260 205
261 204
262 204
263 203
264 202
265 203
266 204
266 205
266 206
265 207
264 208
264 209
265 210
265 211
266 212
267 212
268 212
269 212
270 211
271 210
272 209
273 208
274 208
275 207
276 207
277 206
278 205
279 204
280 203
281 202
282 201
283 200
284 199
285 198
286 198
287 199
288 199
289 199
290 199
291 199
292 199
293 199
294 198
295 197
296 196
297 195
297 194
298 193
298 192
298 191
299 190
299 189
300 188
300 187
301 186
301 185
301 184
302 183
302 182
302 181
303 180
303 179
303 178
303 177
303 176
304 175
304 174
304 173
304 172
304 171
305 170
305 169
305 168
305 167
305 166
305 165
305 164
306 163
306 162
306 161
306 160
305 159
305 158
305 157
305 156
305 155
305 154
306 153
306 152
306 151
306 150
306 149
306 148
305 147
305 146
305 145
305 144
305 143
305 142
306 141
307 140
308 139
309 138
309 137
310 136
310 135
310 134
310 133
310 132
310 131
310 130
311 129
311 128
310 127
310 126
310 125
309 124
309 123
309 122
308 121
308 120
308 119
308 118
309 117
309 116
309 115
309 114
310 113
310 112
310 111
310 110
311 109
311 108
311 107
311 106
311 105
311 104
311 103
311 102
312 101
313 100
313 99
314 98
314 97
314 96
314 95
315 94
315 93
315 92
315 91
315 90
316 89
316 88
317 87
318 86
319 86
320 86
321 85
322 84
323 83
324 82
325 82
326 82
327 82
328 81
329 81
330 81
331 81
332 80
333 80
334 79
335 78
336 78
337 78
338 77
339 77
340 76
341 76
342 75
343 75
344 74
345 74
346 73
347 72
348 72
349 71
350 70
351 69
351 68
352 67
353 66
353 65
353 64
354 63
354 62
354 61
353 60
353 59
352 58
351 57
350 56
349 55
348 54
347 54
346 53
345 52
344 51
343 51
342 50
341 50
340 50
339 50
338 50
337 50
336 50
335 51
334 51
333 51
332 51
331 51
330 52
329 52
328 53
327 53
326 52
325 52
324 52
323 51
322 51
321 50
320 49
319 48
318 47
317 46
317 45
317 44
316 43
316 42
316 41
315 40
314 39
313 38
312 37
312 36
312 35
311 34
311 33
310 32
309 32
308 31
307 31
306 31
305 30
304 30
303 30
302 30
301 30
300 30
299 30
298 30
297 30
