103 29
102 30
101 30
100 31
99 32
98 32
97 32
96 33
95 33
94 33
93 34
92 34
91 35
90 35
89 36
88 37
87 38
86 39
86 40
85 41
85 42
85 43
84 44
83 45
83 46
82 47
82 48
81 49
81 50
80 51
80 52
80 53
79 54
79 55
79 56
79 57
79 58
79 59
79 60
79 61
79 62
80 63
80 64
80 65
79 66
78 67
77 67
76 67
75 68
74 68
73 69
72 69
71 69
70 69
69 70
68 71
67 71
66 72
65 73
64 74
63 75
63 76
62 77
62 78
62 79
62 80
62 81
62 82
61 83
61 84
61 85
62 86
62 87
63 88
64 88
65 89
66 89
67 89
68 89
69 89
70 89
71 89
72 89
73 89
74 90
75 90
76 91
77 92
78 92
79 92
80 92
81 92
82 92
83 93
84 93
85 93
86 93
87 93
88 93
89 92
90 92
91 92
92 92
93 92
94 93
95 94
96 95
95 96
94 97
93 98
93 99
92 100
91 101
90 102
90 103
89 104
89 105
88 106
88 107
87 108
86 109
86 110
85 111
85 112
84 113
83 114
82 115
81 116
81 117
81 118
81 119
82 120
82 121
82 122
82 123
82 124
81 125
81 126
81 127
80 128
79 129
79 130
80 131
80 132
80 133
80 134
80 135
80 136
80 137
80 138
80 139
79 140
79 141
78 142
78 143
78 144
78 145
78 146
78 147
79 148
79 149
79 150
79 151
79 152
78 153
78 154
78 155
78 156
78 157
78 158
78 159
77 160
77 161
78 162
78 163
78 164
79 165
79 166
79 167
79 168
79 169
79 170
79 171
79 172
79 173
79 174
79 175
79 176
79 177
79 178
79 179
79 180
79 181
80 182
80 183
80 184
80 185
81 186
82 187
82 188
82 189
82 190
83 191
83 192
83 193
83 194
83 195
83 196
83 197
83 198
83 199
83 200
83 201
83 202
83 203
83 204
83 205
84 206
85 207
86 207
87 207
88 207
89 207
90 207
91 208
92 209
93 210
93 211
93 212
94 213
95 213
96 214
97 215
97 216
97 217
98 218
98 219
98 220
99 221
100 222
101 223
102 224
102 225
103 226
104 226
105 226
106 227
107 227
108 228
109 228
110 228
111 228
112 228
113 229
113 230
114 231
114 232
115 233
116 234
117 234
118 235
119 235
120 235
121 235
122 236
122 237
122 238
123 239
123 240
124 241
125 242
126 243
127 242
126 241
125 240
126 239
127 238
128 238
129 239
130 240
130 241
130 242
131 243
132 244
132 245
132 246
132 247
132 248
132 249
132 250
132 251
131 252
131 253
131 254
131 255
130 256
130 257
130 258
130 259
129 260
129 261
129 262
129 263
129 264
128 265
128 266
128 267
127 268
127 269
126 270
125 271
125 272
124 273
123 274
122 275
121 275
120 276
119 277
118 278
117 279
116 279
115 279
114 280
113 280
112 281
111 281
110 281
109 281
108 282
107 282
106 283
105 284
104 285
103 286
102 287
101 288
100 289
99 290
98 291
97 292
96 292
95 293
95 294
95 295
96 296
96 297
96 298
97 299
98 299
99 299
100 300
101 300
102 300
103 301
104 301
105 301
106 302
107 302
108 303
109 303
110 303
111 303
112 303
113 304
114 304
115 304
116 303
117 303
118 303
119 303
120 303
121 302
122 301
123 300
124 300
125 299
126 299
127 298
128 298
129 297
130 296
131 295
132 294
132 293
133 292
134 291
134 290
135 289
136 288
137 287
137 286
137 285
137 284
137 283
137 282
137 281
137 280
136 279
135 278
134 277
134 276
135 275
135 274
135 273
135 272
135 271
136 270
136 269
136 268
136 267
137 266
137 265
137 264
137 263
137 262
137 261
138 260
138 259
138 258
138 257
138 256
139 255
140 254
141 254
142 255
143 255
144 256
145 256
146 257
147 257
148 257
149 258
150 258
151 259
152 259
153 260
154 261
155 262
155 263
156 264
156 265
156 266
157 267
157 268
157 269
157 270
158 271
158 272
158 273
158 274
159 275
159 276
159 277
160 278
160 279
160 280
160 281
160 282
160 283
159 284
158 285
157 285
156 285
155 285
154 285
153 286
152 287
151 287
150 288
149 289
148 290
147 291
146 292
145 293
144 294
143 294
142 295
141 296
140 297
139 297
138 298
137 299
137 300
137 301
136 302
136 303
137 304
138 305
139 305
140 305
141 305
142 305
143 306
144 306
145 306
146 307
147 307
148 307
149 307
150 307
151 307
152 307
153 306
154 306
155 306
156 306
157 306
158 306
159 306
160 306
161 305
162 305
163 305
164 305
165 305
166 305
167 305
168 305
169 305
170 305
171 304
172 303
173 302
174 302
175 301
176 300
177 300
178 300
179 299
180 299
181 298
182 297
182 296
182 295
181 294
180 293
179 292
178 291
177 290
176 289
176 288
175 287
174 286
173 285
172 284
172 283
172 282
171 281
171 280
171 279
171 278
171 277
171 276
171 275
170 274
170 273
170 272
169 271
169 270
169 269
168 268
168 267
168 266
167 265
167 264
167 263
167 262
166 261
166 260
166 259
166 258
167 257
167 256
167 255
167 254
166 253
166 252
165 251
164 250
164 249
164 248
165 247
165 246
166 245
167 244
168 243
168 242
169 241
170 240
171 239
172 239
173 238
173 237
174 236
175 235
176 235
177 235
178 234
179 233
179 232
179 231
179 230
179 229
179 228
179 227
179 226
179 225
178 224
178 223
178 222
178 221
178 220
179 219
180 218
181 218
182 218
183 218
184 218
185 218
186 218
187 218
188 218
189 218
190 218
191 218
192 218
193 218
194 218
195 218
196 218
197 217
198 217
199 217
200 217
201 217
202 217
203 217
204 217
205 217
206 217
207 217
208 217
209 218
210 219
210 220
210 221
210 222
211 223
211 224
212 225
212 226
212 227
212 228
213 229
213 230
214 231
214 232
214 233
214 234
215 235
215 236
216 237
217 237
218 237
219 237
220 237
221 237
222 238
223 239
224 240
225 241
226 241
227 242
228 243
228 244
227 245
227 246
227 247
227 248
227 249
226 250
226 251
226 252
226 253
226 254
225 255
225 256
225 257
225 258
225 259
224 260
224 261
224 262
223 263
223 264
223 265
223 266
222 267
221 268
221 269
221 270
221 271
221 272
220 273
219 274
218 274
217 274
216 275
215 275
214 276
213 277
212 277
211 278
210 279
209 279
208 280
207 280
206 280
205 280
204 281
203 281
202 282
201 282
200 283
199 283
198 283
197 284
196 284
195 285
194 286
193 286
192 287
191 288
190 288
189 289
188 289
187 290
186 290
185 291
185 292
185 293
185 294
185 295
186 296
187 297
188 297
189 297
190 298
191 298
192 298
193 299
194 299
195 299
196 299
197 299
198 300
199 300
200 300
201 300
202 300
203 300
204 300
205 300
206 299
207 299
208 299
209 299
210 299
211 299
212 299
213 299
214 298
215 298
216 298
217 298
218 297
218 296
218 295
219 294
220 293
221 292
222 291
223 290
224 289
225 289
226 288
227 287
228 286
229 285
230 284
231 283
231 282
231 281
230 280
230 279
230 278
230 277
230 276
230 275
230 274
231 273
231 272
231 271
231 270
231 269
231 268
231 267
231 266
232 265
232 264
232 263
232 262
232 261
232 260
232 259
233 258
233 257
233 256
233 255
234 254
234 253
234 252
234 251
234 250
235 249
235 248
235 247
236 246
237 245
238 244
239 243
240 242
241 242
242 242
243 242
244 242
245 241
246 241
247 241
248 241
249 241
250 241
251 241
252 242
253 243
254 244
255 245
256 246
257 247
258 248
259 249
259 250
259 251
259 252
259 253
259 254
259 255
259 256
259 257
259 258
259 259
259 260
259 261
259 262
259 263
258 264
258 265
258 266
258 267
258 268
258 269
258 270
258 271
258 272
258 273
258 274
258 275
257 276
256 277
255 278
254 278
253 278
252 279
251 279
250 279
249 280
248 280
247 280
246 281
245 281
244 281
243 282
242 282
241 282
240 283
239 283
238 284
237 285
236 286
235 286
234 286
233 287
232 288
231 288
230 289
229 290
228 290
227 291
227 292
227 293
227 294
227 295
227 296
228 297
229 297
230 298
231 298
232 299
233 299
234 298
235 298
236 298
237 298
238 298
239 298
240 298
241 298
242 298
243 298
244 297
245 297
246 297
247 297
248 297
249 297
250 297
251 297
252 297
253 297
254 297
255 297
256 297
257 297
258 297
259 297
260 297
261 297
262 297
263 296
264 296
265 295
266 295
267 295
268 295
269 295
270 295
271 295
272 295
273 294
274 294
275 294
276 293
277 292
277 291
277 290
277 289
277 288
277 287
277 286
277 285
277 284
277 283
276 282
275 281
274 280
273 280
272 279
271 278
270 278
269 277
268 276
267 275
267 274
268 273
268 272
267 271
267 270
267 269
267 268
267 267
267 266
267 265
267 264
267 263
267 262
268 261
268 260
268 259
268 258
269 257
269 256
269 255
269 254
270 253
270 252
270 251
270 250
271 249
271 248
271 247
271 246
272 245
272 244
272 243
272 242
272 241
273 240
273 239
273 238
273 237
273 236
274 235
274 234
274 233
274 232
275 231
276 230
277 229
278 228
279 227
280 226
280 225
280 224
280 223
280 222
280 221
280 220
281 219
282 218
282 217
282 216
283 215
283 214
283 213
283 212
283 211
284 210
285 209
285 208
286 207
286 206
287 205
287 204
288 203
288 202
289 201
290 200
290 199
290 198
290 197
290 196
290 195
290 194
290 193
290 192
290 191
290 190
291 189
291 188
291 187
291 186
291 185
291 184
291 183
291 182
291 181
291 180
291 179
292 178
293 177
294 177
295 177
296 178
297 179
297 180
298 181
299 182
299 183
300 184
300 185
301 186
301 187
301 188
301 189
302 190
302 191
302 192
302 193
302 194
302 195
301 196
301 197
301 198
300 199
300 200
299 201
298 202
298 203
298 204
299 205
300 206
301 206
302 206
303 206
304 205
304 204
304 203
305 202
305 201
306 200
306 199
307 198
308 197
308 196
308 195
308 194
308 193
308 192
308 191
308 190
308 189
308 188
308 187
308 186
307 185
307 184
307 183
306 182
306 181
305 180
305 179
304 178
304 177
303 176
302 175
302 174
301 173
301 172
300 171
300 170
300 169
299 168
298 167
297 166
297 165
296 164
295 163
294 162
293 161
293 160
292 159
291 158
290 157
289 156
289 155
289 154
289 153
288 152
288 151
287 150
287 149
286 148
285 147
285 146
284 145
284 144
283 143
282 142
281 141
280 140
279 139
278 138
277 137
276 136
275 135
274 135
273 134
272 133
271 133
270 132
269 132
268 131
267 131
266 130
265 129
264 128
263 127
262 126
262 125
262 124
262 123
262 122
262 121
262 120
262 119
261 118
261 117
260 116
260 115
260 114
259 113
258 112
258 111
258 110
257 109
257 108
257 107
256 106
256 105
256 104
255 103
255 102
254 101
254 100
254 99
253 98
252 97
251 96
250 95
249 94
248 94
247 93
246 93
245 92
244 92
243 91
242 91
241 91
240 91
239 91
238 91
237 91
236 91
235 92
234 92
233 92
232 92
231 93
230 93
229 94
228 95
227 96
226 97
226 98
225 99
224 100
224 101
224 102
223 103
223 104
223 105
222 106
222 107
222 108
222 109
222 110
221 111
221 112
221 113
221 114
221 115
220 116
219 117
219 118
219 119
219 120
219 121
219 122
219 123
219 124
218 125
217 126
216 127
215 127
214 127
213 128
212 128
211 128
210 127
209 126
209 125
209 124
209 123
210 122
210 121
210 120
210 119
209 118
209 117
209 116
209 115
209 114
208 113
208 112
207 111
207 110
206 109
205 108
204 107
204 106
203 105
202 104
202 103
201 102
200 101
199 101
198 100
197 100
196 99
195 99
194 98
193 98
192 98
191 98
190 98
189 98
188 98
187 98
186 99
185 99
184 99
183 99
182 99
181 99
180 100
179 100
178 101
177 102
176 103
175 104
174 105
173 106
173 107
172 108
171 109
171 110
170 111
170 112
170 113
169 114
169 115
168 116
168 117
168 118
168 119
167 120
167 121
167 122
167 123
167 124
166 125
166 126
166 127
166 128
165 129
164 130
163 131
162 131
161 132
160 133
159 134
158 134
157 134
156 134
155 134
154 135
154 136
153 137
153 138
152 139
151 140
150 141
149 142
148 143
147 144
146 145
145 146
144 145
143 144
143 143
143 142
143 141
144 140
144 139
144 138
144 137
145 136
145 135
145 134
145 133
145 132
145 131
145 130
145 129
146 128
146 127
147 126
147 125
147 124
147 123
146 122
146 121
146 120
147 119
147 118
147 117
147 116
148 115
149 114
149 113
148 112
148 111
149 110
149 109
149 108
149 107
149 106
150 105
150 104
150 103
150 102
150 101
150 100
151 99
151 98
151 97
151 96
151 95
151 94
151 93
151 92
151 91
151 90
150 89
150 88
150 87
150 86
150 85
151 84
152 83
152 82
152 81
152 80
152 79
152 78
151 77
151 76
151 75
152 74
152 73
152 72
152 71
151 70
151 69
151 68
151 67
151 66
150 65
150 64
151 63
151 62
152 61
152 60
152 59
152 58
153 57
153 56
154 55
154 54
154 53
154 52
154 51
153 50
153 49
153 48
153 47
152 46
151 46
150 45
149 44
148 43
147 42
146 42
145 41
144 40
143 40
142 40
141 40
140 40
139 41
138 40
137 39
136 38
135 37
134 36
133 35
132 34
131 33
130 32
129 32
128 31
127 31
126 31
125 30
124 30
123 30
122 30
121 29
120 29
119 29
118 29
117 29
116 29
115 29
114 29
113 29
112 29
111 29
110 29
109 29
108 29
107 29
106 29
105 29
104 29
