168 114
167 115
166 115
165 115
164 115
163 115
162 115
161 115
160 115
159 115
158 116
157 116
156 117
155 118
154 119
153 120
153 121
152 122
151 123
151 124
150 125
150 126
149 127
149 128
149 129
149 130
148 131
147 131
146 131
145 131
144 131
143 131
142 130
141 130
140 129
139 129
138 129
137 129
136 129
135 130
134 130
133 130
132 131
131 131
130 132
129 132
128 133
127 133
126 134
125 134
124 135
123 136
122 137
121 138
120 138
119 138
118 138
117 138
116 138
115 138
114 138
113 138
112 139
111 139
110 139
109 139
108 139
107 139
106 139
105 139
104 139
103 139
102 139
101 139
100 139
99 139
98 139
97 139
96 139
95 139
94 139
93 139
92 139
91 139
90 139
89 139
88 140
87 140
87 141
87 142
86 143
85 143
84 143
83 144
82 144
81 144
80 144
79 145
78 145
77 146
76 147
75 147
75 148
74 149
74 150
74 151
74 152
74 153
74 154
74 155
74 156
74 157
75 158
75 159
76 160
77 161
77 162
78 163
79 164
79 165
79 166
79 167
79 168
79 169
79 170
79 171
79 172
79 173
79 174
79 175
80 176
80 177
81 178
82 179
83 179
84 179
85 179
86 178
87 178
88 178
89 177
90 177
91 177
92 177
93 177
94 177
95 177
96 177
97 177
98 177
99 177
100 177
101 177
102 177
103 177
104 177
105 177
106 177
107 177
108 177
109 177
110 177
111 177
112 177
113 177
114 177
115 177
116 177
117 177
118 177
119 177
120 177
121 177
122 177
123 177
124 177
125 177
126 177
127 177
128 177
129 177
130 177
131 177
132 177
133 177
134 177
135 177
136 178
137 178
138 178
139 178
140 178
141 178
142 179
142 180
142 181
142 182
142 183
143 184
143 185
144 185
145 186
146 186
147 187
148 187
149 187
150 188
151 188
152 188
153 188
154 188
155 187
156 187
157 186
158 186
159 185
159 184
160 183
161 182
161 181
162 180
163 179
164 178
165 177
166 177
167 176
168 175
169 175
170 175
171 175
172 175
173 175
174 175
175 175
176 175
177 175
178 175
179 175
180 175
181 175
182 175
183 175
184 175
185 175
186 175
187 175
188 175
189 175
190 175
191 175
192 175
193 175
194 175
195 175
196 175
197 175
198 175
199 175
200 175
201 175
202 175
203 175
204 176
205 177
206 178
206 179
206 180
207 181
208 182
209 182
210 182
211 182
212 182
213 182
214 182
215 182
216 182
217 182
218 182
219 182
220 181
221 181
222 180
223 180
224 179
224 178
225 177
225 176
225 175
225 174
225 173
225 172
226 171
226 170
227 169
228 169
229 168
230 168
231 168
232 167
233 167
233 166
234 165
235 164
235 163
236 162
237 161
237 160
238 159
238 158
239 157
239 156
239 155
239 154
239 153
239 152
239 151
239 150
239 149
239 148
239 147
239 146
239 145
239 144
239 143
239 142
238 141
237 140
236 140
235 140
234 140
233 140
232 139
231 139
230 139
229 139
228 139
227 138
226 138
225 138
224 138
223 137
222 137
221 137
220 137
219 136
218 136
217 136
216 136
215 136
214 136
213 136
212 136
211 136
210 135
209 135
208 135
207 134
206 133
205 132
204 131
204 130
203 129
203 128
203 127
203 126
203 125
203 124
203 123
202 122
202 121
201 120
201 119
200 118
200 117
199 116
198 115
197 115
196 114
195 114
194 114
193 114
192 114
191 114
190 114
189 114
188 114
187 114
186 114
185 114
184 114
183 114
182 114
181 114
180 114
179 114
178 114
177 114
176 114
175 114
174 114
173 114
172 114
171 114
170 114
169 114
