179 95
178 96
177 96
176 97
176 98
175 99
175 100
174 101
174 102
173 103
173 104
173 105
172 106
172 107
172 108
172 109
172 110
172 111
172 112
172 113
172 114
172 115
172 116
172 117
172 118
171 119
170 120
169 120
168 120
167 120
166 120
165 119
165 118
164 117
164 116
163 115
162 114
161 114
160 114
159 114
158 114
157 114
156 114
155 114
154 114
153 114
152 114
151 115
150 115
150 116
149 117
149 118
148 119
148 120
147 121
146 121
145 121
144 121
143 121
142 121
141 120
140 121
139 121
139 122
138 123
138 124
138 125
139 126
138 127
137 127
136 127
135 127
134 128
133 128
132 128
131 127
130 127
129 127
128 127
127 127
126 127
125 127
124 127
123 127
122 127
121 127
120 127
119 128
118 128
117 128
116 129
115 129
114 130
113 130
112 131
111 131
110 132
109 132
108 133
107 133
106 133
105 134
104 134
103 134
102 135
101 135
100 135
99 136
98 136
97 136
96 136
95 137
94 138
94 139
93 140
93 141
92 142
91 143
91 144
90 145
90 146
90 147
89 148
89 149
89 150
90 151
91 152
92 152
93 153
93 154
93 155
93 156
93 157
93 158
93 159
93 160
93 161
93 162
93 163
93 164
93 165
93 166
93 167
93 168
93 169
93 170
93 171
93 172
93 173
94 174
95 175
96 175
97 176
98 177
99 178
100 179
100 180
101 181
102 182
103 182
104 183
105 183
106 183
107 183
108 183
109 183
110 183
111 183
112 183
113 183
114 183
115 182
116 182
116 181
117 180
118 179
119 179
120 179
121 179
122 179
123 179
124 179
125 179
126 179
127 179
128 179
129 179
130 179
131 179
132 179
133 179
134 179
135 179
136 179
137 179
138 179
139 179
140 179
141 179
142 179
143 179
144 179
145 179
146 179
147 179
148 179
149 179
150 179
151 179
152 179
153 179
154 179
155 179
156 179
157 179
158 179
159 179
160 180
161 180
162 180
163 180
164 180
165 180
166 180
167 180
168 180
169 180
170 180
171 180
172 179
173 178
174 178
175 179
175 180
176 181
176 182
176 183
177 184
177 185
178 186
179 187
180 187
181 188
182 188
183 188
184 188
185 189
186 189
187 189
188 189
189 189
190 188
191 188
192 187
193 186
193 185
194 184
194 183
195 182
195 181
196 180
196 179
197 178
198 178
199 178
200 178
201 178
202 178
203 178
204 178
205 178
206 177
207 177
208 177
209 177
210 176
211 176
212 176
213 175
214 175
215 175
216 174
217 174
218 174
219 174
220 174
221 173
222 173
223 173
224 173
225 172
226 172
227 172
228 172
229 171
230 171
231 171
232 171
233 171
234 171
235 171
236 171
237 171
238 171
239 171
240 170
241 171
241 172
241 173
241 174
241 175
242 176
243 177
244 177
245 177
246 178
247 178
248 178
249 178
250 178
251 178
252 177
253 177
254 176
255 176
256 175
257 175
258 174
259 173
260 172
260 171
261 170
261 169
261 168
262 167
262 166
262 165
262 164
262 163
262 162
263 161
264 161
265 161
266 161
267 160
268 159
268 158
269 157
269 156
270 155
270 154
270 153
270 152
270 151
270 150
271 149
271 148
271 147
272 146
272 145
273 144
274 143
275 142
276 141
277 140
277 139
278 138
278 137
279 136
279 135
279 134
279 133
278 132
278 131
277 131
276 130
275 129
274 128
274 127
273 126
273 125
272 124
271 124
270 123
269 123
268 123
267 123
266 123
265 123
264 123
263 123
262 123
261 123
260 123
259 123
258 123
257 123
256 123
255 123
254 123
253 123
252 123
251 123
250 123
249 123
248 123
247 123
246 123
245 123
244 123
243 123
242 123
241 123
240 123
239 122
239 121
239 120
238 119
238 118
238 117
237 116
237 115
237 114
237 113
237 112
237 111
237 110
237 109
237 108
237 107
237 106
237 105
236 104
235 103
234 103
233 103
232 102
231 102
230 102
229 101
228 101
227 101
226 101
225 101
224 100
223 100
222 100
221 100
220 100
219 100
218 99
217 99
216 99
215 98
214 98
213 98
212 98
211 98
210 97
209 97
208 97
207 97
206 97
205 97
204 96
203 96
202 96
201 96
200 95
199 95
198 95
197 95
196 95
195 95
194 95
193 95
192 95
191 95
190 95
189 95
188 95
187 95
186 95
185 95
184 95
183 95
182 95
181 95
180 95
