190 104
189 105
188 105
187 106
186 106
185 107
184 108
183 109
183 110
182 111
182 112
182 113
182 114
182 115
182 116
182 117
182 118
182 119
182 120
182 121
182 122
182 123
182 124
182 125
181 126
180 126
179 127
178 127
177 127
176 127
175 127
174 127
173 126
173 125
173 124
172 123
171 122
170 122
169 122
168 122
167 122
166 122
165 122
164 122
163 122
162 122
161 123
160 124
160 125
159 126
158 127
158 128
157 129
156 129
155 129
154 129
153 129
152 129
151 130
150 130
149 131
149 132
148 133
147 133
146 133
145 134
144 134
143 134
142 134
141 134
140 134
139 134
138 134
137 134
136 134
135 134
134 134
133 134
132 134
131 134
130 134
129 134
128 134
127 134
126 134
125 134
124 134
123 134
122 134
121 134
120 134
119 134
118 134
117 135
116 135
115 135
114 135
113 136
112 136
111 137
110 137
109 138
108 138
107 139
107 140
106 141
106 142
106 143
105 144
105 145
104 146
103 147
102 148
101 149
100 150
100 151
100 152
101 153
101 154
102 155
102 156
103 157
103 158
104 159
105 160
105 161
105 162
105 163
105 164
105 165
105 166
105 167
105 168
105 169
105 170
105 171
105 172
105 173
105 174
105 175
106 176
106 177
107 177
108 178
108 179
108 180
108 181
108 182
109 183
109 184
110 185
111 186
112 186
113 186
114 187
115 187
116 187
117 187
118 187
119 187
120 187
121 187
122 187
123 187
124 187
125 186
126 186
126 185
127 184
128 183
129 182
130 182
131 182
132 182
133 182
134 182
135 182
136 182
137 182
138 182
139 182
140 182
141 182
142 182
143 182
144 182
145 182
146 182
147 182
148 182
149 182
150 182
151 182
152 182
153 182
154 182
155 182
156 182
157 182
158 182
159 182
160 182
161 182
162 182
163 182
164 182
165 182
166 182
167 182
168 182
169 182
170 182
171 182
172 182
173 182
174 183
175 184
175 185
175 186
176 187
176 188
176 189
176 190
177 191
177 192
178 192
179 193
180 193
181 193
182 193
183 193
184 194
185 194
186 194
187 194
188 194
189 194
190 194
191 194
192 194
193 194
194 194
195 193
196 193
197 192
198 192
199 191
199 190
200 189
201 188
202 187
202 186
203 185
204 184
205 183
206 183
207 182
208 182
209 182
210 182
211 182
212 181
213 181
214 181
215 181
216 181
217 181
218 181
219 181
220 181
221 181
222 181
223 181
224 181
225 181
226 181
227 181
228 181
229 181
230 181
231 181
232 181
233 181
234 181
235 181
236 181
237 181
238 181
239 181
240 181
241 181
242 181
243 181
244 182
245 182
246 182
247 182
248 182
249 183
250 183
251 183
252 183
253 184
254 184
255 184
256 184
257 184
258 184
259 184
260 184
261 183
262 183
263 182
264 181
265 180
266 179
266 178
267 177
267 176
267 175
268 174
268 173
268 172
269 171
269 170
270 169
271 168
272 168
273 167
274 167
275 166
276 165
277 164
277 163
278 162
278 161
279 160
279 159
280 158
280 157
281 156
281 155
282 154
282 153
283 152
283 151
283 150
283 149
283 148
284 147
284 146
284 145
284 144
284 143
284 142
284 141
284 140
284 139
284 138
283 137
283 136
282 136
281 135
280 135
279 134
278 134
277 134
276 133
275 132
274 131
273 131
272 130
271 130
270 129
269 129
268 129
267 128
266 128
265 128
264 128
263 128
262 128
261 128
260 128
259 128
258 128
257 128
256 128
255 128
254 128
253 128
252 128
251 128
250 128
249 128
248 129
247 129
246 129
245 129
244 129
243 129
242 128
242 127
242 126
241 125
241 124
241 123
241 122
240 121
240 120
240 119
240 118
239 117
239 116
239 115
239 114
239 113
239 112
238 111
238 110
238 109
237 108
236 107
235 107
234 107
233 107
232 107
231 107
230 107
229 107
228 107
227 107
226 107
225 107
224 107
223 107
222 107
221 107
220 107
219 107
218 107
217 107
216 107
215 107
214 107
213 107
212 107
211 107
210 107
209 106
208 106
207 106
206 106
205 106
204 106
203 105
202 105
201 105
200 105
199 104
198 104
197 104
196 104
195 104
194 104
193 104
192 104
191 104
