189 104
188 105
187 105
187 106
186 107
186 108
185 109
185 110
184 111
184 112
184 113
183 114
183 115
183 116
183 117
183 118
183 119
183 120
183 121
183 122
182 123
181 124
180 124
179 125
178 125
177 125
176 125
175 124
174 123
174 122
173 121
172 120
171 120
170 120
169 120
168 121
167 121
166 122
165 122
164 123
163 124
162 125
161 125
160 126
159 127
158 128
157 129
156 129
155 130
154 130
153 130
152 130
151 130
150 130
149 129
148 129
147 129
146 129
145 130
144 130
143 131
142 131
141 131
140 131
139 131
138 131
137 131
136 131
135 131
134 131
133 131
132 131
131 131
130 131
129 132
128 132
127 132
126 132
125 133
124 133
123 134
122 134
121 135
120 135
119 136
118 136
117 136
116 137
115 137
114 138
113 138
112 139
111 139
110 140
109 141
108 141
107 142
106 143
105 143
104 144
103 144
102 145
101 146
100 147
100 148
99 149
99 150
100 151
100 152
101 153
102 154
102 155
102 156
102 157
102 158
102 159
102 160
102 161
102 162
102 163
102 164
102 165
102 166
102 167
102 168
103 169
103 170
103 171
104 172
104 173
105 174
106 175
107 175
108 176
108 177
108 178
109 179
109 180
110 181
111 181
112 182
113 182
114 182
115 182
116 183
117 183
118 183
119 184
120 184
121 184
122 183
123 183
124 183
125 182
126 182
127 181
128 181
129 181
130 181
131 181
132 181
133 181
134 181
135 181
136 181
137 181
138 181
139 181
140 181
141 181
142 181
143 181
144 181
145 181
146 181
147 181
148 181
149 181
150 181
151 181
152 181
153 181
154 181
155 180
156 180
157 180
158 180
159 180
160 180
161 180
162 180
163 180
164 180
165 180
166 180
167 180
168 180
169 180
170 180
171 180
172 180
173 179
174 179
175 179
176 179
177 180
177 181
177 182
178 183
178 184
178 185
179 186
179 187
180 188
181 188
182 189
183 189
184 189
185 189
186 190
187 190
188 190
189 190
190 190
191 190
192 190
193 190
194 190
195 189
196 189
197 188
197 187
198 186
199 185
200 184
201 183
202 182
203 181
204 180
205 180
206 180
207 180
208 180
209 180
210 180
211 180
212 180
213 180
214 180
215 180
216 180
217 180
218 180
219 180
220 180
221 180
222 180
223 180
224 180
225 180
226 180
227 180
228 180
229 180
230 180
231 180
232 180
233 180
234 180
235 180
236 180
237 180
238 180
239 179
240 179
241 179
242 179
243 179
244 179
245 180
246 181
247 182
248 182
249 183
250 183
251 183
252 184
253 184
254 184
255 184
256 184
257 183
258 183
259 182
260 181
261 181
262 180
263 179
264 178
265 177
265 176
266 175
266 174
267 173
267 172
267 171
268 170
268 169
268 168
268 167
268 166
268 165
269 164
270 164
271 163
272 163
273 162
274 161
274 160
275 159
275 158
275 157
276 156
276 155
277 154
277 153
277 152
278 151
278 150
278 149
278 148
278 147
278 146
279 145
280 144
281 143
281 142
282 141
282 140
282 139
282 138
282 137
281 136
280 135
280 134
279 133
278 133
277 132
276 132
275 132
274 132
273 132
272 131
271 131
270 131
269 131
268 131
267 131
266 131
265 131
264 130
263 130
262 130
261 130
260 130
259 130
258 130
257 130
256 130
255 130
254 130
253 130
252 130
251 130
250 130
249 130
248 129
247 128
246 127
245 126
244 125
243 124
242 123
242 122
241 121
240 120
239 119
239 118
239 117
239 116
239 115
239 114
239 113
238 112
239 111
239 110
240 109
239 108
238 107
237 107
236 107
235 107
234 107
233 107
232 107
231 107
230 107
229 107
228 107
227 107
226 107
225 107
224 107
223 107
222 106
221 106
220 106
219 106
218 106
217 106
216 106
215 106
214 106
213 105
212 105
211 105
210 105
209 105
208 104
207 104
206 104
205 104
204 104
203 104
202 104
201 104
200 104
199 104
198 104
197 104
196 104
195 104
194 104
193 104
192 104
191 104
190 104
