223 94
222 95
221 95
220 95
219 96
218 96
217 97
216 97
215 98
214 98
213 99
213 100
212 101
212 102
211 103
211 104
211 105
210 106
210 107
210 108
209 109
209 110
209 111
209 112
208 113
208 114
208 115
208 116
207 117
206 118
205 119
204 119
203 119
202 119
201 119
200 119
199 118
199 117
198 116
198 115
197 114
196 114
195 113
194 113
193 113
192 114
191 114
190 115
189 115
188 116
187 116
186 117
185 117
184 118
183 118
182 119
181 119
180 119
179 118
178 118
177 118
176 118
175 119
174 119
173 120
172 120
172 121
171 122
171 123
170 124
170 125
170 126
170 127
170 128
169 129
168 129
167 129
166 129
165 129
164 129
163 129
162 129
161 129
160 129
159 129
158 129
157 129
156 129
155 129
154 130
153 130
152 130
151 130
150 130
149 130
148 130
147 130
146 130
145 130
144 130
143 130
142 130
141 130
140 131
139 131
138 131
137 132
136 132
135 132
134 133
133 133
132 134
131 134
130 135
129 135
129 136
128 137
127 137
126 138
125 138
124 139
123 139
122 140
121 140
121 141
120 142
119 143
118 142
117 142
116 143
116 144
115 145
115 146
115 147
116 148
116 149
116 150
116 151
117 152
117 153
118 154
118 155
119 156
120 157
120 158
121 159
121 160
121 161
121 162
121 163
121 164
121 165
121 166
121 167
121 168
121 169
121 170
121 171
121 172
121 173
121 174
121 175
121 176
121 177
121 178
121 179
121 180
121 181
121 182
121 183
121 184
122 185
122 186
122 187
122 188
122 189
122 190
123 191
123 192
124 193
125 194
126 193
127 193
128 193
129 193
130 193
131 193
132 193
133 193
134 193
135 193
136 193
137 193
138 192
139 192
140 192
141 191
142 191
143 190
144 190
145 189
146 188
147 188
148 187
149 186
150 186
151 186
152 186
153 186
154 186
155 186
156 186
157 186
158 186
159 186
160 186
161 186
162 186
163 186
164 186
165 186
166 186
167 186
168 186
169 186
170 186
171 186
172 186
173 186
174 186
175 186
176 186
177 186
178 186
179 186
180 186
181 186
182 186
183 186
184 186
185 186
186 186
187 186
188 186
189 186
190 186
191 186
192 186
193 186
194 186
195 186
196 186
197 185
198 185
198 184
199 183
200 182
201 181
202 180
202 179
203 178
204 177
205 176
206 175
207 174
208 174
209 175
210 176
210 177
210 178
210 179
211 180
211 181
211 182
211 183
211 184
211 185
211 186
211 187
211 188
211 189
212 190
212 191
213 192
214 193
215 194
216 195
217 196
218 196
219 197
220 197
221 197
222 197
223 197
224 197
225 196
226 196
227 195
228 194
229 193
230 192
231 191
231 190
231 189
232 188
232 187
232 186
233 185
233 184
234 183
234 182
234 181
235 180
236 179
237 179
238 179
239 179
240 179
241 179
242 179
243 179
244 178
245 178
246 178
247 178
248 178
249 178
250 178
251 178
252 178
253 178
254 178
255 177
256 177
257 177
258 177
259 177
260 177
261 177
262 177
263 177
264 177
265 177
266 177
267 177
268 177
269 177
270 176
271 176
272 176
273 176
274 176
275 176
276 176
277 176
278 176
279 176
280 176
281 176
282 176
283 176
284 176
285 176
286 177
286 178
286 179
286 180
286 181
287 182
287 183
288 184
288 185
289 186
290 187
291 187
292 188
293 188
294 188
295 188
296 188
297 187
298 186
299 185
299 184
300 183
301 182
302 181
302 180
303 179
303 178
304 177
304 176
304 175
304 174
304 173
305 172
306 171
307 170
308 170
309 169
310 169
311 168
312 167
313 166
314 165
315 164
316 163
317 162
318 161
319 160
319 159
319 158
320 157
320 156
320 155
320 154
320 153
320 152
320 151
320 150
321 149
321 148
322 147
322 146
323 145
324 145
325 144
326 143
326 142
326 141
325 140
324 139
323 139
322 138
322 137
322 136
322 135
322 134
322 133
322 132
322 131
321 130
320 129
319 129
318 128
317 128
316 128
315 127
314 127
313 127
312 126
311 126
310 126
309 126
308 126
307 126
306 126
305 125
304 125
303 125
302 125
301 125
300 125
299 125
298 125
297 125
296 125
295 124
294 124
293 124
292 123
291 123
290 122
289 122
288 122
287 121
286 121
285 120
284 120
283 119
282 118
281 117
280 116
279 115
279 114
279 113
279 112
279 111
279 110
278 109
278 108
278 107
278 106
278 105
278 104
277 103
277 102
276 101
276 100
275 99
274 98
273 97
272 97
271 96
270 96
269 96
268 96
267 95
266 95
265 95
264 95
263 95
262 95
261 95
260 95
259 95
258 95
257 95
256 95
255 94
254 94
253 94
252 94
251 94
250 94
249 94
248 94
247 94
246 94
245 94
244 94
243 94
242 94
241 94
240 94
239 94
238 94
237 94
236 94
235 94
234 94
233 94
232 94
231 94
230 94
229 94
228 94
227 94
226 94
225 94
224 94
