181 94
180 95
179 95
179 96
178 97
178 98
178 99
178 100
178 101
178 102
178 103
178 104
178 105
178 106
178 107
178 108
178 109
178 110
178 111
178 112
178 113
178 114
178 115
178 116
178 117
178 118
177 119
176 119
175 119
174 119
173 119
172 119
171 119
170 118
170 117
170 116
169 115
168 114
167 114
166 114
165 114
164 114
163 114
162 114
161 114
160 114
159 115
158 115
157 116
156 117
155 118
154 119
154 120
153 121
152 122
151 123
150 123
149 122
148 121
148 120
147 119
146 119
145 118
144 118
143 118
142 119
141 120
141 121
141 122
141 123
141 124
140 125
139 125
138 125
137 125
136 125
135 125
134 125
133 125
132 125
131 125
130 125
129 125
128 125
127 125
126 125
125 125
124 125
123 125
122 125
121 125
120 125
119 125
118 126
117 126
116 126
115 126
114 126
113 126
112 127
111 127
110 127
109 127
108 128
107 128
106 129
105 129
104 130
103 130
102 131
101 131
100 132
99 132
98 133
97 134
96 134
95 135
95 136
95 137
94 138
94 139
93 140
93 141
92 142
92 143
92 144
92 145
92 146
92 147
92 148
91 149
92 150
93 151
94 151
95 152
95 153
96 154
96 155
96 156
96 157
96 158
96 159
96 160
96 161
96 162
96 163
96 164
96 165
96 166
96 167
96 168
96 169
96 170
96 171
96 172
96 173
96 174
96 175
97 176
97 177
98 177
99 178
99 179
99 180
100 181
100 182
101 182
102 183
103 183
104 184
105 184
106 184
107 185
108 185
109 185
110 185
111 185
112 185
113 184
114 184
115 183
116 183
117 182
117 181
118 180
119 179
120 178
121 178
122 178
123 178
124 178
125 178
126 178
127 178
128 177
129 177
130 177
131 177
132 177
133 177
134 177
135 177
136 177
137 177
138 177
139 177
140 177
141 177
142 177
143 177
144 177
145 177
146 177
147 177
148 177
149 177
150 177
151 177
152 177
153 177
154 177
155 177
156 177
157 177
158 177
159 177
160 177
161 177
162 177
163 177
164 177
165 177
166 177
167 177
168 176
169 176
169 175
170 174
171 173
172 174
172 175
172 176
172 177
173 178
173 179
173 180
173 181
174 182
174 183
175 184
176 185
177 186
178 186
179 187
180 187
181 188
182 188
183 189
184 189
185 189
186 189
187 189
188 189
189 190
190 190
191 190
192 190
193 190
194 190
195 189
196 189
197 188
198 187
199 186
199 185
200 184
200 183
201 182
201 181
201 180
202 179
203 178
204 177
205 177
206 177
207 177
208 177
209 177
210 177
211 177
212 177
213 177
214 177
215 177
216 177
217 177
218 177
219 177
220 177
221 177
222 177
223 177
224 177
225 177
226 177
227 177
228 177
229 177
230 177
231 177
232 177
233 177
234 177
235 176
236 176
237 176
238 176
239 175
240 175
241 175
242 175
243 175
244 175
245 175
246 175
247 175
248 175
249 176
249 177
250 178
250 179
251 180
252 181
253 181
254 181
255 181
256 181
257 181
258 180
259 180
260 179
261 178
262 178
263 177
263 176
264 175
264 174
264 173
264 172
264 171
264 170
264 169
264 168
264 167
264 166
264 165
264 164
264 163
264 162
264 161
265 160
266 159
267 159
268 158
269 158
270 157
271 157
272 156
273 156
274 155
275 155
276 154
277 153
278 152
278 151
279 150
279 149
280 148
280 147
280 146
281 145
281 144
281 143
281 142
282 141
283 140
284 140
285 139
285 138
286 137
286 136
286 135
286 134
286 133
286 132
286 131
286 130
285 129
285 128
285 127
285 126
284 125
283 124
282 124
281 124
280 124
279 124
278 124
277 124
276 124
275 124
274 124
273 124
272 124
271 124
270 124
269 124
268 124
267 124
266 124
265 124
264 124
263 124
262 124
261 124
260 124
259 124
258 124
257 124
256 124
255 124
254 124
253 124
252 123
251 123
250 123
249 123
248 122
247 121
247 120
246 119
245 119
244 118
243 117
242 116
241 115
241 114
241 113
241 112
241 111
241 110
241 109
241 108
241 107
241 106
241 105
241 104
241 103
240 102
240 101
239 100
238 100
237 99
236 99
235 98
234 97
233 97
232 96
231 96
230 96
229 96
228 96
227 96
226 96
225 96
224 96
223 96
222 96
221 96
220 96
219 96
218 96
217 96
216 96
215 96
214 96
213 96
212 96
211 96
210 96
209 96
208 96
207 96
206 95
205 95
204 95
203 95
202 95
201 95
200 95
199 95
198 94
197 94
196 94
195 94
194 94
193 94
192 94
191 94
190 94
189 94
188 94
187 94
186 94
185 94
184 94
183 94
182 94
