186 110
185 111
184 111
183 112
182 113
181 114
181 115
180 116
180 117
180 118
179 119
179 120
179 121
178 122
178 123
178 124
178 125
179 126
178 127
177 127
176 127
175 127
174 127
173 127
172 127
171 127
170 127
169 127
168 127
167 127
166 127
165 127
164 127
163 128
162 129
161 130
160 131
159 132
158 133
157 133
156 133
155 133
154 132
153 132
152 131
151 131
150 132
149 132
149 133
148 134
148 135
147 136
146 137
145 137
144 137
143 137
142 137
141 137
140 137
139 137
138 138
137 138
136 138
135 138
134 138
133 138
132 138
131 138
130 138
129 138
128 138
127 138
126 138
125 138
124 138
123 138
122 138
121 138
120 138
119 138
118 138
117 138
116 139
115 139
114 139
113 139
112 140
111 140
110 141
109 141
108 142
107 142
106 143
105 144
104 144
103 145
103 146
102 147
102 148
102 149
102 150
102 151
102 152
102 153
102 154
102 155
102 156
103 157
103 158
103 159
103 160
103 161
103 162
103 163
103 164
104 165
104 166
104 167
104 168
104 169
105 170
105 171
105 172
105 173
105 174
105 175
106 176
106 177
106 178
106 179
107 180
107 181
108 182
109 183
110 184
111 185
112 186
113 187
114 188
115 188
116 189
117 189
118 189
119 189
120 189
121 189
122 189
123 188
124 188
124 187
125 186
125 185
126 184
126 183
127 182
128 181
129 181
130 181
131 181
132 181
133 181
134 181
135 181
136 181
137 181
138 181
139 181
140 182
141 182
142 182
143 182
144 182
145 182
146 182
147 182
148 182
149 182
150 182
151 183
152 183
153 183
154 184
155 184
156 184
157 185
158 185
159 185
160 185
161 185
162 185
163 185
164 186
165 186
166 186
167 186
168 186
169 186
170 187
171 187
172 187
173 187
174 187
175 188
176 189
177 190
178 191
179 191
180 192
181 193
182 194
183 194
184 195
185 195
186 195
187 195
188 195
189 194
190 194
191 193
192 193
193 192
194 192
195 191
196 190
196 189
197 188
197 187
198 186
198 185
198 184
198 183
199 182
200 182
201 182
202 182
203 182
204 182
205 182
206 182
207 182
208 182
209 182
210 182
211 182
212 182
213 182
214 182
215 182
216 182
217 182
218 182
219 182
220 182
221 182
222 182
223 182
224 182
225 182
226 182
227 182
228 182
229 182
230 182
231 182
232 182
233 182
234 182
235 182
236 182
237 182
238 183
238 184
239 185
240 186
240 187
241 187
242 188
243 188
244 188
245 188
246 188
247 188
248 188
249 188
250 188
251 187
252 186
252 185
253 184
253 183
253 182
253 181
253 180
253 179
254 178
254 177
254 176
255 175
255 174
256 173
256 172
257 171
257 170
258 169
259 169
260 169
261 169
262 169
263 169
264 168
265 168
266 167
266 166
267 165
267 164
268 163
268 162
268 161
268 160
268 159
269 158
269 157
270 156
270 155
271 154
272 153
272 152
273 151
273 150
274 149
274 148
275 147
275 146
275 145
276 144
276 143
276 142
276 141
275 140
275 139
274 138
273 137
272 137
271 136
270 135
269 134
268 134
267 133
266 133
265 133
264 133
263 133
262 133
261 133
260 133
259 133
258 133
257 133
256 133
255 133
254 133
253 133
252 133
251 133
250 133
249 133
248 134
247 134
246 134
245 134
244 134
243 134
242 134
241 134
240 134
239 134
238 134
237 133
236 132
236 131
235 130
235 129
235 128
235 127
235 126
235 125
235 124
235 123
235 122
235 121
235 120
235 119
235 118
235 117
235 116
234 115
233 114
232 114
231 114
230 113
229 113
228 113
227 113
226 113
225 113
224 113
223 113
222 113
221 113
220 112
219 112
218 112
217 112
216 112
215 112
214 112
213 112
212 112
211 112
210 112
209 112
208 112
207 111
206 111
205 111
204 111
203 111
202 111
201 111
200 110
199 110
198 110
197 110
196 110
195 110
194 110
193 110
192 110
191 110
190 110
189 110
188 110
187 110
