191 175
190 176
189 176
188 177
187 177
187 178
186 179
186 180
185 181
185 182
185 183
186 184
186 185
187 186
187 187
187 188
187 189
187 190
186 191
185 192
184 192
183 193
182 193
181 194
180 194
179 195
178 196
177 197
176 197
175 198
174 198
173 199
172 200
171 200
171 201
170 202
170 203
170 204
170 205
170 206
170 207
169 208
169 209
169 210
169 211
169 212
168 213
167 214
166 214
165 215
164 216
163 217
162 217
161 217
160 217
159 217
158 217
157 217
156 216
156 215
156 214
156 213
155 212
155 211
155 210
154 209
154 208
153 207
153 206
152 205
151 205
150 204
149 204
148 203
147 203
146 203
145 203
144 203
143 203
142 203
141 203
140 202
139 202
138 202
137 202
136 201
135 201
134 201
133 201
132 200
131 200
130 200
129 200
128 200
127 200
126 200
125 200
124 200
123 200
122 200
121 200
120 200
119 200
118 200
117 200
116 200
115 200
114 200
113 200
112 200
111 199
110 199
109 198
108 197
107 197
106 196
105 195
104 194
103 193
102 192
101 191
100 190
99 189
99 188
98 187
97 187
96 186
95 186
94 185
93 185
92 184
91 184
90 184
89 183
88 183
87 183
86 184
85 184
84 185
83 185
83 186
82 187
82 188
81 189
81 190
81 191
80 192
80 193
79 194
79 195
78 196
78 197
77 198
77 199
76 200
76 201
75 202
74 203
74 204
73 205
74 206
75 207
76 207
77 207
78 206
79 206
80 206
81 205
82 205
83 204
84 203
85 202
86 201
87 201
88 201
89 201
90 200
91 201
91 202
91 203
91 204
92 205
92 206
92 207
93 208
93 209
94 210
95 211
96 211
97 212
98 213
99 214
100 215
100 216
100 217
100 218
100 219
100 220
100 221
100 222
100 223
100 224
100 225
100 226
100 227
100 228
100 229
100 230
100 231
100 232
100 233
100 234
100 235
100 236
99 237
99 238
99 239
99 240
99 241
98 242
98 243
98 244
98 245
98 246
98 247
97 248
97 249
97 250
98 251
99 252
100 252
101 252
102 251
103 251
103 250
104 249
104 248
104 247
104 246
104 245
104 244
104 243
104 242
104 241
104 240
104 239
105 238
106 237
107 236
107 235
108 234
108 233
109 232
109 231
110 230
110 229
111 228
112 227
113 227
114 227
115 226
116 226
117 226
118 226
119 226
120 226
121 226
122 226
123 226
124 226
125 226
126 226
127 226
128 226
129 226
130 226
131 226
132 226
133 226
134 226
135 227
136 228
136 229
137 230
137 231
137 232
138 233
138 234
138 235
139 236
139 237
139 238
139 239
139 240
139 241
139 242
139 243
139 244
139 245
139 246
139 247
139 248
140 249
140 250
141 250
142 251
143 251
144 251
145 251
146 250
147 250
148 249
149 248
149 247
149 246
149 245
149 244
149 243
149 242
149 241
149 240
149 239
149 238
149 237
149 236
149 235
149 234
149 233
149 232
149 231
150 230
151 230
152 230
153 230
154 230
155 230
156 230
157 230
158 230
159 230
160 230
161 230
162 231
162 232
162 233
162 234
162 235
162 236
162 237
162 238
162 239
162 240
162 241
163 242
163 243
163 244
163 245
163 246
163 247
163 248
163 249
164 250
164 251
165 251
166 252
167 253
168 254
169 254
170 255
171 256
172 256
173 257
174 257
175 258
176 258
177 259
178 259
179 259
180 259
181 260
182 260
183 260
184 260
185 260
186 260
187 260
188 260
189 259
190 259
191 258
192 258
193 257
194 256
195 255
195 254
196 253
196 252
197 251
197 250
197 249
197 248
198 247
198 246
198 245
198 244
198 243
198 242
198 241
198 240
198 239
198 238
198 237
198 236
198 235
198 234
198 233
198 232
198 231
197 230
197 229
196 228
196 227
196 226
196 225
196 224
197 223
198 222
199 221
200 221
201 221
202 221
203 222
203 223
204 224
204 225
205 226
206 227
206 228
207 229
207 230
208 231
208 232
209 233
209 234
209 235
209 236
210 237
210 238
210 239
211 240
211 241
212 242
213 243
213 244
214 244
215 245
216 245
217 245
218 245
219 245
220 245
221 245
222 245
223 245
224 244
225 244
226 244
227 244
228 244
229 244
230 244
231 244
232 245
232 246
233 247
233 248
234 249
234 250
235 251
236 252
236 253
237 254
237 255
238 256
238 257
239 258
240 259
241 260
242 260
243 261
244 261
245 261
246 262
247 262
248 263
249 263
250 264
251 264
252 265
253 265
254 265
255 265
256 265
257 265
258 265
259 265
260 265
261 265
262 265
263 265
264 265
265 265
266 264
267 264
268 263
269 263
270 262
271 261
272 260
272 259
273 258
273 257
274 256
275 255
276 254
276 253
277 252
277 251
277 250
278 249
278 248
278 247
278 246
278 245
278 244
278 243
278 242
278 241
278 240
278 239
278 238
278 237
278 236
278 235
278 234
278 233
278 232
277 231
277 230
276 229
276 228
275 227
274 226
273 225
272 224
272 223
272 222
272 221
271 220
271 219
271 218
271 217
271 216
271 215
271 214
271 213
271 212
271 211
271 210
271 209
271 208
271 207
271 206
270 205
270 204
269 203
268 203
267 202
266 202
265 202
264 202
263 202
262 202
261 202
260 202
259 202
258 202
257 202
256 201
255 201
254 200
253 199
252 198
251 197
250 197
249 196
248 195
248 194
247 193
247 192
246 191
246 190
246 189
245 188
245 187
244 186
244 185
243 184
243 183
242 182
241 181
240 181
239 181
238 182
238 183
237 184
236 185
235 186
235 187
234 188
234 189
233 190
233 191
232 192
232 193
232 194
232 195
232 196
231 197
230 198
229 198
228 198
227 199
226 199
225 199
224 200
223 200
222 201
221 201
220 202
220 203
219 204
219 205
218 206
218 207
218 208
218 209
217 210
216 211
215 211
214 211
213 211
212 212
211 212
210 212
209 212
208 212
207 212
206 212
205 212
204 212
203 211
203 210
203 209
203 208
203 207
203 206
202 205
202 204
202 203
202 202
202 201
201 200
201 199
201 198
201 197
201 196
201 195
201 194
201 193
201 192
200 191
200 190
200 189
199 188
199 187
199 186
198 185
198 184
197 183
197 182
197 181
197 180
197 179
197 178
196 177
196 176
195 176
194 175
193 175
192 175
