204 169
203 170
203 171
202 172
202 173
201 174
201 175
201 176
201 177
201 178
201 179
201 180
201 181
201 182
202 183
202 184
203 185
203 186
203 187
203 188
203 189
203 190
203 191
202 192
201 192
200 192
199 192
198 193
197 193
196 194
195 195
194 196
193 197
193 198
192 199
192 200
191 201
191 202
190 203
190 204
190 205
190 206
190 207
190 208
190 209
190 210
190 211
190 212
190 213
190 214
190 215
189 216
188 216
187 216
186 216
185 217
184 217
183 217
182 218
181 218
180 218
179 218
178 218
177 218
176 218
175 219
174 219
173 219
172 219
171 219
170 218
170 217
170 216
170 215
170 214
170 213
170 212
170 211
170 210
170 209
169 208
169 207
168 206
167 205
166 205
165 204
164 203
163 202
162 202
161 201
160 201
159 201
158 201
157 201
156 201
155 201
154 201
153 201
152 201
151 201
150 201
149 201
148 201
147 201
146 201
145 201
144 201
143 201
142 201
141 201
140 201
139 201
138 201
137 201
136 201
135 201
134 201
133 201
132 201
131 201
130 201
129 201
128 200
127 199
127 198
126 197
126 196
125 195
124 195
123 194
122 194
121 194
120 194
119 194
118 194
117 193
116 192
115 191
114 190
113 189
112 188
111 187
110 187
109 186
108 186
107 185
106 185
105 185
104 184
103 184
102 184
101 184
100 184
99 184
98 185
97 185
96 186
96 187
95 188
94 189
94 190
93 191
93 192
92 193
91 194
91 195
90 196
90 197
89 198
89 199
89 200
88 201
88 202
88 203
89 204
90 205
91 205
92 205
93 205
94 205
95 205
96 204
97 204
98 203
99 202
100 202
101 202
102 202
103 202
104 202
105 203
105 204
105 205
106 206
106 207
106 208
106 209
107 210
107 211
108 212
108 213
109 213
110 214
111 215
111 216
111 217
111 218
111 219
111 220
111 221
111 222
111 223
111 224
111 225
110 226
109 227
109 228
108 229
108 230
107 231
106 232
106 233
105 234
105 235
104 236
103 237
103 238
102 239
102 240
102 241
102 242
101 243
101 244
101 245
101 246
100 247
100 248
100 249
100 250
100 251
100 252
101 253
102 253
103 253
104 253
105 253
106 252
107 252
108 251
108 250
109 249
109 248
110 247
110 246
111 245
111 244
111 243
112 242
112 241
112 240
113 239
114 238
115 237
116 236
117 235
118 234
119 233
120 232
121 231
122 230
123 229
124 228
125 228
126 227
127 227
128 227
129 227
130 226
131 226
132 226
133 226
134 226
135 226
136 225
137 225
138 225
139 225
140 225
141 225
142 225
143 225
144 225
145 224
146 224
147 224
148 224
149 224
150 224
151 224
152 224
153 224
154 225
155 226
155 227
156 228
156 229
156 230
156 231
156 232
156 233
156 234
156 235
156 236
156 237
156 238
156 239
156 240
156 241
156 242
156 243
156 244
156 245
156 246
156 247
156 248
156 249
157 250
157 251
158 251
159 252
160 251
161 251
161 250
162 249
162 248
162 247
163 246
163 245
163 244
163 243
163 242
163 241
163 240
163 239
163 238
163 237
163 236
163 235
163 234
163 233
164 232
165 231
166 231
167 231
168 230
169 230
170 230
171 230
172 230
173 230
174 230
175 230
176 230
177 230
178 230
179 231
179 232
179 233
180 234
180 235
180 236
180 237
180 238
180 239
180 240
181 241
181 242
181 243
181 244
181 245
181 246
181 247
181 248
181 249
181 250
181 251
181 252
181 253
182 254
182 255
183 255
184 256
185 256
186 256
187 257
188 257
189 257
190 257
191 257
192 257
193 257
194 257
195 257
196 257
197 257
198 257
199 256
200 256
201 256
202 256
203 255
204 255
205 254
206 253
207 252
208 252
209 251
209 250
210 249
210 248
211 247
211 246
212 245
212 244
212 243
212 242
213 241
213 240
213 239
213 238
212 237
212 236
211 235
211 234
210 233
210 232
209 231
208 230
208 229
207 228
207 227
207 226
207 225
207 224
207 223
207 222
208 221
209 220
210 220
211 220
212 220
213 220
214 220
215 221
216 221
217 222
218 223
219 224
220 225
220 226
221 227
221 228
222 229
222 230
223 231
223 232
224 233
224 234
225 235
226 236
226 237
226 238
227 239
227 240
227 241
228 242
228 243
229 243
230 244
231 244
232 244
233 244
234 244
235 244
236 244
237 244
238 244
239 244
240 244
241 244
242 244
243 244
244 244
245 244
246 244
247 244
248 244
249 245
250 245
251 246
252 247
253 247
254 248
255 249
256 250
256 251
257 252
258 253
258 254
259 255
259 256
260 257
260 258
261 259
262 260
263 261
264 261
265 261
266 261
267 261
268 262
269 262
270 262
271 262
272 262
273 262
274 262
275 262
276 262
277 261
278 261
279 261
280 260
281 260
282 259
283 259
284 258
285 257
286 256
287 255
288 254
289 253
289 252
290 251
291 250
292 249
293 248
293 247
294 246
294 245
295 244
295 243
296 242
296 241
296 240
296 239
296 238
296 237
296 236
296 235
296 234
295 233
295 232
294 231
294 230
293 229
293 228
292 228
291 227
290 226
289 225
288 224
287 223
287 222
286 221
286 220
286 219
286 218
286 217
286 216
286 215
286 214
286 213
286 212
286 211
286 210
286 209
286 208
286 207
285 206
285 205
284 204
284 203
283 202
283 201
282 200
281 199
280 199
279 198
278 198
277 198
276 198
275 198
274 198
273 198
272 198
271 198
270 198
269 198
268 198
267 197
267 196
266 195
266 194
265 193
265 192
264 191
264 190
264 189
263 188
263 187
262 186
262 185
261 184
260 184
259 183
258 182
257 182
256 181
255 181
254 181
253 181
252 181
251 182
250 183
250 184
250 185
250 186
249 187
249 188
249 189
249 190
249 191
249 192
249 193
249 194
250 195
250 196
250 197
250 198
250 199
249 200
248 200
247 201
246 202
245 203
244 203
243 203
242 204
241 204
240 205
239 206
239 207
238 208
238 209
237 210
237 211
237 212
237 213
237 214
237 215
237 216
236 217
235 218
234 219
233 219
232 220
231 220
230 220
229 220
228 220
227 220
226 220
225 220
224 220
223 220
222 219
222 218
222 217
222 216
222 215
221 214
221 213
221 212
221 211
221 210
221 209
221 208
221 207
220 206
220 205
220 204
220 203
220 202
220 201
220 200
219 199
219 198
219 197
219 196
219 195
219 194
219 193
219 192
219 191
218 190
218 189
217 188
217 187
216 186
216 185
216 184
216 183
215 182
215 181
214 180
214 179
213 178
213 177
212 176
212 175
211 174
211 173
210 172
209 171
209 170
208 170
207 169
206 169
205 169
