254 175
253 176
252 176
251 177
251 178
250 179
249 180
249 181
248 182
248 183
248 184
248 185
248 186
249 187
249 188
249 189
249 190
249 191
249 192
249 193
249 194
249 195
248 196
247 196
246 197
245 197
244 198
243 198
242 198
241 198
240 198
239 199
238 199
237 200
236 200
235 201
235 202
234 203
234 204
234 205
234 206
234 207
234 208
234 209
234 210
234 211
234 212
234 213
234 214
234 215
234 216
234 217
234 218
234 219
234 220
234 221
233 222
233 223
232 224
232 225
231 226
230 226
229 226
228 227
227 227
226 227
225 227
224 227
223 227
222 227
221 227
220 227
219 226
218 225
218 224
217 223
217 222
217 221
217 220
217 219
217 218
217 217
217 216
217 215
217 214
217 213
216 212
216 211
216 210
215 209
215 208
215 207
215 206
215 205
214 204
214 203
213 202
212 202
211 201
210 201
209 201
208 201
207 201
206 201
205 201
204 201
203 201
202 201
201 201
200 201
199 201
198 201
197 201
196 201
195 201
194 201
193 201
192 201
191 201
190 201
189 201
188 201
187 201
186 201
185 201
184 201
183 201
182 201
181 201
180 201
179 201
178 201
177 201
176 201
175 201
174 201
173 200
172 200
171 199
170 198
169 197
168 196
167 195
166 194
165 193
164 192
163 192
162 191
161 191
160 190
159 189
158 189
157 188
156 188
155 188
154 188
153 188
152 188
151 188
150 188
149 188
148 188
147 188
146 188
145 188
144 188
143 188
142 188
141 188
140 188
139 189
138 190
137 191
137 192
136 193
135 194
135 195
134 196
134 197
133 198
133 199
132 200
132 201
131 202
132 203
132 204
133 204
134 205
135 205
136 205
137 205
138 205
139 204
140 204
141 203
142 203
143 202
144 202
145 201
146 201
147 201
148 201
149 202
150 203
150 204
150 205
151 206
151 207
152 208
153 209
153 210
154 211
154 212
154 213
154 214
154 215
154 216
154 217
154 218
154 219
154 220
154 221
154 222
154 223
154 224
154 225
154 226
154 227
154 228
154 229
154 230
154 231
154 232
154 233
154 234
154 235
154 236
154 237
154 238
154 239
154 240
154 241
154 242
154 243
154 244
154 245
154 246
154 247
154 248
154 249
154 250
154 251
154 252
154 253
154 254
154 255
154 256
154 257
155 258
156 259
157 259
158 260
159 260
160 260
161 260
162 260
163 260
164 259
165 259
165 258
166 257
166 256
167 255
167 254
167 253
168 252
168 251
168 250
168 249
168 248
168 247
168 246
168 245
168 244
168 243
168 242
168 241
168 240
168 239
168 238
168 237
168 236
168 235
168 234
168 233
169 232
170 232
171 232
172 232
173 232
174 232
175 232
176 232
177 232
178 232
179 232
180 232
181 232
182 232
183 232
184 232
185 232
186 232
187 232
188 232
189 232
190 232
191 232
192 232
193 232
194 232
195 232
196 232
197 232
198 232
199 233
199 234
200 235
200 236
200 237
200 238
200 239
200 240
200 241
200 242
200 243
200 244
200 245
200 246
200 247
200 248
200 249
200 250
200 251
200 252
200 253
200 254
200 255
200 256
200 257
200 258
200 259
201 260
201 261
202 261
203 262
204 262
205 263
206 263
207 263
208 263
209 263
210 263
211 263
212 263
213 262
214 261
214 260
214 259
214 258
215 257
215 256
215 255
215 254
215 253
215 252
215 251
215 250
215 249
215 248
215 247
215 246
215 245
215 244
215 243
215 242
216 241
217 241
218 241
219 241
220 241
221 241
222 241
223 241
224 241
225 241
226 241
227 242
227 243
227 244
227 245
227 246
227 247
227 248
227 249
227 250
228 251
228 252
229 253
230 254
231 255
232 256
233 257
234 257
235 258
236 258
237 259
238 259
239 260
240 260
241 261
242 261
243 261
244 261
245 261
246 261
247 261
248 261
249 261
250 261
251 261
252 261
253 260
254 259
254 258
255 257
255 256
255 255
255 254
256 253
256 252
256 251
256 250
256 249
256 248
256 247
256 246
257 245
257 244
258 243
258 242
259 241
260 241
261 241
262 241
263 241
264 241
265 241
266 241
267 241
268 241
269 241
270 241
271 241
272 241
273 241
274 241
275 241
276 240
277 240
278 240
279 240
280 240
281 240
282 240
283 240
284 239
285 239
286 239
287 239
288 239
289 239
290 239
291 239
292 240
292 241
292 242
293 243
293 244
294 245
294 246
294 247
295 248
295 249
296 250
296 251
296 252
297 253
297 254
298 255
298 256
299 257
299 258
300 259
301 260
301 261
302 262
303 263
304 263
305 264
306 265
307 265
308 266
309 266
310 267
311 267
312 267
313 268
314 268
315 268
316 268
317 269
318 269
319 269
320 269
321 269
322 269
323 269
324 269
325 269
326 269
327 269
328 269
329 269
330 269
331 268
332 268
333 267
334 267
335 266
336 266
337 265
337 264
338 263
339 262
339 261
340 260
340 259
340 258
341 257
341 256
341 255
341 254
341 253
341 252
342 251
342 250
342 249
342 248
342 247
342 246
342 245
342 244
342 243
342 242
342 241
342 240
342 239
342 238
342 237
342 236
342 235
342 234
342 233
341 232
341 231
340 230
340 229
339 228
338 227
337 226
337 225
336 224
335 223
335 222
335 221
335 220
335 219
335 218
335 217
335 216
335 215
335 214
335 213
335 212
335 211
335 210
335 209
335 208
335 207
334 206
334 205
334 204
333 203
333 202
332 201
331 200
330 200
329 199
328 199
327 199
326 199
325 199
324 199
323 199
322 199
321 199
320 199
319 199
318 199
317 199
316 199
315 199
314 199
313 198
312 197
311 196
310 195
309 194
308 193
307 192
306 191
305 191
304 190
303 190
302 189
301 189
300 189
299 189
298 188
297 188
296 187
295 187
294 187
293 188
292 188
291 189
290 190
290 191
290 192
289 193
289 194
289 195
289 196
289 197
289 198
289 199
288 200
287 200
286 200
285 201
284 201
283 202
283 203
282 204
282 205
282 206
282 207
282 208
282 209
282 210
281 211
280 212
279 213
278 214
277 215
276 216
275 217
274 217
273 217
272 217
271 218
270 218
269 218
268 218
267 217
267 216
267 215
267 214
267 213
267 212
267 211
267 210
267 209
267 208
267 207
266 206
266 205
266 204
266 203
265 202
265 201
265 200
265 199
264 198
264 197
263 196
262 195
262 194
262 193
262 192
262 191
262 190
262 189
262 188
262 187
262 186
261 185
261 184
261 183
260 182
260 181
259 180
259 179
258 178
257 177
257 176
256 176
255 175
