177 172
176 173
175 174
175 175
174 176
174 177
173 178
173 179
173 180
173 181
173 182
173 183
173 184
173 185
173 186
173 187
173 188
173 189
173 190
173 191
173 192
173 193
173 194
173 195
172 196
171 197
170 197
169 198
168 198
167 199
166 200
166 201
165 202
165 203
165 204
164 205
164 206
164 207
164 208
164 209
164 210
164 211
164 212
164 213
164 214
164 215
163 216
162 217
161 217
160 217
159 218
158 218
157 218
156 218
155 219
154 219
153 219
152 220
151 220
150 221
149 221
148 222
147 222
146 222
145 221
145 220
144 219
144 218
144 217
143 216
143 215
143 214
142 213
142 212
142 211
142 210
141 209
141 208
140 207
140 206
139 205
138 204
137 204
136 203
135 203
134 202
133 202
132 202
131 202
130 202
129 202
128 201
127 201
126 201
125 201
124 201
123 201
122 201
121 201
120 201
119 201
118 201
117 201
116 201
115 201
114 201
113 201
112 201
111 201
110 201
109 201
108 201
107 201
106 201
105 201
104 201
103 201
102 201
101 201
100 201
99 200
98 200
97 200
96 199
95 198
94 197
93 196
93 195
92 194
91 193
90 193
89 192
88 191
87 190
86 190
85 189
84 188
83 187
82 187
81 186
80 185
79 184
78 184
77 183
76 183
75 182
74 182
73 182
72 182
71 183
70 184
69 185
68 186
67 186
66 187
65 188
65 189
64 190
63 191
63 192
62 193
62 194
62 195
62 196
61 197
61 198
60 199
60 200
61 201
62 202
63 202
64 202
65 202
66 202
67 202
68 202
69 202
70 201
71 201
72 200
73 199
73 198
74 197
75 197
76 197
77 197
78 197
79 197
80 198
80 199
80 200
80 201
80 202
80 203
80 204
80 205
80 206
81 207
81 208
81 209
81 210
82 211
82 212
82 213
82 214
82 215
82 216
82 217
82 218
82 219
82 220
82 221
82 222
82 223
82 224
81 225
80 226
79 227
79 228
78 229
78 230
77 231
77 232
77 233
76 234
76 235
75 236
75 237
75 238
75 239
75 240
74 241
74 242
74 243
74 244
74 245
74 246
73 247
73 248
73 249
73 250
73 251
73 252
73 253
73 254
74 255
75 256
76 256
77 256
78 255
79 255
80 254
80 253
81 252
81 251
82 250
82 249
82 248
82 247
83 246
83 245
83 244
83 243
84 242
84 241
84 240
84 239
84 238
84 237
85 236
85 235
85 234
85 233
86 232
87 231
88 230
89 229
90 229
91 229
92 228
93 228
94 227
95 227
96 227
97 226
98 226
99 226
100 226
101 226
102 226
103 226
104 226
105 226
106 226
107 226
108 226
109 226
110 226
111 226
112 226
113 226
114 226
115 227
116 227
117 228
118 228
119 229
119 230
120 231
121 232
121 233
121 234
121 235
121 236
121 237
121 238
121 239
120 240
120 241
120 242
120 243
119 244
119 245
119 246
120 247
121 248
122 248
123 249
124 249
125 249
126 249
127 248
128 247
128 246
128 245
128 244
129 243
129 242
129 241
129 240
129 239
129 238
129 237
129 236
129 235
129 234
130 233
131 233
132 232
133 231
134 230
135 230
136 230
137 230
138 230
139 230
140 230
141 230
142 231
143 232
144 233
145 234
145 235
146 236
146 237
146 238
146 239
146 240
147 241
147 242
147 243
148 244
148 245
149 246
149 247
149 248
150 249
150 250
151 251
152 252
153 252
154 252
155 253
156 253
157 254
158 254
159 254
160 254
161 254
162 255
163 255
164 255
165 255
166 255
167 256
168 256
169 256
170 256
171 256
172 255
173 255
174 254
175 253
176 252
177 252
177 251
178 250
178 249
179 248
180 247
180 246
181 245
181 244
181 243
182 242
182 241
182 240
183 239
184 239
185 239
186 239
187 239
188 239
189 239
190 239
191 239
192 239
193 239
194 239
195 239
196 239
197 238
198 238
199 238
200 238
201 238
202 238
203 238
204 238
205 238
206 238
207 238
208 238
209 238
210 238
211 239
212 239
213 239
214 240
215 240
216 240
217 241
218 242
219 243
220 244
221 245
222 246
223 247
223 248
223 249
224 250
224 251
224 252
225 253
225 254
226 255
227 256
228 257
229 258
230 259
231 259
232 260
233 260
234 261
235 262
236 262
237 263
238 263
239 263
240 264
241 264
242 264
243 264
244 264
245 264
246 265
247 265
248 265
249 265
250 265
251 265
252 265
253 265
254 264
255 264
256 263
256 262
257 261
257 260
258 259
258 258
259 257
260 256
260 255
261 254
261 253
262 252
262 251
263 250
264 249
264 248
265 247
265 246
265 245
265 244
265 243
266 242
266 241
266 240
266 239
266 238
266 237
266 236
266 235
265 234
265 233
265 232
265 231
264 230
264 229
263 228
263 227
262 226
261 226
260 225
259 225
258 225
257 224
256 223
256 222
256 221
256 220
256 219
255 218
255 217
255 216
255 215
255 214
255 213
255 212
255 211
255 210
255 209
255 208
255 207
255 206
255 205
254 204
254 203
253 203
252 202
251 202
250 202
249 202
248 202
247 202
246 202
245 202
244 201
243 200
242 199
241 198
241 197
240 196
239 195
239 194
238 193
237 192
236 191
235 190
235 189
234 188
233 187
232 187
231 186
230 186
229 186
228 187
227 188
227 189
226 190
226 191
226 192
226 193
226 194
225 195
224 196
223 197
222 198
221 199
220 199
219 200
218 200
217 200
216 201
215 201
214 202
213 203
212 203
211 204
210 204
209 205
208 205
207 206
206 206
205 207
204 207
203 208
202 209
202 210
201 211
201 212
201 213
201 214
201 215
200 216
199 216
198 217
197 217
196 217
195 217
194 217
193 217
192 217
191 216
190 215
190 214
190 213
190 212
190 211
190 210
190 209
190 208
190 207
190 206
190 205
190 204
190 203
190 202
190 201
190 200
190 199
190 198
189 197
189 196
189 195
188 194
188 193
187 192
186 191
186 190
185 189
185 188
185 187
184 186
184 185
183 184
183 183
183 182
182 181
182 180
181 179
180 178
180 177
179 176
179 175
179 174
178 173
