178 174
178 175
177 176
177 177
176 178
176 179
175 180
175 181
175 182
175 183
175 184
175 185
175 186
175 187
175 188
175 189
175 190
175 191
174 192
173 192
172 193
171 193
170 194
169 195
169 196
168 197
168 198
167 199
167 200
167 201
167 202
167 203
167 204
167 205
167 206
167 207
167 208
167 209
167 210
167 211
167 212
167 213
167 214
166 215
165 215
164 215
163 216
162 216
161 216
160 217
159 217
158 218
157 218
156 218
155 218
154 218
153 218
152 218
151 218
150 218
149 218
148 218
147 218
146 217
146 216
145 215
145 214
145 213
145 212
144 211
144 210
144 209
144 208
144 207
143 206
143 205
143 204
142 203
142 202
141 202
140 201
139 201
138 200
137 200
136 200
135 199
134 199
133 199
132 198
131 198
130 198
129 198
128 198
127 198
126 198
125 198
124 198
123 198
122 198
121 198
120 198
119 198
118 198
117 198
116 198
115 198
114 198
113 198
112 198
111 198
110 198
109 198
108 198
107 198
106 198
105 198
104 198
103 198
102 198
101 197
100 197
99 197
98 197
97 196
96 196
95 195
95 194
94 193
93 192
92 191
92 190
91 189
91 188
90 187
89 186
88 185
87 184
86 183
85 182
84 182
83 181
82 181
81 181
80 180
79 180
78 181
77 181
76 182
76 183
75 184
74 185
73 186
73 187
72 188
72 189
71 190
70 191
70 192
69 193
69 194
68 195
68 196
67 197
66 198
65 199
65 200
64 201
65 202
66 203
67 204
68 204
69 205
70 205
71 205
72 205
73 204
74 204
75 203
75 202
76 201
76 200
77 199
78 199
79 199
80 199
81 199
82 199
83 199
84 199
85 200
85 201
85 202
85 203
85 204
85 205
86 206
86 207
86 208
86 209
86 210
87 211
87 212
87 213
87 214
87 215
87 216
87 217
87 218
87 219
87 220
87 221
87 222
87 223
87 224
87 225
87 226
87 227
87 228
87 229
87 230
86 231
85 232
85 233
84 234
84 235
83 236
83 237
83 238
82 239
82 240
81 241
81 242
81 243
81 244
81 245
81 246
81 247
81 248
82 249
83 250
84 250
85 250
86 250
87 249
88 248
88 247
89 246
89 245
90 244
90 243
90 242
90 241
90 240
91 239
91 238
92 237
92 236
93 235
93 234
94 233
95 232
96 232
97 232
98 232
99 232
100 232
101 232
102 232
103 231
104 231
105 231
106 231
107 231
108 231
109 231
110 231
111 231
112 231
113 231
114 231
115 231
116 231
117 231
118 231
119 231
120 231
121 231
122 231
123 231
124 231
125 231
126 232
127 232
128 233
129 234
129 235
129 236
129 237
129 238
129 239
129 240
128 241
128 242
127 243
127 244
127 245
127 246
127 247
128 248
129 249
130 249
131 249
132 249
133 249
134 249
135 249
136 249
137 249
138 248
139 247
139 246
140 245
140 244
141 243
140 242
140 241
140 240
140 239
140 238
140 237
140 236
140 235
140 234
140 233
141 232
142 232
143 232
144 232
145 232
146 232
147 232
148 232
149 232
150 232
151 232
152 233
152 234
152 235
152 236
152 237
152 238
152 239
152 240
152 241
152 242
152 243
152 244
152 245
152 246
152 247
153 248
153 249
154 250
154 251
155 252
155 253
156 254
157 255
158 255
159 256
160 256
161 257
162 257
163 258
164 258
165 258
166 258
167 258
168 259
169 259
170 260
171 260
172 260
173 260
174 260
175 260
176 259
177 259
178 258
179 257
179 256
180 255
180 254
181 253
182 252
182 251
183 250
183 249
183 248
183 247
183 246
183 245
183 244
183 243
183 242
183 241
183 240
183 239
183 238
183 237
183 236
183 235
183 234
183 233
183 232
183 231
183 230
183 229
183 228
183 227
183 226
183 225
183 224
183 223
183 222
183 221
183 220
184 219
185 219
186 219
187 219
188 219
189 219
190 219
191 219
192 219
193 219
194 219
195 219
196 219
197 219
198 220
198 221
199 222
199 223
200 224
200 225
201 226
201 227
202 228
202 229
202 230
202 231
202 232
203 233
203 234
203 235
203 236
204 237
205 238
206 238
207 238
208 238
209 238
210 238
211 238
212 238
213 238
214 238
215 238
216 238
217 238
218 238
219 238
220 238
221 239
222 240
223 241
224 242
225 243
225 244
225 245
226 246
226 247
226 248
226 249
227 250
227 251
228 252
228 253
229 253
230 254
231 254
232 255
233 255
234 255
235 255
236 255
237 255
238 256
239 256
240 257
241 257
242 258
243 258
244 258
245 258
246 259
247 259
248 259
249 260
250 260
251 260
252 260
253 260
254 260
255 260
256 260
257 260
258 260
259 260
260 260
261 259
262 259
263 258
264 257
265 257
266 256
267 255
268 254
268 253
269 252
269 251
269 250
269 249
269 248
269 247
269 246
269 245
269 244
269 243
269 242
269 241
269 240
269 239
269 238
268 237
268 236
268 235
268 234
267 233
267 232
266 231
266 230
265 229
265 228
264 227
263 226
262 225
261 224
260 223
260 222
260 221
260 220
260 219
260 218
260 217
260 216
260 215
260 214
260 213
260 212
260 211
260 210
260 209
260 208
260 207
260 206
260 205
260 204
259 203
258 202
257 202
256 202
255 202
254 202
253 202
252 202
251 202
250 202
249 202
248 202
247 202
246 202
245 202
244 201
243 200
242 199
241 198
241 197
240 196
240 195
239 194
238 193
238 192
238 191
237 190
237 189
236 189
235 188
234 188
233 188
232 188
231 188
230 187
229 187
228 188
227 188
227 189
226 190
226 191
225 192
225 193
224 194
224 195
223 196
223 197
223 198
223 199
223 200
223 201
223 202
222 203
221 204
220 204
219 204
218 204
217 205
216 205
215 206
214 207
213 207
212 208
212 209
211 210
211 211
210 212
209 212
208 212
207 212
206 212
205 212
204 212
203 212
202 212
201 212
200 211
199 210
198 209
197 209
196 208
195 207
194 206
193 205
193 204
192 203
191 202
191 201
190 200
190 199
189 198
189 197
188 196
188 195
188 194
188 193
188 192
188 191
188 190
188 189
188 188
188 187
187 186
187 185
187 184
187 183
187 182
186 181
186 180
185 179
184 178
183 177
183 176
182 175
181 174
180 174
179 174
