213 173
212 174
211 175
211 176
210 177
210 178
210 179
210 180
210 181
210 182
211 183
211 184
212 185
212 186
212 187
212 188
212 189
212 190
212 191
212 192
212 193
211 194
210 194
209 195
208 195
207 196
206 196
205 196
204 196
203 197
202 197
201 198
201 199
200 200
200 201
200 202
200 203
200 204
200 205
200 206
200 207
201 208
201 209
201 210
201 211
201 212
201 213
201 214
201 215
201 216
200 217
199 217
198 218
197 218
196 218
195 218
194 218
193 218
192 219
191 219
190 219
189 219
188 219
187 219
186 219
185 219
184 219
183 219
182 219
181 219
180 219
179 219
178 219
177 219
176 218
176 217
176 216
176 215
176 214
176 213
176 212
176 211
176 210
175 209
174 208
173 208
172 207
171 207
170 206
169 206
168 205
167 205
166 204
165 204
164 203
163 203
162 203
161 203
160 203
159 203
158 203
157 203
156 203
155 203
154 203
153 203
152 203
151 203
150 203
149 203
148 203
147 203
146 203
145 203
144 203
143 203
142 203
141 203
140 203
139 203
138 202
137 202
136 201
135 201
134 201
133 200
132 199
131 199
130 198
129 198
128 197
127 197
126 196
125 196
124 195
123 195
122 195
121 194
120 194
119 193
118 193
117 192
116 192
115 192
114 191
113 191
112 190
111 190
110 189
109 189
108 189
107 189
106 189
105 190
104 191
103 192
103 193
102 194
102 195
102 196
101 197
101 198
100 199
100 200
99 201
99 202
99 203
100 203
101 204
102 204
103 204
104 204
105 203
106 203
107 202
108 201
109 201
110 201
111 201
112 201
113 202
113 203
114 204
114 205
115 206
115 207
116 207
117 208
117 209
117 210
117 211
117 212
117 213
117 214
117 215
117 216
117 217
117 218
117 219
117 220
117 221
117 222
117 223
117 224
116 225
116 226
115 227
115 228
114 229
114 230
113 231
113 232
113 233
112 234
112 235
112 236
112 237
112 238
112 239
112 240
112 241
112 242
112 243
112 244
112 245
112 246
112 247
112 248
113 249
113 250
114 251
114 252
115 253
116 254
117 254
118 254
119 253
120 252
120 251
121 250
121 249
121 248
121 247
121 246
121 245
121 244
121 243
121 242
121 241
121 240
121 239
121 238
121 237
121 236
121 235
122 234
123 233
124 232
125 231
126 231
127 230
128 230
129 229
130 229
131 229
132 229
133 229
134 228
135 228
136 228
137 228
138 228
139 227
140 227
141 227
142 227
143 227
144 227
145 226
146 226
147 226
148 226
149 226
150 226
151 226
152 226
153 225
154 225
155 225
156 225
157 225
158 225
159 225
160 226
161 227
161 228
162 229
162 230
163 231
164 232
165 233
166 234
166 235
167 236
168 237
168 238
168 239
168 240
168 241
168 242
168 243
168 244
168 245
168 246
168 247
168 248
168 249
168 250
168 251
168 252
168 253
169 254
169 255
170 255
171 256
172 255
173 254
173 253
173 252
173 251
173 250
173 249
173 248
173 247
173 246
173 245
173 244
173 243
173 242
173 241
173 240
173 239
173 238
173 237
173 236
173 235
173 234
173 233
173 232
173 231
173 230
174 229
175 229
176 228
177 228
178 228
179 228
180 228
181 228
182 228
183 227
184 227
185 227
186 227
187 227
188 228
188 229
188 230
188 231
188 232
188 233
188 234
188 235
188 236
188 237
188 238
188 239
188 240
188 241
188 242
188 243
188 244
188 245
189 246
189 247
189 248
189 249
190 250
190 251
191 252
191 253
192 254
192 255
193 255
194 256
195 257
195 258
196 259
197 259
198 260
199 260
200 260
201 261
202 261
203 261
204 261
205 261
206 261
207 261
208 261
209 260
210 260
211 259
212 258
213 258
214 257
214 256
215 255
215 254
216 253
217 252
217 251
218 250
218 249
219 248
219 247
219 246
219 245
219 244
219 243
219 242
219 241
219 240
219 239
219 238
219 237
219 236
219 235
219 234
219 233
219 232
219 231
219 230
219 229
219 228
218 227
218 226
217 225
216 224
216 223
217 222
218 222
219 222
220 222
221 222
222 222
223 222
224 222
225 222
226 222
227 222
228 222
229 223
230 224
230 225
231 226
232 227
232 228
233 229
233 230
234 231
235 232
235 233
235 234
236 235
236 236
236 237
237 238
237 239
238 240
238 241
239 242
239 243
239 244
240 245
240 246
241 247
242 248
243 248
244 249
245 249
246 249
247 250
248 250
249 250
250 250
251 250
252 250
253 250
254 250
255 250
256 250
257 250
258 250
259 250
260 250
261 250
262 250
263 250
264 251
264 252
265 253
266 254
266 255
267 256
267 257
268 258
269 259
270 259
271 260
272 260
273 261
274 261
275 262
276 262
277 262
278 263
279 263
280 263
281 263
282 263
283 263
284 264
285 264
286 264
287 264
288 264
289 264
290 264
291 264
292 264
293 264
294 263
295 263
296 262
297 262
298 261
299 260
299 259
300 258
301 257
302 256
302 255
303 254
303 253
303 252
304 251
304 250
304 249
305 248
305 247
305 246
305 245
305 244
305 243
305 242
305 241
305 240
305 239
304 238
304 237
303 236
302 235
302 234
301 233
300 232
299 231
298 230
297 229
296 229
295 228
294 227
293 226
292 225
291 224
290 223
290 222
290 221
290 220
290 219
290 218
290 217
290 216
290 215
290 214
290 213
290 212
290 211
290 210
290 209
290 208
290 207
290 206
290 205
289 204
288 203
287 202
286 202
285 201
284 201
283 201
282 200
281 200
280 199
280 198
279 197
278 196
278 195
277 195
276 194
275 193
275 192
274 191
273 190
272 189
271 188
271 187
270 186
269 185
268 185
267 184
266 184
265 184
264 184
263 184
262 184
261 184
260 185
259 185
258 186
258 187
257 188
257 189
256 190
256 191
256 192
257 193
257 194
258 195
258 196
258 197
258 198
258 199
257 200
256 201
255 201
254 202
253 202
252 202
251 203
250 203
249 203
248 204
247 204
247 205
246 206
246 207
245 208
245 209
245 210
245 211
245 212
245 213
245 214
245 215
245 216
244 217
243 217
242 217
241 217
240 217
239 217
238 217
237 217
236 217
235 217
234 217
233 217
232 217
231 217
230 217
229 216
228 215
227 214
227 213
227 212
227 211
226 210
226 209
226 208
226 207
225 206
225 205
225 204
225 203
224 202
224 201
224 200
223 199
223 198
223 197
222 196
222 195
221 194
221 193
220 192
220 191
220 190
220 189
220 188
220 187
220 186
220 185
220 184
220 183
220 182
220 181
220 180
219 179
219 178
219 177
218 176
218 175
217 174
216 174
215 173
214 173
