260 174
259 175
258 176
258 177
258 178
258 179
258 180
259 181
259 182
259 183
259 184
259 185
259 186
259 187
259 188
259 189
259 190
259 191
259 192
259 193
258 194
257 195
256 195
255 195
254 195
253 195
252 195
251 195
250 196
249 196
248 196
247 197
246 197
245 198
244 199
244 200
243 201
243 202
243 203
242 204
242 205
241 206
241 207
240 208
239 209
239 210
238 211
238 212
237 213
236 214
236 215
235 216
235 217
235 218
235 219
235 220
235 221
235 222
235 223
235 224
234 225
234 226
233 227
232 227
231 227
230 227
229 226
228 225
228 224
227 223
227 222
227 221
227 220
227 219
227 218
227 217
227 216
227 215
226 214
226 213
226 212
226 211
225 210
225 209
224 208
224 207
223 206
223 205
222 204
221 203
221 202
220 201
219 201
218 200
217 200
216 200
215 200
214 200
213 200
212 200
211 200
210 200
209 200
208 200
207 200
206 200
205 200
204 200
203 200
202 200
201 200
200 199
199 199
198 199
197 199
196 199
195 199
194 199
193 199
192 199
191 199
190 199
189 199
188 199
187 199
186 199
185 199
184 199
183 199
182 199
181 198
180 198
179 198
178 198
177 198
176 197
175 197
174 196
173 196
172 195
171 194
170 193
169 192
168 191
167 190
166 189
165 188
164 187
163 186
162 185
162 184
161 184
160 183
159 183
158 183
157 184
156 184
155 184
154 185
153 185
152 186
151 187
150 188
150 189
149 190
148 191
147 192
146 193
146 194
145 195
145 196
145 197
145 198
145 199
146 200
146 201
146 202
146 203
146 204
147 205
148 206
149 205
150 205
150 204
151 203
151 202
151 201
152 200
152 199
153 198
154 197
155 198
155 199
155 200
155 201
156 202
156 203
156 204
156 205
157 206
157 207
157 208
158 209
158 210
158 211
158 212
159 213
159 214
159 215
160 216
160 217
161 218
162 219
163 220
164 221
164 222
165 223
166 224
166 225
166 226
166 227
166 228
166 229
166 230
166 231
166 232
166 233
166 234
166 235
166 236
166 237
166 238
166 239
166 240
166 241
166 242
166 243
166 244
166 245
166 246
166 247
166 248
166 249
166 250
166 251
166 252
165 253
166 254
166 255
167 255
168 255
169 255
170 254
171 254
172 253
173 252
173 251
174 250
174 249
175 248
175 247
175 246
175 245
176 244
176 243
176 242
177 241
177 240
177 239
177 238
177 237
178 236
179 235
179 234
180 233
180 232
180 231
181 230
182 229
183 228
184 228
185 227
186 227
187 227
188 226
189 225
190 225
191 225
192 225
193 225
194 225
195 225
196 225
197 225
198 225
199 225
200 225
201 225
202 225
203 226
204 227
204 228
205 229
206 230
206 231
206 232
206 233
206 234
206 235
206 236
206 237
206 238
206 239
206 240
206 241
206 242
206 243
206 244
206 245
205 246
204 247
203 248
202 248
201 249
201 250
200 251
200 252
200 253
200 254
200 255
201 256
202 257
203 257
204 257
205 257
206 257
207 257
208 257
209 257
210 257
211 257
212 257
213 257
214 257
215 257
216 257
217 256
218 256
219 256
220 255
221 255
222 254
223 253
223 252
223 251
223 250
223 249
223 248
222 247
222 246
222 245
222 244
222 243
222 242
222 241
222 240
222 239
222 238
222 237
222 236
222 235
222 234
222 233
223 232
224 232
225 233
226 233
227 234
228 234
229 235
230 235
231 235
232 235
233 235
234 235
235 236
236 237
236 238
237 239
237 240
237 241
237 242
237 243
237 244
238 245
238 246
238 247
238 248
238 249
239 250
239 251
239 252
239 253
240 254
240 255
240 256
241 257
241 258
242 258
243 259
244 259
245 259
246 259
247 259
248 259
249 259
250 259
251 259
252 259
253 259
254 259
255 259
256 259
257 259
258 258
259 258
260 257
261 256
262 256
263 255
264 254
265 253
266 252
267 251
267 250
267 249
267 248
267 247
267 246
267 245
267 244
267 243
267 242
267 241
267 240
267 239
267 238
266 237
266 236
265 235
264 234
263 233
263 232
262 231
261 230
260 229
260 228
260 227
260 226
260 225
261 224
261 223
262 222
263 222
264 222
265 222
266 222
267 222
268 222
269 222
270 222
271 222
272 222
273 222
274 223
275 224
275 225
276 226
276 227
276 228
276 229
276 230
276 231
276 232
276 233
277 234
277 235
277 236
277 237
278 238
278 239
279 240
280 241
281 241
282 241
283 241
284 241
285 241
286 241
287 241
288 241
289 241
290 241
291 241
292 241
293 241
294 241
295 241
296 241
297 241
298 242
298 243
299 244
299 245
300 246
300 247
301 248
301 249
302 250
302 251
303 252
304 253
305 254
306 254
307 255
308 255
309 256
310 256
311 256
312 256
313 256
314 256
315 256
316 256
317 257
317 258
317 259
318 260
318 261
319 262
320 263
321 264
321 265
322 266
323 266
324 267
325 267
326 267
327 267
328 267
329 267
330 267
331 267
332 267
333 266
334 266
335 265
336 265
337 264
338 264
339 263
340 263
341 263
342 262
343 262
343 261
344 260
345 259
346 258
347 257
347 256
348 255
349 254
350 253
350 252
350 251
350 250
350 249
350 248
350 247
350 246
350 245
350 244
350 243
350 242
350 241
350 240
350 239
350 238
350 237
350 236
350 235
350 234
350 233
350 232
350 231
350 230
350 229
349 229
348 228
348 227
347 226
346 225
345 224
344 223
343 222
343 221
342 220
342 219
342 218
342 217
342 216
342 215
342 214
342 213
342 212
342 211
342 210
342 209
342 208
342 207
342 206
341 205
340 204
339 204
338 204
337 203
336 203
335 202
334 201
333 200
332 199
331 199
330 198
329 198
328 198
327 198
326 198
325 198
324 197
323 197
322 196
322 195
321 195
320 194
319 194
318 193
317 193
316 192
315 192
314 192
313 192
312 192
311 191
310 191
309 191
308 190
307 190
306 190
305 189
304 189
303 189
302 189
301 189
300 189
299 190
298 191
298 192
298 193
298 194
297 195
297 196
297 197
297 198
297 199
297 200
297 201
296 202
295 202
294 202
293 203
292 204
292 205
291 206
291 207
291 208
290 209
289 210
288 211
288 212
288 213
288 214
288 215
287 216
286 217
285 217
284 217
283 217
282 217
281 217
280 216
279 215
279 214
279 213
278 212
278 211
277 210
277 209
276 208
276 207
275 206
275 205
275 204
274 203
274 202
274 201
274 200
274 199
274 198
273 197
273 196
273 195
272 194
272 193
271 192
271 191
271 190
270 189
270 188
270 187
269 186
269 185
268 184
267 183
266 182
265 181
264 180
263 179
263 178
262 177
262 176
261 175
