44 1
43 2
42 2
41 2
40 3
39 3
38 3
37 4
36 5
35 6
34 6
33 6
32 7
31 7
30 7
29 7
28 8
27 8
26 8
25 8
24 9
23 9
22 9
21 10
20 10
19 11
18 12
17 12
16 13
15 14
14 15
13 16
12 17
11 18
10 19
9 20
8 21
7 22
6 23
6 24
6 25
6 26
7 26
8 27
9 27
10 27
11 27
12 26
13 26
14 25
15 25
16 24
17 23
18 23
19 22
20 21
21 20
22 20
23 21
22 22
21 23
21 24
20 25
19 26
19 27
19 28
19 29
19 30
18 31
18 32
17 33
17 34
17 35
17 36
18 37
18 38
18 39
18 40
19 41
19 42
18 43
17 44
17 45
16 46
16 47
15 48
15 49
14 50
13 51
13 52
12 53
12 54
11 55
10 56
10 57
9 58
8 59
7 60
6 61
5 62
4 63
3 64
3 65
2 66
2 67
2 68
1 69
1 70
1 71
1 72
1 73
1 74
2 75
2 76
2 77
2 78
2 79
3 79
4 80
5 81
6 81
7 82
8 82
9 82
10 82
11 82
12 82
13 82
14 82
15 82
16 82
17 82
18 82
19 82
20 81
21 81
22 81
23 81
24 81
25 80
26 80
27 80
28 81
29 81
30 82
31 82
32 82
33 82
34 82
35 83
36 83
37 84
38 84
39 84
40 85
41 85
42 85
43 85
44 85
45 85
46 85
47 85
48 86
49 86
50 86
51 86
52 85
53 85
54 85
55 85
56 85
57 85
58 84
59 85
60 85
61 85
62 85
63 85
64 85
65 85
66 86
67 87
68 88
69 89
70 90
71 91
72 92
73 93
73 94
74 95
74 96
75 97
75 98
76 99
76 100
76 101
76 102
76 103
76 104
76 105
77 106
77 107
77 108
77 109
77 110
77 111
77 112
77 113
77 114
78 115
78 116
78 117
78 118
78 119
78 120
78 121
78 122
78 123
78 124
78 125
78 126
78 127
78 128
78 129
78 130
78 131
77 132
77 133
77 134
77 135
77 136
77 137
77 138
77 139
77 140
77 141
77 142
76 143
76 144
76 145
76 146
76 147
76 148
76 149
76 150
77 151
77 152
77 153
77 154
77 155
77 156
77 157
77 158
77 159
78 160
78 161
78 162
78 163
79 164
79 165
79 166
80 167
80 168
81 169
81 170
82 171
82 172
83 173
83 174
84 175
85 176
85 177
86 178
87 179
87 180
88 181
89 182
90 183
91 184
91 185
92 186
93 187
94 188
95 189
96 190
97 190
98 191
99 192
99 193
100 193
101 194
102 194
103 195
104 196
105 197
106 197
107 198
108 198
109 198
110 199
111 199
112 200
113 200
114 200
115 200
116 199
117 199
118 199
119 199
120 200
121 200
122 200
123 201
123 202
123 203
124 204
124 205
125 206
125 207
125 208
126 209
127 210
127 211
127 212
127 213
127 214
127 215
127 216
127 217
127 218
127 219
127 220
126 221
126 222
126 223
125 224
125 225
125 226
125 227
125 228
125 229
124 230
124 231
124 232
123 233
122 234
122 235
121 236
120 237
120 238
119 239
118 240
117 241
117 242
116 243
115 244
114 245
113 246
112 246
111 247
111 248
111 249
111 250
111 251
111 252
112 252
113 252
114 253
114 254
115 254
116 254
117 255
118 255
119 255
120 255
121 255
122 255
123 255
124 255
125 255
126 255
127 254
128 254
129 254
130 254
131 253
132 253
133 253
134 252
135 252
136 251
137 250
138 249
139 249
140 248
140 247
141 246
141 245
142 244
142 243
142 242
143 241
143 240
144 239
144 238
144 237
144 236
143 235
143 234
142 233
141 232
141 231
141 230
141 229
141 228
141 227
141 226
141 225
140 224
140 223
140 222
140 221
140 220
140 219
140 218
141 217
141 216
141 215
141 214
141 213
141 212
141 211
141 210
142 209
143 209
143 208
143 207
144 206
145 206
145 205
145 204
145 203
144 203
143 202
144 201
144 200
144 199
144 198
144 197
144 196
144 195
144 194
144 193
144 192
144 191
145 190
146 190
147 189
148 189
149 189
150 188
151 188
152 188
153 189
154 190
154 191
154 192
155 193
155 194
155 195
155 196
155 197
155 198
155 199
155 200
156 201
156 202
156 203
156 204
156 205
157 206
157 207
157 208
158 209
159 210
159 211
160 212
161 213
161 214
161 215
162 216
162 217
163 218
163 219
163 220
163 221
163 222
163 223
163 224
163 225
163 226
163 227
162 228
162 229
162 230
162 231
162 232
162 233
161 234
161 235
161 236
161 237
161 238
161 239
161 240
160 241
159 241
158 242
157 243
156 244
155 245
154 245
154 246
153 247
152 248
152 249
151 250
150 250
149 250
149 251
148 252
147 253
146 254
145 255
145 256
144 257
144 258
144 259
144 260
144 261
144 262
145 262
146 262
147 263
148 263
149 264
150 264
151 264
152 264
153 264
154 264
155 265
156 265
157 265
158 265
159 264
160 264
161 264
162 264
163 264
164 264
165 263
166 263
167 263
168 263
169 262
170 262
171 261
172 260
173 259
173 258
173 257
173 256
174 255
174 254
174 253
175 252
175 251
176 250
176 249
177 248
177 247
177 246
178 245
179 244
179 243
179 242
179 241
178 240
178 239
178 238
178 237
178 236
178 235
178 234
178 233
178 232
178 231
178 230
178 229
178 228
178 227
178 226
178 225
178 224
178 223
178 222
178 221
178 220
178 219
178 218
178 217
178 216
178 215
178 214
178 213
178 212
178 211
179 210
179 209
179 208
180 207
180 206
180 205
180 204
181 203
181 202
181 201
181 200
180 199
181 198
181 197
181 196
181 195
181 194
181 193
181 192
181 191
181 190
182 189
182 188
182 187
182 186
182 185
183 184
183 183
183 182
184 181
185 181
186 180
187 180
188 180
189 180
190 180
191 180
192 180
193 180
194 179
195 180
196 180
197 180
198 180
199 180
200 180
201 180
202 180
203 180
204 180
205 180
206 180
207 179
208 179
209 179
210 179
211 179
212 179
213 179
214 179
215 179
216 179
217 179
218 179
219 179
220 180
221 180
222 180
223 180
224 180
225 180
226 180
227 181
228 181
229 181
230 181
231 181
232 182
233 182
234 182
235 182
236 182
237 182
238 182
239 183
240 183
241 183
242 183
243 183
244 184
245 184
246 184
247 184
248 184
249 184
250 184
251 184
252 184
253 185
254 185
255 185
256 185
257 185
258 185
259 185
260 185
261 185
262 185
263 185
264 185
265 185
266 185
267 185
268 185
269 185
270 185
271 185
272 185
273 185
274 185
275 185
276 185
277 185
278 185
279 185
280 185
281 185
282 185
283 184
284 184
285 184
286 183
287 183
288 183
289 183
290 182
291 182
292 182
293 181
294 181
295 180
296 180
297 180
298 180
299 179
300 179
301 178
302 178
303 178
304 177
305 177
306 176
307 175
308 175
309 175
310 174
311 173
312 173
313 172
314 172
315 172
316 171
317 171
318 171
319 171
320 171
321 170
322 170
323 169
324 169
325 169
326 170
327 170
328 170
329 171
330 172
330 173
331 173
332 174
333 174
334 174
335 175
336 175
337 176
338 176
339 176
340 177
341 177
342 177
343 178
343 179
343 180
343 181
343 182
343 183
343 184
344 185
345 186
345 187
345 188
346 189
346 190
346 191
347 192
347 193
347 194
347 195
347 196
348 197
348 198
348 199
348 200
349 201
349 202
349 203
350 204
350 205
350 206
350 207
350 208
349 209
349 210
349 211
349 212
349 213
349 214
349 215
349 216
348 217
348 218
348 219
347 220
347 221
347 222
347 223
347 224
346 225
346 226
345 227
345 228
345 229
345 230
345 231
345 232
344 233
343 234
343 235
343 236
342 237
342 238
341 239
340 240
339 241
338 241
338 242
337 243
337 244
336 245
335 246
335 247
334 248
333 249
332 250
331 251
331 252
330 253
329 254
329 255
329 256
329 257
329 258
329 259
330 260
331 261
332 261
333 261
334 261
335 261
336 261
337 261
338 261
339 261
340 262
341 262
342 262
343 262
344 262
345 262
346 261
347 260
348 260
349 259
350 259
351 258
352 258
353 257
354 257
355 256
355 255
356 254
357 254
358 253
358 252
358 251
359 250
360 250
361 249
361 248
361 247
361 246
361 245
361 244
361 243
361 242
361 241
361 240
361 239
361 238
362 237
362 236
362 235
362 234
362 233
363 232
363 231
363 230
363 229
363 228
363 227
363 226
364 225
364 224
364 223
364 222
363 221
364 220
364 219
364 218
364 217
365 216
365 215
365 214
365 213
366 212
367 211
367 210
367 209
368 208
369 207
369 206
369 205
369 204
369 203
370 202
370 201
370 200
371 199
371 198
371 197
372 196
373 195
373 194
373 193
373 192
373 191
373 190
373 189
372 188
372 187
372 186
371 185
371 184
371 183
370 182
370 181
369 180
369 179
369 178
369 177
368 176
368 175
369 174
370 174
371 174
372 174
373 175
373 176
374 177
374 178
375 179
376 180
377 181
378 182
378 183
379 184
379 185
380 186
381 187
381 188
382 189
382 190
382 191
383 192
383 193
384 194
384 195
384 196
385 197
385 198
385 199
386 200
386 201
387 202
388 203
388 204
389 205
389 206
390 207
390 208
390 209
391 210
391 211
392 212
391 213
391 214
391 215
391 216
392 217
392 218
392 219
392 220
392 221
392 222
392 223
392 224
392 225
392 226
392 227
392 228
392 229
392 230
392 231
392 232
392 233
392 234
392 235
392 236
392 237
392 238
392 239
392 240
392 241
392 242
392 243
391 244
391 245
391 246
391 247
391 248
391 249
391 250
390 251
389 251
389 252
388 253
387 254
387 255
386 256
386 257
385 258
385 259
384 260
383 261
383 262
382 263
381 263
381 264
380 265
379 266
379 267
379 268
379 269
379 270
380 271
380 272
381 272
382 272
383 272
384 272
385 273
386 273
387 273
388 273
389 273
390 273
391 273
392 273
393 273
394 273
394 272
395 271
396 271
397 271
398 271
399 271
400 271
401 271
401 270
402 269
403 269
404 269
405 268
406 267
406 266
407 265
407 264
407 263
407 262
407 261
408 260
409 260
410 260
411 260
411 259
412 258
412 257
412 256
412 255
412 254
412 253
411 252
412 251
412 250
412 249
412 248
412 247
411 246
411 245
411 244
411 243
410 242
410 241
410 240
410 239
410 238
410 237
410 236
410 235
410 234
410 233
410 232
410 231
410 230
409 229
409 228
409 227
409 226
409 225
409 224
409 223
409 222
409 221
409 220
409 219
409 218
409 217
409 216
410 215
410 214
410 213
410 212
410 211
410 210
411 209
411 208
411 207
411 206
411 205
411 204
411 203
411 202
411 201
412 200
413 199
413 198
413 197
414 196
414 195
414 194
414 193
414 192
414 191
414 190
413 189
413 188
413 187
412 186
412 185
412 184
411 183
411 182
410 181
410 180
409 179
408 178
408 177
408 176
407 175
407 174
407 173
407 172
407 171
407 170
406 169
406 168
406 167
406 166
406 165
407 164
408 163
408 162
409 161
410 160
411 159
412 158
412 157
413 156
414 155
414 154
415 153
416 152
416 151
417 150
418 149
418 148
419 147
419 146
420 145
421 144
421 143
422 142
423 143
423 144
423 145
423 146
423 147
424 148
424 149
424 150
424 151
424 152
424 153
424 154
424 155
425 156
424 157
424 158
424 159
424 160
424 161
424 162
424 163
424 164
423 165
423 166
422 167
422 168
422 169
422 170
422 171
421 172
421 173
421 174
421 175
421 176
420 177
420 178
420 179
419 180
419 181
419 182
419 183
419 184
419 185
419 186
419 187
419 188
419 189
419 190
419 191
419 192
419 193
419 194
420 195
420 196
420 197
420 198
420 199
420 200
421 201
421 202
421 203
421 204
421 205
421 206
422 207
422 208
422 209
422 210
422 211
422 212
423 213
424 214
424 215
424 216
424 217
424 218
425 219
425 220
426 221
426 222
426 223
426 224
427 225
427 226
427 227
428 228
428 229
428 230
428 231
428 232
428 233
429 234
429 235
429 236
429 237
429 238
429 239
429 240
430 240
431 240
432 240
432 239
432 238
432 237
432 236
432 235
433 234
434 234
434 233
434 232
434 231
434 230
434 229
434 228
435 227
435 226
435 225
435 224
435 223
435 222
435 221
435 220
435 219
435 218
435 217
435 216
435 215
435 214
435 213
435 212
435 211
435 210
435 209
435 208
435 207
435 206
434 205
434 204
434 203
434 202
433 201
434 200
434 199
434 198
434 197
434 196
435 195
435 194
435 193
435 192
435 191
435 190
435 189
435 188
435 187
436 186
436 185
436 184
436 183
436 182
436 181
436 180
436 179
436 178
436 177
436 176
436 175
436 174
436 173
436 172
436 171
436 170
436 169
436 168
435 167
435 166
435 165
435 164
435 163
435 162
434 161
434 160
434 159
433 158
433 157
433 156
433 155
432 154
432 153
432 152
431 151
431 150
431 149
431 148
431 147
431 146
431 145
431 144
431 143
430 142
430 141
430 140
430 139
430 138
430 137
430 136
430 135
430 134
430 133
430 132
430 131
430 130
429 129
429 128
430 127
430 126
430 125
430 124
430 123
430 122
430 121
430 120
431 119
431 118
431 117
431 116
431 115
431 114
431 113
431 112
431 111
431 110
431 109
432 108
432 107
432 106
432 105
432 104
433 103
433 102
433 101
433 100
434 99
434 98
434 97
434 96
434 95
435 94
435 93
435 92
435 91
435 90
435 89
436 88
436 87
437 86
437 85
437 84
438 83
438 82
439 81
440 80
440 79
441 78
441 77
442 76
442 75
443 74
443 73
443 72
443 71
443 70
443 69
443 68
443 67
443 66
443 65
443 64
443 63
443 62
443 61
443 60
443 59
443 58
443 57
443 56
443 55
443 54
443 53
443 52
443 51
443 50
443 49
442 48
442 47
442 46
442 45
441 44
441 43
441 42
440 41
440 40
440 39
440 38
439 37
439 36
438 36
437 35
436 34
436 33
435 32
434 31
435 30
435 29
435 28
435 27
434 26
433 25
432 24
431 23
430 22
429 22
428 21
427 20
426 20
425 19
424 19
423 18
422 18
421 18
420 18
419 18
418 17
417 17
416 17
415 17
414 17
413 17
412 17
411 17
410 17
409 17
408 17
407 17
406 17
405 17
404 17
403 17
402 17
401 17
400 17
399 17
398 16
397 16
396 16
395 16
394 16
393 16
392 16
391 16
390 16
389 15
388 15
387 15
386 15
385 15
384 15
383 15
382 15
381 15
380 15
379 15
378 15
377 15
376 15
375 15
374 15
373 15
372 15
371 15
370 15
369 15
368 15
367 15
366 15
365 15
364 15
363 15
362 15
361 15
360 15
359 15
358 15
357 15
356 15
355 15
354 15
353 14
352 14
351 14
350 14
349 14
348 14
347 14
346 14
345 15
344 15
343 15
342 15
341 15
340 15
339 15
338 15
337 15
336 15
335 15
334 15
333 15
332 15
331 15
330 15
329 15
328 15
327 16
326 16
325 16
324 16
323 16
322 16
321 16
320 16
319 17
318 17
317 17
316 17
315 17
314 17
313 17
312 17
311 18
310 18
309 18
308 18
307 18
306 18
305 19
304 19
303 19
302 19
301 19
300 19
299 19
298 19
297 19
296 20
295 20
294 20
293 20
292 20
291 20
290 20
289 21
288 21
287 21
286 21
285 21
284 21
283 21
282 21
281 21
280 21
279 21
278 21
277 21
276 21
275 22
274 22
273 22
272 22
271 22
270 22
269 22
268 22
267 22
266 22
265 22
264 22
263 22
262 22
261 22
260 22
259 22
258 22
257 22
256 22
255 22
254 22
253 22
252 22
251 22
250 22
249 22
248 22
247 22
246 22
245 22
244 22
243 22
242 22
241 22
240 22
239 22
238 22
237 21
236 21
235 21
234 21
233 21
232 21
231 21
230 21
229 21
228 21
227 21
226 21
225 21
224 20
223 20
222 20
221 20
220 20
219 20
218 20
217 20
216 20
215 20
214 19
213 19
212 19
211 19
210 19
209 19
208 19
207 19
206 19
205 19
204 18
203 18
202 18
201 18
200 18
199 18
198 18
197 17
196 17
195 17
194 17
193 17
192 17
191 18
190 17
189 17
188 17
187 17
186 17
185 17
184 17
183 17
182 17
181 17
180 17
179 17
178 17
177 17
176 17
175 17
174 17
173 17
172 17
171 17
170 17
169 17
168 17
167 17
166 17
165 17
164 17
163 17
162 17
161 17
160 17
159 17
158 17
157 17
156 17
155 17
154 17
153 17
152 17
151 17
150 17
149 17
148 17
147 17
146 17
145 17
144 17
143 17
142 17
141 17
140 17
139 17
138 17
137 17
136 17
135 18
134 18
133 18
132 18
131 18
130 18
129 18
128 18
127 18
126 18
125 18
124 18
123 18
122 18
121 18
120 18
119 18
118 17
117 17
116 17
115 17
114 17
113 17
112 16
111 16
110 16
109 16
108 16
107 16
106 16
105 16
104 16
103 16
102 15
101 15
100 15
99 15
98 16
97 16
96 16
95 16
94 16
93 15
93 14
92 13
92 12
91 12
90 12
89 11
88 11
87 11
86 11
85 11
84 11
83 11
82 11
81 11
80 11
79 11
78 12
77 12
76 12
75 13
74 13
73 14
72 15
71 15
70 14
70 13
69 12
69 11
68 11
67 10
66 9
65 9
64 8
64 7
63 6
62 5
61 5
60 4
59 4
58 3
57 2
56 2
55 2
54 2
53 2
52 1
51 1
50 1
49 1
48 1
47 1
46 1
45 1
