181 23
180 24
179 24
178 25
177 26
177 27
176 28
176 29
175 30
175 31
175 32
175 33
174 34
174 35
174 36
174 37
174 38
174 39
174 40
175 41
175 42
176 43
177 43
178 44
177 45
176 45
177 46
177 47
176 48
176 49
175 50
174 51
174 52
173 53
172 53
171 53
170 53
169 54
168 54
167 55
166 55
165 56
164 56
163 56
162 56
161 57
160 58
159 57
158 57
157 58
156 58
155 57
155 58
154 59
153 58
152 57
152 58
151 59
150 58
149 58
148 58
147 58
146 58
145 59
144 58
143 59
142 60
141 59
141 60
140 61
139 61
139 62
139 63
138 64
137 64
137 65
136 66
135 67
134 67
134 68
134 69
133 70
134 71
134 72
134 73
135 73
136 74
136 75
137 76
138 77
138 78
139 78
140 79
141 79
142 80
141 81
142 82
143 83
144 84
145 84
146 85
145 86
146 87
147 87
148 88
149 88
150 89
151 88
152 88
153 89
154 88
155 89
156 90
157 91
158 92
159 92
160 92
161 93
162 94
163 94
164 95
164 96
164 97
165 97
166 98
167 99
168 100
169 101
170 100
171 101
171 102
172 102
173 103
174 103
175 103
176 104
177 105
177 106
178 107
177 108
178 109
179 110
178 111
178 112
178 113
178 114
178 115
177 116
178 117
177 118
177 119
177 120
176 121
176 122
177 123
176 124
176 125
176 126
176 127
175 128
176 129
175 130
174 130
175 131
175 132
175 133
174 134
174 135
175 136
175 137
174 138
175 139
175 140
174 141
175 142
174 143
174 144
175 145
174 146
175 147
174 148
174 149
174 150
174 151
174 152
174 153
174 154
173 155
174 156
173 157
172 157
172 158
171 159
171 160
171 161
172 162
171 163
170 163
170 164
171 165
170 166
169 166
169 167
168 168
169 169
169 170
168 171
168 172
168 173
167 174
166 174
166 175
167 176
166 177
166 178
165 179
164 179
165 180
165 181
164 182
163 182
164 183
164 184
164 185
163 186
164 187
163 188
162 188
163 188
164 189
163 190
162 191
163 192
162 193
161 194
162 195
161 196
162 197
161 198
161 199
160 200
159 201
160 202
161 203
160 204
159 204
159 205
160 205
161 206
161 207
160 208
161 209
160 210
161 211
160 212
159 212
160 213
161 214
160 215
161 216
162 217
161 218
162 219
162 220
162 221
163 222
163 223
163 224
164 225
164 226
165 227
166 228
166 229
167 230
167 231
168 232
169 232
170 233
170 234
171 234
172 235
173 236
173 237
174 238
173 239
172 240
171 241
170 241
170 242
169 243
168 243
168 244
167 245
166 246
165 247
164 248
165 249
164 250
163 251
163 252
163 253
163 254
163 255
162 256
161 256
160 257
160 258
159 259
158 260
157 260
157 261
156 262
155 262
155 263
154 264
153 265
152 265
152 266
151 267
150 268
150 269
149 270
148 269
147 270
147 271
146 272
145 272
144 272
143 273
142 274
141 274
140 274
140 275
139 276
138 276
138 277
137 278
136 278
136 279
135 280
134 279
133 278
133 279
132 280
131 280
130 279
129 280
128 280
127 280
126 281
125 281
124 282
123 281
122 282
121 282
120 283
119 283
118 283
117 284
116 284
115 285
115 286
114 287
113 287
114 288
114 289
115 290
116 291
116 292
117 292
118 292
119 293
120 294
120 295
121 295
122 296
123 297
124 297
125 298
126 298
127 299
127 300
128 300
129 301
130 301
131 302
132 302
133 301
134 300
135 301
135 300
136 299
137 298
138 298
139 297
140 297
140 296
141 295
142 294
143 293
144 294
145 293
146 293
147 292
148 291
149 290
150 291
150 290
151 289
152 289
153 288
154 288
154 287
155 286
156 285
156 284
157 283
158 283
159 282
159 281
160 280
161 279
161 278
162 277
163 277
163 276
164 275
165 275
166 275
167 274
167 273
168 272
169 271
169 270
170 269
171 269
171 268
172 267
173 267
174 266
175 267
176 268
176 269
175 270
176 271
176 272
175 273
175 274
176 275
175 276
175 277
174 278
175 279
175 280
174 281
173 281
172 282
172 283
171 284
171 285
171 286
170 287
169 287
169 288
168 289
168 290
168 291
167 292
167 293
167 294
166 295
165 295
164 295
163 296
163 297
162 298
161 299
160 300
159 300
159 301
158 302
157 303
157 304
156 305
155 306
154 306
153 307
152 307
151 307
150 307
150 308
149 309
148 308
147 309
147 310
146 311
145 310
144 311
143 312
142 312
141 313
140 313
139 314
138 315
138 316
137 317
138 318
139 319
139 320
140 320
141 321
141 322
142 322
143 323
144 324
145 325
146 326
147 325
148 326
149 326
150 327
151 327
152 327
153 327
154 327
155 327
156 327
157 327
158 328
159 328
160 327
161 326
162 327
163 326
164 327
165 326
165 325
165 324
164 323
165 322
166 321
165 320
166 319
167 319
168 319
169 318
170 319
170 318
171 317
172 316
172 315
173 314
174 313
174 312
174 311
175 310
176 310
176 309
177 308
177 307
177 306
178 305
179 305
179 304
178 303
179 302
180 302
179 301
180 300
181 299
181 298
182 297
182 296
182 295
183 294
184 294
184 293
185 292
185 291
186 290
187 291
187 290
187 289
188 288
189 288
189 287
190 286
191 286
190 285
190 284
190 283
191 282
192 281
193 280
193 279
194 278
195 278
196 277
197 277
197 276
198 275
199 274
200 273
201 272
202 271
202 270
203 269
203 268
203 267
204 266
205 265
206 264
207 264
207 263
208 262
209 262
210 261
211 260
211 259
212 258
213 258
213 257
214 256
215 255
216 255
217 255
218 256
219 256
220 257
221 258
222 258
223 259
224 259
225 260
226 261
227 260
228 261
229 262
230 263
231 262
232 263
233 264
234 265
235 266
236 267
237 268
238 268
239 269
240 270
241 271
242 271
243 272
243 273
244 273
245 274
246 275
247 276
248 277
249 278
250 278
251 279
252 280
253 281
254 282
255 282
256 283
255 284
256 285
257 285
258 286
258 287
259 287
260 288
260 289
260 290
261 291
260 292
261 293
262 294
262 295
263 296
264 297
264 298
265 299
266 300
267 301
268 301
269 302
270 302
271 303
272 303
273 304
274 305
275 306
276 307
277 307
278 307
279 308
280 309
281 309
282 310
282 311
282 312
283 312
284 313
284 314
285 314
286 315
287 316
288 315
289 316
289 317
290 317
291 318
292 318
293 319
293 320
294 319
295 320
296 321
297 321
298 322
299 322
300 322
301 323
302 322
303 323
304 323
305 324
306 324
307 324
308 325
309 326
309 327
309 328
309 329
310 330
309 331
310 331
311 332
310 333
310 334
311 335
310 336
311 337
311 338
311 339
312 340
312 341
312 342
313 343
312 344
313 344
314 345
314 346
313 347
313 348
312 349
311 350
312 351
311 352
310 353
310 354
309 355
309 356
309 357
309 358
310 359
311 359
312 359
313 360
314 359
315 358
316 357
317 357
318 356
319 355
320 354
321 353
322 354
322 355
323 355
324 356
325 357
325 358
325 359
324 360
323 361
322 362
321 363
321 364
322 365
323 366
324 367
325 367
326 367
327 367
328 367
329 368
328 369
327 369
327 370
327 371
326 372
325 372
325 373
324 374
324 375
324 376
325 377
326 377
327 378
328 379
329 378
330 378
331 379
332 380
332 381
332 382
331 383
330 383
330 384
329 385
328 385
329 386
329 387
328 388
327 388
327 389
327 390
326 391
326 392
326 393
325 394
324 395
324 396
323 397
322 397
322 398
321 399
320 400
320 401
319 402
318 401
317 402
316 403
315 403
315 404
314 405
313 405
313 406
312 407
311 407
310 407
310 408
309 409
308 410
307 409
306 410
305 411
304 411
303 412
302 413
301 413
300 414
299 414
298 415
297 415
296 416
296 417
295 418
294 418
293 419
292 419
292 420
291 421
290 422
289 421
288 422
288 423
287 424
286 424
285 423
284 424
283 424
282 424
281 424
280 423
279 424
278 425
277 424
276 424
275 425
274 425
273 424
273 425
272 426
271 426
270 426
269 427
268 427
267 427
266 427
266 428
265 429
264 428
263 429
262 429
261 429
261 430
261 431
260 432
261 433
262 433
263 434
264 435
265 436
266 436
267 436
268 437
269 438
270 439
271 440
272 441
273 440
274 441
275 441
276 442
277 442
278 443
279 444
280 443
281 444
282 444
283 444
284 445
285 445
286 444
287 444
288 443
289 442
290 441
291 440
292 440
293 441
294 442
295 443
296 443
297 442
298 441
298 440
299 439
299 438
300 437
301 436
302 436
303 435
304 435
305 434
306 433
306 432
307 431
308 432
309 431
309 430
310 429
311 429
312 428
313 428
313 427
314 426
315 427
316 426
317 425
318 425
318 424
319 423
320 423
321 422
322 421
323 420
324 420
325 420
325 419
326 418
327 419
327 418
328 417
329 416
330 417
331 416
332 415
333 415
334 414
335 415
335 414
336 413
337 413
338 413
339 412
340 411
341 412
341 411
342 410
343 411
344 412
345 411
346 410
346 409
346 408
347 407
348 408
348 407
349 406
350 406
351 407
352 406
353 405
354 405
355 404
356 404
357 404
357 403
358 402
359 401
359 400
360 399
361 398
362 397
361 396
362 395
363 395
363 394
363 393
364 392
364 391
364 390
364 389
364 388
365 387
365 386
365 385
365 384
365 383
366 382
365 381
366 380
367 379
367 378
368 377
369 378
369 379
369 380
369 381
370 382
369 383
369 384
369 385
370 386
369 387
369 388
369 389
370 390
370 391
370 392
371 393
370 394
371 395
371 396
371 397
372 398
371 399
370 399
370 400
371 401
370 402
369 402
370 403
369 404
369 405
369 406
368 407
367 407
368 408
368 409
367 410
367 411
368 412
367 413
366 414
367 415
366 416
365 416
365 417
364 418
364 419
364 420
363 421
363 422
363 423
362 424
361 424
360 425
360 426
359 427
359 428
358 429
358 430
357 431
356 432
355 433
355 434
354 435
354 436
353 437
352 438
352 439
351 440
351 441
351 442
350 443
349 443
348 444
348 445
347 446
347 447
347 448
346 449
345 449
345 450
344 451
343 452
342 453
341 454
340 454
339 455
338 454
337 455
336 455
335 455
334 456
333 457
332 456
331 457
330 458
329 457
328 457
327 458
326 458
325 457
325 458
324 459
323 459
322 460
322 461
321 462
322 463
322 464
323 465
324 466
325 466
326 467
326 468
327 468
328 469
329 469
330 469
331 470
331 471
332 471
333 472
334 473
335 474
336 474
337 474
338 475
339 476
340 476
341 475
342 476
343 477
344 476
345 475
346 474
346 473
347 472
348 471
348 470
349 469
350 469
351 470
352 469
353 470
353 471
354 470
355 470
355 469
356 468
357 467
357 466
357 465
357 464
358 463
358 462
359 461
360 461
360 460
360 459
361 458
361 457
362 456
362 455
362 454
363 453
364 453
364 452
365 451
366 450
367 449
368 448
368 447
369 446
370 447
370 446
371 445
372 446
373 445
374 444
374 443
375 442
376 442
377 442
378 442
379 441
380 441
381 440
382 439
382 438
383 437
383 436
383 435
384 434
385 434
385 433
386 432
387 431
388 431
388 430
388 429
389 428
390 428
390 427
391 426
392 426
393 425
394 424
395 423
396 423
396 422
396 421
397 420
398 420
398 419
399 418
400 417
401 416
402 415
403 414
402 413
403 412
404 411
404 410
404 409
405 408
405 407
406 406
407 406
406 405
407 404
408 404
408 403
409 402
409 401
409 400
410 399
411 398
411 397
412 396
412 395
413 394
414 393
415 392
414 391
415 390
416 389
416 388
416 387
417 386
418 385
418 384
418 383
419 382
420 382
420 381
419 380
420 379
421 379
421 378
422 377
423 376
422 375
423 374
424 373
425 372
426 371
426 370
427 369
428 368
429 368
430 368
430 367
431 366
432 365
433 364
434 365
434 364
434 363
435 362
436 362
435 361
436 360
437 360
437 359
438 358
439 357
440 356
440 355
441 354
442 353
443 352
444 352
444 351
445 350
446 349
446 348
447 347
448 346
449 345
448 344
449 343
450 343
450 342
451 341
452 340
452 339
453 338
454 338
454 337
455 336
456 335
457 334
457 333
458 332
459 333
460 332
460 331
461 330
462 330
462 329
463 328
463 327
464 326
464 325
465 324
466 324
466 323
465 322
466 321
467 321
468 321
468 320
469 319
470 319
469 318
470 317
471 316
472 315
472 314
473 313
474 312
474 311
475 310
475 309
476 308
477 308
477 307
477 306
478 305
478 304
478 303
479 302
480 302
479 301
479 300
480 299
481 299
480 298
481 297
482 297
482 296
481 295
482 294
481 293
481 292
481 291
482 290
481 289
482 288
481 287
482 286
481 285
481 284
481 283
480 282
479 281
480 280
479 279
478 278
478 277
478 276
477 275
476 274
476 273
475 272
474 271
473 270
474 269
473 268
472 267
472 266
471 265
472 264
471 264
470 263
469 262
468 261
468 260
467 259
466 258
465 258
464 257
463 256
462 255
461 254
460 253
459 252
458 253
457 252
456 251
455 250
455 249
454 249
453 248
453 247
452 247
451 246
451 245
451 244
450 244
449 243
448 243
447 242
446 241
445 241
444 240
443 239
442 238
441 238
440 237
440 236
439 237
438 236
437 235
436 235
435 234
435 233
434 234
433 233
432 233
431 232
431 231
430 232
429 231
428 230
427 230
426 229
426 228
425 229
424 228
423 227
422 227
421 226
420 225
419 225
418 225
417 225
416 224
415 224
414 223
414 222
413 223
412 222
411 221
410 220
409 220
408 220
407 219
406 219
405 219
404 218
403 217
402 216
401 216
400 215
399 215
398 214
397 214
396 213
395 212
394 213
393 212
393 211
392 211
391 210
391 209
390 209
389 208
388 207
387 207
386 207
385 206
384 205
383 205
382 204
382 203
381 203
380 202
379 202
378 202
377 201
377 200
376 201
375 200
374 200
373 199
373 198
372 198
371 197
370 196
369 195
368 194
367 194
366 193
366 192
365 192
364 191
364 190
363 189
362 188
361 187
360 186
359 186
358 185
359 184
358 183
357 183
356 182
356 181
355 181
354 180
353 180
352 179
352 178
351 178
350 177
350 176
349 175
348 174
348 173
347 173
346 172
345 171
344 170
343 170
342 169
341 168
340 167
339 166
338 165
337 164
336 164
335 163
335 162
334 162
333 161
332 161
331 160
331 159
330 159
329 158
328 157
327 156
326 155
325 154
324 153
323 153
322 152
321 151
321 150
320 149
319 148
318 147
317 147
316 146
316 145
315 145
314 144
313 143
312 142
311 142
310 141
310 140
309 140
308 139
307 138
306 137
305 136
304 136
303 135
304 134
303 133
302 132
301 132
300 131
299 130
298 129
297 128
296 128
295 127
295 126
294 126
293 125
292 124
291 123
290 123
289 122
289 121
288 121
287 120
286 119
285 118
284 117
283 117
282 116
282 115
281 115
280 114
279 114
278 114
277 113
276 112
275 111
274 110
273 110
272 110
271 109
270 108
269 107
268 107
267 106
266 105
267 104
266 104
265 103
264 102
263 103
262 102
262 101
261 102
260 101
259 100
259 99
258 98
257 98
256 97
256 96
255 96
254 95
253 94
253 93
252 92
251 91
251 90
251 89
252 88
253 87
252 86
253 85
252 84
252 83
253 82
252 81
251 80
251 79
250 79
249 78
249 77
248 76
247 75
247 74
246 74
245 73
244 72
243 73
242 72
242 71
241 71
240 71
239 71
238 71
237 71
236 71
235 70
234 69
234 68
233 67
234 66
235 65
236 64
237 64
238 63
239 62
239 61
239 60
240 59
241 58
240 57
239 56
240 55
241 55
241 54
240 53
241 52
240 51
239 50
239 49
238 49
237 50
236 49
236 48
236 47
235 46
234 46
233 45
232 45
231 45
230 44
229 44
228 43
227 42
226 41
225 40
224 40
223 39
222 40
221 39
221 38
220 38
219 37
218 37
217 36
216 36
215 36
214 36
213 35
212 35
211 34
210 33
209 32
208 32
207 31
208 30
207 29
206 29
205 28
205 27
204 27
203 26
202 26
201 27
200 26
199 26
199 27
198 28
197 28
198 29
199 29
200 30
200 31
201 32
202 33
201 34
201 35
200 36
199 37
198 37
197 36
196 35
195 34
195 33
194 33
193 32
192 31
191 30
190 29
190 28
189 27
188 26
187 27
186 26
185 25
184 24
183 25
182 24
