518 4
518 5
518 6
518 7
519 8
520 9
520 10
521 11
522 12
522 13
523 14
523 15
524 16
524 17
524 18
525 19
525 20
525 21
525 22
526 23
526 24
526 25
526 26
526 27
526 28
526 29
526 30
526 31
526 32
526 33
526 34
526 35
526 36
526 37
525 38
525 39
525 40
525 41
525 42
524 43
524 44
523 45
523 46
523 47
522 48
521 49
521 50
520 51
519 52
519 53
518 54
517 55
516 55
516 56
515 57
514 57
513 58
512 58
511 59
510 60
509 60
508 60
507 61
506 61
505 61
504 62
503 62
502 63
501 63
500 63
499 63
498 63
497 63
496 63
495 63
494 62
494 61
493 60
492 59
492 58
492 57
493 56
493 55
493 54
493 53
493 52
493 51
494 50
494 49
494 48
494 47
494 46
494 45
494 44
494 43
494 42
494 41
494 40
494 39
493 38
493 37
493 36
493 35
493 34
492 33
492 32
492 31
492 30
492 29
491 28
491 27
490 26
490 25
489 24
489 23
488 22
488 21
487 20
486 19
486 18
485 17
485 16
484 15
483 14
482 13
482 12
481 12
480 11
480 10
479 10
478 10
477 10
476 10
476 11
476 12
476 13
477 14
477 15
478 16
479 17
479 18
480 19
480 20
481 21
481 22
481 23
481 24
482 25
483 26
483 27
483 28
483 29
483 30
484 31
484 32
484 33
485 34
485 35
485 36
485 37
485 38
485 39
485 40
485 41
485 42
485 43
485 44
485 45
484 46
484 47
484 48
484 49
483 50
483 51
482 52
481 53
481 54
480 55
479 55
478 56
477 57
476 57
475 57
474 58
473 59
472 59
471 60
470 61
470 62
469 63
468 64
467 65
467 66
466 67
465 67
464 68
463 69
462 69
461 69
460 70
459 70
458 70
457 70
456 70
455 70
454 71
453 71
452 71
451 71
450 71
449 70
448 70
447 69
446 69
445 69
444 68
443 68
442 67
442 66
441 66
440 65
439 64
438 64
437 63
436 63
435 63
434 62
433 62
432 61
431 61
430 61
429 61
428 61
427 61
426 61
425 60
424 60
423 60
422 59
421 59
420 59
419 59
418 59
417 59
416 59
415 58
414 58
413 58
412 58
411 58
410 58
409 57
409 56
408 56
407 56
406 56
405 56
404 56
403 55
402 55
401 55
400 55
399 55
398 54
397 54
396 54
395 54
394 54
393 54
392 54
391 54
390 53
389 53
388 53
387 53
386 52
385 52
384 52
383 52
382 52
381 51
380 51
379 51
378 51
377 52
376 53
375 53
374 52
373 52
372 52
371 52
370 51
369 51
368 51
367 51
366 52
365 52
364 52
363 52
362 52
361 52
360 51
359 51
358 51
357 51
356 51
355 51
354 51
353 51
352 52
351 52
350 52
349 52
348 53
347 53
346 53
345 54
344 54
343 54
342 53
341 53
340 53
339 53
338 54
337 54
336 54
335 54
334 54
333 54
332 54
331 54
330 54
329 54
328 54
327 54
326 53
325 53
324 53
323 53
322 53
321 53
320 53
319 53
318 53
317 53
316 53
315 53
314 53
313 53
312 53
311 53
310 53
309 53
308 53
307 53
306 53
305 53
304 53
303 53
302 53
301 53
300 53
299 53
298 54
297 54
296 54
295 54
294 54
293 55
292 55
291 55
290 56
289 56
288 56
287 56
286 56
285 56
284 57
283 57
282 57
281 57
280 58
279 58
278 58
277 58
276 58
275 59
274 59
273 60
272 60
271 60
270 61
269 61
268 61
267 61
266 61
265 61
264 61
263 62
262 62
261 62
260 62
259 62
258 62
257 62
256 63
255 63
254 63
253 63
252 63
251 63
250 63
249 63
248 62
247 62
246 62
245 62
244 62
243 62
242 62
241 62
240 62
239 62
238 62
237 62
236 62
235 62
234 62
233 62
232 62
231 62
230 62
229 62
228 62
227 62
226 62
225 62
224 62
223 62
222 62
221 62
220 62
219 62
218 63
217 63
216 63
215 63
214 63
213 63
212 63
211 63
210 63
209 63
208 63
207 63
206 63
205 63
204 63
203 63
202 63
201 63
200 63
199 63
198 63
197 63
196 63
195 64
194 64
193 64
192 64
191 64
190 64
189 65
188 65
187 65
186 65
185 65
184 65
183 66
182 66
181 66
180 67
179 67
178 67
177 67
176 67
175 67
174 67
173 67
172 67
171 67
170 67
169 67
168 67
167 67
166 66
165 66
164 66
163 66
162 66
161 66
160 66
159 66
158 66
157 66
156 66
155 65
154 65
153 65
152 65
151 64
150 64
149 64
148 64
147 64
146 64
145 64
144 64
143 64
142 64
141 65
140 64
140 63
139 63
138 63
137 63
136 64
135 64
134 64
133 64
132 64
131 63
130 63
129 63
128 63
127 63
126 63
125 63
124 63
123 62
122 62
121 62
120 61
119 61
118 61
117 61
116 61
115 61
114 61
113 61
112 61
111 61
110 61
109 61
108 61
107 62
106 62
105 61
104 61
103 61
102 61
101 62
100 62
99 62
98 61
97 61
96 61
95 61
94 62
93 62
92 62
91 62
90 62
89 62
88 62
87 62
86 62
85 62
84 62
83 62
82 62
81 62
80 62
79 62
78 63
77 63
76 63
75 63
74 63
73 63
72 63
71 63
70 64
69 64
68 64
67 64
66 65
65 64
64 64
63 64
62 64
61 64
60 65
59 65
58 65
57 65
56 65
55 65
54 65
53 66
52 65
51 65
50 65
49 65
48 65
47 65
46 65
45 65
44 65
43 65
42 64
41 64
40 63
39 63
38 62
38 61
37 60
36 60
35 60
34 60
33 60
32 61
31 60
30 60
29 59
28 59
27 59
26 59
25 59
24 60
23 60
22 60
21 60
20 61
20 62
20 63
20 64
19 65
18 66
17 66
17 67
17 68
17 69
16 70
16 71
15 72
14 72
14 73
14 74
14 75
13 76
13 77
13 78
13 79
13 80
13 81
13 82
13 83
13 84
12 85
12 86
11 87
11 88
10 89
10 90
10 91
9 92
9 93
9 94
8 95
8 96
8 97
8 98
8 99
8 100
7 101
7 102
6 103
6 104
6 105
6 106
6 107
6 108
6 109
6 110
6 111
6 112
6 113
6 114
6 115
6 116
7 117
7 118
7 119
8 120
8 121
7 122
7 123
7 124
7 125
7 126
7 127
7 128
7 129
7 130
7 131
7 132
7 133
7 134
7 135
7 136
7 137
6 138
6 139
6 140
6 141
6 142
6 143
6 144
6 145
6 146
6 147
7 148
6 149
6 150
6 151
6 152
7 153
7 154
7 155
8 156
8 157
8 158
8 159
8 160
8 161
8 162
8 163
8 164
8 165
8 166
8 167
8 168
8 169
8 170
9 171
9 172
9 173
9 174
9 175
9 176
9 177
9 178
9 179
9 180
9 181
9 182
10 183
10 184
9 185
9 186
9 187
9 188
9 189
9 190
9 191
9 192
9 193
9 194
9 195
9 196
9 197
10 198
10 199
10 200
10 201
10 202
10 203
10 204
10 205
10 206
10 207
10 208
10 209
10 210
10 211
10 212
10 213
10 214
10 215
10 216
10 217
10 218
10 219
10 220
10 221
9 222
9 223
8 224
7 224
7 225
7 226
7 227
6 228
6 229
6 230
5 231
5 232
5 233
5 234
4 235
3 236
3 237
3 238
3 239
3 240
3 241
2 242
2 243
2 244
2 245
2 246
2 247
3 247
4 247
5 247
5 246
5 245
5 244
5 243
6 242
6 241
6 240
6 239
7 238
7 237
8 236
9 237
9 238
10 238
11 238
12 238
13 239
14 239
15 239
16 239
17 240
17 241
17 242
17 243
17 244
16 245
15 245
15 246
15 247
15 248
15 249
14 250
13 251
12 251
11 250
11 249
11 248
12 247
12 246
12 245
12 244
11 244
10 244
9 244
9 245
9 246
9 247
8 248
8 249
8 250
8 251
8 252
7 253
7 254
7 255
6 256
5 256
4 256
3 256
3 257
3 258
3 259
4 260
4 261
4 262
5 262
6 263
6 264
6 265
6 266
6 267
6 268
5 269
5 270
5 271
5 272
5 273
4 274
4 275
4 276
4 277
4 278
4 279
4 280
4 281
5 282
5 283
5 284
5 285
6 285
7 286
6 287
6 288
6 289
6 290
6 291
6 292
6 293
6 294
6 295
6 296
6 297
6 298
6 299
6 300
6 301
6 302
6 303
6 304
6 305
6 306
6 307
7 308
7 309
7 310
8 311
8 312
8 313
8 314
9 315
10 316
10 317
9 318
9 319
9 320
9 321
9 322
9 323
9 324
9 325
9 326
9 327
9 328
9 329
9 330
10 331
10 332
10 333
11 333
12 333
13 333
14 332
15 332
16 332
17 332
17 331
17 330
17 329
17 328
17 327
18 326
19 327
19 328
20 329
21 330
22 330
23 330
24 330
24 329
24 328
24 327
23 326
23 325
24 324
24 323
24 322
24 321
24 320
24 319
24 318
24 317
24 316
24 315
24 314
24 313
24 312
24 311
24 310
24 309
24 308
25 307
25 306
25 305
26 304
26 303
26 302
27 301
27 300
27 299
27 298
27 297
27 296
28 295
28 294
28 293
28 292
28 291
29 290
29 289
29 288
29 287
29 286
29 285
29 284
28 283
28 282
28 281
28 280
27 279
27 278
28 277
29 277
29 276
29 275
29 274
29 273
29 272
29 271
29 270
29 269
29 268
28 267
28 266
28 265
28 264
27 263
27 262
27 261
27 260
27 259
28 258
28 257
28 256
28 255
28 254
29 253
29 252
29 251
29 250
28 249
28 248
28 247
28 246
28 245
28 244
27 243
27 242
26 242
25 241
25 240
25 239
25 238
24 237
23 236
22 235
22 234
22 233
22 232
22 231
21 230
21 229
21 228
21 227
21 226
21 225
21 224
21 223
21 222
21 221
21 220
21 219
21 218
20 217
20 216
20 215
20 214
20 213
21 212
22 213
22 214
22 215
22 216
23 217
23 218
24 219
24 220
25 221
25 222
25 223
25 224
26 225
27 226
27 227
27 228
28 229
28 230
28 231
29 232
29 233
30 234
30 235
30 236
31 237
31 238
32 239
32 240
33 241
34 241
35 242
35 243
36 243
37 244
37 245
38 246
38 247
39 248
39 249
40 250
41 251
42 252
43 253
43 254
43 255
43 256
43 257
43 258
43 259
43 260
44 261
44 262
43 263
43 264
43 265
43 266
43 267
43 268
43 269
43 270
43 271
43 272
42 273
42 274
42 275
42 276
42 277
41 278
40 278
40 279
39 280
39 281
39 282
39 283
39 284
39 285
39 286
39 287
39 288
39 289
39 290
40 291
40 292
40 293
40 294
41 295
41 296
42 297
42 298
42 299
43 300
43 301
44 302
44 303
45 304
45 305
45 306
45 307
46 307
47 308
47 309
47 310
47 311
47 312
47 313
47 314
47 315
47 316
47 317
47 318
47 319
48 320
48 321
48 322
48 323
48 324
48 325
48 326
48 327
48 328
48 329
48 330
48 331
49 332
49 333
48 334
48 335
48 336
48 337
48 338
48 339
47 340
47 341
47 342
47 343
47 344
47 345
46 346
46 347
46 348
46 349
46 350
46 351
47 352
47 353
47 354
47 355
47 356
47 357
47 358
47 359
47 360
47 361
47 362
47 363
48 364
48 365
49 366
50 367
51 367
52 367
53 367
54 368
54 369
54 370
54 371
54 372
54 373
55 374
56 374
57 374
58 375
58 376
59 376
60 376
61 376
62 377
63 377
64 377
65 378
66 378
67 378
68 379
69 379
70 379
71 379
72 379
73 379
74 379
75 379
76 378
77 378
78 377
79 377
80 377
81 377
82 377
83 376
83 375
83 374
83 373
83 372
82 371
81 370
81 369
80 368
79 367
79 366
78 365
78 364
78 363
77 362
77 361
76 360
75 359
74 359
73 358
72 358
71 358
70 357
70 356
70 355
70 354
70 353
70 352
69 351
69 350
68 349
68 348
68 347
68 346
68 345
67 344
67 343
67 342
67 341
67 340
67 339
67 338
67 337
67 336
67 335
67 334
67 333
67 332
68 331
68 330
68 329
68 328
68 327
69 326
69 325
69 324
69 323
69 322
70 321
70 320
70 319
71 318
71 317
71 316
71 315
72 314
73 313
73 312
73 311
74 310
74 309
75 308
75 307
75 306
76 305
77 304
78 303
78 302
78 301
78 300
79 299
80 299
80 298
80 297
80 296
81 295
82 294
83 294
83 293
83 292
84 291
85 291
86 290
87 289
87 288
87 287
88 286
89 286
89 285
90 284
90 283
91 282
91 281
92 280
93 279
93 278
93 277
94 276
94 275
94 274
94 273
94 272
94 271
94 270
95 269
95 268
95 267
95 266
96 265
96 264
97 263
98 263
99 262
100 261
101 260
102 261
102 262
102 263
102 264
103 265
103 266
103 267
104 268
104 269
104 270
103 271
103 272
103 273
102 274
102 275
102 276
102 277
101 278
101 279
101 280
101 281
101 282
101 283
101 284
102 285
102 286
103 287
104 288
105 289
105 290
106 291
107 292
107 293
108 294
109 295
110 296
110 297
111 298
111 299
112 300
113 301
113 302
113 303
114 304
114 305
115 306
115 307
116 308
116 309
117 310
117 311
118 312
118 313
119 314
119 315
119 316
119 317
120 318
120 319
121 320
121 321
121 322
122 323
123 323
124 324
124 325
124 326
125 327
126 328
127 329
127 330
128 331
128 332
128 333
128 334
128 335
129 336
129 337
129 338
130 339
130 340
130 341
130 342
130 343
131 344
131 345
132 346
132 347
132 348
133 349
133 350
133 351
134 352
135 353
135 354
135 355
136 356
137 357
137 358
138 359
139 360
140 361
141 361
142 362
142 363
143 364
143 365
143 366
144 367
145 368
146 368
147 368
148 369
149 369
150 369
151 369
152 369
153 369
154 369
155 369
156 369
157 369
158 369
159 370
160 370
161 370
162 370
163 370
164 370
165 370
166 370
167 370
168 369
169 369
170 369
170 368
170 367
170 366
170 365
170 364
170 363
170 362
169 362
168 361
168 360
167 360
166 359
166 358
165 357
165 356
164 355
163 354
163 353
163 352
162 351
161 350
160 349
159 349
158 348
157 348
156 348
155 347
155 346
154 345
154 344
153 343
153 342
152 341
151 340
151 339
150 338
150 337
149 336
148 335
147 334
147 333
147 332
146 331
146 330
145 329
145 328
145 327
144 326
144 325
144 324
143 323
143 322
143 321
142 320
142 319
141 318
141 317
141 316
141 315
141 314
141 313
141 312
140 311
140 310
140 309
140 308
140 307
140 306
140 305
140 304
140 303
140 302
140 301
141 300
141 299
141 298
141 297
141 296
141 295
141 294
141 293
141 292
141 291
142 290
142 289
143 288
143 287
143 286
143 285
144 284
144 283
144 282
145 281
145 280
145 279
145 278
146 277
146 276
146 275
146 274
146 273
146 272
146 271
146 270
146 269
146 268
146 267
146 266
146 265
146 264
145 263
145 262
145 261
146 260
147 261
148 261
149 261
150 262
151 262
152 262
153 263
154 263
155 264
156 264
157 265
158 265
159 266
160 266
161 267
162 267
163 267
164 267
165 267
166 267
167 267
168 268
169 268
170 269
171 269
172 270
173 271
174 272
175 272
176 272
177 273
178 273
179 274
180 275
181 275
182 275
183 275
184 276
185 276
186 277
187 278
188 278
189 278
190 278
191 279
191 280
191 281
192 282
193 283
194 284
195 284
196 284
197 284
198 284
199 283
199 282
199 281
199 280
200 279
200 278
201 277
201 276
201 275
202 274
203 274
204 274
205 274
206 274
207 274
208 274
209 274
210 273
211 273
212 273
213 273
214 272
215 272
216 272
217 272
218 271
219 271
220 271
221 271
222 271
223 271
224 271
225 270
226 270
227 270
228 269
229 269
230 269
231 269
232 269
233 269
234 269
235 269
236 269
237 269
238 269
239 269
240 269
241 269
242 269
243 269
244 269
245 269
246 269
247 269
248 269
249 270
250 270
251 270
252 270
253 270
254 270
255 270
256 271
257 271
258 271
259 271
260 271
261 272
262 272
263 272
264 272
265 272
266 272
267 272
268 272
269 273
270 273
271 273
272 273
273 273
274 273
275 273
276 274
277 274
278 274
279 274
280 274
281 275
282 275
283 275
284 275
285 275
286 275
287 276
288 277
289 277
290 278
291 278
292 279
293 279
294 280
295 280
296 280
297 281
298 281
299 282
300 282
301 282
302 283
303 283
304 283
305 284
306 284
307 284
308 284
309 284
310 284
311 285
311 286
311 287
311 288
311 289
311 290
311 291
311 292
311 293
311 294
311 295
311 296
311 297
311 298
311 299
311 300
311 301
311 302
310 303
310 304
310 305
310 306
310 307
310 308
310 309
310 310
311 311
311 312
311 313
312 314
312 315
312 316
313 317
313 318
313 319
313 320
314 321
314 322
314 323
315 324
315 325
315 326
315 327
315 328
315 329
315 330
315 331
315 332
315 333
314 334
314 335
314 336
314 337
314 338
313 339
313 340
313 341
313 342
313 343
313 344
312 345
312 346
312 347
312 348
312 349
312 350
311 351
311 352
311 353
311 354
311 355
311 356
311 357
311 358
311 359
311 360
311 361
312 362
312 363
312 364
312 365
312 366
312 367
313 368
314 369
315 369
316 369
317 370
317 371
317 372
317 373
318 374
319 375
320 375
321 376
321 377
322 377
323 377
324 377
324 376
324 375
325 374
326 374
327 373
328 372
329 372
330 372
331 372
332 372
333 373
333 374
333 375
332 376
331 376
330 376
329 376
328 376
327 376
326 376
326 377
326 378
326 379
327 379
328 379
329 379
330 379
331 379
332 379
333 379
334 379
335 379
336 379
337 379
338 379
339 379
340 379
341 379
342 379
343 379
344 379
345 379
346 379
347 379
348 379
348 378
348 377
348 376
347 375
347 374
346 373
346 372
345 371
345 370
344 369
343 368
342 367
342 366
341 365
340 364
341 363
342 363
343 363
344 363
345 363
346 363
347 364
347 365
348 366
349 367
350 367
351 367
352 367
353 367
354 367
355 367
356 367
357 367
358 367
359 367
360 367
361 368
362 368
363 368
364 368
365 368
366 368
367 368
368 368
369 367
370 367
371 367
371 366
372 365
373 365
373 364
373 363
373 362
373 361
372 360
371 359
370 358
369 357
369 356
368 355
367 354
367 353
366 352
366 351
365 350
364 349
363 348
362 348
361 348
360 348
359 348
358 347
358 346
357 345
356 344
356 343
355 342
354 341
354 340
354 339
354 338
353 337
353 336
353 335
353 334
352 333
352 332
352 331
352 330
352 329
352 328
353 327
353 326
353 325
353 324
353 323
353 322
353 321
353 320
353 319
354 318
354 317
354 316
355 315
355 314
356 313
356 312
356 311
357 310
357 309
358 308
358 307
358 306
359 305
359 304
359 303
359 302
360 301
360 300
360 299
360 298
360 297
360 296
360 295
360 294
360 293
361 292
362 292
363 292
364 291
365 291
366 291
367 292
368 292
369 292
370 292
371 292
372 292
373 292
374 292
375 292
376 292
377 292
378 291
379 291
380 291
381 292
382 292
383 292
384 292
385 291
386 291
387 291
388 291
389 291
390 291
391 291
392 290
393 290
394 290
395 289
396 288
397 288
398 287
399 287
400 287
401 286
402 285
403 284
404 284
405 284
406 283
407 282
408 281
409 281
410 281
411 280
412 279
413 279
414 279
414 278
414 277
415 276
416 276
417 276
417 275
418 274
419 273
420 272
420 271
421 270
421 269
421 268
422 267
422 266
423 265
423 264
423 263
423 262
423 261
424 260
424 259
424 258
424 257
424 256
425 255
425 254
425 253
425 252
425 251
426 250
426 249
426 248
427 247
427 246
428 245
429 244
429 243
429 242
430 241
430 240
430 239
430 238
431 237
431 236
431 235
431 234
430 233
430 232
430 231
430 230
430 229
430 228
430 227
430 226
430 225
430 224
429 223
429 222
429 221
429 220
429 219
429 218
428 217
428 216
428 215
428 214
428 213
428 212
428 211
428 210
428 209
428 208
428 207
428 206
429 205
429 204
429 203
429 202
429 201
429 200
429 199
429 198
429 197
429 196
430 195
430 194
430 193
430 192
430 191
431 190
431 189
431 188
431 187
431 186
431 185
431 184
431 183
432 182
432 181
432 180
433 179
434 178
434 177
434 176
434 175
435 174
436 174
436 173
436 172
437 171
438 170
439 169
440 169
441 168
442 168
443 167
444 167
445 167
446 167
447 167
448 167
449 168
450 168
451 169
452 169
453 169
454 170
455 170
456 170
457 170
458 170
459 170
460 170
461 170
462 170
463 169
464 169
465 169
466 168
467 168
468 168
469 168
470 167
471 167
472 166
473 167
474 167
475 167
476 168
477 168
478 168
479 168
480 168
481 168
482 167
483 167
484 167
485 167
486 167
487 167
488 166
489 166
490 166
491 166
492 166
493 166
494 166
495 166
496 166
497 167
498 168
499 168
500 169
501 170
502 171
503 171
504 171
505 171
506 171
507 172
508 172
509 172
510 172
511 172
512 172
513 172
514 172
515 171
516 171
517 171
518 170
519 170
520 170
521 169
522 169
523 169
524 168
525 168
526 167
527 166
528 165
528 164
529 163
529 162
529 161
529 160
529 159
529 158
529 157
529 156
529 155
529 154
528 153
528 152
528 151
527 150
526 150
525 149
524 148
523 147
522 146
522 145
522 144
521 143
520 142
520 141
519 140
519 139
519 138
518 137
518 136
517 135
517 134
517 133
516 132
515 131
515 130
514 129
514 128
514 127
513 126
513 125
513 124
512 123
512 122
511 121
511 120
510 119
510 118
510 117
510 116
510 115
510 114
510 113
510 112
510 111
510 110
510 109
510 108
510 107
510 106
510 105
509 104
509 103
508 102
508 101
508 100
508 99
508 98
508 97
507 96
506 95
505 94
505 93
505 92
504 91
504 90
503 89
502 88
501 87
501 86
501 85
500 84
499 83
499 82
499 81
500 80
501 80
502 80
503 80
504 79
505 79
506 79
507 78
508 78
509 77
510 77
511 76
512 76
513 75
514 75
515 74
516 73
517 73
518 72
519 71
520 70
521 69
522 69
522 68
523 67
524 66
525 65
525 64
526 63
526 62
527 61
528 60
528 59
528 58
529 57
530 56
530 55
530 54
531 53
531 52
531 51
531 50
531 49
532 48
532 47
532 46
532 45
532 44
532 43
532 42
532 41
532 40
532 39
532 38
532 37
532 36
532 35
532 34
532 33
532 32
532 31
532 30
532 29
532 28
532 27
532 26
532 25
531 24
531 23
531 22
531 21
530 20
530 19
530 18
530 17
529 16
529 15
528 14
528 13
527 12
527 11
526 10
526 9
525 8
524 7
524 6
523 5
522 4
521 4
520 4
519 4
