226 27
225 28
224 29
224 30
224 31
223 32
224 32
225 33
224 34
225 35
224 36
225 36
226 37
227 38
228 39
227 40
226 41
225 42
224 43
223 42
222 43
221 43
220 43
219 43
218 44
217 43
217 44
216 45
215 46
214 47
213 47
212 47
212 48
212 49
211 50
210 49
209 50
208 51
208 52
207 53
206 53
206 54
205 55
204 56
204 57
203 58
202 57
201 58
200 58
199 59
198 60
197 61
196 61
195 62
194 61
194 62
193 63
192 63
191 63
190 64
189 64
188 64
187 65
186 65
185 66
184 66
183 66
182 67
181 67
180 67
179 68
178 68
177 69
176 69
175 70
174 69
174 70
173 71
172 71
171 70
170 71
169 71
168 71
167 71
166 71
165 71
164 72
163 72
162 73
162 74
161 75
160 75
160 76
161 77
160 78
160 79
159 80
158 80
159 81
159 82
158 83
158 84
159 85
158 86
159 87
159 88
159 89
160 90
160 91
161 92
161 93
161 94
162 95
163 96
162 97
163 98
164 98
165 99
166 100
167 101
168 102
169 103
170 102
171 103
172 104
173 103
174 104
175 103
176 103
177 104
178 104
179 105
180 105
181 105
182 106
183 106
184 107
184 108
185 108
186 109
187 110
188 110
189 110
190 111
191 111
192 111
193 112
193 113
194 112
195 113
196 114
197 113
198 114
199 114
200 114
201 115
200 116
201 117
202 118
202 119
203 119
204 120
205 121
206 122
207 123
207 124
208 125
209 126
210 127
211 127
212 127
213 128
214 128
215 129
215 130
216 130
217 131
218 132
219 133
220 134
221 134
222 134
223 135
224 136
225 136
226 137
226 138
227 138
228 139
229 140
228 141
228 142
229 142
230 143
230 144
231 145
230 146
231 147
232 147
233 148
232 149
232 150
233 151
233 152
234 153
234 154
234 155
235 156
235 157
236 158
236 159
235 160
235 161
235 162
234 163
235 164
236 165
236 166
236 167
236 168
236 169
237 170
236 171
235 171
235 172
234 173
234 174
235 175
234 176
233 177
234 178
234 179
233 180
233 181
232 182
232 183
232 184
232 185
232 186
232 187
231 188
230 188
231 189
230 190
229 191
230 192
230 193
229 194
230 195
229 196
228 196
228 197
228 198
227 199
228 200
227 201
228 202
227 203
226 204
227 205
227 206
226 207
225 208
226 209
225 210
224 211
223 212
222 213
222 214
221 215
220 216
219 217
219 218
219 219
220 220
219 221
218 221
218 222
218 223
217 224
218 225
217 226
216 227
216 228
215 229
216 230
215 231
214 232
214 233
213 234
212 234
211 234
211 235
210 236
209 237
208 237
208 238
209 239
208 240
207 240
206 240
206 241
205 242
204 242
204 243
203 244
202 245
202 246
202 247
201 248
200 249
201 250
200 251
199 252
198 253
198 254
198 255
197 256
196 256
196 257
195 258
194 259
195 260
194 261
193 262
192 263
193 264
193 265
194 266
194 267
193 268
193 269
192 270
191 270
192 271
193 272
192 273
192 274
191 275
190 276
190 277
189 278
189 279
189 280
189 281
189 282
189 283
189 284
190 285
189 286
188 286
188 287
189 288
188 289
188 290
188 291
187 292
188 293
188 294
188 295
189 296
188 297
188 298
189 299
188 300
189 301
190 301
191 302
190 303
191 304
192 304
193 305
193 306
193 307
192 308
193 308
194 309
195 310
196 311
195 312
196 313
196 314
197 314
198 314
199 315
199 316
198 317
197 318
198 319
199 320
200 320
201 321
201 322
201 323
202 323
203 324
203 325
204 325
205 326
206 327
206 328
207 329
208 330
209 330
210 329
211 330
211 331
210 332
209 333
208 334
208 335
208 336
207 337
207 338
206 339
205 339
206 340
205 341
205 342
205 343
205 344
204 345
204 346
204 347
204 348
204 349
204 350
203 351
203 352
203 353
202 354
202 355
201 356
202 357
201 358
200 359
200 360
200 361
199 362
198 363
198 364
198 365
197 366
196 367
196 368
196 369
195 370
195 371
194 372
193 372
193 373
192 374
191 374
190 375
189 375
188 376
187 377
186 376
185 377
184 378
183 378
183 379
182 380
181 380
180 381
179 381
178 381
178 382
177 383
176 382
175 381
174 382
173 381
172 381
171 382
170 382
169 382
168 383
167 382
166 383
165 383
164 382
163 383
162 384
161 384
160 383
160 384
159 385
158 386
157 385
157 386
157 387
156 388
155 388
156 388
157 389
157 390
158 391
159 392
160 392
161 393
161 394
162 394
163 395
163 396
164 396
165 397
166 398
167 399
168 399
169 400
170 401
171 400
172 401
172 402
173 402
174 403
175 404
176 405
177 405
178 405
179 406
180 405
181 406
182 405
183 404
184 404
185 404
186 404
186 403
186 402
187 401
188 401
189 400
190 400
191 400
192 400
193 400
194 400
194 399
195 398
196 398
196 397
196 396
197 395
197 394
198 393
199 393
199 392
200 391
200 390
200 389
201 388
201 387
201 386
202 385
203 384
204 384
203 383
204 382
205 381
205 380
206 379
206 378
206 377
207 376
208 375
209 374
210 373
211 372
212 371
212 370
213 369
214 368
215 368
216 368
216 367
217 366
218 366
219 365
220 365
220 364
221 363
222 363
223 362
223 361
224 360
225 360
226 359
226 358
227 357
228 357
229 357
229 356
230 355
230 354
230 353
231 352
232 351
233 351
234 351
234 350
235 349
236 349
237 348
238 347
239 347
240 347
241 346
242 346
243 347
242 348
243 349
243 350
243 351
242 352
242 353
243 354
242 355
242 356
243 357
243 358
242 359
243 360
242 361
242 362
242 363
242 364
242 365
241 366
241 367
241 368
240 369
240 370
240 371
239 372
239 373
238 374
238 375
239 376
238 377
237 377
237 378
236 379
235 380
234 381
235 382
234 383
233 383
233 384
232 385
232 386
232 387
231 388
230 389
230 390
229 391
228 391
227 392
226 393
225 394
224 394
223 394
222 394
221 394
220 395
219 395
218 396
217 396
216 396
215 397
214 397
213 398
212 398
211 399
210 399
209 400
208 399
208 400
207 401
206 401
205 402
204 402
204 403
204 404
203 405
202 405
203 405
204 406
203 407
204 408
205 408
206 409
207 410
208 411
209 411
210 411
211 412
212 413
213 413
214 413
215 414
216 415
217 415
218 415
219 415
220 416
221 415
222 416
223 417
224 418
225 417
226 417
226 416
227 415
228 414
229 415
229 414
230 413
231 412
231 411
232 410
232 409
232 408
232 407
233 406
234 407
234 408
235 408
236 409
236 410
237 410
238 411
239 410
240 409
240 408
241 407
242 406
243 405
244 404
245 404
245 403
245 402
246 401
246 400
246 399
247 398
248 398
248 397
247 396
248 395
249 395
249 394
250 393
250 392
249 391
250 390
251 390
250 389
250 388
251 387
251 386
250 385
251 384
252 384
251 383
252 382
253 382
252 381
252 380
253 379
254 379
253 378
253 377
254 376
255 376
255 375
255 374
256 373
256 372
257 371
258 371
258 370
258 369
259 368
259 367
260 366
261 365
262 364
262 363
263 362
264 362
264 361
265 360
266 360
266 359
265 358
266 357
267 357
267 356
267 355
268 354
269 354
270 353
270 352
270 351
271 350
272 349
273 348
274 347
275 347
276 347
277 348
278 349
278 350
279 350
280 350
281 351
282 350
283 350
284 350
285 351
286 351
287 351
288 352
289 351
290 352
291 353
292 353
293 354
293 355
294 355
295 356
296 356
297 357
298 356
299 356
300 357
300 358
301 357
302 358
303 359
303 358
304 357
305 358
306 359
307 359
308 359
309 359
310 359
311 360
312 361
312 362
312 363
313 364
314 365
314 366
314 367
315 367
316 368
316 369
317 368
318 369
319 369
320 370
321 371
322 371
323 371
324 370
325 370
326 371
325 372
326 373
326 374
327 375
328 376
329 376
330 376
331 377
331 378
332 379
332 380
333 381
334 382
335 383
336 384
337 383
338 383
339 384
338 385
339 386
340 387
341 388
342 389
342 390
343 391
344 392
345 392
346 392
347 393
347 394
348 395
348 396
348 397
349 398
349 399
349 400
350 401
350 402
350 403
351 404
350 405
351 406
351 407
352 408
352 409
351 410
350 410
350 411
351 412
350 413
349 413
349 414
348 415
348 416
348 417
347 418
347 419
347 420
347 421
347 422
348 422
349 423
349 424
350 424
351 425
352 425
352 424
353 423
354 424
355 423
355 422
356 421
357 421
358 420
359 420
360 419
361 419
362 419
363 418
364 419
365 420
366 419
367 419
368 420
369 419
370 420
371 421
372 422
373 422
374 423
374 424
375 424
376 425
377 425
378 424
379 423
380 423
381 423
382 424
382 425
383 425
384 426
384 427
385 427
386 428
386 429
387 428
387 427
388 426
389 426
390 427
391 428
390 429
391 430
391 431
391 432
392 432
393 433
393 432
394 431
395 431
396 432
395 433
396 434
397 435
398 435
399 434
400 433
401 433
402 434
403 434
404 435
405 435
406 435
407 434
408 435
409 436
410 436
411 437
411 438
412 438
413 439
413 440
414 440
415 439
416 439
417 439
418 440
419 440
420 441
421 442
422 443
423 444
424 444
425 445
425 446
426 446
427 447
428 448
428 449
428 450
428 451
429 451
430 452
431 453
430 454
431 455
431 456
430 457
431 458
431 459
430 460
429 461
429 462
429 463
429 464
428 465
428 466
429 467
428 468
427 468
427 469
426 470
426 471
425 472
425 473
425 474
424 475
424 476
424 477
423 478
423 479
423 480
422 481
422 482
421 483
420 484
420 485
419 486
418 487
417 488
417 489
416 490
415 490
415 491
414 492
414 493
414 494
413 495
412 495
413 496
413 497
412 498
411 498
411 499
410 500
409 501
408 502
408 503
408 504
407 505
406 504
406 505
405 506
404 506
404 507
404 508
403 509
402 509
401 510
400 511
399 512
398 512
398 513
397 514
396 514
395 514
395 515
394 516
393 517
392 517
391 517
390 517
389 518
389 519
388 520
387 520
386 519
385 520
385 521
384 522
383 521
382 522
381 523
380 523
379 524
378 525
377 525
376 526
375 525
374 526
373 527
372 526
371 526
370 526
369 526
368 526
367 526
366 525
366 526
365 527
364 526
363 526
362 527
361 527
360 526
359 527
358 527
357 528
356 528
355 528
354 528
354 529
353 530
352 530
351 531
351 532
351 533
351 534
352 535
352 536
353 537
354 537
355 538
355 539
356 540
357 541
358 542
359 543
360 543
361 544
361 545
362 545
363 546
363 547
364 546
365 547
366 547
367 548
368 549
369 549
370 550
371 550
372 551
373 551
374 550
375 550
376 550
377 549
377 548
378 547
379 546
380 546
380 545
381 544
382 543
383 542
384 543
384 544
385 545
385 546
385 547
386 547
387 548
388 549
388 548
389 547
390 547
391 546
392 545
393 544
394 543
394 542
395 541
396 541
396 540
396 539
397 538
398 539
399 538
400 537
399 536
400 535
401 535
401 534
402 533
403 532
403 531
404 530
405 530
405 529
406 528
407 527
408 526
409 525
410 525
411 524
411 523
412 522
413 523
414 522
415 521
415 520
416 519
417 520
418 519
418 518
419 517
420 518
420 517
421 516
422 516
423 516
424 515
425 515
425 514
426 513
427 514
428 513
429 513
430 512
431 511
432 510
433 511
433 510
433 509
434 508
435 509
436 508
437 507
438 506
439 506
440 505
441 504
442 504
443 503
444 502
445 503
445 504
446 505
445 506
445 507
445 508
444 509
445 510
445 511
444 512
445 513
444 514
444 515
444 516
443 517
444 518
444 519
444 520
443 521
444 522
444 523
444 524
443 525
443 526
444 527
443 528
442 528
443 529
442 530
442 531
442 532
441 533
440 534
441 535
440 536
439 536
440 537
440 538
439 539
439 540
439 541
438 542
438 543
438 544
437 545
437 546
436 547
435 547
436 548
436 549
435 550
434 550
434 551
434 552
433 553
432 554
432 555
431 556
430 557
429 558
428 559
427 560
426 560
425 561
424 562
425 563
424 564
423 564
422 564
421 565
420 566
419 567
418 567
417 568
416 569
415 569
415 570
414 571
413 571
412 571
411 572
410 573
409 573
408 573
407 573
406 573
405 572
405 573
404 574
403 573
402 573
401 573
400 573
399 572
398 573
397 574
396 575
395 574
394 574
393 575
392 574
391 575
390 575
389 576
388 575
387 575
387 576
386 577
385 576
385 577
384 578
383 578
382 578
381 579
380 580
381 581
382 581
383 582
382 583
383 584
383 585
384 586
385 587
386 587
387 588
387 589
388 589
389 590
389 591
390 591
391 592
392 591
393 592
394 593
395 594
396 594
397 594
398 595
399 596
400 596
401 597
402 596
403 597
404 597
405 597
406 597
407 597
408 598
409 598
409 597
410 596
411 597
412 596
413 596
414 595
414 594
415 593
416 593
417 592
418 591
419 592
420 592
421 593
422 592
422 591
423 590
424 589
425 588
426 587
427 586
428 585
428 584
429 583
430 582
431 581
431 580
432 579
432 578
433 577
434 577
434 576
434 575
435 574
436 574
436 573
437 572
438 571
439 570
439 569
440 568
441 568
441 567
442 566
443 566
444 566
444 565
445 564
446 563
447 562
447 561
448 560
449 560
449 559
450 558
451 558
452 557
453 556
454 555
455 554
456 554
457 553
458 552
459 551
460 551
460 550
461 549
462 549
462 548
463 547
464 547
465 546
466 547
467 546
467 545
468 544
469 545
470 544
471 543
472 542
473 541
474 541
475 540
475 539
476 538
476 537
476 536
476 535
477 534
477 533
477 532
477 531
478 530
479 529
478 528
479 527
480 526
479 525
480 524
481 523
482 522
482 521
483 520
484 519
485 519
485 518
486 517
487 516
486 515
487 514
488 513
488 512
489 511
490 511
491 511
492 510
493 509
494 509
495 508
495 507
496 506
497 506
498 505
499 505
499 504
500 503
501 503
502 502
503 502
504 502
504 501
505 500
506 500
507 499
508 499
509 500
509 499
510 498
511 498
512 498
513 497
514 496
515 496
516 495
517 495
518 494
519 495
520 494
521 493
522 493
523 493
524 492
525 492
526 492
527 491
528 490
529 489
530 489
531 489
532 488
533 488
534 487
535 486
536 486
537 486
537 485
538 484
539 485
540 486
540 485
541 484
542 483
543 482
544 482
545 481
546 480
547 481
547 482
547 483
546 484
545 485
545 486
544 487
543 487
542 488
541 488
541 489
540 490
539 490
540 491
540 492
539 493
538 493
538 494
537 495
536 496
535 496
534 496
534 497
533 498
532 499
531 499
530 500
529 501
529 502
528 503
527 503
526 504
526 505
525 506
524 506
524 507
524 508
523 509
522 509
522 510
521 511
520 512
519 512
518 513
517 514
516 514
516 515
515 516
514 516
513 517
512 517
512 518
511 519
510 519
509 520
508 521
507 522
506 523
505 523
504 524
503 524
502 525
501 526
501 527
500 528
499 528
498 528
498 529
497 530
497 531
496 532
495 532
495 533
494 534
493 534
493 535
492 536
491 536
491 537
491 538
490 539
489 539
489 540
489 541
488 542
487 543
487 544
486 545
485 545
485 546
484 547
484 548
484 549
483 550
482 550
482 551
481 552
481 553
481 554
480 555
479 556
478 557
478 558
477 559
477 560
476 561
475 562
476 563
476 564
475 565
475 566
474 567
473 568
473 569
472 570
472 571
472 572
472 573
472 574
472 575
473 576
474 576
475 575
476 575
477 574
478 573
479 573
480 573
481 572
482 571
483 571
484 570
485 569
486 570
486 569
487 568
488 567
489 566
490 566
490 565
491 564
492 563
492 562
493 561
494 562
494 561
495 560
496 560
496 559
497 558
498 558
499 557
500 557
500 556
501 555
502 554
502 553
503 552
504 552
504 551
505 550
506 549
507 548
507 547
508 546
509 546
509 545
510 544
511 543
510 542
511 541
512 541
512 540
513 539
514 538
514 537
514 536
515 535
516 534
517 533
518 532
518 531
519 530
520 530
520 529
520 528
521 527
521 526
522 525
523 524
524 523
525 522
526 521
525 520
526 519
527 518
528 517
529 516
529 515
530 514
530 513
530 512
531 511
532 511
532 510
533 509
534 508
535 507
535 506
536 505
537 505
537 504
538 503
539 502
539 501
540 500
541 500
542 499
543 500
543 499
543 498
544 497
545 497
545 496
546 495
547 494
548 493
549 492
550 491
549 490
550 489
551 489
552 489
552 488
553 487
554 486
555 485
556 485
556 484
557 483
558 483
558 482
559 481
560 481
560 480
561 479
562 479
563 478
564 477
565 477
566 476
567 475
568 474
568 473
569 472
570 472
570 471
571 470
572 469
573 468
574 468
575 467
576 466
576 465
577 464
578 464
578 463
579 462
580 462
581 461
582 461
582 460
583 459
584 458
584 457
585 456
586 457
587 456
588 455
589 455
590 454
591 453
592 452
593 452
593 451
594 450
595 450
596 450
596 449
597 448
598 448
598 447
599 446
600 445
601 444
601 443
602 442
603 442
604 442
604 441
605 440
605 439
606 438
607 437
608 437
609 436
609 435
610 434
611 434
611 433
612 432
613 431
614 430
614 429
615 428
616 428
617 428
617 427
618 426
619 426
619 425
620 424
621 423
622 422
622 421
623 420
624 420
624 419
625 418
626 417
626 416
627 415
628 415
629 415
630 415
630 414
630 413
631 412
631 411
631 410
632 409
633 409
633 408
634 407
635 406
636 406
635 405
636 404
637 403
637 402
638 401
639 400
638 399
639 398
640 397
641 396
642 395
641 394
642 393
643 393
642 392
642 391
643 390
643 389
642 388
643 387
643 386
642 385
642 384
643 383
643 382
643 381
642 380
643 379
643 378
642 377
642 376
641 376
640 375
640 374
641 373
640 372
640 371
639 370
638 369
638 368
637 367
636 367
635 366
635 365
634 364
633 363
633 362
632 362
631 361
631 360
630 360
629 359
628 359
627 358
626 357
625 356
624 355
623 354
622 353
621 353
620 352
620 351
619 351
618 350
617 349
616 348
615 348
614 347
614 346
613 346
612 345
611 344
610 343
609 342
608 342
607 341
606 340
605 339
604 338
603 337
602 337
601 336
602 335
601 334
600 334
599 333
599 332
598 332
597 331
596 331
595 330
595 329
594 329
593 328
593 327
592 327
591 326
590 325
589 324
588 323
587 323
586 322
585 321
584 320
583 320
582 319
582 318
581 318
580 317
580 316
579 316
578 315
577 314
578 313
577 313
576 312
575 312
574 311
574 310
573 310
572 309
571 308
570 307
569 306
568 305
567 304
566 305
565 304
564 304
563 303
564 302
563 301
562 301
561 300
561 299
560 299
559 299
558 298
557 298
556 297
556 296
555 296
554 295
553 294
552 293
551 293
550 292
550 291
549 291
548 290
547 289
546 288
545 287
544 287
543 286
542 285
541 284
540 283
539 282
538 282
537 281
537 280
536 280
535 279
534 279
533 279
532 278
531 277
530 276
529 276
528 275
528 274
527 274
526 273
526 272
525 272
524 271
523 270
522 269
521 269
520 268
519 267
518 266
517 265
516 265
515 265
514 264
513 263
512 262
511 261
510 261
509 260
508 259
507 258
506 257
505 257
504 256
504 255
503 255
502 254
501 253
500 254
499 253
498 252
497 251
496 250
495 249
494 249
493 248
493 247
492 247
491 246
490 245
489 244
488 244
487 243
486 242
485 241
484 241
483 240
483 239
482 238
481 238
480 237
480 236
479 236
478 235
477 235
476 234
476 233
475 233
474 232
473 231
472 230
471 229
470 228
469 227
468 227
467 226
466 225
465 224
464 224
463 223
463 222
462 222
461 221
461 220
460 220
459 219
458 218
457 217
456 217
455 216
454 215
453 214
452 213
451 213
450 212
450 211
449 211
448 210
448 209
447 209
446 208
445 208
444 207
444 206
443 206
442 205
441 204
440 203
439 202
438 202
437 201
437 200
436 200
435 199
434 198
433 197
432 197
431 196
431 195
430 195
429 194
428 193
427 192
426 191
425 191
424 190
423 190
422 189
421 190
420 189
420 188
421 187
420 186
419 186
418 185
418 184
417 184
416 183
415 182
414 181
413 181
412 180
411 179
410 178
409 177
408 176
407 175
406 175
405 174
405 173
404 173
403 172
402 172
401 171
401 170
400 170
399 169
399 168
399 167
398 167
397 166
397 165
396 165
395 164
394 163
395 162
394 162
393 161
392 161
391 160
391 159
390 159
389 158
388 157
387 156
386 155
386 154
385 153
384 152
383 151
382 151
381 150
380 149
379 148
378 147
378 146
378 145
377 144
377 143
377 142
376 141
376 140
375 139
374 138
374 137
374 136
373 136
372 135
372 134
371 134
370 133
369 133
368 132
367 131
367 130
367 129
366 128
365 127
364 126
363 126
362 125
361 124
360 123
359 122
360 121
359 121
358 120
357 119
356 118
356 117
355 116
354 115
353 115
352 114
352 113
352 112
351 112
350 111
350 110
349 110
348 109
347 108
346 107
345 106
344 106
343 105
342 104
341 103
340 103
339 102
339 101
339 100
338 99
337 98
336 99
335 99
334 98
334 97
334 96
333 95
332 95
331 94
330 94
329 93
328 92
327 92
326 91
326 90
325 90
324 89
324 88
323 88
322 88
321 88
320 87
319 86
318 85
317 84
316 84
315 83
314 83
313 82
312 81
311 81
310 80
309 81
308 80
308 79
307 79
306 78
306 77
305 77
304 76
303 75
302 75
301 74
300 74
299 73
298 73
297 72
296 73
295 74
294 73
294 72
294 71
293 71
292 70
291 70
290 70
289 69
289 68
288 68
287 67
286 68
285 68
284 68
283 68
282 67
282 66
281 66
280 65
279 64
278 65
277 64
276 64
275 63
274 63
273 62
273 61
274 60
275 60
275 59
275 58
275 57
274 56
275 55
275 54
274 53
275 52
274 51
274 50
274 49
273 49
272 48
271 47
270 46
269 45
268 46
267 45
266 45
265 44
264 45
263 45
262 46
261 45
260 44
259 44
258 45
257 44
256 43
255 43
254 42
253 41
252 40
251 40
250 39
250 38
249 38
248 37
247 36
246 36
245 35
244 36
243 35
242 36
241 35
240 34
239 33
238 32
237 32
236 31
236 30
235 30
234 29
233 28
232 29
231 28
230 28
229 27
228 27
227 27
