28 18
28 19
28 20
27 21
26 20
25 20
24 20
23 20
22 20
22 21
22 22
22 23
23 24
23 25
24 26
25 27
26 28
27 29
28 30
29 31
30 32
31 32
32 33
33 34
34 34
35 35
36 36
35 37
34 38
34 39
33 40
32 41
31 42
30 42
29 43
29 44
28 45
28 46
27 47
27 48
27 49
26 50
26 51
25 52
25 53
25 54
25 55
24 56
24 57
23 58
22 59
21 60
20 60
20 61
20 62
19 63
18 64
17 65
17 66
17 67
16 68
15 69
15 70
15 71
14 72
14 73
13 74
12 75
12 76
12 77
11 78
10 79
10 80
9 81
8 82
8 83
8 84
7 85
6 86
6 87
5 88
4 89
3 90
3 91
2 92
1 93
1 94
1 95
1 96
1 97
1 98
1 99
1 100
2 101
2 102
3 103
4 104
5 105
6 105
7 106
8 106
9 107
10 107
11 108
12 108
13 109
14 109
15 110
16 110
17 110
18 110
19 111
20 111
21 111
22 111
23 111
24 111
25 111
26 110
27 110
28 109
28 108
29 107
30 107
31 106
32 106
33 107
34 107
35 107
36 108
37 108
38 109
39 109
40 110
41 110
42 111
43 111
44 112
45 112
46 113
47 113
48 113
49 113
50 113
51 113
52 113
53 113
54 113
55 113
56 113
57 113
58 112
59 112
60 112
61 112
62 112
63 112
64 112
65 112
66 112
67 112
68 112
69 112
70 112
71 112
72 112
73 113
74 113
75 114
76 114
77 114
78 115
79 115
80 116
81 116
82 117
83 117
84 118
84 119
85 119
86 120
87 121
88 122
89 123
90 123
91 124
91 125
92 126
93 126
94 127
94 128
95 129
96 130
96 131
97 132
98 133
99 134
100 135
100 136
100 137
101 138
102 139
102 140
103 141
103 142
104 143
104 144
105 145
105 146
106 147
106 148
106 149
106 150
107 151
108 152
108 153
108 154
109 155
110 156
111 157
111 158
112 158
113 159
114 160
115 161
116 162
117 163
117 164
118 165
118 166
119 167
119 168
120 169
121 170
121 171
122 172
123 173
124 174
125 175
125 176
126 176
127 177
128 177
129 178
130 179
130 180
131 180
132 181
132 182
133 182
134 183
135 184
136 184
137 185
138 185
139 185
140 186
141 187
142 187
143 188
144 188
145 189
145 190
145 191
145 192
145 193
145 194
145 195
145 196
145 197
145 198
145 199
146 200
146 201
147 202
147 203
147 204
147 205
148 206
148 207
148 208
149 209
149 210
149 211
149 212
150 213
151 214
150 215
150 216
150 217
150 218
150 219
150 220
150 221
150 222
150 223
149 224
149 225
148 226
148 227
147 228
147 229
147 230
147 231
147 232
146 233
146 234
145 235
144 236
143 237
143 238
142 239
142 240
141 241
140 242
140 243
140 244
139 245
138 245
137 246
137 247
137 248
136 249
135 249
135 250
134 251
133 252
133 253
132 254
132 255
132 256
132 257
133 257
134 257
135 258
136 258
137 258
138 259
139 259
140 259
141 259
142 259
143 259
144 259
145 259
146 258
147 259
147 260
148 260
149 260
150 260
150 259
151 258
152 257
153 257
154 257
155 257
156 257
157 256
158 255
159 255
160 255
161 254
161 253
161 252
162 251
162 250
162 249
162 248
162 247
161 246
161 245
161 244
161 243
162 242
163 241
164 241
164 240
164 239
165 238
166 237
166 236
166 235
166 234
166 233
166 232
165 232
164 231
165 230
165 229
165 228
165 227
166 226
166 225
166 224
166 223
166 222
166 221
166 220
166 219
166 218
166 217
166 216
167 215
167 214
167 213
167 212
168 211
168 210
169 209
169 208
169 207
169 206
170 205
171 204
171 203
171 202
171 201
172 200
172 199
172 198
172 197
172 196
172 195
172 194
173 193
173 192
173 191
173 190
173 189
174 188
174 187
174 186
174 185
175 184
176 183
177 184
178 185
178 186
179 187
179 188
179 189
180 190
180 191
180 192
180 193
181 194
181 195
181 196
182 197
182 198
182 199
183 200
184 201
184 202
185 203
186 204
187 205
187 206
188 207
189 208
190 209
190 210
190 211
190 212
191 213
191 214
191 215
191 216
191 217
191 218
191 219
191 220
191 221
192 222
192 223
192 224
192 225
192 226
192 227
192 228
192 229
192 230
192 231
191 232
191 233
190 234
189 235
188 236
187 237
187 238
186 239
186 240
186 241
185 242
184 243
184 244
184 245
184 246
185 247
185 248
186 248
187 249
188 249
189 250
190 250
191 250
192 251
193 251
194 252
195 252
196 252
197 252
198 252
199 252
200 252
201 252
202 252
203 252
204 251
205 251
206 251
206 250
207 249
208 249
209 249
210 248
211 247
211 246
211 245
211 244
210 244
209 243
209 242
210 241
211 240
212 239
213 239
214 239
214 238
214 237
214 236
214 235
214 234
214 233
213 233
212 232
212 231
211 230
211 229
211 228
211 227
210 226
210 225
210 224
209 223
209 222
209 221
208 220
208 219
208 218
207 217
207 216
207 215
207 214
206 213
206 212
206 211
206 210
205 209
205 208
205 207
205 206
205 205
205 204
205 203
205 202
205 201
205 200
205 199
205 198
205 197
205 196
206 195
206 194
206 193
206 192
205 191
205 190
205 189
205 188
204 187
204 186
204 185
204 184
203 183
203 182
203 181
203 180
203 179
203 178
202 177
202 176
203 175
204 174
205 174
206 173
207 173
208 173
209 173
210 173
211 173
212 173
213 173
214 173
215 172
216 172
217 172
218 172
219 172
220 172
221 172
222 172
223 172
224 172
225 172
226 172
227 172
228 172
229 172
230 172
231 173
232 173
233 173
234 173
235 173
236 173
237 173
238 173
239 173
240 173
241 172
242 173
243 173
244 174
245 174
246 174
247 174
248 174
249 174
250 174
251 174
252 174
253 174
254 174
255 174
256 174
257 174
258 174
259 174
260 175
261 175
262 176
263 177
264 178
263 179
263 180
263 181
263 182
263 183
262 184
262 185
261 186
261 187
260 188
260 189
260 190
260 191
260 192
261 192
262 192
263 192
264 192
265 193
266 193
267 193
268 193
269 193
269 192
270 191
271 190
271 189
271 188
271 187
271 186
271 185
271 184
271 183
271 182
272 181
273 181
274 181
275 180
276 180
277 179
277 178
278 177
279 176
279 175
280 174
281 173
282 172
283 172
284 172
285 172
286 172
287 172
288 171
289 171
290 170
291 170
292 170
293 169
294 169
295 169
296 169
297 168
298 168
299 167
300 167
301 167
302 167
303 167
304 166
305 165
306 165
307 165
308 165
309 164
310 164
311 163
312 163
313 163
314 162
315 162
316 162
317 161
318 161
319 160
320 159
321 159
322 159
323 158
324 158
325 158
326 157
327 157
328 157
329 156
330 156
331 156
332 156
333 156
334 156
335 157
335 158
336 158
337 159
337 160
337 161
338 162
338 163
338 164
338 165
338 166
338 167
339 168
339 169
339 170
339 171
339 172
340 173
340 174
341 175
341 176
341 177
342 178
342 179
342 180
343 181
343 182
344 183
344 184
345 185
346 186
346 187
347 188
347 189
348 190
348 191
348 192
349 193
349 194
350 195
350 196
350 197
350 198
350 199
350 200
350 201
350 202
350 203
350 204
350 205
350 206
350 207
350 208
350 209
350 210
350 211
350 212
350 213
350 214
350 215
350 216
349 217
349 218
349 219
348 220
348 221
348 222
348 223
348 224
347 225
347 226
347 227
347 228
346 229
346 230
345 231
345 232
345 233
345 234
344 235
344 236
344 237
344 238
343 239
342 240
341 241
340 242
339 242
338 243
337 243
336 244
336 245
335 246
334 247
333 248
332 249
331 250
330 251
329 252
328 253
328 254
328 255
328 256
329 256
330 257
331 258
332 258
333 259
334 259
335 259
336 260
337 260
338 260
339 260
340 260
341 260
342 260
343 260
344 260
345 260
346 260
347 260
348 260
349 260
350 259
351 259
352 258
353 258
353 257
354 256
355 255
355 254
355 253
355 252
356 251
357 250
358 250
359 249
360 249
361 249
361 248
361 247
361 246
361 245
361 244
361 243
361 242
362 241
362 240
362 239
363 238
363 237
363 236
364 235
364 234
364 233
364 232
365 231
365 230
366 229
366 228
367 227
367 226
368 225
368 224
368 223
368 222
368 221
369 220
369 219
369 218
370 217
370 216
371 215
371 214
371 213
372 212
372 211
372 210
373 209
373 208
374 207
374 206
375 205
376 204
377 205
377 206
378 207
379 208
379 209
379 210
379 211
379 212
380 213
380 214
380 215
381 216
381 217
381 218
381 219
382 220
382 221
382 222
382 223
382 224
382 225
382 226
383 227
383 228
383 229
383 230
383 231
383 232
384 233
384 234
384 235
384 236
384 237
384 238
384 239
384 240
383 241
383 242
383 243
383 244
383 245
383 246
383 247
383 248
383 249
382 250
381 251
380 252
379 253
378 254
377 255
376 255
376 256
375 257
374 258
373 259
372 260
371 261
371 262
370 263
369 263
368 264
367 265
366 266
366 267
366 268
366 269
367 269
368 270
369 270
370 270
371 270
372 270
373 270
374 270
375 270
376 270
377 270
378 270
379 270
380 270
381 270
382 270
383 270
384 270
385 270
386 270
387 270
388 270
389 270
390 270
391 269
392 269
393 268
394 268
395 267
396 266
396 265
397 264
397 263
397 262
397 261
397 260
397 259
398 258
399 258
400 258
401 257
401 256
402 255
402 254
402 253
402 252
402 251
401 250
401 249
401 248
401 247
401 246
400 245
400 244
401 243
401 242
401 241
401 240
400 239
400 238
400 237
400 236
400 235
400 234
400 233
400 232
400 231
400 230
399 229
399 228
399 227
399 226
399 225
399 224
399 223
399 222
398 221
398 220
398 219
398 218
398 217
398 216
398 215
398 214
399 213
399 212
399 211
400 210
400 209
400 208
400 207
400 206
400 205
400 204
400 203
400 202
400 201
400 200
400 199
400 198
400 197
400 196
401 195
401 194
401 193
401 192
401 191
402 190
403 191
403 192
403 193
403 194
403 195
403 196
403 197
403 198
403 199
403 200
403 201
403 202
403 203
403 204
403 205
403 206
403 207
403 208
403 209
403 210
403 211
403 212
403 213
403 214
403 215
403 216
403 217
403 218
403 219
403 220
403 221
403 222
403 223
404 224
404 225
405 226
405 227
405 228
405 229
405 230
405 231
406 232
406 233
406 234
406 235
406 236
407 236
408 237
408 238
408 239
408 240
408 241
408 242
409 242
410 242
411 242
411 241
411 240
411 239
412 238
413 238
413 237
413 236
413 235
413 234
413 233
413 232
413 231
414 230
414 229
414 228
414 227
415 226
415 225
415 224
415 223
415 222
415 221
416 220
416 219
416 218
417 217
417 216
417 215
417 214
417 213
417 212
418 211
418 210
418 209
418 208
418 207
419 206
419 205
419 204
419 203
419 202
419 201
419 200
419 199
419 198
419 197
419 196
419 195
419 194
419 193
419 192
419 191
419 190
419 189
419 188
419 187
418 186
418 185
418 184
418 183
418 182
418 181
418 180
418 179
418 178
418 177
418 176
418 175
418 174
418 173
418 172
418 171
418 170
417 169
417 168
417 167
417 166
416 165
416 164
416 163
416 162
416 161
416 160
415 159
415 158
415 157
414 156
414 155
414 154
414 153
414 152
414 151
414 150
413 149
413 148
413 147
413 146
413 145
413 144
413 143
413 142
413 141
413 140
413 139
413 138
413 137
413 136
413 135
413 134
413 133
413 132
413 131
413 130
413 129
413 128
413 127
413 126
413 125
413 124
414 123
414 122
414 121
414 120
414 119
414 118
415 117
415 116
415 115
415 114
414 113
414 112
414 111
414 110
414 109
414 108
414 107
414 106
415 105
415 104
415 103
416 102
416 101
417 100
417 99
417 98
417 97
417 96
417 95
417 94
417 93
417 92
417 91
417 90
417 89
417 88
418 87
418 86
418 85
418 84
418 83
418 82
418 81
418 80
419 79
419 78
419 77
419 76
419 75
420 74
420 73
420 72
420 71
420 70
420 69
420 68
420 67
420 66
420 65
420 64
420 63
420 62
420 61
420 60
420 59
420 58
420 57
419 56
419 55
419 54
419 53
419 52
418 51
418 50
417 49
417 48
417 47
417 46
416 46
415 45
415 44
414 43
414 42
413 41
412 40
412 39
411 38
410 37
409 37
408 36
407 36
406 35
405 34
404 34
403 34
402 33
401 33
400 32
399 32
398 31
398 30
397 29
396 29
395 29
394 29
393 29
392 29
391 29
390 29
389 29
388 29
387 29
386 29
385 29
384 29
383 29
382 29
381 29
380 29
379 29
378 29
377 29
376 29
375 28
374 28
373 28
372 28
371 29
370 30
369 30
368 30
367 30
366 30
365 30
364 30
363 29
362 29
361 29
360 29
359 29
358 29
357 29
356 29
355 29
354 29
353 29
352 29
351 29
350 29
349 29
348 29
347 29
346 29
345 30
344 30
343 30
342 30
341 30
340 30
339 31
338 31
337 31
336 31
335 31
334 31
333 31
332 31
331 31
330 31
329 31
328 31
327 32
326 32
325 32
324 32
323 32
322 32
321 32
320 33
319 33
318 33
317 33
316 33
315 33
314 33
313 33
312 33
311 33
310 34
309 34
308 34
307 34
306 34
305 35
304 35
303 35
302 35
301 35
300 35
299 35
298 36
297 36
296 36
295 37
294 37
293 37
292 37
291 37
290 37
289 37
288 37
287 37
286 37
285 37
284 37
283 37
282 38
281 38
280 38
279 38
278 38
277 38
276 38
275 38
274 38
273 38
272 39
271 39
270 39
269 39
268 39
267 39
266 39
265 39
264 39
263 39
262 40
261 40
260 40
259 40
258 40
257 40
256 40
255 39
254 39
253 39
252 39
251 39
250 39
249 39
248 39
247 39
246 39
245 39
244 39
243 39
242 39
241 39
240 39
239 39
238 38
237 38
236 38
235 38
234 38
233 38
232 38
231 38
230 38
229 37
228 37
227 37
226 37
225 37
224 37
223 37
222 37
221 37
220 36
219 36
218 36
217 36
216 36
215 36
214 36
213 36
212 35
211 35
210 35
209 35
208 35
207 35
206 35
205 35
204 35
203 34
202 34
201 34
200 34
199 34
198 33
197 33
196 33
195 33
194 33
193 33
192 33
191 33
190 33
189 33
188 33
187 32
186 32
185 32
184 32
183 32
182 32
181 32
180 32
179 32
178 32
177 32
176 32
175 32
174 32
173 32
172 32
171 32
170 32
169 32
168 32
167 32
166 32
165 32
164 32
163 32
162 32
161 32
160 32
159 32
158 32
157 31
156 31
155 31
154 31
153 31
152 31
151 31
150 31
149 32
148 32
147 32
146 31
145 31
144 31
143 31
142 30
141 30
140 30
139 30
138 29
137 29
136 29
135 29
134 28
133 28
132 28
131 28
130 28
129 28
128 28
127 28
126 27
125 27
124 27
123 27
122 27
121 27
120 27
119 27
118 27
117 27
116 27
115 27
114 27
113 27
112 27
111 27
110 27
109 26
108 26
107 26
106 26
105 27
104 27
103 27
102 27
101 27
100 27
99 27
98 27
97 27
96 27
95 27
94 27
93 27
92 28
91 28
90 29
89 29
88 29
87 29
86 29
85 28
85 27
84 26
84 25
83 24
82 24
81 24
80 24
79 24
78 24
77 25
76 25
75 26
74 26
73 27
72 27
71 27
70 28
69 29
68 30
67 30
66 31
65 30
64 29
63 28
63 27
62 26
61 26
60 25
60 24
59 24
58 24
57 24
56 23
55 23
54 23
53 22
52 22
51 22
50 22
49 23
48 23
47 23
46 23
45 23
44 23
43 22
42 22
41 22
40 22
39 22
38 21
38 20
37 20
36 20
35 19
34 18
33 18
32 18
31 18
30 18
29 18
