50 1
49 2
48 2
47 2
46 2
45 2
44 2
43 2
42 2
41 2
40 2
39 2
38 2
37 2
36 2
35 2
34 2
33 2
32 2
31 2
30 2
30 3
29 4
28 5
28 6
27 7
26 6
25 6
24 5
23 4
22 4
21 4
20 4
19 5
18 5
17 5
16 5
15 5
14 5
14 6
14 7
14 8
14 9
14 10
15 11
15 12
16 13
16 14
17 15
18 16
19 17
19 18
20 18
21 19
22 20
22 21
22 22
22 23
22 24
21 25
21 26
20 27
20 28
19 29
19 30
18 31
18 32
17 33
16 33
16 34
15 35
14 35
13 36
13 37
13 38
12 39
11 39
11 40
11 41
11 42
12 43
12 44
12 45
12 46
12 47
12 48
12 49
12 50
12 51
12 52
12 53
13 54
13 55
13 56
13 57
13 58
14 59
14 60
14 61
14 62
13 63
13 64
13 65
13 66
12 67
12 68
12 69
11 70
11 71
11 72
11 73
10 74
10 75
9 76
9 77
8 78
8 79
7 80
7 81
7 82
6 83
5 84
5 85
5 86
4 87
3 88
2 89
2 90
2 91
1 92
1 93
1 94
1 95
1 96
2 97
2 98
2 99
2 100
3 101
3 102
4 103
5 104
6 104
7 105
7 106
8 107
9 107
10 108
11 108
12 108
13 108
14 109
15 109
16 109
17 109
18 108
19 108
20 109
21 109
22 109
23 109
24 109
25 109
26 109
27 109
28 109
29 110
30 110
31 110
32 110
33 109
34 109
35 109
35 108
36 107
37 107
38 107
39 107
40 108
41 109
42 109
43 109
44 110
44 111
45 112
46 112
47 113
47 114
48 114
49 114
50 114
51 114
52 114
53 114
54 115
55 115
56 115
57 115
58 115
59 115
60 116
61 116
62 116
63 117
64 118
65 119
66 119
67 120
68 121
68 122
69 123
70 124
71 124
72 125
72 126
73 127
74 128
75 129
76 130
77 131
77 132
78 133
79 133
80 134
81 135
82 136
82 137
83 137
84 137
85 137
86 137
87 137
88 137
89 138
90 138
91 138
92 138
93 138
94 139
95 139
96 140
96 141
96 142
96 143
96 144
96 145
97 145
98 146
99 147
100 148
100 149
101 150
101 151
102 152
102 153
103 154
104 155
104 156
105 157
105 158
106 159
106 160
107 160
108 161
108 162
109 163
110 163
111 163
112 164
113 165
114 166
115 166
116 167
117 168
118 168
119 169
120 169
121 169
122 170
123 170
124 170
125 170
126 170
127 171
128 171
129 172
130 172
131 173
132 174
133 174
134 175
135 175
136 176
137 176
138 176
139 177
140 178
141 178
142 179
143 179
144 180
144 181
145 181
146 182
147 183
148 183
149 183
150 183
151 184
152 184
153 184
154 185
155 185
156 185
157 186
158 186
159 186
160 186
161 187
161 188
161 189
162 190
162 191
162 192
162 193
162 194
162 195
162 196
162 197
162 198
162 199
162 200
162 201
162 202
162 203
163 204
163 205
163 206
164 207
164 208
165 209
165 210
165 211
165 212
166 213
166 214
166 215
166 216
167 217
167 218
167 219
167 220
168 221
168 222
168 223
168 224
168 225
168 226
168 227
168 228
168 229
168 230
167 231
167 232
166 233
166 234
166 235
166 236
165 237
165 238
165 239
164 240
164 241
164 242
163 243
163 244
162 245
161 246
160 246
159 246
159 247
158 248
157 248
156 249
155 250
155 251
154 252
154 253
153 254
153 255
153 256
152 257
152 258
151 259
151 260
151 261
151 262
151 263
151 264
151 265
152 265
153 265
154 266
155 266
156 266
157 266
158 266
159 267
160 267
161 267
162 267
163 267
164 267
165 267
166 267
167 267
168 267
169 267
170 266
171 266
172 265
173 265
174 265
175 264
176 264
176 263
177 262
178 262
179 261
180 260
181 259
182 258
183 259
184 259
185 259
186 259
187 258
188 259
188 260
189 260
190 260
191 260
191 259
191 258
191 257
192 256
193 255
193 254
193 253
194 252
194 251
194 250
194 249
194 248
194 247
193 247
192 246
192 245
192 244
193 243
194 243
195 243
196 243
196 242
197 241
198 241
198 240
198 239
199 238
200 237
200 236
200 235
200 234
200 233
199 232
199 231
199 230
199 229
199 228
199 227
198 226
198 225
197 224
197 223
197 222
197 221
197 220
197 219
196 218
196 217
196 216
196 215
196 214
195 213
195 212
195 211
195 210
195 209
195 208
195 207
195 206
195 205
195 204
195 203
195 202
195 201
195 200
195 199
196 198
196 197
196 196
196 195
196 194
196 193
196 192
196 191
196 190
195 189
195 188
195 187
195 186
196 185
196 184
196 183
196 182
196 181
196 180
196 179
196 178
196 177
196 176
196 175
196 174
196 173
196 172
197 171
198 171
199 171
200 170
201 170
202 170
203 170
204 170
205 170
206 170
207 170
208 170
209 170
210 170
211 169
212 169
213 169
214 169
215 169
216 169
217 168
218 168
219 168
220 168
221 168
222 168
223 169
224 169
225 169
226 170
227 170
228 170
229 171
230 171
231 171
232 172
233 172
234 172
235 172
236 172
237 173
238 173
239 174
240 174
241 174
242 175
243 175
244 175
245 175
246 175
247 175
248 175
249 175
250 175
251 176
252 176
253 176
254 176
255 176
256 176
257 176
258 176
259 176
260 176
261 176
262 176
263 176
264 177
265 177
266 178
266 179
266 180
265 181
265 182
265 183
265 184
264 185
263 186
263 187
262 188
262 189
262 190
261 191
261 192
261 193
261 194
260 195
260 196
260 197
260 198
261 198
262 199
261 200
261 201
261 202
261 203
262 203
263 203
264 203
264 202
264 201
265 200
266 199
267 198
268 198
268 197
268 196
269 195
270 194
271 194
272 193
273 192
274 191
274 190
275 189
276 188
277 187
278 187
279 187
279 186
280 185
281 185
282 184
283 183
283 182
283 181
284 180
285 180
286 179
287 178
288 177
289 177
290 177
290 176
291 175
292 175
293 175
294 174
295 174
296 173
297 173
298 172
299 172
300 171
301 171
302 170
303 169
304 169
305 168
306 167
307 167
308 166
309 166
310 165
311 165
312 165
313 165
313 164
314 163
315 163
316 162
317 162
318 161
319 161
320 161
321 160
322 160
323 160
324 159
325 159
326 159
327 159
328 159
329 159
330 159
331 159
332 159
333 159
334 159
335 159
336 159
337 160
338 160
339 161
339 162
340 163
340 164
340 165
340 166
340 167
340 168
340 169
339 170
339 171
339 172
339 173
340 173
341 174
341 175
342 176
343 177
343 178
344 178
345 178
346 179
347 179
348 180
349 180
350 180
351 181
351 182
351 183
351 184
351 185
351 186
351 187
351 188
350 189
350 190
350 191
350 192
350 193
349 194
349 195
349 196
348 197
348 198
348 199
347 200
347 201
347 202
347 203
347 204
346 205
346 206
346 207
345 208
345 209
345 210
344 211
344 212
344 213
343 214
342 215
342 216
342 217
341 218
340 219
339 220
339 221
338 222
337 223
336 224
336 225
335 226
334 227
334 228
333 229
333 230
332 231
332 232
331 233
330 234
329 235
328 236
327 237
326 237
326 238
325 239
324 240
323 241
322 242
322 243
321 244
320 245
319 246
318 246
318 247
318 248
318 249
318 250
319 251
320 251
321 251
322 252
323 252
324 252
325 253
326 253
327 253
328 253
329 253
330 253
331 254
332 254
333 254
334 254
335 254
336 254
337 254
338 254
339 254
340 254
341 254
342 254
343 254
344 253
345 253
346 253
347 252
348 252
348 251
349 250
349 249
349 248
349 247
349 246
349 245
349 244
350 243
351 243
352 243
352 242
353 241
354 241
355 241
356 241
357 241
357 240
358 239
358 238
358 237
358 236
358 235
358 234
358 233
358 232
359 231
359 230
359 229
359 228
359 227
359 226
359 225
360 224
360 223
360 222
361 221
362 221
362 220
362 219
362 218
362 217
362 216
363 215
363 214
363 213
363 212
364 211
364 210
364 209
364 208
365 207
365 206
366 205
366 204
367 203
367 202
367 201
368 200
369 199
369 198
370 197
371 196
372 195
373 196
373 197
373 198
374 198
375 199
375 200
375 201
376 202
376 203
377 204
377 205
377 206
378 207
378 208
378 209
378 210
378 211
378 212
378 213
379 214
379 215
379 216
379 217
379 218
379 219
378 220
378 221
378 222
378 223
378 224
378 225
378 226
377 227
377 228
377 229
377 230
377 231
377 232
376 233
376 234
376 235
375 236
375 237
375 238
374 239
374 240
374 241
373 242
373 243
372 244
372 245
371 246
370 247
369 248
368 249
367 249
366 250
365 251
365 252
364 253
364 254
364 255
363 256
362 257
362 258
361 259
360 260
359 261
358 262
357 262
356 263
355 263
355 264
355 265
355 266
355 267
356 268
357 268
358 268
359 268
360 268
361 268
362 268
363 268
364 268
365 268
366 268
367 268
368 268
369 268
370 268
371 268
372 268
373 268
374 268
375 268
376 268
377 268
378 268
379 268
380 268
381 268
382 268
383 267
384 267
385 266
386 266
387 265
388 264
389 263
389 262
389 261
389 260
389 259
389 258
389 257
390 256
391 257
392 257
393 257
394 258
395 258
396 258
397 258
397 257
397 256
397 255
397 254
397 253
397 252
397 251
397 250
398 249
398 248
398 247
398 246
397 245
398 244
398 243
398 242
398 241
398 240
398 239
398 238
398 237
398 236
398 235
398 234
398 233
398 232
398 231
397 230
398 229
398 228
398 227
398 226
398 225
398 224
398 223
398 222
398 221
397 220
397 219
397 218
397 217
397 216
398 215
399 215
400 216
400 217
400 218
400 219
401 220
401 221
401 222
402 223
402 224
402 225
402 226
403 227
404 228
404 229
404 230
405 231
405 232
406 233
406 234
406 235
406 236
406 237
407 237
408 237
409 237
410 236
410 235
410 234
410 233
410 232
410 231
409 231
408 230
409 229
409 228
409 227
409 226
409 225
409 224
409 223
409 222
409 221
409 220
409 219
409 218
409 217
409 216
409 215
410 214
410 213
410 212
410 211
409 210
409 209
409 208
409 207
409 206
409 205
409 204
409 203
409 202
410 201
410 200
410 199
410 198
410 197
410 196
410 195
410 194
410 193
410 192
410 191
410 190
410 189
410 188
411 187
411 186
411 185
411 184
410 183
410 182
410 181
410 180
410 179
410 178
410 177
410 176
409 175
409 174
409 173
409 172
409 171
408 170
408 169
408 168
407 167
407 166
407 165
407 164
407 163
406 162
406 161
406 160
405 159
405 158
405 157
404 156
404 155
404 154
404 153
403 152
403 151
403 150
403 149
403 148
402 147
402 146
402 145
402 144
402 143
402 142
402 141
402 140
401 139
401 138
401 137
401 136
401 135
401 134
401 133
401 132
401 131
401 130
401 129
401 128
401 127
401 126
402 125
402 124
402 123
402 122
402 121
402 120
402 119
402 118
402 117
402 116
403 115
403 114
403 113
403 112
404 111
404 110
404 109
404 108
404 107
404 106
405 105
405 104
405 103
405 102
405 101
406 100
406 99
406 98
406 97
407 96
407 95
408 94
408 93
409 92
409 91
409 90
409 89
409 88
410 87
410 86
410 85
410 84
411 83
411 82
412 81
412 80
412 79
412 78
412 77
412 76
412 75
412 74
412 73
413 72
413 71
413 70
413 69
413 68
413 67
413 66
414 65
414 64
414 63
414 62
414 61
414 60
414 59
414 58
414 57
414 56
414 55
414 54
414 53
414 52
414 51
414 50
414 49
414 48
414 47
414 46
414 45
414 44
414 43
414 42
414 41
414 40
414 39
414 38
414 37
414 36
414 35
414 34
414 33
414 32
413 31
413 30
412 29
411 28
410 27
409 26
408 25
407 24
407 23
406 22
405 21
405 20
404 19
404 18
403 17
403 16
402 16
401 16
400 15
399 15
398 15
397 14
396 14
395 14
394 14
393 15
392 15
391 15
390 15
389 15
388 15
387 15
386 15
385 15
384 15
383 15
382 15
381 15
380 15
379 16
378 16
377 16
376 16
375 16
374 16
373 16
372 16
371 16
370 16
369 16
368 16
367 16
366 16
365 16
364 16
363 16
362 16
361 16
360 16
359 16
358 16
357 16
356 16
355 16
354 16
353 15
352 15
351 15
350 15
349 16
348 16
347 16
346 16
345 16
344 16
343 16
342 16
341 16
340 16
339 16
338 16
337 16
336 17
335 17
334 17
333 17
332 17
331 17
330 17
329 17
328 17
327 18
326 18
325 18
324 18
323 18
322 19
321 19
320 19
319 20
318 20
317 20
316 20
315 21
314 21
313 21
312 21
311 22
310 22
309 22
308 22
307 22
306 23
305 23
304 24
303 24
302 24
301 24
300 25
299 25
298 25
297 26
296 26
295 26
294 26
293 27
292 27
291 27
290 27
289 28
288 28
287 28
286 28
285 28
284 29
283 29
282 29
281 29
280 29
279 29
278 29
277 29
276 29
275 29
274 29
273 29
272 29
271 29
270 29
269 29
268 29
267 29
266 29
265 28
264 28
263 28
262 28
261 28
260 28
259 28
258 28
257 28
256 28
255 28
254 28
253 28
252 28
251 28
250 28
249 28
248 28
247 28
246 28
245 28
244 28
243 28
242 28
241 28
240 28
239 28
238 28
237 28
236 28
235 28
234 28
233 28
232 28
231 28
230 28
229 28
228 28
227 28
226 28
225 28
224 28
223 28
222 28
221 28
220 28
219 27
218 27
217 27
216 27
215 27
214 27
213 26
212 26
211 26
210 25
209 25
208 25
207 25
206 24
205 24
204 24
203 23
202 23
201 22
200 22
199 21
198 21
197 21
196 20
195 20
194 19
193 19
192 18
192 17
191 17
190 17
189 16
189 15
188 15
187 14
186 14
185 13
184 13
183 12
182 12
181 11
180 11
179 10
178 10
177 9
176 9
175 9
174 9
173 9
172 9
171 9
170 9
169 9
168 8
167 8
166 8
165 8
165 9
164 10
163 10
162 10
161 9
160 8
159 8
158 8
157 8
156 9
155 9
154 9
153 10
152 10
151 10
151 11
150 12
149 11
148 11
147 11
146 11
145 12
144 12
143 13
142 13
141 13
140 14
139 14
138 15
137 15
136 16
135 16
134 16
133 16
132 17
131 17
130 17
129 17
128 17
127 17
126 17
125 17
124 17
123 17
122 17
121 17
120 17
119 17
118 17
117 17
116 17
115 17
114 17
113 17
112 17
111 17
110 17
109 17
108 17
107 18
106 18
105 18
104 18
103 18
102 18
101 18
100 18
99 18
98 17
97 17
96 17
95 17
94 17
93 17
92 17
91 17
90 17
89 17
88 17
87 17
86 17
85 17
84 17
83 17
82 16
82 15
82 14
82 13
82 12
82 11
82 10
82 9
82 8
82 7
82 6
82 5
82 4
81 3
81 2
80 2
79 2
78 2
77 2
76 2
76 3
76 4
75 5
75 6
75 7
75 8
74 9
74 10
73 11
73 12
72 13
71 13
70 13
69 14
68 13
68 12
68 11
67 10
66 9
66 8
65 7
64 6
63 5
62 5
61 4
60 4
59 3
58 3
57 2
56 2
55 1
54 1
53 1
52 1
51 1
