182 13
181 14
180 15
179 16
179 17
179 18
178 19
179 20
178 21
178 22
178 23
178 24
178 25
178 26
178 27
178 28
179 29
178 30
177 31
177 32
176 33
175 33
174 33
173 34
172 33
172 34
171 35
170 35
169 35
168 36
167 37
166 36
165 36
164 37
163 36
162 37
161 36
160 37
159 38
158 37
157 38
156 38
156 39
157 40
156 41
155 41
155 42
155 43
154 44
153 44
152 45
152 46
151 47
150 47
150 48
150 49
149 50
149 51
148 52
147 53
148 54
147 55
146 55
146 56
145 57
144 57
143 58
142 59
141 59
140 60
139 61
138 61
137 61
137 62
136 63
135 64
134 63
133 64
132 65
131 65
130 66
129 66
128 66
127 67
126 68
125 68
124 68
123 68
123 69
122 70
121 70
120 69
119 70
118 71
117 71
116 71
115 72
115 73
114 74
113 74
114 75
114 76
113 77
112 77
112 78
112 79
111 80
112 81
111 82
111 83
112 83
113 84
112 85
112 86
112 87
112 88
113 89
113 90
114 91
115 91
116 92
115 93
116 94
117 94
118 95
119 94
120 95
120 96
120 97
121 97
122 98
122 99
123 99
124 100
124 101
125 101
126 102
126 103
126 104
127 104
128 105
129 104
130 105
131 106
132 106
133 105
134 106
135 107
136 108
136 109
136 110
137 111
137 112
137 113
137 114
137 115
138 116
138 117
137 118
138 118
139 119
140 120
141 121
142 122
141 123
142 123
143 124
144 125
145 126
146 127
146 128
147 129
148 130
148 131
148 132
148 133
148 134
149 135
149 136
148 137
149 138
149 139
148 140
149 141
150 142
149 143
148 143
149 144
149 145
149 146
149 147
149 148
149 149
150 150
149 151
148 151
149 152
150 153
149 154
150 155
149 156
150 157
149 158
150 159
151 159
152 160
153 161
154 162
154 163
155 164
156 165
157 166
157 167
158 168
158 169
157 170
156 171
156 172
155 173
154 173
155 173
156 174
156 175
156 176
156 177
155 178
155 179
156 180
155 181
154 181
155 182
155 183
154 184
155 185
154 186
154 187
154 188
153 189
153 190
153 191
154 192
153 193
154 194
153 195
154 196
155 196
156 197
155 198
155 199
155 200
155 201
156 202
156 203
156 204
157 205
157 206
158 207
159 208
158 209
159 209
160 210
161 211
162 212
162 213
163 214
163 215
164 216
163 217
164 218
165 219
165 220
165 221
165 222
166 223
167 224
167 225
167 226
168 227
168 228
169 229
170 230
169 231
168 231
169 232
169 233
170 234
170 235
170 236
171 236
172 237
172 238
172 239
173 239
174 240
174 241
174 242
175 242
176 243
175 244
176 244
177 245
178 246
177 247
176 248
177 249
176 250
175 251
175 252
174 253
173 253
173 254
172 255
171 256
170 257
169 258
169 259
168 260
168 261
168 262
167 263
167 264
167 265
166 266
166 267
165 268
164 269
165 270
164 271
163 272
163 273
163 274
162 275
161 276
161 277
160 278
160 279
159 280
158 280
158 281
158 282
157 283
156 283
156 284
155 285
154 284
154 285
153 286
152 285
151 286
150 287
149 288
148 288
147 289
146 289
146 290
145 291
144 291
143 291
142 292
141 292
140 292
139 292
138 291
137 291
136 292
135 291
134 291
133 292
132 291
131 292
130 293
129 293
128 294
127 294
126 295
125 295
124 296
123 297
122 297
122 298
121 299
120 299
120 300
121 301
121 302
121 303
122 303
123 304
123 305
124 305
125 306
125 307
126 308
127 309
128 310
129 311
130 311
131 312
131 313
132 313
133 313
134 314
135 313
136 314
137 314
138 315
139 315
140 315
141 315
142 315
143 315
144 315
145 315
146 315
147 315
148 316
149 317
150 317
151 318
152 319
152 320
152 321
153 322
154 322
154 321
155 320
156 320
157 320
158 319
159 319
160 318
161 318
162 318
162 317
163 316
164 315
164 314
163 313
164 312
164 311
165 310
166 310
167 311
168 312
169 312
170 311
171 312
172 312
172 311
173 310
174 311
175 310
176 309
177 309
177 308
178 307
178 306
179 305
180 304
180 303
181 302
181 301
181 300
181 299
182 298
182 297
183 296
184 296
185 295
184 294
185 293
186 292
186 291
187 290
187 289
187 288
188 287
189 286
190 285
191 285
191 284
192 283
193 282
193 281
194 280
195 279
196 278
197 278
198 277
199 276
200 275
201 274
202 273
202 272
202 271
203 270
203 269
204 268
205 268
206 268
207 267
207 266
208 265
209 264
210 263
211 262
211 261
212 260
213 260
213 259
214 258
215 258
216 258
217 259
218 259
219 259
220 260
220 261
221 261
222 262
223 263
224 264
225 264
226 265
227 265
228 266
229 267
230 267
231 268
231 269
232 268
233 269
234 270
235 270
236 271
237 272
237 273
238 274
238 275
239 276
239 277
240 278
241 279
241 280
242 281
243 282
243 283
244 283
245 284
245 285
246 286
246 287
246 288
247 288
248 289
248 290
248 291
249 291
250 292
251 293
252 294
253 295
254 296
254 297
255 297
256 298
256 299
257 299
258 300
259 301
260 302
261 303
262 303
263 304
263 305
263 306
264 307
263 308
263 309
262 310
261 309
260 310
259 311
258 312
257 312
256 312
255 313
254 313
253 313
252 314
251 315
250 316
249 317
248 316
248 317
248 318
247 319
246 319
247 319
248 320
247 321
246 321
245 321
245 322
244 323
244 324
245 324
246 325
247 325
247 324
248 323
249 323
250 324
251 323
252 324
253 324
254 323
255 322
256 322
257 323
258 323
259 323
260 322
261 322
262 323
262 322
263 321
264 321
265 322
266 321
267 322
268 323
269 322
270 322
271 323
272 322
273 322
274 322
274 321
275 320
276 321
277 321
278 321
279 321
280 320
281 321
282 322
283 322
284 321
285 322
286 322
287 323
288 322
289 323
290 323
291 323
292 324
293 324
294 324
295 325
296 324
297 324
298 325
299 325
300 325
301 324
302 325
303 325
304 325
305 326
306 326
307 327
308 328
309 327
310 327
311 328
312 327
313 328
314 327
315 328
316 329
317 329
318 330
319 330
320 330
321 331
322 332
323 333
324 333
325 334
326 335
327 336
328 336
329 337
329 338
330 339
330 340
331 341
330 342
330 343
330 344
329 345
328 346
327 346
327 347
327 348
326 349
325 348
324 349
323 350
323 351
324 352
324 353
323 354
323 355
324 356
323 357
322 357
323 357
324 358
325 359
324 360
325 360
326 361
325 362
326 363
327 364
326 365
326 366
325 367
324 368
323 369
322 370
321 370
320 371
319 372
318 373
317 373
316 374
315 375
314 375
313 376
312 377
311 376
311 377
310 378
309 379
308 380
307 380
307 381
306 382
305 382
304 382
303 383
302 383
301 384
300 385
299 384
298 385
297 386
296 386
295 387
294 387
293 386
292 387
291 388
290 387
289 388
288 388
287 388
286 389
285 389
284 389
283 390
282 390
281 391
280 390
280 391
279 392
278 391
277 391
276 392
275 392
274 392
273 392
272 391
272 392
271 393
270 392
269 392
268 393
267 393
266 392
265 393
264 394
263 393
262 393
261 394
260 393
259 394
258 395
257 396
258 397
257 398
258 398
259 399
260 400
260 401
261 402
261 403
262 404
263 405
264 406
265 407
265 408
266 409
267 410
268 410
269 411
270 412
271 413
272 413
273 414
273 415
274 415
275 415
276 416
277 416
278 417
279 417
280 416
281 416
282 415
283 414
284 413
284 412
285 411
286 411
287 412
288 413
288 412
289 411
290 412
291 413
292 413
293 414
293 415
294 414
295 413
296 413
296 412
297 411
298 410
298 409
299 408
300 408
301 408
302 407
302 406
303 405
304 405
304 404
305 403
306 403
307 403
307 402
308 401
309 402
310 402
311 401
312 400
313 399
314 398
315 397
316 397
316 396
317 395
318 395
319 394
320 394
321 393
322 392
323 393
324 392
325 391
326 391
327 390
328 389
329 390
330 389
331 389
332 389
333 389
334 390
333 391
334 392
334 393
333 394
332 395
333 396
332 397
332 398
332 399
331 400
331 401
331 402
330 403
329 404
328 404
328 405
327 406
327 407
327 408
326 409
325 410
325 411
324 412
323 412
322 412
321 413
321 414
320 415
319 415
319 416
318 417
317 417
316 417
316 418
315 419
314 420
313 421
312 420
312 421
311 422
310 422
309 423
308 424
307 423
307 424
307 425
306 426
305 425
304 426
303 427
302 426
301 427
300 428
299 427
298 427
297 428
296 427
295 427
294 427
293 427
292 428
291 428
290 428
289 429
288 430
287 430
286 430
285 431
284 431
283 431
282 431
281 431
280 430
279 431
278 430
277 430
276 431
275 432
275 433
275 434
276 435
277 436
278 437
279 438
279 439
280 440
281 441
282 442
283 443
284 443
285 444
286 445
287 446
288 446
289 447
289 448
290 448
291 448
292 449
293 450
294 451
295 451
296 451
297 451
298 451
299 452
300 451
301 452
302 452
303 451
304 452
304 451
305 450
306 449
306 448
307 447
308 447
309 448
309 449
310 450
310 451
311 451
312 452
312 453
313 452
314 452
314 451
315 450
316 449
317 449
317 448
318 447
319 446
320 447
320 446
321 445
321 444
322 443
323 442
324 441
325 441
325 440
326 439
327 438
327 437
328 436
329 436
329 435
330 434
331 433
331 432
332 431
333 430
334 430
334 429
335 428
336 427
336 426
337 425
338 425
337 424
338 423
339 422
340 421
341 421
342 421
343 422
342 423
341 423
341 424
341 425
340 426
340 427
339 428
338 428
339 429
339 430
338 431
337 431
337 432
338 433
337 434
337 435
337 436
336 437
336 438
335 439
335 440
335 441
334 442
333 442
333 443
334 443
335 444
335 445
336 444
337 444
338 444
338 443
339 442
340 441
339 440
340 439
341 438
342 437
343 436
344 435
344 434
345 433
346 432
347 431
348 430
349 429
349 428
350 427
351 427
352 427
352 426
353 425
353 424
354 423
355 422
355 421
356 420
357 419
358 418
359 418
359 417
360 416
361 416
362 415
363 414
364 413
364 412
365 411
366 410
366 409
367 408
368 408
369 407
370 407
370 406
371 405
371 404
372 403
373 402
373 401
374 400
375 399
375 398
376 397
376 396
377 395
378 394
377 393
378 392
379 392
379 391
378 390
379 389
380 389
381 388
381 387
381 386
382 385
382 384
382 383
383 382
384 381
383 380
384 379
385 378
386 377
385 376
386 375
387 374
387 373
388 372
388 371
389 370
390 369
391 368
392 367
392 366
392 365
393 364
393 363
394 362
395 361
396 360
397 359
398 359
398 358
398 357
399 356
400 356
400 355
401 354
402 354
403 353
404 353
404 352
405 351
406 350
406 349
407 348
408 348
409 347
410 347
410 346
411 345
412 345
413 345
414 344
414 343
415 342
416 341
417 341
418 340
419 339
420 338
421 338
422 337
423 336
424 335
425 335
426 334
427 334
428 333
429 334
429 333
430 332
431 331
432 330
433 331
433 330
434 329
435 328
436 328
437 327
438 327
439 326
440 326
440 325
440 324
441 323
442 323
442 322
443 321
444 321
445 320
446 319
447 318
448 318
448 317
449 316
450 316
451 315
452 314
452 313
453 312
454 312
454 311
455 310
456 309
457 308
458 307
459 306
459 305
460 304
461 303
462 302
463 301
463 300
464 299
465 298
466 297
467 296
468 295
469 294
470 294
471 293
471 292
471 291
471 290
471 289
471 288
472 287
471 286
471 285
471 284
471 283
471 282
471 281
471 280
472 279
471 278
471 277
472 276
471 275
472 274
473 274
472 273
472 272
473 271
472 271
471 270
471 269
471 268
470 268
469 267
469 266
469 265
468 265
467 264
466 264
465 263
464 262
463 262
462 261
461 260
460 259
459 259
458 258
458 257
457 257
456 256
455 256
454 256
453 255
453 254
452 254
451 253
450 252
449 251
448 251
447 250
447 249
446 249
445 248
444 247
443 246
442 245
441 245
440 244
439 243
438 242
437 241
436 240
435 239
435 238
434 237
433 237
432 237
431 236
430 235
429 235
428 234
427 233
426 232
425 231
424 230
423 229
422 229
421 229
420 228
419 227
418 227
417 226
416 225
415 224
414 224
413 224
412 223
411 222
410 222
409 221
408 221
407 220
406 221
405 220
405 219
404 219
403 219
402 218
401 218
400 217
399 217
398 216
397 215
396 215
395 214
394 215
393 214
392 214
391 213
390 212
389 213
388 212
387 211
386 211
385 210
384 210
383 209
382 210
381 209
381 208
380 208
379 207
378 207
377 207
376 206
376 205
375 205
374 205
373 204
372 204
371 203
370 202
369 201
368 201
367 200
367 199
366 199
365 198
365 197
364 197
363 196
362 195
361 194
360 194
359 193
359 192
359 191
358 191
357 190
356 189
355 188
354 187
353 186
352 185
351 185
350 184
349 183
348 182
347 182
346 181
346 180
345 180
344 179
343 178
342 177
341 176
340 175
339 175
338 174
337 173
336 172
335 171
334 171
333 170
333 169
332 169
331 168
330 167
329 166
328 166
327 165
327 164
326 164
325 163
324 162
325 161
324 161
323 160
322 159
321 158
321 157
320 156
319 155
319 154
318 153
317 152
317 151
316 150
315 149
315 148
314 147
314 146
313 145
314 144
313 144
312 143
312 142
312 141
311 141
310 140
311 139
310 138
310 137
310 136
309 135
308 134
309 133
310 133
309 133
308 132
309 131
308 130
308 129
307 128
307 127
306 126
306 125
305 124
305 123
305 122
304 121
304 120
303 120
302 119
301 118
300 117
299 116
298 116
297 115
298 114
297 113
296 113
295 112
294 113
293 113
292 112
292 111
291 110
292 109
291 108
290 108
289 107
288 107
287 106
286 106
285 106
284 105
283 105
282 106
281 105
281 104
280 103
279 102
278 103
277 102
276 102
275 102
274 101
273 101
272 100
271 100
270 100
269 100
268 100
267 99
267 98
266 98
265 98
264 97
263 97
262 96
262 95
261 95
260 94
259 93
258 92
257 92
256 91
255 90
254 89
253 88
252 87
251 86
250 86
249 85
249 84
248 84
247 83
246 83
245 83
244 82
243 81
242 80
241 80
240 79
240 78
239 78
238 77
239 76
238 75
237 75
236 74
235 73
234 72
233 72
232 71
232 70
231 70
230 69
229 68
228 67
227 66
227 65
228 64
229 63
230 62
231 61
231 60
232 59
233 58
234 57
235 56
234 55
235 54
236 54
235 53
234 53
233 52
233 51
232 51
231 51
230 52
229 53
228 52
228 53
227 54
226 55
225 55
224 56
223 55
223 56
222 57
221 56
220 55
219 54
219 53
219 52
220 51
219 50
219 49
220 48
220 47
220 46
219 45
219 44
219 43
218 42
217 41
218 40
217 39
216 38
216 37
216 36
215 35
214 34
213 34
212 33
211 33
210 32
209 32
208 31
207 30
206 29
205 28
204 28
203 27
203 26
202 26
201 25
201 24
200 24
199 23
198 23
197 22
197 21
196 22
195 22
194 22
193 22
192 22
191 21
190 21
189 20
189 19
190 18
189 17
188 17
187 16
186 17
185 16
185 15
184 15
183 14
183 13
