181 20
180 21
179 21
178 21
177 21
176 21
175 21
174 22
173 21
172 22
171 22
170 21
169 22
168 22
167 22
166 22
166 23
166 24
166 25
166 26
166 27
167 27
168 28
169 28
170 28
171 29
172 28
173 29
174 29
175 28
176 29
176 30
177 29
178 29
179 29
180 29
181 30
180 31
179 32
178 32
177 32
176 33
175 33
174 33
174 34
173 35
172 36
171 36
170 36
169 36
169 37
168 38
167 38
167 39
168 40
167 41
166 41
166 42
166 43
165 44
164 45
163 45
162 45
161 46
160 46
159 47
158 47
157 47
156 48
155 48
154 48
153 49
152 49
151 49
150 49
149 50
148 50
147 51
146 51
145 51
144 51
143 51
142 51
141 52
140 51
139 51
138 52
137 52
136 52
135 53
134 54
133 55
132 55
132 56
132 57
131 58
130 58
131 59
130 60
129 60
129 61
128 62
128 63
129 64
130 65
129 66
130 67
131 68
131 69
132 69
133 70
133 71
134 71
135 72
136 73
137 74
138 75
139 75
140 75
141 75
142 76
142 77
143 77
144 78
145 78
146 78
147 79
147 80
147 81
147 82
148 83
149 84
150 85
151 86
152 87
152 88
152 89
153 90
153 91
154 92
155 93
156 94
157 94
158 95
158 96
159 97
160 98
161 99
162 99
163 99
164 100
164 101
165 101
166 102
167 102
168 103
168 104
169 105
170 105
171 106
172 107
173 108
173 109
172 110
173 111
173 112
173 113
173 114
173 115
173 116
174 117
173 118
173 119
174 120
173 121
172 121
173 122
172 123
171 123
172 124
172 125
171 126
170 126
170 127
170 128
169 129
168 129
168 130
169 131
168 132
167 132
166 133
165 134
164 135
164 136
163 137
163 138
163 139
162 140
161 141
160 142
159 143
158 144
157 145
157 146
156 147
155 148
154 149
154 150
153 151
152 151
151 151
150 152
150 153
149 154
148 155
147 156
146 156
146 157
145 158
144 159
143 159
142 160
142 161
141 162
140 162
140 163
139 164
139 165
139 166
138 167
137 167
137 168
136 169
135 170
134 171
135 172
134 173
133 173
133 174
133 175
132 176
132 177
131 178
131 179
131 180
131 181
130 182
131 183
130 184
129 184
130 185
130 186
129 187
129 188
129 189
129 190
129 191
128 192
129 193
129 194
128 195
129 196
129 197
128 198
129 199
128 200
128 201
128 202
128 203
129 204
129 205
128 206
129 207
129 208
130 209
130 210
129 211
129 212
130 213
129 214
130 214
131 215
131 216
131 217
131 218
132 219
132 220
132 221
133 222
134 223
134 224
134 225
135 226
136 227
137 227
138 228
139 228
140 229
141 230
141 231
142 232
142 233
142 234
141 235
141 236
140 237
141 238
140 239
139 240
140 241
140 242
139 243
138 244
138 245
137 246
136 247
135 247
135 248
134 249
133 250
132 251
131 251
131 252
130 253
129 253
128 253
127 254
126 255
126 256
125 257
124 256
124 257
123 258
122 258
121 258
120 258
119 259
118 259
117 259
116 259
115 260
114 260
113 261
112 260
111 261
110 261
109 262
108 261
107 261
106 262
105 261
104 261
103 261
102 262
102 263
101 264
100 264
101 265
101 266
102 267
102 268
102 269
103 270
103 271
104 272
105 273
106 273
107 274
107 275
108 275
109 276
110 276
111 277
112 277
113 278
114 279
115 278
116 279
116 280
117 279
118 280
119 280
120 280
121 280
122 279
123 280
124 280
125 280
126 279
127 280
128 279
129 278
130 278
131 277
132 276
133 276
134 276
135 275
136 274
136 273
136 272
136 271
136 270
136 269
137 268
138 267
138 266
139 265
140 264
141 263
141 262
141 261
142 260
143 260
143 259
143 258
144 257
145 257
146 257
147 256
147 255
148 254
149 254
149 253
150 252
151 252
152 252
153 252
154 251
155 251
156 251
157 250
158 249
157 248
158 247
159 246
160 246
160 245
160 244
161 243
162 243
162 242
163 241
164 241
164 240
165 239
166 239
167 240
168 239
169 240
170 241
171 240
172 241
172 242
173 243
173 244
173 245
172 246
172 247
171 248
171 249
170 250
169 251
169 252
168 253
167 253
168 254
167 255
166 256
165 257
165 258
165 259
164 260
164 261
164 262
165 263
164 264
163 264
164 265
163 266
164 267
163 268
162 269
162 270
162 271
162 272
161 273
161 274
160 275
159 275
159 276
158 277
157 277
157 278
156 279
155 279
154 280
153 280
153 281
153 282
152 283
151 283
150 283
149 284
149 285
148 286
147 286
147 287
146 288
145 288
144 287
143 287
142 288
141 288
140 287
139 288
138 287
137 288
136 288
135 288
134 288
133 288
132 289
131 288
130 288
129 289
128 288
127 289
126 289
125 289
124 289
123 290
122 290
121 291
120 292
120 293
119 294
120 294
121 295
121 296
121 297
122 298
122 299
123 300
124 300
125 301
125 302
126 303
127 304
128 305
129 305
130 305
131 306
132 307
133 308
134 308
135 308
136 309
136 310
137 309
138 310
139 310
140 310
141 310
142 309
143 310
144 309
145 309
145 308
146 307
147 307
148 307
149 306
150 305
151 305
152 304
153 304
154 304
155 303
156 302
157 302
158 302
159 301
159 300
159 299
160 298
160 297
161 296
162 296
163 295
163 294
164 293
165 293
165 292
165 291
166 290
167 290
167 289
168 288
169 287
170 287
170 286
171 285
172 284
172 283
173 282
174 282
174 281
175 280
176 279
177 278
177 277
178 276
179 276
180 276
180 275
181 274
182 275
183 274
183 273
184 272
185 272
186 272
187 271
187 270
187 269
188 268
189 268
190 267
190 266
191 265
192 265
192 264
193 263
194 263
195 262
196 262
196 261
197 260
198 259
199 259
199 258
200 257
201 257
202 258
203 257
204 258
205 259
206 259
207 260
207 261
208 261
209 262
210 263
211 264
212 264
213 265
213 266
214 266
215 267
216 268
217 269
218 270
219 270
220 271
221 271
222 272
223 272
224 273
225 274
226 275
227 276
228 277
229 278
230 278
231 279
230 280
231 281
232 281
233 282
234 283
235 284
235 285
236 286
237 287
238 288
238 289
239 290
240 291
241 292
242 292
243 293
242 294
243 294
244 295
245 296
246 297
246 298
246 299
247 299
248 300
249 301
250 302
251 303
252 303
253 304
252 305
253 305
254 306
255 307
256 308
257 309
258 310
259 311
260 311
261 312
261 313
262 313
263 314
264 314
265 315
265 316
266 316
267 317
268 318
269 319
270 320
271 321
272 322
273 322
274 323
275 323
276 324
277 324
278 324
279 325
280 325
281 326
282 326
283 327
284 328
285 327
286 328
287 327
288 328
289 329
290 330
291 330
292 330
293 330
294 331
295 331
296 332
297 332
298 332
299 331
300 332
301 333
302 332
303 333
304 333
305 333
306 333
307 334
308 334
309 335
310 335
311 336
312 336
313 337
314 337
315 337
316 338
317 338
318 339
318 340
318 341
319 341
320 342
319 343
319 344
319 345
319 346
320 347
321 348
321 349
322 350
323 351
322 352
323 352
324 353
324 354
324 355
325 355
326 356
325 357
325 358
324 359
323 360
322 361
321 362
322 363
322 364
321 365
321 366
321 367
320 368
320 369
320 370
319 371
318 372
317 373
317 374
317 375
316 376
315 377
316 378
315 379
314 380
315 381
314 382
313 382
313 383
312 384
311 384
310 385
309 386
308 387
307 388
307 389
306 390
305 390
304 390
304 391
303 392
302 392
301 393
300 393
300 394
299 395
298 396
297 395
296 396
295 396
295 397
294 398
293 398
293 399
292 400
291 400
290 400
289 401
288 401
287 402
286 402
285 403
284 403
283 403
282 403
281 402
280 403
279 404
278 404
277 404
276 404
275 405
274 405
273 405
272 405
271 405
270 406
269 406
268 406
267 406
266 407
265 407
265 408
264 409
263 409
263 410
263 411
263 412
263 413
264 414
265 415
266 416
267 417
268 417
269 418
270 419
269 420
270 420
271 421
272 422
273 423
274 423
275 422
276 423
277 423
278 423
279 424
280 423
281 424
282 424
283 424
284 425
285 425
285 424
286 423
287 424
288 425
289 424
290 423
291 423
292 423
293 423
294 422
295 422
296 421
296 420
297 419
298 419
298 418
298 417
299 416
300 416
300 415
301 414
302 415
303 414
304 413
304 412
305 411
306 412
307 411
307 410
308 409
309 408
310 407
311 407
312 406
313 405
313 404
314 403
315 403
315 402
316 401
317 400
318 400
319 400
319 399
320 398
321 398
322 398
323 397
324 397
325 396
326 396
327 396
327 395
328 394
329 394
330 393
331 393
332 392
333 391
334 391
334 390
335 389
336 390
337 389
338 389
339 388
340 387
341 386
341 385
341 384
342 383
342 382
343 381
343 380
343 379
344 378
344 377
344 376
345 375
345 374
346 373
346 372
346 371
347 370
348 371
349 372
350 373
350 374
350 375
350 376
349 377
350 378
349 379
350 380
350 381
350 382
349 383
349 384
349 385
349 386
348 387
349 388
349 389
348 390
348 391
348 392
347 393
347 394
346 395
346 396
346 397
345 398
345 399
345 400
344 401
344 402
345 403
344 404
344 405
343 406
343 407
343 408
343 409
342 410
342 411
342 412
341 413
342 414
341 415
340 415
339 415
339 416
338 417
337 417
338 418
338 419
337 420
336 420
336 421
335 422
334 423
334 424
333 425
332 426
331 426
331 427
330 428
329 428
329 429
329 430
328 431
327 431
327 432
326 433
325 434
324 434
324 435
324 436
323 437
322 437
322 438
321 439
320 438
319 439
319 440
318 441
317 442
316 442
315 443
314 443
313 443
312 444
311 444
310 444
309 445
308 445
307 446
306 445
306 446
305 447
304 446
303 446
303 447
302 448
301 447
300 446
300 447
299 448
298 448
297 448
296 448
296 449
295 450
294 450
294 451
294 452
293 453
294 454
295 454
296 455
297 456
297 457
298 458
299 459
300 460
301 461
302 462
303 462
304 463
305 462
306 462
307 463
308 464
309 465
310 465
311 465
312 465
313 465
314 466
315 466
316 466
317 466
318 465
319 465
319 464
320 463
321 463
321 462
322 461
323 462
324 463
325 463
326 463
327 463
328 462
328 461
329 460
330 460
330 459
330 458
331 457
332 458
332 457
332 456
333 455
334 455
334 454
334 453
335 452
336 451
335 450
336 449
337 448
338 447
339 446
339 445
340 444
341 444
341 443
342 442
343 441
343 440
343 439
344 438
344 437
345 436
346 436
347 435
347 434
348 433
349 433
349 432
349 431
350 430
351 430
351 429
352 428
353 429
353 428
354 427
355 427
355 426
356 425
357 425
358 425
358 424
359 423
360 422
361 421
362 420
363 419
364 418
365 418
366 418
366 417
367 416
368 417
369 416
369 415
370 414
371 414
372 413
372 412
372 411
373 410
373 409
373 408
374 407
374 406
374 405
375 404
375 403
376 402
375 401
376 400
375 399
376 398
377 397
376 396
377 395
378 394
379 393
380 392
380 391
380 390
381 389
382 389
382 388
383 387
384 387
385 388
385 387
386 386
387 386
388 387
389 386
390 386
391 386
392 386
393 385
394 385
395 385
396 384
397 384
398 384
399 383
400 383
401 383
402 383
403 382
404 383
404 382
405 381
406 381
407 381
408 381
409 382
408 383
407 384
407 385
407 386
406 387
405 387
405 388
405 389
404 390
403 390
403 391
403 392
402 393
401 393
401 394
400 395
399 395
398 396
398 397
397 398
396 398
395 399
394 400
393 399
393 400
392 401
391 402
390 403
389 402
389 403
388 404
387 405
386 406
385 406
384 406
384 407
383 408
382 408
381 409
380 410
380 411
379 412
378 412
378 413
377 414
376 415
376 416
375 417
374 417
373 418
374 419
373 420
372 421
372 422
371 423
370 423
371 424
371 425
370 426
369 426
369 427
368 428
367 428
367 429
368 430
367 431
366 431
366 432
365 433
364 434
365 435
365 436
364 437
363 438
362 439
362 440
362 441
361 442
362 443
361 444
360 445
360 446
360 447
359 448
358 448
359 449
358 450
357 451
357 452
356 453
355 454
356 455
355 456
354 457
353 458
352 459
352 460
352 461
353 461
354 462
354 461
355 460
356 460
356 459
357 458
358 458
359 459
360 458
361 457
361 456
362 455
363 455
364 454
365 453
366 452
367 452
367 451
367 450
368 449
369 449
369 448
370 447
371 447
371 446
372 445
373 444
374 443
374 442
375 441
376 441
376 440
377 439
378 438
377 437
378 436
379 436
379 435
380 434
380 433
381 432
382 432
382 431
383 430
384 430
385 429
386 428
387 427
388 427
388 426
389 425
390 424
391 423
392 422
393 422
393 421
394 420
395 419
396 419
396 418
396 417
397 416
398 416
398 415
399 414
400 414
400 413
401 412
402 411
403 410
403 409
403 408
404 407
404 406
405 405
406 405
406 404
406 403
407 402
407 401
408 400
408 399
409 398
409 397
409 396
410 395
410 394
410 393
411 392
412 392
412 391
413 390
414 389
415 388
415 387
415 386
416 385
416 384
417 383
418 383
418 382
419 381
420 381
420 380
421 379
422 378
422 377
423 376
423 375
424 374
425 374
426 373
427 372
427 371
428 370
429 370
429 369
430 368
431 369
431 368
432 367
433 367
433 366
434 365
435 364
436 363
436 362
437 361
438 360
439 361
440 360
441 359
441 358
442 357
443 358
443 357
444 356
445 355
446 355
447 354
448 353
449 352
450 352
451 351
452 351
452 350
452 349
453 348
454 348
455 348
456 347
457 347
458 346
459 346
460 345
461 344
462 345
463 344
464 343
465 344
465 343
466 342
467 342
468 342
469 342
470 341
471 340
472 339
473 340
473 339
473 338
474 337
475 337
475 336
476 335
477 334
478 334
478 333
478 332
479 331
480 331
480 330
481 329
482 329
482 328
482 327
483 326
484 326
485 325
484 324
485 323
485 322
485 321
486 320
487 319
487 318
487 317
488 316
488 315
489 314
489 313
490 312
490 311
490 310
490 309
489 308
490 307
490 306
489 305
490 304
491 303
492 302
493 301
493 300
493 299
493 298
492 297
493 296
493 295
492 294
492 293
491 292
491 291
492 290
491 290
490 289
490 288
490 287
490 286
489 285
488 284
487 284
486 283
487 282
486 281
485 281
484 280
483 279
482 278
481 278
480 277
480 276
479 276
478 275
478 274
477 274
476 273
475 272
474 271
473 271
472 270
471 269
472 268
471 268
470 267
469 266
468 265
467 264
466 263
466 262
465 261
464 260
463 260
462 259
461 258
460 257
459 256
458 256
457 255
457 254
456 254
455 253
455 252
454 252
453 251
452 251
451 250
451 249
450 249
449 248
448 247
447 246
446 245
445 245
444 244
444 243
443 243
442 242
441 241
440 240
439 240
438 239
439 238
438 237
437 237
436 236
436 235
435 235
434 234
433 233
432 234
431 233
430 232
429 231
428 230
427 229
426 229
425 228
425 227
424 227
423 226
422 225
421 224
420 224
419 223
418 223
417 223
416 222
416 221
415 221
414 220
414 219
413 219
412 218
411 218
410 218
409 217
408 216
407 215
406 215
405 214
404 214
403 213
402 212
401 212
400 211
399 211
398 210
397 210
396 209
396 208
395 208
394 207
393 206
392 206
391 205
390 205
389 204
388 203
387 202
386 203
385 202
384 201
383 201
382 200
382 199
381 199
380 198
380 197
379 197
378 196
377 195
376 194
375 194
374 194
373 193
372 193
371 192
371 191
370 191
369 190
368 189
367 188
366 187
365 186
364 186
363 185
362 184
361 183
360 182
359 182
358 181
358 180
357 180
356 179
355 178
354 177
353 177
352 176
352 175
351 175
350 174
349 173
348 172
347 171
346 171
345 170
345 169
345 168
344 168
343 167
342 166
341 165
340 164
339 163
338 163
337 162
337 161
336 160
335 159
335 158
334 158
333 157
332 157
331 156
331 155
330 155
329 154
329 153
329 152
328 152
327 151
327 150
326 150
325 149
324 148
323 147
322 146
321 145
321 144
320 144
319 143
319 142
318 142
317 141
317 140
317 139
316 139
315 138
314 137
313 137
312 136
311 135
310 134
309 133
308 132
307 131
306 130
305 130
304 129
304 128
303 128
302 127
301 127
300 126
300 125
299 125
298 124
297 123
296 122
295 121
294 120
293 119
292 119
291 118
290 117
289 116
288 116
287 115
287 114
286 114
285 113
284 112
283 111
282 110
281 109
280 109
279 108
278 107
277 106
276 105
275 105
274 104
274 103
273 103
272 102
271 101
270 101
269 101
268 100
267 99
266 98
265 97
264 97
263 96
263 95
262 95
261 94
260 93
259 92
258 92
257 91
256 90
257 89
256 89
255 88
255 87
254 87
253 86
252 85
253 84
252 84
251 83
250 82
249 81
248 81
247 80
247 79
246 78
245 77
245 76
244 76
243 76
242 75
241 75
240 74
240 73
239 72
239 71
239 70
240 69
240 68
239 68
238 67
238 66
238 65
237 65
236 64
235 63
234 62
233 61
232 61
231 60
231 59
230 60
229 59
228 59
227 59
226 58
225 58
224 58
223 58
222 57
222 56
222 55
223 54
223 53
222 52
222 51
222 50
221 49
221 48
222 47
222 46
222 45
221 44
221 43
221 42
220 42
219 41
220 40
219 39
219 38
218 37
217 36
217 35
216 34
215 33
214 32
213 31
212 31
211 30
210 30
209 29
208 29
207 28
206 28
205 28
204 27
203 27
202 28
201 27
200 27
199 26
198 27
197 26
196 25
195 25
194 24
193 24
192 23
191 22
190 23
189 22
189 21
188 22
187 21
186 21
185 21
184 21
183 21
182 21
