227 28
226 29
225 30
224 30
223 30
222 30
221 30
220 30
219 30
218 30
217 30
216 30
215 30
214 30
213 30
212 30
211 30
210 30
209 30
208 30
207 30
206 30
205 30
204 30
203 30
202 30
201 30
200 30
199 30
198 30
197 30
196 30
195 30
194 30
193 30
192 30
191 30
190 30
189 30
188 30
187 30
186 30
185 30
184 30
183 30
182 30
181 30
180 30
179 30
178 30
177 30
176 30
175 30
174 30
173 30
172 30
171 30
170 30
169 30
168 30
167 30
166 30
165 30
164 30
163 30
162 30
161 30
160 30
159 30
158 30
157 30
156 30
155 30
154 30
153 30
152 30
151 30
150 30
149 30
148 30
147 30
146 30
145 30
144 30
143 30
142 30
141 30
140 30
139 30
138 30
137 30
136 30
135 31
134 31
133 31
132 31
131 31
130 31
129 31
128 31
127 31
126 31
125 31
124 31
123 31
122 31
121 31
120 31
119 31
118 31
117 31
116 31
115 31
114 31
113 31
112 31
111 31
110 31
109 31
108 32
107 31
106 32
105 32
104 32
103 32
102 32
101 32
100 32
99 32
98 32
97 32
96 32
95 32
94 32
93 32
92 32
91 32
90 32
89 32
88 32
87 32
86 32
85 32
84 32
83 32
82 32
81 32
80 32
79 32
78 32
77 32
76 32
75 32
74 32
73 32
72 32
71 32
70 32
69 32
68 32
67 32
66 32
65 32
64 32
63 32
62 32
61 32
60 32
59 32
58 32
57 33
56 33
55 33
54 33
53 33
52 33
51 33
50 33
49 33
48 33
47 33
46 33
45 33
44 34
43 35
43 36
42 37
42 38
42 39
42 40
42 41
42 42
42 43
43 44
43 45
44 45
45 45
46 45
47 45
48 46
49 46
50 47
51 47
52 47
53 47
54 47
55 47
56 47
57 47
58 47
59 47
60 47
61 47
62 47
63 47
64 47
65 48
66 48
67 48
68 48
69 48
70 48
71 48
72 48
73 48
74 48
75 48
76 49
77 49
78 49
79 49
80 49
81 49
82 49
83 49
84 49
85 49
86 49
87 49
88 50
89 50
90 51
90 52
90 53
89 54
89 55
89 56
89 57
89 58
89 59
88 60
88 61
88 62
88 63
88 64
88 65
88 66
87 67
87 68
87 69
87 70
87 71
87 72
87 73
87 74
87 75
87 76
87 77
87 78
87 79
87 80
87 81
87 82
87 83
87 84
87 85
87 86
87 87
87 88
87 89
87 90
87 91
87 92
87 93
87 94
87 95
87 96
88 97
88 98
88 99
88 100
88 101
88 102
88 103
88 104
89 105
89 106
89 107
89 108
89 109
90 110
90 111
90 112
90 113
91 114
91 115
91 116
91 117
92 118
92 119
93 120
93 121
94 122
95 123
96 124
97 124
98 124
99 125
100 125
101 126
102 126
103 126
104 126
105 126
106 126
107 126
108 127
109 128
110 128
111 128
112 128
113 128
114 128
115 128
116 128
117 128
118 128
119 128
120 129
121 129
122 129
123 129
124 129
125 129
126 129
127 129
128 129
129 129
130 130
131 130
132 130
133 130
134 129
135 128
136 128
137 128
138 128
139 128
140 128
141 127
142 127
143 128
144 128
145 128
146 128
147 129
148 129
149 129
150 129
151 129
152 129
153 129
154 130
155 130
156 131
157 131
158 131
159 131
160 131
161 131
162 131
163 130
164 130
165 130
166 130
167 130
168 130
169 130
170 129
171 129
172 129
173 129
174 129
175 130
176 130
177 130
178 130
179 130
180 130
181 130
182 131
183 131
184 131
185 131
186 131
187 131
188 131
189 130
190 130
191 130
192 130
193 130
194 130
195 130
196 130
197 130
198 129
199 129
200 128
201 129
202 129
203 129
204 129
205 129
206 129
207 129
208 129
209 129
210 129
211 129
212 128
213 129
214 129
215 129
216 129
217 129
218 129
219 129
220 129
221 129
222 129
223 129
224 130
225 130
226 131
227 131
228 131
229 131
230 131
231 131
232 131
233 131
234 131
235 131
236 131
237 131
238 131
239 131
240 131
241 131
242 131
243 131
244 131
245 131
246 131
247 131
248 131
249 131
250 131
251 131
252 131
253 131
254 131
255 131
256 131
257 131
258 131
259 131
260 131
261 131
262 131
263 131
264 131
265 131
266 131
267 131
268 131
269 131
270 131
271 131
272 131
273 131
274 131
275 131
276 131
277 131
278 131
279 131
280 131
281 131
282 131
283 131
284 131
285 131
286 131
287 131
288 131
289 131
290 131
291 131
292 131
293 131
294 131
295 131
296 131
297 131
298 131
299 131
300 131
301 131
302 131
303 131
304 131
305 131
306 131
307 131
308 131
309 131
310 131
311 131
312 131
313 131
314 131
315 131
316 131
317 131
318 131
319 131
320 131
321 131
322 131
323 130
324 130
325 129
326 129
327 129
328 129
329 129
330 129
331 129
332 129
333 129
334 129
335 129
336 129
337 129
338 129
339 129
340 129
341 129
342 129
343 129
344 129
345 129
346 129
347 129
348 129
349 129
350 129
351 129
352 128
353 127
354 126
354 125
354 124
354 123
354 122
354 121
354 120
354 119
354 118
355 117
355 116
355 115
355 114
355 113
355 112
355 111
355 110
355 109
355 108
356 107
356 106
356 105
355 104
355 103
355 102
355 101
355 100
355 99
355 98
355 97
355 96
355 95
356 94
356 93
356 92
356 91
356 90
356 89
356 88
356 87
356 86
356 85
356 84
356 83
356 82
356 81
356 80
356 79
356 78
356 77
356 76
356 75
356 74
356 73
356 72
356 71
355 70
355 69
355 68
355 67
355 66
355 65
355 64
355 63
355 62
355 61
355 60
355 59
355 58
355 57
355 56
355 55
355 54
355 53
355 52
354 51
354 50
354 49
354 48
354 47
354 46
354 45
353 44
353 43
353 42
353 41
353 40
353 39
353 38
353 37
353 36
353 35
352 34
352 33
351 32
350 31
349 31
348 31
347 31
346 31
345 31
344 31
343 31
342 31
341 31
340 31
339 31
338 31
337 31
336 31
335 31
334 31
333 31
332 31
331 31
330 31
329 31
328 31
327 31
326 31
325 31
324 31
323 31
322 31
321 31
320 30
319 30
318 30
317 30
316 30
315 30
314 30
313 30
312 30
311 30
310 30
309 30
308 30
307 30
306 30
305 29
304 29
303 29
302 29
301 29
300 29
299 29
298 29
297 29
296 29
295 29
294 29
293 29
292 29
291 29
290 29
289 29
288 29
287 29
286 29
285 29
284 29
283 29
282 29
281 29
280 29
279 29
278 29
277 29
276 29
275 29
274 29
273 29
272 29
271 29
270 29
269 29
268 29
267 29
266 29
265 29
264 29
263 29
262 29
261 29
260 29
259 29
258 29
257 29
256 29
255 29
254 29
253 29
252 30
251 30
250 30
249 30
248 30
247 29
246 29
245 29
244 29
243 29
242 29
241 29
240 29
239 29
238 29
237 29
236 29
235 29
234 29
233 29
232 29
231 29
230 28
229 28
228 28
