140 34
139 35
138 35
137 35
136 35
135 35
134 35
133 35
132 35
131 35
130 35
129 35
128 35
127 35
126 35
125 35
124 35
123 35
122 35
121 35
120 35
119 35
118 36
117 36
116 36
115 36
114 36
113 36
112 36
111 37
110 37
109 38
108 38
107 39
106 39
105 39
104 39
103 40
102 40
101 40
100 40
99 40
98 40
97 40
96 40
95 40
94 40
93 40
92 40
91 40
90 40
89 40
88 40
87 40
86 40
85 40
84 40
83 40
82 40
81 40
80 40
79 41
78 41
77 41
76 41
75 41
74 41
73 41
72 41
71 41
70 41
69 41
68 41
67 41
66 41
65 41
64 41
63 41
62 41
61 41
60 41
59 41
58 41
57 41
56 41
55 41
54 41
53 41
52 41
51 41
50 42
49 42
48 42
47 42
46 42
45 43
44 43
44 44
43 45
43 46
43 47
43 48
43 49
43 50
43 51
44 52
44 53
45 54
46 55
47 55
48 56
49 56
50 56
51 57
52 57
53 57
54 57
55 57
56 57
57 57
58 57
59 57
60 57
61 57
62 57
63 57
64 57
65 57
66 57
67 57
68 57
69 57
70 57
71 57
72 57
73 57
74 57
75 57
76 58
77 58
78 58
79 58
80 58
81 58
82 58
83 58
84 58
85 58
86 58
87 59
88 59
89 60
90 61
91 62
91 63
91 64
90 65
90 66
90 67
90 68
90 69
90 70
90 71
90 72
90 73
90 74
89 75
89 76
89 77
89 78
89 79
89 80
89 81
89 82
89 83
89 84
89 85
89 86
89 87
89 88
89 89
89 90
89 91
89 92
89 93
89 94
89 95
89 96
89 97
89 98
89 99
89 100
89 101
89 102
90 103
90 104
90 105
90 106
89 107
89 108
89 109
89 110
89 111
89 112
89 113
89 114
89 115
89 116
90 117
90 118
91 119
92 120
93 121
94 122
94 123
95 124
95 125
96 126
96 127
97 128
97 129
98 129
99 130
100 131
101 131
102 132
103 132
104 133
105 133
106 134
107 134
108 134
109 135
110 135
111 135
112 136
113 136
114 136
115 136
116 136
117 136
118 137
119 137
120 137
121 137
122 138
123 138
124 138
125 139
126 139
127 139
128 140
129 140
130 140
131 140
132 140
133 140
134 140
135 140
136 139
137 139
138 139
139 139
140 139
141 139
142 139
143 139
144 139
145 139
146 140
147 140
148 141
149 141
150 142
151 142
152 142
153 142
154 142
155 142
156 142
157 142
158 142
159 141
160 141
161 140
162 140
163 140
164 140
165 140
166 140
167 140
168 140
169 139
170 139
171 139
172 139
173 139
174 139
175 139
176 139
177 139
178 139
179 139
180 139
181 138
182 138
183 138
184 138
185 138
186 138
187 138
188 138
189 138
190 138
191 138
192 138
193 138
194 138
195 138
196 138
197 138
198 138
199 138
200 138
201 138
202 138
203 137
204 137
205 137
206 137
207 137
208 137
209 137
210 137
211 137
212 137
213 137
214 137
215 137
216 137
217 137
218 137
219 137
220 137
221 137
222 137
223 137
224 137
225 137
226 137
227 137
228 137
229 137
230 137
231 137
232 137
233 137
234 137
235 137
236 138
237 138
238 139
239 139
240 140
241 140
242 140
243 140
244 140
245 140
246 140
247 140
248 140
249 140
250 139
251 139
252 139
253 138
254 138
255 138
256 138
257 139
258 139
259 139
260 139
261 139
262 139
263 138
264 138
265 138
266 138
267 138
268 139
269 139
270 139
271 140
272 140
273 141
274 141
275 141
276 141
277 141
278 141
279 141
280 141
281 141
282 141
283 141
284 141
285 141
286 141
287 141
288 140
289 140
290 140
291 140
292 140
293 140
294 140
295 140
296 140
297 140
298 140
299 140
300 140
301 140
302 140
303 140
304 140
305 140
306 140
307 140
308 140
309 139
310 139
311 139
312 139
313 139
314 139
315 139
316 139
317 139
318 139
319 139
320 139
321 139
322 139
323 139
324 139
325 139
326 139
327 139
328 139
329 139
330 139
331 139
332 139
333 138
334 138
335 138
336 139
337 139
338 139
339 139
340 139
341 139
342 138
343 138
344 138
345 138
346 138
347 138
348 138
349 138
350 138
351 137
352 137
353 137
354 137
355 137
356 137
357 137
358 137
359 136
360 136
361 136
362 136
363 136
364 135
365 135
366 134
367 133
368 132
369 131
369 130
370 129
370 128
370 127
370 126
371 125
371 124
371 123
371 122
371 121
371 120
371 119
371 118
371 117
371 116
371 115
371 114
372 113
372 112
372 111
372 110
372 109
372 108
372 107
372 106
372 105
372 104
372 103
372 102
372 101
372 100
372 99
372 98
372 97
372 96
372 95
372 94
373 93
373 92
373 91
373 90
373 89
373 88
373 87
373 86
372 85
372 84
372 83
372 82
372 81
372 80
372 79
372 78
372 77
372 76
372 75
372 74
372 73
372 72
372 71
372 70
372 69
372 68
372 67
372 66
371 65
371 64
371 63
371 62
371 61
371 60
371 59
371 58
371 57
371 56
371 55
371 54
371 53
371 52
370 51
370 50
370 49
370 48
369 47
369 46
368 45
368 44
367 43
366 42
365 41
364 41
363 40
362 40
361 39
360 39
359 38
358 38
357 38
356 38
355 38
354 38
353 38
352 38
351 37
350 37
349 37
348 37
347 37
346 37
345 37
344 37
343 37
342 36
341 36
340 36
339 36
338 36
337 36
336 36
335 36
334 36
333 36
332 36
331 36
330 36
329 36
328 36
327 36
326 36
325 36
324 35
323 35
322 35
321 35
320 35
319 35
318 35
317 35
316 35
315 35
314 35
313 35
312 35
311 35
310 35
309 35
308 35
307 35
306 35
305 35
304 35
303 35
302 35
301 35
300 35
299 35
298 35
297 35
296 35
295 35
294 35
293 35
292 35
291 35
290 35
289 35
288 35
287 35
286 35
285 35
284 35
283 35
282 35
281 35
280 35
279 35
278 35
277 35
276 35
275 35
274 35
273 35
272 35
271 35
270 35
269 35
268 35
267 35
266 35
265 36
264 36
263 36
262 36
261 36
260 36
259 36
258 36
257 36
256 36
255 36
254 36
253 36
252 36
251 36
250 36
249 36
248 36
247 36
246 36
245 36
244 36
243 36
242 36
241 36
240 36
239 36
238 36
237 36
236 36
235 36
234 36
233 36
232 36
231 36
230 36
229 36
228 36
227 36
226 36
225 36
224 36
223 36
222 36
221 36
220 36
219 36
218 36
217 36
216 36
215 36
214 36
213 36
212 36
211 36
210 36
209 36
208 36
207 36
206 36
205 36
204 36
203 35
202 35
201 35
200 35
199 35
198 35
197 35
196 35
195 35
194 35
193 35
192 35
191 35
190 35
189 35
188 35
187 35
186 35
185 34
184 34
183 34
182 34
181 34
180 34
179 34
178 34
177 34
176 34
175 34
174 34
173 34
172 34
171 34
170 34
169 34
168 34
167 34
166 34
165 34
164 34
163 34
162 34
161 34
160 34
159 34
158 34
157 34
156 34
155 34
154 34
153 34
152 34
151 34
150 34
149 34
148 34
147 34
146 34
145 34
144 34
143 34
142 34
141 34
