158 28
157 29
156 29
155 29
154 29
153 29
152 29
151 29
150 29
149 29
148 29
147 29
146 29
145 30
144 30
143 30
142 30
141 30
140 31
139 31
138 31
137 31
136 31
135 31
134 32
133 32
132 32
131 32
130 32
129 32
128 32
127 32
126 32
125 32
124 32
123 32
122 32
121 32
120 33
119 33
118 33
117 33
116 33
115 33
114 34
113 34
112 35
111 36
110 36
109 37
108 37
107 37
106 37
105 38
104 38
103 38
102 38
101 38
100 38
99 38
98 38
97 37
96 37
95 37
94 37
93 37
92 37
91 37
90 37
89 37
88 37
87 37
86 37
85 37
84 37
83 37
82 37
81 37
80 37
79 37
78 37
77 37
76 37
75 37
74 37
73 37
72 37
71 37
70 37
69 37
68 37
67 37
66 37
65 37
64 37
63 37
62 37
61 37
60 37
59 37
58 37
57 37
56 37
55 37
54 37
53 37
52 37
51 37
50 38
49 38
48 38
47 39
46 39
45 39
44 39
43 39
42 40
42 41
41 42
41 43
41 44
40 45
40 46
40 47
40 48
41 49
41 50
41 51
41 52
42 53
43 54
44 54
45 54
46 54
47 54
48 54
49 55
50 55
51 55
52 55
53 55
54 56
55 56
56 56
57 56
58 56
59 56
60 56
61 56
62 56
63 56
64 57
65 57
66 57
67 57
68 57
69 57
70 57
71 57
72 57
73 57
74 57
75 57
76 57
77 57
78 57
79 57
80 57
81 57
82 58
83 58
84 58
85 58
86 58
87 58
88 58
89 58
90 58
91 58
92 58
93 58
94 58
95 58
96 58
97 58
98 58
99 59
100 60
101 61
101 62
101 63
100 64
100 65
100 66
100 67
100 68
99 69
99 70
99 71
99 72
99 73
99 74
99 75
99 76
99 77
98 78
98 79
98 80
98 81
98 82
98 83
98 84
98 85
98 86
98 87
98 88
98 89
98 90
98 91
98 92
97 93
97 94
97 95
97 96
97 97
97 98
97 99
97 100
97 101
97 102
97 103
97 104
97 105
98 106
98 107
98 108
98 109
98 110
98 111
98 112
98 113
98 114
98 115
98 116
98 117
98 118
98 119
98 120
98 121
98 122
99 123
99 124
99 125
99 126
99 127
99 128
99 129
99 130
100 131
100 132
100 133
100 134
100 135
100 136
101 137
101 138
101 139
101 140
101 141
101 142
101 143
102 144
102 145
102 146
103 147
103 148
103 149
104 150
104 151
105 152
106 153
107 153
108 154
109 155
110 155
111 156
112 156
113 156
114 156
115 156
116 157
117 157
118 157
119 157
120 157
121 157
122 157
123 158
124 158
125 158
126 158
127 158
128 158
129 158
130 158
131 158
132 159
133 159
134 160
135 160
136 161
137 161
138 161
139 161
140 161
141 161
142 161
143 161
144 161
145 161
146 161
147 161
148 161
149 161
150 161
151 161
152 161
153 161
154 161
155 161
156 161
157 161
158 161
159 161
160 161
161 161
162 161
163 161
164 161
165 161
166 161
167 161
168 161
169 161
170 161
171 161
172 161
173 161
174 162
175 162
176 163
177 164
178 164
179 164
180 164
181 165
182 165
183 164
184 164
185 164
186 164
187 164
188 163
189 163
190 163
191 162
192 162
193 162
194 162
195 162
196 162
197 162
198 162
199 162
200 162
201 162
202 162
203 163
204 163
205 163
206 164
207 164
208 165
209 165
210 165
211 166
212 166
213 165
214 165
215 165
216 164
217 164
218 163
219 163
220 162
221 162
222 162
223 162
224 162
225 162
226 162
227 162
228 162
229 162
230 162
231 162
232 163
233 163
234 163
235 163
236 163
237 163
238 163
239 163
240 162
241 162
242 162
243 162
244 162
245 162
246 162
247 162
248 162
249 162
250 162
251 163
252 163
253 163
254 163
255 163
256 163
257 163
258 163
259 163
260 163
261 163
262 163
263 163
264 163
265 163
266 163
267 163
268 163
269 163
270 163
271 163
272 163
273 163
274 163
275 163
276 163
277 163
278 163
279 163
280 163
281 163
282 163
283 163
284 163
285 163
286 163
287 163
288 163
289 163
290 163
291 163
292 163
293 163
294 163
295 163
296 163
297 163
298 163
299 163
300 163
301 163
302 163
303 163
304 163
305 163
306 163
307 163
308 163
309 163
310 163
311 163
312 163
313 163
314 163
315 163
316 163
317 163
318 163
319 163
320 163
321 163
322 163
323 163
324 163
325 163
326 163
327 163
328 163
329 163
330 163
331 163
332 163
333 163
334 163
335 163
336 163
337 163
338 163
339 163
340 163
341 163
342 163
343 163
344 163
345 163
346 163
347 163
348 163
349 163
350 163
351 163
352 163
353 163
354 163
355 163
356 163
357 163
358 163
359 163
360 163
361 163
362 163
363 163
364 163
365 163
366 163
367 163
368 163
369 163
370 163
371 163
372 163
373 163
374 163
375 163
376 163
377 163
378 163
379 163
380 163
381 163
382 163
383 163
384 163
385 163
386 163
387 163
388 163
389 163
390 163
391 163
392 163
393 163
394 163
395 163
396 163
397 163
398 162
399 162
400 162
401 161
402 161
403 160
404 159
404 158
405 157
405 156
405 155
405 154
405 153
405 152
405 151
405 150
405 149
405 148
406 147
406 146
406 145
406 144
406 143
406 142
406 141
406 140
406 139
406 138
406 137
406 136
406 135
406 134
406 133
406 132
406 131
406 130
406 129
406 128
406 127
406 126
406 125
406 124
407 123
407 122
407 121
407 120
407 119
407 118
407 117
407 116
407 115
407 114
407 113
407 112
407 111
407 110
407 109
407 108
407 107
407 106
407 105
407 104
407 103
407 102
407 101
407 100
407 99
407 98
407 97
407 96
407 95
407 94
407 93
407 92
407 91
407 90
407 89
407 88
407 87
407 86
407 85
407 84
407 83
407 82
407 81
407 80
407 79
407 78
407 77
407 76
407 75
406 74
406 73
406 72
406 71
406 70
406 69
406 68
406 67
406 66
406 65
406 64
406 63
406 62
406 61
406 60
406 59
406 58
406 57
406 56
406 55
406 54
406 53
406 52
406 51
406 50
406 49
406 48
406 47
406 46
406 45
405 44
405 43
405 42
405 41
405 40
405 39
405 38
405 37
404 36
404 35
403 34
402 33
401 32
400 32
399 31
398 31
397 31
396 31
395 31
394 31
393 31
392 31
391 31
390 31
389 31
388 31
387 31
386 31
385 30
384 30
383 30
382 30
381 30
380 30
379 30
378 30
377 30
376 30
375 30
374 30
373 30
372 30
371 30
370 30
369 30
368 30
367 30
366 30
365 30
364 30
363 30
362 30
361 30
360 31
359 31
358 31
357 31
356 31
355 31
354 31
353 31
352 31
351 30
350 30
349 30
348 30
347 30
346 30
345 30
344 30
343 30
342 30
341 30
340 30
339 30
338 30
337 30
336 30
335 30
334 30
333 30
332 30
331 30
330 30
329 30
328 30
327 30
326 30
325 30
324 30
323 30
322 30
321 30
320 30
319 30
318 30
317 30
316 30
315 30
314 30
313 30
312 30
311 30
310 30
309 30
308 30
307 30
306 30
305 30
304 30
303 30
302 30
301 30
300 30
299 30
298 30
297 30
296 30
295 30
294 30
293 30
292 30
291 30
290 30
289 30
288 30
287 30
286 30
285 30
284 30
283 30
282 30
281 30
280 30
279 30
278 30
277 30
276 30
275 30
274 30
273 30
272 30
271 29
270 29
269 29
268 29
267 29
266 29
265 29
264 29
263 29
262 29
261 29
260 29
259 29
258 29
257 30
256 30
255 30
254 30
253 30
252 30
251 29
250 29
249 29
248 29
247 30
246 30
245 30
244 30
243 29
242 29
241 29
240 29
239 29
238 29
237 29
236 29
235 29
234 29
233 29
232 29
231 29
230 29
229 29
228 29
227 29
226 29
225 29
224 29
223 29
222 29
221 29
220 29
219 29
218 29
217 29
216 29
215 29
214 29
213 29
212 29
211 29
210 29
209 29
208 29
207 29
206 29
205 29
204 29
203 29
202 29
201 29
200 29
199 29
198 29
197 29
196 29
195 29
194 29
193 29
192 29
191 29
190 29
189 29
188 29
187 29
186 29
185 29
184 29
183 28
182 28
181 28
180 28
179 28
178 28
177 28
176 28
175 28
174 28
173 28
172 28
171 28
170 28
169 28
168 28
167 28
166 28
165 28
164 28
163 28
162 28
161 28
160 28
159 28
