326 33
325 34
324 34
323 34
322 34
321 34
320 34
319 34
318 34
317 34
316 34
315 34
314 34
313 34
312 34
311 35
310 35
309 35
308 35
307 35
306 35
305 35
304 35
303 35
302 35
301 35
300 35
299 35
298 35
297 35
296 35
295 35
294 35
293 35
292 35
291 35
290 35
289 35
288 35
287 35
286 35
285 35
284 35
283 35
282 35
281 35
280 35
279 35
278 35
277 35
276 35
275 35
274 35
273 35
272 35
271 35
270 35
269 35
268 35
267 35
266 35
265 35
264 35
263 35
262 35
261 35
260 35
259 35
258 35
257 35
256 35
255 35
254 35
253 35
252 35
251 35
250 35
249 35
248 35
247 35
246 35
245 36
244 36
243 35
242 35
241 35
240 35
239 35
238 35
237 35
236 35
235 35
234 35
233 35
232 35
231 35
230 35
229 35
228 35
227 35
226 35
225 35
224 35
223 35
222 35
221 35
220 35
219 35
218 35
217 35
216 35
215 35
214 35
213 35
212 35
211 35
210 35
209 35
208 35
207 35
206 35
205 35
204 35
203 35
202 35
201 35
200 35
199 35
198 35
197 35
196 35
195 35
194 35
193 35
192 35
191 35
190 35
189 35
188 35
187 35
186 35
185 35
184 35
183 35
182 35
181 35
180 35
179 35
178 35
177 35
176 35
175 35
174 35
173 35
172 35
171 35
170 35
169 35
168 35
167 35
166 35
165 35
164 35
163 35
162 35
161 35
160 35
159 35
158 35
157 35
156 35
155 35
154 35
153 35
152 35
151 35
150 35
149 35
148 35
147 35
146 35
145 35
144 35
143 35
142 35
141 35
140 36
139 36
138 36
137 36
136 36
135 36
134 36
133 36
132 36
131 36
130 36
129 36
128 36
127 36
126 36
125 36
124 36
123 37
122 37
121 37
120 37
119 37
118 37
117 37
116 37
115 37
114 37
113 37
112 37
111 37
110 37
109 37
108 37
107 37
106 37
105 37
104 37
103 37
102 37
101 37
100 37
99 37
98 37
97 37
96 37
95 37
94 37
93 37
92 37
91 37
90 37
89 37
88 37
87 37
86 37
85 38
84 39
83 39
82 39
81 38
80 38
79 38
78 38
77 38
76 39
75 39
74 39
73 39
72 39
71 39
70 39
69 39
68 39
67 39
66 39
65 39
64 39
63 39
62 39
61 39
60 39
59 39
58 39
57 39
56 39
55 40
54 40
53 40
52 40
51 40
50 40
49 40
48 40
47 40
46 40
45 40
44 40
43 40
42 40
41 40
40 40
39 40
38 40
37 41
36 41
35 41
34 41
33 41
32 41
31 41
30 42
29 43
29 44
29 45
28 46
28 47
28 48
28 49
28 50
28 51
28 52
28 53
29 54
29 55
29 56
30 57
31 58
32 58
33 58
34 58
35 57
36 57
37 58
38 58
39 59
40 59
41 59
42 59
43 59
44 59
45 59
46 59
47 59
48 59
49 59
50 59
51 59
52 59
53 59
54 59
55 59
56 59
57 59
58 59
59 59
60 59
61 59
62 59
63 59
64 59
65 59
66 59
67 59
68 59
69 59
70 59
71 59
72 59
73 59
74 59
75 60
76 60
77 60
78 60
79 60
80 60
81 60
82 60
83 60
84 60
85 61
85 62
85 63
85 64
85 65
85 66
84 67
84 68
84 69
84 70
84 71
84 72
83 73
83 74
83 75
83 76
83 77
83 78
83 79
82 80
82 81
82 82
82 83
82 84
82 85
82 86
82 87
82 88
82 89
82 90
82 91
82 92
82 93
82 94
82 95
82 96
82 97
82 98
82 99
82 100
82 101
82 102
82 103
82 104
82 105
82 106
82 107
82 108
82 109
82 110
82 111
82 112
82 113
82 114
82 115
82 116
82 117
82 118
83 119
83 120
83 121
83 122
83 123
83 124
83 125
84 126
84 127
84 128
84 129
84 130
84 131
85 132
85 133
85 134
85 135
86 136
86 137
86 138
86 139
86 140
87 141
87 142
87 143
88 144
88 145
88 146
89 147
89 148
89 149
90 150
91 151
91 152
92 153
93 154
94 154
95 155
96 156
97 156
98 157
99 157
100 158
101 158
102 158
103 159
104 159
105 159
106 159
107 159
108 159
109 159
110 160
111 160
112 160
113 160
114 160
115 160
116 160
117 160
118 160
119 160
120 160
121 160
122 160
123 160
124 160
125 160
126 161
127 161
128 161
129 161
130 161
131 161
132 161
133 161
134 161
135 161
136 161
137 161
138 161
139 161
140 161
141 161
142 161
143 161
144 161
145 161
146 161
147 161
148 161
149 161
150 161
151 161
152 161
153 161
154 162
155 162
156 162
157 162
158 162
159 162
160 162
161 162
162 162
163 162
164 162
165 162
166 162
167 162
168 163
169 163
170 164
171 164
172 164
173 164
174 164
175 164
176 164
177 164
178 164
179 164
180 164
181 164
182 164
183 164
184 164
185 164
186 164
187 164
188 164
189 163
190 163
191 163
192 163
193 163
194 163
195 163
196 163
197 164
198 164
199 164
200 164
201 164
202 164
203 164
204 164
205 164
206 164
207 164
208 164
209 164
210 164
211 164
212 164
213 164
214 164
215 164
216 164
217 163
218 162
219 162
220 162
221 162
222 162
223 162
224 162
225 162
226 162
227 162
228 162
229 162
230 162
231 162
232 162
233 162
234 162
235 162
236 161
237 161
238 162
239 162
240 161
241 161
242 161
243 161
244 161
245 161
246 161
247 162
248 162
249 162
250 162
251 162
252 162
253 162
254 162
255 162
256 162
257 162
258 162
259 162
260 162
261 162
262 162
263 162
264 161
265 161
266 161
267 161
268 161
269 161
270 161
271 161
272 161
273 161
274 161
275 161
276 161
277 161
278 161
279 161
280 161
281 161
282 161
283 161
284 161
285 161
286 161
287 161
288 161
289 161
290 161
291 161
292 161
293 161
294 161
295 161
296 161
297 161
298 161
299 161
300 161
301 161
302 161
303 161
304 161
305 161
306 161
307 161
308 161
309 161
310 162
311 162
312 162
313 162
314 162
315 162
316 162
317 162
318 162
319 162
320 162
321 162
322 162
323 162
324 162
325 163
326 163
327 163
328 163
329 163
330 163
331 163
332 163
333 163
334 163
335 163
336 163
337 163
338 163
339 163
340 163
341 163
342 163
343 163
344 163
345 163
346 163
347 163
348 163
349 163
350 163
351 163
352 162
353 162
354 162
355 162
356 162
357 162
358 162
359 162
360 162
361 162
362 162
363 162
364 162
365 162
366 162
367 162
368 162
369 162
370 162
371 162
372 162
373 162
374 162
375 162
376 162
377 161
378 161
379 161
380 161
381 161
382 161
383 161
384 161
385 161
386 160
387 160
388 160
389 160
390 160
391 159
392 159
393 159
394 159
395 159
396 159
397 159
398 159
399 159
400 159
401 159
402 159
403 158
404 158
405 158
406 158
407 158
408 158
409 158
410 158
411 158
412 158
413 158
414 157
415 157
416 157
417 157
418 157
419 157
420 157
421 157
422 157
423 156
424 156
425 156
426 156
427 155
428 154
428 153
429 152
429 151
429 150
430 149
430 148
430 147
430 146
430 145
430 144
430 143
430 142
430 141
430 140
430 139
430 138
430 137
430 136
430 135
430 134
430 133
430 132
430 131
430 130
430 129
431 128
431 127
431 126
431 125
431 124
431 123
431 122
431 121
431 120
431 119
431 118
431 117
431 116
431 115
431 114
431 113
431 112
431 111
431 110
431 109
431 108
431 107
431 106
431 105
431 104
431 103
431 102
431 101
431 100
431 99
431 98
431 97
431 96
431 95
431 94
431 93
431 92
431 91
431 90
430 89
430 88
431 87
431 86
431 85
430 84
430 83
430 82
430 81
430 80
430 79
430 78
430 77
430 76
430 75
430 74
430 73
430 72
430 71
430 70
430 69
430 68
430 67
430 66
430 65
430 64
430 63
430 62
430 61
430 60
430 59
430 58
430 57
430 56
429 55
429 54
429 53
429 52
429 51
429 50
429 49
429 48
429 47
429 46
428 45
428 44
427 43
427 42
426 41
425 40
424 40
423 39
422 39
421 39
420 39
419 39
418 39
417 39
416 39
415 38
414 38
413 38
412 38
411 38
410 38
409 38
408 38
407 38
406 38
405 37
404 37
403 37
402 37
401 37
400 37
399 37
398 37
397 37
396 37
395 37
394 37
393 37
392 37
391 36
390 36
389 36
388 36
387 36
386 36
385 36
384 35
383 35
382 35
381 35
380 34
379 34
378 34
377 34
376 34
375 34
374 34
373 34
372 34
371 34
370 34
369 34
368 34
367 34
366 34
365 34
364 34
363 34
362 34
361 34
360 34
359 34
358 34
357 33
356 33
355 33
354 33
353 33
352 33
351 33
350 33
349 33
348 33
347 33
346 33
345 33
344 33
343 33
342 33
341 33
340 33
339 33
338 33
337 33
336 33
335 33
334 33
333 33
332 33
331 33
330 33
329 33
328 33
327 33
