352 25
351 26
350 26
349 26
348 26
347 26
346 26
345 26
344 26
343 26
342 26
341 26
340 26
339 26
338 26
337 26
336 26
335 26
334 26
333 26
332 27
331 27
330 27
329 27
328 27
327 26
326 26
325 26
324 26
323 26
322 26
321 26
320 26
319 26
318 26
317 26
316 26
315 26
314 26
313 26
312 26
311 26
310 26
309 26
308 26
307 26
306 26
305 26
304 26
303 26
302 26
301 26
300 26
299 26
298 26
297 26
296 26
295 26
294 26
293 26
292 26
291 26
290 26
289 26
288 27
287 27
286 27
285 27
284 27
283 26
282 26
281 26
280 27
279 27
278 27
277 27
276 27
275 27
274 27
273 27
272 27
271 27
270 27
269 27
268 27
267 27
266 27
265 27
264 27
263 27
262 27
261 27
260 27
259 27
258 27
257 27
256 27
255 27
254 27
253 27
252 27
251 27
250 27
249 27
248 27
247 27
246 27
245 27
244 27
243 27
242 27
241 27
240 27
239 27
238 27
237 27
236 27
235 27
234 27
233 27
232 27
231 27
230 27
229 27
228 27
227 27
226 27
225 27
224 27
223 27
222 27
221 27
220 27
219 27
218 27
217 27
216 27
215 27
214 27
213 27
212 27
211 27
210 27
209 27
208 27
207 27
206 28
205 28
204 27
203 27
202 27
201 27
200 27
199 27
198 27
197 27
196 27
195 27
194 27
193 27
192 27
191 27
190 27
189 27
188 27
187 27
186 27
185 27
184 27
183 27
182 27
181 27
180 27
179 27
178 27
177 27
176 27
175 27
174 27
173 27
172 27
171 27
170 27
169 27
168 28
167 28
166 28
165 28
164 27
163 27
162 27
161 27
160 27
159 28
158 28
157 28
156 28
155 28
154 28
153 28
152 28
151 27
150 27
149 27
148 28
147 28
146 28
145 27
144 27
143 27
142 27
141 27
140 27
139 27
138 27
137 27
136 27
135 27
134 27
133 28
132 28
131 28
130 28
129 28
128 28
127 28
126 28
125 28
124 28
123 28
122 28
121 28
120 28
119 28
118 28
117 28
116 28
115 28
114 28
113 28
112 28
111 28
110 28
109 28
108 28
107 28
106 28
105 28
104 28
103 28
102 28
101 28
100 27
99 27
98 27
97 27
96 26
95 26
94 26
93 26
92 26
91 27
90 27
89 27
88 27
87 27
86 27
85 27
84 27
83 27
82 27
81 27
80 27
79 28
78 28
77 28
76 28
75 28
74 28
73 28
72 28
71 28
70 28
69 28
68 28
67 28
66 28
65 28
64 28
63 28
62 28
61 28
60 28
59 28
58 28
57 28
56 28
55 28
54 28
53 28
52 28
51 28
50 28
49 28
48 28
47 29
46 29
45 29
44 29
43 29
42 29
41 29
40 29
39 29
38 29
37 29
36 29
35 29
34 29
33 29
32 29
31 29
30 29
29 30
28 30
27 30
26 30
25 30
24 30
23 30
22 30
21 30
20 31
19 31
18 32
17 33
17 34
16 35
16 36
15 37
15 38
15 39
15 40
15 41
16 42
16 43
17 44
18 45
19 46
20 46
21 46
22 47
23 47
24 47
25 48
26 48
27 48
28 48
29 48
30 48
31 48
32 48
33 48
34 48
35 48
36 48
37 48
38 48
39 48
40 48
41 48
42 48
43 48
44 48
45 48
46 48
47 48
48 48
49 48
50 48
51 48
52 48
53 48
54 48
55 48
56 48
57 48
58 48
59 48
60 48
61 48
62 48
63 48
64 48
65 48
66 48
67 48
68 49
69 49
70 50
71 50
72 51
72 52
73 53
73 54
73 55
72 56
72 57
72 58
72 59
72 60
72 61
72 62
71 63
71 64
71 65
71 66
71 67
71 68
71 69
71 70
70 71
70 72
70 73
70 74
70 75
70 76
70 77
70 78
70 79
70 80
70 81
70 82
70 83
70 84
70 85
70 86
70 87
70 88
70 89
70 90
70 91
70 92
70 93
70 94
70 95
70 96
70 97
71 98
71 99
71 100
71 101
71 102
71 103
71 104
71 105
71 106
71 107
71 108
71 109
71 110
71 111
71 112
72 113
72 114
73 115
73 116
74 117
74 118
75 119
75 120
76 121
77 122
78 123
78 124
79 125
79 126
80 127
81 128
81 129
82 130
83 131
84 132
85 133
86 133
87 134
88 135
89 135
90 136
91 137
92 137
93 137
94 137
95 138
96 138
97 138
98 138
99 138
100 138
101 138
102 138
103 138
104 138
105 138
106 139
107 139
108 139
109 139
110 139
111 139
112 139
113 139
114 139
115 139
116 139
117 139
118 139
119 139
120 139
121 139
122 139
123 139
124 139
125 139
126 139
127 139
128 139
129 139
130 139
131 139
132 140
133 140
134 140
135 140
136 140
137 140
138 140
139 140
140 140
141 140
142 140
143 140
144 140
145 140
146 140
147 140
148 140
149 140
150 140
151 140
152 140
153 140
154 140
155 140
156 140
157 140
158 140
159 140
160 140
161 140
162 140
163 140
164 140
165 140
166 140
167 140
168 140
169 140
170 140
171 140
172 140
173 140
174 140
175 140
176 140
177 140
178 140
179 140
180 140
181 140
182 140
183 140
184 140
185 140
186 140
187 140
188 140
189 140
190 140
191 140
192 140
193 140
194 140
195 140
196 140
197 140
198 140
199 140
200 140
201 140
202 139
203 139
204 139
205 139
206 139
207 139
208 139
209 139
210 139
211 139
212 139
213 139
214 139
215 139
216 139
217 139
218 139
219 139
220 139
221 139
222 139
223 139
224 139
225 139
226 139
227 139
228 139
229 139
230 139
231 139
232 139
233 139
234 139
235 139
236 139
237 139
238 140
239 140
240 140
241 140
242 140
243 140
244 140
245 140
246 140
247 140
248 140
249 140
250 140
251 140
252 140
253 140
254 140
255 140
256 140
257 140
258 140
259 140
260 140
261 140
262 140
263 139
264 139
265 139
266 139
267 139
268 139
269 139
270 139
271 139
272 139
273 139
274 139
275 139
276 139
277 139
278 139
279 139
280 139
281 139
282 139
283 139
284 139
285 139
286 139
287 139
288 139
289 139
290 139
291 139
292 139
293 139
294 139
295 139
296 139
297 139
298 139
299 138
300 138
301 138
302 138
303 138
304 138
305 138
306 138
307 138
308 138
309 138
310 138
311 138
312 138
313 138
314 138
315 138
316 138
317 138
318 138
319 137
320 137
321 137
322 137
323 137
324 137
325 137
326 137
327 137
328 137
329 137
330 137
331 137
332 137
333 137
334 137
335 137
336 137
337 137
338 137
339 137
340 137
341 137
342 137
343 137
344 137
345 137
346 137
347 137
348 137
349 137
350 137
351 137
352 137
353 137
354 137
355 137
356 137
357 137
358 137
359 137
360 137
361 137
362 137
363 137
364 137
365 137
366 137
367 137
368 137
369 137
370 137
371 137
372 137
373 137
374 137
375 137
376 136
377 136
378 135
379 134
380 133
381 132
381 131
382 130
383 129
384 128
385 127
385 126
385 125
385 124
385 123
385 122
385 121
386 120
386 119
386 118
386 117
386 116
386 115
387 114
387 113
387 112
387 111
387 110
386 109
386 108
386 107
386 106
386 105
387 104
387 103
387 102
387 101
387 100
386 99
386 98
386 97
386 96
387 95
387 94
387 93
387 92
387 91
387 90
387 89
387 88
387 87
387 86
387 85
387 84
387 83
387 82
387 81
387 80
386 79
386 78
386 77
386 76
385 75
385 74
385 73
385 72
385 71
385 70
385 69
385 68
385 67
385 66
385 65
385 64
385 63
384 62
384 61
384 60
384 59
384 58
384 57
384 56
384 55
383 54
383 53
383 52
383 51
383 50
383 49
383 48
383 47
382 46
382 45
382 44
382 43
381 42
381 41
381 40
381 39
381 38
381 37
380 36
380 35
379 34
379 33
378 32
378 31
377 30
376 29
375 28
374 27
373 27
372 26
371 26
370 26
369 25
368 25
367 25
366 25
365 25
364 25
363 25
362 25
361 25
360 25
359 25
358 25
357 25
356 25
355 25
354 25
353 25
