135 15
134 16
133 16
132 16
131 16
130 16
129 16
128 16
127 16
126 16
125 16
124 16
123 16
122 16
121 16
120 16
119 16
118 16
117 16
116 16
115 16
114 17
113 17
112 17
111 17
110 17
109 17
108 17
107 17
106 17
105 17
104 17
103 17
102 17
101 17
100 17
99 17
98 17
97 17
96 17
95 17
94 17
93 17
92 17
91 18
90 18
89 18
88 18
87 18
86 18
85 18
84 18
83 18
82 18
81 18
80 18
79 18
78 18
77 19
76 19
75 19
74 19
73 19
72 19
71 19
70 19
69 19
68 19
67 19
66 19
65 19
64 19
63 19
62 19
61 20
60 20
59 20
58 20
57 20
56 20
55 20
54 20
53 20
52 20
51 20
50 20
49 20
48 20
47 20
46 20
45 20
44 20
43 20
42 21
41 21
40 21
39 21
38 21
37 22
36 22
36 23
35 24
35 25
35 26
35 27
35 28
35 29
35 30
35 31
35 32
36 33
36 34
37 35
38 36
39 36
40 36
41 36
42 36
43 37
44 37
45 37
46 37
47 37
48 37
49 37
50 37
51 37
52 37
53 37
54 37
55 37
56 37
57 37
58 37
59 37
60 37
61 37
62 37
63 37
64 37
65 37
66 37
67 37
68 37
69 37
70 38
71 38
72 38
73 38
74 38
75 38
76 38
77 38
78 38
79 38
80 38
81 38
82 38
83 38
84 38
85 38
86 38
87 38
88 38
89 38
90 39
91 40
92 41
92 42
92 43
92 44
91 45
91 46
91 47
91 48
91 49
91 50
91 51
91 52
91 53
91 54
91 55
91 56
90 57
90 58
90 59
90 60
90 61
90 62
90 63
90 64
90 65
90 66
90 67
90 68
89 69
89 70
89 71
89 72
89 73
89 74
89 75
89 76
89 77
89 78
89 79
89 80
89 81
90 82
90 83
90 84
90 85
89 86
89 87
89 88
89 89
89 90
89 91
90 92
90 93
90 94
90 95
90 96
90 97
90 98
90 99
90 100
90 101
90 102
90 103
90 104
90 105
90 106
91 107
91 108
91 109
91 110
91 111
91 112
91 113
91 114
91 115
91 116
91 117
92 118
92 119
92 120
93 121
93 122
94 123
94 124
95 125
95 126
96 127
97 128
98 129
99 129
100 130
101 131
102 131
103 132
104 132
105 132
106 133
107 133
108 134
109 134
110 134
111 134
112 134
113 134
114 135
115 135
116 135
117 135
118 135
119 135
120 135
121 135
122 135
123 135
124 135
125 135
126 135
127 135
128 135
129 135
130 135
131 135
132 135
133 135
134 135
135 135
136 136
137 136
138 136
139 136
140 136
141 136
142 136
143 136
144 136
145 136
146 136
147 136
148 136
149 136
150 136
151 136
152 136
153 137
154 137
155 137
156 138
157 138
158 138
159 138
160 138
161 137
162 137
163 137
164 137
165 136
166 136
167 136
168 136
169 136
170 136
171 136
172 136
173 136
174 136
175 136
176 136
177 137
178 137
179 137
180 137
181 137
182 137
183 137
184 137
185 137
186 137
187 136
188 136
189 136
190 136
191 136
192 135
193 135
194 135
195 135
196 135
197 135
198 135
199 135
200 135
201 135
202 135
203 135
204 135
205 136
206 136
207 136
208 136
209 136
210 136
211 136
212 136
213 136
214 136
215 136
216 136
217 136
218 136
219 135
220 135
221 135
222 135
223 135
224 135
225 135
226 135
227 135
228 135
229 135
230 135
231 135
232 135
233 135
234 135
235 135
236 135
237 135
238 135
239 135
240 135
241 135
242 135
243 135
244 135
245 135
246 135
247 135
248 135
249 135
250 136
251 136
252 136
253 136
254 136
255 136
256 136
257 136
258 136
259 136
260 136
261 136
262 136
263 136
264 136
265 136
266 136
267 136
268 136
269 136
270 136
271 137
272 137
273 137
274 137
275 137
276 137
277 137
278 137
279 137
280 137
281 137
282 137
283 137
284 137
285 137
286 137
287 137
288 137
289 137
290 137
291 137
292 137
293 137
294 137
295 137
296 137
297 137
298 137
299 137
300 137
301 137
302 137
303 137
304 137
305 137
306 137
307 137
308 137
309 137
310 137
311 137
312 137
313 137
314 137
315 137
316 137
317 137
318 137
319 137
320 137
321 137
322 137
323 137
324 136
325 136
326 135
327 135
328 135
329 135
330 135
331 135
332 135
333 134
334 134
335 134
336 134
337 134
338 134
339 134
340 134
341 134
342 134
343 134
344 134
345 134
346 133
347 133
348 133
349 133
350 133
351 133
352 133
353 133
354 133
355 133
356 133
357 133
358 133
359 132
360 132
361 131
362 131
363 130
363 129
364 128
364 127
364 126
365 125
365 124
365 123
365 122
365 121
365 120
365 119
365 118
365 117
365 116
365 115
365 114
365 113
365 112
365 111
365 110
365 109
365 108
365 107
365 106
365 105
365 104
365 103
365 102
365 101
365 100
366 99
366 98
366 97
367 96
367 95
367 94
367 93
367 92
367 91
367 90
367 89
367 88
367 87
367 86
367 85
367 84
367 83
367 82
367 81
367 80
367 79
367 78
367 77
367 76
367 75
367 74
367 73
366 72
366 71
366 70
366 69
366 68
366 67
366 66
366 65
366 64
366 63
366 62
366 61
366 60
365 59
365 58
365 57
365 56
365 55
365 54
365 53
365 52
365 51
365 50
365 49
365 48
365 47
365 46
365 45
365 44
365 43
365 42
365 41
365 40
365 39
365 38
365 37
365 36
365 35
365 34
365 33
365 32
365 31
365 30
364 29
364 28
364 27
364 26
364 25
363 24
362 23
361 22
360 21
359 21
358 21
357 21
356 21
355 21
354 20
353 20
352 20
351 20
350 20
349 20
348 20
347 20
346 20
345 20
344 20
343 20
342 19
341 19
340 19
339 19
338 19
337 19
336 19
335 19
334 19
333 19
332 19
331 18
330 18
329 18
328 18
327 18
326 18
325 17
324 17
323 17
322 17
321 17
320 17
319 17
318 17
317 17
316 17
315 17
314 17
313 17
312 17
311 17
310 16
309 16
308 16
307 16
306 16
305 16
304 16
303 16
302 16
301 16
300 16
299 16
298 16
297 16
296 16
295 16
294 16
293 16
292 16
291 15
290 15
289 15
288 15
287 15
286 15
285 15
284 15
283 15
282 15
281 15
280 15
279 15
278 15
277 16
276 16
275 16
274 16
273 16
272 16
271 16
270 16
269 16
268 16
267 16
266 16
265 16
264 17
263 17
262 17
261 17
260 17
259 17
258 17
257 17
256 17
255 17
254 17
253 17
252 17
251 17
250 17
249 17
248 17
247 17
246 17
245 17
244 17
243 17
242 17
241 17
240 17
239 17
238 17
237 17
236 17
235 17
234 17
233 17
232 17
231 17
230 17
229 17
228 17
227 17
226 17
225 17
224 17
223 17
222 17
221 17
220 17
219 17
218 17
217 17
216 17
215 17
214 17
213 17
212 17
211 17
210 17
209 17
208 17
207 17
206 17
205 17
204 17
203 17
202 17
201 17
200 17
199 17
198 17
197 17
196 17
195 17
194 17
193 17
192 17
191 17
190 17
189 17
188 17
187 17
186 17
185 17
184 17
183 16
182 16
181 16
180 16
179 16
178 16
177 16
176 16
175 16
174 16
173 16
172 16
171 16
170 16
169 16
168 16
167 16
166 16
165 16
164 16
163 16
162 16
161 16
160 16
159 15
158 15
157 15
156 15
155 15
154 15
153 15
152 15
151 15
150 15
149 15
148 15
147 15
146 15
145 15
144 15
143 15
142 15
141 15
140 15
139 15
138 15
137 15
136 15
