27 1
26 2
25 2
24 2
23 2
22 3
21 3
20 3
19 4
18 4
17 4
16 4
16 5
15 6
14 6
13 6
12 7
11 8
10 8
10 9
9 10
8 10
7 10
7 11
7 12
6 13
5 13
5 14
4 15
3 15
3 16
3 17
3 18
2 19
1 19
1 20
1 21
1 22
1 23
1 24
1 25
1 26
2 27
2 28
2 29
2 30
3 30
4 30
5 31
6 32
6 33
7 33
8 33
9 34
9 35
8 36
8 37
8 38
8 39
8 40
9 40
10 40
11 40
12 40
13 39
14 39
15 40
15 41
15 42
15 43
15 44
15 45
14 46
14 47
14 48
13 49
13 50
13 51
13 52
12 53
12 54
11 55
11 56
11 57
11 58
12 59
12 60
12 61
13 62
13 63
14 64
14 65
14 66
14 67
14 68
13 69
13 70
12 71
12 72
12 73
12 74
11 75
11 76
11 77
11 78
11 79
11 80
10 81
10 82
10 83
10 84
10 85
10 86
9 87
9 88
9 89
9 90
9 91
9 92
9 93
9 94
10 95
9 96
9 97
9 98
8 99
8 100
8 101
8 102
8 103
8 104
8 105
8 106
8 107
8 108
9 109
9 110
9 111
9 112
9 113
9 114
9 115
9 116
9 117
9 118
10 119
10 120
10 121
10 122
10 123
10 124
11 125
11 126
12 127
12 128
12 129
13 130
13 131
13 132
14 133
14 134
15 135
15 136
15 137
16 138
17 139
17 140
18 141
18 142
19 143
19 144
20 145
21 146
21 147
22 148
23 148
24 149
24 150
25 151
25 152
26 152
27 153
28 154
29 155
29 156
30 156
31 157
32 158
33 159
34 159
35 160
36 160
37 161
38 162
39 162
40 163
41 164
42 164
43 164
44 165
45 166
46 166
47 166
48 167
49 168
50 168
51 168
52 169
53 169
54 170
55 170
56 171
57 171
58 171
59 172
60 172
61 172
62 172
63 173
64 173
65 174
66 174
67 174
68 175
69 175
70 175
71 175
72 176
73 176
74 177
75 177
76 178
77 178
78 178
79 179
80 180
81 181
82 181
83 182
84 183
85 184
86 185
87 186
88 187
89 187
90 188
91 188
92 189
93 190
94 190
95 191
96 192
97 192
98 193
98 194
99 195
100 195
101 196
101 197
101 198
101 199
101 200
102 201
102 202
102 203
102 204
102 205
103 206
103 207
103 208
103 209
103 210
103 211
103 212
103 213
103 214
103 215
103 216
102 217
101 217
100 218
99 218
98 218
97 219
96 219
95 219
94 219
93 220
92 220
92 221
91 222
90 222
89 223
88 223
87 223
86 224
85 224
85 225
85 226
84 227
83 227
82 228
81 229
80 229
80 230
79 231
78 231
78 232
78 233
78 234
79 234
80 234
81 234
82 234
83 234
84 234
85 234
86 234
87 233
88 234
88 235
88 236
89 236
90 236
91 236
92 236
93 236
94 235
95 235
96 235
97 234
98 234
99 233
100 232
101 232
102 231
103 231
104 232
104 233
104 234
104 235
105 235
106 236
105 237
104 238
103 239
103 240
102 241
101 241
101 242
101 243
101 244
102 244
103 244
104 244
105 244
106 244
107 244
108 244
109 243
110 242
111 242
112 241
113 241
114 240
115 240
116 239
117 239
117 238
118 237
119 236
120 237
120 238
120 239
120 240
120 241
120 242
120 243
120 244
121 244
122 244
123 244
123 243
124 242
125 241
126 240
127 239
128 238
129 237
130 236
130 235
131 234
132 233
132 232
133 231
133 230
134 229
135 229
135 228
136 227
137 226
138 225
139 224
140 223
141 223
142 223
143 222
144 222
145 222
146 221
147 221
147 220
147 219
147 218
146 217
145 217
144 217
143 217
142 216
141 216
140 216
139 216
138 216
137 216
136 217
135 217
134 217
133 217
132 216
131 215
131 214
130 213
130 212
129 211
129 210
129 209
128 208
128 207
127 206
127 205
126 204
126 203
126 202
125 201
125 200
125 199
125 198
124 197
124 196
124 195
124 194
124 193
124 192
125 191
125 190
125 189
125 188
126 187
127 187
128 187
129 187
130 187
130 186
131 185
132 185
133 185
134 185
135 185
136 185
137 184
138 183
139 183
140 183
141 183
142 183
142 182
143 181
144 181
145 181
146 181
147 181
148 182
149 182
150 182
151 182
152 181
153 181
153 180
153 179
154 178
155 177
156 176
157 177
157 178
158 178
159 178
160 178
160 177
160 176
161 175
162 175
163 175
164 175
165 175
165 174
165 173
166 172
166 171
166 170
167 169
167 168
168 167
169 166
170 166
171 166
172 166
172 165
172 164
173 163
174 162
175 162
175 161
176 160
176 159
176 158
177 157
178 156
179 156
180 157
181 158
182 158
183 158
184 158
185 157
186 157
186 156
186 155
187 154
188 155
189 155
190 155
191 155
192 155
192 154
193 153
194 154
195 155
195 156
196 157
197 157
198 157
199 157
200 158
201 158
202 158
203 158
204 158
205 158
206 158
206 157
206 156
206 155
205 155
204 154
204 153
203 152
203 151
203 150
203 149
202 148
202 147
202 146
203 145
204 146
204 147
205 148
206 149
206 150
207 151
208 151
209 151
210 152
211 152
212 153
213 154
214 155
215 155
216 155
217 155
218 154
219 154
219 153
219 152
219 151
218 151
217 150
216 149
215 148
215 147
214 146
213 145
213 144
213 143
213 142
212 141
212 140
212 139
212 138
211 137
211 136
211 135
211 134
212 133
213 133
214 133
215 133
216 134
216 135
216 136
216 137
216 138
216 139
216 140
216 141
216 142
216 143
217 143
218 143
219 143
220 142
220 141
220 140
220 139
221 138
221 137
221 136
221 135
221 134
222 133
222 132
222 131
222 130
221 129
222 128
223 128
223 127
223 126
223 125
223 124
223 123
223 122
223 121
223 120
224 119
225 120
225 121
225 122
225 123
225 124
225 125
225 126
225 127
225 128
225 129
225 130
225 131
226 131
227 131
228 131
228 130
228 129
228 128
228 127
228 126
229 125
230 125
230 124
230 123
230 122
230 121
231 120
232 120
233 119
234 119
235 120
235 121
236 122
237 123
237 124
238 125
238 126
239 126
240 126
241 126
241 125
241 124
241 123
241 122
241 121
241 120
241 119
240 118
240 117
240 116
240 115
240 114
240 113
240 112
240 111
239 110
239 109
239 108
239 107
239 106
239 105
239 104
240 103
240 102
240 101
241 100
242 100
243 100
243 99
243 98
243 97
244 96
244 95
245 94
245 93
245 92
245 91
244 90
245 89
245 88
245 87
245 86
244 85
244 84
244 83
244 82
244 81
244 80
245 79
246 80
246 81
246 82
246 83
246 84
247 85
247 86
247 87
247 88
248 89
248 90
248 91
248 92
248 93
249 94
249 95
249 96
249 97
249 98
249 99
249 100
249 101
249 102
249 103
249 104
249 105
249 106
249 107
249 108
249 109
249 110
249 111
249 112
249 113
249 114
249 115
249 116
250 117
251 117
252 117
253 117
254 116
255 116
255 115
255 114
255 113
256 112
256 111
256 110
257 109
257 108
257 107
257 106
258 105
258 104
258 103
258 102
259 101
259 100
259 99
260 98
260 97
260 96
260 95
260 94
260 93
260 92
260 91
260 90
260 89
260 88
260 87
260 86
260 85
260 84
260 83
260 82
259 81
259 80
259 79
259 78
259 77
259 76
258 75
258 74
258 73
258 72
258 71
258 70
257 69
257 68
257 67
257 66
256 65
256 64
256 63
256 62
255 61
255 60
255 59
254 58
254 57
254 56
253 55
253 54
253 53
252 52
251 51
251 50
250 49
250 48
249 47
250 46
251 46
252 47
253 48
253 49
254 50
254 51
255 52
256 53
257 54
258 55
258 56
259 57
259 58
260 59
260 60
261 61
261 62
262 63
262 64
263 65
263 66
264 67
265 68
265 69
265 70
266 71
266 72
267 73
267 74
268 75
268 76
268 77
269 78
269 79
269 80
269 81
270 82
270 83
271 84
271 85
272 86
272 87
272 88
272 89
273 90
273 91
273 92
274 93
274 94
274 95
275 96
275 97
275 98
275 99
276 100
276 101
277 102
277 103
277 104
278 105
278 106
278 107
278 108
279 108
280 108
281 108
281 107
281 106
281 105
281 104
281 103
281 102
281 101
281 100
281 99
281 98
281 97
281 96
281 95
281 94
281 93
281 92
281 91
281 90
281 89
281 88
281 87
281 86
281 85
281 84
281 83
281 82
281 81
281 80
281 79
281 78
281 77
281 76
281 75
280 74
280 73
280 72
279 71
279 70
279 69
279 68
279 67
278 66
278 65
278 64
277 63
277 62
277 61
277 60
276 59
276 58
276 57
275 56
275 55
275 54
274 53
274 52
274 51
273 50
272 49
272 48
271 47
270 46
270 45
270 44
269 43
269 42
268 41
268 40
267 39
266 38
266 37
265 36
264 35
263 34
262 33
262 32
261 32
260 31
260 30
259 30
258 29
257 28
256 27
255 26
254 25
253 25
252 24
252 23
251 23
250 22
249 21
248 21
247 20
246 19
245 18
244 18
243 17
242 16
241 16
240 16
239 15
238 14
237 14
236 14
235 13
234 13
233 12
232 12
231 12
230 11
229 11
228 11
227 11
226 10
225 10
224 10
223 10
222 9
221 9
220 9
219 9
218 9
217 8
216 8
215 8
214 8
213 8
212 8
211 8
210 8
209 8
208 8
207 8
206 8
205 8
204 7
203 7
202 7
201 7
200 8
199 8
198 8
197 8
196 8
195 8
194 8
193 8
192 8
191 8
190 8
189 8
188 8
187 9
186 9
185 9
184 9
183 10
182 10
181 10
180 11
179 11
178 11
177 11
176 11
175 11
174 12
173 12
172 13
171 13
170 13
169 14
168 14
167 15
166 16
165 16
164 17
163 17
162 18
161 19
160 19
159 20
158 21
157 22
156 22
155 23
154 24
153 25
152 25
152 26
151 27
150 27
149 28
148 29
147 30
146 31
146 32
145 33
144 33
144 34
143 35
143 36
142 37
141 38
141 39
140 40
139 41
138 42
138 43
137 44
136 45
136 46
135 47
135 48
134 49
134 50
133 51
132 52
132 53
132 54
131 55
131 56
130 57
130 58
130 59
129 60
129 61
129 62
128 63
128 64
128 65
127 66
127 67
127 68
127 69
127 70
126 71
126 72
125 73
125 74
125 75
125 76
125 77
125 78
125 79
125 80
125 81
124 82
124 83
124 84
124 85
125 86
125 87
125 88
124 89
123 88
122 88
121 87
120 87
119 86
118 86
117 86
116 85
115 85
114 85
113 84
112 84
111 84
110 83
109 83
108 82
107 82
106 82
105 81
104 80
103 80
102 79
101 79
100 78
99 77
98 76
97 75
96 74
95 73
94 72
94 71
93 70
92 69
92 68
91 67
91 66
91 65
90 64
90 63
90 62
89 61
89 60
89 59
88 58
88 57
88 56
87 55
87 54
87 53
86 52
86 51
86 50
85 49
85 48
85 47
84 46
84 45
83 44
83 43
82 42
82 41
82 40
81 39
81 38
80 37
80 36
79 35
79 34
78 33
78 32
77 31
76 30
75 29
74 28
74 27
73 26
73 25
72 24
71 23
70 22
69 22
68 21
67 20
66 19
65 18
64 18
63 17
62 17
61 16
60 16
59 16
58 15
57 15
56 15
55 14
54 14
53 14
52 14
51 13
50 13
49 13
48 12
48 11
49 10
50 10
51 9
52 8
53 7
54 7
55 6
55 5
55 4
55 3
54 2
53 2
52 2
51 2
50 2
49 2
48 2
47 2
46 2
45 2
44 1
43 1
42 1
41 1
40 2
39 1
38 1
37 1
36 1
35 1
34 1
33 1
32 1
31 2
30 1
29 1
28 1
