118 11
117 12
117 13
117 14
117 15
118 16
118 17
118 18
117 19
116 19
115 19
115 20
115 21
115 22
115 23
115 24
114 25
113 25
112 25
111 25
110 25
109 26
108 26
107 26
106 26
105 25
104 25
103 25
102 25
101 25
100 24
99 24
98 24
97 24
96 24
95 24
94 24
93 23
92 23
91 23
90 23
89 23
88 23
87 23
86 23
85 23
84 23
83 23
82 23
81 23
80 23
79 23
78 23
77 23
76 23
75 23
74 23
73 23
72 23
71 23
70 23
69 23
68 23
67 23
66 24
65 24
64 25
63 25
62 25
61 25
60 25
59 25
58 25
57 26
56 26
55 26
55 27
54 28
53 28
52 29
51 29
51 30
51 31
51 32
50 33
49 33
48 33
47 33
47 34
47 35
47 36
48 36
49 37
48 38
48 39
47 40
46 41
46 42
45 43
44 44
43 45
42 46
42 47
41 48
41 49
40 50
39 51
38 52
38 53
37 54
36 54
35 55
34 56
33 57
33 58
32 59
31 59
31 60
30 61
30 62
29 63
29 64
28 65
27 65
26 65
25 65
24 66
23 66
22 66
21 67
20 67
19 67
18 68
17 68
16 68
15 68
14 68
13 68
12 68
11 68
10 67
9 66
9 65
8 64
8 63
8 62
7 61
6 61
5 61
4 61
3 62
2 62
1 62
1 63
1 64
1 65
1 66
1 67
1 68
1 69
1 70
2 71
3 72
3 73
4 74
4 75
4 76
5 77
5 78
4 79
3 79
3 80
3 81
3 82
3 83
3 84
3 85
3 86
4 87
5 87
6 87
7 88
7 89
7 90
7 91
7 92
7 93
7 94
7 95
8 95
9 95
10 95
11 94
12 93
12 92
12 91
12 90
13 89
14 89
15 89
16 88
17 87
18 87
19 87
20 87
21 86
22 86
23 85
24 85
25 85
26 84
27 84
28 85
28 86
28 87
28 88
29 89
29 90
30 91
29 92
29 93
29 94
29 95
29 96
29 97
29 98
30 98
31 98
32 98
33 99
34 99
35 100
36 101
37 102
37 103
37 104
37 105
37 106
37 107
38 108
38 109
39 110
40 110
41 111
41 112
41 113
41 114
41 115
42 116
42 117
42 118
42 119
42 120
43 121
43 122
44 123
44 124
45 125
46 125
47 126
48 126
49 126
50 127
50 128
50 129
51 130
52 131
52 132
53 133
54 133
55 134
56 134
57 134
58 134
59 135
60 135
61 136
62 137
63 137
64 137
65 137
65 136
66 135
67 134
68 135
69 135
70 136
71 136
72 137
73 137
74 137
75 137
76 137
77 137
78 137
78 136
78 135
79 134
80 134
81 134
82 134
83 134
84 134
85 134
86 133
87 132
88 132
89 132
90 131
90 130
90 129
91 128
91 127
91 126
91 125
90 124
89 123
88 123
87 122
87 121
86 120
85 119
85 118
85 117
85 116
85 115
85 114
84 113
84 112
83 111
82 110
81 109
80 108
79 107
79 106
78 105
77 105
76 104
76 103
76 102
75 102
74 102
73 102
72 103
71 103
70 102
69 101
69 100
68 99
69 98
70 97
71 96
71 95
72 94
73 93
74 92
75 92
76 91
77 90
78 90
79 90
80 90
81 90
82 89
83 88
84 88
84 87
85 86
86 85
86 84
86 83
87 82
87 81
88 80
89 79
90 78
90 77
91 76
91 75
91 74
91 73
91 72
92 71
93 70
93 69
93 68
94 67
95 66
96 66
96 65
96 64
97 63
97 62
98 61
99 60
99 59
100 58
101 57
101 56
102 55
103 54
104 54
105 53
106 53
107 52
108 51
109 51
110 50
111 49
112 49
113 48
114 48
115 47
116 47
117 46
118 46
119 46
120 45
121 44
122 44
123 43
124 42
125 42
126 41
127 40
128 39
129 38
130 37
130 36
130 35
131 34
132 34
133 33
134 33
135 33
136 33
137 32
137 31
137 30
137 29
137 28
137 27
136 26
137 25
137 24
137 23
137 22
136 22
135 22
134 21
134 20
134 19
133 18
132 18
131 18
130 18
129 18
128 17
127 16
126 16
125 16
124 15
124 14
123 13
122 12
121 11
120 11
119 11
