257 1
256 2
255 3
254 4
254 5
253 6
252 7
251 8
250 9
249 10
248 11
247 12
246 13
245 14
245 15
244 16
243 17
243 18
242 19
241 19
240 19
239 20
238 21
237 22
236 22
235 23
234 24
234 25
233 26
232 27
231 28
231 29
230 30
230 31
230 32
230 33
230 34
230 35
230 36
230 37
229 38
229 39
229 40
228 41
228 42
228 43
228 44
228 45
228 46
228 47
228 48
228 49
228 50
228 51
228 52
228 53
228 54
228 55
228 56
228 57
228 58
228 59
228 60
228 61
228 62
229 63
230 64
230 65
230 66
230 67
230 68
231 69
231 70
231 71
231 72
231 73
231 74
231 75
231 76
231 77
231 78
230 79
229 78
228 78
227 78
226 78
225 78
224 78
223 77
222 77
221 77
220 77
219 77
218 77
217 77
216 77
215 77
214 77
213 77
212 77
211 77
210 77
209 77
208 77
207 77
206 77
205 77
204 77
203 77
202 77
201 77
200 77
199 78
198 78
197 78
196 78
195 78
194 78
193 79
192 79
191 79
190 79
189 79
188 79
187 79
186 80
185 80
184 80
183 80
182 80
181 80
180 80
179 80
178 80
177 81
176 81
175 81
174 81
173 82
172 82
171 83
170 83
169 84
168 84
167 84
166 84
165 85
164 85
163 85
162 85
161 86
160 86
159 86
158 86
157 86
156 86
155 86
154 86
153 86
152 86
151 86
150 86
149 86
148 86
147 86
146 86
145 85
144 85
143 85
142 85
141 85
140 84
139 84
138 83
137 83
136 82
135 81
134 81
133 80
132 79
131 78
130 78
129 77
129 76
128 75
128 74
127 73
127 72
126 71
126 70
125 69
125 68
124 67
123 66
122 65
121 64
120 63
119 62
119 61
118 60
117 59
117 58
117 57
117 56
117 55
116 54
116 53
116 52
116 51
116 50
116 49
116 48
116 47
116 46
116 45
116 44
116 43
116 42
116 41
116 40
116 39
116 38
116 37
116 36
116 35
116 34
116 33
115 32
114 31
113 30
113 29
113 28
113 27
112 26
111 25
110 24
109 23
109 22
108 21
107 20
106 19
105 18
104 17
103 17
102 17
101 17
100 17
99 16
98 15
98 14
97 13
97 12
96 11
95 10
94 10
93 9
92 8
91 8
90 8
89 8
88 8
87 8
86 8
85 8
84 8
83 8
82 8
81 8
80 8
79 8
78 8
77 8
76 8
75 8
74 8
73 8
72 8
71 8
70 8
69 8
68 8
67 8
66 8
65 7
64 7
63 7
62 7
61 7
60 7
59 7
58 7
57 8
56 8
55 8
54 8
53 8
52 7
51 7
50 7
49 7
48 6
47 6
46 6
45 6
44 6
43 6
42 6
41 7
40 8
39 9
39 10
39 11
39 12
39 13
38 14
37 14
36 15
35 16
35 17
34 18
33 19
32 20
32 21
31 22
31 23
30 24
29 25
28 26
27 27
27 28
27 29
27 30
26 31
26 32
26 33
25 34
25 35
25 36
25 37
25 38
24 39
24 40
24 41
24 42
23 43
23 44
22 45
22 46
21 47
21 48
21 49
21 50
20 51
20 52
19 53
19 54
19 55
19 56
19 57
19 58
19 59
19 60
20 61
21 62
22 62
23 62
24 62
25 62
26 63
26 64
26 65
25 66
25 67
24 68
24 69
24 70
24 71
24 72
24 73
24 74
24 75
24 76
24 77
24 78
25 79
25 80
25 81
25 82
25 83
24 84
24 85
24 86
24 87
24 88
24 89
24 90
24 91
24 92
24 93
24 94
24 95
24 96
24 97
24 98
24 99
25 100
26 101
27 101
28 101
29 101
30 102
30 103
30 104
30 105
30 106
30 107
30 108
29 109
29 110
29 111
29 112
29 113
29 114
29 115
29 116
29 117
29 118
29 119
29 120
30 121
30 122
30 123
30 124
30 125
31 126
32 127
33 127
34 127
35 127
36 127
37 126
38 125
39 124
39 123
40 122
41 121
42 120
43 119
44 118
45 117
45 116
46 115
47 114
48 115
49 116
50 117
50 118
51 119
51 120
52 121
52 122
52 123
52 124
52 125
52 126
53 127
53 128
54 129
54 130
55 131
56 132
57 132
58 132
59 132
60 132
61 132
62 133
63 134
64 135
65 136
66 137
67 138
68 139
69 140
69 141
70 142
70 143
71 144
71 145
72 146
73 147
74 148
75 149
76 150
76 151
77 152
78 153
79 153
80 154
81 155
82 156
83 156
84 156
85 157
85 158
86 159
86 160
86 161
86 162
87 163
87 164
88 165
88 166
89 167
90 167
91 168
92 168
93 168
94 169
95 170
96 171
96 172
96 173
97 173
98 173
99 174
100 174
101 175
101 176
102 177
103 177
104 178
104 179
105 179
106 180
107 181
108 182
109 183
110 184
111 184
112 185
113 186
113 187
114 186
115 186
116 187
117 187
118 188
119 188
120 189
121 189
122 190
123 190
124 190
125 191
126 191
127 192
128 192
129 192
130 193
131 193
132 194
133 194
134 195
135 195
136 195
137 195
138 196
139 196
140 196
141 196
142 197
143 197
144 197
145 198
145 199
144 200
144 201
144 202
144 203
143 204
143 205
143 206
143 207
143 208
143 209
142 210
142 211
141 212
140 213
139 214
138 215
137 215
136 216
135 216
134 216
133 216
132 217
131 217
130 217
129 218
128 218
127 219
126 220
125 220
125 221
124 222
124 223
124 224
124 225
125 225
126 225
127 225
128 224
129 223
130 224
131 225
132 225
133 225
134 225
135 225
136 224
137 223
138 222
139 223
139 224
140 225
141 226
142 226
143 227
144 227
145 227
146 228
146 229
147 230
147 231
148 232
148 233
149 234
150 234
151 235
151 236
152 236
153 236
154 236
155 236
156 236
157 236
158 236
159 236
160 236
161 237
162 237
163 237
164 237
165 237
166 237
167 237
168 237
169 236
169 235
170 234
171 233
172 232
172 231
172 230
172 229
172 228
172 227
171 227
170 227
169 227
168 227
167 226
168 225
169 225
170 225
171 225
172 225
172 224
172 223
172 222
171 221
170 221
169 220
168 220
167 220
166 220
165 220
164 220
163 220
162 220
161 220
160 220
159 220
158 220
157 220
156 220
155 220
154 220
153 220
152 220
151 219
151 218
151 217
151 216
150 215
151 214
151 213
151 212
151 211
151 210
152 209
152 208
153 207
153 206
153 205
153 204
153 203
153 202
153 201
154 200
154 199
155 198
156 198
157 198
158 198
159 198
160 198
161 198
162 198
163 198
164 198
165 198
166 198
167 198
168 199
168 200
169 201
170 202
171 203
172 204
172 205
173 206
173 207
173 208
173 209
173 210
173 211
173 212
173 213
174 214
174 215
174 216
174 217
174 218
175 219
175 220
175 221
175 222
176 223
176 224
176 225
177 226
177 227
178 228
178 229
178 230
178 231
177 232
177 233
176 234
177 234
178 235
177 236
177 237
176 238
176 239
175 240
174 240
173 241
173 242
172 243
171 243
170 244
169 245
169 246
169 247
169 248
170 248
171 248
172 248
173 248
174 248
175 248
176 248
177 248
178 248
179 248
180 247
181 247
182 248
183 249
183 250
184 250
185 250
186 250
187 250
188 250
189 250
190 251
191 251
192 252
193 253
194 254
195 254
196 255
197 255
198 256
199 257
200 257
201 258
202 258
203 259
204 259
205 260
206 260
207 260
208 261
209 261
210 261
211 260
212 260
213 260
214 260
215 260
215 259
216 258
217 258
218 258
219 258
219 257
219 256
219 255
218 255
217 255
216 255
215 255
214 255
213 254
212 253
213 252
214 252
215 252
216 252
217 252
218 253
219 253
220 253
221 254
222 254
223 254
224 254
225 255
226 255
227 255
228 254
229 254
230 253
231 253
231 252
231 251
232 250
233 250
234 250
235 250
236 250
236 249
236 248
236 247
235 246
234 246
233 245
232 245
231 245
230 245
229 245
228 245
227 245
226 245
225 245
224 246
223 247
222 247
221 246
220 246
219 246
218 245
217 245
216 245
215 245
214 244
214 243
215 242
216 241
217 241
218 241
219 241
220 241
220 240
220 239
220 238
219 237
218 237
217 237
216 237
215 237
214 237
213 237
212 237
211 238
210 238
209 238
208 238
207 239
206 239
205 239
204 239
203 239
202 239
201 239
200 240
199 240
198 241
197 241
196 241
195 240
195 239
195 238
195 237
195 236
194 235
194 234
193 233
192 232
191 231
190 231
189 230
188 229
188 228
187 227
187 226
186 225
186 224
186 223
186 222
185 221
185 220
185 219
184 218
184 217
183 216
183 215
183 214
183 213
182 212
182 211
181 210
181 209
180 208
180 207
180 206
180 205
180 204
180 203
180 202
180 201
180 200
180 199
181 198
182 197
183 196
184 196
185 195
186 195
187 195
188 194
189 194
190 194
191 194
192 193
193 193
194 193
195 193
196 193
197 193
198 192
199 192
200 192
201 192
202 192
203 192
204 191
205 191
206 191
207 191
208 191
209 191
210 191
211 192
212 192
213 192
214 192
215 191
216 191
217 191
218 191
219 191
220 191
221 191
222 191
223 191
224 190
225 190
226 190
227 190
228 189
229 189
230 189
231 189
232 188
233 188
234 187
235 187
236 186
237 185
238 185
239 185
240 185
241 184
242 184
243 184
244 183
245 183
246 183
247 182
248 181
249 181
250 180
251 180
252 180
253 180
254 179
255 179
256 179
257 178
258 177
259 177
259 176
260 175
261 175
262 174
263 174
264 173
265 173
266 172
267 171
268 171
268 170
269 169
270 168
271 167
272 167
272 166
273 165
274 164
275 163
276 162
277 161
277 160
278 159
279 158
280 157
281 156
281 155
282 154
283 153
283 152
283 151
284 150
285 149
285 148
286 147
286 146
287 145
287 144
287 143
288 142
288 141
288 140
289 139
289 138
289 137
289 136
290 135
290 134
291 133
291 132
291 131
291 130
291 129
291 128
291 127
291 126
291 125
291 124
292 123
292 122
292 121
292 120
292 119
292 118
292 117
292 116
292 115
292 114
292 113
292 112
291 111
291 110
291 109
291 108
290 107
290 106
290 105
290 104
289 103
289 102
289 101
289 100
289 99
289 98
288 97
288 96
288 95
288 94
288 93
288 92
288 91
288 90
287 89
287 88
287 87
287 86
287 85
287 84
286 83
286 82
286 81
286 80
287 79
287 78
287 77
287 76
287 75
287 74
287 73
287 72
287 71
287 70
287 69
287 68
287 67
287 66
287 65
287 64
287 63
287 62
287 61
287 60
287 59
286 58
286 57
286 56
286 55
286 54
286 53
285 52
285 51
285 50
285 49
285 48
285 47
284 46
284 45
283 44
283 43
282 42
282 41
281 40
281 39
282 38
283 38
284 39
284 40
284 41
285 42
286 43
287 43
288 43
289 43
290 43
291 42
292 41
292 40
292 39
292 38
292 37
291 36
290 35
289 34
290 33
291 33
292 33
293 32
294 32
295 32
296 31
297 31
298 31
299 31
300 31
301 31
302 31
303 31
304 31
305 31
305 30
305 29
305 28
305 27
305 26
304 25
303 24
302 23
301 23
300 22
299 21
298 21
297 20
296 20
295 19
294 18
293 17
292 17
291 16
290 16
289 15
288 14
287 14
286 14
285 13
285 12
286 11
287 10
288 10
289 9
290 8
290 7
290 6
290 5
290 4
289 3
288 2
287 2
286 2
285 2
284 2
283 2
282 2
281 2
280 2
279 2
278 2
277 2
276 2
275 2
274 2
273 2
272 2
271 2
270 3
269 3
268 3
267 3
266 2
265 1
264 1
263 1
262 1
261 1
260 1
259 1
258 1
