22 1
22 2
22 3
21 4
20 4
19 4
18 5
18 6
18 7
18 8
18 9
17 10
16 11
16 12
16 13
15 14
14 14
13 15
12 16
11 17
11 18
11 19
11 20
12 21
13 21
14 21
15 21
16 20
17 20
18 20
19 21
19 22
19 23
20 23
21 23
22 23
23 23
24 23
25 24
25 25
25 26
25 27
25 28
26 29
26 30
26 31
26 32
25 33
25 34
25 35
25 36
25 37
24 38
24 39
24 40
24 41
24 42
24 43
24 44
23 45
23 46
23 47
23 48
23 49
23 50
23 51
23 52
23 53
23 54
23 55
23 56
23 57
23 58
23 59
23 60
23 61
23 62
23 63
23 64
23 65
23 66
23 67
23 68
23 69
23 70
23 71
24 72
24 73
25 74
25 75
25 76
25 77
25 78
25 79
25 80
26 81
26 82
26 83
27 83
28 84
28 85
29 86
29 87
30 87
31 87
32 87
33 88
33 89
33 90
33 91
34 91
35 91
36 91
36 90
37 89
38 90
39 90
40 91
41 92
42 92
43 93
44 94
45 95
46 96
47 96
48 97
49 97
50 98
51 99
52 100
53 100
54 101
54 102
55 103
56 104
57 105
58 105
59 106
59 107
60 107
61 108
62 108
63 109
64 109
65 110
65 111
65 112
65 113
66 114
66 115
66 116
67 117
67 118
67 119
68 120
68 121
68 122
68 123
68 124
68 125
68 126
68 127
67 128
66 129
65 129
64 130
63 130
62 130
61 131
61 132
61 133
61 134
62 135
62 136
62 137
63 137
64 137
65 137
66 137
67 137
68 137
69 137
70 137
71 136
72 135
73 135
74 134
75 134
76 134
77 133
78 133
79 134
79 135
80 135
81 135
82 135
83 135
84 135
85 135
86 135
87 134
87 133
87 132
88 131
89 131
90 131
91 131
92 131
93 131
94 131
95 131
95 130
95 129
95 128
94 127
93 126
92 126
91 126
90 126
89 125
89 124
89 123
88 122
87 121
87 120
87 119
87 118
86 117
86 116
85 115
85 114
85 113
84 112
84 111
85 110
86 110
87 110
88 110
89 109
90 109
91 108
92 109
93 109
94 109
95 109
96 109
97 109
98 109
98 108
98 107
98 106
99 105
99 104
100 103
101 102
102 101
103 101
104 101
105 101
106 101
107 101
108 100
109 100
110 99
110 98
111 97
112 97
113 97
114 97
115 97
116 96
117 96
118 96
119 96
120 96
121 95
122 95
123 94
124 94
125 93
125 92
126 91
126 90
126 89
127 88
128 88
129 88
130 87
131 86
132 86
133 85
133 84
134 83
134 82
134 81
134 80
135 79
135 78
136 77
137 76
137 75
137 74
137 73
136 73
135 72
134 71
135 70
135 69
136 68
136 67
137 66
137 65
137 64
137 63
137 62
137 61
137 60
136 60
135 60
134 59
134 58
134 57
134 56
134 55
134 54
134 53
133 52
132 51
132 50
132 49
131 48
130 48
129 48
128 47
127 47
126 47
125 47
124 48
123 49
123 50
122 51
121 51
120 52
119 53
118 53
117 53
116 53
115 53
114 53
113 54
112 54
111 55
110 56
109 57
108 58
107 59
106 59
105 60
105 61
104 62
103 62
102 62
102 63
102 64
102 65
103 66
103 67
102 68
101 69
100 69
99 70
98 69
97 68
96 67
95 67
94 66
93 65
92 64
92 63
91 62
90 61
90 60
90 59
90 58
90 57
89 56
88 55
88 54
87 54
86 53
85 52
84 52
83 52
82 51
81 51
80 50
79 49
78 48
77 48
76 47
75 47
74 47
73 47
72 47
71 46
70 45
69 45
68 45
67 44
66 43
66 42
65 42
64 42
63 41
62 41
61 40
60 39
59 39
58 38
57 37
56 37
55 36
54 35
54 34
53 33
53 32
52 31
51 30
51 29
50 28
49 27
49 26
48 25
48 24
47 23
47 22
46 21
46 20
46 19
45 18
44 17
44 16
43 15
42 14
42 13
41 12
40 11
39 10
38 9
37 8
36 8
35 8
34 7
34 6
33 5
33 4
33 3
33 2
32 1
31 1
30 1
29 1
28 1
27 1
26 2
25 1
24 1
23 1
