93 3
92 4
91 4
90 4
89 4
88 5
88 6
87 7
87 8
86 9
86 10
86 11
85 12
85 13
85 14
85 15
85 16
85 17
85 18
84 19
84 20
84 21
83 22
83 23
83 24
83 25
82 26
82 27
82 28
82 29
81 30
80 29
79 29
78 29
77 29
76 29
75 29
74 29
73 29
72 29
71 30
70 30
69 30
68 30
67 30
66 30
65 30
64 30
63 30
62 30
61 30
60 30
59 29
58 28
57 28
56 27
55 26
54 25
54 24
54 23
54 22
54 21
54 20
54 19
54 18
54 17
54 16
53 15
52 14
52 13
51 12
50 11
50 10
49 9
48 9
47 8
47 7
46 6
45 6
44 6
43 6
42 6
41 6
40 6
39 7
38 8
37 8
36 8
35 8
34 9
33 10
32 9
31 9
30 9
29 9
28 10
27 11
27 12
26 13
25 14
24 15
24 16
23 17
23 18
23 19
23 20
22 21
21 22
20 23
20 24
20 25
20 26
21 27
22 27
23 28
24 29
25 30
25 31
26 32
27 33
27 34
28 35
29 36
30 37
30 38
31 39
31 40
31 41
31 42
32 43
32 44
32 45
32 46
32 47
32 48
32 49
32 50
32 51
32 52
32 53
32 54
32 55
33 56
33 57
34 58
35 59
36 60
37 61
38 62
39 63
40 63
41 64
42 64
43 64
44 65
45 66
46 66
47 67
48 67
49 67
50 68
51 69
52 69
53 70
54 70
55 70
56 71
56 72
56 73
57 74
58 75
58 76
58 77
58 78
58 79
57 80
56 81
55 81
54 81
53 81
53 82
53 83
54 84
55 84
56 84
57 84
58 84
59 84
60 84
61 84
62 85
63 85
64 85
65 84
66 84
67 84
67 83
67 82
66 82
65 81
64 80
63 80
62 80
61 79
60 78
61 77
62 76
63 75
64 74
65 74
66 75
67 76
68 76
69 77
70 78
71 79
71 80
71 81
71 82
72 82
73 82
73 81
74 80
75 80
76 81
76 82
77 82
78 82
79 83
80 83
81 83
81 82
81 81
81 80
81 79
81 78
81 77
80 77
79 77
78 77
77 77
76 77
75 77
74 77
73 77
72 76
72 75
71 74
71 73
71 72
72 71
73 71
73 70
74 69
75 69
76 69
77 69
78 69
79 69
80 69
81 69
82 69
83 69
84 69
85 69
86 69
87 69
88 68
89 68
90 68
91 67
92 67
93 67
94 66
94 65
95 64
96 63
97 62
98 61
99 60
100 59
101 58
102 57
102 56
103 55
104 54
105 53
106 52
106 51
106 50
106 49
107 48
108 47
109 46
109 45
109 44
109 43
109 42
109 41
108 40
108 39
108 38
108 37
108 36
108 35
108 34
108 33
108 32
108 31
107 30
107 29
107 28
107 27
106 26
105 25
104 24
104 23
104 22
103 21
103 20
103 19
103 18
103 17
104 16
105 15
106 14
107 13
108 13
107 13
106 12
105 11
105 10
104 9
104 8
104 7
105 6
105 5
105 4
104 4
103 3
102 3
101 3
100 3
99 3
98 3
97 3
96 3
95 3
94 3
