59 52
58 53
57 53
56 53
55 54
54 54
53 55
52 55
51 56
50 56
49 57
48 58
47 59
46 60
45 61
45 62
44 63
44 64
44 65
44 66
44 67
44 68
44 69
44 70
44 71
44 72
44 73
45 74
45 75
46 76
46 77
47 78
47 79
48 80
49 81
50 82
51 83
52 84
53 85
53 86
53 87
53 88
53 89
52 90
52 91
51 92
50 93
49 94
48 95
47 96
46 97
45 98
44 99
44 100
43 101
42 102
42 103
41 104
41 105
41 106
42 107
42 108
42 109
43 110
43 111
43 112
43 113
44 114
44 115
45 116
45 117
46 118
47 119
47 120
48 121
48 122
48 123
48 124
48 125
48 126
48 127
48 128
48 129
48 130
49 131
49 132
49 133
49 134
49 135
48 136
48 137
48 138
47 139
47 140
46 141
46 142
46 143
46 144
46 145
47 146
47 147
47 148
47 149
47 150
47 151
47 152
47 153
48 154
48 155
48 156
49 157
49 158
49 159
49 160
50 161
50 162
50 163
51 164
51 165
52 166
53 167
54 167
55 168
56 169
57 170
58 171
58 172
58 173
58 174
58 175
58 176
58 177
58 178
57 179
57 180
56 181
56 182
55 183
55 184
54 185
54 186
54 187
53 188
53 189
53 190
54 191
54 192
54 193
54 194
55 195
55 196
55 197
56 198
56 199
56 200
56 201
56 202
56 203
55 204
55 205
55 206
55 207
54 208
54 209
54 210
54 211
54 212
54 213
55 214
56 215
57 215
58 216
59 216
60 216
61 216
62 217
63 217
64 217
65 217
66 218
67 218
68 218
69 218
70 218
71 218
72 218
73 218
74 218
75 218
76 218
77 218
78 218
79 218
80 218
81 218
82 218
83 217
84 217
85 216
86 216
87 216
88 216
89 215
90 215
91 215
92 214
93 213
93 212
93 211
92 210
91 209
90 208
89 208
88 208
87 208
86 207
85 207
84 206
83 205
82 204
81 204
80 203
79 202
78 201
77 200
78 199
78 198
78 197
79 196
79 195
79 194
79 193
80 192
80 191
80 190
80 189
81 188
81 187
81 186
81 185
81 184
81 183
81 182
81 181
81 180
82 179
82 178
83 177
83 176
83 175
84 174
84 173
84 172
84 171
84 170
84 169
84 168
84 167
84 166
85 165
86 164
87 163
88 163
89 162
90 162
91 161
92 160
92 159
92 158
93 157
94 156
95 155
96 155
97 155
98 155
99 154
100 154
101 153
102 152
103 152
104 151
104 150
104 149
103 148
103 147
102 146
103 145
104 144
104 143
105 142
105 141
104 141
103 140
102 140
101 139
100 139
99 138
98 137
97 136
96 135
96 134
95 133
95 132
95 131
94 130
94 129
93 128
93 127
93 126
92 125
92 124
92 123
91 122
91 121
90 120
90 119
89 118
89 117
88 116
88 115
88 114
88 113
88 112
88 111
88 110
88 109
88 108
88 107
88 106
87 105
87 104
87 103
87 102
86 101
86 100
86 99
86 98
85 97
85 96
84 95
83 94
82 93
82 92
81 91
81 90
81 89
82 88
82 87
82 86
82 85
83 84
83 83
84 82
84 81
84 80
84 79
83 78
83 77
83 76
84 75
84 74
84 73
84 72
84 71
84 70
84 69
84 68
84 67
84 66
84 65
84 64
83 63
83 62
82 61
81 60
80 59
79 58
78 58
77 57
76 56
75 56
74 55
73 55
72 55
71 54
70 54
69 54
68 53
67 53
66 53
65 53
64 53
63 53
62 53
61 52
60 52
