53 53
52 54
51 54
50 55
49 55
48 56
47 57
46 57
45 58
44 59
43 60
43 61
42 62
42 63
42 64
42 65
41 66
41 67
41 68
41 69
41 70
42 71
42 72
42 73
42 74
43 75
43 76
44 77
44 78
45 79
45 80
46 81
47 82
48 83
49 84
50 85
50 86
50 87
50 88
50 89
49 90
49 91
48 92
47 93
46 94
45 95
44 96
43 97
42 98
42 99
41 100
41 101
40 102
40 103
39 104
39 105
39 106
39 107
39 108
39 109
39 110
39 111
39 112
39 113
39 114
40 115
40 116
40 117
41 118
41 119
42 120
42 121
42 122
42 123
42 124
41 125
41 126
41 127
42 128
42 129
42 130
43 131
43 132
43 133
43 134
44 135
44 136
44 137
45 138
45 139
45 140
45 141
45 142
45 143
45 144
46 145
46 146
46 147
46 148
46 149
46 150
47 151
47 152
47 153
47 154
47 155
48 156
48 157
49 158
49 159
49 160
49 161
50 162
50 163
51 164
51 165
52 166
53 167
54 168
55 169
56 170
57 171
57 172
57 173
57 174
57 175
57 176
57 177
57 178
56 179
56 180
55 181
55 182
54 183
54 184
53 185
53 186
53 187
53 188
53 189
53 190
53 191
54 192
54 193
54 194
54 195
55 196
55 197
55 198
56 199
56 200
56 201
56 202
56 203
56 204
55 205
55 206
55 207
55 208
54 209
54 210
54 211
54 212
54 213
55 214
56 215
57 215
58 216
59 216
60 216
61 216
62 217
63 217
64 217
65 217
66 217
67 218
68 218
69 218
70 218
71 218
72 218
73 218
74 218
75 218
76 218
77 218
78 218
79 218
80 218
81 218
82 218
83 217
84 216
85 215
86 215
87 214
88 214
89 214
90 214
91 214
92 213
93 212
93 211
93 210
92 209
91 208
90 208
89 208
88 208
87 207
86 207
85 206
84 205
83 204
82 204
81 203
80 203
79 202
78 201
77 200
78 199
78 198
78 197
79 196
79 195
79 194
80 193
80 192
80 191
81 190
81 189
81 188
82 187
82 186
82 185
82 184
82 183
82 182
82 181
83 180
83 179
84 178
84 177
85 176
85 175
85 174
85 173
85 172
85 171
85 170
85 169
85 168
85 167
85 166
85 165
86 164
87 163
88 162
89 162
90 161
91 160
92 159
92 158
92 157
92 156
92 155
92 154
93 153
94 152
95 151
95 150
96 149
96 148
96 147
96 146
95 145
95 144
95 143
94 142
94 141
93 140
93 139
93 138
93 137
92 136
92 135
91 134
91 133
91 132
90 131
90 130
90 129
89 128
89 127
89 126
89 125
88 124
88 123
88 122
87 121
87 120
86 119
86 118
85 117
85 116
85 115
85 114
86 113
86 112
86 111
86 110
86 109
85 108
85 107
85 106
84 105
84 104
84 103
84 102
84 101
84 100
83 99
83 98
82 97
82 96
81 95
80 94
79 93
79 92
78 91
79 90
79 89
79 88
79 87
80 86
80 85
81 84
81 83
81 82
82 81
82 80
81 79
81 78
81 77
81 76
81 75
81 74
81 73
81 72
81 71
81 70
81 69
81 68
81 67
81 66
81 65
80 64
80 63
79 62
79 61
78 60
77 59
76 59
75 58
74 57
73 57
72 56
71 55
70 55
69 54
68 54
67 54
66 54
65 54
64 54
63 53
62 53
61 53
60 53
59 53
58 53
57 53
56 53
55 53
54 53
