53 53
52 54
51 54
50 55
49 55
48 56
47 57
46 57
45 58
44 59
43 60
43 61
42 62
42 63
41 64
41 65
41 66
41 67
41 68
41 69
41 70
41 71
41 72
41 73
42 74
42 75
43 76
43 77
44 78
44 79
45 80
46 81
47 82
48 83
49 84
50 85
50 86
50 87
50 88
50 89
49 90
48 91
47 92
46 93
45 94
44 95
43 95
42 96
41 97
41 98
40 99
39 100
39 101
38 102
38 103
37 104
37 105
37 106
37 107
37 108
37 109
37 110
37 111
37 112
37 113
37 114
38 115
38 116
39 117
39 118
39 119
39 120
39 121
39 122
39 123
39 124
38 125
38 126
38 127
39 128
39 129
39 130
39 131
39 132
39 133
40 134
40 135
40 136
40 137
41 138
41 139
41 140
41 141
42 142
42 143
42 144
43 145
43 146
43 147
43 148
43 149
43 150
43 151
43 152
43 153
43 154
43 155
44 156
44 157
45 158
45 159
46 160
46 161
46 162
47 163
47 164
48 165
48 166
49 167
50 168
51 168
52 168
53 169
54 170
55 171
55 172
55 173
55 174
55 175
55 176
55 177
55 178
54 179
54 180
54 181
53 182
53 183
52 184
52 185
52 186
52 187
52 188
52 189
52 190
52 191
52 192
53 193
53 194
53 195
53 196
54 197
54 198
55 199
55 200
55 201
56 202
56 203
56 204
56 205
55 206
55 207
55 208
54 209
54 210
54 211
54 212
54 213
55 214
56 215
57 215
58 216
59 216
60 216
61 216
62 217
63 217
64 217
65 217
66 218
67 218
68 218
69 218
70 218
71 218
72 218
73 218
74 218
75 218
76 218
77 218
78 218
79 218
80 218
81 218
82 218
83 217
84 216
85 216
86 215
87 214
88 214
89 213
90 213
91 212
92 211
92 210
91 209
91 208
90 207
89 207
88 206
87 206
86 206
85 206
84 205
83 205
82 204
81 204
80 203
79 203
78 202
77 201
76 200
77 199
77 198
77 197
77 196
78 195
78 194
79 193
79 192
80 191
80 190
80 189
81 188
81 187
81 186
81 185
81 184
82 183
82 182
82 181
82 180
83 179
83 178
84 177
85 176
85 175
86 174
86 173
86 172
85 171
85 170
85 169
85 168
85 167
84 166
84 165
85 164
86 163
87 162
88 161
89 160
89 159
89 158
88 157
88 156
89 155
89 154
90 153
91 153
92 152
93 151
94 150
94 149
94 148
94 147
93 146
93 145
93 144
92 143
92 142
92 141
91 140
91 139
91 138
91 137
91 136
90 135
90 134
90 133
89 132
89 131
89 130
89 129
88 128
88 127
88 126
88 125
87 124
87 123
87 122
86 121
86 120
85 119
85 118
85 117
85 116
85 115
85 114
85 113
86 112
86 111
86 110
86 109
85 108
85 107
85 106
84 105
84 104
84 103
84 102
84 101
84 100
83 99
83 98
82 97
82 96
81 95
80 94
79 93
79 92
78 91
79 90
79 89
79 88
79 87
80 86
80 85
80 84
81 83
81 82
82 81
82 80
82 79
81 78
81 77
81 76
81 75
81 74
81 73
81 72
81 71
81 70
81 69
81 68
81 67
81 66
81 65
81 64
80 63
80 62
79 61
78 60
77 59
76 58
75 57
74 57
73 56
72 55
71 55
70 55
69 54
68 54
67 54
66 54
65 53
64 53
63 53
62 53
61 53
60 53
59 53
58 53
57 53
56 53
55 53
54 53
