53 53
52 54
51 54
50 55
49 56
48 56
47 57
46 58
45 59
44 60
43 61
43 62
42 63
42 64
42 65
42 66
42 67
42 68
42 69
42 70
42 71
42 72
42 73
42 74
43 75
43 76
44 77
44 78
45 79
46 80
47 81
48 82
49 83
49 84
50 85
50 86
50 87
50 88
50 89
49 90
49 91
48 92
47 93
46 94
45 94
44 95
43 96
42 97
41 98
41 99
40 100
40 101
39 102
39 103
38 104
38 105
38 106
38 107
38 108
39 109
39 110
39 111
39 112
39 113
39 114
39 115
40 116
40 117
40 118
41 119
41 120
41 121
41 122
41 123
41 124
41 125
41 126
41 127
41 128
41 129
41 130
42 131
42 132
42 133
42 134
43 135
43 136
43 137
44 138
44 139
44 140
44 141
44 142
44 143
44 144
44 145
44 146
44 147
44 148
44 149
45 150
45 151
45 152
45 153
46 154
46 155
46 156
47 157
47 158
47 159
47 160
47 161
48 162
48 163
49 164
49 165
50 166
51 167
52 168
53 168
54 169
54 170
55 171
55 172
56 173
56 174
56 175
56 176
55 177
55 178
54 179
54 180
54 181
53 182
53 183
52 184
52 185
52 186
52 187
52 188
52 189
52 190
52 191
52 192
53 193
53 194
53 195
54 196
54 197
55 198
55 199
55 200
55 201
56 202
56 203
56 204
55 205
55 206
55 207
55 208
54 209
54 210
54 211
54 212
54 213
55 214
56 215
57 216
58 216
59 216
60 216
61 216
62 217
63 217
64 217
65 217
66 218
67 218
68 218
69 218
70 218
71 218
72 218
73 218
74 218
75 218
76 218
77 218
78 218
79 218
80 218
81 218
82 218
83 217
84 217
85 216
86 216
87 216
88 215
89 215
90 215
91 215
92 214
93 213
93 212
93 211
92 210
91 209
90 209
89 209
88 209
87 208
86 208
85 207
84 206
83 205
82 205
81 204
80 203
79 202
78 201
78 200
78 199
78 198
79 197
79 196
79 195
80 194
80 193
80 192
81 191
81 190
81 189
81 188
82 187
82 186
82 185
82 184
82 183
82 182
82 181
83 180
83 179
84 178
84 177
85 176
85 175
85 174
85 173
85 172
85 171
85 170
85 169
85 168
85 167
85 166
85 165
86 164
87 163
88 162
89 162
90 161
90 160
91 159
90 158
90 157
90 156
91 155
91 154
92 153
93 152
94 152
95 151
95 150
96 149
96 148
96 147
96 146
95 145
95 144
95 143
94 142
94 141
93 140
93 139
93 138
93 137
93 136
92 135
92 134
91 133
91 132
91 131
90 130
90 129
90 128
89 127
89 126
89 125
89 124
88 123
88 122
87 121
87 120
86 119
86 118
85 117
85 116
85 115
86 114
86 113
86 112
86 111
86 110
86 109
86 108
85 107
85 106
85 105
85 104
84 103
84 102
84 101
84 100
84 99
83 98
83 97
82 96
81 95
80 94
80 93
79 92
79 91
79 90
79 89
80 88
80 87
80 86
80 85
81 84
81 83
82 82
82 81
82 80
82 79
82 78
82 77
82 76
82 75
82 74
82 73
82 72
82 71
82 70
83 69
83 68
83 67
82 66
82 65
82 64
81 63
81 62
80 61
79 60
78 59
77 58
76 58
75 57
74 56
73 56
72 55
71 55
70 54
69 54
68 54
67 53
66 53
65 53
64 53
63 53
62 53
61 53
60 53
59 53
58 53
57 53
56 53
55 53
54 53
