54 53
53 54
52 54
51 55
50 55
49 56
48 57
47 57
46 58
45 59
44 60
44 61
43 62
43 63
42 64
42 65
42 66
42 67
42 68
42 69
42 70
42 71
42 72
42 73
43 74
43 75
43 76
44 77
44 78
45 79
46 80
47 81
48 82
49 83
50 84
50 85
50 86
50 87
50 88
50 89
50 90
49 91
49 92
48 93
47 94
46 95
45 95
44 96
43 97
43 98
42 99
42 100
41 101
41 102
40 103
40 104
39 105
39 106
39 107
40 108
40 109
40 110
41 111
41 112
41 113
41 114
42 115
42 116
42 117
43 118
43 119
43 120
43 121
43 122
43 123
43 124
43 125
43 126
43 127
43 128
43 129
43 130
44 131
44 132
45 133
45 134
45 135
45 136
46 137
46 138
47 139
47 140
47 141
47 142
47 143
47 144
47 145
47 146
48 147
48 148
48 149
48 150
48 151
49 152
49 153
49 154
49 155
49 156
50 157
50 158
51 159
51 160
51 161
51 162
52 163
52 164
53 165
53 166
54 167
55 167
56 168
57 169
57 170
58 171
58 172
59 173
59 174
59 175
59 176
58 177
58 178
57 179
56 180
56 181
55 182
55 183
55 184
54 185
54 186
54 187
54 188
54 189
54 190
54 191
54 192
55 193
55 194
55 195
55 196
56 197
56 198
56 199
56 200
56 201
56 202
56 203
56 204
55 205
55 206
55 207
55 208
54 209
54 210
54 211
54 212
54 213
55 214
56 215
57 215
58 216
59 216
60 216
61 216
62 217
63 217
64 217
65 217
66 218
67 218
68 218
69 218
70 218
71 218
72 218
73 218
74 218
75 218
76 218
77 218
78 218
79 218
80 218
81 218
82 218
83 217
84 216
85 215
86 215
87 214
88 214
89 214
90 214
91 214
92 213
93 212
93 211
93 210
92 209
91 208
90 208
89 208
88 207
87 207
86 207
85 207
84 206
83 206
82 205
81 204
80 203
79 202
78 201
77 200
77 199
78 198
78 197
78 196
79 195
79 194
79 193
80 192
80 191
80 190
80 189
81 188
81 187
81 186
81 185
81 184
81 183
81 182
81 181
82 180
82 179
83 178
83 177
84 176
84 175
85 174
85 173
85 172
85 171
85 170
85 169
85 168
85 167
85 166
85 165
86 164
87 163
88 162
89 162
90 161
91 161
92 160
93 159
93 158
93 157
92 156
92 155
92 154
93 153
94 152
95 151
95 150
96 149
96 148
96 147
96 146
96 145
95 144
95 143
94 142
94 141
94 140
93 139
93 138
93 137
93 136
92 135
92 134
91 133
91 132
91 131
90 130
90 129
90 128
89 127
89 126
89 125
88 124
88 123
88 122
87 121
87 120
86 119
86 118
85 117
85 116
85 115
85 114
85 113
86 112
86 111
86 110
86 109
85 108
85 107
85 106
84 105
84 104
84 103
84 102
84 101
84 100
84 99
83 98
83 97
82 96
81 95
80 94
79 93
79 92
78 91
79 90
79 89
79 88
80 87
80 86
80 85
81 84
81 83
82 82
82 81
82 80
82 79
81 78
81 77
81 76
82 75
82 74
82 73
82 72
82 71
82 70
82 69
82 68
82 67
82 66
82 65
81 64
81 63
80 62
79 61
79 60
78 59
77 59
76 58
75 57
74 56
73 56
72 55
71 55
70 55
69 54
68 54
67 54
66 54
65 54
64 53
63 53
62 53
61 53
60 53
59 53
58 53
57 53
56 53
55 53
