54 53
53 54
52 54
51 55
50 55
49 56
48 56
47 57
46 58
45 59
44 60
43 61
43 62
42 63
42 64
41 65
41 66
41 67
41 68
41 69
41 70
41 71
42 72
42 73
42 74
42 75
43 76
43 77
44 78
45 79
46 80
47 81
48 82
49 83
49 84
50 85
50 86
50 87
50 88
50 89
49 90
48 91
47 92
46 93
45 94
44 95
43 95
42 96
41 97
41 98
40 99
40 100
39 101
39 102
38 103
38 104
38 105
38 106
38 107
38 108
38 109
38 110
38 111
38 112
38 113
38 114
39 115
39 116
40 117
40 118
40 119
40 120
40 121
40 122
40 123
40 124
40 125
40 126
40 127
40 128
40 129
41 130
41 131
41 132
41 133
42 134
42 135
42 136
43 137
43 138
43 139
44 140
44 141
44 142
44 143
44 144
44 145
44 146
44 147
44 148
44 149
45 150
45 151
45 152
45 153
45 154
45 155
45 156
45 157
46 158
46 159
46 160
47 161
47 162
48 163
49 164
49 165
50 166
51 167
52 168
53 169
54 170
55 171
55 172
55 173
55 174
55 175
55 176
55 177
55 178
54 179
54 180
54 181
53 182
53 183
52 184
52 185
52 186
52 187
52 188
52 189
52 190
52 191
52 192
53 193
53 194
53 195
54 196
54 197
54 198
55 199
55 200
55 201
56 202
56 203
56 204
55 205
55 206
55 207
55 208
54 209
54 210
54 211
54 212
54 213
55 214
56 215
57 215
58 216
59 216
60 216
61 216
62 217
63 217
64 217
65 217
66 218
67 218
68 218
69 218
70 218
71 218
72 218
73 218
74 218
75 218
76 218
77 218
78 218
79 218
80 218
81 218
82 217
83 217
84 216
85 216
86 215
87 215
88 215
89 215
90 215
91 215
92 214
93 213
93 212
93 211
92 210
91 209
90 209
89 209
88 208
87 208
86 207
85 207
84 206
83 205
82 205
81 204
80 203
79 202
78 201
78 200
78 199
78 198
79 197
79 196
79 195
80 194
80 193
80 192
81 191
81 190
81 189
82 188
82 187
82 186
82 185
82 184
82 183
82 182
82 181
83 180
83 179
84 178
84 177
85 176
85 175
85 174
85 173
85 172
85 171
85 170
85 169
85 168
85 167
85 166
85 165
86 164
87 163
88 162
89 161
90 160
90 159
90 158
90 157
89 156
90 155
91 154
92 153
93 152
94 152
94 151
95 150
95 149
95 148
95 147
95 146
95 145
95 144
94 143
94 142
93 141
93 140
93 139
93 138
92 137
92 136
92 135
91 134
91 133
91 132
90 131
90 130
90 129
89 128
89 127
89 126
89 125
88 124
88 123
88 122
87 121
87 120
86 119
86 118
85 117
85 116
85 115
85 114
86 113
86 112
86 111
86 110
86 109
86 108
85 107
85 106
85 105
84 104
84 103
84 102
84 101
84 100
84 99
83 98
83 97
82 96
81 95
80 94
79 93
79 92
78 91
79 90
79 89
80 88
80 87
80 86
80 85
81 84
81 83
82 82
82 81
82 80
82 79
81 78
81 77
81 76
81 75
82 74
82 73
82 72
82 71
82 70
82 69
82 68
82 67
82 66
82 65
81 64
81 63
80 62
80 61
79 60
78 59
77 58
76 57
75 57
74 56
73 56
72 56
71 55
70 55
69 54
68 54
67 54
66 53
65 53
64 53
63 53
62 53
61 53
60 53
59 53
58 53
57 53
56 53
55 53
