174 81
173 82
172 82
171 82
170 82
169 82
168 83
167 83
166 83
165 84
164 84
163 85
162 85
161 86
160 87
160 88
161 89
161 90
161 91
162 92
163 93
164 93
165 94
166 94
167 94
168 94
169 94
170 94
171 94
172 94
173 95
172 96
172 97
172 98
173 98
174 99
175 100
175 101
175 102
174 103
173 104
173 105
173 106
173 107
172 108
171 108
170 108
169 109
168 109
167 110
166 110
165 110
164 111
163 111
162 111
161 111
160 111
159 111
158 111
157 111
156 111
155 111
154 112
153 112
152 112
151 112
150 112
149 112
148 112
147 113
146 113
145 113
144 113
143 114
142 114
141 114
140 115
139 115
138 115
137 116
136 116
135 116
134 117
133 117
132 118
131 118
130 119
129 119
128 120
127 121
126 122
125 122
124 123
123 124
122 125
121 126
120 126
120 127
119 128
118 129
117 130
116 131
116 132
115 133
115 134
114 135
114 136
113 137
113 138
112 139
112 140
111 141
111 142
111 143
110 144
110 145
109 146
109 147
109 148
109 149
108 150
108 151
107 152
107 153
107 154
107 155
106 156
106 157
105 158
105 159
105 160
104 161
104 162
104 163
104 164
103 165
103 166
103 167
103 168
103 169
103 170
103 171
103 172
103 173
103 174
103 175
103 176
103 177
103 178
103 179
103 180
103 181
103 182
103 183
103 184
103 185
103 186
104 187
105 188
106 188
107 188
108 189
109 189
110 190
111 190
112 190
113 191
114 191
115 192
116 192
117 193
118 193
119 193
120 193
121 193
122 193
123 193
124 193
125 193
126 193
127 193
128 193
129 193
130 193
131 193
132 193
133 193
134 193
135 193
136 193
137 193
138 194
138 195
138 196
138 197
138 198
138 199
138 200
137 201
136 201
136 202
135 203
134 203
133 204
132 204
131 205
130 205
129 206
128 206
127 207
126 207
125 207
124 208
123 208
122 208
121 208
120 208
119 209
118 209
117 209
116 210
115 210
114 210
113 210
112 210
111 210
110 209
110 208
109 207
109 206
109 205
109 204
109 203
108 202
107 201
106 201
105 201
104 201
103 202
102 202
101 203
101 204
100 205
100 206
99 207
99 208
100 209
100 210
101 211
102 212
103 212
104 213
105 213
106 213
107 213
108 213
109 213
110 213
111 213
112 213
113 213
114 213
115 213
116 213
117 213
118 213
119 213
120 213
121 213
122 213
123 213
124 212
125 212
126 212
127 212
128 212
129 211
130 211
131 211
132 211
133 211
134 211
135 210
136 210
137 210
138 210
139 210
140 210
141 209
142 209
143 209
144 209
145 209
146 209
147 208
148 208
149 208
150 208
151 208
152 208
153 207
154 207
155 207
156 207
157 207
158 207
159 206
160 206
161 206
162 206
163 205
164 205
165 205
166 205
167 204
168 204
169 204
170 204
171 204
172 203
173 203
174 203
175 203
176 203
177 203
178 203
179 203
180 203
181 203
182 203
183 202
184 202
185 201
186 200
186 199
186 198
186 197
186 196
186 195
186 194
186 193
187 192
188 191
189 191
190 191
191 191
192 191
193 191
194 191
195 191
196 191
197 191
198 191
199 191
200 191
201 191
202 191
203 191
204 191
205 191
206 191
207 191
208 191
209 191
210 191
211 191
212 191
213 191
214 191
215 191
216 191
217 191
218 191
219 191
220 191
221 190
222 190
223 190
224 190
225 190
226 189
227 189
228 189
229 189
230 188
231 188
232 188
233 187
234 187
235 187
236 186
237 186
238 186
239 186
240 185
241 185
242 185
243 184
244 184
245 183
246 183
246 182
247 181
246 180
245 179
245 178
245 177
245 176
245 175
245 174
245 173
245 172
245 171
245 170
244 169
243 168
242 168
241 168
240 168
239 169
238 169
237 170
236 170
235 170
234 169
234 168
234 167
234 166
234 165
235 164
236 163
237 163
238 162
239 161
240 161
241 160
242 160
243 159
244 159
245 158
246 158
247 157
248 157
249 156
250 156
251 155
252 155
253 154
254 153
255 152
256 152
257 151
258 150
259 150
260 149
261 149
262 148
263 148
264 147
265 146
266 146
267 146
268 145
269 145
270 144
271 143
272 143
273 142
274 141
275 141
276 140
277 140
278 139
279 139
280 138
281 138
282 138
283 137
284 137
285 137
286 137
287 136
288 136
289 135
290 134
291 133
291 132
292 131
291 130
290 129
289 129
288 129
287 129
286 129
285 129
284 129
283 129
282 129
281 129
280 129
279 130
278 130
277 130
276 130
275 131
274 131
273 131
272 132
271 132
270 132
269 133
268 133
267 133
266 133
265 133
264 134
263 134
262 134
261 134
260 134
259 134
258 135
257 135
256 135
255 135
254 135
253 135
252 135
251 135
250 135
249 135
248 135
247 135
246 135
245 135
244 135
243 135
242 135
241 135
240 135
239 135
238 135
237 135
236 135
235 135
234 135
233 135
232 135
231 135
230 135
229 135
228 135
227 135
226 135
225 135
224 134
223 133
222 132
221 131
221 130
220 129
219 128
218 127
218 126
219 125
220 125
221 125
222 125
223 125
224 125
225 125
226 125
227 125
228 124
229 124
230 124
231 123
232 123
232 122
233 121
233 120
232 119
232 118
232 117
231 116
231 115
230 114
230 113
230 112
229 111
228 110
227 109
226 109
225 108
224 108
223 108
222 108
221 108
220 108
219 108
218 108
217 108
216 108
215 108
214 108
213 108
212 108
211 109
210 109
209 109
208 109
207 109
206 109
205 109
204 109
203 109
202 109
201 109
200 109
199 109
198 109
197 109
196 109
195 109
194 109
193 109
192 109
191 109
190 109
189 109
188 109
187 109
186 109
185 109
184 109
183 108
182 107
181 107
180 106
180 105
180 104
180 103
180 102
180 101
181 100
182 100
183 100
184 99
185 98
185 97
185 96
185 95
184 94
183 93
182 93
181 93
180 92
180 91
180 90
181 89
182 88
183 88
184 87
185 87
186 86
186 85
187 84
187 83
186 82
185 81
184 81
183 81
182 81
181 81
180 81
179 81
178 81
177 81
176 81
175 81
