166 90
165 91
164 91
163 92
162 92
161 92
160 93
159 93
158 94
157 94
156 94
155 94
154 94
153 94
152 95
152 96
153 97
154 97
155 97
156 97
157 97
158 98
159 98
160 99
161 99
162 100
163 100
164 100
165 100
166 100
167 100
168 100
169 101
169 102
169 103
168 104
168 105
168 106
167 107
167 108
166 109
167 110
167 111
167 112
167 113
167 114
167 115
167 116
167 117
167 118
167 119
166 120
165 120
164 120
163 120
162 120
161 121
160 121
159 121
158 121
157 121
156 121
155 121
154 121
153 121
152 121
151 121
150 121
149 121
148 121
147 121
146 121
145 121
144 121
143 122
142 122
141 122
140 122
139 122
138 122
137 123
136 123
135 123
134 124
133 124
132 124
131 124
130 124
129 125
128 125
127 125
126 125
125 126
124 126
123 126
122 127
121 127
120 127
119 128
118 128
117 129
116 129
115 130
114 131
113 131
112 132
111 132
110 133
109 134
108 134
107 135
106 136
105 137
104 137
103 138
102 139
101 140
100 141
99 142
98 143
97 144
96 145
95 146
94 147
93 148
92 149
92 150
91 151
90 152
89 153
88 154
88 155
87 156
86 157
85 158
85 159
84 160
83 161
83 162
82 163
82 164
82 165
81 166
81 167
81 168
80 169
80 170
80 171
80 172
80 173
80 174
79 175
79 176
79 177
79 178
79 179
79 180
79 181
79 182
79 183
79 184
79 185
79 186
79 187
79 188
79 189
80 190
80 191
81 192
81 193
82 194
83 194
84 195
85 195
86 196
87 196
88 197
89 197
90 197
91 197
92 197
93 197
94 197
95 197
96 197
97 197
98 198
99 198
100 198
101 198
102 198
103 198
104 198
105 199
106 199
107 199
108 199
109 199
110 199
111 199
112 199
113 200
114 200
115 200
116 200
117 200
118 200
119 200
120 200
121 200
122 200
123 200
124 200
125 200
126 200
127 200
128 200
129 201
130 202
130 203
130 204
130 205
130 206
130 207
129 208
128 207
128 208
127 209
126 210
125 210
124 210
123 211
122 211
121 211
120 211
119 212
118 212
117 212
116 212
115 213
114 213
113 213
112 213
111 213
110 213
109 213
108 213
107 214
107 215
106 216
105 216
104 216
103 215
103 214
102 213
102 212
101 211
100 210
100 209
99 209
98 208
97 208
96 208
95 208
94 208
93 208
92 209
91 210
91 211
90 212
90 213
89 214
90 215
91 216
92 216
93 216
94 216
95 216
96 216
97 216
98 216
99 216
100 216
101 216
102 216
103 216
104 216
105 216
106 216
107 216
108 216
109 216
110 216
111 216
112 216
113 216
114 216
115 216
116 216
117 215
118 215
119 215
120 215
121 215
122 215
123 215
124 215
125 215
126 215
127 215
128 215
129 215
130 215
131 215
132 215
133 215
134 215
135 215
136 215
137 214
138 214
139 214
140 214
141 214
142 214
143 214
144 214
145 214
146 213
147 213
148 213
149 213
150 213
151 213
152 213
153 213
154 213
155 213
156 212
157 212
158 212
159 212
160 212
161 212
162 212
163 212
164 212
165 211
166 211
167 211
168 211
169 211
170 211
171 211
172 211
173 211
174 211
175 211
176 211
177 210
178 210
179 210
180 210
181 210
182 210
183 209
184 209
184 208
185 207
185 206
185 205
185 204
185 203
185 202
185 201
185 200
186 199
187 198
188 198
189 197
190 197
191 196
192 196
193 196
194 196
195 196
196 195
197 195
198 195
199 195
200 195
201 194
202 194
203 194
204 194
205 194
206 194
207 194
208 194
209 194
210 193
211 193
212 193
213 193
214 193
215 192
216 192
217 192
218 192
219 192
220 191
221 191
222 191
223 191
224 190
225 190
226 190
227 190
228 190
229 190
230 189
231 189
232 189
233 188
233 187
233 186
233 185
233 184
233 183
233 182
233 181
233 180
233 179
233 178
233 177
232 176
231 175
230 175
229 175
228 175
227 175
226 175
225 175
224 175
223 175
222 176
221 176
220 175
220 174
220 173
220 172
220 171
220 170
221 169
222 169
223 168
224 168
225 168
226 168
227 168
228 168
229 168
230 168
231 167
232 167
233 167
234 167
235 166
236 166
237 166
238 166
239 166
240 166
241 166
242 166
243 166
244 166
245 165
246 165
247 165
248 165
249 165
250 165
251 165
252 165
253 165
254 164
255 164
256 164
257 164
258 164
259 163
260 163
261 162
262 161
263 161
264 160
265 160
266 160
267 159
268 159
269 158
270 158
271 158
272 157
273 157
274 156
275 156
276 156
277 155
278 155
279 154
280 154
281 154
282 153
283 153
284 153
285 152
286 152
287 152
288 152
289 151
290 151
291 151
292 150
293 150
294 150
295 149
296 149
297 149
298 148
299 148
300 147
301 147
302 146
303 146
304 145
305 145
306 144
307 144
308 144
309 143
310 143
311 142
312 142
313 141
314 141
315 140
316 139
317 138
317 137
318 136
318 135
318 134
317 133
316 133
315 133
314 133
313 133
312 133
311 133
310 133
309 133
308 133
307 133
306 133
305 133
304 133
303 133
302 133
301 133
300 133
299 133
298 133
297 133
296 133
295 133
294 133
293 133
292 133
291 133
290 133
289 133
288 133
287 133
286 133
285 133
284 133
283 133
282 133
281 134
280 134
279 134
278 134
277 134
276 134
275 134
274 134
273 134
272 135
271 135
270 135
269 135
268 136
267 136
266 136
265 136
264 136
263 136
262 137
261 137
260 137
259 137
258 138
257 138
256 138
255 138
254 138
253 138
252 138
251 138
250 138
249 138
248 138
247 138
246 138
245 139
244 139
243 139
242 139
241 139
240 139
239 139
238 139
237 140
236 140
235 140
234 140
233 140
232 140
231 140
230 140
229 140
228 140
227 140
226 140
225 139
224 138
223 137
222 137
221 136
221 135
222 134
223 134
224 133
225 133
226 133
227 133
228 132
229 132
230 132
231 132
232 132
233 132
234 131
235 130
235 129
236 128
236 127
236 126
235 125
234 125
233 124
232 123
232 122
231 122
230 121
229 121
228 121
227 121
226 121
225 121
224 121
223 121
222 121
221 121
220 121
219 121
218 121
217 121
216 121
215 121
214 121
213 120
212 120
211 120
210 120
209 120
208 120
207 119
206 119
205 118
204 117
203 116
202 116
201 115
200 115
199 115
198 115
197 115
196 115
195 115
194 115
193 115
192 115
191 115
190 115
189 115
188 115
187 116
186 116
186 117
185 118
184 118
183 118
182 118
181 118
180 118
179 118
178 118
177 118
176 118
175 117
174 116
174 115
173 114
173 113
173 112
173 111
173 110
173 109
173 108
173 107
173 106
174 105
175 105
176 105
177 104
178 103
177 102
177 101
177 100
178 99
179 98
180 98
181 97
182 97
182 96
182 95
181 94
180 93
179 92
178 92
177 91
176 91
175 90
174 90
173 90
172 90
171 90
170 90
169 90
168 90
167 90
