168 87
167 88
166 88
165 88
164 89
163 89
162 90
161 90
160 91
159 91
159 92
158 93
159 94
159 95
160 95
161 96
162 96
163 96
164 96
165 96
166 96
167 96
168 97
169 98
169 99
169 100
169 101
169 102
169 103
169 104
169 105
169 106
170 107
171 108
172 108
173 108
174 109
175 110
175 111
175 112
175 113
175 114
175 115
175 116
175 117
175 118
175 119
175 120
174 121
173 121
172 121
171 121
170 121
169 121
168 121
167 121
166 121
165 121
164 121
163 121
162 121
161 121
160 121
159 121
158 121
157 121
156 121
155 121
154 121
153 121
152 121
151 121
150 121
149 121
148 121
147 121
146 121
145 121
144 121
143 121
142 121
141 121
140 121
139 121
138 121
137 121
136 121
135 121
134 121
133 121
132 121
131 122
130 122
129 122
128 122
127 122
126 122
125 123
124 123
123 123
122 124
121 124
120 125
119 125
118 126
117 126
116 127
115 127
114 128
113 129
112 130
111 131
110 132
109 133
108 134
107 134
106 135
105 136
104 137
103 138
102 139
101 140
100 141
100 142
99 143
98 144
98 145
97 146
96 147
96 148
95 149
95 150
94 151
94 152
93 153
93 154
93 155
92 156
92 157
91 158
91 159
91 160
90 161
90 162
90 163
90 164
90 165
89 166
89 167
89 168
89 169
89 170
89 171
89 172
89 173
89 174
89 175
89 176
89 177
89 178
89 179
89 180
89 181
89 182
89 183
89 184
89 185
90 186
90 187
90 188
90 189
91 190
92 191
93 192
94 192
95 193
96 193
97 193
98 193
99 194
100 194
101 194
102 195
103 195
104 195
105 195
106 195
107 195
108 195
109 195
110 195
111 196
112 196
113 196
114 196
115 196
116 196
117 196
118 196
119 196
120 196
121 196
122 196
123 196
124 196
125 196
126 196
127 196
128 196
129 196
130 196
131 196
132 196
133 196
134 196
135 196
136 196
137 196
138 197
138 198
138 199
138 200
138 201
137 202
136 202
136 203
135 204
135 205
135 206
135 207
134 208
133 208
132 209
131 209
130 209
129 210
128 210
127 211
126 211
125 211
124 211
123 211
122 211
121 211
120 211
119 211
118 211
117 211
116 211
115 211
114 211
113 211
112 211
111 212
110 212
109 212
108 212
107 212
106 212
105 211
105 210
105 209
105 208
104 207
104 206
103 205
102 204
101 205
100 205
99 205
98 206
97 206
96 207
95 208
95 209
94 210
95 211
95 212
96 213
96 214
97 214
98 215
99 215
100 215
101 215
102 215
103 216
104 216
105 216
106 216
107 216
108 216
109 216
110 216
111 216
112 216
113 216
114 216
115 216
116 216
117 216
118 216
119 216
120 215
121 215
122 215
123 215
124 215
125 215
126 215
127 214
128 214
129 214
130 214
131 213
132 213
133 213
134 213
135 213
136 212
137 212
138 212
139 212
140 212
141 212
142 212
143 211
144 211
145 211
146 211
147 211
148 211
149 210
150 210
151 210
152 210
153 210
154 210
155 210
156 209
157 209
158 209
159 209
160 209
161 209
162 209
163 209
164 209
165 208
166 208
167 208
168 208
169 208
170 208
171 208
172 208
173 208
174 208
175 208
176 208
177 208
178 208
179 208
180 208
181 207
182 207
183 207
184 207
185 207
186 207
187 207
188 207
189 206
190 205
190 204
190 203
190 202
190 201
190 200
190 199
190 198
190 197
190 196
191 195
192 194
193 194
194 193
195 192
196 192
197 191
198 191
199 191
200 191
201 191
202 191
203 191
204 191
205 191
206 191
207 191
208 191
209 191
210 191
211 191
212 191
213 191
214 191
215 191
216 191
217 191
218 191
219 191
220 191
221 191
222 191
223 191
224 191
225 191
226 191
227 191
228 191
229 190
230 190
231 190
232 189
233 189
234 189
235 189
236 188
237 188
238 187
239 187
239 186
240 185
240 184
240 183
240 182
240 181
240 180
240 179
240 178
239 177
238 176
237 176
236 176
235 176
234 176
233 176
232 176
231 176
230 176
229 177
228 177
227 177
226 176
226 175
226 174
226 173
226 172
226 171
226 170
226 169
227 168
228 168
229 167
230 167
231 167
232 166
233 166
234 166
235 166
236 165
237 165
238 164
239 164
240 163
241 163
242 163
243 162
244 162
245 161
246 161
247 160
248 160
249 159
250 159
251 159
252 158
253 158
254 157
255 157
256 156
257 156
258 155
259 155
260 154
261 153
262 153
263 152
264 152
265 151
266 151
267 150
268 150
269 149
270 149
271 148
272 148
273 147
274 147
275 147
276 146
277 146
278 146
279 145
280 145
281 145
282 144
283 144
284 143
285 143
286 143
287 143
288 142
289 142
290 142
291 142
292 141
293 141
294 141
295 140
296 140
297 140
298 140
299 139
300 139
301 139
302 139
303 139
304 138
305 138
306 137
307 137
307 136
308 135
308 134
307 133
306 132
305 132
304 132
303 132
302 132
301 132
300 132
299 132
298 132
297 132
296 132
295 132
294 132
293 132
292 133
291 133
290 133
289 133
288 134
287 134
286 134
285 134
284 134
283 135
282 135
281 135
280 135
279 135
278 135
277 136
276 136
275 136
274 136
273 136
272 136
271 136
270 136
269 136
268 136
267 136
266 136
265 136
264 136
263 136
262 136
261 136
260 136
259 136
258 137
257 137
256 137
255 137
254 137
253 137
252 137
251 137
250 137
249 137
248 137
247 137
246 137
245 137
244 137
243 137
242 137
241 137
240 137
239 137
238 137
237 137
236 137
235 137
234 137
233 137
232 137
231 137
230 137
229 137
228 137
227 137
226 137
225 136
225 135
225 134
225 133
226 132
227 132
228 132
229 131
230 131
231 131
232 131
233 131
234 130
235 130
236 130
237 129
238 129
239 128
240 128
240 127
241 126
240 125
240 124
239 124
238 123
237 122
236 121
235 120
234 120
233 120
232 120
231 120
230 120
229 120
228 120
227 120
226 120
225 120
224 120
223 120
222 120
221 120
220 120
219 120
218 119
217 118
217 117
216 116
215 115
214 114
213 114
212 114
211 114
210 114
209 114
208 114
207 114
206 114
205 114
204 114
203 114
202 114
201 114
200 114
199 114
198 114
197 114
196 114
195 114
194 114
193 115
192 115
191 116
191 117
190 118
189 119
188 120
187 120
186 120
185 120
184 120
183 119
183 118
182 117
182 116
182 115
182 114
182 113
182 112
182 111
181 110
181 109
181 108
180 107
180 106
180 105
180 104
180 103
181 102
181 101
181 100
181 99
181 98
181 97
181 96
181 95
182 94
183 94
184 94
185 93
186 93
187 92
188 91
188 90
188 89
187 88
186 87
185 87
184 87
183 87
182 87
181 87
180 87
179 87
178 87
177 87
176 87
175 87
174 87
173 87
172 87
171 87
170 87
169 87
