180 82
179 83
178 83
177 83
176 83
175 83
174 83
173 83
172 84
171 84
170 84
169 85
168 85
167 86
166 87
165 87
164 88
163 89
162 90
161 91
160 92
160 93
161 94
162 95
163 95
164 95
165 95
166 95
167 95
168 95
169 95
170 95
171 95
172 95
173 95
174 96
174 97
173 98
173 99
172 100
172 101
172 102
173 103
174 104
175 104
176 104
177 104
178 105
178 106
178 107
178 108
178 109
178 110
178 111
178 112
177 113
176 113
175 114
174 114
173 114
172 114
171 114
170 114
169 114
168 114
167 114
166 114
165 114
164 114
163 114
162 115
161 115
160 115
159 115
158 115
157 115
156 115
155 115
154 115
153 115
152 115
151 115
150 115
149 116
148 116
147 117
146 117
145 117
144 117
143 118
142 118
141 119
140 119
139 119
138 120
137 120
136 121
135 121
134 122
133 122
132 123
131 123
130 123
129 124
128 124
127 125
126 125
125 126
124 126
123 127
122 128
121 128
120 129
119 130
118 130
117 131
116 132
115 133
114 134
113 135
112 136
111 137
110 138
109 139
109 140
108 141
107 142
107 143
106 144
106 145
105 146
104 147
104 148
103 149
103 150
103 151
102 152
102 153
101 154
101 155
101 156
100 157
100 158
100 159
100 160
100 161
99 162
99 163
99 164
99 165
99 166
99 167
98 168
98 169
98 170
98 171
98 172
98 173
98 174
98 175
97 176
97 177
97 178
97 179
98 180
98 181
99 182
99 183
100 184
101 185
102 186
103 187
103 188
104 188
105 189
106 189
107 189
108 190
109 190
110 191
111 191
112 191
113 191
114 191
115 191
116 191
117 191
118 191
119 191
120 191
121 191
122 191
123 191
124 191
125 191
126 191
127 191
128 191
129 191
130 191
131 191
132 191
133 191
134 191
135 191
136 191
137 191
138 191
139 192
139 193
139 194
139 195
139 196
139 197
139 198
139 199
139 200
139 201
139 202
138 203
137 204
136 204
135 204
134 204
133 205
132 205
131 206
130 206
129 207
128 207
127 208
126 208
125 209
124 209
123 209
122 210
121 210
120 211
120 212
119 213
118 213
117 213
116 213
115 213
114 213
113 213
112 212
112 211
111 210
110 209
109 208
109 207
108 206
108 205
108 204
107 203
107 202
106 202
105 201
104 202
103 203
103 204
102 205
102 206
102 207
101 208
101 209
102 210
102 211
103 212
104 212
105 213
106 213
107 213
108 213
109 213
110 213
111 213
112 213
113 213
114 213
115 213
116 213
117 213
118 213
119 213
120 213
121 212
122 212
123 212
124 212
125 211
126 211
127 211
128 211
129 211
130 211
131 211
132 211
133 211
134 211
135 210
136 210
137 210
138 210
139 210
140 210
141 210
142 209
143 209
144 209
145 209
146 209
147 209
148 209
149 209
150 209
151 209
152 209
153 209
154 209
155 209
156 209
157 209
158 209
159 209
160 209
161 209
162 209
163 209
164 209
165 209
166 209
167 209
168 209
169 209
170 209
171 209
172 209
173 209
174 209
175 209
176 209
177 209
178 209
179 209
180 209
181 209
182 208
183 208
184 208
185 208
186 207
187 206
187 205
188 204
188 203
188 202
188 201
188 200
188 199
188 198
188 197
189 196
190 196
191 196
192 196
193 196
194 196
195 195
196 195
197 195
198 195
199 195
200 194
201 194
202 194
203 194
204 194
205 194
206 194
207 193
208 193
209 193
210 193
211 193
212 192
213 192
214 192
215 192
216 191
217 191
218 191
219 191
220 191
221 190
222 190
223 190
224 190
225 190
226 190
227 190
228 189
229 189
230 189
231 189
232 189
233 189
234 188
235 188
236 188
237 188
238 188
239 188
240 188
241 188
242 187
243 187
244 186
245 186
245 185
246 184
246 183
247 182
247 181
246 180
245 179
244 178
244 177
244 176
244 175
244 174
244 173
243 172
242 171
241 171
240 171
239 171
238 171
237 171
236 170
236 169
236 168
236 167
236 166
237 165
238 164
239 164
240 164
241 163
242 163
243 163
244 162
245 162
246 161
247 161
248 160
249 159
250 159
251 158
252 157
253 157
254 156
255 155
256 154
257 154
258 153
259 153
260 152
261 152
262 152
263 151
264 151
265 151
266 150
267 150
268 150
269 150
270 149
271 149
272 149
273 148
274 148
275 147
276 147
277 147
278 146
279 146
280 145
281 145
282 144
283 144
284 144
285 143
286 143
287 143
288 143
289 143
290 142
291 142
292 142
293 141
294 141
295 140
296 140
297 139
298 139
299 138
300 137
301 136
302 136
303 135
303 134
304 133
305 132
306 131
305 130
305 129
304 129
303 128
302 128
301 128
300 128
299 127
298 127
297 128
296 128
295 128
294 129
293 129
292 130
291 131
290 131
289 132
288 132
287 133
286 133
285 133
284 133
283 133
282 133
281 133
280 134
279 134
278 134
277 134
276 134
275 134
274 134
273 134
272 134
271 134
270 134
269 134
268 134
267 134
266 134
265 134
264 134
263 134
262 134
261 134
260 134
259 134
258 134
257 134
256 134
255 134
254 134
253 134
252 134
251 134
250 134
249 134
248 134
247 134
246 134
245 134
244 134
243 134
242 134
241 134
240 134
239 134
238 134
237 134
236 134
235 134
234 134
233 135
232 135
231 135
230 135
229 135
228 135
227 135
226 135
225 134
224 133
223 132
223 131
224 130
225 130
226 130
227 129
228 129
229 129
230 129
231 129
232 129
233 128
234 128
235 128
236 127
237 126
237 125
237 124
237 123
237 122
237 121
237 120
237 119
237 118
236 117
235 116
234 116
233 116
232 116
231 116
230 116
229 116
228 116
227 116
226 116
225 116
224 116
223 115
223 114
223 113
223 112
222 111
222 110
221 110
220 109
219 109
218 109
217 110
216 110
215 110
214 111
213 111
212 111
211 111
210 111
209 111
208 111
207 111
206 111
205 111
204 111
203 111
202 111
201 111
200 111
199 111
198 111
197 110
196 110
195 110
194 110
193 110
192 110
191 110
190 110
189 110
188 110
187 110
186 109
186 108
186 107
185 106
185 105
184 104
184 103
184 102
185 101
186 100
187 99
186 98
186 97
185 97
184 96
184 95
185 94
186 93
187 93
188 92
189 91
190 91
191 90
192 89
192 88
193 87
193 86
193 85
193 84
192 83
191 82
190 82
189 82
188 82
187 82
186 82
185 82
184 82
183 82
182 82
181 82
