165 87
164 88
163 89
163 90
163 91
164 92
164 93
165 94
166 94
167 95
168 95
169 95
170 95
171 95
172 96
173 96
174 97
175 98
176 99
176 100
176 101
176 102
175 103
174 104
173 104
173 105
173 106
172 107
173 107
174 107
175 107
176 108
176 109
176 110
176 111
176 112
176 113
176 114
176 115
175 116
174 116
173 116
172 116
171 116
170 116
169 116
168 116
167 116
166 116
165 116
164 116
163 116
162 116
161 116
160 116
159 116
158 116
157 115
156 115
155 115
154 115
153 115
152 115
151 115
150 115
149 115
148 115
147 115
146 115
145 115
144 115
143 115
142 115
141 115
140 115
139 115
138 115
137 115
136 116
135 116
134 116
133 117
132 117
131 117
130 118
129 118
128 119
127 119
126 120
125 120
124 121
123 121
122 122
121 123
120 124
119 124
118 125
117 126
116 127
115 128
114 129
113 130
112 130
111 131
110 132
109 133
108 134
107 135
106 136
105 137
105 138
104 139
103 140
103 141
102 142
102 143
101 144
101 145
100 146
100 147
99 148
99 149
99 150
98 151
98 152
98 153
98 154
97 155
97 156
97 157
97 158
97 159
97 160
97 161
97 162
97 163
97 164
97 165
97 166
96 167
96 168
96 169
96 170
96 171
96 172
96 173
96 174
96 175
96 176
96 177
96 178
96 179
96 180
96 181
96 182
96 183
96 184
96 185
97 186
97 187
97 188
98 189
98 190
99 191
100 192
101 192
102 193
103 193
104 193
105 193
106 193
107 193
108 193
109 193
110 193
111 193
112 193
113 193
114 193
115 193
116 193
117 193
118 193
119 193
120 193
121 193
122 193
123 193
124 193
125 193
126 193
127 193
128 193
129 193
130 193
131 193
132 193
133 193
134 193
135 193
136 193
137 193
138 193
139 193
140 193
141 194
141 195
141 196
141 197
141 198
141 199
141 200
141 201
141 202
141 203
141 204
140 205
139 205
138 205
137 205
136 206
135 206
134 206
133 206
132 206
131 206
130 206
129 206
128 207
127 207
126 207
125 208
124 208
123 209
122 209
122 210
122 211
121 212
120 212
119 212
118 212
117 212
116 212
115 212
114 212
113 211
113 210
112 209
111 209
110 208
109 207
108 206
107 205
106 204
105 203
104 202
103 202
102 201
101 201
100 201
99 202
98 202
97 203
96 204
96 205
95 206
95 207
95 208
95 209
96 210
97 211
98 211
99 211
100 211
101 211
102 211
103 211
104 211
105 211
106 211
107 212
108 212
109 212
110 212
111 212
112 212
113 212
114 212
115 212
116 212
117 212
118 212
119 212
120 212
121 212
122 212
123 212
124 212
125 212
126 212
127 212
128 212
129 212
130 212
131 212
132 212
133 212
134 212
135 212
136 212
137 212
138 212
139 212
140 212
141 212
142 212
143 212
144 212
145 212
146 212
147 212
148 212
149 212
150 212
151 212
152 212
153 212
154 212
155 212
156 212
157 212
158 212
159 212
160 212
161 212
162 212
163 212
164 212
165 212
166 212
167 212
168 212
169 212
170 212
171 211
172 211
173 211
174 211
175 211
176 210
177 210
178 210
179 210
180 210
181 210
182 209
183 209
184 209
185 209
186 209
187 208
188 208
189 207
190 207
190 206
190 205
190 204
189 203
189 202
189 201
189 200
189 199
189 198
189 197
189 196
189 195
190 194
191 194
192 194
193 193
194 193
195 193
196 193
197 193
198 193
199 193
200 193
201 193
202 193
203 193
204 193
205 193
206 193
207 193
208 193
209 193
210 193
211 193
212 193
213 193
214 193
215 193
216 193
217 193
218 193
219 193
220 193
221 193
222 193
223 193
224 193
225 193
226 193
227 193
228 193
229 193
230 193
231 193
232 193
233 193
234 193
235 193
236 193
237 192
238 192
239 192
240 192
241 192
242 191
243 191
244 191
245 191
246 190
247 189
247 188
247 187
247 186
247 185
247 184
246 183
246 182
245 181
244 180
243 179
242 179
241 178
241 177
241 176
241 175
240 174
239 173
238 173
237 173
236 173
235 173
234 172
234 171
234 170
234 169
235 168
236 167
237 166
238 166
239 166
240 166
241 165
242 165
243 165
244 165
245 164
246 164
247 163
248 163
249 163
250 163
251 163
252 162
253 162
254 162
255 162
256 162
257 161
258 161
259 160
260 160
261 159
262 159
263 158
264 158
265 157
266 157
267 157
268 157
269 156
270 156
271 155
272 155
273 154
274 153
275 153
276 152
277 152
278 151
279 151
280 150
281 150
282 149
283 148
284 148
285 147
286 147
287 146
288 146
289 145
290 145
291 145
292 144
293 144
294 143
295 143
296 142
297 142
298 142
299 141
300 141
301 141
302 141
303 140
304 140
305 139
306 139
307 139
308 138
309 138
310 138
311 137
312 137
313 137
314 136
315 136
316 135
317 134
317 133
317 132
316 131
315 131
314 131
313 131
312 131
311 131
310 131
309 131
308 131
307 131
306 131
305 131
304 131
303 131
302 131
301 131
300 131
299 131
298 131
297 131
296 131
295 131
294 131
293 131
292 131
291 131
290 131
289 131
288 131
287 131
286 131
285 132
284 132
283 132
282 132
281 132
280 133
279 133
278 133
277 134
276 134
275 134
274 134
273 134
272 135
271 135
270 135
269 135
268 135
267 135
266 135
265 135
264 135
263 135
262 135
261 135
260 135
259 135
258 135
257 135
256 135
255 135
254 135
253 135
252 135
251 135
250 135
249 135
248 135
247 136
246 136
245 136
244 136
243 136
242 136
241 136
240 136
239 136
238 136
237 136
236 136
235 136
234 136
233 136
232 136
231 136
230 136
229 136
228 136
227 136
226 136
225 136
224 136
223 136
222 136
221 135
221 134
222 133
223 132
224 132
225 132
226 131
227 131
228 130
229 130
230 130
231 129
232 129
233 129
234 129
235 128
236 128
237 128
238 127
239 127
239 126
240 125
240 124
240 123
239 122
239 121
238 120
238 119
237 118
236 118
235 117
234 117
233 117
232 117
231 117
230 117
229 117
228 117
227 117
226 117
225 117
224 117
223 117
222 116
221 115
221 114
220 113
219 112
218 111
217 111
216 110
215 110
214 110
213 110
212 109
211 109
210 109
209 109
208 109
207 109
206 110
205 110
204 111
203 111
202 112
201 112
200 113
199 113
198 114
197 115
196 116
195 117
194 118
193 118
192 118
191 118
190 118
189 118
188 117
187 116
187 115
186 114
185 113
184 112
184 111
184 110
184 109
184 108
184 107
184 106
185 105
186 105
186 104
186 103
185 102
184 101
184 100
183 100
182 99
181 98
181 97
182 96
183 95
184 95
185 94
186 94
187 93
188 92
188 91
187 90
186 89
185 89
184 89
183 89
182 89
181 88
180 88
179 88
178 88
177 88
176 88
175 88
174 88
173 88
172 88
171 87
170 87
169 87
168 87
167 87
166 87
