180 75
179 76
178 76
177 76
176 77
175 77
175 78
174 79
173 79
172 79
171 79
170 79
169 80
168 80
167 80
166 80
165 80
164 80
163 80
162 80
161 80
160 80
159 80
158 81
157 81
157 82
156 83
157 84
157 85
158 85
159 86
160 86
161 86
162 87
163 87
164 87
165 88
166 88
167 88
168 88
169 88
170 88
171 88
172 88
173 89
173 90
173 91
173 92
173 93
173 94
172 95
171 96
170 96
170 97
169 98
170 99
171 100
172 100
173 100
174 100
175 100
176 101
176 102
176 103
176 104
176 105
176 106
176 107
175 108
174 109
173 109
172 109
171 109
170 109
169 109
168 109
167 109
166 109
165 109
164 110
163 110
162 110
161 111
160 111
159 110
158 110
157 109
156 109
155 109
154 109
153 109
152 109
151 109
150 109
149 109
148 109
147 109
146 109
145 109
144 109
143 109
142 109
141 110
140 110
139 110
138 110
137 110
136 111
135 112
134 113
133 114
133 115
132 116
131 117
130 118
129 119
128 120
127 121
126 122
125 122
124 123
123 124
122 124
121 125
120 126
119 127
118 128
117 129
117 130
116 131
116 132
115 133
115 134
114 135
114 136
114 137
114 138
114 139
113 140
113 141
112 142
112 143
112 144
112 145
112 146
112 147
111 148
111 149
111 150
110 151
110 152
109 153
109 154
109 155
108 156
108 157
108 158
108 159
108 160
107 161
107 162
107 163
107 164
107 165
106 166
106 167
106 168
106 169
106 170
106 171
106 172
106 173
106 174
106 175
106 176
106 177
106 178
106 179
106 180
106 181
107 182
107 183
108 183
109 184
110 184
111 184
112 185
113 185
114 185
115 186
116 186
117 186
118 187
119 187
120 187
121 188
122 188
123 188
124 188
125 189
126 189
127 189
128 189
129 189
130 189
131 189
132 189
133 190
134 190
135 191
135 192
135 193
135 194
135 195
135 196
135 197
135 198
135 199
135 200
135 201
135 202
135 203
135 204
134 205
133 205
132 205
131 205
130 206
129 206
128 206
127 207
126 207
125 208
124 208
123 208
122 208
121 209
120 209
119 209
118 209
117 209
116 209
115 209
114 209
113 209
112 209
111 209
110 209
109 209
108 209
107 209
106 209
105 209
104 208
104 207
103 207
102 207
102 208
102 209
102 210
103 211
104 212
105 212
106 212
107 212
108 212
109 212
110 212
111 212
112 212
113 212
114 212
115 212
116 212
117 212
118 212
119 212
120 212
121 212
122 212
123 212
124 212
125 212
126 212
127 212
128 212
129 211
130 211
131 211
132 211
133 211
134 210
135 210
136 210
137 210
138 209
139 209
140 209
141 209
142 208
143 208
144 208
145 208
146 207
147 207
148 207
149 207
150 207
151 206
152 206
153 206
154 206
155 206
156 205
157 205
158 205
159 205
160 204
161 204
162 204
163 204
164 204
165 204
166 203
167 203
168 203
169 203
170 203
171 203
172 202
173 202
174 202
175 202
176 202
177 202
178 201
179 201
180 201
181 201
182 200
183 199
183 198
183 197
183 196
183 195
183 194
183 193
184 192
185 192
186 191
187 191
188 191
189 191
190 191
191 191
192 191
193 191
194 191
195 191
196 191
197 190
198 190
199 190
200 190
201 190
202 190
203 190
204 190
205 190
206 190
207 190
208 189
209 189
210 189
211 189
212 188
213 188
214 188
215 188
216 187
217 187
218 187
219 187
220 187
221 187
222 187
223 186
224 186
225 186
226 186
227 186
228 186
229 186
230 186
231 185
232 185
233 185
234 185
235 185
236 185
237 185
238 185
239 185
240 184
241 184
242 184
243 184
244 183
245 183
245 182
245 181
245 180
245 179
245 178
244 177
244 176
244 175
244 174
244 173
243 172
242 171
241 170
241 169
241 168
240 167
239 166
238 166
237 166
236 166
235 166
234 166
233 166
232 165
232 164
232 163
232 162
233 161
234 160
235 160
236 160
237 160
238 160
239 159
240 159
241 158
242 158
243 157
244 157
245 156
246 155
247 154
248 153
249 153
250 152
251 151
252 151
253 150
254 149
255 149
256 148
257 147
258 146
259 145
260 145
261 145
262 144
263 144
264 143
265 143
266 143
267 142
268 142
269 142
270 141
271 141
272 140
273 140
274 139
275 139
276 139
277 138
278 138
279 138
280 137
281 137
282 136
283 136
284 135
285 135
285 134
286 133
286 132
285 131
285 130
284 129
283 129
282 128
281 128
280 128
279 128
278 128
277 128
276 128
275 128
274 128
273 128
272 128
271 128
270 128
269 129
268 129
267 129
266 129
265 130
264 130
263 130
262 130
261 131
260 131
259 131
258 131
257 131
256 131
255 131
254 132
253 132
252 132
251 132
250 132
249 132
248 132
247 132
246 132
245 132
244 132
243 132
242 132
241 132
240 132
239 132
238 132
237 132
236 132
235 132
234 132
233 132
232 132
231 132
230 132
229 132
228 132
227 132
226 132
225 132
224 132
223 132
222 132
221 131
220 130
219 129
218 128
217 127
217 126
218 125
219 124
220 124
221 124
222 124
223 124
224 123
225 123
226 123
227 122
228 122
228 121
229 120
229 119
229 118
228 117
228 116
228 115
227 114
227 113
226 112
226 111
225 110
224 110
223 109
222 109
221 109
220 109
219 109
218 109
217 109
216 109
215 108
214 107
213 106
212 106
211 106
210 106
209 106
208 106
207 106
206 106
205 106
204 106
203 106
202 106
201 106
200 105
199 105
198 105
197 105
196 105
195 105
194 105
193 105
192 105
191 105
190 105
189 105
188 105
187 104
186 104
185 104
184 104
183 103
183 102
183 101
183 100
182 99
182 98
182 97
182 96
183 95
183 94
183 93
182 93
181 92
180 92
179 91
179 90
179 89
179 88
180 87
181 87
182 86
183 85
184 85
185 84
185 83
186 82
186 81
187 80
186 79
186 78
185 77
185 76
184 76
183 75
182 75
181 75
