176 92
175 93
174 93
173 93
172 93
171 93
170 94
169 94
168 95
167 96
166 97
166 98
166 99
166 100
167 100
168 101
169 101
170 101
171 101
172 101
173 102
172 103
172 104
171 105
171 106
171 107
172 107
173 108
174 108
175 108
176 108
177 109
177 110
177 111
177 112
177 113
177 114
177 115
176 116
175 116
174 116
173 116
172 117
171 117
170 117
169 117
168 117
167 117
166 117
165 117
164 117
163 117
162 117
161 117
160 117
159 117
158 117
157 117
156 117
155 117
154 117
153 117
152 117
151 117
150 117
149 117
148 117
147 117
146 117
145 117
144 117
143 117
142 117
141 117
140 117
139 117
138 117
137 117
136 117
135 117
134 118
133 118
132 118
131 119
130 119
129 120
128 120
127 121
126 121
125 122
124 122
123 123
122 124
121 124
120 125
119 125
118 126
117 126
116 127
115 127
114 128
113 129
112 130
111 131
111 132
110 133
109 134
108 135
107 136
106 136
105 137
104 138
103 139
103 140
102 141
101 142
100 143
99 144
99 145
98 146
98 147
98 148
97 149
97 150
96 151
96 152
96 153
95 154
95 155
95 156
94 157
94 158
94 159
93 160
93 161
92 162
92 163
92 164
92 165
91 166
91 167
91 168
91 169
91 170
91 171
90 172
90 173
90 174
90 175
90 176
90 177
90 178
90 179
90 180
90 181
90 182
90 183
90 184
90 185
90 186
91 187
91 188
92 189
93 189
94 190
95 190
96 191
97 191
98 192
99 192
100 192
101 192
102 193
103 193
104 193
105 194
106 195
107 195
108 196
109 196
110 196
111 197
112 197
113 197
114 198
115 198
116 199
117 199
118 199
119 199
120 199
121 199
122 199
123 199
124 199
125 199
126 199
127 199
128 199
129 199
130 199
131 199
132 198
133 198
134 198
135 198
136 198
137 198
138 199
138 200
138 201
138 202
138 203
137 204
136 204
135 205
134 205
133 205
132 205
131 205
130 206
129 206
128 207
127 208
126 208
125 208
124 208
123 208
122 208
121 208
120 208
119 208
118 208
117 208
116 208
115 208
114 208
113 208
112 208
111 208
110 208
109 208
108 207
107 207
106 206
105 205
104 205
103 204
102 204
101 204
100 204
99 204
98 204
97 205
96 205
96 206
95 207
96 208
96 209
96 210
97 211
97 212
98 212
99 213
100 213
101 213
102 213
103 213
104 213
105 213
106 213
107 213
108 213
109 213
110 213
111 213
112 213
113 213
114 213
115 213
116 213
117 213
118 213
119 213
120 213
121 213
122 213
123 213
124 213
125 213
126 213
127 213
128 213
129 213
130 213
131 213
132 213
133 213
134 213
135 213
136 212
137 212
138 212
139 212
140 211
141 211
142 211
143 211
144 210
145 210
146 210
147 210
148 210
149 210
150 210
151 210
152 210
153 210
154 209
155 209
156 209
157 209
158 209
159 209
160 209
161 209
162 209
163 209
164 209
165 209
166 209
167 209
168 209
169 209
170 209
171 208
172 208
173 208
174 208
175 208
176 208
177 208
178 208
179 208
180 208
181 208
182 208
183 208
184 208
185 207
186 207
187 207
188 206
189 206
190 205
191 204
191 203
192 202
192 201
192 200
192 199
192 198
192 197
193 196
193 195
193 194
193 193
193 192
194 191
195 191
196 191
197 191
198 190
199 190
200 190
201 190
202 190
203 190
204 190
205 190
206 190
207 190
208 190
209 190
210 190
211 190
212 190
213 190
214 190
215 190
216 190
217 190
218 190
219 190
220 190
221 190
222 190
223 190
224 190
225 190
226 190
227 189
228 189
229 189
230 189
231 189
232 189
233 189
234 188
235 188
236 188
237 188
238 188
239 188
240 188
241 188
242 187
243 187
244 187
245 187
246 187
247 186
247 185
247 184
246 183
245 182
245 181
245 180
245 179
244 178
243 177
242 177
241 176
240 176
239 176
238 176
237 176
236 176
235 176
234 176
233 176
232 176
231 177
230 177
229 177
228 176
228 175
228 174
228 173
228 172
228 171
228 170
228 169
228 168
229 167
230 167
231 167
232 166
233 166
234 166
235 166
236 166
237 166
238 165
239 165
240 165
241 165
242 165
243 165
244 164
245 164
246 163
247 163
248 162
249 162
250 162
251 161
252 161
253 160
254 160
255 159
256 159
257 159
258 159
259 158
260 158
261 157
262 157
263 156
264 156
265 156
266 155
267 155
268 154
269 154
270 154
271 153
272 153
273 153
274 153
275 153
276 153
277 153
278 153
279 152
280 152
281 152
282 152
283 151
284 151
285 151
286 151
287 150
288 150
289 150
290 150
291 149
292 149
293 148
294 147
295 147
296 146
297 146
298 146
299 145
300 145
301 145
302 145
303 145
304 144
305 144
306 143
307 143
308 142
309 142
310 142
311 141
312 141
313 140
314 140
315 139
316 138
316 137
317 136
317 135
317 134
317 133
317 132
316 131
315 130
314 130
313 130
312 130
311 130
310 130
309 130
308 130
307 130
306 131
305 131
304 131
303 132
302 132
301 132
300 132
299 133
298 133
297 133
296 134
295 134
294 134
293 135
292 135
291 135
290 136
289 136
288 137
287 137
286 137
285 137
284 137
283 137
282 137
281 138
280 138
279 138
278 138
277 138
276 138
275 138
274 138
273 138
272 138
271 138
270 138
269 138
268 138
267 138
266 139
265 139
264 139
263 139
262 139
261 139
260 139
259 139
258 139
257 139
256 139
255 139
254 139
253 139
252 140
251 140
250 140
249 140
248 140
247 140
246 140
245 140
244 141
243 141
242 141
241 141
240 141
239 141
238 142
237 142
236 142
235 143
234 143
233 143
232 143
231 143
230 143
229 143
228 143
227 142
226 141
225 140
224 139
223 139
222 138
222 137
222 136
222 135
222 134
223 133
224 132
225 132
226 131
227 131
228 130
229 130
230 130
231 130
232 129
233 129
234 128
235 128
236 128
237 127
238 127
239 126
240 125
240 124
240 123
240 122
239 121
238 120
237 120
236 120
235 120
234 120
233 120
232 120
231 120
230 120
229 120
228 120
227 120
226 120
225 120
224 120
223 120
222 120
221 119
220 118
219 117
218 116
217 116
216 115
215 115
214 115
213 115
212 115
211 115
210 115
209 115
208 115
207 115
206 115
205 115
204 115
203 115
202 115
201 115
200 115
199 115
198 115
197 115
196 115
195 115
194 115
193 115
192 115
191 115
190 115
189 115
188 115
187 114
187 113
186 112
186 111
185 110
185 109
184 108
183 107
183 106
183 105
184 104
184 103
184 102
183 102
182 101
181 100
181 99
181 98
181 97
182 96
182 95
183 94
182 93
181 92
180 92
179 92
178 92
177 92
