156 89
155 90
154 91
154 92
154 93
155 94
155 95
156 95
157 96
158 96
159 97
160 97
161 98
162 98
163 99
164 99
165 100
165 101
165 102
165 103
165 104
165 105
165 106
165 107
165 108
165 109
165 110
165 111
166 112
167 113
168 113
169 113
170 114
170 115
169 116
168 117
167 118
166 118
165 118
164 118
163 118
162 118
161 118
160 118
159 118
158 118
157 118
156 118
155 118
154 118
153 118
152 118
151 118
150 118
149 118
148 118
147 118
146 118
145 118
144 118
143 118
142 118
141 118
140 118
139 118
138 118
137 118
136 118
135 118
134 118
133 118
132 119
131 119
130 120
129 120
128 121
127 121
126 122
125 122
124 122
123 123
122 123
121 124
120 125
119 125
118 126
117 126
116 127
115 128
114 128
113 129
112 129
111 130
110 131
109 131
108 132
107 133
106 133
105 134
104 135
103 135
102 136
101 137
100 138
99 139
98 140
97 140
96 141
95 142
94 143
94 144
93 145
92 146
91 147
90 148
89 149
89 150
88 151
87 152
86 153
86 154
85 155
85 156
84 157
84 158
83 159
83 160
83 161
82 162
82 163
82 164
82 165
82 166
82 167
81 168
81 169
81 170
81 171
81 172
81 173
81 174
81 175
81 176
81 177
81 178
81 179
81 180
81 181
81 182
81 183
82 184
82 185
83 186
84 187
85 188
86 189
87 190
88 191
89 191
90 192
91 192
92 192
93 193
94 193
95 194
96 194
97 195
98 195
99 196
100 196
101 196
102 196
103 196
104 196
105 196
106 196
107 196
108 197
109 197
110 197
111 197
112 197
113 197
114 197
115 197
116 197
117 197
118 197
119 197
120 197
121 197
122 197
123 197
124 197
125 197
126 197
127 197
128 197
129 197
130 197
131 197
132 198
131 199
131 200
130 201
130 202
130 203
129 204
128 205
127 205
126 205
125 205
124 206
123 206
122 207
121 207
120 208
119 208
118 209
117 209
116 210
115 210
114 211
113 212
112 212
111 212
110 212
109 212
108 212
107 212
106 212
105 212
104 212
103 212
102 212
101 212
100 212
99 212
98 212
97 212
96 212
95 212
94 212
93 213
93 214
94 215
95 215
96 215
97 216
98 216
99 216
100 216
101 216
102 216
103 216
104 216
105 216
106 216
107 216
108 216
109 216
110 216
111 216
112 216
113 216
114 216
115 215
116 215
117 215
118 215
119 215
120 214
121 214
122 214
123 213
124 213
125 213
126 213
127 212
128 212
129 212
130 211
131 211
132 211
133 211
134 211
135 211
136 211
137 211
138 211
139 211
140 211
141 211
142 211
143 211
144 211
145 211
146 211
147 211
148 211
149 211
150 210
151 210
152 210
153 210
154 210
155 210
156 210
157 210
158 209
159 209
160 209
161 209
162 209
163 209
164 209
165 209
166 209
167 209
168 208
169 208
170 208
171 208
172 208
173 208
174 208
175 208
176 208
177 207
178 207
179 207
180 207
181 207
182 207
183 207
184 207
185 207
186 206
187 206
187 205
188 204
188 203
188 202
188 201
188 200
188 199
188 198
188 197
188 196
188 195
188 194
189 193
190 193
191 192
192 192
193 192
194 192
195 192
196 191
197 191
198 191
199 190
200 190
201 190
202 189
203 189
204 189
205 189
206 189
207 189
208 189
209 189
210 189
211 189
212 189
213 189
214 189
215 189
216 189
217 189
218 188
219 188
220 188
221 188
222 188
223 188
224 187
225 187
226 187
227 187
228 187
229 186
230 186
231 185
232 184
232 183
231 182
231 181
230 180
230 179
230 178
229 177
229 176
229 175
228 174
227 173
226 173
225 173
224 174
223 174
222 173
222 172
223 171
224 170
225 170
226 170
227 169
228 169
229 169
230 168
231 168
232 168
233 167
234 167
235 166
236 165
237 165
238 164
239 164
240 164
241 163
242 163
243 162
244 162
245 161
246 161
247 160
248 160
249 159
250 159
251 159
252 159
253 159
254 158
255 158
256 158
257 157
258 157
259 157
260 157
261 156
262 156
263 156
264 155
265 155
266 154
267 154
268 154
269 154
270 153
271 153
272 153
273 153
274 152
275 152
276 152
277 151
278 151
279 151
280 150
281 150
282 149
283 149
284 148
285 148
286 147
287 147
288 146
289 146
290 146
291 145
292 145
293 144
294 144
295 144
296 143
297 143
298 143
299 143
300 143
301 143
302 142
303 142
304 142
305 141
306 141
307 141
308 141
309 141
310 141
311 140
312 140
313 140
314 139
315 138
315 137
315 136
315 135
315 134
315 133
314 132
313 131
312 131
311 130
310 130
309 130
308 130
307 130
306 130
305 130
304 130
303 130
302 130
301 130
300 130
299 130
298 130
297 130
296 130
295 130
294 130
293 130
292 130
291 131
290 131
289 131
288 131
287 131
286 132
285 132
284 132
283 132
282 133
281 133
280 134
279 134
278 134
277 134
276 135
275 135
274 135
273 135
272 136
271 136
270 136
269 136
268 136
267 136
266 136
265 137
264 137
263 137
262 137
261 137
260 137
259 137
258 137
257 137
256 137
255 137
254 137
253 138
252 138
251 138
250 138
249 138
248 138
247 138
246 138
245 138
244 138
243 138
242 138
241 138
240 138
239 138
238 138
237 139
236 139
235 139
234 139
233 139
232 139
231 139
230 139
229 139
228 139
227 139
226 139
225 139
224 138
223 137
222 136
221 136
220 135
219 135
218 134
217 134
216 133
217 132
218 132
219 132
220 132
221 132
222 131
223 131
224 131
225 131
226 130
227 130
228 130
229 130
230 130
231 129
232 129
233 129
234 129
235 129
236 128
237 127
237 126
238 125
238 124
238 123
238 122
237 121
237 120
236 120
235 119
234 119
233 119
232 119
231 119
230 119
229 119
228 119
227 119
226 119
225 118
224 118
223 118
222 118
221 118
220 118
219 118
218 118
217 118
216 117
215 117
214 117
213 117
212 117
211 116
210 116
209 116
208 116
207 115
206 115
205 115
204 115
203 115
202 115
201 115
200 115
199 115
198 115
197 115
196 115
195 115
194 115
193 115
192 115
191 115
190 115
189 115
188 116
187 117
187 118
186 119
185 120
184 120
183 120
182 120
181 120
180 120
179 120
178 119
178 118
178 117
178 116
178 115
178 114
178 113
178 112
178 111
178 110
178 109
179 108
179 107
179 106
179 105
178 104
178 103
177 102
176 101
176 100
176 99
176 98
177 97
178 97
179 96
180 96
181 95
182 94
182 93
181 92
180 91
179 91
178 90
177 90
176 90
175 89
174 89
173 89
172 89
171 89
170 89
169 89
168 89
167 89
166 89
165 89
164 89
163 89
162 89
161 89
160 89
159 89
158 89
157 89
