161 86
160 87
159 87
158 88
158 89
157 90
157 91
156 92
156 93
156 94
156 95
156 96
156 97
157 98
157 99
158 99
159 100
160 100
161 101
162 101
163 101
164 101
165 101
166 101
167 102
166 103
165 104
165 105
164 106
165 107
165 108
166 108
167 109
168 109
169 110
170 111
170 112
170 113
170 114
170 115
170 116
169 117
168 117
167 117
166 117
165 117
164 117
163 117
162 117
161 117
160 117
159 117
158 117
157 117
156 117
155 117
154 117
153 117
152 117
151 117
150 117
149 117
148 117
147 117
146 117
145 118
144 118
143 118
142 118
141 118
140 119
139 119
138 119
137 119
136 119
135 120
134 120
133 120
132 121
131 121
130 121
129 122
128 122
127 122
126 123
125 123
124 124
123 124
122 125
121 125
120 126
119 126
118 127
117 127
116 128
115 129
114 130
113 130
112 131
111 131
110 132
109 133
108 133
107 134
106 135
105 136
104 136
103 137
102 138
101 139
100 139
99 140
98 140
98 141
97 142
96 143
95 143
94 144
94 145
93 146
93 147
92 148
92 149
91 150
91 151
91 152
90 153
90 154
90 155
89 156
89 157
89 158
88 159
88 160
88 161
88 162
88 163
87 164
87 165
87 166
87 167
87 168
86 169
86 170
86 171
86 172
86 173
86 174
86 175
86 176
86 177
86 178
86 179
86 180
86 181
86 182
86 183
86 184
86 185
86 186
86 187
86 188
87 189
87 190
88 191
88 192
89 193
90 194
91 194
92 195
93 195
94 196
95 196
96 197
97 197
98 197
99 198
100 198
101 198
102 199
103 199
104 199
105 199
106 199
107 200
108 200
109 200
110 200
111 200
112 201
113 201
114 201
115 201
116 201
117 201
118 201
119 201
120 202
121 202
122 202
123 202
124 202
125 202
126 202
127 202
128 202
129 202
130 202
131 202
132 202
133 202
134 202
135 202
136 202
137 203
137 204
137 205
136 206
135 207
134 207
133 207
132 208
131 208
130 208
129 208
128 209
127 209
126 209
125 209
124 209
123 209
122 209
121 209
120 209
119 209
118 209
117 209
116 209
115 209
114 209
113 209
112 209
111 209
110 209
109 209
108 209
107 209
106 209
105 209
104 209
103 209
102 209
101 209
100 209
99 209
98 208
97 208
96 207
95 206
94 206
93 205
92 205
91 205
90 205
89 205
88 206
87 207
87 208
86 209
86 210
86 211
86 212
86 213
86 214
87 215
87 216
88 217
89 218
90 218
91 218
92 218
93 218
94 218
95 218
96 218
97 218
98 218
99 218
100 218
101 218
102 218
103 218
104 218
105 218
106 218
107 218
108 218
109 218
110 218
111 218
112 218
113 218
114 218
115 218
116 218
117 218
118 217
119 217
120 217
121 217
122 217
123 217
124 217
125 217
126 217
127 217
128 217
129 217
130 217
131 217
132 217
133 217
134 216
135 216
136 216
137 216
138 216
139 216
140 215
141 215
142 215
143 215
144 215
145 214
146 214
147 214
148 214
149 214
150 214
151 213
152 213
153 213
154 213
155 213
156 213
157 212
158 212
159 212
160 212
161 211
162 211
163 211
164 211
165 210
166 210
167 210
168 209
169 209
170 209
171 209
172 209
173 208
174 208
175 208
176 208
177 208
178 207
179 207
180 207
181 207
182 206
183 206
184 206
185 206
186 206
187 206
188 205
189 205
190 204
191 203
191 202
191 201
191 200
191 199
191 198
191 197
191 196
192 195
193 195
194 194
195 194
196 194
197 194
198 194
199 194
200 194
201 194
202 194
203 194
204 194
205 194
206 194
207 194
208 194
209 194
210 194
211 194
212 194
213 194
214 194
215 194
216 194
217 194
218 194
219 194
220 194
221 194
222 194
223 194
224 194
225 194
226 194
227 194
228 193
229 193
230 193
231 193
232 192
233 192
234 191
235 191
236 190
236 189
237 188
237 187
238 186
238 185
239 184
239 183
239 182
239 181
239 180
239 179
238 178
238 177
237 176
237 175
236 175
235 174
234 174
233 174
232 174
231 174
230 175
229 175
228 175
227 176
226 176
225 177
224 177
223 176
223 175
223 174
223 173
223 172
223 171
223 170
223 169
224 168
225 167
226 167
227 167
228 166
229 166
230 166
231 166
232 165
233 165
234 165
235 165
236 165
237 165
238 165
239 164
240 164
241 164
242 164
243 164
244 164
245 163
246 163
247 163
248 163
249 162
250 162
251 161
252 161
253 161
254 160
255 160
256 160
257 159
258 159
259 159
260 159
261 158
262 158
263 157
264 157
265 156
266 156
267 155
268 155
269 154
270 154
271 153
272 153
273 152
274 152
275 152
276 152
277 151
278 151
279 150
280 150
281 150
282 150
283 149
284 149
285 148
286 147
287 147
288 147
289 147
290 146
291 146
292 146
293 146
294 145
295 145
296 144
297 144
298 144
299 144
300 143
301 143
302 143
303 143
304 143
305 143
306 142
307 142
308 142
309 142
310 142
311 142
312 142
313 142
314 142
315 141
316 141
317 140
318 139
318 138
319 137
319 136
319 135
319 134
319 133
318 132
318 131
317 130
316 129
315 128
314 128
313 127
312 127
311 126
310 126
309 126
308 126
307 126
306 126
305 126
304 126
303 126
302 126
301 126
300 127
299 127
298 127
297 128
296 128
295 128
294 129
293 129
292 130
291 130
290 130
289 130
288 131
287 131
286 131
285 131
284 132
283 132
282 132
281 132
280 132
279 132
278 132
277 132
276 132
275 132
274 132
273 132
272 132
271 132
270 132
269 133
268 133
267 133
266 133
265 133
264 133
263 133
262 133
261 134
260 134
259 134
258 134
257 134
256 134
255 134
254 134
253 134
252 134
251 134
250 134
249 134
248 134
247 134
246 134
245 135
244 135
243 135
242 135
241 135
240 135
239 135
238 135
237 135
236 136
235 136
234 136
233 136
232 136
231 136
230 136
229 136
228 137
227 137
226 137
225 137
224 137
223 137
222 137
221 137
220 137
219 137
218 137
217 136
217 135
217 134
217 133
217 132
218 131
219 131
220 131
221 131
222 131
223 131
224 131
225 130
226 130
227 130
228 130
229 130
230 130
231 130
232 130
233 130
234 129
235 129
236 128
237 128
238 127
239 127
240 126
241 125
241 124
242 123
242 122
241 121
241 120
240 120
239 119
238 119
237 118
236 118
235 118
234 118
233 118
232 118
231 118
230 118
229 118
228 118
227 118
226 118
225 118
224 118
223 118
222 118
221 118
220 118
219 118
218 117
217 117
216 117
215 116
214 115
213 114
212 114
211 113
210 113
209 112
208 112
207 111
206 111
205 111
204 110
203 110
202 110
201 110
200 110
199 110
198 110
197 110
196 111
195 111
194 112
193 113
193 114
192 115
191 115
190 116
189 116
188 116
187 116
186 116
185 116
184 116
183 116
182 115
181 115
180 114
179 113
179 112
178 111
178 110
178 109
178 108
178 107
178 106
179 105
180 105
181 104
181 103
181 102
180 102
179 101
178 100
177 99
177 98
177 97
178 96
179 97
180 97
181 97
182 97
183 96
184 96
185 96
186 95
187 95
188 94
189 93
189 92
190 91
190 90
190 89
190 88
189 87
188 86
187 86
186 86
185 86
184 86
183 86
182 86
181 86
180 86
179 86
178 86
177 86
176 86
175 86
174 86
173 86
172 86
171 86
170 86
169 86
168 86
167 86
166 86
165 86
164 86
163 86
162 86
