74 5
73 6
72 6
71 6
70 6
69 6
68 6
67 6
66 7
65 7
64 7
63 7
62 7
61 8
60 8
59 9
58 9
57 9
56 10
55 10
54 11
53 11
52 12
51 12
50 13
49 13
48 14
47 15
46 15
45 16
44 17
43 18
42 19
42 20
41 21
40 21
40 22
39 23
38 24
37 25
37 26
36 27
36 28
35 29
35 30
34 31
33 32
33 33
32 34
32 35
31 36
31 37
30 38
30 39
30 40
29 41
29 42
28 43
28 44
28 45
27 46
27 47
26 48
25 49
24 49
23 49
22 49
21 49
20 49
19 49
18 49
17 49
16 49
15 50
15 51
15 52
15 53
15 54
14 55
13 55
12 56
12 57
12 58
12 59
12 60
12 61
11 62
10 63
9 64
8 64
7 65
6 66
5 66
4 67
3 68
3 69
3 70
3 71
3 72
3 73
4 73
5 73
6 73
7 73
8 73
9 74
10 75
11 76
12 77
13 77
14 78
14 79
15 80
15 81
15 82
15 83
15 84
16 85
17 86
17 87
18 88
18 89
18 90
18 91
18 92
19 93
19 94
20 95
21 96
22 97
23 98
24 99
25 99
26 100
27 101
28 101
29 102
30 102
31 103
32 103
33 104
34 104
35 105
36 105
37 105
38 104
39 104
40 103
41 103
42 103
43 103
44 103
45 103
46 103
47 103
48 103
49 103
50 103
51 102
52 102
53 102
54 102
55 102
56 102
57 102
58 102
59 102
60 102
61 102
62 102
63 103
64 103
65 104
66 104
67 105
68 105
69 106
70 106
71 107
72 107
73 107
74 107
75 107
76 108
77 108
78 109
79 109
80 110
81 110
82 110
83 110
84 111
85 111
86 111
87 111
88 111
89 112
90 112
91 113
92 113
93 114
94 114
95 115
96 115
97 115
98 116
99 116
100 117
101 117
102 118
103 118
104 119
105 120
106 121
107 121
108 122
109 122
110 123
111 123
112 124
113 124
114 125
115 125
116 126
117 126
118 127
119 127
120 127
121 128
122 128
123 129
124 129
125 129
126 129
127 130
128 130
129 131
130 131
131 132
132 132
133 132
134 132
135 132
136 133
137 133
138 134
139 134
140 135
141 135
142 135
143 136
144 136
145 137
146 137
147 138
148 138
149 139
150 139
151 140
152 140
153 140
154 140
155 140
156 141
157 141
158 141
159 141
160 142
161 142
162 143
163 144
164 144
165 145
166 146
167 147
168 148
168 149
169 150
169 151
169 152
169 153
170 154
170 155
170 156
171 156
172 157
172 158
172 159
172 160
173 161
174 161
175 162
176 162
177 163
178 163
179 164
180 164
181 164
182 164
183 164
184 164
185 164
186 164
187 164
188 164
189 164
190 164
191 164
192 164
193 164
194 164
195 164
196 164
197 163
198 162
199 162
199 161
199 160
200 159
200 158
201 157
202 156
203 155
204 154
205 154
206 153
207 153
208 153
209 153
210 153
211 153
212 153
213 153
214 153
215 153
216 153
217 153
218 153
219 153
220 153
221 153
222 153
223 153
224 153
225 153
226 153
227 153
228 153
229 153
230 153
231 153
232 153
233 153
234 153
235 153
236 153
237 153
238 153
239 153
240 153
241 153
242 153
243 153
244 152
245 152
246 151
247 151
248 151
249 151
250 150
251 150
252 150
253 150
254 150
255 149
256 149
257 149
258 149
259 149
260 149
261 149
262 149
263 149
264 148
265 148
266 148
267 147
268 147
269 146
270 146
271 145
272 145
273 144
274 144
275 143
276 143
277 142
278 142
279 141
280 141
281 140
282 140
283 140
284 140
285 139
286 139
287 138
288 138
289 137
290 137
291 137
292 136
293 135
294 135
295 135
296 134
297 134
297 133
297 132
297 131
297 130
297 129
297 128
297 127
296 126
295 126
294 126
293 126
292 126
291 125
292 124
292 123
292 122
293 121
293 120
293 119
293 118
293 117
293 116
293 115
293 114
293 113
293 112
293 111
293 110
293 109
292 108
292 107
292 106
291 105
291 104
290 103
290 102
289 101
289 100
288 99
287 98
287 97
286 96
285 95
284 94
284 93
283 92
282 92
281 91
281 90
280 90
279 89
278 88
277 88
276 88
275 87
274 86
273 86
272 85
271 84
271 83
271 82
271 81
271 80
270 80
269 80
268 80
267 81
266 81
265 80
265 79
265 78
264 78
263 78
262 78
261 78
260 78
259 78
258 78
257 78
256 78
255 77
255 76
254 75
253 74
252 73
252 72
251 71
250 71
249 70
248 69
248 68
248 67
248 66
247 65
247 64
246 64
245 64
244 64
243 63
242 63
241 63
240 63
239 63
238 63
237 63
236 63
235 63
234 64
233 64
232 63
231 63
230 63
229 62
228 62
227 61
226 61
225 61
224 60
223 60
222 59
221 59
220 59
219 59
218 58
217 58
216 58
215 57
214 57
213 57
212 56
211 56
210 56
209 55
208 55
207 55
206 54
205 54
204 54
203 53
202 53
201 52
200 52
199 52
198 52
197 51
196 51
195 50
194 49
193 48
192 47
192 46
192 45
191 44
191 43
191 42
190 41
190 40
190 39
189 38
189 37
189 36
188 35
188 34
188 33
187 32
187 31
186 30
186 29
185 28
184 27
183 26
182 26
181 25
180 24
179 23
178 23
177 22
176 22
175 21
174 21
173 20
172 20
171 19
170 19
169 18
168 18
167 18
166 17
165 17
164 17
163 16
162 16
161 16
160 15
159 15
158 15
157 14
156 14
155 14
154 13
153 13
152 13
151 13
150 12
149 12
148 12
147 12
146 12
145 11
144 11
143 11
142 11
141 10
140 10
139 10
138 10
137 10
136 9
135 9
134 9
133 9
132 9
131 9
130 8
129 8
128 8
127 8
126 8
125 8
124 7
123 7
122 7
121 7
120 7
119 7
118 6
117 6
116 6
115 6
114 6
113 6
112 6
111 6
110 6
109 6
108 5
107 5
106 5
105 5
104 5
103 5
102 5
101 5
100 5
99 5
98 5
97 5
96 5
95 5
94 5
93 5
92 5
91 5
90 5
89 5
88 5
87 5
86 5
85 5
84 5
83 5
82 5
81 5
80 5
79 5
78 5
77 5
76 5
75 5
