325 51
324 52
323 52
322 52
321 52
320 52
319 52
318 52
317 52
316 52
315 52
314 52
313 52
312 52
311 52
310 52
309 52
308 52
307 52
306 52
305 52
304 52
303 52
302 52
301 52
300 52
299 52
298 52
297 52
296 52
295 52
294 52
293 52
292 52
291 52
290 52
289 52
288 52
287 52
286 52
285 52
284 52
283 52
282 52
281 52
280 52
279 52
278 52
277 52
276 52
275 52
274 52
273 52
272 52
271 52
270 52
269 52
268 52
267 52
266 52
265 52
264 52
263 52
262 52
261 52
260 52
259 52
258 52
257 52
256 52
255 52
254 52
253 52
252 52
251 52
250 52
249 52
248 52
247 52
246 52
245 52
244 52
243 52
242 52
241 52
240 52
239 52
238 52
237 52
236 52
235 52
234 52
233 52
232 52
231 52
230 52
229 52
228 52
227 52
226 52
225 52
224 52
223 52
222 52
221 52
220 52
219 52
218 52
217 52
216 52
215 52
214 53
213 52
212 52
211 52
210 52
209 53
208 52
207 52
206 52
205 52
204 52
203 52
202 52
201 53
200 53
199 53
198 53
197 52
196 52
195 52
194 52
193 52
192 52
191 52
190 52
189 52
188 52
187 52
186 52
185 52
184 52
183 52
182 53
181 53
180 53
179 53
178 53
177 53
176 53
175 53
174 52
173 52
172 52
171 52
170 52
169 52
168 52
167 52
166 52
165 52
164 52
163 52
162 52
161 52
160 52
159 52
158 52
157 53
156 53
155 53
154 53
153 53
152 53
151 53
150 53
149 53
148 53
147 53
146 53
145 53
144 53
143 53
142 53
141 53
140 53
139 53
138 53
137 53
136 53
135 53
134 53
133 53
132 53
131 53
130 53
129 53
128 53
127 53
126 53
125 53
124 53
123 53
122 54
121 53
120 53
119 53
118 53
117 54
116 55
115 55
114 55
113 55
112 55
111 55
110 55
109 55
108 56
107 56
106 56
105 56
104 56
103 56
102 56
101 56
100 55
99 55
98 56
97 56
96 57
95 57
94 58
93 58
92 58
91 59
90 59
89 60
88 60
87 61
86 61
85 62
84 62
83 62
82 62
81 63
80 63
79 63
78 63
77 63
76 63
75 63
74 63
73 63
72 64
71 64
70 64
69 65
68 65
67 66
66 66
65 66
64 66
63 66
62 67
61 68
60 69
59 70
59 71
58 72
58 73
57 74
57 75
57 76
56 77
56 78
56 79
55 80
55 81
55 82
55 83
55 84
55 85
55 86
55 87
55 88
55 89
55 90
55 91
55 92
55 93
55 94
55 95
55 96
55 97
55 98
55 99
55 100
55 101
55 102
56 103
56 104
56 105
56 106
56 107
56 108
56 109
56 110
56 111
56 112
56 113
56 114
56 115
56 116
56 117
56 118
56 119
56 120
56 121
56 122
56 123
56 124
56 125
56 126
56 127
56 128
56 129
56 130
56 131
57 132
57 133
57 134
57 135
57 136
57 137
57 138
57 139
57 140
57 141
57 142
57 143
57 144
57 145
57 146
57 147
56 148
56 149
56 150
56 151
57 152
57 153
57 154
57 155
57 156
57 157
57 158
57 159
57 160
57 161
57 162
57 163
56 164
55 164
54 164
53 165
52 165
51 165
50 165
49 165
48 165
47 165
46 165
45 164
44 164
43 164
42 164
41 164
40 164
39 164
38 164
37 164
36 164
35 165
34 165
33 166
32 166
31 166
30 166
29 167
28 167
27 168
26 168
25 169
24 170
23 170
22 171
21 172
20 173
19 174
18 175
17 176
16 177
16 178
15 179
14 180
13 180
13 181
13 182
12 183
11 184
11 185
10 186
10 187
9 188
8 189
8 190
8 191
8 192
7 193
6 194
6 195
6 196
6 197
6 198
5 199
5 200
5 201
4 202
4 203
4 204
4 205
4 206
4 207
3 208
3 209
3 210
3 211
3 212
3 213
3 214
3 215
3 216
3 217
3 218
3 219
3 220
3 221
3 222
3 223
3 224
3 225
3 226
3 227
3 228
3 229
3 230
3 231
3 232
3 233
3 234
3 235
3 236
3 237
3 238
3 239
4 240
4 241
4 242
4 243
4 244
4 245
4 246
5 247
5 248
5 249
5 250
5 251
6 252
6 253
7 254
7 255
7 256
7 257
6 258
5 258
4 258
4 259
4 260
4 261
5 261
6 261
7 261
8 262
8 263
9 264
9 265
9 266
9 267
10 268
10 269
10 270
11 271
11 272
12 272
13 273
14 273
15 274
16 275
16 276
17 277
18 278
19 279
20 280
21 280
22 281
23 282
24 283
25 284
26 284
27 285
28 285
29 285
30 286
31 286
32 286
33 287
34 287
35 287
36 288
37 288
38 288
39 288
40 288
41 288
42 288
43 288
44 288
45 288
46 288
47 288
48 288
49 288
50 288
51 288
52 288
53 289
54 289
55 289
56 289
57 289
58 289
59 289
60 289
61 289
62 289
63 289
64 289
65 289
66 289
67 289
68 288
69 288
70 289
70 290
70 291
71 292
72 293
72 294
73 295
74 296
74 297
74 298
75 299
76 300
76 301
77 302
77 303
78 304
79 305
80 306
80 307
81 308
82 309
83 310
84 311
85 312
86 313
87 314
87 315
88 316
88 317
89 318
90 319
91 320
92 321
93 322
94 323
95 323
96 324
97 325
98 326
99 326
100 327
101 327
102 328
103 328
104 329
105 329
106 330
107 330
108 331
109 331
110 331
111 331
112 331
113 331
114 331
115 331
116 331
117 331
118 331
119 331
120 331
121 331
122 331
123 331
124 331
125 331
126 331
127 331
128 331
129 331
130 331
131 331
132 331
133 331
134 330
135 330
136 330
137 330
138 330
139 331
140 331
141 331
142 331
143 331
144 331
145 331
146 330
147 330
148 329
149 329
150 329
151 329
152 328
153 328
154 327
155 327
156 326
157 326
158 325
159 324
160 324
161 323
162 323
163 323
164 323
165 322
166 322
167 321
168 321
169 320
170 320
171 319
172 318
173 318
174 317
175 316
176 316
177 316
178 316
179 316
180 316
181 316
182 316
183 316
184 316
185 316
186 316
187 316
188 316
189 316
190 316
191 316
192 316
193 316
194 316
195 316
196 315
197 315
198 315
199 315
200 315
201 314
202 314
203 314
204 314
205 314
206 313
207 313
208 313
209 312
210 312
211 312
212 312
213 311
214 310
215 310
216 309
217 309
218 309
219 308
220 307
221 307
222 306
223 306
223 305
224 304
225 304
226 303
227 303
227 302
228 301
229 301
230 300
231 299
232 298
233 297
234 296
235 295
236 294
236 293
237 292
238 291
239 290
239 289
240 288
241 288
242 288
243 288
244 288
245 288
246 288
247 288
248 288
249 288
250 288
251 288
252 288
253 288
254 288
255 288
256 288
257 288
258 288
259 288
260 288
261 288
262 288
263 288
264 288
265 288
266 288
267 288
268 288
269 288
270 288
271 288
272 288
273 288
274 288
275 288
276 288
277 288
278 288
279 288
280 288
281 288
282 288
283 288
284 288
285 288
286 288
287 288
288 288
289 288
290 288
291 288
292 288
293 288
294 288
295 288
296 288
297 288
298 288
299 288
300 288
301 288
302 288
303 288
304 288
305 288
306 288
307 288
308 288
309 288
310 288
311 288
312 288
313 288
314 288
315 288
316 288
317 288
318 288
319 288
320 288
321 288
322 288
323 288
324 288
325 288
326 288
327 288
328 288
329 288
330 288
331 288
332 288
333 288
334 288
335 288
336 288
337 288
338 288
339 288
340 288
341 288
342 288
343 288
344 288
345 288
346 288
347 288
348 288
349 288
350 288
351 288
352 288
353 288
354 288
355 288
356 288
357 288
358 288
359 288
360 288
361 288
362 288
363 288
364 288
365 288
366 288
367 288
368 288
369 288
370 288
371 288
372 288
373 288
374 288
375 288
376 288
377 288
378 288
379 288
380 288
381 288
382 288
383 288
384 288
385 288
386 288
387 288
388 288
389 288
390 288
391 288
392 288
393 288
394 288
395 288
396 288
397 288
398 288
399 288
400 288
401 288
402 288
403 288
404 288
405 287
406 287
407 287
408 288
409 288
410 288
411 288
412 288
413 288
414 287
415 287
416 287
417 288
418 288
419 288
420 288
421 287
422 288
423 288
424 288
425 288
426 287
427 287
428 287
429 287
430 287
431 287
432 287
433 287
434 287
435 287
436 288
437 288
438 288
439 288
440 288
441 288
442 288
443 288
444 288
445 288
446 288
447 288
448 288
449 288
450 287
451 288
452 288
453 288
454 288
455 288
456 288
457 287
458 287
459 287
460 288
461 288
462 288
463 288
464 287
465 287
466 287
467 287
468 287
469 287
470 287
471 287
472 287
473 287
474 287
475 287
476 287
477 287
478 286
479 287
480 287
481 287
482 287
483 286
484 286
485 286
486 286
487 286
488 285
489 285
490 285
491 285
492 285
493 285
494 285
495 285
496 285
497 285
498 284
499 284
500 284
501 284
502 284
503 284
504 284
505 284
506 283
507 283
508 283
509 283
510 283
511 283
512 283
513 283
514 283
515 283
516 283
517 283
518 283
519 283
520 283
521 283
522 283
523 283
524 283
525 283
526 283
527 283
528 283
529 283
530 283
531 283
532 283
533 283
534 283
535 283
536 283
537 283
538 283
539 283
540 283
541 283
542 283
543 283
544 283
545 283
546 283
547 283
548 283
549 283
550 283
551 283
552 283
553 284
554 284
555 284
556 284
557 284
558 283
559 283
560 283
561 283
562 283
563 283
564 283
565 283
566 283
567 283
568 283
569 283
570 283
571 283
572 283
573 283
574 283
575 283
576 283
577 283
578 283
579 283
580 283
581 283
582 283
583 283
584 283
585 283
586 283
587 284
588 285
588 286
588 287
589 288
589 289
590 290
590 291
591 292
591 293
592 294
592 295
593 296
594 297
595 298
595 299
596 300
597 301
598 302
599 303
599 304
600 305
601 306
602 307
603 307
604 308
604 309
605 310
606 311
607 311
608 312
609 313
610 314
611 315
612 315
613 316
614 317
615 317
616 318
617 318
618 319
619 320
620 320
621 320
622 321
623 321
624 322
625 322
626 322
627 323
628 323
629 324
630 324
631 324
632 325
633 325
634 325
635 326
636 326
637 326
638 326
639 327
640 327
641 327
642 327
643 327
644 328
645 328
646 328
647 328
648 328
649 328
650 328
651 328
652 328
653 329
654 329
655 329
656 329
657 328
658 328
659 328
660 328
661 327
662 327
663 327
664 327
665 327
666 326
667 326
668 326
669 326
670 325
671 325
672 324
673 324
674 323
675 323
676 323
677 322
678 322
679 322
680 321
681 321
682 321
683 320
684 320
685 319
686 319
687 318
688 318
689 317
690 316
691 316
692 315
693 315
694 314
695 314
696 314
697 314
698 314
699 314
700 314
701 314
702 314
703 314
704 314
705 314
706 313
707 313
708 313
709 313
710 313
711 312
712 312
713 312
714 311
715 311
716 311
717 310
718 310
719 310
720 309
721 309
722 308
723 308
724 307
725 307
726 306
727 306
728 305
729 304
730 304
731 304
731 303
732 302
733 301
734 301
735 300
736 299
737 298
738 297
739 296
740 295
741 295
741 294
742 293
743 292
744 291
745 290
746 289
746 288
747 287
747 286
748 285
748 284
749 283
750 282
750 281
751 280
751 279
752 278
752 277
752 276
753 275
753 274
753 273
754 272
754 271
755 270
755 269
755 268
755 267
756 266
756 265
756 264
756 263
756 262
757 261
758 261
759 261
760 261
761 260
762 260
763 260
764 260
765 260
766 260
767 259
768 259
769 258
770 258
771 259
772 259
773 259
774 259
775 258
776 258
777 257
778 256
778 255
779 254
779 253
780 252
780 251
780 250
780 249
780 248
780 247
779 246
778 245
778 244
777 243
778 242
778 241
779 240
779 239
779 238
779 237
778 236
778 235
778 234
778 233
778 232
777 232
776 231
775 231
774 231
773 231
772 231
771 230
771 229
770 229
769 228
768 228
767 228
766 228
765 228
764 229
764 230
764 231
763 232
763 233
762 234
761 234
760 234
759 235
758 235
757 235
756 234
756 233
756 232
756 231
755 230
755 229
754 228
754 227
753 226
753 225
752 224
752 223
751 222
750 221
750 220
749 219
749 218
748 217
748 216
749 215
750 215
751 215
752 216
753 216
754 216
755 216
756 216
757 216
758 216
759 216
760 216
761 216
762 215
763 215
763 214
764 213
764 212
764 211
764 210
764 209
764 208
764 207
764 206
763 205
763 204
763 203
763 202
762 201
762 200
761 199
761 198
761 197
761 196
760 195
759 194
758 193
758 192
757 191
756 190
756 189
755 188
754 187
753 186
752 185
751 184
750 183
749 182
748 181
747 180
746 180
745 179
744 178
743 177
742 177
741 176
740 176
739 175
738 174
737 174
736 173
735 173
734 172
733 172
732 171
731 171
730 170
729 170
728 170
727 170
726 169
725 169
724 169
723 169
722 168
722 167
722 166
722 165
722 164
722 163
721 162
721 161
720 160
720 159
720 158
720 157
720 156
720 155
720 154
719 154
718 154
717 153
716 153
715 153
714 153
713 153
712 153
711 153
710 153
709 154
708 154
707 154
706 154
705 154
704 154
703 154
702 154
701 154
700 154
699 153
699 152
699 151
699 150
699 149
699 148
699 147
699 146
698 145
698 144
697 143
697 142
696 141
696 140
696 139
695 138
695 137
695 136
694 135
694 134
693 134
692 133
692 132
691 131
690 131
689 130
689 129
689 128
688 127
688 126
687 125
686 124
685 124
684 123
683 123
682 123
681 122
682 121
682 120
682 119
682 118
683 117
684 117
684 116
685 115
685 114
685 113
685 112
685 111
685 110
685 109
685 108
685 107
685 106
684 106
683 106
682 106
681 105
680 105
679 105
678 105
677 105
676 106
675 106
674 106
673 107
673 108
672 109
671 110
670 110
669 110
668 111
668 112
668 113
668 114
668 115
668 116
668 117
668 118
668 119
668 120
668 121
667 122
666 122
665 122
664 122
663 122
662 122
661 122
660 122
659 122
658 122
657 122
656 122
655 122
654 122
653 121
652 121
651 121
650 121
649 121
648 121
647 121
646 121
645 121
644 121
643 121
642 121
641 121
640 121
639 121
638 121
637 121
636 121
635 121
634 121
633 121
632 121
631 121
630 121
629 121
628 121
627 121
626 121
625 121
624 121
623 121
622 121
621 121
620 121
619 121
618 121
617 121
616 121
615 121
614 121
613 121
612 121
611 121
610 121
609 121
608 121
607 121
606 121
605 121
604 121
603 121
602 121
601 121
600 121
599 121
598 121
597 121
596 121
595 121
594 121
593 121
592 121
591 121
590 121
589 121
588 121
587 121
586 121
585 121
584 121
583 121
582 121
581 121
580 121
579 121
578 121
577 121
576 121
575 121
574 121
573 121
572 121
571 121
570 121
569 121
568 121
567 121
566 121
565 121
564 121
563 121
562 121
561 121
560 121
559 121
558 121
557 121
556 121
555 121
554 121
553 121
552 121
551 121
550 121
549 121
548 121
547 121
546 121
545 121
544 121
543 121
542 121
541 121
540 121
539 121
538 121
537 121
536 121
535 121
534 121
533 121
532 121
531 121
530 121
529 121
528 121
527 121
526 121
525 121
524 121
523 121
522 121
521 121
520 120
519 120
518 120
517 120
516 121
515 121
514 121
513 121
512 121
511 120
510 120
509 120
508 120
507 121
506 120
505 120
504 120
503 120
502 120
501 120
500 120
499 121
498 120
497 120
496 120
495 120
494 120
493 120
492 120
491 121
490 121
489 121
488 121
487 121
486 121
485 121
484 120
483 120
482 120
481 120
480 121
479 121
478 121
477 121
476 121
475 121
474 120
473 120
472 120
471 120
470 120
469 120
468 120
467 120
466 120
465 120
464 120
463 120
462 120
461 119
461 118
461 117
461 116
461 115
461 114
461 113
461 112
461 111
460 110
460 109
461 108
462 108
463 108
464 108
464 107
464 106
464 105
463 105
462 105
461 105
460 104
460 103
460 102
460 101
460 100
460 99
460 98
460 97
460 96
460 95
460 94
460 93
460 92
460 91
460 90
460 89
460 88
460 87
460 86
460 85
461 84
461 83
462 82
463 82
463 81
464 80
465 79
466 79
467 78
468 78
469 78
470 78
471 77
472 77
473 77
474 77
475 77
476 77
477 77
478 77
479 77
480 77
481 77
482 77
483 77
484 77
485 77
486 78
487 78
488 78
489 78
490 78
491 78
492 78
493 78
494 77
494 76
494 75
494 74
493 73
492 72
492 71
491 71
490 71
489 71
488 71
487 70
486 70
485 70
484 70
483 69
482 69
481 69
480 68
479 68
478 68
477 68
476 68
475 67
474 67
473 67
472 67
471 67
470 67
469 66
468 66
467 66
466 66
465 65
464 65
463 65
462 65
461 65
460 65
459 64
458 64
457 63
456 63
455 62
454 62
453 62
452 62
451 62
450 62
449 62
448 62
447 62
446 62
445 62
444 62
443 62
442 62
441 62
440 62
439 61
438 61
437 61
436 61
435 61
434 61
433 61
432 61
431 60
430 60
429 60
428 60
427 60
426 60
425 60
424 60
423 60
422 60
421 60
420 60
419 60
418 60
417 60
416 59
415 59
414 59
413 59
412 59
411 59
410 59
409 59
408 59
407 59
406 59
405 59
404 59
403 58
402 58
401 58
400 58
399 57
398 57
397 57
396 57
395 57
394 57
393 57
392 57
391 57
390 56
389 56
388 56
387 56
386 56
385 56
384 56
383 56
382 56
381 56
380 56
379 55
378 55
377 55
376 55
375 55
374 55
373 55
372 55
371 55
370 54
369 54
368 54
367 54
366 54
365 54
364 54
363 54
362 54
361 54
360 53
359 53
358 53
357 53
356 52
355 52
354 52
353 52
352 52
351 51
350 51
349 51
348 51
347 51
346 51
345 51
344 51
343 51
342 51
341 51
340 51
339 51
338 51
337 52
336 52
335 51
334 51
333 51
332 51
331 52
330 52
329 52
328 51
327 51
326 51
