295 1
294 2
293 2
292 2
291 2
290 2
289 2
288 2
287 2
286 2
285 2
284 2
283 2
282 2
281 2
280 2
279 2
278 2
277 2
276 2
275 2
274 2
273 2
272 3
271 2
270 2
269 2
268 2
267 3
266 3
265 3
264 3
263 3
262 3
261 3
260 3
259 3
258 3
257 3
256 3
255 3
254 3
253 3
252 3
251 3
250 3
249 3
248 4
247 4
246 4
245 4
244 4
243 4
242 4
241 4
240 4
239 4
238 4
237 4
236 4
235 4
234 5
233 5
232 5
231 5
230 5
229 5
228 5
227 5
226 5
225 5
224 5
223 5
222 5
221 5
220 5
219 6
218 6
217 6
216 6
215 6
214 6
213 6
212 6
211 6
210 6
209 6
208 6
207 7
206 7
205 7
204 7
203 7
202 7
201 7
200 7
199 8
198 8
197 8
196 8
195 8
194 9
193 9
192 9
191 9
190 9
189 9
188 9
187 9
186 9
185 9
184 9
183 9
182 10
181 10
180 10
179 10
178 10
177 10
176 11
175 11
174 11
173 11
172 11
171 11
170 11
169 12
168 12
167 12
166 12
165 12
164 12
163 12
162 13
161 13
160 13
159 14
158 14
157 14
156 14
155 14
154 14
153 14
152 15
151 15
150 15
149 15
148 15
147 15
146 16
145 16
144 16
143 16
142 16
141 17
140 17
139 17
138 17
137 17
136 17
135 18
134 18
133 18
132 18
131 18
130 18
129 19
128 19
127 19
126 19
125 20
124 20
123 20
122 20
121 21
120 21
119 21
118 22
117 22
116 22
115 22
114 23
113 23
112 23
111 24
110 24
109 24
108 25
107 25
106 25
105 26
104 26
103 26
102 27
101 27
100 28
99 28
98 28
97 28
96 29
95 29
94 30
93 30
92 31
91 31
90 32
89 32
88 33
87 33
86 34
85 35
84 36
83 36
82 37
81 38
81 39
80 40
79 40
79 41
78 42
78 43
77 44
76 45
76 46
75 47
75 48
74 49
74 50
74 51
73 52
73 53
73 54
72 55
72 56
72 57
72 58
71 59
71 60
71 61
71 62
70 63
70 64
70 65
70 66
70 67
69 68
69 69
69 70
69 71
69 72
69 73
69 74
69 75
69 76
69 77
69 78
69 79
69 80
69 81
69 82
69 83
69 84
69 85
69 86
69 87
69 88
69 89
69 90
69 91
69 92
69 93
69 94
69 95
69 96
69 97
69 98
69 99
69 100
69 101
69 102
69 103
69 104
69 105
69 106
69 107
69 108
69 109
69 110
69 111
69 112
69 113
69 114
69 115
69 116
69 117
69 118
69 119
69 120
69 121
69 122
69 123
70 124
70 125
70 126
70 127
70 128
70 129
70 130
70 131
70 132
70 133
71 134
70 135
69 135
69 136
69 137
69 138
69 139
69 140
70 141
70 142
70 143
70 144
70 145
70 146
70 147
71 148
71 149
71 150
71 151
71 152
71 153
71 154
71 155
72 156
72 157
72 158
72 159
72 160
72 161
71 162
70 163
70 164
70 165
70 166
70 167
71 168
72 169
72 170
71 171
71 172
70 173
69 174
68 175
68 176
67 177
66 178
66 179
65 180
64 181
63 182
62 183
62 184
61 185
60 186
60 187
59 188
58 189
58 190
57 191
57 192
56 193
55 194
55 195
55 196
54 197
54 198
54 199
54 200
53 201
53 202
53 203
52 204
52 205
52 206
52 207
51 208
51 209
51 210
51 211
50 212
50 213
49 214
49 215
49 216
49 217
49 218
49 219
48 220
48 221
48 222
48 223
48 224
48 225
48 226
48 227
48 228
47 229
46 229
45 230
44 230
43 230
42 230
41 229
40 228
39 227
38 226
37 225
36 225
35 225
34 224
33 224
32 224
31 224
30 225
29 226
28 227
27 227
26 226
25 226
24 226
23 226
22 227
21 227
21 228
20 229
19 230
19 231
19 232
18 233
18 234
18 235
18 236
17 237
17 238
17 239
17 240
17 241
17 242
18 243
18 244
18 245
18 246
19 247
19 248
19 249
20 250
21 251
20 252
19 253
18 253
17 253
16 253
15 254
14 254
13 254
12 254
11 254
10 254
9 255
8 256
8 257
8 258
8 259
8 260
9 261
9 262
8 263
8 264
8 265
8 266
8 267
8 268
8 269
8 270
8 271
8 272
8 273
8 274
8 275
8 276
8 277
8 278
9 279
9 280
9 281
9 282
9 283
10 283
11 283
12 283
13 283
14 283
15 283
16 283
17 283
18 283
19 283
20 283
21 282
22 282
23 282
24 282
25 282
26 281
27 281
28 281
29 281
30 281
31 281
32 280
33 280
34 280
35 280
36 280
37 279
38 279
39 279
40 278
41 278
42 278
43 278
44 277
45 278
45 279
45 280
45 281
45 282
44 283
44 284
44 285
44 286
44 287
43 288
43 289
43 290
43 291
42 292
42 293
42 294
42 295
42 296
42 297
41 298
40 299
39 299
38 300
37 299
37 298
36 297
37 296
37 295
37 294
37 293
37 292
37 291
37 290
36 289
35 288
35 287
34 286
33 285
32 285
31 285
30 285
29 285
28 285
27 286
26 287
25 288
25 289
24 290
23 290
22 290
21 290
20 290
19 291
18 291
17 291
16 291
15 292
14 292
13 292
12 292
11 293
10 293
9 293
8 294
7 294
6 295
5 296
4 297
4 298
4 299
4 300
4 301
5 302
6 303
7 303
8 304
9 304
10 304
11 304
12 305
12 306
12 307
12 308
12 309
12 310
12 311
13 312
12 313
11 313
10 312
9 312
8 311
7 311
6 310
5 310
4 309
3 309
2 309
1 309
1 310
1 311
1 312
1 313
1 314
2 315
3 315
4 316
4 317
4 318
4 319
4 320
4 321
4 322
4 323
5 324
6 325
7 325
8 325
9 325
10 325
11 325
12 325
13 326
13 327
13 328
13 329
13 330
13 331
13 332
13 333
13 334
12 335
11 335
10 334
9 334
8 333
7 333
6 332
6 331
5 330
4 330
3 330
2 330
1 331
1 332
1 333
1 334
1 335
1 336
2 337
3 337
4 338
5 339
6 339
7 340
8 340
9 340
10 340
11 340
12 340
13 340
14 340
15 340
16 340
17 339
17 338
17 337
17 336
17 335
18 334
18 333
18 332
18 331
19 330
19 329
20 328
21 328
22 327
23 326
24 326
25 326
26 325
27 326
27 327
27 328
27 329
27 330
28 331
29 332
30 333
30 334
31 335
30 336
30 337
30 338
30 339
31 340
31 341
31 342
32 343
32 344
33 344
34 345
35 345
36 345
37 345
38 344
39 344
40 344
41 343
42 343
43 343
44 342
45 342
46 342
47 342
48 342
49 342
50 341
51 341
52 341
53 340
54 340
55 340
56 339
57 339
58 339
59 338
60 338
61 338
62 337
63 337
64 336
65 336
66 336
67 337
67 338
67 339
67 340
68 341
68 342
68 343
68 344
68 345
69 346
69 347
69 348
69 349
70 350
70 351
70 352
70 353
71 354
71 355
71 356
72 357
72 358
72 359
73 360
73 361
73 362
74 363
74 364
75 365
75 366
76 367
76 368
77 369
77 370
77 371
77 372
78 373
79 374
79 375
80 376
80 377
81 378
81 379
82 380
83 381
84 382
84 383
85 384
86 385
86 386
87 387
88 388
88 389
89 389
90 390
90 391
91 392
92 393
93 394
94 395
95 396
95 397
96 398
97 398
98 399
98 400
99 400
100 401
101 401
102 402
103 403
104 403
105 404
106 405
107 406
108 406
109 407
110 407
111 408
112 408
113 409
114 409
115 409
116 410
117 410
118 411
119 411
120 412
121 412
122 413
123 413
124 413
125 413
126 413
127 414
128 414
129 414
130 415
131 415
132 415
133 415
134 416
135 416
136 416
137 416
138 416
139 416
140 416
141 416
142 417
143 417
144 417
145 417
146 417
147 417
148 417
149 417
150 417
151 417
152 417
153 417
154 417
155 417
156 417
157 417
158 416
159 416
160 416
161 416
162 416
163 416
164 416
165 416
166 416
167 416
168 416
169 416
170 415
171 415
172 415
173 414
174 414
175 414
176 413
177 413
178 412
179 412
180 412
181 412
182 411
183 411
184 410
185 410
186 409
187 409
188 408
189 408
190 407
191 407
192 406
193 405
194 405
195 404
196 403
197 403
198 402
199 401
200 401
201 400
202 399
203 398
204 398
205 397
205 396
206 395
207 395
208 394
209 393
209 392
210 391
211 390
211 389
212 388
213 387
213 386
214 385
215 384
215 383
216 382
216 381
217 380
217 379
218 378
219 377
219 376
220 375
220 374
220 373
221 372
221 371
222 370
222 369
222 368
222 367
223 366
223 365
224 364
224 363
225 362
226 362
227 362
228 363
229 363
230 363
231 363
232 363
233 363
234 363
235 363
236 363
237 363
238 363
239 364
240 364
241 364
242 364
243 364
244 364
245 364
246 364
247 364
248 364
249 364
250 364
251 364
252 364
253 365
254 365
255 365
256 365
257 365
258 365
259 365
260 365
261 365
262 365
263 366
264 366
265 366
266 366
267 366
268 366
269 366
270 366
271 366
272 367
273 367
274 367
275 367
276 367
277 367
278 367
279 367
280 367
281 367
282 367
283 367
284 367
285 367
286 367
287 368
288 368
289 368
290 368
291 368
292 368
293 368
294 368
295 368
296 369
297 369
298 369
299 369
300 369
301 369
302 369
303 369
304 369
305 369
306 369
307 369
308 369
309 369
310 369
311 370
312 370
313 370
314 370
315 370
316 370
317 370
318 370
319 370
320 370
321 370
322 370
323 370
324 370
325 370
326 371
327 371
328 371
329 371
330 371
331 371
332 371
333 371
334 371
335 371
336 371
337 371
338 372
339 372
340 372
341 372
342 372
343 372
344 372
345 372
346 372
347 373
348 373
349 373
350 373
351 373
352 373
353 373
354 373
355 373
356 373
357 374
358 374
359 374
360 374
361 374
362 374
363 374
364 374
365 374
366 375
367 375
368 375
369 375
370 375
371 375
372 375
373 375
374 375
375 375
376 375
377 376
378 376
379 376
380 376
381 376
382 376
383 376
384 376
385 377
386 377
387 377
388 377
389 377
390 377
391 377
392 377
393 377
394 377
395 377
396 378
397 378
398 378
399 378
400 378
401 378
402 378
403 378
404 378
405 378
406 378
407 378
408 379
409 379
410 379
411 379
412 379
413 379
414 379
415 379
416 379
417 380
418 380
419 380
420 380
421 380
422 380
423 380
424 380
425 380
426 380
427 381
428 381
429 381
430 381
431 381
432 381
433 381
434 381
435 381
436 381
437 381
438 382
439 382
440 382
441 382
442 382
443 382
444 382
445 382
446 382
447 382
448 382
449 382
450 382
451 382
452 383
453 383
454 383
455 383
456 383
457 383
458 383
459 383
460 383
461 383
462 383
463 383
464 383
465 383
466 383
467 384
468 384
469 384
470 384
471 384
472 384
473 384
474 384
475 385
476 385
477 385
478 385
479 385
480 385
481 385
482 385
483 385
484 385
485 385
486 385
487 385
488 386
489 386
490 386
491 386
492 386
493 386
494 386
495 386
496 386
497 386
498 386
499 386
500 386
501 387
502 387
503 387
504 387
505 387
506 387
507 387
508 387
509 387
510 387
511 387
512 388
513 388
514 388
515 388
516 388
517 388
518 388
519 388
520 388
521 388
522 388
523 388
524 389
525 389
526 389
527 389
528 389
529 389
530 389
531 389
532 389
533 389
534 389
535 390
536 390
537 390
538 390
539 390
540 390
541 390
542 390
543 390
544 390
545 390
546 390
547 390
548 391
549 391
550 391
551 391
552 391
553 391
554 391
555 391
556 391
557 391
558 391
559 391
560 391
561 391
562 392
563 392
564 392
565 392
566 392
567 392
568 392
569 392
570 392
571 392
572 392
573 392
574 392
575 392
576 392
577 392
578 392
579 392
580 392
581 392
582 392
583 392
584 392
585 392
586 392
587 393
588 393
589 393
590 393
591 393
592 393
593 393
594 393
595 393
596 393
597 393
598 393
599 393
600 393
601 393
602 393
603 393
604 393
605 393
606 393
607 393
608 393
609 392
610 392
611 392
612 392
613 392
614 392
615 392
616 391
617 391
618 391
619 391
620 391
621 391
622 390
623 390
624 390
625 390
626 390
627 390
628 389
629 389
630 389
631 389
632 389
633 388
634 388
635 388
636 388
637 387
638 387
639 387
640 386
641 386
642 386
643 386
644 386
645 385
646 385
647 385
648 384
649 384
650 383
651 383
652 382
653 382
654 381
655 380
656 380
657 379
658 379
659 378
660 378
661 377
662 377
663 376
664 376
665 375
666 374
667 374
668 373
669 372
670 372
671 371
672 371
673 370
674 370
674 369
675 368
676 368
677 368
678 368
679 368
680 368
681 368
682 368
683 368
684 368
685 369
686 369
687 369
688 369
689 369
690 369
691 369
692 370
693 370
694 370
695 370
696 370
697 370
698 370
699 370
700 371
701 371
702 371
703 371
704 371
705 371
706 371
707 372
708 372
709 372
710 372
711 372
712 372
713 372
714 373
715 373
716 373
717 373
718 373
719 373
720 374
721 374
722 374
723 374
724 375
725 375
726 375
727 375
728 375
729 375
730 376
731 376
732 376
733 376
734 376
735 377
736 377
737 377
738 377
739 377
740 377
741 377
742 377
743 378
744 379
744 380
744 381
744 382
745 383
745 384
745 385
745 386
745 387
745 388
745 389
746 390
746 391
746 392
746 393
746 394
746 395
746 396
747 397
747 398
747 399
747 400
747 401
747 402
748 403
748 404
748 405
748 406
748 407
749 408
749 409
750 410
750 411
750 412
751 413
751 414
751 415
752 416
752 417
752 418
753 419
753 420
753 421
754 422
754 423
755 424
755 425
756 426
756 427
756 428
756 429
757 430
758 431
758 432
759 433
759 434
760 435
760 436
761 437
761 438
762 439
763 440
763 441
764 442
764 443
765 443
766 444
766 445
767 446
768 447
768 448
769 449
770 450
771 451
771 452
772 453
772 454
773 454
774 455
775 456
775 457
776 457
777 458
777 459
778 460
779 461
780 462
781 463
782 463
783 464
784 465
785 465
786 466
787 467
788 468
789 469
790 469
791 470
792 471
793 471
794 472
795 473
796 473
797 474
798 474
799 475
800 476
801 477
802 477
803 478
804 478
805 478
806 479
807 479
808 480
809 480
810 481
811 481
812 481
813 482
814 482
815 483
816 483
817 484
818 484
819 484
820 484
821 485
822 485
823 485
824 485
825 486
826 486
827 486
828 486
829 486
830 486
831 486
832 486
833 486
834 486
835 486
836 486
837 486
838 486
839 486
840 486
841 486
842 486
843 486
844 486
845 486
846 486
847 486
848 486
849 486
850 486
851 486
852 486
853 486
854 486
855 486
856 486
857 486
858 486
859 486
860 486
861 486
862 486
863 486
864 486
865 485
866 485
867 485
868 485
869 485
870 485
871 485
872 485
873 484
874 484
875 484
876 484
877 484
878 483
879 483
880 482
881 482
882 482
883 481
884 481
885 480
886 480
887 479
888 479
889 478
890 478
891 477
892 477
893 476
894 476
895 475
896 475
897 474
898 473
899 472
900 472
901 472
902 471
903 470
904 469
905 469
905 468
906 467
907 467
908 466
909 465
910 464
911 463
912 462
913 461
914 460
915 459
915 458
916 457
917 456
918 455
919 454
920 453
921 452
921 451
922 450
922 449
923 448
924 447
925 446
925 445
926 444
926 443
927 442
927 441
928 440
928 439
929 438
930 437
930 436
930 435
931 434
931 433
932 432
932 431
932 430
933 429
933 428
933 427
934 426
934 425
934 424
935 423
935 422
935 421
935 420
936 419
936 418
936 417
936 416
936 415
937 414
937 413
937 412
938 411
939 411
940 411
941 412
942 412
943 413
944 413
945 413
946 414
947 414
948 415
948 416
948 417
948 418
949 419
949 420
950 421
951 421
952 421
953 421
954 421
955 421
956 421
957 420
958 420
959 419
960 419
961 419
962 419
963 419
964 419
965 419
966 419
967 419
968 420
969 420
970 420
971 420
972 420
973 420
974 420
975 420
976 420
977 420
978 420
979 421
980 421
981 421
982 421
983 421
984 421
985 421
986 420
987 420
988 420
989 420
990 420
991 420
992 420
993 420
994 419
995 419
996 419
997 419
998 419
999 419
1000 419
1001 419
1002 418
1003 418
1004 418
1005 418
1006 418
1007 418
1008 417
1009 417
1010 417
1011 417
1012 417
1013 417
1014 416
1015 416
1016 415
1017 415
1018 415
1019 414
1020 414
1021 413
1022 413
1023 412
1024 412
1025 411
1026 410
1027 410
1028 409
1029 409
1030 408
1031 408
1032 407
1033 406
1034 405
1035 405
1036 404
1037 403
1038 402
1039 401
1040 401
1041 400
1042 399
1043 399
1044 398
1045 397
1046 396
1047 395
1048 394
1049 393
1050 392
1051 391
1052 390
1052 389
1053 388
1054 388
1054 387
1055 386
1056 385
1057 384
1057 383
1058 382
1059 381
1059 380
1060 379
1061 378
1061 377
1062 376
1062 375
1063 374
1063 373
1064 372
1064 371
1065 370
1066 369
1067 368
1067 367
1068 366
1069 366
1070 365
1071 364
1072 364
1073 363
1074 362
1075 362
1076 361
1077 360
1078 360
1079 359
1080 358
1081 358
1082 357
1083 356
1084 356
1085 355
1086 354
1087 354
1088 353
1089 352
1090 351
1091 351
1092 350
1093 349
1094 349
1095 349
1096 348
1097 347
1098 347
1099 346
1100 345
1101 344
1102 343
1103 342
1103 341
1104 340
1104 339
1104 338
1104 337
1103 337
1102 336
1103 335
1104 334
1105 333
1106 332
1106 331
1107 330
1107 329
1107 328
1107 327
1107 326
1107 325
1107 324
1107 323
1107 322
1107 321
1108 320
1108 319
1108 318
1108 317
1107 316
1106 316
1105 315
1104 314
1104 313
1103 312
1103 311
1103 310
1104 309
1104 308
1104 307
1104 306
1104 305
1103 304
1103 303
1102 303
1101 303
1100 302
1099 302
1098 301
1097 301
1096 301
1095 301
1094 301
1093 300
1093 299
1093 298
1093 297
1092 296
1091 296
1090 296
1089 296
1088 297
1087 297
1086 298
1086 299
1085 300
1084 301
1084 302
1084 303
1084 304
1084 305
1084 306
1084 307
1084 308
1083 309
1082 310
1081 310
1080 311
1079 311
1078 312
1077 312
1076 312
1075 312
1074 313
1073 312
1073 311
1073 310
1073 309
1073 308
1073 307
1073 306
1073 305
1073 304
1073 303
1072 302
1072 301
1072 300
1072 299
1072 298
1071 297
1071 296
1071 295
1070 294
1070 293
1070 292
1070 291
1070 290
1070 289
1069 288
1069 287
1069 286
1068 285
1068 284
1068 283
1068 282
1068 281
1067 280
1067 279
1066 278
1066 277
1066 276
1065 275
1065 274
1065 273
1064 272
1064 271
1063 270
1063 269
1062 268
1062 267
1061 266
1061 265
1061 264
1062 263
1063 263
1064 263
1065 263
1066 262
1067 262
1068 262
1069 261
1070 261
1071 260
1071 259
1071 258
1072 257
1072 256
1072 255
1072 254
1072 253
1071 252
1071 251
1071 250
1071 249
1071 248
1071 247
1070 246
1070 245
1070 244
1070 243
1070 242
1069 241
1069 240
1069 239
1068 238
1068 237
1068 236
1067 236
1066 235
1066 234
1066 233
1065 232
1064 231
1063 230
1063 229
1062 228
1061 228
1060 228
1059 228
1058 227
1058 226
1058 225
1058 224
1057 223
1057 222
1056 221
1055 220
1054 219
1054 218
1053 217
1052 217
1051 216
1051 215
1050 214
1049 213
1048 213
1047 212
1046 211
1045 211
1044 210
1043 210
1042 209
1041 208
1040 208
1039 207
1038 207
1037 206
1036 205
1035 205
1034 204
1033 204
1032 203
1031 203
1030 202
1029 202
1028 202
1027 201
1026 201
1025 200
1024 200
1023 199
1022 199
1021 199
1020 198
1019 198
1018 197
1017 197
1016 197
1015 197
1014 196
1013 196
1012 195
1011 195
1010 195
1009 194
1008 194
1007 194
1006 194
1005 194
1004 193
1003 193
1002 193
1001 193
1000 192
999 192
998 192
997 192
996 192
995 191
994 190
993 190
992 190
991 190
990 189
990 188
989 187
988 186
987 185
986 185
985 185
984 185
983 184
983 183
982 183
981 182
980 181
980 180
980 179
979 179
978 179
977 179
976 179
975 179
974 179
973 179
972 180
971 180
970 180
969 180
968 180
967 180
966 180
965 180
964 180
963 180
962 180
961 180
960 180
959 180
958 181
957 181
956 182
955 182
954 182
954 183
953 184
952 184
951 185
950 185
949 186
948 186
947 187
946 188
946 189
945 190
945 191
944 192
943 193
942 193
941 193
940 192
940 191
940 190
940 189
940 188
940 187
940 186
940 185
940 184
939 183
939 182
939 181
939 180
939 179
939 178
939 177
938 176
938 175
938 174
938 173
937 172
937 171
937 170
937 169
936 168
936 167
935 166
935 165
934 164
934 163
933 162
933 161
932 160
931 159
930 158
929 157
928 156
927 155
926 155
925 154
924 154
923 153
922 153
921 152
920 152
919 151
918 151
917 150
916 150
915 150
914 149
913 149
912 149
911 149
910 149
909 148
908 147
908 146
909 145
910 144
910 143
910 142
910 141
909 140
909 139
910 138
911 138
912 137
912 136
912 135
912 134
912 133
913 132
914 132
915 132
916 132
917 132
918 132
919 132
920 132
921 132
922 132
923 131
924 131
925 131
926 131
927 131
928 131
929 131
930 130
931 130
931 129
931 128
931 127
931 126
930 125
929 125
928 124
927 124
926 124
925 124
924 124
923 125
922 125
921 125
920 125
919 125
918 125
917 125
916 124
916 123
916 122
916 121
916 120
915 119
914 118
914 117
913 116
912 116
911 116
910 116
909 116
908 117
907 117
906 117
905 117
904 117
903 117
903 118
903 119
903 120
904 121
905 122
905 123
904 124
903 124
902 125
901 126
900 126
899 127
898 127
897 128
897 129
896 130
896 131
895 132
894 132
893 133
892 134
891 135
891 136
890 137
889 137
888 137
887 138
886 138
886 139
886 140
886 141
886 142
886 143
887 144
887 145
886 146
885 146
884 146
883 146
882 145
881 145
880 145
879 145
878 145
877 145
876 145
875 145
874 145
873 145
872 145
871 145
870 144
869 144
868 144
867 144
866 144
865 144
864 144
863 144
862 144
861 144
860 144
859 144
858 143
857 143
856 143
855 143
854 143
853 143
852 143
851 143
850 143
849 142
848 142
847 142
846 142
845 142
844 142
843 142
842 142
841 142
840 142
839 142
838 142
837 142
836 142
835 142
834 141
833 141
832 141
831 141
830 141
829 141
828 141
827 141
826 141
825 140
824 140
823 140
822 140
821 140
820 140
819 140
818 140
817 140
816 140
815 140
814 140
813 140
812 139
811 139
810 139
809 139
808 139
807 139
806 139
805 138
804 138
803 138
802 138
801 138
800 138
799 138
798 138
797 138
796 138
795 138
794 138
793 137
792 137
791 137
790 137
789 137
788 137
787 137
786 137
785 137
784 137
783 137
782 137
781 137
780 136
779 136
778 136
777 136
776 136
775 136
774 136
773 136
772 136
771 136
770 136
769 136
768 136
767 136
766 136
765 135
764 135
763 135
762 135
761 135
760 135
759 135
758 135
757 135
756 135
755 135
754 135
753 135
752 135
751 135
750 134
749 134
748 134
747 134
746 134
745 134
744 134
743 134
742 134
741 134
740 134
739 134
738 134
737 134
736 134
735 133
734 133
733 133
732 133
731 133
730 133
729 133
728 133
727 133
726 133
725 133
724 133
723 133
722 133
721 133
720 132
719 132
718 132
717 132
716 132
715 132
714 132
713 132
712 132
711 132
710 132
709 132
708 131
707 131
706 131
705 131
704 131
703 131
702 131
701 130
700 130
699 130
698 130
697 131
696 131
695 130
695 129
695 128
695 127
694 126
694 125
693 124
693 123
693 122
692 122
691 121
690 121
689 121
688 121
687 121
686 121
685 121
684 121
683 122
682 122
681 122
680 122
679 123
678 123
677 123
676 123
675 124
674 125
674 126
673 127
672 128
671 128
670 128
669 128
668 127
668 126
668 125
668 124
668 123
668 122
668 121
668 120
668 119
668 118
668 117
668 116
668 115
668 114
668 113
668 112
668 111
668 110
668 109
668 108
667 107
668 106
668 105
668 104
668 103
667 102
667 101
667 100
667 99
667 98
667 97
668 96
668 95
668 94
668 93
667 92
667 91
667 90
667 89
667 88
667 87
667 86
667 85
667 84
667 83
667 82
667 81
668 80
668 79
668 78
668 77
667 76
668 75
668 74
668 73
668 72
668 71
668 70
668 69
668 68
667 67
667 66
667 65
668 64
669 63
670 62
671 62
672 62
673 62
674 62
675 62
676 61
677 61
678 61
679 61
680 61
681 61
682 61
683 61
684 61
685 61
686 61
687 60
688 60
689 60
690 60
691 60
692 60
693 60
694 60
695 60
696 60
697 60
698 60
699 60
700 60
701 60
702 59
703 59
704 59
705 59
706 59
707 59
708 59
709 59
710 59
711 59
712 59
713 59
714 58
715 58
716 58
717 57
717 56
717 55
717 54
717 53
716 52
716 51
716 50
715 49
715 48
714 47
713 47
712 46
712 45
711 45
710 45
709 44
708 44
707 43
706 42
705 41
704 41
703 40
702 40
701 40
700 39
699 39
698 38
697 38
696 37
695 37
694 36
693 36
692 35
691 35
690 35
689 34
688 34
687 34
686 33
685 33
684 33
683 32
682 32
681 32
680 31
679 31
678 31
677 30
676 30
675 30
674 29
673 29
672 28
671 28
670 27
669 27
668 27
667 27
666 26
665 26
664 25
663 25
662 25
661 24
660 24
659 24
658 24
657 24
656 24
655 23
654 23
653 23
652 23
651 23
650 23
649 22
648 22
647 22
646 22
645 21
644 21
643 21
642 21
641 21
640 20
639 20
638 20
637 20
636 20
635 19
634 19
633 19
632 19
631 19
630 19
629 19
628 18
627 18
626 18
625 18
624 18
623 18
622 18
621 17
620 17
619 17
618 17
617 17
616 16
615 16
614 16
613 16
612 16
611 16
610 16
609 16
608 15
607 15
606 15
605 15
604 15
603 15
602 15
601 15
600 15
599 15
598 15
597 14
596 14
595 14
594 14
593 14
592 14
591 14
590 14
589 14
588 14
587 14
586 13
585 13
584 13
583 13
582 13
581 13
580 13
579 13
578 12
577 12
576 12
575 12
574 12
573 12
572 12
571 12
570 12
569 12
568 12
567 11
566 11
565 11
564 11
563 11
562 11
561 11
560 11
559 11
558 11
557 11
556 11
555 11
554 11
553 11
552 10
551 10
550 10
549 10
548 10
547 10
546 10
545 10
544 10
543 10
542 10
541 9
540 9
539 9
538 9
537 9
536 9
535 9
534 9
533 9
532 8
531 8
530 8
529 8
528 8
527 8
526 8
525 8
524 8
523 7
522 7
521 7
520 7
519 7
518 7
517 7
516 7
515 7
514 7
513 7
512 7
511 7
510 6
509 6
508 6
507 6
506 6
505 6
504 6
503 6
502 6
501 6
500 6
499 6
498 5
497 5
496 5
495 5
494 5
493 5
492 5
491 5
490 5
489 5
488 5
487 5
486 5
485 5
484 5
483 5
482 4
481 4
480 4
479 4
478 4
477 4
476 4
475 4
474 5
473 4
472 4
471 4
470 4
469 4
468 4
467 4
466 4
465 4
464 4
463 4
462 4
461 4
460 4
459 4
458 4
457 4
456 3
455 3
454 3
453 3
452 3
451 3
450 3
449 3
448 3
447 3
446 3
445 3
444 3
443 3
442 3
441 3
440 3
439 3
438 3
437 3
436 2
435 2
434 2
433 2
432 2
431 2
430 2
429 2
428 2
427 2
426 2
425 2
424 2
423 2
422 2
421 2
420 2
419 2
418 2
417 2
416 2
415 2
414 2
413 2
412 2
411 2
410 2
409 2
408 2
407 2
406 2
405 2
404 2
403 2
402 2
401 2
400 2
399 2
398 2
397 2
396 2
395 2
394 2
393 2
392 2
391 2
390 1
389 1
388 1
387 1
386 1
385 1
384 1
383 1
382 1
381 1
380 1
379 1
378 1
377 1
376 1
375 1
374 1
373 1
372 1
371 1
370 1
369 1
368 1
367 1
366 1
365 1
364 1
363 1
362 1
361 1
360 1
359 1
358 1
357 1
356 1
355 1
354 1
353 1
352 1
351 1
350 1
349 1
348 1
347 1
346 1
345 1
344 1
343 1
342 1
341 1
340 1
339 1
338 1
337 1
336 1
335 1
334 1
333 1
332 1
331 1
330 1
329 1
328 1
327 1
326 1
325 1
324 1
323 1
322 1
321 1
320 1
319 1
318 1
317 1
316 1
315 1
314 1
313 1
312 1
311 1
310 1
309 1
308 1
307 1
306 1
305 1
304 1
303 1
302 1
301 1
300 1
299 1
298 1
297 1
296 1
