719 1
718 2
717 2
716 2
715 2
714 2
713 2
712 2
711 2
710 2
709 2
708 2
707 2
706 2
705 2
704 2
703 2
702 2
701 2
700 2
699 2
698 2
697 2
696 2
695 2
694 2
693 2
692 2
691 2
690 2
689 2
688 2
687 2
686 2
685 2
684 2
683 2
682 2
681 2
680 2
679 2
678 2
677 2
676 2
675 2
674 2
673 2
672 3
671 3
670 3
669 3
668 3
667 3
666 3
665 3
664 3
663 3
662 3
661 3
660 3
659 3
658 3
657 3
656 3
655 3
654 3
653 3
652 4
651 4
650 4
649 4
648 4
647 4
646 4
645 4
644 4
643 4
642 4
641 4
640 4
639 4
638 4
637 4
636 4
635 5
634 4
633 4
632 4
631 4
630 4
629 4
628 4
627 4
626 5
625 5
624 5
623 5
622 5
621 5
620 5
619 5
618 5
617 5
616 5
615 5
614 5
613 5
612 5
611 5
610 6
609 6
608 6
607 6
606 6
605 6
604 6
603 6
602 6
601 6
600 6
599 6
598 7
597 7
596 7
595 7
594 7
593 7
592 7
591 7
590 7
589 7
588 7
587 7
586 7
585 8
584 8
583 8
582 8
581 8
580 8
579 8
578 8
577 8
576 9
575 9
574 9
573 9
572 9
571 9
570 9
569 9
568 9
567 10
566 10
565 10
564 10
563 10
562 10
561 10
560 10
559 10
558 10
557 10
556 11
555 11
554 11
553 11
552 11
551 11
550 11
549 11
548 11
547 11
546 11
545 11
544 11
543 11
542 11
541 12
540 12
539 12
538 12
537 12
536 12
535 12
534 12
533 12
532 12
531 12
530 13
529 13
528 13
527 13
526 13
525 13
524 13
523 13
522 14
521 14
520 14
519 14
518 14
517 14
516 14
515 14
514 14
513 14
512 14
511 15
510 15
509 15
508 15
507 15
506 15
505 15
504 15
503 15
502 15
501 15
500 16
499 16
498 16
497 16
496 16
495 16
494 16
493 16
492 17
491 17
490 17
489 17
488 17
487 18
486 18
485 18
484 18
483 18
482 18
481 18
480 19
479 19
478 19
477 19
476 19
475 19
474 19
473 20
472 20
471 20
470 20
469 20
468 21
467 21
466 21
465 21
464 21
463 22
462 22
461 22
460 22
459 23
458 23
457 23
456 23
455 23
454 23
453 24
452 24
451 24
450 24
449 24
448 24
447 25
446 25
445 25
444 26
443 26
442 27
441 27
440 27
439 27
438 28
437 28
436 29
435 29
434 30
433 30
432 30
431 31
430 31
429 31
428 32
427 32
426 32
425 33
424 33
423 33
422 34
421 34
420 34
419 35
418 35
417 35
416 36
415 36
414 37
413 37
412 38
411 38
410 39
409 39
408 40
407 40
406 40
405 41
404 41
403 42
402 43
401 44
400 44
399 45
398 45
397 45
397 46
396 47
395 47
394 48
394 49
393 50
393 51
393 52
392 53
392 54
392 55
392 56
392 57
393 58
394 58
395 58
396 59
397 59
398 59
399 59
400 59
401 59
402 59
403 59
404 59
405 59
406 59
407 59
408 60
409 60
410 60
411 60
412 60
413 60
414 60
415 60
416 60
417 60
418 60
419 60
420 60
421 60
422 60
423 61
424 61
425 61
426 61
427 61
428 61
429 61
430 61
431 61
432 61
433 61
434 62
435 62
436 62
437 62
438 62
439 62
440 63
441 64
442 65
442 66
442 67
441 68
441 69
441 70
441 71
441 72
441 73
441 74
441 75
442 76
441 77
441 78
441 79
441 80
442 81
442 82
442 83
442 84
442 85
442 86
442 87
442 88
442 89
442 90
442 91
442 92
441 93
441 94
441 95
441 96
442 97
442 98
442 99
442 100
442 101
442 102
441 103
441 104
441 105
441 106
442 107
441 108
441 109
441 110
441 111
441 112
441 113
441 114
441 115
441 116
441 117
441 118
441 119
441 120
441 121
441 122
441 123
441 124
441 125
441 126
441 127
440 128
439 128
438 128
437 128
436 127
435 126
435 125
434 124
433 123
432 123
431 123
430 123
429 122
428 122
427 122
426 122
425 121
424 121
423 121
422 121
421 121
420 121
419 121
418 121
417 122
416 122
416 123
416 124
415 125
415 126
414 127
414 128
414 129
414 130
413 131
412 131
411 130
410 130
409 130
408 130
407 131
406 131
405 131
404 131
403 131
402 131
401 131
400 132
399 132
398 132
397 132
396 132
395 132
394 132
393 132
392 132
391 132
390 132
389 132
388 133
387 133
386 133
385 133
384 133
383 133
382 133
381 133
380 133
379 133
378 133
377 133
376 133
375 133
374 133
373 134
372 134
371 134
370 134
369 134
368 134
367 134
366 134
365 134
364 134
363 134
362 134
361 134
360 134
359 134
358 135
357 135
356 135
355 135
354 135
353 135
352 135
351 135
350 135
349 135
348 135
347 135
346 135
345 135
344 135
343 136
342 136
341 136
340 136
339 136
338 136
337 136
336 136
335 136
334 136
333 136
332 136
331 136
330 136
329 136
328 137
327 137
326 137
325 137
324 137
323 137
322 137
321 137
320 137
319 137
318 137
317 137
316 137
315 138
314 138
313 138
312 138
311 138
310 138
309 138
308 138
307 138
306 138
305 138
304 138
303 139
302 139
301 139
300 139
299 139
298 139
297 139
296 140
295 140
294 140
293 140
292 140
291 140
290 140
289 140
288 140
287 140
286 140
285 140
284 140
283 141
282 141
281 141
280 141
279 141
278 141
277 141
276 141
275 141
274 142
273 142
272 142
271 142
270 142
269 142
268 142
267 142
266 142
265 142
264 142
263 142
262 142
261 142
260 142
259 143
258 143
257 143
256 143
255 143
254 143
253 143
252 143
251 143
250 144
249 144
248 144
247 144
246 144
245 144
244 144
243 144
242 144
241 144
240 144
239 144
238 145
237 145
236 145
235 145
234 145
233 145
232 145
231 145
230 145
229 145
228 145
227 145
226 146
225 146
224 146
223 146
222 145
222 144
223 143
223 142
223 141
223 140
223 139
223 138
222 138
221 137
220 137
219 137
218 136
218 135
217 134
216 133
215 132
214 132
213 131
213 130
212 129
212 128
211 127
210 127
209 126
208 126
207 125
206 124
205 124
204 123
204 122
205 121
206 120
206 119
206 118
206 117
205 117
204 117
203 117
202 117
201 117
200 116
199 116
198 116
197 116
196 116
195 117
195 118
194 119
193 120
193 121
193 122
193 123
193 124
192 125
191 125
190 125
189 125
188 125
187 125
186 125
185 124
184 124
183 124
182 124
181 124
180 125
179 125
178 126
178 127
178 128
178 129
178 130
179 130
180 131
181 131
182 131
183 131
184 131
185 131
186 131
187 132
188 132
189 132
190 132
191 132
192 132
193 132
194 132
195 132
196 132
197 133
197 134
197 135
197 136
197 137
198 138
199 138
200 139
200 140
199 141
199 142
199 143
199 144
200 145
201 146
201 147
200 148
199 149
198 149
197 149
196 149
195 149
194 150
193 150
192 150
191 151
190 151
189 152
188 152
187 153
186 153
185 154
184 154
183 155
182 155
181 156
180 157
179 158
178 159
177 160
176 161
176 162
175 163
175 164
174 165
174 166
173 167
173 168
172 169
172 170
172 171
172 172
171 173
171 174
171 175
171 176
170 177
170 178
170 179
170 180
170 181
170 182
170 183
169 184
169 185
169 186
169 187
169 188
169 189
169 190
169 191
169 192
168 193
167 193
166 193
165 192
164 191
164 190
163 189
163 188
162 187
161 186
160 186
159 185
158 185
157 184
156 184
155 183
155 182
154 182
153 182
152 181
151 181
150 180
149 180
148 180
147 180
146 180
145 180
144 180
143 180
142 180
141 180
140 180
139 180
138 180
137 180
136 179
135 179
134 179
133 179
132 179
131 179
130 179
129 179
129 180
129 181
128 182
127 183
126 183
126 184
125 185
124 185
123 185
122 185
121 186
120 187
119 188
119 189
118 190
117 190
116 190
115 190
114 191
113 192
112 192
111 192
110 192
109 192
108 193
107 193
106 193
105 193
104 194
103 194
102 194
101 194
100 194
99 195
98 195
97 195
96 196
95 196
94 197
93 197
92 197
91 197
90 198
89 198
88 199
87 199
86 199
85 200
84 200
83 201
82 201
81 202
80 202
79 202
78 203
77 203
76 204
75 204
74 205
73 205
72 206
71 207
70 207
69 208
68 208
67 209
66 210
65 210
64 211
63 211
62 212
61 213
60 213
59 214
58 215
58 216
57 217
56 217
55 218
55 219
54 220
53 221
52 222
52 223
51 224
51 225
51 226
51 227
50 228
49 228
48 228
47 228
46 229
46 230
45 231
44 232
43 233
43 234
43 235
42 236
41 236
41 237
41 238
40 239
40 240
40 241
39 242
39 243
39 244
39 245
39 246
38 247
38 248
38 249
38 250
38 251
38 252
37 253
37 254
37 255
37 256
37 257
38 258
38 259
38 260
39 261
40 261
41 262
42 262
43 262
44 263
45 263
46 263
47 263
48 264
48 265
48 266
47 267
47 268
46 269
46 270
45 271
45 272
44 273
44 274
44 275
43 276
43 277
43 278
42 279
42 280
41 281
41 282
41 283
41 284
41 285
40 286
40 287
40 288
39 289
39 290
39 291
39 292
39 293
39 294
38 295
38 296
38 297
37 298
37 299
37 300
37 301
37 302
36 303
36 304
36 305
36 306
36 307
36 308
36 309
36 310
36 311
36 312
35 313
34 312
33 312
32 312
31 312
30 311
29 311
28 310
27 310
26 309
25 308
25 307
25 306
25 305
25 304
25 303
25 302
25 301
24 300
23 299
23 298
22 297
21 297
20 296
19 296
18 296
17 296
16 297
16 298
16 299
16 300
15 301
14 301
13 301
12 301
11 301
10 302
9 302
8 303
7 303
6 303
6 304
5 305
5 306
5 307
5 308
5 309
6 310
6 311
6 312
5 313
5 314
4 315
3 316
2 316
1 317
1 318
1 319
1 320
2 321
2 322
2 323
2 324
2 325
2 326
2 327
2 328
2 329
2 330
3 331
3 332
4 333
5 334
6 335
7 336
6 337
5 337
5 338
5 339
5 340
6 341
6 342
7 343
8 344
9 345
10 346
11 347
12 347
13 348
14 349
15 349
16 349
17 350
18 351
19 351
20 352
21 353
22 354
23 354
24 355
25 356
26 356
27 357
28 358
29 358
30 359
31 360
32 360
33 361
34 362
35 362
36 363
37 364
38 364
39 365
40 366
41 366
42 367
42 368
43 369
44 370
45 371
45 372
46 373
46 374
47 375
47 376
48 377
48 378
49 379
50 380
50 381
51 382
52 383
52 384
53 385
54 386
55 387
55 388
56 388
57 389
57 390
58 391
59 392
60 393
61 394
62 395
63 396
64 397
65 398
66 399
67 399
68 400
69 401
70 401
71 402
72 403
73 404
74 405
75 405
76 406
77 407
78 408
79 408
80 409
81 409
82 410
83 410
84 411
85 412
86 412
87 413
88 413
89 414
90 414
91 415
92 415
93 415
94 416
95 416
96 417
97 417
98 417
99 417
100 417
101 417
102 418
103 418
104 418
105 418
106 418
107 418
108 419
109 419
110 419
111 419
112 419
113 419
114 419
115 419
116 420
117 420
118 420
119 420
120 420
121 420
122 420
123 420
124 421
125 421
126 421
127 421
128 421
129 421
130 421
131 420
132 420
133 420
134 420
135 420
136 420
137 420
138 420
139 420
140 420
141 420
142 419
143 419
144 419
145 419
146 419
147 419
148 419
149 419
150 419
151 420
152 420
153 421
154 421
155 421
156 421
157 421
158 421
159 421
160 420
160 419
161 418
161 417
161 416
161 415
162 414
163 414
164 413
165 413
166 413
167 412
168 412
169 411
170 411
171 411
172 412
172 413
172 414
173 415
173 416
173 417
173 418
173 419
174 420
174 421
174 422
174 423
175 424
175 425
175 426
176 427
176 428
176 429
177 430
177 431
177 432
178 433
178 434
179 435
179 436
179 437
180 438
181 439
181 440
182 441
182 442
183 443
183 444
184 445
184 446
185 447
186 448
187 449
187 450
188 451
188 452
189 453
190 454
191 455
192 456
193 457
194 458
194 459
195 460
196 461
197 462
198 463
199 464
200 465
201 466
202 467
203 467
204 468
204 469
205 469
206 470
207 471
208 472
209 472
210 472
211 473
212 474
213 475
214 475
215 476
216 476
217 477
218 477
219 478
220 478
221 479
222 479
223 480
224 480
225 481
226 481
227 482
228 482
229 482
230 483
231 483
232 484
233 484
234 484
235 484
236 484
237 485
238 485
239 485
240 485
241 485
242 485
243 485
244 485
245 486
246 486
247 486
248 486
249 486
250 486
251 486
252 486
253 486
254 486
255 486
256 486
257 486
258 486
259 486
260 486
261 486
262 486
263 486
264 486
265 486
266 486
267 486
268 486
269 486
270 486
271 486
272 486
273 486
274 486
275 486
276 486
277 486
278 486
279 486
280 486
281 486
282 486
283 486
284 486
285 485
286 485
287 485
288 485
289 484
290 484
291 484
292 484
293 483
294 483
295 482
296 482
297 481
298 481
299 481
300 480
301 480
302 479
303 479
304 478
305 478
306 478
307 477
308 477
309 476
310 475
311 474
312 474
313 473
314 473
315 472
316 471
317 471
318 470
319 469
320 469
321 468
322 467
323 466
324 465
325 465
326 464
327 463
328 463
329 462
330 461
331 460
332 459
332 458
333 457
334 457
334 456
335 455
336 454
337 454
337 453
338 452
338 451
339 450
340 449
341 448
341 447
342 446
343 445
343 444
344 443
345 443
345 442
346 441
346 440
347 439
348 438
348 437
349 436
349 435
350 434
350 433
351 432
351 431
352 430
353 429
353 428
353 427
353 426
354 425
354 424
355 423
355 422
356 421
356 420
356 419
357 418
357 417
357 416
358 415
358 414
358 413
359 412
359 411
359 410
360 409
360 408
361 407
361 406
361 405
361 404
361 403
362 402
362 401
362 400
362 399
362 398
362 397
363 396
363 395
363 394
363 393
363 392
363 391
363 390
364 389
364 388
364 387
364 386
364 385
364 384
364 383
365 382
365 381
365 380
365 379
366 378
367 377
368 377
369 377
370 377
371 377
372 377
373 377
374 377
375 376
376 376
377 376
378 376
379 376
380 375
381 375
382 375
383 375
384 375
385 375
386 374
387 374
388 374
389 374
390 373
391 373
392 373
393 373
394 373
395 373
396 372
397 372
398 372
399 372
400 372
401 372
402 372
403 371
404 371
405 371
406 371
407 371
408 371
409 371
410 370
411 370
412 370
413 370
414 370
415 370
416 370
417 370
418 369
419 369
420 369
421 369
422 369
423 369
424 369
425 368
426 368
427 368
428 368
429 368
430 368
431 368
432 368
433 368
434 368
435 369
435 370
436 370
437 371
438 371
439 372
440 372
441 373
442 374
443 374
444 375
445 376
446 376
447 377
448 377
449 378
450 378
451 379
452 379
453 380
454 380
455 381
456 382
457 382
458 383
459 383
460 384
461 384
462 385
463 385
464 385
465 386
466 386
467 386
468 386
469 386
470 387
471 387
472 387
473 388
474 388
475 388
476 388
477 389
478 389
479 389
480 389
481 389
482 390
483 390
484 390
485 390
486 390
487 390
488 391
489 391
490 391
491 391
492 391
493 391
494 392
495 392
496 392
497 392
498 392
499 392
500 392
501 393
502 393
503 393
504 393
505 393
506 393
507 393
508 393
509 393
510 393
511 393
512 393
513 393
514 393
515 393
516 393
517 393
518 393
519 393
520 393
521 393
522 393
523 392
524 392
525 392
526 392
527 392
528 392
529 392
530 392
531 392
532 392
533 392
534 392
535 392
536 392
537 392
538 392
539 392
540 392
541 392
542 392
543 392
544 392
545 392
546 392
547 392
548 391
549 391
550 391
551 391
552 391
553 391
554 391
555 391
556 391
557 391
558 391
559 391
560 391
561 391
562 390
563 390
564 390
565 390
566 390
567 390
568 390
569 390
570 390
571 390
572 390
573 390
574 390
575 389
576 389
577 389
578 389
579 389
580 389
581 389
582 389
583 389
584 389
585 389
586 388
587 388
588 388
589 388
590 388
591 388
592 388
593 388
594 388
595 388
596 388
597 388
598 387
599 387
600 387
601 387
602 387
603 387
604 387
605 387
606 387
607 387
608 387
609 386
610 386
611 386
612 386
613 386
614 386
615 386
616 386
617 386
618 386
619 386
620 386
621 386
622 385
623 385
624 385
625 385
626 385
627 385
628 385
629 385
630 385
631 385
632 385
633 385
634 385
635 384
636 384
637 384
638 384
639 384
640 384
641 384
642 384
643 383
644 383
645 383
646 383
647 383
648 383
649 383
650 383
651 383
652 383
653 383
654 383
655 383
656 383
657 383
658 382
659 382
660 382
661 382
662 382
663 382
664 382
665 382
666 382
667 382
668 382
669 382
670 382
671 382
672 381
673 381
674 381
675 381
676 381
677 381
678 381
679 381
680 381
681 381
682 381
683 380
684 380
685 380
686 380
687 380
688 380
689 380
690 380
691 380
692 380
693 379
694 379
695 379
696 379
697 379
698 379
699 379
700 379
701 379
702 378
703 378
704 378
705 378
706 378
707 378
708 378
709 378
710 378
711 378
712 378
713 378
714 377
715 377
716 377
717 377
718 377
719 377
720 377
721 377
722 377
723 377
724 377
725 376
726 376
727 376
728 376
729 376
730 376
731 376
732 376
733 375
734 375
735 375
736 375
737 375
738 375
739 375
740 375
741 375
742 375
743 375
744 374
745 374
746 374
747 374
748 374
749 374
750 374
751 374
752 374
753 373
754 373
755 373
756 373
757 373
758 373
759 373
760 373
761 373
762 373
763 372
764 372
765 372
766 372
767 372
768 372
769 372
770 372
771 372
772 371
773 371
774 371
775 371
776 371
777 371
778 371
779 371
780 371
781 371
782 371
783 371
784 370
785 370
786 370
787 370
788 370
789 370
790 370
791 370
792 370
793 370
794 370
795 370
796 370
797 370
798 370
799 369
800 369
801 369
802 369
803 369
804 369
805 369
806 369
807 369
808 369
809 369
810 369
811 369
812 369
813 369
814 368
815 368
816 368
817 368
818 368
819 368
820 368
821 368
822 368
823 367
824 367
825 367
826 367
827 367
828 367
829 367
830 367
831 367
832 367
833 367
834 367
835 367
836 367
837 367
838 366
839 366
840 366
841 366
842 366
843 366
844 366
845 366
846 366
847 365
848 365
849 365
850 365
851 365
852 365
853 365
854 365
855 365
856 365
857 364
858 364
859 364
860 364
861 364
862 364
863 364
864 364
865 364
866 364
867 364
868 364
869 364
870 364
871 363
872 363
873 363
874 363
875 363
876 363
877 363
878 363
879 363
880 363
881 363
882 362
883 362
884 362
885 363
885 364
886 365
886 366
887 367
887 368
887 369
887 370
888 371
888 372
889 373
889 374
889 375
890 376
890 377
891 378
892 379
892 380
893 381
893 382
894 383
894 384
895 385
896 386
896 387
897 388
898 389
898 390
899 391
900 392
900 393
901 394
902 395
903 395
904 396
904 397
905 398
906 398
907 399
908 400
909 401
910 401
911 402
912 403
913 403
914 404
915 405
916 405
917 406
918 407
919 407
920 408
921 408
922 409
923 409
924 410
925 410
926 411
927 411
928 412
929 412
930 412
931 412
932 413
933 413
934 414
935 414
936 414
937 415
938 415
939 415
940 416
941 416
942 416
943 416
944 416
945 416
946 416
947 416
948 416
949 416
950 416
951 416
952 417
953 417
954 417
955 417
956 417
957 417
958 417
959 417
960 417
961 417
962 417
963 417
964 417
965 417
966 417
967 417
968 416
969 416
970 416
971 416
972 416
973 416
974 416
975 416
976 415
977 415
978 415
979 415
980 414
981 414
982 414
983 413
984 413
985 413
986 413
987 413
988 412
989 412
990 411
991 411
992 410
993 410
994 409
995 409
996 409
997 408
998 408
999 407
1000 407
1001 406
1002 406
1003 405
1004 404
1005 403
1006 403
1007 402
1008 401
1009 401
1010 400
1011 400
1011 399
1012 398
1013 398
1014 397
1014 396
1015 395
1016 394
1017 393
1018 392
1019 391
1019 390
1020 389
1021 389
1021 388
1022 387
1023 386
1023 385
1024 384
1025 383
1025 382
1026 381
1027 380
1028 379
1028 378
1029 377
1029 376
1030 375
1030 374
1031 373
1032 372
1032 371
1032 370
1032 369
1033 368
1033 367
1034 366
1034 365
1035 364
1035 363
1036 362
1036 361
1036 360
1037 359
1037 358
1037 357
1038 356
1038 355
1038 354
1039 353
1039 352
1039 351
1039 350
1040 349
1040 348
1040 347
1040 346
1041 345
1041 344
1041 343
1041 342
1041 341
1042 340
1042 339
1042 338
1042 337
1043 336
1044 336
1045 336
1046 337
1047 337
1048 338
1049 338
1050 338
1051 339
1052 339
1053 339
1054 340
1055 340
1056 340
1057 341
1058 341
1059 341
1060 342
1061 342
1062 342
1063 342
1064 342
1065 342
1066 343
1067 343
1068 343
1069 344
1070 344
1071 344
1072 345
1073 345
1074 345
1075 345
1076 344
1077 344
1077 343
1078 342
1078 341
1078 340
1079 339
1079 338
1079 337
1079 336
1078 335
1079 334
1079 333
1080 332
1081 331
1082 330
1082 329
1082 328
1082 327
1082 326
1083 325
1084 326
1085 326
1086 326
1087 327
1088 328
1089 328
1090 329
1090 330
1091 331
1091 332
1091 333
1091 334
1092 335
1092 336
1092 337
1092 338
1092 339
1093 340
1094 340
1095 340
1096 340
1097 340
1098 340
1099 340
1100 340
1101 340
1102 340
1103 339
1104 339
1105 338
1106 337
1107 337
1108 336
1108 335
1108 334
1108 333
1108 332
1108 331
1107 330
1106 330
1105 330
1104 330
1103 331
1103 332
1102 333
1101 333
1100 334
1099 334
1098 335
1097 335
1096 334
1096 333
1096 332
1096 331
1096 330
1096 329
1096 328
1096 327
1096 326
1097 325
1098 325
1099 325
1100 325
1101 325
1102 325
1103 325
1104 324
1105 323
1105 322
1105 321
1105 320
1105 319
1105 318
1105 317
1105 316
1106 315
1107 315
1108 314
1108 313
1108 312
1108 311
1108 310
1108 309
1107 309
1106 309
1105 309
1104 310
1103 310
1102 311
1101 311
1100 312
1099 312
1098 313
1097 313
1096 312
1097 311
1097 310
1097 309
1097 308
1097 307
1097 306
1097 305
1098 304
1099 304
1100 304
1101 304
1102 303
1103 303
1104 302
1105 301
1105 300
1105 299
1105 298
1105 297
1104 296
1103 295
1102 294
1101 294
1100 293
1099 293
1098 293
1097 292
1096 292
1095 292
1094 292
1093 291
1092 291
1091 291
1090 291
1089 290
1088 290
1087 290
1086 290
1085 290
1084 289
1084 288
1083 287
1082 286
1081 285
1080 285
1079 285
1078 285
1077 285
1076 285
1075 286
1074 287
1074 288
1073 289
1072 290
1072 291
1072 292
1072 293
1072 294
1072 295
1072 296
1073 297
1072 298
1072 299
1071 300
1070 299
1069 299
1068 298
1067 297
1067 296
1067 295
1067 294
1067 293
1067 292
1066 291
1066 290
1066 289
1066 288
1065 287
1065 286
1065 285
1065 284
1065 283
1064 282
1064 281
1064 280
1064 279
1064 278
1065 277
1066 278
1067 278
1068 278
1069 278
1070 279
1071 279
1072 279
1073 280
1074 280
1075 280
1076 280
1077 280
1078 281
1079 281
1080 281
1081 281
1082 281
1083 281
1084 282
1085 282
1086 282
1087 282
1088 282
1089 283
1090 283
1091 283
1092 283
1093 283
1094 283
1095 283
1096 283
1097 283
1098 283
1099 283
1100 283
1100 282
1100 281
1100 280
1100 279
1101 278
1101 277
1101 276
1101 275
1101 274
1101 273
1101 272
1101 271
1101 270
1101 269
1101 268
1101 267
1101 266
1101 265
1101 264
1101 263
1100 262
1100 261
1101 260
1101 259
1101 258
1101 257
1101 256
1100 255
1099 254
1098 254
1097 254
1096 254
1095 254
1094 254
1093 253
1092 253
1091 253
1090 253
1089 252
1088 251
1089 250
1090 249
1090 248
1090 247
1091 246
1091 245
1091 244
1091 243
1092 242
1092 241
1092 240
1092 239
1092 238
1092 237
1091 236
1091 235
1091 234
1091 233
1090 232
1090 231
1090 230
1089 229
1088 228
1088 227
1087 227
1086 226
1085 226
1084 226
1083 226
1082 227
1081 227
1080 226
1079 225
1078 224
1077 224
1076 224
1075 224
1074 225
1073 225
1072 225
1071 226
1070 227
1069 228
1068 229
1067 230
1066 230
1065 230
1064 230
1063 229
1062 229
1061 228
1061 227
1061 226
1061 225
1061 224
1061 223
1061 222
1061 221
1061 220
1060 219
1060 218
1060 217
1060 216
1060 215
1060 214
1059 213
1059 212
1058 211
1058 210
1058 209
1058 208
1057 207
1057 206
1057 205
1057 204
1056 203
1056 202
1056 201
1055 200
1055 199
1055 198
1055 197
1054 196
1054 195
1054 194
1053 193
1052 192
1052 191
1051 190
1051 189
1050 188
1049 187
1049 186
1048 185
1047 184
1047 183
1046 182
1045 181
1044 180
1043 179
1043 178
1042 177
1041 176
1041 175
1040 174
1039 173
1038 172
1038 171
1037 170
1037 169
1038 168
1039 167
1039 166
1039 165
1039 164
1039 163
1038 162
1037 161
1037 160
1037 159
1037 158
1037 157
1037 156
1038 155
1038 154
1038 153
1038 152
1038 151
1038 150
1038 149
1038 148
1039 147
1039 146
1039 145
1039 144
1039 143
1039 142
1039 141
1040 140
1040 139
1040 138
1040 137
1040 136
1040 135
1039 135
1038 134
1039 133
1039 132
1039 131
1039 130
1039 129
1039 128
1039 127
1039 126
1039 125
1039 124
1040 123
1040 122
1040 121
1040 120
1040 119
1040 118
1040 117
1040 116
1040 115
1040 114
1040 113
1040 112
1040 111
1040 110
1040 109
1040 108
1040 107
1040 106
1040 105
1040 104
1040 103
1040 102
1040 101
1040 100
1040 99
1040 98
1040 97
1040 96
1040 95
1040 94
1040 93
1040 92
1040 91
1040 90
1040 89
1040 88
1040 87
1040 86
1040 85
1040 84
1040 83
1040 82
1040 81
1040 80
1040 79
1040 78
1040 77
1040 76
1040 75
1040 74
1040 73
1040 72
1040 71
1040 70
1040 69
1040 68
1039 67
1039 66
1039 65
1039 64
1039 63
1038 62
1038 61
1038 60
1038 59
1037 58
1037 57
1037 56
1037 55
1036 54
1036 53
1036 52
1035 51
1035 50
1035 49
1034 48
1034 47
1033 46
1033 45
1032 44
1031 43
1031 42
1030 41
1030 40
1029 40
1028 39
1028 38
1027 37
1026 36
1025 36
1024 35
1023 34
1022 33
1021 33
1020 32
1019 32
1018 31
1017 31
1016 30
1015 30
1014 29
1013 29
1012 28
1011 28
1010 28
1009 28
1008 27
1007 27
1006 26
1005 26
1004 26
1003 25
1002 25
1001 25
1000 24
999 24
998 24
997 23
996 23
995 23
994 22
993 22
992 22
991 22
990 21
989 21
988 21
987 20
986 20
985 20
984 20
983 19
982 19
981 19
980 19
979 18
978 18
977 18
976 18
975 18
974 18
973 17
972 17
971 17
970 17
969 17
968 17
967 16
966 16
965 16
964 16
963 16
962 15
961 15
960 15
959 15
958 15
957 15
956 14
955 14
954 14
953 14
952 14
951 14
950 14
949 13
948 13
947 13
946 12
945 12
944 12
943 12
942 12
941 12
940 12
939 11
938 11
937 11
936 11
935 11
934 11
933 11
932 10
931 10
930 10
929 10
928 10
927 10
926 9
925 9
924 9
923 9
922 9
921 9
920 9
919 9
918 9
917 9
916 9
915 9
914 8
913 8
912 8
911 8
910 8
909 7
908 7
907 7
906 7
905 7
904 7
903 7
902 7
901 6
900 6
899 6
898 6
897 6
896 6
895 6
894 6
893 6
892 6
891 6
890 6
889 5
888 5
887 5
886 5
885 5
884 5
883 5
882 5
881 5
880 5
879 5
878 5
877 5
876 5
875 5
874 4
873 4
872 4
871 4
870 4
869 4
868 4
867 4
866 4
865 4
864 4
863 4
862 4
861 4
860 3
859 3
858 3
857 3
856 3
855 3
854 3
853 3
852 3
851 3
850 3
849 3
848 3
847 3
846 3
845 3
844 3
843 3
842 3
841 2
840 2
839 2
838 2
837 3
836 2
835 2
834 2
833 2
832 2
831 2
830 2
829 2
828 2
827 2
826 2
825 2
824 2
823 2
822 2
821 2
820 2
819 2
818 2
817 2
816 2
815 2
814 1
813 1
812 1
811 1
810 1
809 1
808 1
807 1
806 1
805 1
804 1
803 1
802 1
801 1
800 1
799 1
798 1
797 1
796 1
795 1
794 1
793 1
792 1
791 1
790 1
789 1
788 1
787 1
786 1
785 1
784 1
783 1
782 1
781 1
780 1
779 1
778 1
777 1
776 1
775 1
774 1
773 1
772 1
771 1
770 1
769 1
768 1
767 1
766 1
765 1
764 1
763 1
762 1
761 1
760 1
759 1
758 1
757 1
756 1
755 1
754 1
753 1
752 1
751 1
750 1
749 1
748 1
747 1
746 1
745 1
744 1
743 1
742 1
741 1
740 1
739 1
738 1
737 1
736 1
735 1
734 1
733 1
732 1
731 1
730 1
729 1
728 1
727 1
726 1
725 1
724 1
723 1
722 1
721 1
720 1
