276 1
275 2
274 2
273 2
272 2
271 3
270 3
269 3
268 3
267 4
266 4
265 4
264 4
263 5
262 5
261 5
260 5
259 5
258 6
257 6
256 6
255 6
254 7
253 7
252 7
251 7
250 8
249 8
248 8
247 8
246 9
245 9
244 9
243 9
242 10
241 10
240 10
239 10
238 10
237 11
236 11
235 11
234 11
233 12
232 12
231 12
230 12
229 13
228 13
227 13
226 13
225 14
224 14
223 14
222 14
221 15
220 15
219 15
218 15
217 15
216 16
215 16
214 16
213 16
212 17
211 17
210 17
209 17
208 18
207 18
206 18
205 18
204 19
203 19
202 19
201 19
200 20
199 20
198 20
197 20
196 20
195 21
194 21
193 21
192 21
191 22
190 22
189 22
188 22
187 23
186 23
185 23
184 23
183 24
182 24
181 24
180 24
179 25
178 25
177 25
176 25
175 25
174 26
173 26
172 26
171 26
170 27
169 27
168 27
167 27
166 28
165 28
164 28
163 28
162 29
161 29
160 29
159 29
158 30
157 30
156 30
155 30
154 30
153 31
152 31
151 31
150 31
149 32
148 32
147 32
146 32
145 33
144 33
143 33
142 33
141 34
140 34
139 34
138 34
137 35
136 35
135 35
134 35
133 35
132 36
131 36
130 36
129 36
128 37
127 37
126 37
125 37
124 38
123 38
122 38
121 38
120 39
119 39
118 39
117 39
116 40
115 40
114 40
113 40
112 41
111 41
110 41
109 41
108 41
107 42
106 42
105 42
104 42
103 43
102 43
101 43
100 43
99 44
98 44
97 44
96 44
95 45
94 45
93 45
92 45
91 46
90 46
89 46
89 47
89 48
89 49
89 50
90 51
90 52
90 53
90 54
90 55
90 56
90 57
90 58
90 59
90 60
90 61
90 62
90 63
90 64
90 65
90 66
90 67
90 68
90 69
90 70
90 71
90 72
90 73
90 74
90 75
90 76
90 77
90 78
90 79
90 80
90 81
90 82
90 83
90 84
90 85
90 86
90 87
90 88
90 89
90 90
91 91
91 92
91 93
91 94
91 95
91 96
91 97
91 98
91 99
91 100
91 101
91 102
91 103
91 104
91 105
91 106
91 107
91 108
91 109
91 110
91 111
91 112
91 113
91 114
91 115
91 116
91 117
91 118
91 119
91 120
91 121
92 122
92 123
92 124
92 125
92 126
92 127
92 128
92 129
92 130
92 131
92 132
92 133
92 134
92 135
92 136
92 137
92 138
92 139
92 140
92 141
92 142
92 143
92 144
92 145
92 146
92 147
92 148
92 149
93 150
93 151
93 152
93 153
93 154
93 155
93 156
93 157
93 158
93 159
93 160
93 161
93 162
93 163
93 164
93 165
93 166
93 167
93 168
93 169
93 170
93 171
93 172
93 173
93 174
93 175
93 176
93 177
93 178
93 179
94 180
94 181
94 182
94 183
94 184
94 185
94 186
94 187
94 188
94 189
94 190
94 191
94 192
94 193
94 194
94 195
94 196
94 197
94 198
94 199
94 200
94 201
94 202
94 203
94 204
94 205
94 206
94 207
94 208
94 209
94 210
94 211
94 212
94 213
94 214
94 215
94 216
95 217
95 218
95 219
95 220
95 221
95 222
95 223
95 224
95 225
95 226
95 227
95 228
95 229
95 230
95 231
95 232
95 233
95 234
95 235
95 236
95 237
95 238
94 239
94 240
94 241
94 242
94 243
94 244
94 245
94 246
94 247
93 248
93 249
93 250
93 251
93 252
93 253
92 254
92 255
92 256
92 257
91 258
91 259
91 260
91 261
90 262
90 263
90 264
90 265
89 266
89 267
89 268
89 269
88 270
88 271
87 272
87 273
87 274
86 275
86 276
86 277
85 278
85 279
84 280
84 281
83 282
83 283
82 284
82 285
81 286
81 287
80 288
80 289
79 290
79 291
78 292
78 293
77 294
76 295
76 296
75 297
74 298
74 299
73 300
72 301
71 302
70 303
70 304
69 305
68 306
67 307
66 308
65 309
65 310
64 311
63 312
62 313
61 314
60 315
59 316
58 317
57 318
56 319
55 319
55 320
54 321
53 321
52 322
51 323
50 324
49 325
48 326
47 327
46 327
45 328
44 329
43 329
42 330
41 331
40 332
39 332
38 333
37 334
36 335
35 336
34 336
33 337
32 338
31 338
30 339
29 339
28 340
27 341
26 341
25 342
24 343
23 344
22 344
21 345
20 345
19 346
18 347
17 347
16 348
15 348
14 349
13 350
12 350
11 351
10 352
9 352
8 353
7 354
6 354
5 355
4 355
3 356
2 357
1 357
2 357
3 357
4 357
5 357
6 357
7 357
8 357
9 357
10 357
11 357
12 357
13 356
14 356
15 356
16 356
17 356
18 356
19 356
20 356
21 356
22 356
23 355
24 355
25 355
26 355
27 355
28 355
29 355
30 355
31 355
32 355
33 355
34 354
35 354
36 354
37 354
38 354
39 354
40 354
41 354
42 354
43 354
44 354
45 353
46 353
47 353
48 353
49 353
50 353
51 353
52 353
53 353
54 352
55 352
56 352
57 352
58 352
59 352
60 352
61 352
62 352
63 351
64 351
65 351
66 351
67 351
68 351
69 351
70 351
71 350
72 350
73 350
74 350
75 350
76 350
77 350
78 349
79 349
80 349
81 349
82 349
83 349
84 349
85 348
86 348
87 348
88 348
89 348
90 347
91 347
92 347
93 347
94 347
95 347
96 346
97 346
98 346
99 346
100 346
101 345
102 345
103 345
104 345
105 345
106 344
107 344
108 344
109 344
110 343
111 343
112 343
113 343
114 342
115 342
116 342
117 342
118 341
119 341
120 341
121 340
122 340
123 340
124 340
125 339
126 339
127 339
128 338
129 338
130 338
131 337
132 337
133 337
134 336
135 336
136 335
137 335
138 335
139 334
140 334
141 333
142 333
143 333
144 332
145 332
146 331
147 331
148 330
149 330
150 329
151 329
152 328
153 328
154 328
155 328
156 327
157 327
158 327
159 327
160 326
161 326
162 326
163 325
164 325
165 325
166 324
167 324
168 324
169 323
170 323
171 323
172 322
173 322
174 321
175 321
176 321
177 320
178 320
179 319
180 319
181 319
182 318
183 318
184 317
185 317
186 316
187 316
188 315
189 315
190 314
191 314
192 313
193 313
194 312
195 312
196 311
197 311
198 310
199 310
200 309
201 308
202 308
203 307
204 306
205 306
206 305
207 304
208 304
209 303
210 303
211 302
212 301
213 301
214 300
215 299
216 298
217 298
218 297
219 296
220 295
221 294
222 294
223 293
224 292
225 291
226 290
227 289
228 289
229 288
230 287
230 286
231 285
232 285
233 284
234 283
234 282
235 281
236 281
237 280
237 279
238 278
239 277
240 276
241 275
242 274
243 273
244 272
244 271
245 270
246 269
247 268
247 267
248 266
249 265
250 264
250 263
251 262
252 261
252 260
253 259
254 258
254 257
255 256
256 255
256 254
257 253
258 252
258 251
258 250
259 249
260 248
260 247
261 246
261 245
262 244
262 243
263 242
263 241
264 240
264 239
265 238
265 237
265 236
266 235
266 234
267 233
267 232
267 231
268 230
268 229
269 228
269 227
269 226
269 225
270 224
270 223
270 222
271 221
271 220
271 219
271 218
272 217
272 216
272 215
272 214
273 213
273 212
273 211
273 210
273 209
274 208
274 207
274 206
274 205
274 204
274 203
275 202
275 201
275 200
275 199
275 198
275 197
275 196
275 195
275 194
275 193
275 192
275 191
275 190
275 189
276 188
276 187
276 186
276 185
276 184
276 183
276 182
276 181
276 180
276 179
276 178
276 177
276 176
276 175
276 174
276 173
276 172
276 171
276 170
276 169
276 168
276 167
276 166
276 165
276 164
276 163
276 162
276 161
276 160
276 159
276 158
276 157
276 156
276 155
276 154
276 153
277 152
277 151
277 150
277 149
277 148
277 147
277 146
277 145
277 144
277 143
277 142
277 141
277 140
277 139
277 138
277 137
277 136
277 135
277 134
277 133
277 132
277 131
277 130
277 129
277 128
277 127
277 126
277 125
277 124
277 123
277 122
277 121
277 120
277 119
277 118
277 117
278 116
278 115
278 114
278 113
278 112
278 111
278 110
278 109
278 108
278 107
278 106
278 105
278 104
278 103
278 102
278 101
278 100
278 99
278 98
278 97
278 96
278 95
278 94
278 93
278 92
278 91
278 90
278 89
278 88
278 87
278 86
278 85
278 84
278 83
278 82
279 81
279 80
279 79
279 78
279 77
279 76
279 75
279 74
279 73
279 72
279 71
279 70
279 69
279 68
279 67
279 66
279 65
279 64
279 63
279 62
279 61
279 60
279 59
279 58
279 57
279 56
279 55
279 54
279 53
279 52
279 51
279 50
279 49
279 48
279 47
279 46
280 45
280 44
280 43
280 42
280 41
280 40
280 39
280 38
280 37
280 36
280 35
280 34
280 33
280 32
280 31
280 30
280 29
280 28
280 27
280 26
280 25
280 24
280 23
280 22
280 21
280 20
280 19
280 18
280 17
280 16
280 15
280 14
280 13
280 12
280 11
280 10
280 9
280 8
280 7
280 6
280 5
280 4
280 3
280 2
280 1
279 1
278 1
277 1
