89 1
89 2
89 3
89 4
89 5
89 6
89 7
89 8
89 9
89 10
89 11
89 12
90 13
90 14
90 15
90 16
90 17
90 18
90 19
90 20
90 21
90 22
90 23
90 24
90 25
90 26
90 27
90 28
90 29
90 30
90 31
90 32
90 33
90 34
90 35
90 36
90 37
90 38
90 39
90 40
90 41
90 42
90 43
90 44
90 45
90 46
90 47
90 48
90 49
90 50
90 51
90 52
90 53
90 54
90 55
90 56
90 57
90 58
90 59
90 60
91 61
91 62
91 63
91 64
91 65
91 66
91 67
91 68
91 69
91 70
91 71
91 72
91 73
91 74
91 75
91 76
91 77
91 78
91 79
91 80
91 81
91 82
91 83
91 84
91 85
91 86
91 87
91 88
91 89
91 90
91 91
91 92
91 93
91 94
91 95
91 96
91 97
91 98
91 99
91 100
91 101
91 102
91 103
91 104
91 105
91 106
91 107
91 108
92 109
92 110
92 111
92 112
92 113
92 114
92 115
92 116
92 117
92 118
92 119
92 120
92 121
92 122
92 123
92 124
92 125
92 126
92 127
92 128
92 129
92 130
92 131
92 132
92 133
92 134
92 135
92 136
92 137
92 138
92 139
92 140
92 141
92 142
92 143
92 144
92 145
92 146
92 147
92 148
92 149
92 150
92 151
92 152
92 153
92 154
92 155
93 156
93 157
93 158
93 159
93 160
93 161
93 162
93 163
93 164
93 165
93 166
93 167
93 168
93 169
93 170
93 171
93 172
93 173
93 174
93 175
93 176
93 177
93 178
93 179
93 180
93 181
93 182
93 183
93 184
93 185
93 186
93 187
93 188
93 189
93 190
93 191
93 192
93 193
93 194
93 195
93 196
93 197
93 198
93 199
93 200
93 201
93 202
93 203
94 204
94 205
94 206
94 207
94 208
94 209
94 210
94 211
94 212
94 213
94 214
94 215
94 216
94 217
94 218
94 219
94 220
94 221
94 222
94 223
94 224
94 225
94 226
94 227
94 228
94 229
94 230
94 231
94 232
94 233
94 234
94 235
94 236
94 237
94 238
94 239
94 240
94 241
94 242
94 243
94 244
94 245
94 246
94 247
94 248
94 249
94 250
94 251
95 252
95 253
95 254
95 255
95 256
95 257
95 258
95 259
95 260
95 261
95 262
95 263
94 264
94 265
94 266
94 267
94 268
94 269
94 270
94 271
94 272
94 273
93 274
93 275
93 276
93 277
93 278
93 279
92 280
92 281
92 282
92 283
92 284
91 285
91 286
91 287
91 288
90 289
90 290
90 291
90 292
89 293
89 294
89 295
88 296
88 297
88 298
87 299
87 300
87 301
86 302
86 303
85 304
85 305
85 306
84 307
84 308
83 309
83 310
82 311
82 312
81 313
81 314
80 315
80 316
79 317
79 318
78 319
77 320
77 321
76 322
75 323
75 324
74 325
73 326
73 327
72 328
71 329
71 330
70 331
69 332
68 333
67 334
66 335
66 336
65 337
64 338
63 339
62 340
61 341
60 342
59 343
58 344
57 344
57 345
56 346
55 347
54 347
53 348
52 349
51 350
50 351
49 352
48 353
47 353
46 354
45 355
44 356
43 357
42 357
41 358
40 359
39 359
38 360
37 361
36 362
35 362
34 363
33 364
32 365
31 365
30 366
29 367
28 367
27 368
26 368
25 369
24 370
23 371
22 371
21 372
20 372
19 373
18 374
17 374
16 375
15 376
14 376
13 377
12 377
11 378
10 379
9 379
8 380
7 380
6 381
5 382
4 382
3 383
2 384
1 384
2 384
3 384
4 384
5 384
6 384
7 384
8 384
9 384
10 384
11 384
12 384
13 383
14 383
15 383
16 383
17 383
18 383
19 383
20 383
21 383
22 383
23 382
24 382
25 382
26 382
27 382
28 382
29 382
30 382
31 382
32 382
33 382
34 381
35 381
36 381
37 381
38 381
39 381
40 381
41 381
42 381
43 381
44 381
45 380
46 380
47 380
48 380
49 380
50 380
51 380
52 380
53 380
54 379
55 379
56 379
57 379
58 379
59 379
60 379
61 379
62 379
63 378
64 378
65 378
66 378
67 378
68 378
69 378
70 378
71 377
72 377
73 377
74 377
75 377
76 377
77 377
78 376
79 376
80 376
81 376
82 376
83 376
84 375
85 375
86 375
87 375
88 375
89 375
90 374
91 374
92 374
93 374
94 374
95 374
96 373
97 373
98 373
99 373
100 373
101 372
102 372
103 372
104 372
105 371
106 371
107 371
108 371
109 370
110 370
111 370
112 370
113 369
114 369
115 369
116 369
117 368
118 368
119 368
120 368
121 367
122 367
123 367
124 366
125 366
126 366
127 365
128 365
129 365
130 365
131 364
132 364
133 363
134 363
135 363
136 362
137 362
138 361
139 361
140 361
141 360
142 360
143 359
144 359
145 358
146 358
147 358
148 357
149 357
150 356
151 356
152 355
153 355
154 355
155 355
156 354
157 354
158 354
159 354
160 353
161 353
162 353
163 352
164 352
165 352
166 351
167 351
168 351
169 350
170 350
171 350
172 349
173 349
174 348
175 348
176 347
177 347
178 347
179 346
180 346
181 345
182 345
183 345
184 344
185 344
186 343
187 343
188 342
189 342
190 341
191 341
192 340
193 340
194 339
195 338
196 338
197 338
198 337
199 336
200 336
201 335
202 334
203 334
204 333
205 333
206 332
207 331
208 331
209 330
210 329
211 329
212 328
213 327
214 327
215 326
216 325
217 324
218 323
219 323
220 322
221 321
222 320
223 320
223 319
224 318
225 318
226 317
227 316
228 315
229 314
230 313
231 312
232 311
233 310
234 309
235 308
236 307
237 306
238 305
239 304
240 303
240 302
241 301
242 300
243 299
244 298
245 297
246 296
246 295
247 294
248 293
249 292
249 291
250 290
251 289
252 288
252 287
253 286
253 285
254 284
254 283
255 282
256 281
256 280
257 279
258 278
258 277
259 276
259 275
260 274
260 273
261 272
261 271
262 270
262 269
263 268
263 267
264 266
264 265
264 264
265 263
265 262
266 261
266 260
267 259
267 258
267 257
268 256
268 255
268 254
269 253
269 252
269 251
270 250
270 249
270 248
270 247
271 246
271 245
271 244
271 243
272 242
272 241
272 240
272 239
273 238
273 237
273 236
273 235
273 234
274 233
274 232
274 231
274 230
274 229
274 228
274 227
274 226
274 225
274 224
274 223
274 222
274 221
274 220
274 219
274 218
274 217
274 216
274 215
274 214
274 213
274 212
274 211
274 210
274 209
274 208
274 207
274 206
274 205
274 204
274 203
274 202
274 201
274 200
274 199
274 198
274 197
274 196
274 195
274 194
274 193
274 192
274 191
274 190
274 189
274 188
274 187
274 186
274 185
274 184
274 183
274 182
274 181
274 180
274 179
274 178
274 177
274 176
274 175
274 174
274 173
274 172
273 171
273 170
273 169
273 168
273 167
273 166
273 165
273 164
273 163
273 162
273 161
273 160
273 159
273 158
273 157
273 156
273 155
273 154
273 153
273 152
273 151
273 150
273 149
273 148
273 147
273 146
273 145
273 144
273 143
273 142
273 141
273 140
273 139
273 138
273 137
273 136
273 135
273 134
273 133
273 132
273 131
272 130
272 129
272 128
272 127
272 126
272 125
272 124
272 123
272 122
272 121
272 120
272 119
272 118
272 117
272 116
272 115
272 114
272 113
272 112
272 111
272 110
272 109
272 108
272 107
272 106
272 105
272 104
272 103
272 102
272 101
272 100
272 99
272 98
272 97
272 96
272 95
272 94
272 93
272 92
272 91
271 90
271 89
271 88
271 87
271 86
271 85
271 84
271 83
271 82
271 81
271 80
271 79
271 78
271 77
271 76
271 75
271 74
271 73
271 72
271 71
271 70
271 69
271 68
271 67
271 66
271 65
271 64
271 63
271 62
271 61
271 60
271 59
271 58
271 57
271 56
271 55
271 54
271 53
271 52
271 51
271 50
270 49
270 48
270 47
270 46
270 45
270 44
270 43
270 42
270 41
270 40
270 39
270 38
270 37
270 36
270 35
270 34
270 33
270 32
270 31
270 30
270 29
270 28
270 27
270 26
270 25
270 24
270 23
270 22
270 21
270 20
270 19
270 18
270 17
270 16
270 15
270 14
270 13
270 12
270 11
270 10
269 9
269 8
269 7
269 6
269 5
269 4
269 3
269 2
268 2
267 2
266 2
265 2
264 2
263 2
262 2
261 2
260 2
259 2
258 2
257 2
256 2
255 2
254 2
253 2
252 2
251 2
250 2
249 2
248 2
247 2
246 2
245 2
244 2
243 2
242 2
241 2
240 2
239 2
238 2
237 2
236 2
235 2
234 2
233 2
232 2
231 2
230 2
229 2
228 2
227 2
226 2
225 2
224 2
223 2
222 2
221 2
220 2
219 2
218 2
217 2
216 2
215 1
214 1
213 1
212 1
211 1
210 1
209 1
208 1
207 1
206 1
205 1
204 1
203 1
202 1
201 1
200 1
199 1
198 1
197 1
196 1
195 1
194 1
193 1
192 1
191 1
190 1
189 1
188 1
187 1
186 1
185 1
184 1
183 1
182 1
181 1
180 1
179 1
178 1
177 1
176 1
175 1
174 1
173 1
172 1
171 1
170 1
169 1
168 1
167 1
166 1
165 1
164 1
163 1
162 1
161 1
160 1
159 1
158 1
157 1
156 1
155 1
154 1
153 1
152 1
151 1
150 1
149 1
148 1
147 1
146 1
145 1
144 1
143 1
142 1
141 1
140 1
139 1
138 1
137 1
136 1
135 1
134 1
133 1
132 1
131 1
130 1
129 1
128 1
127 1
126 1
125 1
124 1
123 1
122 1
121 1
120 1
119 1
118 1
117 1
116 1
115 1
114 1
113 1
112 1
111 1
110 1
109 1
108 1
107 1
106 1
105 1
104 1
103 1
102 1
101 1
100 1
99 1
98 1
97 1
96 1
95 1
94 1
93 1
92 1
91 1
90 1
