280 1
279 2
278 3
277 3
276 4
275 5
274 5
273 6
272 6
271 7
270 8
269 8
268 9
267 10
266 10
265 11
264 11
263 12
262 13
261 13
260 14
259 14
258 15
257 16
256 16
255 17
254 18
253 18
252 19
251 19
250 20
249 21
248 21
247 22
246 23
245 23
244 24
243 24
242 25
241 26
240 26
239 27
238 27
237 28
236 29
235 29
234 30
233 31
232 31
231 32
230 32
229 33
228 34
227 34
226 35
225 35
224 36
223 37
222 37
221 38
220 39
219 39
218 40
217 40
216 41
215 42
214 42
213 43
212 44
211 44
210 45
209 45
208 46
207 47
206 47
205 48
204 48
203 49
202 50
201 50
200 51
199 52
198 52
197 53
196 53
195 54
194 55
193 55
192 56
191 56
190 57
189 58
188 58
187 59
186 60
185 60
184 61
183 61
182 62
181 63
180 63
179 64
178 65
177 65
176 66
175 66
174 67
173 68
172 68
171 69
170 69
169 70
168 71
167 71
166 72
165 73
164 73
163 74
162 74
161 75
160 76
159 76
158 77
157 78
156 78
155 79
154 79
153 80
152 81
151 81
150 82
149 82
148 83
147 84
146 84
145 85
144 86
143 86
142 87
141 87
140 88
139 89
138 89
137 90
136 90
135 91
134 92
133 92
132 93
131 94
130 94
129 95
128 95
127 96
126 97
125 97
124 98
123 99
122 99
121 100
120 100
119 101
118 102
117 102
116 103
115 103
114 104
113 105
112 105
111 106
110 107
109 107
108 108
107 108
106 109
105 110
104 110
103 111
102 111
101 112
100 113
99 113
98 114
97 115
96 115
95 116
94 116
93 117
92 118
93 119
93 120
93 121
93 122
93 123
93 124
93 125
93 126
93 127
93 128
93 129
93 130
93 131
93 132
93 133
93 134
93 135
93 136
93 137
93 138
93 139
93 140
93 141
93 142
93 143
93 144
93 145
93 146
93 147
93 148
93 149
93 150
93 151
93 152
93 153
93 154
93 155
93 156
93 157
93 158
93 159
93 160
93 161
93 162
93 163
94 164
94 165
94 166
94 167
94 168
94 169
94 170
94 171
94 172
94 173
94 174
94 175
94 176
94 177
94 178
94 179
94 180
94 181
94 182
94 183
94 184
94 185
94 186
94 187
94 188
94 189
94 190
94 191
94 192
94 193
94 194
94 195
94 196
94 197
94 198
94 199
94 200
94 201
94 202
94 203
94 204
94 205
94 206
94 207
94 208
94 209
94 210
94 211
94 212
94 213
94 214
94 215
94 216
94 217
94 218
94 219
94 220
94 221
94 222
94 223
94 224
94 225
94 226
94 227
94 228
94 229
94 230
94 231
94 232
94 233
94 234
94 235
94 236
94 237
94 238
94 239
94 240
94 241
94 242
94 243
94 244
94 245
94 246
94 247
94 248
94 249
94 250
94 251
94 252
94 253
94 254
94 255
94 256
94 257
94 258
94 259
94 260
94 261
94 262
94 263
94 264
94 265
94 266
94 267
94 268
94 269
94 270
94 271
94 272
94 273
94 274
94 275
94 276
94 277
94 278
94 279
94 280
94 281
94 282
94 283
94 284
94 285
94 286
94 287
94 288
94 289
94 290
94 291
94 292
94 293
94 294
94 295
94 296
94 297
94 298
94 299
94 300
94 301
94 302
94 303
94 304
94 305
94 306
94 307
94 308
94 309
94 310
94 311
94 312
94 313
94 314
95 315
95 316
95 317
95 318
95 319
95 320
95 321
94 322
94 323
94 324
94 325
94 326
94 327
94 328
94 329
94 330
94 331
93 332
93 333
93 334
93 335
93 336
93 337
92 338
92 339
92 340
92 341
92 342
91 343
91 344
91 345
91 346
90 347
90 348
90 349
90 350
89 351
89 352
89 353
89 354
88 355
88 356
88 357
87 358
87 359
87 360
86 361
86 362
85 363
85 364
84 365
84 366
84 367
83 368
83 369
82 370
82 371
81 372
81 373
80 374
79 375
79 376
78 377
78 378
77 379
77 380
76 381
75 382
75 383
74 384
73 385
73 386
72 387
71 388
70 389
69 390
69 391
68 392
67 393
66 394
65 395
64 396
63 397
63 398
62 399
61 400
60 401
59 401
59 402
58 403
57 404
56 404
55 405
54 406
53 407
52 408
51 409
50 410
49 411
48 412
47 412
46 413
45 414
44 415
43 416
42 416
41 417
40 418
39 418
38 419
37 420
36 420
35 421
34 422
33 423
32 423
31 424
30 425
29 425
28 426
27 427
26 428
25 428
24 429
23 429
22 430
21 431
20 431
19 432
18 433
17 433
16 434
15 434
14 435
13 436
12 436
11 437
10 438
9 438
8 439
7 440
6 440
5 441
4 441
3 442
2 443
1 443
2 443
3 443
4 443
5 443
6 443
7 443
8 443
9 443
10 443
11 443
12 443
13 442
14 442
15 442
16 442
17 442
18 442
19 442
20 442
21 442
22 442
23 441
24 441
25 441
26 441
27 441
28 441
29 441
30 441
31 441
32 441
33 441
34 440
35 440
36 440
37 440
38 440
39 440
40 440
41 440
42 440
43 440
44 439
45 439
46 439
47 439
48 439
49 439
50 439
51 439
52 439
53 439
54 438
55 438
56 438
57 438
58 438
59 438
60 438
61 438
62 437
63 437
64 437
65 437
66 437
67 437
68 437
69 437
70 437
71 436
72 436
73 436
74 436
75 436
76 436
77 436
78 435
79 435
80 435
81 435
82 435
83 435
84 434
85 434
86 434
87 434
88 434
89 434
90 433
91 433
92 433
93 433
94 433
95 433
96 432
97 432
98 432
99 432
100 431
101 431
102 431
103 431
104 431
105 430
106 430
107 430
108 430
109 429
110 429
111 429
112 429
113 428
114 428
115 428
116 428
117 427
118 427
119 427
120 427
121 426
122 426
123 426
124 425
125 425
126 425
127 424
128 424
129 424
130 423
131 423
132 423
133 422
134 422
135 422
136 421
137 421
138 420
139 420
140 420
141 419
142 419
143 418
144 418
145 417
146 417
147 416
148 416
149 415
150 415
151 415
152 414
153 414
154 414
155 414
156 413
157 413
158 413
159 412
160 412
161 412
162 412
163 411
164 411
165 411
166 410
167 410
168 410
169 409
170 409
171 408
172 408
173 408
174 407
175 407
176 406
177 406
178 406
179 405
180 405
181 404
182 404
183 403
184 403
185 403
186 402
187 402
188 401
189 401
190 400
191 399
192 399
193 398
194 398
195 397
196 397
197 396
198 396
199 395
200 395
201 394
202 393
203 393
204 392
205 391
206 391
207 390
208 389
209 389
210 388
211 388
212 387
213 386
214 385
215 385
216 384
217 383
218 382
219 382
220 381
221 380
222 379
223 378
224 377
225 377
226 376
227 375
228 374
229 373
230 372
231 371
232 370
233 369
234 368
235 367
236 366
237 365
237 364
238 363
239 363
240 362
240 361
241 360
242 359
243 358
244 357
244 356
245 355
246 354
247 353
248 352
248 351
249 350
250 349
250 348
251 347
252 346
252 345
253 344
254 343
254 342
255 341
256 340
256 339
257 338
257 337
258 336
258 335
259 334
259 333
260 332
260 331
261 330
261 329
262 328
262 327
263 326
263 325
264 324
264 323
265 322
265 321
265 320
266 319
266 318
267 317
267 316
267 315
268 314
268 313
268 312
269 311
269 310
269 309
270 308
270 307
270 306
270 305
271 304
271 303
271 302
271 301
272 300
272 299
272 298
272 297
273 296
273 295
273 294
273 293
273 292
273 291
273 290
274 289
274 288
274 287
274 286
274 285
274 284
274 283
274 282
275 281
275 280
275 279
275 278
275 277
275 276
275 275
275 274
275 273
275 272
275 271
275 270
275 269
275 268
275 267
275 266
275 265
275 264
275 263
275 262
275 261
275 260
275 259
275 258
275 257
275 256
275 255
275 254
275 253
275 252
275 251
275 250
275 249
275 248
275 247
275 246
275 245
275 244
275 243
276 242
276 241
276 240
276 239
276 238
276 237
276 236
276 235
276 234
276 233
276 232
276 231
276 230
276 229
276 228
276 227
276 226
276 225
276 224
276 223
276 222
276 221
276 220
276 219
276 218
276 217
276 216
276 215
276 214
276 213
276 212
276 211
276 210
276 209
276 208
276 207
276 206
276 205
277 204
277 203
277 202
277 201
277 200
277 199
277 198
277 197
277 196
277 195
277 194
277 193
277 192
277 191
277 190
277 189
277 188
277 187
277 186
277 185
277 184
277 183
277 182
277 181
277 180
277 179
277 178
277 177
277 176
277 175
277 174
277 173
277 172
277 171
277 170
277 169
277 168
277 167
277 166
278 165
278 164
278 163
278 162
278 161
278 160
278 159
278 158
278 157
278 156
278 155
278 154
278 153
278 152
278 151
278 150
278 149
278 148
278 147
278 146
278 145
278 144
278 143
278 142
278 141
278 140
278 139
278 138
278 137
278 136
278 135
278 134
278 133
278 132
278 131
278 130
278 129
278 128
278 127
279 126
279 125
279 124
279 123
279 122
279 121
279 120
279 119
279 118
279 117
279 116
279 115
279 114
279 113
279 112
279 111
279 110
279 109
279 108
279 107
279 106
279 105
279 104
279 103
279 102
279 101
279 100
279 99
279 98
279 97
279 96
279 95
279 94
279 93
279 92
279 91
279 90
279 89
280 88
280 87
280 86
280 85
280 84
280 83
280 82
280 81
280 80
280 79
280 78
280 77
280 76
280 75
280 74
280 73
280 72
280 71
280 70
280 69
280 68
280 67
280 66
280 65
280 64
280 63
280 62
280 61
280 60
280 59
280 58
280 57
280 56
280 55
280 54
280 53
280 52
280 51
280 50
281 49
281 48
281 47
281 46
281 45
281 44
281 43
281 42
281 41
281 40
281 39
281 38
281 37
281 36
281 35
281 34
281 33
281 32
281 31
281 30
281 29
281 28
281 27
281 26
281 25
281 24
281 23
281 22
281 21
281 20
281 19
281 18
281 17
281 16
281 15
281 14
281 13
281 12
281 11
281 10
281 9
281 8
281 7
281 6
281 5
281 4
281 3
281 2
281 1
