278 1
277 2
276 2
275 2
274 3
273 3
272 3
271 4
270 4
269 4
268 4
267 5
266 5
265 5
264 6
263 6
262 6
261 7
260 7
259 7
258 8
257 8
256 8
255 8
254 9
253 9
252 9
251 10
250 10
249 10
248 11
247 11
246 11
245 11
244 12
243 12
242 12
241 13
240 13
239 13
238 14
237 14
236 14
235 14
234 15
233 15
232 15
231 16
230 16
229 16
228 17
227 17
226 17
225 18
224 18
223 18
222 18
221 19
220 19
219 19
218 20
217 20
216 20
215 21
214 21
213 21
212 21
211 22
210 22
209 22
208 23
207 23
206 23
205 24
204 24
203 24
202 24
201 25
200 25
199 25
198 26
197 26
196 26
195 27
194 27
193 27
192 28
191 28
190 28
189 28
188 29
187 29
186 29
185 30
184 30
183 30
182 31
181 31
180 31
179 31
178 32
177 32
176 32
175 33
174 33
173 33
172 34
171 34
170 34
169 34
168 35
167 35
166 35
165 36
164 36
163 36
162 37
161 37
160 37
159 38
158 38
157 38
156 38
155 39
154 39
153 39
152 40
151 40
150 40
149 41
148 41
147 41
146 41
145 42
144 42
143 42
142 43
141 43
140 43
139 44
138 44
137 44
136 44
135 45
134 45
133 45
132 46
131 46
130 46
129 47
128 47
127 47
126 48
125 48
124 48
123 48
122 49
121 49
120 49
119 50
118 50
117 50
116 51
115 51
114 51
113 51
112 52
111 52
110 52
109 53
108 53
107 53
106 54
105 54
104 54
103 55
102 55
101 55
100 55
99 56
98 56
97 56
96 57
95 57
94 57
93 58
92 58
91 58
90 58
89 59
89 60
89 61
89 62
89 63
89 64
89 65
89 66
89 67
89 68
89 69
89 70
89 71
89 72
89 73
89 74
89 75
90 76
90 77
90 78
90 79
90 80
90 81
90 82
90 83
90 84
90 85
90 86
90 87
90 88
90 89
90 90
90 91
90 92
90 93
90 94
90 95
90 96
90 97
90 98
90 99
90 100
90 101
90 102
90 103
90 104
90 105
90 106
90 107
90 108
90 109
90 110
90 111
90 112
90 113
90 114
90 115
90 116
90 117
90 118
90 119
90 120
90 121
90 122
91 123
91 124
91 125
91 126
91 127
91 128
91 129
91 130
91 131
91 132
91 133
91 134
91 135
91 136
91 137
91 138
91 139
91 140
91 141
91 142
91 143
91 144
91 145
91 146
91 147
91 148
91 149
91 150
91 151
91 152
91 153
91 154
91 155
91 156
91 157
91 158
91 159
91 160
91 161
91 162
91 163
91 164
91 165
91 166
91 167
91 168
91 169
91 170
91 171
92 172
92 173
92 174
92 175
92 176
92 177
92 178
92 179
92 180
92 181
92 182
92 183
92 184
92 185
92 186
92 187
92 188
92 189
92 190
92 191
92 192
92 193
92 194
92 195
92 196
92 197
92 198
92 199
92 200
92 201
92 202
92 203
92 204
92 205
92 206
92 207
92 208
92 209
92 210
92 211
92 212
92 213
92 214
92 215
92 216
92 217
92 218
92 219
93 220
93 221
93 222
93 223
93 224
93 225
93 226
93 227
93 228
93 229
93 230
93 231
93 232
93 233
93 234
93 235
93 236
93 237
93 238
93 239
93 240
93 241
93 242
93 243
93 244
93 245
93 246
93 247
93 248
93 249
93 250
93 251
93 252
93 253
93 254
93 255
93 256
93 257
93 258
93 259
93 260
93 261
93 262
93 263
93 264
93 265
93 266
94 267
94 268
94 269
94 270
94 271
94 272
94 273
94 274
94 275
94 276
94 277
94 278
94 279
94 280
94 281
94 282
94 283
94 284
94 285
94 286
94 287
94 288
94 289
94 290
94 291
94 292
94 293
94 294
94 295
94 296
94 297
94 298
94 299
94 300
94 301
94 302
94 303
94 304
94 305
94 306
94 307
94 308
94 309
94 310
94 311
94 312
94 313
94 314
95 315
95 316
95 317
95 318
95 319
95 320
95 321
94 322
94 323
94 324
94 325
94 326
94 327
94 328
94 329
94 330
94 331
93 332
93 333
93 334
93 335
93 336
93 337
92 338
92 339
92 340
92 341
92 342
91 343
91 344
91 345
91 346
90 347
90 348
90 349
90 350
89 351
89 352
89 353
89 354
88 355
88 356
88 357
87 358
87 359
87 360
86 361
86 362
85 363
85 364
84 365
84 366
84 367
83 368
83 369
82 370
82 371
81 372
81 373
80 374
79 375
79 376
78 377
78 378
77 379
77 380
76 381
75 382
75 383
74 384
73 385
73 386
72 387
71 388
70 389
70 390
69 391
68 392
67 393
66 394
65 395
64 396
63 397
62 398
61 399
61 400
60 401
59 402
58 403
57 404
56 405
55 405
54 406
53 407
52 408
51 409
50 410
49 411
48 412
47 412
46 413
45 414
44 414
43 415
42 416
41 417
40 418
39 419
38 419
37 420
36 421
35 421
34 422
33 423
32 423
31 424
30 425
29 425
28 426
27 427
26 427
25 428
24 429
23 429
22 430
21 431
20 431
19 432
18 433
17 433
16 434
15 435
14 435
13 436
12 437
11 437
10 438
9 438
8 439
7 440
6 440
5 441
4 441
3 442
2 442
1 443
2 443
3 443
4 443
5 443
6 443
7 443
8 443
9 443
10 443
11 443
12 443
13 442
14 442
15 442
16 442
17 442
18 442
19 442
20 442
21 442
22 442
23 441
24 441
25 441
26 441
27 441
28 441
29 441
30 441
31 441
32 441
33 441
34 440
35 440
36 440
37 440
38 440
39 440
40 440
41 440
42 440
43 440
44 439
45 439
46 439
47 439
48 439
49 439
50 439
51 439
52 439
53 439
54 438
55 438
56 438
57 438
58 438
59 438
60 438
61 438
62 437
63 437
64 437
65 437
66 437
67 437
68 437
69 437
70 437
71 436
72 436
73 436
74 436
75 436
76 436
77 436
78 435
79 435
80 435
81 435
82 435
83 435
84 434
85 434
86 434
87 434
88 434
89 434
90 433
91 433
92 433
93 433
94 433
95 433
96 432
97 432
98 432
99 432
100 431
101 431
102 431
103 431
104 431
105 430
106 430
107 430
108 430
109 429
110 429
111 429
112 429
113 428
114 428
115 428
116 428
117 427
118 427
119 427
120 426
121 426
122 426
123 426
124 425
125 425
126 425
127 424
128 424
129 424
130 423
131 423
132 423
133 422
134 422
135 422
136 421
137 421
138 420
139 420
140 420
141 419
142 419
143 418
144 418
145 417
146 417
147 416
148 416
149 415
150 415
151 415
152 414
153 414
154 414
155 413
156 413
157 413
158 412
159 412
160 411
161 411
162 410
163 410
164 409
165 409
166 408
167 407
168 406
169 405
170 404
171 403
171 402
172 401
172 400
173 399
173 398
174 397
174 396
175 395
175 394
175 393
176 392
176 391
176 390
176 389
177 388
177 387
177 386
177 385
177 384
178 383
178 382
178 381
178 380
178 379
178 378
178 377
178 376
179 375
179 374
179 373
179 372
179 371
179 370
179 369
180 368
180 367
180 366
180 365
180 364
180 363
181 362
181 361
181 360
181 359
182 358
182 357
182 356
183 355
183 354
183 353
184 352
184 351
185 350
185 349
186 348
186 347
187 346
187 345
188 344
189 343
189 342
190 341
191 340
192 339
193 338
194 337
195 336
196 335
197 334
198 334
199 333
200 332
201 332
202 331
203 330
204 330
205 329
206 329
207 328
208 327
209 327
210 326
211 326
212 325
213 325
214 324
215 324
216 323
217 323
218 322
219 322
220 321
221 321
222 320
223 320
224 319
225 319
226 319
227 318
228 318
229 317
230 317
231 316
232 316
233 315
234 315
235 315
236 314
237 314
238 313
239 313
240 312
241 312
242 311
243 311
244 310
245 310
246 309
247 309
248 308
249 308
250 307
251 306
252 306
253 305
254 305
255 304
256 304
257 303
258 302
259 302
260 301
261 301
261 300
262 299
263 299
264 298
265 297
266 297
266 296
267 295
268 295
268 294
269 293
270 292
271 291
271 290
272 289
273 288
273 287
273 286
274 285
274 284
274 283
274 282
275 281
275 280
275 279
275 278
275 277
275 276
275 275
275 274
275 273
275 272
275 271
275 270
275 269
275 268
275 267
275 266
275 265
275 264
275 263
275 262
275 261
275 260
275 259
275 258
275 257
275 256
275 255
275 254
275 253
275 252
275 251
275 250
275 249
275 248
275 247
275 246
275 245
275 244
275 243
276 242
276 241
276 240
276 239
276 238
276 237
276 236
276 235
276 234
276 233
276 232
276 231
276 230
276 229
276 228
276 227
276 226
276 225
276 224
276 223
276 222
276 221
276 220
276 219
276 218
276 217
276 216
276 215
276 214
276 213
276 212
276 211
276 210
276 209
276 208
276 207
276 206
276 205
277 204
277 203
277 202
277 201
277 200
277 199
277 198
277 197
277 196
277 195
277 194
277 193
277 192
277 191
277 190
277 189
277 188
277 187
277 186
277 185
277 184
277 183
277 182
277 181
277 180
277 179
277 178
277 177
277 176
277 175
277 174
277 173
277 172
277 171
277 170
277 169
277 168
277 167
277 166
278 165
278 164
278 163
278 162
278 161
278 160
278 159
278 158
278 157
278 156
278 155
278 154
278 153
278 152
278 151
278 150
278 149
278 148
278 147
278 146
278 145
278 144
278 143
278 142
278 141
278 140
278 139
278 138
278 137
278 136
278 135
278 134
278 133
278 132
278 131
278 130
278 129
278 128
278 127
279 126
279 125
279 124
279 123
279 122
279 121
279 120
279 119
279 118
279 117
279 116
279 115
279 114
279 113
279 112
279 111
279 110
279 109
279 108
279 107
279 106
279 105
279 104
279 103
279 102
279 101
279 100
279 99
279 98
279 97
279 96
279 95
279 94
279 93
279 92
279 91
279 90
279 89
280 88
280 87
280 86
280 85
280 84
280 83
280 82
280 81
280 80
280 79
280 78
280 77
280 76
280 75
280 74
280 73
280 72
280 71
280 70
280 69
280 68
280 67
280 66
280 65
280 64
280 63
280 62
280 61
280 60
280 59
280 58
280 57
280 56
280 55
280 54
280 53
280 52
280 51
280 50
281 49
281 48
281 47
281 46
281 45
281 44
281 43
281 42
281 41
281 40
281 39
281 38
281 37
281 36
281 35
281 34
281 33
281 32
281 31
281 30
281 29
281 28
281 27
281 26
281 25
281 24
281 23
281 22
281 21
281 20
281 19
281 18
281 17
281 16
281 15
281 14
281 13
281 12
281 11
281 10
281 9
281 8
281 7
281 6
281 5
281 4
281 3
281 2
281 1
280 1
279 1
