279 1
278 2
277 2
276 2
275 3
274 3
273 3
272 4
271 4
270 4
269 4
268 5
267 5
266 5
265 6
264 6
263 6
262 7
261 7
260 7
259 7
258 8
257 8
256 8
255 9
254 9
253 9
252 10
251 10
250 10
249 11
248 11
247 11
246 11
245 12
244 12
243 12
242 13
241 13
240 13
239 14
238 14
237 14
236 14
235 15
234 15
233 15
232 16
231 16
230 16
229 17
228 17
227 17
226 17
225 18
224 18
223 18
222 19
221 19
220 19
219 20
218 20
217 20
216 20
215 21
214 21
213 21
212 22
211 22
210 22
209 23
208 23
207 23
206 24
205 24
204 24
203 24
202 25
201 25
200 25
199 26
198 26
197 26
196 27
195 27
194 27
193 27
192 28
191 28
190 28
189 29
188 29
187 29
186 30
185 30
184 30
183 30
182 31
181 31
180 31
179 32
178 32
177 32
176 33
175 33
174 33
173 33
172 34
171 34
170 34
169 35
168 35
167 35
166 36
165 36
164 36
163 37
162 37
161 37
160 37
159 38
158 38
157 38
156 39
155 39
154 39
153 40
152 40
151 40
150 40
149 41
148 41
147 41
146 42
145 42
144 42
143 43
142 43
141 43
140 43
139 44
138 44
137 44
136 45
135 45
134 45
133 46
132 46
131 46
130 46
129 47
128 47
127 47
126 48
125 48
124 48
123 49
122 49
121 49
120 50
119 50
118 50
117 50
116 51
115 51
114 51
113 52
112 52
111 52
110 53
109 53
108 53
107 53
106 54
105 54
104 54
103 55
102 55
101 55
100 56
99 56
98 56
97 56
96 57
95 57
94 57
93 58
92 58
91 58
90 59
89 59
89 60
89 61
89 62
89 63
90 64
90 65
90 66
90 67
90 68
90 69
90 70
90 71
90 72
90 73
90 74
90 75
90 76
90 77
90 78
90 79
90 80
90 81
90 82
90 83
90 84
90 85
90 86
90 87
90 88
90 89
90 90
90 91
90 92
90 93
90 94
90 95
90 96
90 97
90 98
90 99
90 100
90 101
90 102
90 103
90 104
90 105
90 106
90 107
90 108
90 109
90 110
90 111
90 112
90 113
90 114
90 115
90 116
90 117
90 118
90 119
90 120
90 121
90 122
90 123
90 124
90 125
90 126
90 127
90 128
90 129
90 130
90 131
90 132
90 133
90 134
90 135
90 136
90 137
90 138
90 139
90 140
90 141
90 142
90 143
90 144
90 145
90 146
90 147
90 148
90 149
90 150
90 151
90 152
90 153
90 154
90 155
90 156
90 157
90 158
90 159
90 160
90 161
90 162
90 163
90 164
90 165
90 166
90 167
90 168
90 169
90 170
90 171
90 172
90 173
90 174
90 175
90 176
90 177
90 178
91 179
91 180
91 181
91 182
91 183
92 184
92 185
92 186
92 187
93 188
93 189
93 190
94 191
94 192
94 193
95 194
95 195
96 196
96 197
97 198
97 199
98 200
98 201
99 202
99 203
100 204
100 205
101 206
101 207
102 208
102 209
103 210
104 211
105 212
105 213
106 214
106 215
107 216
108 217
108 218
109 219
110 220
111 221
111 222
112 223
113 224
113 225
114 226
115 227
116 228
117 229
118 230
118 231
119 232
120 233
121 234
122 235
122 236
123 237
124 238
125 239
125 240
126 241
127 242
128 243
129 244
130 245
131 246
131 247
132 248
133 249
134 250
135 251
135 252
136 253
137 254
138 255
138 256
139 257
140 258
141 259
142 260
143 261
144 262
144 263
145 264
146 265
147 266
147 267
148 268
149 269
150 270
150 271
151 272
152 273
153 274
153 275
154 276
155 277
155 278
156 279
157 280
157 281
158 282
158 283
159 284
159 285
160 286
161 287
161 288
162 289
162 290
163 291
163 292
164 293
164 294
165 295
165 296
166 297
166 298
167 299
167 300
168 301
168 302
168 303
169 304
169 305
169 306
169 307
170 308
170 309
170 310
170 311
171 312
171 313
171 314
171 315
171 316
171 317
171 318
171 319
171 320
171 321
171 322
171 323
171 324
171 325
171 326
171 327
170 328
170 329
170 330
170 331
169 332
169 333
169 334
169 335
168 336
168 337
167 338
167 339
167 340
166 341
166 342
165 343
165 344
164 345
164 346
163 347
163 348
162 349
161 350
161 351
160 352
159 353
159 354
158 355
157 356
157 357
156 358
155 359
154 360
153 361
152 362
151 363
150 364
149 365
148 366
147 367
146 368
145 369
144 370
143 371
142 372
141 372
140 373
139 374
138 375
137 376
136 377
135 377
134 378
133 379
132 379
131 380
130 381
129 381
128 382
127 383
126 383
125 384
124 385
123 385
122 386
121 386
120 387
119 388
118 388
117 389
116 390
115 390
114 391
113 391
112 392
111 392
110 393
109 393
108 394
107 394
106 395
105 396
104 396
103 397
102 397
101 398
100 398
99 399
98 399
97 400
96 400
95 401
94 401
93 402
92 402
91 403
90 403
89 404
88 404
87 405
86 405
85 405
84 406
83 406
82 407
81 407
80 408
79 408
78 409
77 409
76 409
75 410
74 410
73 411
72 411
71 412
70 412
69 413
68 413
67 413
66 414
65 414
64 415
63 415
62 415
61 416
60 416
59 417
58 417
57 417
56 418
55 418
54 419
53 419
52 420
51 420
50 421
49 421
48 421
47 422
46 422
45 423
44 423
43 423
42 424
41 424
40 425
39 425
38 425
37 426
36 426
35 427
34 427
33 428
32 428
31 429
30 429
29 429
28 430
27 430
26 431
25 431
24 432
23 432
22 432
21 433
20 433
19 434
18 434
17 435
16 435
15 436
14 436
13 437
12 437
11 438
10 438
9 439
8 439
7 440
6 440
5 441
4 441
3 442
2 443
1 443
2 443
3 443
4 443
5 443
6 443
7 443
8 443
9 443
10 443
11 443
12 443
13 442
14 442
15 442
16 442
17 442
18 442
19 442
20 442
21 442
22 442
23 441
24 441
25 441
26 441
27 441
28 441
29 441
30 441
31 441
32 441
33 441
34 440
35 440
36 440
37 440
38 440
39 440
40 440
41 440
42 440
43 440
44 440
45 439
46 439
47 439
48 439
49 439
50 439
51 439
52 439
53 439
54 438
55 438
56 438
57 438
58 438
59 438
60 438
61 438
62 438
63 437
64 437
65 437
66 437
67 437
68 437
69 437
70 437
71 436
72 436
73 436
74 436
75 436
76 436
77 436
78 435
79 435
80 435
81 435
82 435
83 435
84 434
85 434
86 434
87 434
88 434
89 434
90 434
91 433
92 433
93 433
94 433
95 433
96 432
97 432
98 432
99 432
100 432
101 431
102 431
103 431
104 431
105 430
106 430
107 430
108 430
109 430
110 429
111 429
112 429
113 429
114 428
115 428
116 428
117 427
118 427
119 427
120 427
121 426
122 426
123 426
124 425
125 425
126 425
127 425
128 424
129 424
130 424
131 423
132 423
133 422
134 422
135 422
136 421
137 421
138 421
139 420
140 420
141 419
142 419
143 419
144 418
145 418
146 417
147 417
148 416
149 416
150 415
151 415
152 414
153 414
154 414
155 414
156 413
157 413
158 413
159 412
160 412
161 412
162 412
163 411
164 411
165 411
166 410
167 410
168 410
169 409
170 409
171 409
172 408
173 408
174 407
175 407
176 407
177 406
178 406
179 405
180 405
181 404
182 404
183 404
184 403
185 403
186 402
187 402
188 401
189 401
190 400
191 400
192 399
193 399
194 398
195 398
196 397
197 396
198 396
199 395
200 395
201 394
202 394
203 393
204 392
205 392
206 391
207 391
208 390
209 389
210 389
211 388
212 387
213 387
214 386
215 385
216 384
217 384
218 383
219 382
220 381
221 380
222 380
223 379
224 378
225 377
226 376
227 375
228 374
229 373
230 372
231 371
232 370
233 370
233 369
234 368
235 368
236 367
237 366
237 365
238 364
239 363
240 362
241 361
242 360
243 359
243 358
244 357
245 356
246 355
247 354
247 353
248 352
249 351
250 350
251 349
251 348
252 347
252 346
253 345
254 344
254 343
255 342
256 341
256 340
257 339
257 338
258 337
259 336
259 335
260 334
260 333
261 332
261 331
262 330
262 329
263 328
263 327
264 326
264 325
264 324
265 323
265 322
266 321
266 320
267 319
267 318
267 317
268 316
268 315
268 314
269 313
269 312
269 311
270 310
270 309
270 308
271 307
271 306
271 305
271 304
272 303
272 302
272 301
272 300
273 299
273 298
273 297
273 296
273 295
274 294
274 293
274 292
274 291
274 290
274 289
275 288
275 287
275 286
275 285
275 284
275 283
276 282
275 281
275 280
274 279
274 278
273 277
273 276
272 275
272 274
271 273
271 272
270 271
270 270
269 269
269 268
268 267
268 266
267 265
267 264
266 263
266 262
265 261
265 260
264 259
264 258
263 257
263 256
262 255
262 254
261 253
261 252
260 251
260 250
259 249
259 248
258 247
258 246
257 245
257 244
256 243
256 242
255 241
255 240
254 239
254 238
253 237
253 236
252 235
252 234
251 233
251 232
250 231
250 230
249 229
249 228
248 227
248 226
247 225
247 224
246 223
246 222
245 221
245 220
244 219
244 218
243 217
243 216
242 215
242 214
241 213
241 212
240 211
240 210
239 209
239 208
238 207
238 206
237 205
237 204
236 203
236 202
235 201
235 200
234 199
234 198
233 197
233 196
232 195
232 194
231 193
231 192
230 191
230 190
229 189
229 188
228 187
228 186
227 185
227 184
226 183
226 182
225 181
225 180
224 179
224 178
223 177
223 176
222 175
222 174
221 173
221 172
220 171
220 170
219 169
219 168
218 167
218 166
217 165
217 164
216 163
216 162
215 161
215 160
214 159
213 158
213 157
214 156
214 155
215 154
215 153
216 152
216 151
216 150
217 149
217 148
218 147
218 146
219 145
219 144
220 143
220 142
220 141
221 140
221 139
222 138
222 137
223 136
223 135
224 134
224 133
224 132
225 131
225 130
226 129
226 128
227 127
227 126
228 125
228 124
228 123
229 122
229 121
230 120
230 119
231 118
231 117
232 116
232 115
232 114
233 113
233 112
234 111
234 110
235 109
235 108
235 107
236 106
236 105
237 104
237 103
238 102
238 101
239 100
239 99
239 98
240 97
240 96
241 95
241 94
242 93
242 92
243 91
243 90
243 89
244 88
244 87
245 86
245 85
246 84
246 83
247 82
247 81
247 80
248 79
248 78
249 77
249 76
250 75
250 74
251 73
251 72
251 71
252 70
252 69
253 68
253 67
254 66
254 65
254 64
255 63
255 62
256 61
256 60
257 59
257 58
258 57
258 56
258 55
259 54
259 53
260 52
260 51
261 50
261 49
262 48
262 47
262 46
263 45
263 44
264 43
264 42
265 41
265 40
266 39
266 38
266 37
267 36
267 35
268 34
268 33
269 32
269 31
270 30
270 29
270 28
271 27
271 26
272 25
272 24
273 23
273 22
273 21
274 20
274 19
275 18
275 17
276 16
276 15
277 14
277 13
277 12
278 11
278 10
279 9
279 8
280 7
280 6
281 5
281 4
281 3
282 2
282 1
281 1
280 1
