90 1
89 2
88 3
88 4
88 5
88 6
87 7
86 7
85 8
84 9
83 10
83 11
82 12
82 13
82 14
82 15
82 16
82 17
82 18
82 19
82 20
82 21
82 22
83 23
83 24
83 25
84 26
85 26
86 27
87 28
88 29
89 30
88 31
88 32
88 33
88 34
88 35
88 36
88 37
88 38
88 39
87 40
87 41
86 42
86 43
86 44
85 45
84 46
83 47
82 47
81 47
80 47
79 47
78 48
77 48
76 48
75 48
74 48
73 49
72 49
71 49
70 50
69 50
68 50
67 50
66 50
65 51
64 51
63 50
63 49
62 48
61 47
61 46
61 45
60 44
60 43
59 42
59 41
59 40
59 39
59 38
58 37
58 36
57 35
57 34
57 33
57 32
57 31
57 30
57 29
58 28
58 27
58 26
58 25
59 24
58 23
58 22
58 21
58 20
57 19
57 18
56 18
55 17
55 16
54 15
53 15
52 14
51 14
50 13
49 13
48 13
47 13
46 12
45 11
45 10
44 10
43 9
42 9
41 9
40 9
39 10
38 10
38 11
37 12
37 13
37 14
37 15
37 16
38 17
38 18
38 19
38 20
37 21
37 22
37 23
37 24
37 25
37 26
37 27
37 28
38 29
38 30
38 31
39 32
40 32
41 33
42 33
43 34
44 34
45 34
46 34
47 35
47 36
48 37
48 38
48 39
49 40
50 41
50 42
51 43
51 44
51 45
51 46
52 47
52 48
52 49
52 50
51 51
51 52
50 53
49 53
48 54
47 55
46 55
45 55
44 55
43 56
42 56
41 56
40 57
39 57
38 58
37 58
36 59
35 59
34 60
33 59
32 58
31 57
30 56
29 55
28 54
27 53
26 52
25 51
24 50
23 49
22 48
22 47
21 46
21 45
20 44
19 43
19 42
19 41
19 40
20 39
20 38
20 37
20 36
20 35
20 34
19 33
19 32
18 31
17 31
16 30
15 30
14 30
13 29
12 29
11 29
10 29
9 29
8 28
7 27
6 27
5 27
4 27
3 27
2 27
2 28
1 29
1 30
1 31
1 32
1 33
1 34
1 35
2 36
2 37
2 38
2 39
2 40
2 41
3 42
3 43
3 44
3 45
4 46
5 47
6 47
7 48
8 49
9 49
10 49
11 49
12 49
13 49
14 49
15 50
15 51
16 52
16 53
17 53
18 54
18 55
19 56
20 57
21 58
21 59
22 60
23 61
24 62
24 63
25 64
26 65
26 66
27 66
28 67
27 68
27 69
27 70
27 71
27 72
27 73
27 74
28 75
28 76
29 76
30 76
31 77
32 77
33 78
33 79
32 80
32 81
31 82
31 83
31 84
31 85
31 86
32 87
33 88
34 88
35 89
36 90
37 91
37 92
36 93
35 93
35 94
34 95
34 96
34 97
34 98
35 99
35 100
35 101
35 102
36 103
37 104
38 104
39 105
40 106
41 106
42 106
43 106
44 107
45 107
46 108
47 108
48 108
49 108
50 109
51 109
52 109
53 109
54 109
55 110
56 110
57 110
58 110
59 110
60 110
61 110
62 110
63 110
64 110
65 111
66 111
67 111
68 111
69 111
70 111
71 111
72 111
73 111
74 111
75 111
76 111
77 111
78 111
79 111
80 111
81 111
82 111
83 111
84 111
85 111
86 111
87 111
88 111
89 111
90 111
91 111
92 111
93 111
94 111
95 111
96 111
97 111
98 111
99 111
100 111
101 111
102 111
103 111
104 111
105 111
106 111
107 111
108 111
109 111
110 111
111 111
112 111
113 111
114 111
115 111
116 111
117 110
118 110
119 110
120 110
121 110
122 110
123 109
124 109
125 109
126 109
127 109
128 109
129 108
130 108
131 108
132 108
132 107
133 106
134 106
135 107
136 107
137 107
138 107
139 106
140 105
141 104
142 103
142 102
142 101
142 100
142 99
142 98
142 97
142 96
141 95
140 94
141 93
141 92
142 91
143 91
144 90
145 90
146 89
146 88
146 87
146 86
145 85
145 84
145 83
145 82
146 81
147 80
148 79
149 79
150 79
151 79
152 78
152 77
153 76
153 75
153 74
153 73
153 72
152 71
153 70
154 69
155 68
156 67
157 66
158 65
158 64
159 63
160 62
161 61
162 60
163 59
164 58
165 57
165 56
166 55
167 55
168 54
169 54
170 54
171 54
172 54
173 54
174 54
175 53
176 53
177 52
178 51
178 50
178 49
178 48
179 47
179 46
179 45
179 44
179 43
179 42
179 41
178 40
179 39
179 38
179 37
179 36
179 35
179 34
179 33
178 33
177 32
176 32
175 32
174 32
173 32
172 33
172 34
171 35
170 35
169 35
168 35
167 35
166 35
165 36
164 37
164 38
164 39
163 40
163 41
163 42
163 43
164 44
164 45
164 46
163 47
162 48
161 49
160 50
159 51
158 52
157 53
156 54
155 55
154 56
153 57
152 58
151 59
150 60
149 60
148 61
147 61
146 62
145 62
144 62
143 62
142 61
141 61
140 60
139 60
138 59
137 58
136 58
135 57
134 57
133 56
132 55
132 54
131 53
131 52
131 51
131 50
131 49
132 48
132 47
133 46
133 45
134 44
134 43
135 42
136 41
136 40
136 39
136 38
137 37
138 36
138 35
139 34
140 33
141 33
142 32
143 32
144 31
144 30
145 29
145 28
146 27
146 26
146 25
146 24
146 23
146 22
145 21
145 20
144 19
144 18
143 18
142 17
142 16
142 15
142 14
142 13
142 12
141 11
141 10
140 10
139 9
138 9
137 9
136 9
135 9
134 10
133 11
133 12
133 13
133 14
132 15
131 15
130 15
129 16
128 17
127 18
127 19
127 20
126 21
126 22
126 23
126 24
126 25
127 26
127 27
127 28
128 29
128 30
129 31
129 32
129 33
128 34
128 35
128 36
127 37
127 38
127 39
126 40
126 41
126 42
125 43
125 44
124 45
124 46
123 47
122 48
121 49
120 50
119 50
118 50
117 50
116 49
115 49
114 49
113 49
112 48
111 48
110 47
109 47
108 47
107 47
106 47
105 46
104 46
103 46
102 46
101 46
100 45
100 44
99 43
99 42
98 41
98 40
98 39
98 38
98 37
98 36
97 35
97 34
97 33
97 32
97 31
97 30
97 29
98 28
99 27
100 26
101 26
101 25
102 24
103 23
103 22
103 21
103 20
103 19
103 18
103 17
103 16
103 15
103 14
102 14
101 13
101 12
100 11
100 10
100 9
100 8
99 7
98 7
97 6
97 5
97 4
97 3
97 2
96 1
95 1
94 1
93 1
92 1
91 1
