68 1
67 2
66 2
65 3
64 3
64 4
63 5
63 6
63 7
62 8
62 9
62 10
62 11
62 12
63 13
63 14
62 15
61 16
60 17
59 18
59 19
58 20
58 21
58 22
58 23
58 24
58 25
58 26
59 27
60 28
61 29
61 30
62 30
63 30
64 30
65 30
66 30
67 30
68 31
68 32
68 33
68 34
68 35
68 36
68 37
67 38
66 39
66 40
65 41
64 41
63 42
62 43
61 43
60 43
59 43
58 42
57 42
56 41
55 40
54 39
53 38
53 37
52 36
51 35
51 34
52 33
53 33
54 32
55 32
55 31
56 30
56 29
56 28
56 27
56 26
56 25
56 24
56 23
55 22
55 21
54 20
53 20
52 19
51 19
50 19
49 19
48 19
47 18
47 17
47 16
46 15
46 14
45 13
44 12
43 12
42 11
41 11
40 11
39 11
38 11
37 11
36 11
35 12
34 12
33 13
32 13
32 14
31 15
31 16
31 17
31 18
31 19
31 20
31 21
31 22
31 23
32 24
32 25
31 26
30 27
29 28
29 29
29 30
28 31
28 32
28 33
28 34
29 35
29 36
29 37
30 38
30 39
31 39
32 40
33 40
34 40
35 40
36 40
37 39
38 39
39 38
40 38
41 38
42 39
42 40
42 41
42 42
42 43
41 44
40 45
40 46
39 47
38 48
37 48
36 48
35 49
34 49
33 49
32 49
31 49
30 49
29 48
28 48
27 47
26 46
25 46
24 45
24 44
23 43
22 42
22 41
22 40
22 39
22 38
21 37
21 36
21 35
21 34
20 33
20 32
20 31
20 30
19 29
19 28
19 27
19 26
19 25
18 25
17 25
16 25
15 25
14 26
13 26
12 27
11 27
10 27
9 27
8 28
7 28
6 29
5 29
4 30
3 30
2 30
1 31
1 32
1 33
1 34
1 35
2 35
3 36
4 37
5 37
6 38
7 39
8 40
9 41
10 41
11 42
12 43
12 44
12 45
12 46
13 47
14 48
15 48
16 48
17 48
18 49
19 50
20 51
21 52
22 53
23 53
24 54
25 54
26 55
27 55
28 56
28 57
27 58
26 58
26 59
25 60
25 61
25 62
25 63
26 64
27 65
27 66
28 66
29 67
29 68
29 69
29 70
30 71
30 72
31 73
31 74
32 75
32 76
31 77
31 78
31 79
31 80
31 81
32 82
32 83
33 83
34 84
35 84
36 84
37 85
38 85
39 85
40 85
41 86
42 86
43 86
44 86
45 86
46 87
47 87
48 87
49 87
50 87
51 87
52 87
53 87
54 87
55 87
56 87
57 87
58 87
59 87
60 87
61 87
62 87
63 87
64 87
65 87
66 87
67 87
68 87
69 87
70 87
71 87
72 87
73 87
74 87
75 87
76 87
77 87
78 87
79 87
80 87
81 87
82 87
83 87
84 87
85 87
86 87
87 87
88 87
89 87
90 86
91 86
92 86
93 86
94 86
95 86
96 86
97 86
98 85
99 85
100 85
101 85
102 85
103 84
104 84
105 84
106 84
107 83
108 83
109 83
110 83
111 82
112 82
113 82
114 81
115 81
116 80
117 79
117 78
117 77
117 76
117 75
116 74
115 73
115 72
116 71
116 70
116 69
117 68
117 67
117 66
117 65
118 64
119 64
120 63
121 62
121 61
121 60
121 59
121 58
121 57
121 56
122 55
123 55
124 54
125 54
126 53
127 52
128 52
129 51
130 50
131 50
132 50
133 50
134 49
135 48
135 47
136 46
137 45
137 44
138 43
139 43
139 42
140 41
141 41
142 40
143 39
144 38
145 37
146 37
147 36
148 35
149 34
149 33
149 32
149 31
149 30
149 29
148 29
147 29
146 29
145 28
144 28
143 28
142 28
141 27
140 27
139 27
138 27
137 26
136 26
135 26
134 26
133 25
132 25
131 25
130 25
129 25
128 26
128 27
128 28
128 29
128 30
128 31
128 32
128 33
127 34
127 35
127 36
127 37
126 38
126 39
125 40
125 41
124 42
123 43
122 44
121 44
120 45
119 46
118 47
117 47
116 48
115 48
114 49
113 49
112 49
111 48
110 48
109 47
108 46
107 45
107 44
106 43
105 42
105 41
105 40
105 39
105 38
106 37
107 38
108 38
109 38
110 38
111 38
112 38
113 38
114 37
115 37
115 36
116 35
117 34
117 33
117 32
118 31
117 30
117 29
117 28
116 27
116 26
115 25
114 24
115 23
115 22
116 21
116 20
116 19
116 18
116 17
116 16
115 15
115 14
115 13
114 12
113 12
112 11
111 11
110 11
109 10
108 10
107 10
106 10
105 11
104 11
103 11
102 12
101 13
100 14
100 15
100 16
100 17
99 18
98 18
97 18
96 19
95 19
94 19
93 19
92 20
91 21
91 22
90 23
90 24
90 25
90 26
90 27
90 28
90 29
90 30
91 30
92 31
92 32
93 32
94 33
95 33
96 34
96 35
95 36
95 37
94 38
93 39
92 40
91 41
90 42
89 42
88 43
87 43
86 42
85 42
84 42
83 41
83 40
82 39
81 38
80 37
80 36
80 35
79 34
79 33
79 32
80 31
81 31
82 30
83 30
84 29
85 29
85 28
86 27
86 26
86 25
86 24
87 23
87 22
87 21
87 20
86 19
85 18
85 17
84 17
83 16
82 15
81 14
81 13
81 12
81 11
81 10
81 9
81 8
81 7
81 6
80 5
79 4
79 3
78 2
77 2
76 1
75 1
74 1
73 1
72 1
71 1
70 1
69 1
