559 30
558 31
557 31
556 31
555 31
554 31
553 31
552 31
551 31
550 31
549 31
548 32
547 31
546 32
545 32
544 33
543 33
542 34
541 34
540 35
539 36
538 36
537 37
536 37
535 38
534 38
533 39
532 40
531 40
530 41
529 42
529 43
528 44
527 45
526 46
526 47
526 48
526 49
525 50
525 51
524 52
523 52
523 53
522 54
522 55
521 56
520 57
519 57
518 58
517 59
516 59
515 60
514 60
513 61
512 62
511 63
510 63
510 64
509 65
508 66
508 67
507 68
507 69
507 70
506 71
506 72
506 73
506 74
506 75
507 76
506 77
505 78
504 79
503 79
502 80
501 81
500 81
499 82
498 82
497 83
496 84
495 85
494 86
493 87
492 88
491 89
490 89
490 90
490 91
490 92
489 93
489 94
488 95
488 96
488 97
488 98
488 99
488 100
489 101
489 102
490 103
491 104
492 105
492 106
493 107
493 108
494 109
494 110
494 111
494 112
494 113
493 114
493 115
493 116
492 117
491 118
490 119
489 120
488 120
487 121
486 122
485 123
484 123
483 124
482 125
481 126
480 126
479 127
478 127
477 128
476 129
475 130
474 131
473 131
472 132
471 133
470 133
469 134
469 135
469 136
468 137
467 138
466 139
466 140
466 141
466 142
466 143
466 144
465 145
464 146
463 147
462 148
461 149
460 149
459 149
458 150
457 150
456 150
455 150
454 151
453 150
452 151
451 151
450 151
449 150
448 150
447 149
446 149
445 149
444 148
443 148
442 148
441 147
440 146
440 145
439 144
438 143
438 142
438 141
438 140
438 139
438 138
438 137
437 136
437 135
436 134
436 133
436 132
436 131
436 130
436 129
437 128
437 127
438 126
439 125
440 124
441 123
442 122
443 121
444 120
445 119
446 118
447 117
447 116
448 115
449 114
449 113
450 112
451 111
451 110
452 109
452 108
453 107
453 106
454 105
454 104
455 103
455 102
455 101
455 100
455 99
455 98
455 97
455 96
455 95
455 94
455 93
455 92
455 91
454 90
454 89
453 88
452 87
452 86
451 85
451 84
450 83
450 82
449 81
448 80
448 79
447 78
447 77
446 76
445 75
444 74
443 73
442 73
441 72
440 71
439 70
438 69
437 69
436 69
435 69
434 68
433 68
432 68
431 67
430 67
429 67
428 66
427 66
426 66
425 66
424 65
423 64
423 63
423 62
423 61
422 60
422 59
422 58
421 57
421 56
421 55
421 54
420 53
420 52
419 51
418 50
418 49
417 48
417 47
416 46
415 45
414 44
413 43
412 42
411 41
410 40
409 40
408 39
407 39
406 38
405 37
404 37
403 36
402 36
401 36
400 35
399 35
398 35
397 35
396 35
395 35
394 35
393 35
392 34
391 35
390 35
389 35
388 35
387 35
386 35
385 35
384 35
383 36
382 36
381 37
380 37
379 38
378 38
377 39
376 40
375 40
374 41
373 41
372 42
371 43
371 44
370 45
369 45
369 46
368 47
367 48
367 49
366 50
365 51
365 52
364 53
364 54
364 55
363 56
363 57
363 58
363 59
363 60
363 61
363 62
363 63
364 64
364 65
365 66
365 67
365 68
366 69
366 70
367 71
367 72
368 73
369 74
369 75
370 76
371 77
371 78
371 79
370 80
369 81
368 81
367 82
366 82
365 83
364 83
363 84
362 85
361 85
361 86
361 87
361 88
361 89
360 90
359 91
358 92
357 93
358 94
357 95
357 96
356 97
356 98
355 99
355 100
354 101
354 102
354 103
354 104
354 105
353 106
353 107
353 108
353 109
353 110
353 111
353 112
354 113
354 114
354 115
354 116
355 117
355 118
355 119
356 120
357 121
357 122
358 123
358 124
359 125
359 126
360 127
361 128
362 129
363 130
364 131
365 132
366 133
367 134
368 135
369 135
370 136
371 136
372 137
373 138
374 138
375 139
376 139
377 139
378 140
379 140
380 140
381 140
382 141
383 141
384 141
385 141
386 141
387 141
388 141
389 141
390 141
391 141
392 141
393 141
394 141
395 141
396 141
397 141
398 141
399 140
400 140
401 141
402 142
402 143
402 144
402 145
402 146
402 147
402 148
402 149
403 150
403 151
403 152
402 153
402 154
402 155
402 156
402 157
402 158
402 159
401 160
400 161
399 162
398 163
397 164
396 164
395 165
394 165
393 166
392 166
391 166
390 165
389 164
388 164
387 163
386 162
385 161
384 160
383 159
382 158
381 157
380 157
379 156
378 155
377 155
376 154
375 154
374 153
373 153
372 152
371 151
370 150
369 150
368 150
367 150
366 151
365 150
364 151
363 151
362 152
361 152
360 153
359 153
358 154
357 155
357 156
356 157
355 158
354 159
354 160
354 161
354 162
353 163
352 164
352 165
352 166
352 167
351 168
351 169
350 170
350 171
350 172
350 173
350 174
349 175
349 176
348 177
347 178
346 179
345 179
344 179
343 179
342 179
341 179
340 178
339 178
338 178
337 178
336 178
335 178
334 179
333 179
332 179
331 179
330 178
329 177
328 176
327 175
326 174
325 173
326 172
327 171
328 170
329 170
330 169
330 168
331 167
332 166
333 165
334 164
335 164
336 163
337 163
338 162
338 161
337 160
337 159
338 158
339 157
340 156
340 155
340 154
340 153
341 152
341 151
342 150
342 149
342 148
342 147
343 146
343 145
344 144
344 143
344 142
345 141
346 140
346 139
347 138
348 137
348 136
348 135
349 134
349 133
349 132
350 131
350 130
350 129
350 128
349 127
350 126
349 125
349 124
349 123
348 122
347 121
347 120
346 119
346 118
345 117
345 116
344 115
343 114
343 113
342 112
342 111
341 110
341 109
340 108
339 107
339 106
338 105
338 104
337 103
337 102
336 101
335 100
335 99
334 98
334 97
334 96
334 95
333 94
332 93
332 92
332 91
332 90
331 89
331 88
330 87
329 86
329 85
328 84
327 83
326 82
325 81
324 80
323 79
322 78
321 77
320 76
319 76
318 76
317 76
316 75
315 75
314 75
313 75
312 75
311 75
310 74
309 74
308 74
307 74
306 75
305 74
304 73
303 72
303 71
303 70
303 69
303 68
302 67
302 66
301 65
301 64
300 63
300 62
299 61
298 60
297 59
296 58
295 58
294 57
293 57
292 57
291 56
290 56
289 56
288 55
287 55
286 55
285 55
284 55
283 55
282 55
281 55
280 55
279 54
278 53
277 52
276 51
275 50
274 50
273 49
273 48
272 47
271 47
270 46
269 45
268 45
267 44
266 43
265 42
264 41
264 40
263 39
262 38
261 37
260 36
259 35
258 34
257 34
256 33
255 32
254 32
253 32
252 33
251 33
250 32
249 32
248 31
247 31
246 31
245 31
244 31
243 31
242 31
241 31
240 31
239 32
238 32
237 33
236 33
235 34
234 34
233 34
232 34
231 35
230 35
229 35
228 36
227 36
226 37
225 37
224 38
223 39
222 40
221 41
220 42
219 43
219 44
218 45
218 46
217 47
217 48
216 49
216 50
216 51
215 52
215 53
214 54
214 55
213 56
213 57
214 58
214 59
214 60
214 61
214 62
214 63
214 64
214 65
214 66
214 67
214 68
214 69
214 70
214 71
215 72
216 73
216 74
217 75
218 76
218 77
218 78
219 79
220 80
220 81
219 82
219 83
218 84
217 85
216 86
215 87
214 88
214 89
214 90
214 91
213 92
212 93
212 94
213 95
213 96
212 97
212 98
212 99
213 100
213 101
214 102
215 103
215 104
216 105
216 106
217 107
217 108
217 109
217 110
217 111
216 112
216 113
216 114
216 115
215 116
215 117
214 118
213 119
213 120
213 121
213 122
212 123
212 124
211 125
211 126
210 127
210 128
211 129
212 130
212 131
213 132
213 133
214 134
215 135
215 136
216 137
215 138
216 139
216 140
217 141
216 142
217 143
217 144
217 145
217 146
217 147
217 148
217 149
217 150
216 151
216 152
216 153
216 154
215 155
215 156
215 157
215 158
215 159
214 160
214 161
214 162
214 163
214 164
214 165
213 166
213 167
214 168
214 169
214 170
215 171
215 172
216 173
216 174
217 175
217 176
218 177
219 178
219 179
220 180
221 180
222 181
222 182
223 182
224 182
225 183
226 184
227 184
228 185
229 185
230 185
231 186
232 186
233 186
234 185
235 185
236 185
237 186
238 186
239 186
240 186
241 186
242 186
243 187
244 187
245 188
246 188
247 189
248 190
249 191
250 192
251 192
252 193
253 193
254 194
255 195
256 196
257 197
258 198
259 198
260 198
261 198
262 198
263 198
264 198
265 198
266 198
267 198
268 198
269 197
270 197
271 196
272 196
273 195
274 194
275 194
276 193
276 192
276 191
276 190
277 189
278 189
279 188
280 187
281 187
282 187
283 188
284 189
284 190
284 191
284 192
284 193
284 194
284 195
283 196
283 197
283 198
282 199
282 200
282 201
282 202
282 203
281 204
281 205
280 206
279 207
278 208
277 208
276 209
275 209
274 209
273 210
272 210
271 210
270 211
269 211
268 211
267 211
266 211
265 210
264 210
263 210
262 209
261 209
260 209
259 209
258 209
257 208
256 208
255 207
254 207
253 208
252 208
251 207
250 206
249 206
248 206
247 206
246 207
245 208
244 208
243 209
242 209
241 210
240 210
239 211
239 212
239 213
239 214
238 215
237 216
236 216
235 217
235 218
234 219
233 220
233 221
233 222
233 223
232 224
232 225
232 226
232 227
232 228
232 229
232 230
232 231
232 232
232 233
232 234
232 235
232 236
232 237
232 238
232 239
231 240
231 241
231 242
231 243
231 244
231 245
231 246
230 247
229 248
228 249
227 249
226 250
225 250
224 250
223 250
222 251
221 251
220 251
219 252
218 251
217 252
216 251
215 251
214 250
213 250
212 249
211 249
210 249
209 249
208 249
207 249
206 249
205 248
204 248
203 248
202 247
201 247
200 247
199 247
198 247
197 246
196 245
196 244
195 243
195 242
196 241
197 240
198 239
198 238
199 237
199 236
199 235
200 234
200 233
200 232
201 231
201 230
201 229
201 228
202 227
203 226
204 225
204 224
203 223
203 222
203 221
203 220
204 219
204 218
204 217
204 216
204 215
204 214
204 213
204 212
203 211
203 210
203 209
203 208
202 207
201 206
201 205
200 204
200 203
199 202
198 201
198 200
197 199
197 198
196 197
195 196
194 195
193 194
192 193
191 192
190 191
189 191
188 190
187 190
186 189
185 189
184 188
183 188
182 187
181 187
180 187
179 187
178 186
177 186
176 186
175 186
174 186
173 186
172 185
171 185
170 185
169 185
168 185
167 185
166 186
165 185
164 185
163 184
163 183
162 182
161 181
160 180
159 179
158 178
157 177
156 176
155 175
154 174
153 174
152 173
151 173
150 172
149 171
148 171
147 170
146 170
145 169
144 169
143 169
142 169
141 169
140 168
139 169
138 168
137 169
136 169
135 169
134 169
133 169
132 169
131 169
130 170
129 171
128 171
127 172
126 172
125 173
124 174
124 175
123 176
122 177
121 178
120 178
119 179
118 180
118 181
118 182
117 183
116 183
116 184
115 185
114 186
114 187
114 188
113 189
113 190
113 191
113 192
113 193
112 194
112 195
112 196
112 197
112 198
112 199
112 200
112 201
112 202
112 203
113 204
113 205
113 206
113 207
113 208
113 209
113 210
114 211
114 212
114 213
114 214
114 215
114 216
114 217
115 218
115 219
115 220
115 221
116 222
116 223
116 224
116 225
117 226
117 227
117 228
117 229
117 230
117 231
117 232
117 233
117 234
117 235
117 236
117 237
117 238
117 239
117 240
117 241
117 242
118 243
118 244
119 245
119 246
120 247
120 248
121 249
121 250
122 251
123 252
124 253
124 254
125 255
126 256
127 257
128 258
129 259
130 260
131 261
132 262
133 262
134 263
135 263
136 264
137 265
138 265
139 266
140 266
141 266
142 267
143 267
144 268
145 268
146 269
147 270
148 271
149 271
150 271
151 271
152 270
153 271
154 270
155 271
156 270
157 270
158 270
159 270
160 270
161 270
162 269
163 269
164 269
165 269
166 269
167 269
168 269
169 268
170 269
171 268
172 269
173 269
174 269
175 270
176 271
177 272
178 273
179 274
180 275
180 276
181 277
181 278
181 279
181 280
181 281
182 282
182 283
182 284
182 285
182 286
182 287
182 288
182 289
181 290
180 291
179 292
178 292
177 292
176 292
175 292
174 292
173 292
172 292
171 291
170 292
169 291
168 291
167 291
166 291
165 290
164 290
163 289
162 289
161 289
160 288
159 289
158 288
157 289
156 288
155 289
154 288
153 289
152 289
151 290
150 290
149 291
148 291
147 292
146 292
145 293
144 294
143 294
142 295
141 296
140 297
140 298
139 299
139 300
139 301
139 302
139 303
138 304
139 305
139 306
139 307
140 308
141 309
141 310
142 311
143 312
143 313
143 314
144 315
145 316
145 317
146 318
146 319
147 320
147 321
147 322
147 323
146 324
146 325
146 326
146 327
145 328
144 329
143 329
142 328
141 327
140 326
140 325
139 324
138 323
138 322
137 321
137 320
136 319
135 318
135 317
134 316
133 315
132 314
131 314
130 313
129 313
128 312
127 312
126 311
125 310
124 309
123 309
122 308
121 308
120 307
119 306
118 305
117 304
116 304
115 303
115 302
114 301
114 300
113 299
112 298
112 297
111 296
111 295
110 294
109 293
109 292
108 291
108 290
107 289
107 288
107 287
107 286
107 285
106 284
106 283
106 282
105 281
105 280
105 279
104 278
104 277
103 276
102 275
101 275
100 274
99 273
98 273
97 273
96 273
95 273
94 273
93 273
92 273
91 273
90 273
89 273
88 274
87 275
86 275
85 275
84 275
83 276
82 276
81 276
80 277
79 276
78 277
77 277
76 277
75 277
74 276
73 275
72 275
71 276
70 276
69 277
68 277
67 277
66 277
65 278
64 279
63 279
62 280
61 280
60 281
59 281
58 282
57 283
56 283
55 284
54 284
53 285
52 285
51 286
50 285
49 285
48 285
47 284
46 284
45 283
44 283
43 282
42 283
41 282
40 283
39 282
38 283
37 283
36 283
35 283
34 284
33 284
32 284
31 285
30 286
29 286
28 287
27 288
27 289
26 290
25 291
25 292
25 293
25 294
25 295
24 296
24 297
24 298
25 299
24 300
24 301
24 302
24 303
25 304
25 305
25 306
24 307
23 308
22 309
21 309
20 310
19 310
18 311
17 312
16 313
15 313
15 314
14 315
14 316
14 317
13 318
12 319
12 320
11 321
11 322
10 323
10 324
10 325
10 326
10 327
10 328
10 329
11 330
11 331
11 332
12 333
12 334
12 335
13 336
13 337
13 338
13 339
13 340
13 341
13 342
13 343
14 344
14 345
14 346
14 347
15 348
15 349
16 350
16 351
17 352
17 353
18 354
19 355
20 356
20 357
21 358
22 359
23 359
24 360
25 361
26 361
27 362
28 362
29 362
30 362
31 362
32 362
33 362
34 362
35 363
36 362
37 363
38 362
39 362
40 362
41 361
42 361
43 361
44 361
45 360
46 360
47 359
48 358
49 357
50 356
51 356
52 355
53 354
53 353
53 352
53 351
54 350
54 349
55 348
55 347
56 346
57 345
58 344
59 344
60 344
61 344
62 344
63 344
64 344
65 344
66 344
67 344
68 344
69 345
70 345
71 345
72 346
72 347
73 348
74 349
75 350
76 351
76 352
77 353
78 354
78 355
79 356
79 357
80 358
81 359
81 360
82 361
83 362
84 363
85 364
86 365
87 365
88 366
89 366
90 366
91 366
92 366
93 367
94 367
95 367
96 367
97 366
98 366
99 365
100 366
101 366
102 366
103 366
104 367
105 367
106 367
107 367
108 368
109 369
110 370
111 370
112 370
113 371
114 372
115 372
116 373
117 373
118 374
119 374
120 375
121 375
122 375
123 376
124 377
125 378
126 378
127 378
128 378
129 378
130 379
131 379
132 380
133 381
134 381
135 381
136 382
137 382
138 382
139 383
140 383
141 383
142 384
143 384
144 384
145 384
146 385
147 385
148 385
149 385
150 385
151 386
152 386
153 387
154 388
155 389
156 389
157 390
158 391
159 392
160 393
161 394
161 395
162 396
163 397
163 398
164 399
165 400
166 401
167 402
167 403
168 404
168 405
169 406
169 407
170 408
171 409
171 410
172 411
172 412
173 413
173 414
174 415
175 416
175 417
176 418
176 419
177 420
178 421
178 422
179 423
179 424
180 425
181 426
182 427
183 427
184 428
185 428
186 428
187 428
188 429
189 429
190 429
191 429
192 429
193 429
194 428
195 428
196 428
197 428
198 428
199 428
200 427
201 428
202 427
203 428
204 428
205 429
206 430
207 431
207 432
207 433
208 434
209 435
209 436
210 437
211 438
211 439
211 440
212 441
213 442
212 443
211 444
211 445
211 446
211 447
211 448
211 449
211 450
211 451
212 452
212 453
213 454
213 455
214 456
215 457
216 457
217 458
218 458
219 458
220 459
221 459
222 459
223 459
224 459
225 459
226 460
227 461
228 461
229 461
230 461
231 462
231 463
232 464
233 465
234 465
235 466
236 467
237 468
238 469
238 470
239 471
239 472
240 473
239 474
239 475
239 476
240 477
241 478
241 479
242 480
242 481
243 482
243 483
244 484
244 485
245 486
245 487
245 488
246 489
246 490
247 491
247 492
248 493
249 494
249 495
250 496
251 497
252 497
253 498
254 499
255 499
256 500
257 500
258 500
259 501
260 501
261 502
262 502
263 502
264 503
265 503
266 503
267 503
268 504
269 504
270 504
271 504
272 504
273 505
274 505
275 506
276 506
277 507
278 507
279 507
280 508
281 508
282 508
283 508
284 508
285 509
286 508
287 508
288 508
289 508
290 508
291 508
292 508
293 508
294 507
295 507
296 507
297 507
298 507
299 507
300 507
301 507
302 507
303 506
304 506
305 506
306 505
307 505
308 505
309 504
310 504
311 504
312 504
313 504
314 504
315 503
316 503
317 503
318 502
319 502
320 502
321 502
322 502
323 502
324 502
325 502
326 502
327 501
328 500
329 500
330 499
331 499
332 499
333 498
334 498
335 498
336 498
337 497
338 498
339 497
340 497
341 496
342 496
343 495
344 495
345 495
346 495
347 494
348 494
349 493
350 492
351 492
352 492
353 492
354 491
355 491
356 490
357 490
358 490
359 489
360 489
361 489
362 488
363 488
364 488
365 488
366 487
367 487
368 487
369 486
370 486
371 485
372 485
373 485
374 484
375 484
376 483
377 483
378 483
379 483
380 482
381 481
382 481
383 480
384 480
385 479
386 479
387 478
388 478
389 478
390 477
391 477
392 476
393 476
394 476
395 475
396 475
397 474
398 474
399 473
400 473
401 472
402 472
403 471
404 470
405 470
406 469
407 469
408 468
409 468
410 467
411 466
412 466
413 465
414 465
415 464
416 463
417 463
418 462
419 462
420 461
421 461
422 460
423 459
424 459
425 458
426 458
427 457
428 457
429 456
430 455
431 455
432 454
433 454
434 453
435 453
436 452
437 451
438 451
439 450
440 450
441 449
442 448
443 448
444 447
445 447
446 446
447 446
448 445
449 444
450 444
451 443
452 443
453 442
454 442
455 441
456 440
457 440
458 439
459 439
460 438
461 438
462 437
463 436
464 436
465 435
466 435
467 434
468 433
469 433
470 432
471 432
472 431
473 431
474 430
475 429
476 429
477 428
478 428
479 427
480 427
481 426
482 425
483 425
484 424
485 424
486 423
487 423
488 422
489 421
490 421
491 420
492 420
493 419
494 418
495 418
496 417
497 417
498 416
499 416
500 415
501 414
502 414
503 413
504 413
505 412
506 412
507 411
508 410
509 410
510 409
511 409
512 408
513 407
514 407
515 406
516 406
517 405
518 405
519 404
520 403
521 402
522 401
523 401
524 400
525 399
526 399
527 398
528 397
529 396
530 395
531 395
532 394
533 393
534 392
535 391
536 391
537 390
538 389
539 388
540 387
541 386
542 385
543 384
544 384
545 383
546 382
547 381
548 380
549 380
550 379
551 378
552 377
553 376
554 376
555 375
556 374
557 373
558 372
559 371
560 370
561 369
562 368
563 367
563 366
564 365
565 364
566 363
567 362
568 361
569 360
569 359
569 358
570 357
571 356
572 355
572 354
572 353
571 352
572 351
572 350
573 349
573 348
573 347
573 346
573 345
574 344
574 343
574 342
574 341
574 340
574 339
573 338
573 337
573 336
573 335
572 334
571 333
571 332
571 331
571 330
570 329
570 328
570 327
570 326
570 325
569 324
569 323
569 322
569 321
569 320
568 319
567 318
567 317
567 316
567 315
566 314
566 313
565 312
565 311
564 310
563 309
563 308
563 307
562 306
562 305
562 304
562 303
561 302
561 301
561 300
561 299
560 298
560 297
559 296
559 295
558 294
558 293
558 292
559 291
559 290
559 289
559 288
560 287
560 286
560 285
560 284
561 283
561 282
560 281
560 280
561 279
561 278
561 277
561 276
561 275
561 274
560 273
560 272
560 271
560 270
560 269
559 268
559 267
558 266
558 265
558 264
558 263
557 262
556 261
556 260
556 259
556 258
555 257
555 256
555 255
555 254
555 253
555 252
555 251
556 250
556 249
556 248
557 247
557 246
558 245
558 244
558 243
558 242
559 241
559 240
559 239
559 238
560 237
560 236
560 235
561 234
561 233
561 232
561 231
561 230
561 229
561 228
561 227
561 226
560 225
559 224
559 223
558 222
557 221
557 220
556 219
555 218
554 217
554 216
553 215
552 214
552 213
551 212
551 211
550 210
549 209
549 208
548 207
548 206
547 205
547 204
546 203
546 202
545 201
544 200
544 199
544 198
544 197
543 196
543 195
543 194
543 193
542 192
542 191
542 190
542 189
542 188
543 187
543 186
543 185
543 184
543 183
544 182
544 181
545 180
545 179
546 178
546 177
546 176
547 175
547 174
548 173
548 172
548 171
548 170
549 169
549 168
550 167
550 166
550 165
550 164
551 163
551 162
551 161
551 160
552 159
552 158
553 157
553 156
553 155
553 154
554 153
555 152
555 151
555 150
555 149
555 148
555 147
556 146
556 145
556 144
556 143
557 142
557 141
557 140
558 139
559 138
559 137
560 136
561 135
562 134
563 133
563 132
563 131
564 130
564 129
564 128
564 127
565 126
565 125
565 124
565 123
565 122
565 121
565 120
564 119
564 118
564 117
563 116
563 115
563 114
563 113
562 112
562 111
562 110
562 109
561 108
561 107
561 106
561 105
560 104
560 103
560 102
559 101
558 100
558 99
557 98
557 97
558 96
558 95
559 94
559 93
558 92
558 91
558 90
558 89
558 88
558 87
558 86
558 85
558 84
557 83
558 82
559 81
560 81
561 82
562 83
563 84
564 85
565 85
566 86
567 86
568 86
569 87
570 87
571 87
572 87
573 87
574 87
575 87
576 87
577 86
578 86
579 85
580 85
581 84
582 84
583 83
583 82
584 81
585 80
586 79
587 78
588 77
587 76
587 75
588 74
588 73
589 72
588 71
589 70
588 69
589 68
588 67
588 66
588 65
588 64
587 63
587 62
587 61
587 60
587 59
586 58
586 57
586 56
585 55
585 54
584 53
584 52
583 51
582 50
582 49
581 48
581 47
580 46
579 45
579 44
578 43
578 42
577 41
577 40
576 39
576 38
575 37
574 36
574 35
573 34
573 33
572 32
571 32
570 31
569 31
568 31
567 31
566 30
565 30
564 30
563 30
562 30
561 30
560 30
