92 2
91 3
90 3
89 3
88 3
87 3
86 3
85 4
84 4
83 4
82 4
81 3
80 3
79 3
78 3
77 4
77 5
77 6
77 7
77 8
78 9
78 10
78 11
78 12
77 13
76 13
75 13
74 13
73 12
72 12
71 12
70 12
69 12
69 13
69 14
69 15
69 16
70 17
69 18
68 18
67 19
67 20
67 21
67 22
68 23
68 24
69 25
68 26
67 26
66 26
65 26
64 25
64 24
64 23
64 22
63 22
62 21
61 20
61 19
61 18
62 17
62 16
62 15
62 14
61 14
60 14
59 14
58 14
57 15
56 16
55 16
54 16
53 17
52 16
52 15
53 14
53 13
53 12
53 11
52 10
52 9
52 8
52 7
51 7
50 7
49 7
48 7
47 7
46 7
45 7
44 7
43 7
42 8
41 8
40 8
40 9
39 10
38 10
38 11
37 12
37 13
37 14
37 15
37 16
38 17
38 18
39 19
40 19
41 20
42 21
41 22
40 22
39 22
38 22
37 22
36 23
35 23
34 23
33 23
33 24
33 25
33 26
33 27
34 28
34 29
34 30
34 31
34 32
34 33
33 34
32 34
31 34
31 35
30 36
29 36
28 35
27 35
26 35
25 34
24 33
24 32
24 31
24 30
23 30
22 30
21 30
21 31
20 32
19 33
18 33
17 32
17 31
17 30
17 29
16 28
16 27
15 26
14 26
13 26
12 26
11 27
10 28
9 28
8 28
7 28
6 28
5 29
4 29
3 29
3 30
2 31
1 31
1 32
1 33
1 34
1 35
1 36
1 37
1 38
2 39
3 39
4 39
5 39
6 39
7 38
7 37
8 36
9 35
10 35
11 36
11 37
12 38
12 39
12 40
13 41
13 42
14 43
14 44
14 45
15 46
16 47
16 48
17 48
18 49
19 50
20 50
21 50
22 50
23 51
24 52
25 53
26 54
27 55
28 55
29 56
30 57
31 58
30 59
30 60
30 61
30 62
30 63
30 64
30 65
31 66
32 66
33 67
33 68
34 69
34 70
34 71
35 72
35 73
35 74
36 75
36 76
36 77
37 78
37 79
37 80
38 81
39 82
39 83
40 83
41 84
42 84
43 84
44 85
45 85
46 85
47 86
48 86
49 86
50 86
51 87
52 87
53 87
54 87
55 87
56 87
57 87
58 87
59 87
60 87
61 87
62 87
63 87
64 87
65 87
66 87
67 87
68 87
69 87
70 87
71 87
72 87
73 87
74 87
75 87
76 87
77 87
78 87
79 87
80 87
81 87
82 87
83 87
84 87
85 87
86 87
87 87
88 87
89 87
90 87
91 87
92 87
93 87
94 87
95 87
96 87
97 87
98 87
99 87
100 87
101 87
102 87
103 87
104 87
105 87
106 87
107 87
108 87
109 87
110 87
111 87
112 86
113 86
114 86
115 86
116 86
117 86
118 86
119 86
120 86
121 85
122 85
123 85
124 85
125 84
126 84
127 84
128 83
129 83
130 83
131 82
132 82
133 82
134 81
135 80
135 79
135 78
136 77
136 76
136 75
137 74
137 73
137 72
138 71
138 70
139 69
139 68
139 67
140 66
141 65
142 65
143 65
143 64
143 63
144 62
144 61
144 60
144 59
143 58
142 57
141 57
140 56
141 55
142 55
143 55
144 55
145 54
146 54
147 53
148 53
148 52
149 51
150 51
151 50
152 49
153 49
154 49
155 48
156 47
157 47
157 46
158 45
158 44
159 43
159 42
159 41
160 40
160 39
161 38
162 37
163 36
164 35
165 36
165 37
166 38
167 38
168 38
169 38
169 37
170 36
170 35
170 34
170 33
170 32
170 31
169 30
169 29
168 28
167 27
166 27
165 27
164 27
163 28
162 28
161 29
160 28
160 27
159 27
158 27
157 27
156 27
155 28
155 29
155 30
155 31
155 32
155 33
154 34
153 33
152 32
151 32
150 31
150 30
150 29
149 29
148 29
147 29
147 30
146 31
146 32
146 33
145 34
144 35
143 35
142 36
141 35
140 35
139 35
138 35
137 35
136 34
137 33
138 33
138 32
138 31
138 30
138 29
139 28
140 28
140 27
140 26
140 25
140 24
139 23
138 23
137 22
136 22
135 22
134 21
133 21
132 20
133 19
134 18
135 17
136 17
136 16
137 15
138 15
138 14
138 13
138 12
137 11
136 11
135 10
134 9
134 8
133 8
132 8
131 7
130 7
129 7
128 6
127 6
126 6
125 6
124 7
123 7
122 7
121 7
121 8
121 9
121 10
121 11
121 12
121 13
121 14
121 15
120 16
119 16
118 16
117 16
116 15
115 14
114 14
113 14
112 14
111 15
111 16
111 17
111 18
111 19
111 20
110 21
109 21
109 22
109 23
109 24
108 25
107 25
106 25
105 25
104 24
105 23
105 22
105 21
105 20
104 19
103 18
103 17
103 16
103 15
103 14
103 13
103 12
102 12
101 12
100 12
99 12
98 12
97 13
96 13
95 13
94 13
93 12
93 11
93 10
93 9
93 8
94 7
95 6
95 5
95 4
95 3
95 2
94 2
93 2
