71 1
70 2
69 2
68 3
67 4
66 4
65 5
65 6
65 7
64 8
64 9
64 10
64 11
64 12
64 13
65 14
65 15
65 16
65 17
66 18
66 19
67 20
68 21
69 22
70 23
69 24
68 25
67 26
66 27
65 27
64 27
63 27
62 26
61 26
60 26
59 27
58 28
57 28
56 29
55 29
54 29
53 29
52 29
51 29
50 29
49 28
48 29
47 29
46 29
45 29
44 29
43 28
42 27
41 26
41 25
41 24
42 23
43 22
43 21
44 20
44 19
44 18
44 17
44 16
44 15
44 14
43 13
43 12
43 11
42 10
41 9
40 8
39 7
38 7
37 6
36 6
35 6
34 6
33 6
32 6
31 7
30 7
29 7
28 7
27 8
26 8
25 9
25 10
24 11
24 12
24 13
24 14
24 15
24 16
24 17
24 18
25 19
25 20
26 21
27 22
27 23
28 24
29 25
30 26
31 27
32 28
33 29
33 30
32 31
31 32
30 33
29 34
28 34
27 34
26 33
25 32
24 31
23 31
22 31
21 30
20 29
19 28
19 27
19 26
19 25
18 24
18 23
17 22
17 21
16 20
15 19
14 18
13 18
12 17
11 17
10 17
9 17
8 17
7 17
6 18
5 18
4 18
3 19
2 20
2 21
1 22
1 23
1 24
1 25
1 26
1 27
1 28
2 29
2 30
2 31
2 32
3 33
4 34
5 35
6 36
7 36
8 37
9 37
10 37
11 37
12 37
13 37
14 37
15 37
16 38
17 39
18 40
19 41
20 42
21 42
22 43
22 44
22 45
23 46
23 47
24 48
23 49
23 50
23 51
23 52
23 53
23 54
24 54
25 55
26 55
27 56
26 57
26 58
26 59
26 60
26 61
26 62
26 63
27 64
28 64
29 65
30 65
31 66
32 66
33 66
34 66
35 67
36 67
37 67
38 68
39 68
40 68
41 68
42 68
43 68
44 68
45 69
46 69
47 69
48 69
49 69
50 69
51 69
52 70
53 70
54 70
55 70
56 70
57 70
58 70
59 70
60 70
61 70
62 70
63 70
64 70
65 70
66 70
67 70
68 70
69 70
70 70
71 70
72 70
73 70
74 70
75 70
76 70
77 70
78 70
79 70
80 70
81 70
82 70
83 70
84 70
85 70
86 70
87 70
88 70
89 70
90 70
91 70
92 70
93 70
94 70
95 70
96 70
97 70
98 70
99 70
100 70
101 70
102 70
103 69
104 69
105 69
106 69
107 68
108 68
109 68
110 68
111 67
112 67
113 67
114 67
115 66
116 66
117 66
118 66
119 65
120 65
121 65
122 64
122 63
123 62
123 61
123 60
123 59
122 58
122 57
122 56
123 55
124 55
125 54
125 53
125 52
125 51
125 50
125 49
125 48
126 47
127 46
128 45
128 44
128 43
129 42
130 42
131 41
132 41
133 40
134 39
135 39
136 39
137 39
138 39
139 39
140 39
141 39
142 39
143 38
144 37
145 37
145 36
146 35
147 34
147 33
147 32
147 31
147 30
147 29
147 28
147 27
147 26
147 25
147 24
147 23
147 22
146 21
146 20
145 20
144 19
143 19
142 19
141 19
140 19
139 19
138 19
137 19
136 20
135 20
134 20
133 21
132 22
132 23
131 24
130 24
130 25
130 26
130 27
130 28
129 29
129 30
128 31
127 31
126 31
125 31
124 31
123 31
122 31
121 31
120 32
119 32
118 32
117 31
117 30
116 29
117 28
118 27
119 26
120 26
121 25
122 24
123 24
124 23
125 22
125 21
125 20
125 19
125 18
126 17
125 16
125 15
125 14
125 13
125 12
125 11
124 10
123 9
122 8
121 7
120 7
119 7
118 7
117 7
116 7
115 7
114 7
113 7
112 7
111 8
110 8
110 9
109 10
109 11
108 12
107 13
107 14
107 15
107 16
107 17
107 18
107 19
107 20
107 21
107 22
107 23
108 24
109 25
110 26
109 27
108 28
107 29
106 29
105 29
104 30
103 29
102 28
101 28
100 28
99 28
98 28
97 28
96 28
95 28
94 28
93 27
92 27
91 26
90 25
89 25
88 25
87 26
86 26
85 26
84 26
83 26
82 25
81 24
80 23
80 22
81 21
82 21
83 20
84 19
84 18
85 17
85 16
85 15
85 14
85 13
86 12
86 11
87 10
86 9
86 8
85 7
85 6
84 5
84 4
83 3
82 2
81 2
80 2
79 1
78 1
77 1
76 1
75 1
74 1
73 1
72 1
