36 1
35 2
34 2
34 3
33 4
33 5
33 6
33 7
33 8
33 9
34 10
34 11
35 11
36 12
37 13
37 14
36 15
35 16
34 16
33 15
33 14
32 13
32 12
31 12
30 12
29 12
29 13
29 14
29 15
28 16
27 17
26 16
26 15
26 14
26 13
26 12
26 11
26 10
26 9
25 9
24 8
23 8
22 8
21 8
20 8
19 8
18 9
18 10
18 11
17 12
17 13
17 14
17 15
18 15
19 15
20 16
20 17
19 18
18 17
17 17
16 17
15 17
14 17
14 18
14 19
14 20
13 21
12 20
12 19
12 18
12 17
12 16
12 15
11 14
11 13
10 13
9 12
8 12
7 12
6 12
5 12
4 12
3 13
2 14
1 14
1 15
1 16
1 17
1 18
1 19
1 20
1 21
2 21
3 21
4 22
4 23
5 23
6 23
7 23
8 24
9 25
9 26
10 26
11 27
11 28
11 29
11 30
12 31
12 32
12 33
12 34
13 34
14 35
14 36
14 37
14 38
15 38
16 39
17 39
18 39
19 40
20 40
21 40
22 40
23 40
24 40
25 40
26 40
27 40
28 40
29 40
30 40
31 40
32 40
33 40
34 40
35 40
36 40
37 40
38 40
39 40
40 40
41 40
42 40
43 40
44 40
45 40
46 40
47 40
48 40
49 40
50 40
51 40
52 40
53 40
54 40
55 40
56 40
57 40
58 40
59 40
60 40
61 40
62 40
63 39
64 39
65 38
66 38
66 37
66 36
67 35
68 34
68 33
68 32
69 31
69 30
70 29
70 28
70 27
71 26
71 25
72 24
73 23
74 23
75 23
76 23
77 23
77 22
77 21
77 20
78 19
78 18
78 17
78 16
78 15
78 14
77 13
76 12
75 12
74 12
73 12
72 12
71 12
70 12
69 13
68 13
68 14
68 15
67 16
67 17
67 18
67 19
68 20
67 21
66 21
65 20
65 19
65 18
64 17
63 17
62 17
61 17
61 18
60 19
59 19
58 18
58 17
59 16
60 15
61 14
61 13
61 12
61 11
61 10
61 9
60 8
59 7
58 7
57 7
56 7
55 7
54 7
53 8
52 9
52 10
52 11
52 12
52 13
53 14
53 15
53 16
52 17
51 16
50 15
50 14
50 13
49 13
48 13
47 13
46 14
46 15
45 16
44 16
43 15
43 14
42 13
43 12
44 11
45 10
45 9
45 8
45 7
45 6
45 5
45 4
45 3
44 2
43 1
42 1
41 1
40 1
39 1
38 1
37 1
