89 1
89 2
88 3
88 4
88 5
88 6
87 7
86 7
85 8
84 9
84 10
83 11
82 11
82 12
81 13
81 14
81 15
81 16
81 17
81 18
81 19
81 20
81 21
81 22
82 23
82 24
83 25
83 26
84 26
85 27
86 28
87 28
88 29
89 29
90 30
90 31
90 32
90 33
90 34
90 35
90 36
89 37
88 38
88 39
87 40
87 41
86 42
85 43
84 44
84 45
83 46
82 46
81 47
80 48
79 48
78 49
77 49
76 49
75 49
74 50
73 50
72 50
71 50
70 49
69 49
68 48
67 48
66 47
65 46
64 45
63 45
62 44
61 43
60 42
61 41
61 40
61 39
61 38
61 37
61 36
61 35
61 34
60 33
59 32
58 32
57 31
56 31
55 31
54 30
54 29
53 28
52 28
51 28
50 28
49 29
48 29
47 30
47 31
47 32
47 33
48 34
47 35
47 36
47 37
47 38
47 39
47 40
47 41
48 42
48 43
49 44
50 44
51 45
52 45
53 45
54 46
54 47
54 48
54 49
53 50
53 51
52 52
51 53
51 54
50 55
49 55
48 56
47 56
46 57
45 57
44 57
43 57
42 57
41 57
40 57
39 57
38 57
37 56
36 56
35 56
34 55
33 54
32 54
31 53
30 52
29 52
28 51
27 50
26 49
25 48
24 47
24 46
25 45
25 44
25 43
25 42
24 41
24 40
24 39
24 38
24 37
24 36
23 35
23 34
22 33
21 32
20 31
19 31
18 31
17 30
16 30
15 30
14 30
13 30
12 30
11 31
10 30
9 29
8 29
7 29
6 29
5 29
4 29
3 29
2 30
1 31
1 32
1 33
1 34
1 35
2 36
2 37
2 38
2 39
2 40
2 41
2 42
2 43
2 44
2 45
2 46
3 47
3 48
3 49
4 50
5 51
5 52
6 52
7 53
8 53
9 53
10 54
11 54
12 54
13 54
14 54
15 54
16 53
17 53
18 53
19 54
19 55
20 56
21 57
22 58
23 59
23 60
24 61
25 62
25 63
26 64
26 65
27 66
28 67
29 68
29 69
30 70
29 71
29 72
28 73
28 74
28 75
28 76
29 77
30 78
31 79
32 79
33 79
34 79
35 80
35 81
34 82
34 83
33 84
33 85
33 86
33 87
33 88
34 89
35 89
36 90
37 91
38 91
39 92
39 93
39 94
39 95
38 96
38 97
38 98
37 99
37 100
37 101
37 102
38 103
38 104
39 104
40 105
41 106
42 106
43 107
44 107
45 107
46 108
47 108
48 108
49 109
50 109
51 109
52 109
53 109
54 109
55 109
56 110
57 110
58 110
59 110
60 110
61 111
62 111
63 111
64 111
65 111
66 111
67 111
68 111
69 111
70 111
71 111
72 111
73 111
74 111
75 111
76 111
77 111
78 111
79 111
80 111
81 111
82 111
83 111
84 111
85 111
86 111
87 111
88 111
89 111
90 111
91 111
92 111
93 111
94 111
95 111
96 111
97 111
98 111
99 111
100 111
101 111
102 111
103 111
104 111
105 111
106 111
107 111
108 111
109 111
110 111
111 111
112 110
113 110
114 110
115 110
116 110
117 110
118 110
119 109
120 109
121 109
122 109
123 109
124 109
125 108
126 108
127 108
128 108
129 107
130 107
131 107
132 107
133 107
134 106
135 106
136 106
137 106
138 105
139 105
140 104
141 104
142 103
143 102
143 101
143 100
144 99
144 98
144 97
144 96
143 95
142 94
142 93
142 92
143 91
144 90
145 89
146 89
147 88
148 88
148 87
148 86
148 85
148 84
147 83
147 82
147 81
147 80
147 79
148 78
149 78
150 78
151 78
152 78
153 77
153 76
154 75
154 74
154 73
154 72
154 71
154 70
154 69
155 68
155 67
156 66
157 65
158 64
158 63
159 62
160 61
161 60
162 59
162 58
163 57
164 56
165 55
165 54
166 53
167 53
168 53
169 53
170 53
171 53
172 53
173 53
174 52
175 52
176 51
177 51
178 50
178 49
179 48
179 47
179 46
179 45
179 44
179 43
179 42
179 41
179 40
179 39
179 38
179 37
179 36
179 35
179 34
179 33
179 32
179 31
178 30
178 29
177 29
176 29
175 29
174 29
173 30
172 31
171 31
170 31
169 31
168 31
167 31
166 31
165 31
164 32
163 32
162 33
161 33
161 34
160 35
160 36
159 37
159 38
158 39
158 40
158 41
158 42
158 43
158 44
159 45
159 46
159 47
160 48
160 49
159 50
158 51
157 52
156 52
155 53
155 54
154 55
153 55
152 55
151 56
150 56
149 57
148 57
147 57
146 57
145 57
144 57
143 57
142 57
141 57
140 56
139 55
138 54
137 53
136 52
136 51
135 50
135 49
134 48
134 47
134 46
134 45
133 44
134 43
135 43
136 42
137 41
138 41
138 40
139 39
139 38
139 37
139 36
139 35
139 34
139 33
139 32
138 31
138 30
138 29
138 28
138 27
137 26
137 25
136 25
135 24
134 24
133 24
132 24
131 25
130 26
130 27
130 28
129 29
128 29
128 30
127 31
126 31
125 32
125 33
125 34
125 35
125 36
125 37
125 38
125 39
125 40
126 40
127 41
127 42
126 43
125 44
124 45
124 46
123 47
122 47
121 47
120 48
119 48
118 48
117 49
116 49
115 49
114 49
113 49
112 49
111 48
110 48
109 48
108 47
107 46
106 45
105 45
104 44
103 43
103 42
102 41
102 40
101 39
101 38
100 37
100 36
100 35
99 34
99 33
99 32
98 31
98 30
98 29
99 28
100 27
101 26
102 26
102 25
103 24
103 23
104 22
104 21
104 20
104 19
104 18
104 17
104 16
104 15
104 14
103 13
103 12
102 11
102 10
101 9
100 8
99 8
98 7
97 6
97 5
97 4
97 3
96 2
96 1
95 1
94 1
93 1
92 1
91 1
90 1
