148 50
147 51
146 51
145 51
144 51
143 51
142 51
141 51
140 51
139 51
138 51
137 51
136 51
135 52
134 52
133 52
132 52
131 52
130 52
129 52
128 52
127 52
126 52
125 52
124 52
123 53
122 53
121 53
120 53
119 53
118 53
117 53
116 53
115 53
114 53
113 53
112 54
111 54
110 54
109 54
108 54
107 54
106 54
105 55
104 55
103 55
102 55
101 55
100 55
99 55
98 56
97 56
96 56
95 56
94 56
93 56
92 56
91 57
90 57
89 57
88 57
87 57
86 57
85 57
84 58
83 58
82 58
81 58
80 58
79 58
78 58
77 59
76 59
75 60
74 60
73 61
72 62
71 62
70 63
69 63
68 64
67 64
66 65
65 65
64 66
63 66
62 67
61 68
61 69
60 70
60 71
60 72
60 73
61 74
61 75
61 76
61 77
61 78
61 79
61 80
61 81
61 82
61 83
61 84
61 85
61 86
61 87
61 88
61 89
61 90
61 91
61 92
61 93
61 94
61 95
62 96
62 97
62 98
62 99
62 100
62 101
62 102
62 103
62 104
62 105
62 106
62 107
62 108
62 109
62 110
62 111
62 112
63 113
63 114
63 115
63 116
63 117
63 118
63 119
63 120
63 121
63 122
63 123
63 124
63 125
63 126
63 127
63 128
64 129
64 130
64 131
64 132
64 133
64 134
64 135
64 136
64 137
64 138
64 139
64 140
64 141
64 142
64 143
64 144
64 145
65 146
65 147
65 148
65 149
65 150
65 151
65 152
65 153
65 154
65 155
65 156
65 157
65 158
65 159
65 160
65 161
66 162
66 163
66 164
66 165
66 166
66 167
66 168
66 169
66 170
66 171
66 172
66 173
66 174
66 175
66 176
66 177
66 178
67 179
67 180
67 181
67 182
67 183
67 184
67 185
67 186
67 187
67 188
67 189
67 190
67 191
67 192
67 193
67 194
67 195
68 196
68 197
68 198
68 199
68 200
68 201
68 202
68 203
68 204
68 205
68 206
68 207
68 208
68 209
68 210
68 211
68 212
68 213
69 214
69 215
69 216
69 217
69 218
69 219
69 220
69 221
69 222
69 223
69 224
69 225
69 226
69 227
69 228
69 229
69 230
69 231
69 232
70 233
70 234
70 235
70 236
70 237
70 238
70 239
70 240
70 241
70 242
70 243
70 244
70 245
70 246
70 247
70 248
70 249
70 250
70 251
71 252
71 253
71 254
71 255
71 256
71 257
71 258
71 259
71 260
71 261
71 262
71 263
71 264
71 265
71 266
71 267
71 268
71 269
71 270
72 271
72 272
72 273
72 274
72 275
72 276
72 277
72 278
72 279
72 280
72 281
72 282
72 283
72 284
72 285
72 286
72 287
72 288
72 289
73 290
73 291
73 292
74 293
74 294
75 295
75 296
76 297
76 298
77 299
77 300
78 301
78 302
79 303
79 304
80 305
81 306
81 307
82 308
83 309
84 310
84 311
85 312
86 313
87 314
88 315
89 316
90 316
91 317
92 317
93 318
94 318
95 319
96 319
97 320
98 320
99 321
100 321
101 322
102 322
103 323
104 323
105 324
106 324
107 325
108 325
109 326
110 327
111 327
112 328
113 328
114 329
115 329
116 330
117 330
118 330
119 330
120 330
121 331
122 331
123 331
124 331
125 331
126 332
127 332
128 332
129 332
130 333
131 333
132 333
133 333
134 333
135 334
136 334
137 334
138 334
139 334
140 335
141 335
142 335
143 335
144 335
145 335
146 335
147 335
148 335
149 335
150 335
151 335
152 335
153 334
154 334
155 334
156 334
157 334
158 334
159 334
160 334
161 333
162 333
163 333
164 333
165 333
166 333
167 333
168 333
169 332
170 332
171 332
172 332
173 332
174 332
175 332
176 332
177 331
178 331
179 331
180 331
181 331
182 331
183 331
184 331
185 330
186 330
187 330
188 330
189 330
190 330
191 330
192 330
193 329
194 329
195 328
196 328
197 328
198 327
199 327
200 326
201 326
202 325
203 325
204 325
205 324
206 324
207 323
208 323
209 322
210 322
211 322
212 321
213 321
214 320
215 320
216 320
217 319
218 319
219 318
220 318
221 317
222 317
223 316
224 316
225 315
226 314
227 313
228 312
229 312
230 311
231 310
232 309
233 308
234 307
235 306
235 305
236 304
236 303
236 302
236 301
236 300
236 299
236 298
236 297
236 296
236 295
236 294
236 293
237 292
237 291
237 290
237 289
237 288
237 287
237 286
237 285
238 284
238 283
238 282
238 281
238 280
238 279
238 278
238 277
239 276
239 275
239 274
239 273
239 272
239 271
239 270
240 269
240 268
240 267
240 266
240 265
240 264
240 263
240 262
240 261
240 260
241 259
241 258
241 257
240 256
240 255
240 254
241 253
242 252
243 251
244 251
245 251
246 252
247 252
248 253
249 254
250 254
251 255
252 255
253 255
254 255
255 255
256 255
257 255
258 255
259 255
260 255
261 255
262 255
263 255
264 255
265 255
266 255
267 254
268 254
269 254
270 254
271 254
272 254
273 254
274 253
275 253
276 253
277 253
278 253
279 253
280 253
281 252
282 252
283 251
284 251
285 250
286 250
287 249
288 249
289 248
290 248
291 247
292 246
293 245
294 244
294 243
295 242
296 241
296 240
297 239
298 238
298 237
299 236
300 235
301 234
301 233
302 232
303 231
303 230
304 229
304 228
305 227
305 226
305 225
306 224
306 223
306 222
306 221
307 220
307 219
307 218
308 217
308 216
308 215
308 214
309 213
309 212
309 211
309 210
310 209
310 208
310 207
311 206
311 205
311 204
311 203
312 202
312 201
312 200
312 199
313 198
313 197
313 196
314 195
314 194
314 193
314 192
314 191
314 190
314 189
314 188
314 187
314 186
314 185
315 184
315 183
315 182
315 181
315 180
315 179
315 178
315 177
315 176
315 175
316 174
316 173
316 172
316 171
316 170
316 169
316 168
316 167
316 166
316 165
316 164
317 163
317 162
317 161
317 160
317 159
317 158
317 157
317 156
317 155
317 154
317 153
317 152
317 151
317 150
317 149
317 148
317 147
317 146
317 145
317 144
317 143
317 142
317 141
317 140
316 139
316 138
316 137
315 136
315 135
315 134
314 133
314 132
314 131
313 130
313 129
312 128
312 127
312 126
311 125
311 124
311 123
310 122
310 121
310 120
309 119
309 118
308 117
308 116
308 115
307 114
307 113
306 112
306 111
305 110
305 109
304 108
303 107
302 106
302 105
301 104
300 103
299 102
298 102
297 101
296 101
295 101
294 100
293 100
292 100
291 99
290 99
289 99
288 98
287 98
286 98
285 97
284 97
283 96
282 96
281 96
280 95
279 95
278 95
277 94
276 94
275 94
274 94
273 94
272 94
271 94
270 94
269 95
268 95
267 96
266 96
265 97
264 97
263 98
262 98
261 99
260 99
259 100
258 100
257 101
256 101
255 102
254 102
253 103
252 103
251 102
250 101
249 100
249 99
249 98
249 97
249 96
249 95
249 94
249 93
249 92
249 91
249 90
249 89
249 88
249 87
249 86
249 85
249 84
249 83
249 82
249 81
249 80
249 79
249 78
249 77
249 76
249 75
249 74
249 73
249 72
249 71
249 70
249 69
249 68
249 67
248 66
248 65
247 64
246 63
245 63
244 62
243 62
242 61
241 61
240 60
239 60
238 60
237 59
236 59
235 58
234 58
233 57
232 57
231 57
230 57
229 57
228 57
227 56
226 56
225 56
224 56
223 56
222 56
221 55
220 55
219 55
218 55
217 55
216 55
215 54
214 54
213 54
212 54
211 54
210 54
209 53
208 53
207 53
206 53
205 53
204 53
203 52
202 52
201 52
200 52
199 52
198 52
197 52
196 52
195 52
194 52
193 52
192 52
191 52
190 51
189 51
188 51
187 51
186 51
185 51
184 51
183 51
182 51
181 51
180 51
179 51
178 51
177 51
176 51
175 50
174 50
173 50
172 50
171 50
170 50
169 50
168 50
167 50
166 50
165 50
164 50
163 50
162 50
161 50
160 50
159 50
158 50
157 50
156 50
155 50
154 50
153 50
152 50
151 50
150 50
149 50
