169 47
168 48
167 48
166 49
165 49
164 49
163 49
162 49
161 49
160 49
159 49
158 49
157 49
156 49
155 48
154 48
153 48
152 48
151 48
150 48
149 48
148 48
147 48
146 48
145 48
144 48
143 48
142 48
141 48
140 48
139 48
138 48
137 48
136 48
135 49
134 49
133 49
132 49
131 49
130 49
129 49
128 49
127 50
126 50
125 50
124 50
123 50
122 50
121 50
120 50
119 50
118 50
117 50
116 50
115 50
114 50
113 50
112 50
111 50
110 51
109 51
108 51
107 51
106 51
105 51
104 51
103 52
102 52
101 52
100 52
99 52
98 52
97 52
96 53
95 53
94 53
93 53
92 53
91 53
90 53
89 53
88 53
87 53
86 53
85 53
84 53
83 53
82 53
81 54
80 54
79 54
78 54
77 54
76 54
75 54
74 54
73 54
72 54
71 54
70 54
69 54
68 54
67 54
66 54
65 55
64 55
63 55
62 55
61 55
60 55
59 55
58 55
57 55
56 55
55 56
54 56
53 56
52 56
51 56
50 56
49 56
48 56
47 56
46 56
45 57
44 57
43 57
42 57
41 58
40 58
39 59
38 59
37 60
36 61
36 62
35 63
35 64
34 65
34 66
34 67
34 68
34 69
34 70
34 71
34 72
34 73
34 74
34 75
34 76
34 77
34 78
34 79
35 80
35 81
35 82
35 83
35 84
35 85
35 86
35 87
35 88
36 89
36 90
36 91
36 92
36 93
36 94
36 95
36 96
36 97
36 98
36 99
36 100
36 101
36 102
36 103
37 104
37 105
37 106
37 107
38 108
38 109
38 110
38 111
38 112
38 113
38 114
37 115
37 116
37 117
37 118
37 119
37 120
38 121
38 122
38 123
38 124
39 125
39 126
39 127
40 128
40 129
40 130
40 131
41 132
41 133
41 134
41 135
41 136
42 137
42 138
42 139
42 140
42 141
43 142
43 143
43 144
43 145
43 146
43 147
43 148
44 149
44 150
44 151
44 152
44 153
44 154
44 155
44 156
44 157
44 158
44 159
44 160
45 161
45 162
45 163
45 164
45 165
45 166
45 167
45 168
45 169
45 170
45 171
45 172
46 173
46 174
46 175
47 176
47 177
47 178
48 179
48 180
48 181
48 182
48 183
49 184
49 185
49 186
49 187
49 188
49 189
49 190
49 191
49 192
50 193
50 194
50 195
50 196
50 197
50 198
50 199
50 200
50 201
51 202
51 203
51 204
51 205
51 206
51 207
51 208
51 209
51 210
51 211
51 212
51 213
51 214
51 215
52 216
52 217
52 218
53 219
53 220
53 221
54 222
54 223
54 224
55 225
55 226
55 227
55 228
55 229
55 230
55 231
56 232
56 233
56 234
56 235
56 236
56 237
56 238
56 239
57 240
57 241
57 242
57 243
57 244
58 245
58 246
58 247
58 248
58 249
58 250
59 251
59 252
59 253
59 254
59 255
60 256
60 257
60 258
60 259
60 260
60 261
61 262
61 263
61 264
61 265
61 266
61 267
62 268
62 269
62 270
62 271
62 272
62 273
63 274
63 275
63 276
63 277
63 278
63 279
63 280
63 281
64 282
64 283
64 284
64 285
64 286
64 287
64 288
64 289
65 290
65 291
65 292
65 293
64 294
64 295
64 296
64 297
63 298
63 299
63 300
63 301
64 302
64 303
64 304
65 305
65 306
66 307
67 308
67 309
68 310
68 311
68 312
69 313
69 314
69 315
69 316
69 317
70 318
70 319
70 320
70 321
70 322
70 323
71 324
71 325
71 326
71 327
71 328
71 329
71 330
72 331
72 332
72 333
73 334
73 335
74 336
74 337
75 338
76 339
77 340
77 341
78 341
79 342
80 343
81 344
82 344
83 345
84 345
85 346
86 346
87 347
88 347
89 348
90 348
91 348
92 349
93 349
94 349
95 350
96 350
97 350
98 350
99 351
100 351
101 351
102 352
103 352
104 353
105 353
106 353
107 353
108 354
109 354
110 354
111 354
112 354
113 354
114 354
115 354
116 354
117 354
118 354
119 354
120 354
121 354
122 354
123 354
124 354
125 354
126 354
127 354
128 354
129 354
130 354
131 354
132 354
133 354
134 354
135 354
136 354
137 354
138 354
139 354
140 354
141 354
142 354
143 354
144 354
145 354
146 354
147 355
148 355
149 355
150 355
151 355
152 355
153 355
154 355
155 355
156 355
157 355
158 355
159 355
160 355
161 355
162 354
163 354
164 354
165 354
166 354
167 354
168 354
169 354
170 354
171 354
172 354
173 354
174 353
175 353
176 353
177 353
178 352
179 352
180 352
181 351
182 351
183 351
184 350
185 350
186 350
187 349
188 349
189 348
190 348
191 348
192 347
193 347
194 346
195 346
196 346
197 345
198 345
199 344
200 344
201 344
202 343
203 343
204 343
205 342
206 342
207 342
208 341
209 341
210 341
211 340
212 340
213 339
214 339
215 339
216 338
217 337
218 337
219 336
220 336
221 335
222 335
223 334
224 334
225 333
226 332
227 332
228 331
229 331
230 330
231 329
232 329
233 328
234 327
235 326
236 325
237 324
238 324
239 323
240 322
241 321
242 320
243 319
243 318
244 317
245 316
246 315
246 314
247 313
247 312
247 311
248 310
248 309
248 308
248 307
248 306
248 305
248 304
248 303
248 302
248 301
249 300
249 299
249 298
249 297
249 296
249 295
249 294
249 293
249 292
249 291
249 290
249 289
249 288
249 287
249 286
249 285
249 284
249 283
249 282
249 281
249 280
249 279
249 278
249 277
250 276
250 275
250 274
250 273
250 272
250 271
250 270
250 269
250 268
251 267
251 266
251 265
251 264
251 263
251 262
251 261
251 260
252 259
252 258
252 257
252 256
252 255
252 254
252 253
252 252
253 251
253 250
253 249
253 248
253 247
253 246
253 245
253 244
254 243
254 242
254 241
254 240
254 239
254 238
254 237
254 236
253 235
253 234
253 233
253 232
253 231
253 230
253 229
253 228
253 227
253 226
253 225
253 224
253 223
253 222
253 221
253 220
253 219
254 218
254 217
254 216
254 215
254 214
255 213
255 212
255 211
255 210
255 209
255 208
255 207
255 206
255 205
255 204
255 203
255 202
255 201
255 200
255 199
254 198
254 197
254 196
254 195
254 194
254 193
254 192
254 191
254 190
254 189
254 188
254 187
254 186
254 185
254 184
254 183
254 182
254 181
254 180
254 179
254 178
255 177
255 176
255 175
255 174
255 173
255 172
255 171
255 170
256 169
256 168
256 167
256 166
256 165
256 164
256 163
256 162
256 161
256 160
256 159
256 158
256 157
256 156
256 155
256 154
256 153
256 152
256 151
256 150
256 149
256 148
257 147
257 146
257 145
257 144
258 143
258 142
258 141
259 140
259 139
260 138
260 137
261 136
262 135
262 134
262 133
263 132
263 131
264 130
265 129
265 128
266 127
267 126
267 125
268 124
269 123
270 122
271 121
272 120
273 119
274 119
275 118
276 117
277 117
278 116
279 116
280 116
281 116
282 116
283 116
284 116
285 117
286 117
287 118
288 118
289 119
290 119
291 120
292 121
293 122
294 123
294 124
295 125
295 126
296 127
296 128
296 129
297 130
297 131
298 132
299 133
300 134
301 135
301 136
302 137
303 138
303 139
304 140
304 141
305 142
305 143
305 144
306 145
306 146
306 147
306 148
307 149
307 150
307 151
307 152
308 153
308 154
308 155
308 156
308 157
309 158
309 159
309 160
309 161
310 162
310 163
310 164
310 165
310 166
310 167
311 168
311 169
311 170
311 171
311 172
311 173
311 174
311 175
311 176
311 177
311 178
311 179
311 180
312 181
312 182
312 183
312 184
312 185
312 186
312 187
313 188
313 189
313 190
313 191
312 192
312 193
312 194
312 195
312 196
311 197
311 198
311 199
311 200
311 201
311 202
311 203
311 204
311 205
311 206
310 207
310 208
309 209
309 210
308 211
307 212
307 213
306 214
305 215
304 216
303 217
302 218
301 219
300 220
299 221
298 221
297 222
296 223
295 224
294 225
293 225
292 226
291 227
290 227
289 228
288 228
287 229
286 230
285 230
284 230
283 230
282 231
281 231
280 231
279 231
278 231
277 231
276 231
275 231
274 232
273 232
272 233
271 234
270 235
269 236
268 237
267 237
266 238
265 239
264 239
263 240
262 240
261 240
260 240
260 241
260 242
260 243
260 244
260 245
259 246
259 247
259 248
259 249
259 250
259 251
259 252
259 253
258 254
258 255
258 256
258 257
258 258
258 259
258 260
258 261
257 262
257 263
257 264
257 265
257 266
257 267
257 268
257 269
256 270
256 271
257 270
258 269
259 268
260 267
261 266
262 266
263 265
264 264
265 264
266 263
267 263
268 262
269 261
270 261
271 261
272 260
273 260
274 259
275 259
276 258
277 258
278 258
279 257
280 257
281 256
282 256
283 256
284 255
285 255
286 254
287 254
288 254
289 253
290 253
291 253
292 252
293 252
294 252
295 251
296 251
297 251
298 250
299 250
300 249
301 249
302 248
303 248
304 247
305 247
306 246
307 246
308 245
309 245
310 244
311 244
312 243
313 242
314 242
315 241
316 241
317 240
318 239
319 238
320 238
321 237
322 236
323 235
324 234
325 233
325 232
326 231
327 230
327 229
328 228
328 227
329 226
329 225
329 224
330 223
330 222
330 221
331 220
331 219
331 218
332 217
332 216
332 215
332 214
332 213
332 212
333 211
333 210
333 209
332 208
332 207
332 206
332 205
332 204
332 203
332 202
333 201
333 200
333 199
333 198
333 197
333 196
333 195
333 194
334 193
334 192
334 191
334 190
334 189
335 188
335 187
335 186
335 185
335 184
335 183
335 182
335 181
335 180
335 179
334 178
334 177
334 176
334 175
334 174
333 173
333 172
333 171
333 170
333 169
333 168
333 167
333 166
333 165
333 164
333 163
333 162
332 161
332 160
332 159
332 158
331 157
331 156
331 155
331 154
330 153
330 152
330 151
330 150
329 149
329 148
329 147
328 146
328 145
328 144
327 143
327 142
327 141
326 140
326 139
326 138
326 137
325 136
325 135
325 134
325 133
325 132
325 131
324 130
324 129
324 128
324 127
323 126
323 125
322 124
322 123
321 122
321 121
320 120
319 119
319 118
318 117
318 116
317 115
317 114
316 113
315 112
315 111
314 110
314 109
313 108
313 107
313 106
312 105
312 104
311 103
311 102
311 101
310 100
309 99
308 99
307 98
306 98
305 98
304 97
303 97
302 97
301 97
300 96
299 96
298 96
297 95
296 95
295 95
294 94
293 94
292 94
291 93
290 93
289 93
288 93
287 93
286 93
285 93
284 93
283 93
282 93
281 93
280 93
279 93
278 93
277 93
276 93
275 94
274 94
273 94
272 94
271 94
270 94
269 94
268 94
267 94
266 95
265 95
264 95
263 94
262 94
261 93
260 92
259 91
259 90
259 89
259 88
259 87
259 86
259 85
259 84
259 83
259 82
259 81
259 80
259 79
259 78
259 77
259 76
259 75
259 74
259 73
259 72
258 71
258 70
258 69
258 68
258 67
258 66
258 65
258 64
258 63
258 62
258 61
258 60
258 59
258 58
258 57
258 56
257 55
257 54
257 53
256 52
256 51
255 50
254 49
253 48
252 48
251 47
250 47
249 47
248 47
247 47
246 47
245 47
244 47
243 47
242 47
241 47
240 47
239 47
238 47
237 47
236 47
235 47
234 47
233 47
232 47
231 47
230 47
229 47
228 47
227 47
226 47
225 47
224 47
223 47
222 47
221 47
220 47
219 47
218 47
217 47
216 47
215 47
214 47
213 47
212 47
211 47
210 47
209 47
208 47
207 47
206 47
205 47
204 47
203 47
202 47
201 47
200 47
199 47
198 47
197 48
196 48
195 48
194 48
193 48
192 48
191 48
190 48
189 48
188 48
187 48
186 48
185 48
184 48
183 48
182 48
181 48
180 48
179 48
178 48
177 48
176 48
175 48
174 48
173 48
172 48
171 47
170 47
