147 62
146 63
145 63
144 63
143 63
142 64
141 64
140 64
139 64
138 64
137 64
136 64
135 64
134 64
133 65
132 65
131 65
130 65
129 65
128 65
127 65
126 66
125 66
124 66
123 66
122 66
121 66
120 66
119 66
118 67
117 67
116 67
115 67
114 67
113 67
112 67
111 67
110 67
109 67
108 67
107 67
106 67
105 67
104 67
103 67
102 67
101 67
100 67
99 68
98 68
97 68
96 68
95 68
94 68
93 69
92 69
91 70
90 70
89 70
88 71
87 71
86 72
85 72
84 72
83 72
82 72
81 72
80 72
79 72
78 73
77 73
76 74
75 74
74 74
73 74
72 75
71 75
70 76
69 76
68 76
67 77
66 77
65 78
64 79
63 80
63 81
62 82
62 83
61 84
61 85
61 86
61 87
61 88
61 89
61 90
61 91
61 92
62 93
62 94
62 95
62 96
62 97
62 98
62 99
62 100
62 101
62 102
62 103
62 104
62 105
62 106
62 107
63 108
63 109
63 110
63 111
63 112
63 113
63 114
63 115
63 116
63 117
63 118
63 119
63 120
64 121
64 122
64 123
64 124
64 125
64 126
64 127
64 128
64 129
64 130
64 131
64 132
64 133
64 134
64 135
64 136
65 137
65 138
65 139
65 140
65 141
65 142
65 143
65 144
66 145
66 146
66 147
66 148
66 149
66 150
66 151
66 152
66 153
66 154
66 155
66 156
66 157
66 158
67 159
67 160
67 161
67 162
67 163
67 164
67 165
67 166
67 167
67 168
67 169
67 170
67 171
67 172
67 173
67 174
67 175
67 176
67 177
67 178
67 179
67 180
67 181
67 182
67 183
67 184
67 185
67 186
67 187
67 188
67 189
67 190
68 191
68 192
69 193
69 194
70 195
70 196
70 197
70 198
69 199
69 200
69 201
69 202
69 203
70 204
70 205
70 206
71 207
71 208
71 209
71 210
71 211
71 212
71 213
71 214
71 215
71 216
71 217
71 218
71 219
72 220
72 221
72 222
73 223
73 224
73 225
73 226
73 227
73 228
73 229
73 230
73 231
74 232
74 233
74 234
74 235
74 236
74 237
74 238
74 239
74 240
75 241
75 242
75 243
75 244
75 245
75 246
75 247
75 248
75 249
76 250
76 251
76 252
76 253
76 254
76 255
76 256
76 257
76 258
76 259
77 260
77 261
77 262
77 263
77 264
77 265
77 266
77 267
77 268
78 269
78 270
78 271
78 272
78 273
78 274
78 275
78 276
78 277
78 278
79 279
79 280
79 281
79 282
79 283
79 284
79 285
79 286
79 287
79 288
80 289
80 290
80 291
80 292
80 293
80 294
80 295
80 296
80 297
80 298
81 299
81 300
81 301
81 302
82 303
82 304
83 305
83 306
84 307
84 308
85 309
86 310
87 311
88 312
89 313
90 314
91 315
92 316
93 316
94 317
95 317
96 318
97 318
98 319
99 320
100 321
101 322
102 322
103 323
104 324
105 324
106 325
107 326
108 326
109 327
110 328
111 329
112 330
113 331
114 331
115 332
116 332
117 332
118 332
119 332
120 332
121 333
122 333
123 334
124 334
125 335
126 335
127 336
128 336
129 336
130 336
131 337
132 337
133 338
134 339
135 339
136 340
137 340
138 341
139 341
140 342
141 343
142 343
143 344
144 344
145 345
146 345
147 345
148 345
149 345
150 345
151 345
152 345
153 346
154 346
155 347
156 347
157 348
158 348
159 348
160 348
161 349
162 349
163 349
164 349
165 349
166 349
167 349
168 349
169 349
170 349
171 349
172 349
173 349
174 349
175 349
176 349
177 349
178 349
179 349
180 349
181 349
182 349
183 349
184 348
185 348
186 348
187 348
188 348
189 348
190 348
191 348
192 348
193 348
194 348
195 348
196 348
197 347
198 347
199 347
200 347
201 346
202 346
203 346
204 346
205 346
206 346
207 346
208 346
209 346
210 346
211 346
212 345
213 345
214 345
215 345
216 344
217 344
218 343
219 343
220 343
221 343
222 343
223 342
224 342
225 342
226 342
227 342
228 342
229 341
230 341
231 340
232 340
233 340
234 340
235 339
236 339
237 339
238 339
239 339
240 338
241 338
242 337
243 337
244 337
245 337
246 336
247 336
248 335
249 334
250 334
251 333
252 333
253 333
254 332
255 332
256 331
257 330
258 330
259 329
260 329
261 328
262 328
263 327
264 327
265 326
266 325
267 325
268 324
269 324
270 323
271 322
272 322
273 321
274 320
275 319
276 318
277 317
278 316
278 315
279 314
280 313
280 312
281 311
282 310
282 309
283 308
283 307
284 306
285 305
286 304
286 303
287 302
288 301
289 300
290 299
291 298
292 297
292 296
292 295
293 294
293 293
294 292
294 291
294 290
294 289
294 288
294 287
294 286
294 285
294 284
294 283
294 282
294 281
294 280
294 279
294 278
294 277
294 276
293 275
293 274
293 273
293 272
294 271
294 270
294 269
294 268
294 267
294 266
294 265
294 264
294 263
295 262
295 261
295 260
295 259
295 258
295 257
295 256
295 255
295 254
295 253
295 252
295 251
295 250
295 249
295 248
295 247
295 246
295 245
295 244
296 243
296 242
296 241
296 240
296 239
296 238
296 237
296 236
296 235
296 234
296 233
296 232
296 231
296 230
296 229
296 228
296 227
296 226
296 225
296 224
297 223
297 222
297 221
297 220
297 219
297 218
297 217
297 216
297 215
297 214
297 213
297 212
297 211
297 210
297 209
298 208
298 207
298 206
298 205
298 204
298 203
298 202
298 201
298 200
298 199
298 198
298 197
298 196
298 195
298 194
298 193
298 192
298 191
298 190
298 189
298 188
298 187
298 186
298 185
298 184
298 183
298 182
298 181
298 180
298 179
298 178
298 177
298 176
298 175
298 174
298 173
298 172
298 171
298 170
298 169
298 168
298 167
298 166
298 165
298 164
298 163
298 162
298 161
298 160
298 159
298 158
298 157
298 156
298 155
298 154
298 153
299 152
299 151
300 150
301 149
302 148
303 148
304 147
305 147
306 146
307 145
307 144
308 143
308 142
308 141
309 140
309 139
310 138
310 137
310 136
311 135
311 134
312 133
312 132
313 131
314 130
315 129
316 128
317 127
318 127
319 126
320 125
321 124
322 124
323 123
324 123
325 123
326 122
327 122
328 122
329 122
330 122
331 122
332 121
333 121
334 121
335 121
336 121
337 121
338 121
339 122
340 122
341 122
342 122
343 122
344 123
345 123
346 124
347 124
348 125
349 125
350 126
351 126
352 127
353 128
354 129
355 130
356 131
357 132
358 133
359 134
359 135
360 136
360 137
361 138
361 139
362 140
362 141
363 142
363 143
363 144
363 145
363 146
363 147
363 148
364 149
364 150
364 151
364 152
365 153
365 154
365 155
365 156
365 157
365 158
365 159
365 160
365 161
365 162
365 163
365 164
365 165
365 166
365 167
365 168
365 169
365 170
364 171
364 172
364 173
364 174
364 175
364 176
364 177
364 178
364 179
364 180
364 181
363 182
363 183
363 184
363 185
363 186
363 187
363 188
363 189
362 190
362 191
362 192
362 193
362 194
362 195
362 196
362 197
361 198
361 199
360 200
360 201
360 202
360 203
360 204
360 205
359 206
359 207
359 208
358 209
358 210
357 211
357 212
356 213
356 214
355 215
355 216
354 217
354 218
353 219
353 220
352 221
352 222
351 223
350 224
349 225
348 226
347 227
346 228
345 229
344 230
343 231
342 232
341 232
340 233
339 233
338 234
337 234
336 235
335 235
334 235
333 235
332 236
331 236
330 236
329 236
328 236
327 236
326 236
325 236
324 236
323 236
322 236
321 236
320 236
319 235
318 235
317 235
316 234
315 234
314 233
313 233
312 232
311 231
310 230
309 229
309 228
308 227
308 226
307 225
307 224
306 223
306 222
306 221
305 220
305 219
304 219
303 220
303 221
303 222
303 223
303 224
303 225
302 226
302 227
302 228
302 229
302 230
302 231
302 232
302 233
302 234
302 235
302 236
302 237
302 238
302 239
302 240
302 241
302 242
302 243
302 244
302 245
301 246
301 247
301 248
301 249
301 250
301 251
301 252
301 253
301 254
301 255
301 256
302 257
303 258
304 258
305 258
306 258
307 258
308 258
309 258
310 259
311 259
312 259
313 259
314 259
315 259
316 259
317 259
318 259
319 258
320 258
321 258
322 258
323 258
324 258
325 258
326 258
327 258
328 258
329 259
330 259
331 259
332 259
333 259
334 259
335 258
336 258
337 257
338 257
339 257
340 257
341 257
342 256
343 256
344 256
345 256
346 256
347 255
348 255
349 255
350 254
351 254
352 254
353 253
354 253
355 252
356 252
357 251
358 251
359 250
360 249
361 249
362 248
363 247
364 246
365 245
366 244
367 243
368 242
369 241
370 240
370 239
371 238
371 237
372 236
372 235
373 234
373 233
374 232
374 231
375 230
375 229
376 228
377 227
377 226
378 225
378 224
378 223
379 222
379 221
379 220
380 219
380 218
380 217
381 216
381 215
381 214
382 213
382 212
382 211
382 210
383 209
383 208
383 207
383 206
383 205
384 204
384 203
384 202
384 201
384 200
384 199
384 198
385 197
385 196
385 195
385 194
385 193
385 192
386 191
386 190
386 189
386 188
386 187
386 186
387 185
387 184
387 183
387 182
387 181
387 180
386 179
386 178
386 177
386 176
386 175
386 174
386 173
386 172
386 171
386 170
386 169
386 168
386 167
386 166
385 165
385 164
384 163
384 162
384 161
385 160
385 159
385 158
386 157
386 156
386 155
386 154
386 153
386 152
386 151
386 150
385 149
385 148
384 147
384 146
383 145
383 144
383 143
383 142
383 141
382 140
382 139
382 138
382 137
382 136
382 135
382 134
381 133
381 132
380 131
380 130
379 129
379 128
378 127
378 126
377 125
377 124
376 123
376 122
375 121
374 120
373 120
372 119
371 118
370 117
369 116
368 115
367 114
366 113
365 113
364 112
363 111
362 110
361 109
360 108
359 107
358 107
357 106
356 106
355 105
354 105
353 105
352 104
351 104
350 104
349 103
348 103
347 103
346 103
345 102
344 102
343 101
342 101
341 101
340 100
339 100
338 100
337 100
336 100
335 100
334 100
333 100
332 100
331 100
330 100
329 100
328 100
327 101
326 101
325 101
324 101
323 101
322 101
321 101
320 101
319 100
318 100
317 100
316 101
315 101
314 101
313 102
312 102
311 102
310 102
309 103
308 103
307 103
306 103
305 103
304 104
303 104
302 104
301 104
300 104
299 104
298 103
297 103
296 102
295 101
295 100
294 99
294 98
294 97
294 96
294 95
294 94
294 93
293 92
293 91
293 90
293 89
293 88
293 87
293 86
293 85
293 84
292 83
292 82
292 81
292 80
291 79
291 78
291 77
291 76
291 75
290 74
290 73
289 72
288 71
287 70
286 70
285 69
284 69
283 69
282 68
281 68
280 68
279 67
278 67
277 67
276 67
275 67
274 66
273 66
272 66
271 66
270 66
269 66
268 66
267 65
266 65
265 65
264 65
263 65
262 65
261 65
260 65
259 65
258 64
257 64
256 64
255 64
254 64
253 64
252 64
251 64
250 63
249 63
248 63
247 63
246 63
245 63
244 64
243 64
242 64
241 64
240 64
239 64
238 64
237 64
236 64
235 63
234 63
233 63
232 63
231 63
230 63
229 63
228 63
227 63
226 63
225 63
224 63
223 62
222 62
221 62
220 62
219 62
218 62
217 62
216 62
215 62
214 62
213 62
212 62
211 62
210 62
209 62
208 62
207 62
206 62
205 62
204 62
203 62
202 62
201 62
200 62
199 62
198 62
197 62
196 62
195 63
194 63
193 63
192 63
191 63
190 62
189 62
188 62
187 63
186 63
185 63
184 64
183 64
182 64
181 64
180 64
179 64
178 64
177 64
176 64
175 63
174 63
173 63
172 63
171 63
170 63
169 63
168 63
167 63
166 63
165 63
164 63
163 62
162 62
161 62
160 62
159 62
158 62
157 62
156 62
155 62
154 62
153 62
152 62
151 62
150 62
149 62
148 62
