137 31
136 32
135 32
134 32
133 32
132 32
131 32
130 32
129 33
128 33
127 33
126 33
125 33
124 33
123 33
122 33
121 34
120 34
119 35
118 35
117 35
116 35
115 35
114 35
113 36
112 36
111 36
110 36
109 36
108 36
107 36
106 36
105 36
104 36
103 36
102 36
101 36
100 35
99 35
98 35
97 34
96 34
95 34
94 34
93 34
92 34
91 34
90 34
89 34
88 34
87 34
86 35
85 35
84 35
83 36
82 36
81 36
80 37
79 37
78 37
77 38
76 38
75 39
74 39
73 39
72 40
71 40
70 40
69 40
68 40
67 40
66 40
65 41
64 41
63 42
62 42
61 43
60 43
59 44
58 44
57 45
56 46
55 46
54 47
53 47
52 48
51 49
51 50
50 51
49 52
49 53
48 54
48 55
47 56
47 57
47 58
48 59
48 60
49 61
49 62
50 63
50 64
50 65
50 66
50 67
50 68
50 69
50 70
50 71
50 72
50 73
50 74
51 75
51 76
51 77
51 78
51 79
52 80
52 81
52 82
52 83
52 84
52 85
52 86
52 87
52 88
52 89
52 90
52 91
52 92
52 93
52 94
52 95
52 96
52 97
52 98
52 99
52 100
52 101
52 102
53 103
53 104
53 105
53 106
53 107
53 108
53 109
53 110
53 111
53 112
53 113
54 114
54 115
54 116
54 117
54 118
54 119
54 120
55 121
55 122
55 123
56 124
56 125
56 126
56 127
56 128
56 129
56 130
57 131
57 132
57 133
57 134
57 135
57 136
57 137
57 138
58 139
58 140
58 141
58 142
58 143
58 144
58 145
58 146
58 147
59 148
59 149
59 150
59 151
59 152
59 153
59 154
59 155
59 156
59 157
59 158
59 159
59 160
59 161
59 162
59 163
59 164
59 165
60 166
60 167
60 168
60 169
60 170
60 171
60 172
60 173
60 174
60 175
60 176
60 177
60 178
61 179
61 180
61 181
61 182
61 183
61 184
61 185
61 186
61 187
62 188
62 189
62 190
62 191
62 192
62 193
62 194
62 195
62 196
62 197
63 198
63 199
63 200
63 201
63 202
63 203
63 204
63 205
64 206
64 207
64 208
64 209
64 210
64 211
64 212
65 213
65 214
65 215
65 216
65 217
65 218
65 219
65 220
66 221
66 222
66 223
66 224
66 225
66 226
66 227
66 228
66 229
66 230
66 231
66 232
65 233
65 234
65 235
65 236
66 237
66 238
67 239
67 240
68 241
68 242
69 243
69 244
69 245
70 246
70 247
70 248
70 249
70 250
70 251
70 252
70 253
70 254
70 255
70 256
70 257
70 258
71 259
71 260
71 261
71 262
71 263
72 264
72 265
72 266
72 267
73 268
73 269
74 270
74 271
75 272
75 273
76 274
77 275
78 276
79 277
80 278
81 279
82 280
83 281
84 282
85 283
86 283
87 284
88 285
89 285
90 286
91 287
92 287
93 288
94 288
95 289
96 289
97 290
98 290
99 291
100 291
101 291
102 292
103 292
104 292
105 293
106 293
107 293
108 294
109 294
110 295
111 295
112 295
113 295
114 295
115 296
116 296
117 296
118 296
119 296
120 297
121 297
122 297
123 297
124 297
125 297
126 297
127 298
128 298
129 299
130 299
131 300
132 300
133 300
134 299
135 299
136 298
137 298
138 298
139 298
140 298
141 298
142 298
143 298
144 298
145 298
146 298
147 298
148 297
149 297
150 297
151 297
152 297
153 297
154 296
155 296
156 296
157 296
158 296
159 295
160 295
161 294
162 294
163 294
164 294
165 293
166 293
167 293
168 293
169 293
170 293
171 293
172 293
173 292
174 292
175 292
176 291
177 291
178 290
179 289
180 289
181 288
182 287
183 287
184 286
185 286
186 285
187 285
188 284
189 284
190 283
191 283
192 282
193 281
194 280
195 280
196 279
197 279
198 278
199 278
200 278
201 278
202 277
203 277
204 276
205 275
206 275
207 274
208 273
209 272
210 271
211 270
212 269
212 268
213 267
213 266
214 265
214 264
215 263
215 262
215 261
216 260
216 259
216 258
216 257
216 256
216 255
216 254
216 253
217 252
217 251
217 250
217 249
217 248
217 247
216 246
216 245
216 244
216 243
217 242
217 241
217 240
217 239
217 238
217 237
217 236
217 235
217 234
216 233
216 232
216 231
216 230
216 229
216 228
217 227
217 226
217 225
217 224
217 223
217 222
217 221
218 220
218 219
218 218
218 217
218 216
218 215
218 214
218 213
218 212
218 211
218 210
218 209
218 208
218 207
218 206
218 205
218 204
218 203
219 202
219 201
219 200
219 199
219 198
219 197
220 196
220 195
220 194
219 193
219 192
219 191
219 190
219 189
219 188
220 187
220 186
220 185
220 184
220 183
220 182
220 181
220 180
220 179
220 178
220 177
220 176
220 175
220 174
220 173
220 172
220 171
220 170
220 169
220 168
221 167
221 166
222 165
222 164
222 163
223 162
223 161
223 160
223 159
224 158
224 157
225 156
226 155
227 154
228 153
228 152
229 151
229 150
230 149
230 148
231 147
232 146
232 145
233 144
233 143
233 142
233 141
233 140
233 139
233 138
233 137
234 136
234 135
235 134
236 133
237 132
238 131
239 130
240 129
241 128
242 127
243 126
244 126
245 125
246 125
247 124
248 124
249 124
250 123
251 123
252 123
253 123
254 122
255 122
256 122
257 122
258 122
259 122
260 122
261 122
262 122
263 122
264 122
265 122
266 123
267 123
268 124
269 124
270 125
271 126
272 127
273 128
274 129
274 130
275 131
275 132
276 133
276 134
277 135
277 136
277 137
278 138
278 139
278 140
278 141
278 142
279 143
279 144
280 145
280 146
281 147
281 148
281 149
281 150
281 151
282 152
282 153
282 154
282 155
282 156
282 157
282 158
282 159
282 160
282 161
282 162
281 163
281 164
280 165
280 166
279 167
278 168
278 169
277 170
276 171
276 172
275 173
274 174
273 175
272 176
271 177
270 177
269 178
268 179
267 179
266 180
265 180
264 181
263 181
262 182
261 182
260 183
259 183
258 183
257 183
256 183
255 183
254 183
253 183
252 183
251 183
250 183
249 184
248 184
247 184
246 184
245 184
244 184
243 185
242 185
241 185
240 186
239 186
238 186
237 186
236 186
235 186
234 186
233 186
232 186
231 187
230 187
229 188
228 189
227 190
227 191
226 192
226 193
225 194
225 195
225 196
224 197
224 198
223 199
223 200
223 201
223 202
223 203
222 204
222 205
222 206
223 207
224 208
225 209
226 210
227 210
228 210
229 210
230 210
231 210
232 210
233 209
234 209
235 209
236 209
237 209
238 209
239 209
240 209
241 208
242 208
243 208
244 208
245 207
246 207
247 207
248 207
249 207
250 207
251 206
252 206
253 206
254 206
255 206
256 206
257 206
258 206
259 206
260 206
261 205
262 205
263 205
264 204
265 204
266 203
267 203
268 202
269 202
270 201
271 201
272 201
273 200
274 200
275 200
276 199
277 199
278 198
279 198
280 197
281 197
282 197
283 196
284 196
285 195
286 194
287 194
288 193
289 192
290 191
291 190
292 189
293 188
293 187
294 186
294 185
295 184
295 183
296 182
296 181
297 180
297 179
297 178
297 177
297 176
298 175
298 174
298 173
298 172
298 171
298 170
298 169
298 168
298 167
298 166
298 165
298 164
298 163
298 162
298 161
298 160
297 159
297 158
297 157
297 156
297 155
297 154
296 153
296 152
296 151
296 150
295 149
295 148
295 147
294 146
294 145
294 144
293 143
293 142
292 141
292 140
292 139
291 138
291 137
291 136
290 135
290 134
289 133
289 132
289 131
289 130
288 129
288 128
287 127
287 126
286 125
286 124
286 123
286 122
285 121
285 120
284 119
283 118
283 117
282 116
281 115
280 114
279 113
279 112
278 111
277 110
276 109
275 108
274 107
273 106
272 105
271 104
270 104
269 103
268 103
267 102
266 102
265 102
264 102
263 102
262 102
261 102
260 101
259 101
258 101
257 100
256 100
255 100
254 100
253 100
252 100
251 101
250 101
249 101
248 101
247 101
246 102
245 102
244 103
243 103
242 103
241 103
240 104
239 104
238 105
237 105
236 106
235 106
234 107
233 107
232 108
231 108
230 107
229 107
228 106
228 105
227 104
227 103
227 102
227 101
227 100
227 99
227 98
228 97
228 96
228 95
228 94
228 93
228 92
229 91
229 90
229 89
229 88
229 87
229 86
229 85
229 84
229 83
229 82
230 81
230 80
230 79
230 78
230 77
230 76
230 75
230 74
230 73
230 72
230 71
230 70
230 69
229 68
229 67
229 66
229 65
229 64
229 63
228 62
228 61
228 60
229 59
229 58
229 57
228 56
228 55
228 54
228 53
227 52
227 51
226 50
225 49
224 48
223 47
222 46
221 45
220 44
219 44
218 43
217 43
216 42
215 42
214 42
213 41
212 41
211 40
210 40
209 39
208 39
207 38
206 38
205 38
204 37
203 37
202 37
201 37
200 37
199 36
198 36
197 36
196 36
195 36
194 35
193 35
192 35
191 34
190 34
189 34
188 34
187 34
186 34
185 34
184 33
183 33
182 33
181 33
180 33
179 33
178 33
177 33
176 33
175 32
174 32
173 32
172 32
171 32
170 31
169 31
168 31
167 32
166 32
165 32
164 32
163 33
162 33
161 33
160 33
159 33
158 32
157 32
156 32
155 31
154 31
153 31
152 31
151 31
150 31
149 31
148 31
147 31
146 31
145 31
144 31
143 31
142 31
141 31
140 31
139 31
138 31
