196 79
195 80
194 80
193 80
192 80
191 80
190 80
189 80
188 80
187 80
186 80
185 80
184 80
183 80
182 80
181 81
180 81
179 81
178 81
177 81
176 81
175 81
174 81
173 81
172 81
171 81
170 81
169 82
168 82
167 82
166 82
165 82
164 82
163 82
162 82
161 82
160 83
159 83
158 83
157 83
156 83
155 83
154 83
153 83
152 83
151 84
150 84
149 84
148 84
147 84
146 85
145 85
144 85
143 85
142 85
141 86
140 86
139 86
138 87
137 87
136 87
135 88
134 88
133 89
132 90
131 91
131 92
130 93
130 94
130 95
129 96
129 97
129 98
129 99
129 100
129 101
129 102
129 103
129 104
129 105
129 106
129 107
129 108
129 109
129 110
129 111
129 112
129 113
129 114
128 115
128 116
127 117
126 118
125 119
124 120
123 120
122 121
121 121
120 121
119 121
118 121
117 121
116 121
115 121
114 121
113 121
112 121
111 121
110 121
109 121
108 121
107 121
106 122
105 122
104 122
103 122
102 122
101 123
100 123
99 123
98 124
97 124
96 125
95 125
94 126
93 126
92 127
91 128
90 128
89 129
88 130
87 131
86 132
85 133
85 134
84 135
83 136
83 137
82 138
82 139
81 140
81 141
81 142
80 143
80 144
79 145
79 146
79 147
78 148
78 149
78 150
77 151
77 152
77 153
77 154
76 155
76 156
76 157
76 158
76 159
75 160
75 161
75 162
75 163
75 164
75 165
74 166
74 167
74 168
74 169
74 170
74 171
74 172
73 173
73 174
73 175
73 176
73 177
73 178
73 179
73 180
73 181
73 182
72 183
72 184
72 185
72 186
72 187
72 188
72 189
73 190
73 191
73 192
73 193
73 194
73 195
74 196
74 197
74 198
74 199
74 200
75 201
75 202
75 203
75 204
76 205
76 206
76 207
76 208
77 209
77 210
77 211
77 212
78 213
78 214
78 215
78 216
79 217
79 218
79 219
79 220
80 221
80 222
80 223
81 224
81 225
81 226
82 227
82 228
82 229
83 230
83 231
84 232
84 233
84 234
85 235
85 236
86 237
86 238
87 239
87 240
88 241
89 242
89 243
90 244
91 245
92 246
92 247
93 248
94 249
95 249
96 250
97 251
98 252
99 253
100 253
101 254
102 254
103 255
104 255
105 256
106 256
107 256
108 257
109 257
110 257
111 257
112 257
113 258
114 258
115 258
116 258
117 258
118 258
119 258
120 257
121 257
122 257
123 257
124 257
125 257
126 257
127 256
128 256
129 256
130 256
131 255
132 254
132 253
132 252
132 251
132 250
131 249
131 248
131 247
131 246
131 245
131 244
131 243
131 242
131 241
131 240
130 239
130 238
130 237
130 236
130 235
130 234
130 233
129 233
128 233
128 234
128 235
127 236
127 237
126 238
125 239
124 240
123 241
122 242
121 243
120 243
119 244
118 244
117 245
116 245
115 245
114 245
113 245
112 245
111 245
110 244
109 244
108 244
107 243
106 243
105 242
104 242
103 241
102 241
101 240
100 239
99 238
98 237
98 236
97 235
97 234
96 233
96 232
95 231
95 230
95 229
94 228
94 227
94 226
93 225
93 224
93 223
92 222
92 221
92 220
91 219
91 218
91 217
90 216
90 215
90 214
90 213
89 212
89 211
89 210
89 209
89 208
89 207
89 206
89 205
88 204
88 203
88 202
88 201
88 200
88 199
88 198
88 197
88 196
88 195
88 194
88 193
88 192
87 191
87 190
87 189
87 188
87 187
87 186
87 185
88 184
88 183
88 182
88 181
88 180
88 179
88 178
88 177
88 176
88 175
89 174
89 173
89 172
89 171
89 170
89 169
89 168
89 167
89 166
90 165
90 164
90 163
90 162
90 161
90 160
91 159
91 158
91 157
91 156
91 155
92 154
92 153
92 152
93 151
93 150
93 149
94 148
94 147
95 146
95 145
96 144
97 143
97 142
98 141
99 140
100 139
101 139
102 138
103 138
104 137
105 137
106 136
107 136
108 136
109 136
110 136
111 136
112 137
113 137
114 138
115 138
116 139
117 140
118 141
119 142
119 143
120 144
121 145
121 146
122 147
122 148
122 149
123 150
123 151
124 152
124 153
124 154
125 155
125 156
126 157
127 158
127 159
128 160
129 161
129 162
130 163
130 164
131 165
131 166
131 167
131 168
132 169
132 170
132 171
132 172
132 173
132 174
132 175
132 176
132 177
133 178
133 179
133 180
133 181
133 182
133 183
133 184
133 185
133 186
133 187
133 188
133 189
133 190
133 191
133 192
133 193
133 194
133 195
133 196
133 197
133 198
133 199
133 200
133 201
133 202
133 203
133 204
133 205
133 206
133 207
133 208
133 209
133 210
133 211
134 212
134 213
134 214
134 215
134 216
134 217
134 218
134 219
134 220
135 221
135 222
135 223
135 224
135 225
135 226
135 227
135 228
135 229
136 230
136 231
136 232
136 233
136 234
136 235
136 236
136 237
136 238
136 239
137 240
137 241
137 242
137 243
137 244
137 245
137 246
137 247
137 248
138 249
138 250
138 251
138 252
138 253
138 254
138 255
138 256
138 257
139 258
139 259
139 260
139 261
139 262
139 263
140 264
140 265
140 266
140 267
141 268
141 269
141 270
141 271
141 272
141 273
141 274
142 275
142 276
143 277
143 278
144 279
145 280
146 281
147 282
148 283
149 284
150 284
151 285
152 285
153 286
154 286
155 287
156 287
157 287
158 288
159 288
160 288
161 288
162 289
163 289
164 289
165 289
166 290
167 290
168 290
169 290
170 291
171 291
172 291
173 291
174 292
175 292
176 292
177 292
178 292
179 292
180 292
181 292
182 292
183 293
184 293
185 293
186 293
187 293
188 293
189 293
190 293
191 293
192 293
193 293
194 293
195 293
196 293
197 293
198 293
199 293
200 293
201 292
202 292
203 292
204 292
205 292
206 292
207 292
208 292
209 292
210 292
211 292
212 292
213 292
214 292
215 292
216 292
217 292
218 292
219 292
220 292
221 291
222 291
223 291
224 291
225 291
226 291
227 291
228 291
229 291
230 291
231 291
232 291
233 290
234 290
235 290
236 290
237 290
238 290
239 289
240 289
241 289
242 289
243 288
244 288
245 288
246 287
247 287
248 287
249 286
250 286
251 286
252 285
253 285
254 285
255 284
256 284
257 284
258 283
259 283
260 283
261 282
262 282
263 281
264 281
265 280
266 280
267 279
268 278
269 277
270 276
271 275
271 274
272 273
272 272
273 271
273 270
273 269
273 268
274 267
274 266
274 265
274 264
274 263
274 262
274 261
274 260
274 259
274 258
273 257
273 256
273 255
273 254
273 253
273 252
272 251
272 250
272 249
272 248
272 247
272 246
272 245
272 244
272 243
272 242
272 241
272 240
272 239
272 238
272 237
272 236
272 235
272 234
272 233
273 232
273 231
273 230
273 229
273 228
273 227
273 226
274 225
274 224
274 223
274 222
274 221
275 220
275 219
275 218
275 217
275 216
275 215
275 214
275 213
275 212
275 211
275 210
275 209
275 208
275 207
275 206
275 205
275 204
275 203
275 202
275 201
275 200
275 199
275 198
275 197
275 196
275 195
275 194
275 193
275 192
274 191
274 190
274 189
274 188
274 187
274 186
274 185
274 184
274 183
274 182
274 181
274 180
274 179
275 178
275 177
275 176
275 175
275 174
276 173
276 172
276 171
276 170
276 169
276 168
276 167
276 166
276 165
276 164
276 163
276 162
276 161
276 160
276 159
276 158
276 157
276 156
276 155
276 154
276 153
276 152
276 151
276 150
276 149
276 148
276 147
276 146
276 145
276 144
276 143
276 142
276 141
276 140
276 139
275 138
275 137
275 136
275 135
275 134
275 133
275 132
275 131
275 130
275 129
275 128
275 127
274 126
274 125
274 124
274 123
274 122
274 121
274 120
274 119
274 118
274 117
275 116
275 115
275 114
275 113
275 112
275 111
275 110
275 109
275 108
275 107
275 106
275 105
275 104
275 103
275 102
275 101
275 100
274 99
274 98
274 97
274 96
274 95
274 94
274 93
274 92
274 91
273 90
273 89
272 88
272 87
271 86
270 85
269 85
268 84
267 84
266 83
265 83
264 83
263 82
262 82
261 82
260 82
259 82
258 81
257 81
256 81
255 81
254 81
253 81
252 81
251 81
250 80
249 80
248 80
247 80
246 80
245 80
244 80
243 80
242 80
241 80
240 80
239 80
238 80
237 80
236 79
235 79
234 79
233 79
232 79
231 79
230 79
229 79
228 79
227 79
226 79
225 79
224 79
223 79
222 79
221 79
220 79
219 79
218 79
217 79
216 79
215 79
214 79
213 79
212 79
211 79
210 79
209 79
208 79
207 79
206 79
205 79
204 79
203 79
202 79
201 79
200 79
199 79
198 79
197 79
