184 59
183 60
182 60
181 60
180 60
179 60
178 60
177 60
176 60
175 60
174 60
173 60
172 60
171 60
170 60
169 60
168 60
167 60
166 61
165 61
164 61
163 61
162 61
161 61
160 61
159 61
158 62
157 62
156 62
155 62
154 62
153 62
152 63
151 63
150 63
149 63
148 63
147 64
146 64
145 64
144 64
143 65
142 65
141 65
140 66
139 66
138 66
137 67
136 67
135 67
134 68
133 68
132 69
131 69
130 70
129 70
128 71
127 71
126 72
125 72
124 73
123 74
122 75
121 75
120 76
119 77
118 78
118 79
117 80
116 81
116 82
115 83
115 84
114 85
114 86
114 87
114 88
114 89
114 90
114 91
114 92
114 93
115 94
115 95
115 96
115 97
115 98
115 99
116 100
116 101
116 102
116 103
116 104
116 105
116 106
116 107
116 108
116 109
116 110
116 111
115 112
115 113
115 114
114 115
114 116
113 117
112 118
111 119
110 119
109 120
108 121
107 121
106 121
105 121
104 121
103 121
102 121
101 121
100 121
99 120
98 120
97 120
96 120
95 120
94 120
93 120
92 120
91 120
90 120
89 121
88 121
87 121
86 121
85 121
84 122
83 122
82 123
81 123
80 123
79 124
78 125
77 125
76 126
75 127
74 127
73 128
72 129
71 130
70 131
69 132
68 133
67 134
67 135
66 136
65 137
65 138
64 139
64 140
63 141
63 142
63 143
62 144
62 145
61 146
61 147
61 148
60 149
60 150
60 151
59 152
59 153
59 154
59 155
58 156
58 157
58 158
58 159
58 160
58 161
57 162
57 163
57 164
57 165
57 166
57 167
57 168
57 169
57 170
57 171
56 172
56 173
56 174
56 175
56 176
56 177
56 178
56 179
56 180
56 181
56 182
56 183
56 184
56 185
56 186
56 187
56 188
56 189
56 190
56 191
56 192
56 193
56 194
56 195
56 196
56 197
56 198
56 199
56 200
56 201
56 202
56 203
56 204
56 205
56 206
56 207
57 208
57 209
57 210
57 211
57 212
57 213
57 214
57 215
57 216
57 217
58 218
58 219
58 220
58 221
58 222
58 223
59 224
59 225
59 226
59 227
59 228
60 229
60 230
60 231
61 232
61 233
61 234
62 235
62 236
62 237
63 238
63 239
63 240
64 241
64 242
65 243
65 244
66 245
67 246
67 247
68 248
69 249
69 250
70 251
71 252
72 253
73 254
74 255
75 256
76 257
77 258
78 258
79 259
80 260
81 260
82 260
83 261
84 261
85 262
86 262
87 262
88 262
89 263
90 263
91 263
92 263
93 263
94 263
95 263
96 263
97 263
98 263
99 263
100 262
101 262
102 262
103 262
104 262
105 261
106 261
107 260
108 259
109 258
110 257
110 256
111 255
111 254
111 253
111 252
111 251
110 250
110 249
110 248
110 247
110 246
110 245
110 244
109 243
109 242
109 241
108 240
107 240
106 239
105 239
104 239
103 239
102 240
101 241
100 242
99 243
98 243
97 244
96 244
95 245
94 245
93 245
92 245
91 246
90 246
89 246
88 246
87 246
86 245
85 245
84 245
83 244
82 244
81 243
80 242
79 241
78 240
77 239
76 238
76 237
75 236
74 235
74 234
74 233
73 232
73 231
73 230
72 229
72 228
72 227
71 226
71 225
71 224
71 223
71 222
70 221
70 220
70 219
70 218
70 217
70 216
69 215
69 214
69 213
69 212
69 211
69 210
69 209
69 208
69 207
69 206
69 205
69 204
68 203
68 202
68 201
68 200
68 199
68 198
68 197
68 196
68 195
68 194
68 193
68 192
68 191
68 190
68 189
68 188
69 187
69 186
69 185
69 184
69 183
69 182
69 181
69 180
69 179
69 178
69 177
69 176
70 175
70 174
70 173
70 172
70 171
70 170
71 169
71 168
71 167
71 166
71 165
71 164
72 163
72 162
72 161
72 160
73 159
73 158
73 157
74 156
74 155
74 154
75 153
75 152
76 151
76 150
77 149
77 148
78 147
79 146
80 145
80 144
81 143
82 142
83 142
84 141
85 140
86 139
87 139
88 138
89 138
90 137
91 137
92 137
93 137
94 137
95 137
96 137
97 138
98 138
99 139
100 139
101 140
102 141
103 142
103 143
104 144
105 145
105 146
105 147
106 148
106 149
106 150
106 151
106 152
107 153
107 154
107 155
107 156
108 157
108 158
109 159
109 160
110 161
110 162
111 163
112 164
112 165
113 166
114 167
114 168
115 169
115 170
116 171
116 172
117 173
117 174
117 175
117 176
118 177
118 178
118 179
118 180
118 181
118 182
118 183
118 184
118 185
118 186
118 187
118 188
118 189
118 190
118 191
118 192
118 193
118 194
118 195
118 196
118 197
118 198
118 199
118 200
118 201
118 202
118 203
118 204
118 205
118 206
118 207
118 208
118 209
118 210
118 211
118 212
118 213
118 214
118 215
118 216
118 217
118 218
118 219
118 220
118 221
119 222
119 223
119 224
119 225
119 226
119 227
119 228
119 229
119 230
119 231
119 232
119 233
119 234
120 235
120 236
120 237
120 238
120 239
120 240
120 241
120 242
120 243
120 244
120 245
120 246
120 247
120 248
121 249
121 250
121 251
121 252
121 253
121 254
121 255
121 256
121 257
121 258
121 259
121 260
121 261
122 262
122 263
122 264
122 265
122 266
122 267
122 268
122 269
122 270
122 271
122 272
123 273
123 274
123 275
123 276
124 277
124 278
124 279
125 280
126 281
126 282
127 283
128 284
129 285
130 286
131 287
132 288
133 288
134 289
135 290
136 290
137 291
138 292
139 292
140 293
141 293
142 294
143 294
144 295
145 295
146 296
147 296
148 296
149 297
150 297
151 298
152 298
153 298
154 299
155 299
156 299
157 300
158 300
159 300
160 300
161 301
162 301
163 301
164 301
165 302
166 302
167 302
168 302
169 302
170 303
171 303
172 303
173 303
174 303
175 304
176 304
177 304
178 304
179 304
180 304
181 304
182 304
183 304
184 304
185 304
186 304
187 304
188 304
189 304
190 304
191 304
192 304
193 304
194 304
195 304
196 304
197 304
198 304
199 304
200 304
201 304
202 304
203 304
204 304
205 304
206 303
207 303
208 303
209 303
210 303
211 303
212 303
213 302
214 302
215 302
216 302
217 302
218 301
219 301
220 301
221 301
222 301
223 300
224 300
225 300
226 299
227 299
228 299
229 298
230 298
231 298
232 297
233 297
234 296
235 296
236 296
237 295
238 295
239 294
240 294
241 293
242 292
243 292
244 291
245 290
246 290
247 289
248 288
249 287
250 286
251 285
252 284
253 283
254 282
255 281
256 280
256 279
257 278
257 277
257 276
258 275
258 274
258 273
258 272
258 271
258 270
258 269
258 268
258 267
258 266
258 265
258 264
258 263
258 262
258 261
258 260
258 259
258 258
258 257
258 256
258 255
258 254
258 253
258 252
258 251
258 250
258 249
258 248
258 247
258 246
258 245
259 244
259 243
259 242
259 241
259 240
259 239
259 238
260 237
260 236
260 235
260 234
260 233
260 232
260 231
260 230
260 229
260 228
260 227
259 226
259 225
259 224
259 223
259 222
259 221
259 220
259 219
259 218
259 217
259 216
260 215
260 214
260 213
260 212
260 211
260 210
260 209
260 208
260 207
260 206
260 205
260 204
260 203
260 202
260 201
260 200
260 199
260 198
260 197
260 196
260 195
260 194
260 193
260 192
260 191
260 190
260 189
260 188
260 187
260 186
260 185
260 184
260 183
260 182
260 181
260 180
260 179
260 178
260 177
260 176
260 175
260 174
260 173
260 172
260 171
260 170
261 169
261 168
261 167
261 166
261 165
261 164
262 163
262 162
262 161
262 160
262 159
262 158
262 157
263 156
263 155
263 154
263 153
263 152
263 151
263 150
263 149
263 148
264 147
264 146
264 145
264 144
264 143
264 142
265 141
265 140
265 139
265 138
266 137
266 136
266 135
266 134
267 133
267 132
267 131
267 130
267 129
268 128
268 127
268 126
268 125
268 124
268 123
269 122
269 121
269 120
269 119
269 118
269 117
269 116
269 115
269 114
269 113
269 112
270 111
270 110
270 109
270 108
270 107
271 106
271 105
271 104
272 103
272 102
272 101
272 100
272 99
273 98
273 97
273 96
273 95
273 94
273 93
273 92
273 91
273 90
273 89
273 88
273 87
272 86
272 85
271 84
270 83
270 82
269 81
268 80
267 79
266 78
265 77
264 77
263 76
262 75
261 75
260 74
259 73
258 73
257 72
256 72
255 71
254 71
253 70
252 70
251 70
250 69
249 69
248 68
247 68
246 68
245 67
244 67
243 67
242 66
241 66
240 66
239 65
238 65
237 65
236 65
235 64
234 64
233 64
232 64
231 64
230 63
229 63
228 63
227 63
226 63
225 62
224 62
223 62
222 62
221 62
220 62
219 61
218 61
217 61
216 61
215 61
214 61
213 61
212 61
211 60
210 60
209 60
208 60
207 60
206 60
205 60
204 60
203 60
202 60
201 60
200 60
199 60
198 60
197 60
196 59
195 59
194 59
193 59
192 59
191 59
190 59
189 59
188 59
187 59
186 59
185 59
