373 1
374 2
375 3
375 4
376 5
377 6
378 7
379 8
380 9
380 10
381 11
382 12
383 13
383 14
384 15
384 16
384 17
383 18
382 18
381 18
380 17
379 17
378 17
377 17
376 17
375 17
374 17
373 17
372 17
371 17
370 17
369 17
368 17
367 17
366 17
365 18
364 18
363 17
362 17
361 17
360 17
359 17
358 17
357 17
356 17
355 17
354 17
353 17
352 17
351 17
350 17
349 18
348 18
347 18
346 18
345 18
344 18
343 18
342 18
341 18
340 18
339 19
338 19
337 19
336 19
335 19
334 19
333 20
332 20
331 20
330 20
329 20
328 21
327 21
326 21
325 21
324 22
323 22
322 22
321 23
320 23
319 23
318 23
317 24
316 24
315 24
314 25
313 25
312 26
311 26
310 26
309 27
308 27
307 27
306 28
305 28
304 28
303 29
302 29
301 30
300 30
299 30
298 31
297 31
296 32
295 32
294 32
293 33
292 33
291 34
290 34
289 34
288 35
287 35
286 35
285 36
284 36
283 37
282 37
281 37
280 38
279 38
278 38
277 38
276 38
275 39
274 39
273 40
272 40
271 40
270 40
269 40
268 40
267 40
266 41
265 41
264 41
263 41
262 41
261 41
260 41
259 41
258 41
257 40
256 40
255 40
254 40
253 40
252 40
251 40
250 39
249 39
248 39
247 39
246 38
245 38
244 38
243 37
242 37
241 37
240 36
239 36
238 36
237 35
236 35
235 34
234 34
233 34
232 33
231 32
230 32
229 32
228 31
227 31
226 30
225 30
224 30
223 29
222 28
221 28
220 27
219 27
218 26
217 26
216 25
215 24
214 24
213 23
212 23
211 23
210 22
209 22
208 21
207 21
206 20
205 20
204 19
203 19
202 18
201 18
200 17
199 17
198 16
197 15
196 15
195 14
194 13
193 12
192 12
191 12
190 11
189 11
188 11
187 10
187 9
186 9
185 9
184 9
183 10
183 11
182 12
181 12
180 12
179 13
178 13
177 13
176 13
175 14
174 14
173 14
172 14
171 14
170 15
169 15
168 15
167 15
166 15
165 16
164 16
163 16
162 16
161 16
160 16
159 16
158 17
157 17
156 17
155 17
154 17
153 17
152 17
151 18
150 18
149 18
148 18
147 18
146 18
145 18
144 18
143 18
142 18
141 18
140 18
139 18
138 19
137 19
136 19
135 19
134 19
133 19
132 19
131 19
130 19
129 19
128 19
127 20
126 20
125 20
124 20
123 21
122 21
121 21
120 21
119 21
118 21
117 21
116 21
115 21
114 21
113 22
112 22
111 22
110 22
109 22
108 22
107 22
106 22
105 22
104 22
103 22
102 22
101 22
100 22
99 22
98 22
97 22
96 22
95 22
94 22
93 22
92 22
91 22
90 22
89 22
88 22
87 22
86 23
85 22
84 22
83 22
82 22
81 22
80 22
79 22
78 22
77 22
76 22
75 22
74 22
73 22
72 22
71 22
70 22
69 23
68 23
67 23
66 23
65 23
64 23
63 23
62 23
61 23
60 22
60 21
59 21
58 21
57 21
56 22
55 22
54 22
53 23
52 24
51 25
50 25
50 26
49 27
48 28
47 28
46 29
45 29
44 29
43 29
42 29
41 29
40 29
39 29
38 29
37 29
36 29
35 29
34 29
33 30
32 31
31 32
30 32
29 33
28 33
27 33
27 34
26 35
26 36
26 37
26 38
26 39
26 40
26 41
26 42
26 43
26 44
26 45
26 46
26 47
26 48
26 49
26 50
26 51
26 52
26 53
26 54
26 55
26 56
27 57
27 58
27 59
28 60
28 61
28 62
28 63
28 64
28 65
29 66
30 67
31 67
32 67
33 67
34 66
35 66
36 66
37 66
38 65
39 64
40 64
41 63
42 63
43 62
44 62
45 61
46 61
47 61
48 61
49 61
50 61
51 61
52 61
53 61
54 60
55 59
56 59
57 58
58 57
59 56
60 55
61 54
62 54
63 53
64 52
65 52
66 52
67 51
68 51
69 50
70 50
71 50
72 49
73 49
74 48
75 48
76 48
77 47
78 47
79 46
80 46
81 46
82 45
83 45
84 44
85 44
86 43
87 43
88 42
89 42
90 41
91 41
92 41
93 41
94 40
95 40
96 40
97 40
98 40
99 39
100 39
101 39
102 39
103 39
104 39
105 39
106 39
107 39
108 39
109 38
110 39
111 39
112 39
113 39
114 38
115 38
116 38
117 38
118 38
119 38
120 38
121 38
122 38
123 38
124 38
125 38
126 38
127 38
128 38
129 38
130 38
131 38
132 38
133 38
134 38
135 38
136 38
137 38
138 38
139 37
140 37
141 37
142 37
143 37
144 37
145 37
146 37
147 37
148 37
149 37
150 37
151 37
152 37
153 37
154 37
155 37
156 37
157 38
158 38
159 38
160 38
161 38
162 38
163 38
164 39
165 39
166 39
167 39
168 39
169 39
170 39
171 39
172 40
173 40
174 40
175 41
176 41
177 41
178 42
179 42
180 42
181 43
182 43
183 43
184 44
185 44
186 45
187 46
188 46
189 47
190 48
191 48
192 48
193 49
194 50
195 50
196 51
197 52
198 52
199 53
200 53
201 54
202 54
203 55
204 55
205 56
206 57
207 57
208 57
209 58
209 59
210 59
211 59
212 59
213 60
214 60
215 61
216 62
217 62
218 62
219 63
220 63
221 64
222 64
223 65
223 66
224 66
225 67
226 68
227 69
228 69
229 70
230 70
231 71
232 72
233 73
234 73
235 74
236 74
237 75
238 76
239 77
240 77
241 78
242 79
243 79
244 80
245 80
246 81
247 81
248 82
249 83
250 83
251 83
252 84
253 84
254 85
255 85
256 86
255 87
254 87
253 88
252 88
251 88
250 88
249 88
248 88
247 88
246 88
245 88
244 87
243 87
242 87
241 87
240 87
239 87
238 87
237 86
236 86
235 86
234 85
233 85
232 85
231 84
230 84
229 84
228 83
227 83
226 83
225 82
224 82
223 81
222 80
221 80
220 80
219 79
218 78
217 78
216 77
215 77
214 76
213 76
212 75
211 75
210 74
209 73
208 73
207 73
206 72
205 71
204 71
203 71
202 70
201 69
200 69
199 68
198 68
197 68
196 67
195 66
194 66
193 65
192 65
191 64
190 64
189 63
188 63
187 63
186 63
185 63
184 63
183 63
182 63
181 63
180 64
179 64
178 64
177 65
176 65
175 65
174 66
173 66
172 66
171 67
170 67
169 67
168 68
167 68
166 68
165 68
164 69
163 69
162 70
161 70
160 70
159 71
158 71
157 72
156 72
155 73
154 73
153 74
152 74
151 74
150 74
149 74
148 75
147 76
146 76
145 76
144 77
143 77
142 77
141 77
140 78
139 78
138 78
137 79
136 80
135 80
134 80
133 81
132 81
131 81
130 81
129 81
128 81
127 81
126 81
125 82
124 82
123 82
122 82
121 83
120 83
119 83
118 84
117 84
116 85
115 85
114 86
113 86
112 87
111 88
110 88
109 88
108 89
107 89
106 89
105 89
104 90
103 90
102 90
101 91
100 91
99 92
98 92
97 92
96 92
95 93
94 93
93 94
92 94
91 94
90 95
89 95
88 95
87 96
86 96
85 96
84 97
83 97
82 97
81 98
80 98
79 98
78 98
77 99
76 99
75 100
74 100
73 100
72 100
71 101
70 101
69 101
68 102
67 102
66 102
65 102
64 103
63 102
63 101
62 100
62 99
61 99
60 98
60 97
60 96
59 96
58 96
57 96
56 97
55 97
54 98
53 98
52 98
51 99
50 99
49 99
48 100
47 100
46 101
45 101
44 101
43 102
42 102
41 102
40 103
39 103
38 104
37 104
36 105
35 105
34 106
34 107
34 108
33 109
33 110
32 111
32 112
32 113
33 114
33 115
34 115
35 116
36 117
37 117
38 118
39 118
40 119
41 120
42 121
43 122
44 122
45 123
46 124
47 124
48 125
49 125
50 126
51 127
52 127
53 128
54 128
55 129
56 130
57 129
58 129
59 129
60 129
61 129
62 130
63 130
64 130
65 131
66 130
67 129
68 129
69 128
70 128
71 128
72 127
73 126
74 126
75 125
76 125
77 124
78 124
79 123
80 123
81 122
82 122
83 121
84 121
85 120
86 120
87 119
88 119
89 118
90 118
91 117
92 117
93 117
94 116
95 116
96 116
97 115
98 115
99 114
100 114
101 113
102 113
103 113
104 113
105 112
106 112
107 112
108 111
109 111
110 111
111 110
112 110
113 110
114 109
115 109
116 109
117 109
118 108
119 108
120 108
121 107
122 107
123 107
124 106
125 106
126 106
127 105
128 105
129 104
130 104
131 104
132 104
133 103
134 103
135 103
136 102
137 102
138 102
139 101
140 101
141 101
142 101
143 101
144 100
145 100
146 100
147 99
148 99
149 99
150 98
151 98
152 98
153 98
154 98
155 98
156 97
157 97
158 97
159 97
160 97
161 97
162 98
163 98
164 98
165 98
166 98
167 98
168 98
169 98
170 99
171 99
172 99
173 99
174 99
175 100
176 100
177 100
178 100
179 101
180 101
181 101
182 101
183 101
184 102
185 102
186 102
187 102
188 103
189 103
190 103
191 104
192 105
193 106
194 106
195 107
195 108
196 108
197 109
198 109
199 110
199 111
200 111
201 112
201 113
202 113
203 114
204 115
205 116
205 117
206 117
207 118
208 119
209 120
210 121
211 121
212 122
213 123
214 124
215 125
216 126
217 126
218 126
219 127
220 128
221 129
222 129
223 130
224 131
225 131
226 131
227 132
228 133
229 133
230 133
231 133
232 134
233 135
234 135
235 136
236 137
237 137
238 137
239 138
240 138
241 139
242 139
243 139
244 140
245 141
246 141
247 141
248 141
249 142
250 143
251 143
252 144
252 145
253 146
253 147
253 148
253 149
252 150
251 151
250 152
250 153
249 154
248 155
247 156
247 157
246 158
246 159
246 160
246 161
245 162
244 163
244 164
243 165
243 166
242 167
242 168
241 169
240 170
240 171
239 172
239 173
238 174
238 175
237 176
237 177
237 178
236 179
236 180
235 181
235 182
235 183
234 184
234 185
234 186
233 187
233 188
233 189
233 190
232 191
232 192
232 193
232 194
232 195
232 196
231 197
231 198
231 199
231 200
231 201
231 202
231 203
231 204
231 205
231 206
231 207
231 208
231 209
231 210
231 211
231 212
231 213
231 214
231 215
231 216
231 217
231 218
231 219
231 220
231 221
231 222
231 223
231 224
231 225
231 226
231 227
231 228
231 229
231 230
231 231
231 232
231 233
231 234
231 235
231 236
231 237
231 238
232 239
232 240
232 241
232 242
232 243
232 244
232 245
232 246
232 247
232 248
232 249
232 250
233 251
233 252
233 253
233 254
233 255
232 256
231 256
230 256
229 257
228 257
227 257
226 257
225 257
224 257
223 257
222 257
221 258
220 258
219 258
218 258
217 258
216 258
215 258
214 258
213 258
212 258
211 258
210 259
209 259
208 259
207 259
206 259
205 259
204 259
203 259
202 259
201 259
200 259
199 259
198 259
197 259
196 259
195 259
194 259
193 259
192 259
191 259
190 259
189 259
188 259
187 258
186 258
185 258
184 258
183 259
182 258
181 258
180 258
179 258
178 259
177 258
176 258
175 258
174 258
173 258
172 258
171 258
170 258
169 258
168 258
167 258
166 258
165 258
164 258
163 258
162 258
161 258
160 259
159 259
158 259
157 259
156 259
155 259
154 258
153 258
152 258
151 258
150 258
149 258
148 258
147 258
146 258
145 258
144 258
143 258
142 258
141 258
140 258
139 258
138 258
137 259
136 259
135 259
134 259
133 259
132 259
131 259
130 260
129 260
128 260
127 260
126 260
125 260
124 260
123 261
122 261
121 261
120 261
119 262
118 262
117 262
116 262
115 262
114 262
113 262
112 262
111 263
110 263
109 263
108 263
107 263
106 263
105 263
104 263
103 263
102 263
101 263
100 263
99 263
98 263
97 263
96 263
95 263
94 263
93 263
92 263
91 263
90 263
89 263
88 263
87 263
86 263
85 263
84 263
83 263
82 263
81 262
80 262
79 262
78 262
77 263
76 262
75 262
74 262
73 262
72 263
71 263
70 263
69 263
68 263
67 263
66 263
65 262
64 262
63 262
62 263
61 264
60 265
59 265
58 266
57 266
56 266
55 266
54 266
53 265
52 265
51 265
50 265
49 265
48 265
47 264
46 264
45 263
44 263
43 263
42 263
41 263
40 263
39 263
38 263
37 263
36 263
35 263
34 264
34 265
34 266
34 267
34 268
34 269
34 270
33 271
33 272
33 273
32 274
32 275
32 276
32 277
32 278
32 279
32 280
32 281
32 282
32 283
32 284
32 285
32 286
33 287
33 288
33 289
33 290
32 291
32 292
32 293
32 294
32 295
32 296
33 297
34 298
35 298
36 298
37 298
38 298
39 298
40 298
41 298
42 297
43 296
44 295
45 295
46 295
47 295
48 294
49 293
50 293
51 292
52 292
53 292
54 292
55 292
56 292
57 292
58 292
59 291
60 291
61 291
62 290
63 290
64 289
65 288
66 288
67 288
68 287
69 286
70 285
71 284
72 284
73 283
74 282
75 282
76 282
77 281
78 281
79 280
80 280
81 280
82 279
83 279
84 279
85 278
86 278
87 278
88 278
89 278
90 277
91 277
92 277
93 277
94 277
95 277
96 276
97 276
98 276
99 276
100 276
101 276
102 276
103 276
104 275
105 275
106 275
107 275
108 275
109 275
110 275
111 275
112 276
113 276
114 276
115 276
116 276
117 276
118 276
119 276
120 276
121 276
122 276
123 276
124 276
125 276
126 276
127 276
128 276
129 276
130 277
131 277
132 277
133 278
134 278
135 278
136 278
137 278
138 279
139 279
140 279
141 280
142 280
143 281
144 281
145 281
146 281
147 281
148 281
149 281
150 281
151 282
152 282
153 282
154 282
155 282
156 282
157 282
158 282
159 282
160 282
161 282
162 282
163 282
164 282
165 282
166 282
167 282
168 282
169 282
170 282
171 282
172 282
173 283
174 283
175 283
176 283
177 283
178 283
179 283
180 284
181 284
182 284
183 284
184 284
185 284
186 284
187 284
188 285
189 285
190 285
191 285
192 285
193 286
194 286
195 286
196 286
197 286
198 287
199 287
200 287
201 287
202 287
203 288
204 288
205 288
206 288
207 289
208 289
209 289
210 290
211 290
212 290
213 290
214 290
215 291
216 291
217 291
218 292
219 292
220 292
221 292
222 293
223 293
224 293
225 293
226 294
225 295
224 295
223 295
222 295
221 296
220 296
219 296
218 296
217 296
216 296
215 296
214 296
213 297
212 297
211 297
210 297
209 297
208 297
207 297
206 297
205 298
204 298
203 298
202 298
201 298
200 298
199 298
198 298
197 298
196 298
195 298
194 298
193 298
192 298
191 298
190 298
189 298
188 298
187 299
186 299
185 299
184 299
183 299
182 299
181 299
180 299
179 299
178 299
177 300
176 300
175 300
174 300
173 300
172 300
171 300
170 300
169 300
168 300
167 300
166 300
165 300
164 300
163 300
162 300
161 300
160 300
159 300
158 300
157 301
156 301
155 301
154 301
153 301
152 301
151 301
150 301
149 301
148 301
147 301
146 301
145 301
144 301
143 301
142 301
141 301
140 301
139 302
138 302
137 302
136 302
135 303
134 303
133 303
132 304
131 304
130 305
129 305
128 305
127 305
126 305
125 305
124 305
123 305
122 305
121 305
120 305
119 305
118 305
117 306
116 306
115 306
114 306
113 306
112 306
111 306
110 306
109 306
108 307
107 307
106 307
105 307
104 307
103 307
102 307
101 307
100 307
99 307
98 307
97 307
96 307
95 307
94 308
93 308
92 308
91 308
90 308
89 308
88 308
87 308
86 308
85 308
84 308
83 309
82 309
81 309
80 309
79 309
78 309
77 309
76 309
75 309
74 309
73 309
72 310
71 310
70 310
69 310
68 310
67 310
66 310
65 310
64 309
63 309
62 309
61 309
60 309
59 308
58 308
57 308
56 309
56 310
55 311
54 312
53 312
52 313
51 313
50 313
49 313
48 313
47 313
46 313
45 313
44 313
43 312
42 312
41 312
40 312
39 313
38 313
37 314
36 314
35 314
34 314
33 314
32 314
31 315
30 316
30 317
30 318
30 319
30 320
30 321
30 322
30 323
30 324
30 325
30 326
30 327
30 328
30 329
30 330
30 331
30 332
30 333
30 334
30 335
30 336
30 337
30 338
30 339
30 340
30 341
30 342
30 343
30 344
30 345
30 346
30 347
31 348
32 349
33 349
34 349
35 349
36 349
37 349
38 348
39 348
40 347
41 347
42 346
43 346
44 345
45 344
46 344
47 343
48 342
49 341
50 340
51 340
52 340
53 340
54 340
55 340
56 339
57 339
58 338
59 338
60 338
61 338
62 338
63 338
64 338
65 338
66 337
67 336
68 336
69 335
70 334
71 334
72 333
73 332
74 332
75 331
76 331
77 330
78 330
79 329
80 329
81 328
82 328
83 328
84 328
85 327
86 327
87 327
88 326
89 326
90 326
91 325
92 325
93 325
94 325
95 324
96 325
97 325
98 325
99 325
100 324
101 324
102 324
103 324
104 324
105 324
106 324
107 324
108 324
109 323
110 323
111 323
112 323
113 323
114 323
115 323
116 323
117 323
118 323
119 323
120 323
121 323
122 323
123 323
124 323
125 323
126 323
127 323
128 323
129 323
130 323
131 323
132 323
133 323
134 323
135 323
136 324
137 324
138 324
139 325
140 325
141 325
142 326
143 326
144 326
145 326
146 326
147 326
148 326
149 326
150 326
151 326
152 326
153 326
154 326
155 326
156 326
157 326
158 326
159 326
160 326
161 326
162 326
163 326
164 326
165 326
166 326
167 326
168 325
169 325
170 325
171 325
172 325
173 325
174 325
175 325
176 325
177 325
178 325
179 325
180 325
181 326
182 326
183 326
184 326
185 326
186 326
187 327
188 327
189 327
190 327
191 327
192 327
193 327
194 327
195 328
196 328
197 328
198 328
199 328
200 329
201 329
202 329
203 330
204 330
205 330
206 330
207 331
208 331
209 331
210 332
211 332
212 332
213 332
214 333
215 334
216 334
217 334
218 334
219 335
220 335
221 336
222 336
223 336
224 336
225 337
226 337
227 338
228 338
229 338
230 339
231 339
232 339
233 340
234 340
235 340
236 341
237 341
238 342
239 342
240 342
241 342
242 342
243 343
244 343
245 343
246 344
247 345
247 346
247 347
248 348
248 349
248 350
249 351
250 352
250 353
251 354
251 355
252 356
252 357
252 358
253 359
254 360
255 361
255 362
256 363
256 364
257 365
258 365
259 366
259 367
259 368
260 368
261 369
261 370
262 371
263 372
264 372
265 373
266 373
267 374
268 374
269 375
269 376
270 376
271 377
272 377
273 377
274 377
275 378
276 378
277 379
278 379
279 380
280 380
281 381
282 381
283 381
284 382
283 383
282 383
281 383
280 384
280 385
280 386
280 387
281 388
281 389
281 390
282 390
283 390
284 390
285 390
286 390
287 391
287 392
287 393
287 394
287 395
286 396
285 396
285 397
285 398
285 399
286 399
287 400
287 401
288 401
289 402
290 402
291 402
292 402
293 403
294 403
295 404
296 405
296 406
296 407
296 408
296 409
296 410
297 410
298 411
299 411
300 411
301 412
302 412
303 413
303 414
303 415
303 416
304 416
305 417
305 418
306 419
307 419
308 420
309 420
310 421
310 422
310 423
311 423
312 423
313 424
314 424
315 425
315 426
315 427
316 427
317 427
318 427
319 427
320 428
320 429
320 430
321 430
322 431
323 431
324 431
325 431
326 431
327 431
328 431
329 432
329 433
329 434
330 434
331 434
332 435
332 436
333 436
334 436
335 436
336 436
337 436
338 435
339 435
340 435
341 436
341 437
341 438
341 439
342 439
343 439
344 439
345 439
346 439
347 440
347 441
347 442
347 443
348 443
349 443
350 443
351 442
352 442
353 443
353 444
354 444
355 444
356 444
357 444
358 444
359 444
360 445
360 446
361 446
362 446
363 447
363 448
363 449
364 449
365 449
366 449
367 449
368 449
369 448
370 449
370 450
371 450
372 450
373 450
374 449
375 449
376 448
377 449
377 450
377 451
377 452
377 453
377 454
378 454
379 454
380 454
381 454
382 453
383 453
384 453
385 454
385 455
385 456
386 456
387 456
388 456
389 456
390 456
391 457
391 458
391 459
392 460
393 461
393 462
394 462
395 462
396 462
397 463
397 464
398 465
398 466
398 467
397 468
397 469
397 470
397 471
397 472
397 473
397 474
397 475
397 476
397 477
397 478
397 479
397 480
397 481
396 482
396 483
396 484
396 485
396 486
396 487
396 488
396 489
396 490
396 491
396 492
397 493
397 494
397 495
397 496
397 497
397 498
397 499
397 500
397 501
398 502
398 503
398 504
399 505
399 506
399 507
399 508
399 509
399 510
399 511
399 512
399 513
399 514
399 515
399 516
399 517
399 518
399 519
399 520
399 521
399 522
399 523
399 524
399 525
398 526
398 527
398 528
398 529
398 530
398 531
398 532
398 533
398 534
398 535
398 536
399 537
399 538
399 539
400 540
400 541
401 542
401 543
402 544
403 545
404 546
405 546
406 547
407 547
408 548
409 548
410 548
411 548
412 548
413 548
414 548
415 548
416 548
417 548
418 548
419 548
420 548
420 547
421 546
421 545
422 544
423 543
423 542
424 541
424 540
425 539
425 538
426 537
426 536
427 535
427 534
428 533
428 532
429 531
429 530
430 529
431 528
431 527
431 526
432 525
432 524
433 523
434 523
434 522
435 521
435 520
436 519
437 518
437 517
438 516
438 515
439 514
440 513
440 512
441 511
442 510
443 509
444 508
444 507
445 506
445 505
446 504
447 504
448 503
449 502
450 501
451 501
452 500
453 500
454 499
455 498
456 497
457 497
458 496
459 495
460 494
460 493
461 492
462 491
463 490
464 491
465 492
466 493
466 494
467 495
467 496
467 497
467 498
467 499
467 500
468 501
469 502
469 503
469 504
469 505
470 506
470 507
471 508
472 509
472 510
473 511
474 511
475 512
476 513
477 513
478 513
479 514
480 514
481 514
482 514
483 514
484 514
485 513
485 512
485 511
485 510
484 510
483 509
482 509
481 508
480 507
479 506
478 505
478 504
479 503
480 503
481 503
482 504
483 504
484 504
485 504
486 504
487 505
488 505
489 506
489 507
490 508
491 509
491 510
492 511
493 512
494 512
495 513
496 514
497 514
498 514
499 515
499 516
500 516
501 516
502 516
503 515
504 515
505 516
506 516
507 516
508 516
509 515
510 515
511 515
511 514
511 513
511 512
511 511
510 511
509 511
508 511
507 511
506 511
505 510
504 509
503 509
502 508
501 508
500 507
499 506
498 505
497 504
497 503
496 502
496 501
495 500
495 499
495 498
494 497
494 496
494 495
494 494
494 493
493 492
493 491
493 490
492 489
492 488
491 487
492 486
493 486
494 486
495 487
495 488
496 488
497 489
498 489
499 490
500 491
501 491
502 492
503 493
504 493
505 494
505 495
506 495
507 496
508 496
509 497
510 498
511 498
512 499
513 500
514 500
515 501
516 502
517 503
518 503
519 504
520 505
521 505
522 506
523 506
524 507
524 508
525 508
526 509
526 510
527 511
528 512
529 513
530 514
530 515
531 516
532 516
533 517
533 518
534 519
535 520
536 521
537 522
538 522
539 522
540 523
541 524
542 525
542 526
543 527
544 527
545 527
546 527
547 527
548 528
549 528
550 529
551 529
552 529
553 529
554 529
555 530
556 530
557 530
558 531
559 531
560 531
561 531
562 531
563 531
564 531
565 531
566 531
567 531
568 531
569 531
570 531
571 531
572 530
573 530
574 530
575 529
576 529
577 529
578 529
579 529
580 529
581 529
582 528
583 528
584 528
585 527
585 526
585 525
585 524
584 524
583 524
582 524
581 524
580 524
579 524
578 524
577 523
576 523
575 523
574 523
573 523
572 523
571 523
570 523
569 523
568 523
567 523
566 523
565 522
564 522
563 522
562 522
561 521
560 521
559 521
558 521
557 520
556 520
555 519
554 519
553 518
552 518
551 518
550 517
549 517
548 516
547 516
546 515
545 514
544 513
543 512
544 511
545 511
546 511
547 511
548 511
549 511
550 511
551 511
552 511
553 511
554 511
555 511
556 511
557 511
558 511
559 511
560 510
561 510
562 510
563 510
564 510
565 510
566 510
567 510
568 510
569 510
570 509
571 509
572 509
573 509
574 509
575 509
576 509
577 508
578 508
579 508
580 508
581 507
582 507
583 507
584 507
585 507
586 507
587 507
588 507
589 507
590 507
591 507
592 507
593 507
594 507
595 507
596 507
597 507
598 507
599 507
600 507
601 507
602 508
603 508
604 508
605 508
606 508
607 508
608 508
609 509
610 509
611 509
612 509
613 509
614 509
615 509
616 509
617 509
618 509
619 509
620 509
621 509
622 509
623 508
624 508
625 508
626 508
627 508
628 507
629 507
630 507
631 507
632 506
633 506
634 505
635 505
636 504
637 504
638 503
639 502
640 501
641 501
641 500
642 499
643 498
644 497
645 496
646 495
647 494
648 493
649 492
650 491
651 490
652 489
653 488
654 487
655 486
656 485
657 485
657 484
658 483
659 482
660 481
660 480
660 479
660 478
660 477
659 477
658 477
657 477
656 477
655 478
654 478
653 478
652 478
651 479
650 480
649 480
648 481
647 482
646 482
645 483
644 484
643 485
642 485
642 486
641 487
640 487
639 488
638 489
637 490
636 490
635 491
634 492
633 492
632 493
631 494
630 494
629 495
628 495
627 495
626 495
625 496
624 496
623 496
622 496
621 496
620 496
619 496
618 496
617 496
616 496
615 496
614 496
613 496
612 496
611 496
610 496
609 495
610 494
611 494
612 493
613 492
614 492
615 491
616 491
617 490
618 490
619 489
620 488
621 488
622 487
623 486
624 486
625 485
626 484
627 484
628 483
629 482
630 481
631 480
632 479
633 479
634 478
635 477
636 476
637 476
638 475
639 474
640 474
641 473
642 472
643 472
644 471
645 470
646 470
647 469
648 468
649 467
650 467
651 466
652 465
653 465
654 464
655 463
656 463
657 462
658 461
659 461
660 460
661 460
662 459
663 459
664 458
665 458
666 458
667 457
668 457
669 457
670 456
671 456
672 455
673 455
674 455
675 454
676 454
677 453
678 453
679 453
680 452
681 452
682 452
682 451
682 450
683 449
684 449
685 449
686 449
687 448
688 448
689 447
689 446
689 445
689 444
688 444
687 444
686 444
685 444
684 444
683 444
682 445
681 445
680 445
679 445
678 445
677 445
676 445
675 445
674 445
673 445
672 445
671 446
670 446
669 446
668 447
667 447
666 447
665 448
664 448
663 449
662 449
661 450
660 450
659 450
658 451
657 451
656 452
655 452
654 453
653 454
652 454
651 454
650 455
649 456
648 456
647 457
646 457
645 458
644 459
643 459
642 460
641 461
640 461
639 462
638 463
637 463
636 464
635 463
635 462
636 461
636 460
636 459
637 458
637 457
638 456
638 455
639 454
639 453
639 452
640 451
640 450
640 449
641 448
642 447
642 446
642 445
643 444
644 443
644 442
645 441
645 440
645 439
646 438
646 437
646 436
646 435
646 434
647 433
647 432
648 431
648 430
648 429
648 428
648 427
649 426
649 425
649 424
649 423
649 422
650 421
650 420
651 419
651 418
651 417
652 416
652 415
652 414
652 413
652 412
653 411
653 410
653 409
653 408
653 407
654 406
654 405
654 404
655 403
655 402
655 401
655 400
655 399
655 398
655 397
656 396
656 395
656 394
656 393
655 392
654 391
653 391
652 391
651 392
650 393
650 394
650 395
649 396
648 395
647 394
646 393
645 393
644 392
643 391
642 390
641 389
640 388
639 387
638 386
637 385
636 385
635 384
634 383
633 383
632 382
631 382
630 381
629 380
628 380
627 379
626 379
625 378
624 378
623 377
622 376
621 376
620 375
619 374
618 374
617 373
616 372
615 372
614 371
613 370
612 370
611 369
610 369
609 368
608 367
607 367
606 366
605 366
604 365
603 365
602 364
601 364
600 364
599 363
600 362
601 362
602 362
603 361
604 361
605 361
606 360
607 360
608 360
609 360
610 360
611 360
612 360
613 360
614 360
615 360
616 360
617 360
618 360
619 360
620 361
621 361
622 361
623 361
624 362
625 362
626 362
627 362
628 362
629 362
630 362
631 363
632 363
633 363
634 364
635 364
636 364
637 365
638 365
639 365
640 365
641 366
642 366
643 366
644 366
645 367
646 367
647 367
648 367
649 368
650 368
651 369
652 369
653 369
654 369
655 369
656 370
657 370
658 370
659 370
660 371
661 371
662 372
663 372
664 373
665 373
666 373
667 373
668 374
668 375
669 375
670 376
671 376
672 376
673 376
674 377
674 378
675 379
676 380
677 380
678 381
679 382
680 382
681 382
682 383
682 384
683 384
684 384
685 384
686 384
687 384
687 383
687 382
687 381
686 381
685 380
685 379
684 378
684 377
684 376
683 375
682 374
681 373
680 373
679 372
678 371
677 370
676 370
675 369
674 368
673 368
672 367
671 366
670 366
669 365
668 365
667 364
666 363
665 363
664 363
663 362
662 362
661 361
660 361
659 360
658 360
657 360
656 359
655 359
654 359
653 359
652 358
651 358
650 357
649 357
648 357
647 356
646 356
645 356
644 355
643 355
642 354
643 353
644 353
645 353
646 353
647 352
648 352
649 352
650 351
651 351
652 350
653 350
654 350
655 349
656 349
657 348
658 348
659 348
660 347
661 346
662 346
662 345
663 344
664 344
665 343
665 342
666 341
667 340
667 339
668 338
668 337
668 336
669 335
669 334
670 333
670 332
670 331
670 330
670 329
670 328
670 327
670 326
670 325
670 324
670 323
670 322
670 321
670 320
670 319
670 318
669 317
669 316
669 315
669 314
669 313
669 312
669 311
669 310
669 309
669 308
669 307
669 306
669 305
669 304
669 303
668 302
668 301
668 300
668 299
668 298
667 298
666 298
665 298
664 298
664 299
663 300
662 301
662 302
661 303
661 304
661 305
660 306
660 307
660 308
660 309
660 310
660 311
660 312
660 313
660 314
660 315
660 316
660 317
660 318
660 319
660 320
660 321
660 322
660 323
660 324
660 325
659 326
659 327
659 328
658 329
658 330
657 331
657 332
656 333
656 334
655 335
654 336
653 336
653 337
652 338
651 338
650 338
650 339
649 340
648 340
647 340
646 340
645 341
644 341
643 341
642 341
641 342
640 342
639 342
638 342
637 343
636 343
635 343
634 343
633 344
632 344
631 344
630 344
629 344
628 344
627 345
626 345
625 345
624 345
623 345
622 345
621 346
620 346
619 346
618 346
617 346
616 346
615 346
614 346
613 347
612 347
611 346
610 346
609 346
608 346
607 347
606 347
605 347
604 347
603 347
602 347
601 347
600 347
599 347
598 347
597 347
596 348
595 348
594 348
593 348
592 348
591 348
590 348
589 349
588 349
587 349
586 349
585 349
584 349
583 350
582 350
581 350
580 350
579 350
578 350
577 350
576 351
575 351
574 352
573 352
572 352
571 352
570 353
569 353
568 353
567 353
566 353
565 354
564 354
563 354
562 355
561 355
560 355
559 355
558 355
557 355
556 355
555 356
554 356
553 356
552 356
551 356
550 356
549 356
548 356
547 356
546 356
545 356
544 357
543 357
542 357
541 357
540 357
539 357
538 357
537 357
536 357
535 358
534 359
533 359
532 359
531 360
530 361
529 361
528 362
527 363
526 364
525 365
524 366
523 367
522 368
521 369
520 369
520 370
519 371
518 372
517 373
516 373
516 374
515 375
514 375
514 376
513 377
512 378
511 379
511 380
510 381
509 382
508 383
507 384
507 385
506 386
505 386
505 387
504 388
503 389
502 390
501 391
500 392
500 393
499 394
498 394
498 395
497 396
496 397
496 398
495 399
495 400
494 401
493 402
492 402
492 403
491 404
491 405
490 406
490 407
489 408
488 408
487 409
487 410
487 411
486 412
486 413
485 414
484 414
484 415
483 416
482 417
481 418
481 419
480 420
479 420
478 421
478 422
477 423
476 424
476 425
476 426
475 427
474 428
473 429
472 430
471 429
470 428
470 427
469 426
469 425
469 424
468 423
468 422
468 421
467 420
466 420
465 419
465 418
465 417
465 416
464 416
463 415
463 414
462 414
461 413
461 412
461 411
460 411
459 410
459 409
458 408
458 407
458 406
457 406
456 406
455 405
455 404
455 403
454 403
453 402
453 401
453 400
452 400
451 400
450 399
450 398
450 397
449 396
448 395
447 395
446 394
446 393
446 392
445 392
444 392
443 391
443 390
443 389
443 388
442 388
441 388
440 387
440 386
439 386
438 385
438 384
437 383
437 382
436 382
435 381
435 380
435 379
434 379
433 378
432 377
432 376
431 376
430 375
430 374
429 374
428 374
427 374
426 373
426 372
426 371
425 370
425 369
425 368
424 367
423 367
422 366
421 365
420 364
419 364
418 363
418 362
417 361
416 361
415 360
415 359
415 358
416 357
417 356
417 355
417 354
417 353
417 352
417 351
416 350
416 349
416 348
416 347
415 346
416 345
416 344
416 343
416 342
416 341
417 340
417 339
417 338
418 337
418 336
418 335
419 334
419 333
419 332
419 331
420 330
420 329
421 328
421 327
421 326
422 325
422 324
422 323
422 322
422 321
423 320
423 319
424 318
424 317
424 316
424 315
424 314
425 313
425 312
425 311
426 310
426 309
426 308
426 307
426 306
426 305
426 304
426 303
426 302
426 301
426 300
426 299
427 298
427 297
427 296
427 295
426 294
426 293
426 292
426 291
426 290
426 289
426 288
426 287
425 286
425 285
425 284
425 283
425 282
424 281
424 280
423 279
423 278
423 277
423 276
423 275
422 274
422 273
422 272
422 271
421 270
421 269
421 268
421 267
421 266
421 265
421 264
421 263
421 262
421 261
421 260
421 259
421 258
421 257
421 256
421 255
421 254
421 253
421 252
421 251
421 250
421 249
421 248
421 247
421 246
422 245
422 244
422 243
422 242
422 241
422 240
422 239
422 238
422 237
422 236
422 235
423 234
423 233
423 232
423 231
422 230
422 229
423 228
423 227
423 226
423 225
423 224
423 223
423 222
423 221
423 220
423 219
423 218
423 217
423 216
423 215
423 214
423 213
424 212
424 211
424 210
424 209
424 208
424 207
424 206
424 205
424 204
424 203
425 202
425 201
425 200
425 199
426 198
426 197
426 196
426 195
426 194
426 193
427 192
427 191
427 190
427 189
427 188
427 187
427 186
427 185
427 184
428 183
428 182
428 181
428 180
428 179
428 178
428 177
428 176
428 175
429 174
429 173
429 172
429 171
429 170
429 169
430 168
430 167
430 166
431 165
431 164
431 163
431 162
431 161
431 160
431 159
431 158
432 157
432 156
432 155
432 154
432 153
432 152
433 151
433 150
433 149
433 148
433 147
433 146
434 145
434 144
434 143
434 142
434 141
434 140
435 139
435 138
435 137
435 136
435 135
435 134
436 133
436 132
436 131
436 130
436 129
436 128
436 127
436 126
437 125
437 124
437 123
437 122
437 121
437 120
437 119
437 118
437 117
436 116
436 115
436 114
436 113
436 112
435 111
435 110
435 109
434 108
434 107
434 106
433 105
433 104
433 103
433 102
432 101
432 100
431 99
431 98
431 97
430 96
430 95
430 94
429 93
429 92
429 91
428 90
428 89
427 88
427 87
427 86
426 85
426 84
426 83
425 82
425 81
425 80
424 79
424 78
424 77
423 76
423 75
422 74
422 73
421 72
421 71
421 70
421 69
420 68
420 67
419 66
419 65
418 64
418 63
417 62
417 61
417 60
416 59
416 58
415 57
415 56
415 55
414 54
414 53
413 52
413 51
412 50
412 49
411 48
411 47
411 46
411 45
411 44
411 43
411 42
411 41
411 40
411 39
411 38
411 37
411 36
410 35
410 34
410 33
409 32
409 31
409 30
409 29
409 28
409 27
409 26
409 25
408 24
408 23
408 22
408 21
408 20
408 19
407 18
407 17
407 16
406 15
406 14
406 13
406 12
406 11
405 10
405 9
405 8
405 7
405 6
405 5
405 4
404 3
404 2
404 1
403 1
402 1
401 1
400 1
399 1
398 1
397 1
396 1
395 1
394 1
393 1
392 1
391 1
390 1
389 1
388 1
387 1
386 1
385 1
384 1
383 1
382 1
381 1
380 1
379 1
378 1
377 1
376 1
375 1
374 1
