237 1
236 2
235 3
235 4
235 5
234 6
234 7
234 8
234 9
234 10
234 11
234 12
234 13
233 14
232 13
231 12
230 12
229 12
228 12
228 13
228 14
228 15
228 16
228 17
229 18
229 19
230 20
230 21
231 22
232 23
233 24
233 25
234 26
235 27
236 28
237 29
237 30
238 31
238 32
239 33
240 34
240 35
241 36
241 37
241 38
241 39
241 40
242 41
242 42
242 43
242 44
242 45
242 46
242 47
242 48
241 49
240 50
239 50
238 50
237 50
236 49
235 49
234 48
233 47
232 47
231 47
230 46
229 46
228 46
227 45
226 44
225 44
224 43
225 42
225 41
225 40
225 39
224 38
225 37
225 36
225 35
225 34
225 33
225 32
225 31
225 30
225 29
225 28
224 27
224 26
224 25
223 24
223 23
223 22
222 21
222 20
221 19
220 19
219 19
218 19
217 19
217 20
217 21
217 22
217 23
217 24
217 25
218 26
218 27
218 28
218 29
218 30
218 31
218 32
218 33
218 34
218 35
218 36
217 37
216 36
215 35
214 34
214 33
213 32
212 31
212 30
211 29
210 28
210 27
209 26
209 25
208 24
208 23
208 22
207 21
207 20
206 19
206 18
206 17
206 16
206 15
206 14
205 13
205 12
205 11
205 10
205 9
205 8
204 7
203 6
202 6
201 6
200 6
199 6
199 7
199 8
199 9
199 10
199 11
199 12
199 13
199 14
199 15
199 16
200 17
200 18
200 19
200 20
200 21
200 22
199 23
198 22
198 21
197 20
196 20
195 20
194 20
193 21
193 22
193 23
193 24
194 25
194 26
194 27
194 28
195 29
196 30
197 31
198 32
199 33
200 33
201 34
201 35
202 35
203 36
204 36
205 37
206 38
206 39
207 40
208 41
209 42
209 43
210 43
211 44
211 45
212 46
213 47
214 48
214 49
214 50
214 51
214 52
214 53
215 54
215 55
215 56
216 57
216 58
217 59
217 60
218 61
218 62
219 63
219 64
220 65
220 66
221 66
222 67
223 68
224 69
223 70
223 71
223 72
223 73
223 74
223 75
223 76
223 77
222 78
222 79
222 80
222 81
222 82
222 83
222 84
222 85
222 86
222 87
222 88
223 89
223 90
223 91
223 92
223 93
223 94
223 95
223 96
224 97
224 98
224 99
224 100
224 101
223 102
223 103
223 104
223 105
223 106
222 107
221 107
220 108
219 108
218 108
217 109
216 109
216 110
215 111
214 111
213 110
213 109
212 109
211 108
210 108
209 107
208 107
207 106
206 106
205 105
204 104
203 104
202 104
201 103
201 102
200 102
199 102
198 102
197 101
196 101
195 101
194 100
193 100
192 100
191 100
190 99
189 99
188 99
187 99
186 99
185 98
184 98
183 98
182 98
181 98
180 97
179 97
178 97
177 97
176 97
175 97
174 97
173 97
172 97
171 96
170 96
169 96
168 95
167 95
166 95
165 95
164 94
163 93
162 93
161 92
160 92
159 92
158 92
157 92
156 92
155 91
154 90
153 90
152 90
151 90
150 89
149 88
148 88
147 88
146 88
145 87
144 87
143 86
142 86
141 86
140 85
139 85
138 85
137 84
136 84
135 84
134 84
133 83
132 83
131 82
130 82
129 81
128 81
127 81
126 81
125 81
124 81
123 81
122 81
121 81
120 80
119 80
118 80
117 80
116 80
115 80
114 80
113 80
112 79
111 79
110 79
109 79
108 79
107 79
106 79
105 79
104 79
103 78
102 78
101 78
100 78
99 78
98 78
97 78
96 78
95 78
94 78
93 78
92 79
91 79
90 79
89 79
88 79
87 79
86 80
85 80
84 80
83 80
82 81
81 82
80 82
79 82
78 82
77 82
76 83
75 83
74 83
73 83
72 82
72 81
72 80
71 80
70 80
69 79
68 79
67 79
66 79
65 79
64 79
63 80
62 80
61 80
60 80
59 81
58 82
58 83
57 84
56 84
56 85
55 86
55 87
54 88
54 89
54 90
54 91
54 92
54 93
55 94
55 95
55 96
56 97
56 98
56 99
57 100
57 101
58 102
58 103
59 104
59 105
59 106
59 107
60 108
60 109
59 110
59 111
59 112
59 113
59 114
59 115
59 116
59 117
59 118
60 119
60 120
60 121
60 122
61 123
61 124
62 125
63 126
63 127
63 128
64 129
64 130
64 131
65 132
65 133
65 134
65 135
66 136
66 137
66 138
66 139
67 140
67 141
68 142
68 143
68 144
69 145
70 146
70 147
70 148
71 149
71 150
71 151
72 152
71 153
71 154
70 155
69 156
68 156
67 157
66 157
65 157
64 157
63 157
62 157
61 157
60 157
59 157
58 157
57 157
56 158
55 158
54 158
53 158
52 158
51 158
50 158
49 158
48 158
47 158
46 158
45 158
44 158
43 159
42 159
41 160
40 160
40 161
39 162
39 163
38 164
38 165
38 166
38 167
38 168
38 169
38 170
38 171
38 172
37 173
37 174
37 175
37 176
36 177
36 178
36 179
36 180
36 181
35 182
35 183
35 184
34 185
34 186
33 187
33 188
33 189
32 190
32 191
32 192
31 193
31 194
30 195
30 196
30 197
29 198
28 199
28 200
27 201
26 202
26 203
25 204
24 205
23 206
22 207
21 208
20 209
19 210
19 211
18 212
18 213
18 214
18 215
17 216
16 216
15 216
14 217
13 217
12 218
11 218
10 219
9 220
8 221
7 222
6 223
5 224
4 225
3 226
3 227
2 228
2 229
1 230
1 231
1 232
1 233
2 233
3 234
3 235
3 236
4 236
5 236
6 236
7 235
8 234
9 233
10 232
11 232
12 231
13 231
14 230
14 229
15 228
16 228
17 228
18 227
19 226
20 226
21 225
22 225
23 224
24 223
25 222
26 221
27 221
28 220
29 219
30 218
30 217
31 216
31 215
32 214
32 213
33 212
34 211
34 210
35 209
35 208
35 207
35 206
35 205
36 204
36 203
37 202
37 201
38 200
39 199
39 198
39 197
40 196
41 195
41 194
41 193
42 192
43 191
43 190
44 189
44 188
45 187
45 186
45 185
46 184
46 183
47 182
48 181
48 180
49 179
50 178
51 178
52 177
53 176
54 176
55 175
56 175
57 175
58 175
59 175
60 176
60 177
60 178
60 179
59 180
59 181
59 182
59 183
58 184
58 185
58 186
58 187
58 188
57 189
57 190
57 191
57 192
57 193
57 194
56 195
56 196
55 197
54 197
54 198
53 199
53 200
52 201
51 202
50 203
50 204
49 205
48 205
48 206
47 207
47 208
47 209
47 210
47 211
46 212
45 212
44 212
43 213
42 213
41 213
40 214
39 215
39 216
38 217
37 217
37 218
36 219
35 220
35 221
34 222
33 223
33 224
33 225
33 226
33 227
33 228
33 229
33 230
33 231
34 231
35 231
36 231
37 231
38 230
39 230
40 229
41 228
42 227
43 226
44 225
45 225
46 224
47 223
48 222
49 221
50 221
51 220
52 219
53 218
54 217
55 216
56 216
56 215
57 214
58 213
58 212
58 211
59 210
60 209
60 208
61 207
61 206
61 205
62 204
62 203
62 202
63 201
63 200
64 199
64 198
65 197
65 196
65 195
65 194
66 193
66 192
66 191
67 190
67 189
67 188
68 187
69 186
69 185
69 184
70 183
71 183
72 182
73 181
73 180
73 179
74 178
75 178
76 178
77 177
78 177
79 177
80 177
81 177
82 177
83 177
84 176
85 176
86 176
87 175
88 175
89 175
90 175
91 175
92 175
93 175
94 175
95 175
96 174
97 174
98 174
99 174
100 174
101 174
102 174
103 174
104 174
105 174
106 174
107 174
108 174
109 174
110 175
111 175
112 175
113 175
113 174
114 173
115 173
116 173
117 172
118 172
119 172
120 171
121 170
122 169
122 168
123 167
124 166
125 165
125 164
126 163
127 162
128 162
129 162
130 162
131 163
132 163
133 164
134 164
135 165
135 166
136 166
137 166
138 166
139 166
140 166
141 167
141 168
142 169
143 170
144 171
145 171
146 171
147 171
148 172
149 172
150 172
151 172
152 171
153 171
154 171
155 171
156 171
157 171
158 171
159 171
160 171
161 171
162 171
163 171
164 171
165 171
166 171
167 171
168 171
169 171
170 171
171 171
172 171
173 171
174 171
175 171
176 171
177 171
178 171
179 171
180 171
181 171
182 171
183 171
184 171
185 171
186 171
187 172
188 172
189 172
190 172
191 172
192 173
192 174
193 175
194 175
195 176
195 177
195 178
196 178
197 179
198 180
199 181
200 182
201 183
202 183
203 184
204 184
205 185
206 185
207 185
208 185
209 185
210 185
211 185
212 185
213 185
214 186
215 186
216 186
217 186
218 186
219 186
220 186
221 186
222 187
223 187
224 187
225 187
226 187
227 187
228 187
229 188
230 188
231 188
232 188
233 188
234 188
235 188
236 189
237 189
238 189
239 189
240 189
241 189
242 189
243 190
244 190
245 190
246 191
247 191
248 191
249 191
250 191
251 192
252 193
253 193
254 194
255 194
256 195
257 196
258 197
259 197
260 198
260 199
261 199
262 200
262 201
263 202
264 203
264 204
265 205
266 206
266 207
266 208
267 209
268 210
268 211
269 212
269 213
270 214
270 215
271 216
271 217
272 218
272 219
272 220
273 221
274 222
274 223
275 224
275 225
276 226
276 227
277 228
278 229
278 230
279 231
280 232
280 233
280 234
281 234
282 234
283 234
284 235
284 236
284 237
285 238
286 239
287 239
288 240
289 241
289 242
290 243
291 244
292 244
293 245
294 245
295 246
296 247
297 247
298 247
299 247
300 247
301 247
301 246
302 245
303 245
304 245
304 244
304 243
304 242
304 241
303 240
303 239
302 238
301 237
300 236
299 235
298 234
297 233
296 232
295 231
295 230
295 229
295 228
294 227
293 226
292 225
291 224
290 223
290 222
289 222
288 221
288 220
287 219
286 218
286 217
285 217
284 216
284 215
283 214
283 213
283 212
282 211
281 210
280 209
280 208
279 207
278 206
278 205
277 204
276 203
276 202
275 201
275 200
274 199
273 198
273 197
272 196
272 195
271 194
271 193
270 192
270 191
269 190
268 189
268 188
268 187
267 186
267 185
266 184
266 183
265 182
264 181
263 180
262 180
261 180
260 179
259 179
258 179
257 178
258 177
259 177
260 177
261 177
262 177
263 177
264 177
265 177
266 177
267 177
268 177
269 177
270 177
271 178
272 178
273 178
274 178
275 178
276 179
277 179
278 180
279 180
280 181
281 182
282 183
283 184
284 185
285 186
286 187
286 188
287 188
288 189
288 190
289 191
290 192
291 193
291 194
292 195
293 196
293 197
294 198
294 199
295 200
295 201
296 202
296 203
297 204
297 205
297 206
298 206
299 207
300 208
301 209
301 210
302 210
303 211
304 211
305 211
306 212
307 213
308 214
308 215
309 216
309 217
310 218
310 219
311 220
312 221
313 222
314 223
315 223
316 224
317 224
318 225
319 226
320 226
321 227
322 227
323 228
324 228
325 229
326 229
327 229
328 229
328 228
329 227
330 227
331 227
331 226
331 225
331 224
331 223
331 222
331 221
330 220
330 219
329 218
328 218
327 217
327 216
326 215
325 215
324 214
323 213
322 212
321 211
321 210
320 209
319 208
318 207
318 206
317 206
316 205
315 204
315 203
315 202
315 201
314 200
313 199
312 198
311 197
310 197
309 196
309 195
308 195
307 194
307 193
306 192
305 192
304 192
303 191
302 191
301 190
300 189
299 188
299 187
298 186
297 185
297 184
297 183
296 183
295 182
295 181
295 180
294 179
293 178
293 177
292 176
292 175
291 174
290 173
289 172
289 171
289 170
288 169
287 168
286 167
285 166
284 166
283 166
282 165
281 165
280 164
279 164
278 164
277 164
276 164
275 164
274 164
273 164
272 164
271 164
270 164
269 164
268 164
267 164
266 164
265 164
264 164
263 164
262 163
261 163
260 163
259 162
258 161
257 161
256 161
255 161
254 161
253 161
252 160
251 160
250 160
249 159
248 159
247 158
246 157
246 156
247 155
248 155
248 154
249 153
249 152
250 151
250 150
251 149
251 148
252 147
252 146
253 145
254 145
255 144
256 144
256 143
257 142
258 142
258 141
259 140
259 139
260 138
261 138
262 137
263 137
263 136
264 135
265 134
265 133
265 132
266 131
266 130
266 129
266 128
266 127
266 126
267 125
267 124
267 123
267 122
267 121
267 120
267 119
267 118
266 117
266 116
265 115
265 114
265 113
265 112
265 111
265 110
265 109
265 108
264 108
263 107
263 106
263 105
263 104
262 103
262 102
261 101
261 100
261 99
262 98
263 98
264 98
265 98
266 97
266 96
267 95
268 95
269 94
270 94
271 94
272 94
273 93
274 93
275 93
276 93
277 93
278 93
279 93
280 93
281 93
282 93
283 93
284 92
285 92
285 91
286 90
287 90
287 89
288 88
289 87
289 86
289 85
289 84
289 83
289 82
288 81
288 80
287 79
287 78
286 77
285 77
284 77
283 76
282 76
281 75
280 75
279 74
278 74
277 73
276 72
275 72
274 71
273 70
272 69
272 68
271 67
270 66
270 65
269 64
269 63
269 62
269 61
269 60
268 59
267 58
266 57
265 57
264 57
263 57
262 56
261 56
260 55
260 54
260 53
260 52
261 51
261 50
261 49
261 48
260 47
260 46
260 45
260 44
259 43
259 42
259 41
259 40
259 39
258 38
258 37
258 36
257 35
256 34
255 33
255 32
254 32
253 32
252 32
251 32
250 31
250 30
250 29
250 28
251 27
251 26
251 25
251 24
251 23
251 22
252 21
252 20
252 19
252 18
252 17
252 16
252 15
252 14
251 13
251 12
251 11
251 10
250 10
249 10
248 10
247 10
247 11
246 12
246 13
246 14
246 15
246 16
246 17
247 18
246 19
245 20
244 21
243 20
243 19
243 18
242 17
242 16
241 15
241 14
241 13
241 12
241 11
240 10
240 9
240 8
240 7
240 6
240 5
240 4
240 3
240 2
240 1
239 1
238 1
