412 1
411 2
410 2
409 2
408 3
407 4
406 5
405 6
404 7
403 7
402 8
401 8
400 9
400 10
399 11
398 12
397 12
397 13
397 14
396 15
396 16
396 17
396 18
395 19
395 20
395 21
394 22
394 23
393 24
393 25
393 26
393 27
392 28
392 29
392 30
392 31
392 32
392 33
392 34
392 35
392 36
392 37
393 38
393 39
394 40
394 41
395 41
396 42
396 43
397 44
398 45
398 46
398 47
398 48
398 49
398 50
398 51
398 52
397 53
397 54
397 55
397 56
397 57
397 58
397 59
397 60
396 61
396 62
396 63
396 64
396 65
396 66
396 67
396 68
396 69
396 70
395 71
395 72
395 73
395 74
395 75
395 76
395 77
395 78
395 79
395 80
395 81
395 82
395 83
395 84
394 85
394 86
394 87
394 88
394 89
394 90
394 91
395 92
395 93
395 94
394 95
393 95
393 96
393 97
393 98
392 99
392 100
391 101
391 102
390 103
390 104
389 105
388 106
387 107
386 108
385 108
384 109
383 109
382 110
382 111
381 112
380 113
379 113
378 113
377 114
376 114
375 115
374 115
374 116
373 117
372 117
371 118
370 118
370 119
369 120
368 120
367 121
366 121
365 122
364 122
364 123
363 124
362 124
361 125
360 126
359 126
358 127
357 127
356 128
355 129
354 129
354 130
353 131
352 131
351 132
351 133
350 134
349 134
348 134
347 135
346 136
345 136
344 137
343 138
342 139
341 140
340 140
339 141
338 142
337 142
336 143
335 144
334 145
333 146
332 147
331 148
330 148
329 149
328 150
327 151
326 152
325 153
324 153
324 154
323 155
322 155
321 156
321 157
320 158
319 158
319 159
318 160
317 160
317 161
316 162
315 162
315 163
314 164
313 164
312 165
312 166
311 167
310 168
310 169
309 170
308 171
308 172
307 173
306 173
305 174
304 175
303 176
303 177
302 178
301 179
301 180
300 181
299 182
298 183
297 184
296 185
295 186
295 187
294 188
293 189
292 190
291 191
291 192
290 193
289 193
289 194
288 195
288 196
287 197
286 198
285 198
285 199
284 200
283 201
282 202
281 203
280 204
279 205
278 206
278 207
277 208
276 208
275 209
274 210
273 211
272 212
271 212
270 213
269 214
269 215
268 216
267 216
266 216
265 216
264 216
263 217
262 217
261 217
260 217
259 218
258 218
257 219
256 219
255 220
254 221
253 221
252 222
251 222
250 223
249 224
248 224
247 225
246 226
245 227
244 227
243 227
243 228
242 229
241 230
240 231
239 231
239 232
238 233
238 234
237 235
236 235
236 236
235 237
235 238
234 239
233 240
233 241
232 242
231 243
231 244
231 245
231 246
230 247
230 248
230 249
230 250
230 251
230 252
229 253
228 254
228 255
227 256
226 257
225 257
224 257
223 257
222 257
221 258
220 259
219 259
218 259
217 260
216 261
215 261
214 261
213 262
212 262
211 263
210 263
209 264
208 264
207 264
206 265
205 265
204 265
203 266
202 266
201 266
200 266
199 266
198 267
197 268
196 268
195 268
194 269
193 270
192 270
191 269
190 269
189 269
188 269
187 270
186 270
185 270
184 270
183 270
182 270
181 270
180 271
179 271
178 271
177 271
176 271
175 271
174 271
173 271
172 271
171 271
170 272
169 272
168 272
167 272
166 272
165 272
164 272
163 273
162 273
161 273
161 274
161 275
161 276
162 277
161 278
160 278
159 277
159 276
158 276
157 276
156 276
155 276
154 276
153 276
152 276
151 277
150 277
149 278
148 278
147 278
146 278
145 278
144 279
143 280
142 280
141 280
140 280
139 281
138 281
137 282
136 282
135 282
134 283
133 283
132 283
131 283
130 284
129 284
128 285
127 285
126 286
125 286
124 286
123 287
122 287
121 287
120 287
119 287
118 287
117 287
116 287
115 287
114 287
113 287
112 287
111 287
110 287
109 287
108 288
107 287
106 287
105 287
104 287
103 287
102 287
101 287
100 287
99 287
98 287
97 287
96 287
95 287
94 287
93 287
92 287
91 287
90 287
89 287
88 287
87 287
86 288
85 288
84 287
83 287
82 287
81 287
80 287
79 287
78 287
77 287
76 287
75 287
74 287
73 287
72 287
71 286
70 286
69 286
68 286
67 285
66 285
65 285
64 284
63 284
62 284
61 284
60 283
59 283
58 283
57 283
56 283
55 283
54 283
53 282
52 282
51 282
50 282
49 282
48 282
47 282
46 281
45 281
44 281
43 281
42 280
41 279
40 279
39 279
38 278
37 277
36 277
35 276
34 276
33 275
32 275
31 275
30 274
29 274
28 274
27 273
26 272
25 272
24 271
23 271
22 271
21 270
20 269
19 268
18 267
17 267
16 266
15 265
14 265
13 265
12 265
12 266
12 267
12 268
12 269
12 270
11 271
11 272
11 273
11 274
11 275
11 276
11 277
10 278
10 279
10 280
10 281
10 282
10 283
10 284
10 285
9 286
8 285
7 284
6 284
5 284
4 284
4 285
3 286
2 287
1 287
1 288
1 289
1 290
1 291
1 292
1 293
1 294
1 295
1 296
1 297
1 298
1 299
1 300
1 301
1 302
1 303
1 304
1 305
1 306
1 307
1 308
1 309
1 310
2 311
2 312
2 313
2 314
2 315
2 316
3 317
3 318
4 319
4 320
4 321
5 322
5 323
5 324
5 325
6 326
6 327
7 328
7 329
8 330
9 330
10 330
11 330
12 330
13 330
14 329
15 329
16 328
17 327
18 327
19 326
20 325
21 324
22 324
23 323
24 323
25 323
26 323
27 323
28 324
28 325
28 326
28 327
29 328
30 329
31 330
31 331
32 331
33 331
34 331
35 331
36 331
37 332
38 332
39 332
40 332
41 333
42 333
43 333
44 333
45 333
46 333
47 333
48 333
49 333
50 333
51 333
52 333
53 333
54 332
55 332
56 332
57 332
58 332
59 332
60 331
61 331
62 331
63 331
64 330
65 330
66 330
67 330
68 330
69 329
70 329
71 329
72 329
73 329
74 329
75 328
76 328
77 328
78 328
79 328
80 327
81 327
82 327
83 327
84 327
85 327
86 326
87 326
88 326
89 326
90 325
91 325
92 325
93 325
94 324
95 324
96 323
97 323
98 323
99 323
100 322
101 322
102 322
103 322
104 321
105 321
106 321
107 321
108 320
109 320
110 320
111 320
112 319
113 319
114 319
115 319
116 319
117 318
118 318
119 318
120 318
121 317
122 317
123 317
124 317
125 317
126 317
127 317
128 317
129 317
130 316
131 316
132 316
133 316
134 316
135 316
136 316
137 317
138 317
139 317
140 317
141 317
142 317
143 317
144 317
145 317
146 317
147 317
148 316
149 316
150 316
151 316
152 316
153 316
154 316
155 316
156 316
157 316
158 316
159 316
160 316
161 315
162 315
163 315
164 315
165 315
166 315
167 315
168 315
169 315
170 315
171 315
172 315
173 314
174 315
175 315
176 315
177 315
178 314
179 314
180 314
181 315
182 315
183 315
184 315
185 314
186 314
187 314
188 314
189 314
190 314
191 314
192 314
193 314
194 314
195 314
196 314
197 314
198 313
199 313
200 313
201 313
202 313
203 313
204 313
205 312
206 312
207 312
208 312
209 312
210 312
211 312
212 312
213 312
214 312
215 312
216 311
217 311
218 311
219 311
220 311
221 311
222 311
223 311
224 311
225 310
226 310
227 310
228 310
229 310
230 310
231 311
231 312
231 313
232 314
232 315
232 316
232 317
232 318
232 319
231 320
231 321
231 322
231 323
232 324
232 325
232 326
232 327
231 328
231 329
231 330
231 331
231 332
231 333
230 334
230 335
230 336
229 337
229 338
228 339
228 340
228 341
228 342
227 343
227 344
227 345
226 346
225 347
225 348
225 349
225 350
224 351
223 352
223 353
223 354
222 355
222 356
222 357
222 358
222 359
221 360
221 361
221 362
221 363
221 364
220 365
220 366
220 367
220 368
220 369
220 370
219 371
219 372
219 373
219 374
219 375
219 376
219 377
219 378
219 379
219 380
219 381
219 382
219 383
219 384
219 385
219 386
219 387
219 388
219 389
219 390
219 391
219 392
220 393
220 394
220 395
220 396
220 397
220 398
220 399
220 400
220 401
221 402
221 403
222 404
222 405
222 406
222 407
222 408
221 409
220 410
219 410
219 411
218 412
218 413
217 414
217 415
217 416
216 417
216 418
216 419
216 420
216 421
216 422
216 423
217 423
218 424
218 425
219 426
220 427
220 428
220 429
220 430
221 431
222 432
222 433
223 434
224 435
224 436
225 437
226 438
226 439
227 440
228 441
229 442
229 443
230 443
231 444
232 445
232 446
233 447
234 448
234 449
235 450
236 451
236 452
236 453
237 454
238 455
238 456
239 457
239 458
240 459
240 460
240 461
241 462
241 463
241 464
241 465
242 465
243 466
242 467
241 468
240 468
239 469
238 469
237 470
236 471
236 472
235 473
234 474
233 474
232 474
231 474
230 475
229 476
228 476
227 476
226 477
225 477
224 477
223 477
222 478
221 478
220 478
219 479
218 479
217 480
216 480
215 480
214 481
213 481
212 481
211 481
210 482
209 482
208 482
207 483
206 483
205 483
204 483
203 483
202 484
201 484
200 485
199 485
198 485
197 486
196 486
195 486
194 487
193 487
192 488
191 488
190 489
189 489
188 490
187 490
186 491
185 491
184 492
183 493
182 493
181 494
180 495
179 495
178 495
177 495
177 496
176 497
175 497
174 498
173 498
172 499
171 500
170 500
169 501
168 501
167 502
166 503
165 503
165 504
164 505
163 505
162 505
161 506
160 507
159 507
158 507
157 508
156 508
155 509
154 509
153 509
152 510
151 511
150 511
149 512
148 512
147 513
146 513
145 514
144 514
144 515
143 516
142 516
141 516
140 516
139 516
138 516
137 517
136 517
135 517
134 517
133 517
132 517
131 517
130 518
129 518
128 518
127 518
126 518
125 518
124 518
123 519
122 519
121 519
120 519
119 520
118 520
117 520
116 520
115 520
114 521
113 521
112 521
111 521
110 521
109 521
108 521
107 521
106 520
105 520
104 520
103 520
102 520
101 519
100 519
99 519
98 519
97 518
96 518
95 518
94 517
93 517
92 517
91 517
90 517
89 516
88 516
87 516
86 515
85 515
84 515
83 515
82 515
81 514
80 514
79 513
78 513
77 513
76 513
75 513
74 512
73 512
72 512
71 511
70 511
69 511
68 510
67 510
66 509
65 509
64 508
63 507
62 507
61 506
60 506
59 506
58 505
57 505
56 504
55 504
54 503
53 503
52 502
51 501
50 500
49 500
48 499
47 499
46 498
45 497
44 497
43 496
43 495
42 494
41 493
40 492
39 491
38 490
38 489
37 488
36 487
36 486
35 485
35 484
34 483
34 482
33 481
33 480
33 479
32 478
31 477
31 476
30 476
29 476
28 475
28 474
28 473
27 472
26 472
25 472
24 471
24 470
24 469
23 468
22 467
21 466
20 465
19 464
18 463
17 462
17 461
16 460
15 460
14 460
13 460
13 461
12 462
11 462
11 463
10 464
10 465
10 466
9 467
9 468
9 469
9 470
9 471
8 472
8 473
8 474
8 475
8 476
8 477
8 478
8 479
8 480
8 481
8 482
8 483
8 484
8 485
8 486
8 487
8 488
8 489
8 490
8 491
8 492
8 493
8 494
8 495
9 496
9 497
9 498
9 499
9 500
9 501
10 502
10 503
11 503
12 503
13 503
14 503
15 503
16 503
17 503
18 503
19 503
20 504
21 504
22 505
22 506
21 507
21 508
21 509
21 510
22 511
22 512
22 513
23 513
24 514
25 515
26 516
27 517
28 518
29 519
29 520
30 521
31 521
32 522
33 522
34 522
35 523
36 523
37 524
38 524
39 524
40 524
41 524
42 524
43 525
44 525
45 525
46 526
47 526
48 526
49 526
50 527
51 527
52 527
53 528
54 528
55 528
56 528
57 529
58 529
59 529
60 530
61 530
62 530
63 531
64 531
65 531
66 532
67 533
68 533
69 533
70 534
71 534
72 534
73 534
74 535
75 535
76 536
77 536
78 537
78 538
79 538
80 538
81 538
82 538
83 538
84 538
85 539
86 539
87 540
88 540
89 540
90 541
91 541
92 541
93 542
94 542
95 542
96 543
97 543
98 543
99 544
100 544
101 544
102 544
103 545
104 545
105 546
104 547
103 547
102 547
101 547
100 546
99 546
98 546
97 546
96 546
95 546
94 547
93 548
93 549
93 550
94 551
95 552
96 552
97 552
98 553
98 554
98 555
99 556
100 557
100 558
100 559
101 560
102 561
103 561
104 561
105 561
106 561
107 560
108 560
109 560
110 560
111 560
112 559
113 559
114 559
115 559
116 558
117 558
118 558
119 558
120 558
121 558
122 557
123 557
124 557
125 557
126 557
127 557
128 557
129 556
130 557
131 558
132 558
133 558
134 559
135 559
136 560
137 560
138 561
139 561
140 561
141 561
142 561
143 561
144 560
145 560
146 560
147 559
148 558
149 557
150 556
151 555
152 555
153 554
154 554
155 554
156 554
157 554
158 554
159 554
160 554
161 554
162 554
163 554
164 554
165 555
164 556
163 556
163 557
162 558
161 558
161 559
160 560
159 560
158 561
157 561
156 562
155 563
154 563
153 564
152 564
151 565
150 565
149 566
148 566
147 566
146 567
145 567
144 568
143 569
142 569
141 569
140 570
139 570
138 571
137 572
136 572
135 573
134 573
133 574
132 575
131 575
130 576
129 577
128 577
127 578
126 579
125 579
124 579
123 580
122 581
121 581
120 582
119 582
118 583
117 583
116 584
115 584
114 585
113 585
112 586
111 586
110 586
109 586
108 586
107 586
106 587
105 587
104 587
103 587
102 587
101 587
100 588
99 588
98 588
97 588
96 588
95 589
94 589
93 589
92 589
91 589
90 590
89 590
88 590
87 590
86 590
85 590
84 590
83 590
82 591
81 591
80 591
79 591
78 591
77 591
76 592
75 592
74 592
73 592
72 592
71 592
70 592
69 593
68 593
67 593
66 593
65 593
64 593
63 593
62 593
61 593
60 593
59 593
58 593
57 593
56 593
55 593
54 593
53 592
52 592
51 592
50 592
49 592
48 592
47 592
46 592
45 591
44 591
43 591
42 590
41 590
40 590
39 589
38 588
37 587
36 586
36 585
35 584
34 584
33 583
32 583
31 583
30 583
29 583
28 583
27 583
26 583
25 582
24 582
23 582
22 581
21 581
20 580
19 580
18 580
17 580
16 580
15 580
15 581
14 582
13 582
13 583
13 584
12 585
12 586
12 587
12 588
13 589
13 590
13 591
13 592
13 593
13 594
13 595
13 596
13 597
14 598
14 599
14 600
14 601
14 602
15 603
15 604
16 605
16 606
16 607
17 608
17 609
17 610
17 611
17 612
17 613
18 614
19 615
19 616
19 617
19 618
20 619
21 620
22 620
23 620
24 620
25 620
26 619
27 618
28 618
29 617
29 616
30 615
31 615
32 615
32 614
33 613
34 613
35 613
36 613
37 613
38 613
39 613
40 614
39 615
39 616
38 617
38 618
38 619
38 620
39 621
40 621
41 621
42 621
43 622
44 622
45 622
46 622
47 622
48 621
49 621
50 621
51 621
52 620
53 620
54 620
55 620
56 619
57 619
58 618
59 618
60 618
61 617
62 617
63 616
64 615
65 615
66 614
67 614
68 614
69 614
70 613
71 613
72 613
73 613
74 612
75 612
76 612
77 611
78 611
79 611
80 611
81 610
82 610
83 610
84 610
85 609
86 609
87 609
88 609
89 608
90 608
91 607
92 607
93 607
94 607
95 607
96 607
97 607
98 607
99 607
100 606
101 606
102 606
103 606
104 606
105 606
106 606
107 606
108 605
109 605
110 606
111 606
112 606
113 606
114 605
115 605
116 605
117 605
118 606
119 606
120 606
121 606
122 606
123 606
124 606
125 606
126 605
127 605
128 605
129 605
130 605
131 605
132 605
133 605
134 605
135 605
136 605
137 605
138 604
139 604
140 604
141 604
142 604
143 604
144 603
145 603
146 603
147 603
148 602
149 602
150 602
151 602
152 602
153 602
154 602
155 601
156 601
157 601
158 601
159 601
160 601
161 601
162 600
163 600
164 600
165 599
166 598
167 598
168 598
169 597
170 597
171 596
172 595
173 594
174 593
175 593
176 592
177 592
178 592
179 591
179 590
180 589
181 589
182 588
183 587
184 586
185 586
186 585
187 585
188 584
189 584
190 583
191 583
192 582
193 582
194 581
195 581
196 580
197 580
198 580
199 579
200 579
201 578
202 578
203 578
204 577
205 577
206 576
207 576
208 576
209 576
210 575
211 574
212 574
213 574
214 574
215 573
216 572
217 572
218 572
219 572
220 572
221 572
222 572
223 572
224 572
225 572
226 572
227 572
228 572
229 572
230 572
231 572
232 572
233 572
234 572
235 572
236 572
237 572
238 573
239 573
240 573
241 574
242 574
243 574
244 574
245 574
246 575
247 575
248 576
249 576
250 576
251 577
252 577
253 577
254 578
255 578
256 578
257 579
258 579
259 579
260 579
261 580
262 580
263 580
264 580
265 580
266 580
267 581
268 581
269 581
270 581
271 582
272 582
273 582
274 582
275 582
276 582
277 582
278 582
279 583
280 583
281 583
282 583
283 583
284 583
285 583
286 583
287 584
288 584
289 584
290 584
291 584
292 584
293 584
294 584
295 584
296 583
297 583
298 583
299 583
300 583
301 582
302 582
303 582
304 581
305 582
306 582
307 582
308 582
309 582
310 583
311 583
312 584
313 584
314 584
315 585
316 585
317 585
318 586
319 586
320 586
321 586
322 586
323 587
324 587
325 587
326 588
327 588
328 589
329 589
330 589
331 589
332 589
333 589
334 589
335 589
336 589
337 589
338 589
339 589
340 589
341 589
342 589
343 589
344 589
345 589
346 589
347 588
348 588
349 587
350 587
351 587
352 586
353 586
354 585
355 585
356 584
357 583
358 583
359 582
360 582
361 581
362 580
363 579
364 578
365 577
366 576
366 575
367 574
368 573
368 572
369 571
370 570
371 569
371 568
372 567
372 566
373 565
374 564
374 563
375 562
375 561
376 560
376 559
376 558
376 557
376 556
376 555
376 554
376 553
376 552
376 551
375 550
376 549
377 549
378 548
379 547
379 546
380 545
380 544
381 543
382 542
382 541
383 540
384 539
384 538
384 537
385 536
385 535
385 534
386 533
387 533
387 532
388 531
388 530
388 529
389 528
390 528
390 527
391 526
391 525
392 524
392 523
393 522
393 521
393 520
394 519
394 518
394 517
395 516
395 515
396 514
396 513
396 512
396 511
397 510
397 509
397 508
398 507
399 506
399 505
399 504
399 503
399 502
399 501
400 500
401 500
401 499
401 498
401 497
402 496
402 495
402 494
402 493
402 492
403 491
403 490
403 489
403 488
403 487
403 486
403 485
403 484
403 483
403 482
403 481
403 480
403 479
402 478
402 477
402 476
402 475
402 474
402 473
402 472
401 471
401 470
401 469
401 468
400 467
400 466
400 465
400 464
400 463
400 462
400 461
400 460
400 459
400 458
400 457
400 456
400 455
400 454
400 453
399 452
399 451
399 450
399 449
399 448
399 447
399 446
399 445
399 444
398 443
398 442
398 441
398 440
398 439
397 438
397 437
397 436
397 435
397 434
397 433
397 432
397 431
397 430
397 429
397 428
397 427
397 426
397 425
397 424
397 423
397 422
397 421
397 420
397 419
397 418
398 417
398 416
398 415
398 414
398 413
398 412
398 411
398 410
399 409
399 408
399 407
399 406
399 405
399 404
399 403
400 402
400 401
400 400
400 399
400 398
400 397
400 396
400 395
400 394
401 393
401 392
401 391
401 390
402 389
402 388
402 387
402 386
402 385
403 384
403 383
403 382
403 381
403 380
403 379
404 378
405 377
405 376
405 375
405 374
405 373
405 372
405 371
406 370
406 369
407 368
407 367
407 366
408 365
408 364
409 363
409 362
410 361
411 360
411 359
411 358
412 357
413 356
413 355
414 354
414 353
414 352
415 351
415 350
415 349
416 348
417 348
417 347
418 346
418 345
418 344
419 343
419 342
420 341
420 340
420 339
421 338
422 337
423 336
423 335
424 334
424 333
425 332
425 331
426 330
427 329
427 328
427 327
428 326
428 325
429 324
430 323
430 322
430 321
431 320
432 319
432 318
432 317
433 316
433 315
433 314
434 313
434 312
435 311
435 310
435 309
435 308
436 307
437 306
437 305
437 304
437 303
438 302
438 301
439 300
439 299
439 298
439 297
439 296
439 295
440 294
440 293
440 292
440 291
440 290
440 289
440 288
441 287
441 286
441 285
441 284
441 283
441 282
441 281
441 280
442 279
442 278
442 277
442 276
442 275
442 274
442 273
442 272
442 271
442 270
442 269
442 268
442 267
442 266
442 265
442 264
442 263
441 262
441 261
441 260
441 259
441 258
441 257
440 256
440 255
440 254
440 253
440 252
440 251
440 250
440 249
440 248
439 247
439 246
439 245
439 244
439 243
438 242
438 241
438 240
438 239
438 238
438 237
438 236
438 235
439 234
439 233
439 232
439 231
439 230
439 229
439 228
439 227
440 226
440 225
440 224
441 223
441 222
442 221
442 220
442 219
442 218
442 217
443 216
443 215
444 214
444 213
444 212
444 211
444 210
445 209
445 208
445 207
446 206
446 205
447 204
447 203
448 202
449 201
449 200
450 199
451 198
452 197
452 196
453 195
454 194
454 193
455 192
456 192
457 191
457 190
458 189
459 189
459 188
460 187
461 187
461 186
462 185
463 185
464 184
465 183
466 182
466 181
467 180
468 179
469 178
470 177
471 176
472 177
472 178
473 179
474 180
475 181
475 182
476 183
476 184
477 185
478 186
479 187
480 187
481 187
482 188
483 189
484 190
485 191
486 191
487 191
488 192
489 192
490 193
491 193
492 193
493 194
494 194
495 194
496 194
497 194
498 195
499 195
500 195
501 195
502 195
503 195
504 196
505 196
506 196
507 196
508 197
509 197
510 197
511 197
512 197
513 198
514 199
515 199
516 200
517 201
518 202
519 203
520 204
521 205
522 206
523 207
524 208
525 208
526 209
527 210
528 211
529 211
530 212
531 213
532 214
533 215
534 216
535 217
536 218
537 219
538 220
539 221
540 221
541 222
542 223
543 224
544 225
545 226
546 227
547 227
548 228
549 228
550 229
551 230
552 231
553 231
554 231
555 232
556 233
557 233
558 234
559 234
560 235
561 235
562 236
563 237
564 238
565 239
566 240
567 240
568 241
569 242
570 243
571 244
572 245
573 246
574 247
575 247
576 248
577 249
578 250
579 250
580 251
581 252
582 253
583 254
584 255
585 255
586 256
587 257
588 257
589 258
589 259
590 260
591 261
591 262
592 263
593 264
593 265
594 266
594 267
595 268
596 269
596 270
596 271
597 272
597 273
598 274
599 275
599 276
599 277
600 278
600 279
600 280
601 281
601 282
601 283
602 284
603 285
604 285
605 285
606 285
607 285
608 284
609 283
610 284
610 285
611 286
612 287
613 288
614 288
615 288
616 288
617 288
618 287
619 286
620 285
620 284
620 283
620 282
620 281
620 280
620 279
619 278
618 277
617 276
616 275
616 274
615 273
615 272
614 271
614 270
615 269
616 269
617 269
618 268
619 268
620 267
621 267
622 267
623 267
624 267
625 266
626 265
627 265
628 265
629 265
630 265
631 265
632 265
633 265
634 265
635 265
636 265
637 265
638 265
639 265
640 265
641 264
642 263
642 262
642 261
642 260
642 259
641 258
640 257
639 257
638 257
637 256
637 255
636 254
636 253
636 252
636 251
635 250
634 249
633 248
632 248
631 248
630 248
629 248
628 249
627 250
626 251
625 251
624 251
623 251
622 251
621 251
620 251
619 251
618 250
617 250
616 250
615 250
614 250
613 250
612 249
611 249
610 249
609 249
608 248
607 248
606 248
605 248
604 247
603 247
602 247
601 246
600 246
599 246
598 246
597 246
596 245
595 244
594 244
593 243
592 242
591 242
590 242
589 241
588 240
587 239
586 238
585 237
584 237
583 236
582 236
581 235
582 234
583 234
584 234
585 234
586 234
587 234
588 234
589 234
590 234
591 234
592 234
593 234
594 233
595 233
596 233
597 233
598 233
599 232
600 232
601 231
602 231
603 231
604 230
605 230
606 229
607 228
608 227
608 226
608 225
608 224
608 223
607 222
606 221
605 220
604 220
603 220
602 220
601 220
600 221
599 221
598 222
597 222
596 221
596 220
596 219
597 218
597 217
597 216
597 215
597 214
596 213
595 212
594 211
593 211
592 211
591 211
590 211
589 212
588 213
587 214
586 214
585 214
584 214
583 214
582 214
581 214
580 214
579 214
578 214
577 213
576 213
575 213
574 213
573 213
572 213
571 213
570 212
569 211
568 211
567 211
566 211
565 210
564 209
563 208
562 207
561 207
560 207
559 207
558 206
557 205
556 205
555 204
554 204
553 204
552 203
551 202
551 201
550 200
549 199
548 198
547 197
546 196
545 196
544 196
543 195
543 194
543 193
542 192
541 191
540 190
539 190
538 189
538 188
537 187
537 186
536 185
535 184
534 183
534 182
534 181
533 180
533 179
534 178
534 177
535 176
535 175
536 174
537 173
538 172
539 171
540 170
541 170
542 169
543 168
544 167
545 167
546 166
547 166
548 166
549 166
550 166
551 166
552 167
553 167
554 167
555 167
556 167
557 168
558 168
559 169
560 169
561 170
562 170
563 170
564 170
565 170
566 169
567 168
568 167
568 166
568 165
568 164
568 163
567 162
566 161
565 160
564 160
563 159
564 158
565 158
566 157
567 156
568 155
568 154
568 153
568 152
568 151
567 150
566 149
565 148
564 148
563 147
562 147
561 147
560 146
559 146
558 146
557 146
556 146
555 146
554 146
553 146
552 146
551 146
550 146
549 146
548 146
547 146
546 146
545 146
544 146
543 146
542 147
541 147
540 148
539 148
538 148
537 149
536 149
535 150
534 150
533 151
532 152
531 152
530 153
529 154
528 155
527 156
526 156
525 156
524 156
523 156
522 156
521 156
520 157
519 156
518 156
517 156
516 156
515 156
514 155
513 155
512 155
511 155
510 155
509 154
508 154
507 154
506 153
505 152
504 151
504 150
504 149
504 148
504 147
504 146
504 145
504 144
504 143
504 142
504 141
504 140
504 139
504 138
504 137
504 136
505 135
505 134
505 133
505 132
506 131
506 130
506 129
506 128
506 127
506 126
506 125
506 124
506 123
506 122
506 121
506 120
506 119
506 118
506 117
505 116
505 115
505 114
505 113
505 112
504 111
504 110
504 109
504 108
504 107
503 106
503 105
503 104
503 103
502 102
502 101
501 100
501 99
500 98
500 97
499 96
498 95
497 94
497 93
496 92
495 91
494 90
493 89
493 88
492 87
491 86
490 85
489 84
488 83
487 83
486 82
485 81
484 80
483 79
482 78
481 77
480 76
480 75
479 75
478 74
477 73
477 72
476 71
475 70
474 69
473 68
473 67
472 67
471 66
471 65
470 64
469 63
468 62
467 61
466 60
465 59
465 58
464 57
463 56
462 55
462 54
461 53
460 52
459 51
458 50
457 49
457 48
456 47
456 46
455 45
454 44
453 43
452 42
452 41
451 40
450 39
449 38
448 37
447 36
446 35
446 34
445 33
444 33
443 32
443 31
442 30
441 29
441 28
440 27
439 26
438 25
438 24
437 23
437 22
436 21
436 20
435 20
434 19
434 18
434 17
433 16
432 16
431 15
431 14
431 13
430 13
429 12
428 11
427 10
426 9
426 8
425 7
424 7
423 6
423 5
422 4
421 4
420 3
419 2
418 2
417 1
416 1
415 1
414 1
413 1
