407 26
406 27
405 28
404 28
404 29
404 30
404 31
405 32
404 33
403 34
402 35
401 36
401 37
401 38
401 39
401 40
401 41
401 42
401 43
401 44
401 45
401 46
401 47
401 48
401 49
401 50
402 51
402 52
402 53
402 54
403 55
403 56
404 57
404 58
404 59
404 60
404 61
403 62
403 63
403 64
403 65
403 66
403 67
403 68
403 69
403 70
403 71
403 72
403 73
403 74
402 75
402 76
401 77
401 78
401 79
401 80
400 81
400 82
399 83
399 84
399 85
399 86
399 87
399 88
398 89
398 90
398 91
398 92
398 93
398 94
398 95
398 96
397 97
397 98
397 99
397 100
396 101
395 101
394 101
393 102
392 102
391 103
390 103
389 103
388 104
387 105
386 106
385 107
384 108
383 108
382 108
381 109
380 110
379 110
378 110
377 110
376 110
375 109
374 109
373 109
372 109
371 110
370 111
369 110
369 109
368 109
367 109
366 109
365 109
364 109
363 110
362 110
361 110
360 111
359 111
358 111
357 111
356 111
355 111
355 112
354 113
353 113
352 113
351 113
350 113
350 114
350 115
349 116
348 117
347 116
346 116
345 116
344 116
343 116
342 116
342 117
341 118
340 118
339 118
338 119
337 119
336 119
335 119
334 120
333 121
332 121
331 122
330 123
329 123
328 124
327 124
326 125
325 126
324 127
324 128
323 129
322 129
321 130
320 130
319 130
319 131
318 132
317 132
316 132
316 133
315 134
314 134
313 134
313 135
312 136
311 136
310 136
309 137
308 138
307 138
306 139
305 139
304 140
303 140
302 140
301 140
300 140
299 141
298 141
297 142
296 142
295 143
294 143
293 143
292 143
291 143
290 144
289 144
288 144
287 144
286 144
285 144
284 144
283 144
282 144
281 144
280 144
279 144
278 145
277 146
276 146
275 147
274 147
273 147
272 148
271 148
270 148
269 149
268 150
267 150
266 150
265 151
264 151
263 151
262 152
261 153
260 154
259 154
258 154
257 155
256 156
255 157
254 157
253 158
252 159
251 160
251 161
250 162
249 162
248 162
247 163
246 164
245 164
244 165
243 166
242 166
242 167
241 168
240 168
239 169
239 170
238 171
237 172
236 172
236 173
235 174
234 175
233 176
233 177
232 178
231 178
231 179
230 180
229 181
228 181
227 181
226 181
225 181
224 181
223 181
222 182
221 182
220 182
219 182
218 182
217 182
216 183
215 183
214 183
213 184
212 184
211 184
210 184
209 184
208 185
207 185
206 185
205 186
204 186
203 186
202 187
201 187
200 187
199 187
198 187
197 187
196 188
195 188
194 189
193 189
192 189
191 189
190 190
189 190
188 190
187 190
186 191
185 191
184 191
183 191
182 192
181 192
180 192
179 193
178 193
177 193
176 194
175 194
174 194
173 194
172 194
171 194
170 194
169 194
168 194
167 194
166 194
165 194
164 194
163 194
162 194
161 194
160 194
159 194
158 194
157 194
156 194
155 194
154 194
153 194
152 194
151 195
150 195
149 194
148 194
147 194
146 194
145 195
144 195
143 195
142 195
141 195
140 195
139 196
138 196
137 196
136 196
135 196
134 196
133 197
132 197
131 197
130 198
129 198
128 198
127 198
126 198
125 198
124 199
123 199
122 199
121 199
120 199
119 199
118 199
117 199
116 199
115 200
114 200
113 200
112 200
111 200
110 200
109 200
108 200
107 200
106 200
105 200
104 200
103 200
102 200
101 200
100 200
99 200
98 200
97 200
96 200
95 200
94 200
93 200
92 200
91 200
90 200
89 200
88 201
87 201
86 201
85 201
84 201
83 200
82 200
81 200
80 200
79 200
78 199
77 199
76 199
75 199
74 199
73 199
72 198
71 198
70 198
69 197
68 197
67 197
66 197
65 197
64 196
63 196
62 196
61 196
60 196
59 195
58 195
57 195
56 194
55 193
54 193
53 192
52 192
51 191
51 190
50 189
49 188
48 188
47 187
47 186
46 186
45 185
44 184
43 183
42 183
41 183
40 182
39 182
38 182
37 182
36 182
35 182
34 183
34 184
34 185
34 186
34 187
34 188
34 189
34 190
33 191
33 192
33 193
33 194
33 195
33 196
33 197
33 198
34 199
34 200
34 201
35 202
35 203
35 204
35 205
36 206
36 207
36 208
36 209
37 210
37 211
38 211
39 211
40 211
41 210
42 210
43 210
44 210
45 210
46 210
47 211
48 211
49 212
50 213
51 214
52 215
53 216
54 217
55 217
56 218
57 218
58 219
59 219
60 219
61 219
62 219
63 219
64 219
65 219
66 219
67 219
68 219
69 218
70 218
71 218
72 218
73 218
74 218
75 218
76 218
77 217
78 217
79 217
80 218
81 218
82 218
83 218
84 218
85 218
86 218
87 218
88 218
89 218
90 217
91 217
92 217
93 217
94 217
95 217
96 217
97 217
98 217
99 217
100 217
101 217
102 217
103 217
104 217
105 217
106 217
107 217
108 217
109 217
110 217
111 217
112 217
113 218
114 218
115 218
116 218
117 217
118 217
119 218
120 218
121 218
122 218
123 218
124 218
125 218
126 219
127 219
128 219
129 219
130 219
131 219
132 219
133 219
134 219
135 220
136 220
137 220
138 220
139 220
140 220
141 220
142 220
143 221
144 221
145 221
146 221
147 220
148 220
149 220
150 221
151 221
152 221
153 221
154 220
155 220
156 220
157 220
158 220
159 220
160 220
161 220
162 220
163 220
164 220
165 220
166 220
167 220
168 220
169 220
170 220
171 220
172 220
173 220
174 220
175 221
176 221
177 221
178 221
179 221
180 221
181 221
182 221
183 221
184 221
185 221
186 221
187 221
188 221
189 221
190 221
191 221
192 222
193 222
194 222
195 222
196 222
197 222
198 222
199 222
200 222
201 222
202 223
201 224
200 224
199 224
198 224
197 224
196 225
195 225
194 225
193 225
192 225
191 225
190 225
189 226
188 226
187 226
186 226
185 226
184 226
183 226
182 227
181 228
180 228
179 228
178 228
177 228
176 228
175 228
174 228
173 228
172 228
171 228
170 229
169 229
168 229
167 229
166 229
165 228
164 228
163 228
162 228
162 229
161 230
160 230
159 230
158 229
157 229
156 229
155 229
154 230
153 231
152 231
151 231
150 231
149 231
148 231
147 231
146 231
145 231
144 232
143 232
142 232
141 232
140 233
139 233
138 233
137 234
136 234
135 234
134 235
133 235
132 235
131 235
130 235
129 236
128 236
127 236
126 237
125 237
124 237
123 238
122 238
121 238
120 238
119 238
118 238
117 238
116 239
115 239
114 239
113 239
112 240
111 240
110 240
109 240
108 240
107 240
106 241
105 240
104 240
103 240
102 240
101 240
100 240
99 240
98 241
97 241
96 240
95 240
94 240
93 240
92 240
91 240
90 240
89 240
88 240
87 240
86 240
85 240
84 239
83 239
82 239
81 239
80 239
79 239
78 239
77 239
76 239
75 239
74 239
73 239
72 239
71 239
70 239
69 239
68 239
67 238
66 238
65 237
64 237
63 236
62 235
62 234
61 234
60 233
59 233
58 232
58 231
57 231
56 230
55 230
54 230
53 230
52 230
51 229
50 228
49 228
48 228
47 228
46 227
45 227
44 227
43 227
42 227
41 227
41 228
41 229
41 230
42 231
42 232
42 233
42 234
42 235
42 236
42 237
43 238
43 239
43 240
43 241
43 242
44 243
44 244
45 245
45 246
45 247
45 248
46 249
46 250
46 251
46 252
47 252
48 253
49 254
50 254
51 254
52 254
53 254
54 254
55 254
56 254
57 254
58 254
59 253
60 254
61 254
62 255
62 256
63 257
63 258
64 258
65 258
66 259
67 259
68 259
69 260
70 260
71 260
72 260
73 260
74 260
75 260
76 260
77 259
78 259
79 259
80 259
81 259
82 259
83 259
84 259
85 258
86 258
87 258
88 258
89 258
90 258
91 257
92 257
93 257
94 256
95 256
96 255
97 255
98 255
99 255
100 255
101 255
102 255
103 255
104 254
105 254
106 254
107 254
108 254
109 254
110 254
111 254
112 254
113 253
114 253
115 253
116 253
117 253
118 253
119 253
120 253
121 253
122 253
123 253
124 253
125 253
126 253
127 253
128 253
129 253
130 253
131 254
132 254
133 254
134 254
135 254
136 254
137 254
138 254
139 254
140 254
141 255
142 255
143 255
144 255
145 254
146 255
147 255
148 255
149 255
150 254
151 254
152 254
153 254
154 254
155 254
156 253
157 253
158 253
159 253
160 253
161 253
162 253
163 253
164 253
165 252
166 253
167 253
168 253
169 253
170 252
171 253
171 254
172 254
173 254
174 254
175 254
176 254
177 254
178 254
179 254
180 254
181 254
182 254
183 254
184 254
185 255
186 255
187 255
188 255
189 255
190 255
191 255
192 255
193 255
194 255
195 255
196 255
197 255
198 255
199 256
200 256
201 256
202 256
203 256
204 256
205 256
206 256
207 256
208 256
209 257
210 257
211 257
212 257
213 257
214 257
215 257
216 258
216 259
216 260
216 261
216 262
216 263
216 264
216 265
216 266
216 267
216 268
215 269
215 270
214 271
214 272
214 273
214 274
214 275
214 276
214 277
214 278
214 279
214 280
213 281
213 282
213 283
212 284
212 285
212 286
212 287
212 288
212 289
211 290
211 291
211 292
211 293
212 294
211 295
211 296
211 297
211 298
211 299
211 300
211 301
211 302
211 303
211 304
211 305
211 306
211 307
211 308
212 309
212 310
212 311
213 312
213 313
213 314
213 315
213 316
213 317
213 318
213 319
213 320
213 321
213 322
213 323
214 324
214 325
214 326
215 327
216 328
217 329
217 330
218 330
219 331
219 332
219 333
220 334
220 335
220 336
221 337
221 338
222 339
222 340
222 341
223 342
223 343
224 344
225 345
225 346
226 347
226 348
227 349
227 350
226 351
225 351
224 352
223 353
222 354
221 354
220 355
219 355
218 356
217 357
216 358
215 359
214 360
214 361
213 362
212 362
211 363
211 364
210 365
209 366
208 367
207 368
206 369
205 370
204 371
203 372
202 373
201 374
200 374
199 375
198 376
197 377
196 377
195 378
194 378
193 379
192 380
192 381
191 382
190 383
189 383
188 384
188 385
187 386
187 387
186 388
185 388
184 388
183 388
182 389
181 390
180 390
179 391
178 392
177 392
176 393
175 393
174 394
173 395
172 395
171 396
170 396
169 396
168 397
167 397
166 397
165 398
164 398
163 398
162 398
161 399
160 399
159 399
158 399
157 399
156 399
155 399
154 400
153 400
152 400
151 400
150 400
149 400
148 400
147 400
146 400
145 400
144 400
143 400
142 400
141 400
140 400
139 400
138 400
137 399
136 399
135 399
134 399
133 398
132 398
131 398
130 398
129 398
128 398
127 397
126 397
125 397
124 397
123 397
122 396
121 396
120 396
119 396
118 396
117 395
116 395
115 395
114 395
113 395
112 394
111 394
110 394
109 393
108 393
107 393
106 393
105 392
104 392
103 391
102 391
101 391
100 391
99 390
98 390
97 390
96 389
95 389
94 389
93 388
92 388
91 388
90 387
89 386
88 386
87 386
86 385
85 384
84 384
83 384
82 383
81 382
80 382
79 382
78 382
77 383
76 382
75 382
74 382
73 382
72 381
71 380
70 380
69 379
68 379
67 379
66 378
66 377
65 376
64 376
63 375
63 374
62 374
61 374
60 374
59 373
58 373
57 373
56 372
56 371
55 371
54 371
53 371
52 371
52 372
52 373
52 374
51 375
51 376
50 377
50 378
50 379
50 380
50 381
50 382
50 383
50 384
50 385
50 386
50 387
50 388
50 389
50 390
50 391
50 392
50 393
50 394
50 395
51 395
52 396
53 396
54 397
55 397
56 397
57 398
58 398
59 398
60 398
61 397
62 397
63 397
64 397
65 397
66 397
67 398
68 399
69 400
69 401
70 402
71 403
72 403
73 403
74 404
75 404
76 404
77 404
78 405
79 405
80 405
81 405
82 405
83 405
84 405
85 405
86 405
87 405
88 406
89 406
90 406
91 406
92 406
93 406
94 406
95 407
96 407
97 407
98 407
99 407
100 408
101 408
102 408
103 409
104 409
105 409
106 409
107 410
108 410
109 410
110 410
111 411
112 411
113 411
114 412
115 412
116 412
117 412
118 413
119 413
120 413
121 413
122 414
123 414
124 414
125 415
126 415
127 415
128 416
129 416
130 417
131 417
132 417
133 418
134 418
135 418
136 419
137 420
138 420
139 421
140 421
141 422
142 423
143 423
144 424
144 425
144 426
143 427
142 427
141 428
140 428
139 429
138 429
137 430
136 431
135 431
134 431
133 432
132 433
131 434
130 434
129 435
128 435
127 436
126 436
125 436
124 437
124 438
123 439
122 439
121 439
120 439
119 440
118 440
117 441
116 441
115 442
114 442
113 442
112 442
111 442
110 442
109 443
108 443
107 443
106 443
105 444
104 444
103 444
102 444
101 444
100 444
99 444
98 444
97 444
96 444
95 444
94 445
93 445
92 445
91 445
90 445
89 445
88 445
87 445
86 445
85 445
84 445
83 445
82 445
81 446
80 446
79 446
78 445
77 445
76 445
75 445
74 446
73 446
72 446
71 446
70 446
69 446
68 446
67 446
66 446
65 446
64 446
63 446
62 446
61 446
60 446
59 446
58 446
57 446
56 447
55 447
54 447
53 447
52 447
51 447
50 447
49 447
48 446
47 446
46 445
45 445
44 444
43 443
42 443
41 442
40 442
39 441
38 441
37 440
36 440
35 440
34 439
33 439
32 439
31 439
30 439
29 440
28 440
28 441
28 442
28 443
28 444
28 445
28 446
28 447
28 448
28 449
28 450
28 451
29 452
29 453
29 454
29 455
29 456
29 457
30 458
30 459
30 460
31 461
31 462
31 463
32 464
33 465
34 466
35 466
36 466
37 466
38 466
39 466
40 465
41 465
42 464
43 464
44 464
45 463
46 463
47 464
48 464
49 464
50 465
51 466
52 466
53 466
54 466
55 466
56 467
56 468
57 468
58 468
59 468
60 468
61 469
62 469
63 469
64 469
65 468
66 468
67 467
68 467
69 467
70 467
71 466
72 466
73 466
74 466
75 466
76 465
77 465
78 465
79 465
80 464
81 464
82 464
83 464
84 463
85 463
86 463
87 463
88 463
89 463
90 462
91 462
92 462
93 461
94 461
95 461
96 461
97 461
98 460
99 460
100 460
101 460
102 460
103 459
104 459
105 459
106 459
107 459
108 458
109 458
110 458
111 458
112 458
113 458
114 458
115 458
116 458
117 458
118 458
119 458
120 458
121 458
122 458
123 457
124 457
125 457
126 457
127 457
128 457
129 457
130 457
131 457
132 457
133 457
134 457
135 457
136 457
137 457
138 457
139 457
140 457
141 457
142 457
143 457
144 456
145 456
146 456
147 456
148 456
149 456
150 456
151 456
152 456
153 456
154 455
155 456
156 456
157 456
158 456
159 455
160 455
161 455
162 454
163 453
164 452
165 452
166 451
166 450
167 449
168 448
169 448
170 448
170 447
171 446
172 445
172 444
173 443
173 442
174 441
175 441
176 440
177 439
178 439
179 438
180 437
181 436
182 436
183 435
184 434
185 434
186 433
187 433
187 432
188 431
189 431
190 430
191 429
192 429
193 428
194 428
195 427
196 427
197 427
198 426
199 425
200 424
201 424
202 424
203 424
204 423
205 423
206 423
207 424
208 424
209 424
210 424
211 425
212 426
213 426
214 426
215 427
216 428
217 428
218 428
219 429
220 430
220 431
221 431
222 431
223 432
224 432
225 433
226 434
227 435
228 435
229 435
230 436
231 436
232 436
233 437
234 438
235 438
236 439
236 440
237 440
238 440
239 441
240 441
241 442
242 442
243 442
244 443
245 444
246 444
247 444
248 445
249 446
250 446
251 446
252 447
253 448
254 448
255 448
256 449
257 449
258 449
259 450
260 450
261 451
262 451
263 452
264 452
265 453
265 454
264 455
263 456
262 456
261 456
260 456
259 456
258 456
257 456
256 457
255 458
255 459
255 460
255 461
255 462
256 463
257 464
258 464
259 464
260 464
261 464
262 464
263 464
264 464
265 464
266 464
267 464
268 464
269 464
270 464
271 464
272 464
273 464
274 464
275 464
276 464
277 463
278 463
279 463
280 463
281 463
282 463
283 462
284 462
285 462
286 462
287 462
288 462
289 462
290 462
291 462
292 461
293 461
294 461
295 461
296 460
297 460
298 460
299 459
300 459
301 459
302 459
303 458
304 458
305 458
305 457
306 456
307 456
308 456
309 455
310 455
311 454
312 453
313 453
314 453
315 453
316 452
317 451
318 451
318 450
319 449
320 448
320 447
321 446
322 445
323 444
323 443
323 442
324 441
325 441
326 440
326 439
326 438
327 437
328 436
329 435
330 434
330 433
331 432
331 431
332 430
332 429
332 428
333 427
333 426
334 425
335 424
336 424
336 423
336 422
337 421
338 420
338 419
338 418
339 417
340 417
340 416
340 415
340 414
341 413
342 413
343 412
343 411
343 410
344 409
344 408
345 407
346 407
346 406
347 405
348 404
348 403
348 402
349 401
350 401
350 400
351 399
351 398
351 397
351 396
352 395
353 394
353 393
354 392
355 391
355 390
355 389
355 388
355 387
356 386
356 385
356 384
356 383
357 382
357 381
357 380
357 379
358 378
358 377
358 376
358 375
358 374
358 373
358 372
358 371
358 370
358 369
358 368
358 367
359 366
359 365
359 364
359 363
359 362
359 361
359 360
359 359
359 358
359 357
359 356
358 355
359 354
359 353
359 352
359 351
359 350
359 349
359 348
359 347
359 346
359 345
359 344
359 343
359 342
359 341
359 340
359 339
359 338
359 337
359 336
359 335
359 334
359 333
359 332
359 331
359 330
359 329
359 328
358 327
358 326
358 325
359 324
359 323
359 322
359 321
358 320
359 319
359 318
359 317
359 316
359 315
359 314
359 313
359 312
359 311
360 310
360 309
360 308
360 307
360 306
360 305
360 304
360 303
361 302
361 301
361 300
361 299
362 298
362 297
362 296
362 295
362 294
363 293
363 292
363 291
363 290
363 289
363 288
363 287
364 286
364 285
364 284
364 283
364 282
365 281
365 280
365 279
366 278
366 277
366 276
366 275
367 274
367 273
367 272
368 271
368 270
369 269
369 268
370 267
370 266
370 265
370 264
371 263
371 262
372 261
372 260
373 259
373 258
374 257
374 256
375 255
375 254
376 253
376 252
377 251
378 250
378 249
378 248
379 247
380 246
380 245
381 244
381 243
382 242
382 241
382 240
383 239
383 238
384 237
384 236
385 235
385 234
386 233
386 232
386 231
387 230
387 229
388 228
388 227
388 226
389 225
389 224
389 223
389 222
390 221
390 220
390 219
390 218
390 217
390 216
390 215
391 214
391 213
391 212
391 211
392 210
392 209
392 208
392 207
392 206
392 205
393 204
393 203
393 202
393 201
393 200
393 199
393 198
393 197
392 196
393 195
393 194
393 193
393 192
393 191
393 190
394 189
395 189
395 188
396 187
397 187
397 186
397 185
398 184
399 184
400 184
401 184
401 183
402 182
402 181
402 180
403 179
404 179
405 180
406 180
407 180
408 180
409 179
410 179
411 178
412 177
413 176
414 176
415 175
416 175
417 175
418 175
419 175
420 175
421 175
422 175
422 174
422 173
423 172
424 172
425 173
426 173
427 173
428 173
429 172
430 172
431 172
431 171
432 170
433 170
434 170
435 170
436 170
437 169
437 168
438 167
439 166
440 166
441 165
442 164
443 164
444 163
445 163
446 162
447 161
448 160
448 159
449 158
450 158
451 158
452 158
452 157
453 156
454 156
455 155
456 155
456 154
456 153
456 152
457 151
458 151
458 150
459 149
460 149
461 149
461 148
462 147
463 146
464 145
465 145
466 145
467 146
468 147
469 147
470 147
471 148
472 148
473 149
474 149
475 150
476 150
477 150
478 151
479 151
480 152
481 153
482 153
483 154
484 155
485 156
486 156
487 157
488 158
489 159
490 160
490 161
490 162
491 163
492 164
493 165
494 165
495 165
496 166
497 167
498 168
499 169
500 170
501 171
502 172
503 173
504 174
505 175
506 175
507 176
508 177
509 177
510 178
511 179
512 180
513 181
514 181
515 181
516 182
517 183
518 184
519 184
520 185
521 186
522 187
523 188
524 189
525 189
526 190
527 191
528 192
529 192
530 193
531 194
532 194
533 194
534 194
535 194
536 193
537 192
537 191
537 190
537 189
538 188
539 187
539 186
539 185
539 184
539 183
538 182
537 181
536 180
535 179
534 178
533 177
532 177
531 176
530 175
529 174
530 173
531 173
532 173
533 173
534 173
535 173
536 173
537 173
538 173
539 173
540 173
541 173
542 173
543 173
544 173
545 173
546 173
547 173
548 172
549 171
549 170
549 169
549 168
549 167
548 166
547 165
546 165
545 165
544 165
543 165
542 165
541 165
540 165
539 165
538 164
537 164
536 164
535 164
534 164
533 164
532 163
531 163
530 163
529 163
528 163
527 163
526 163
525 163
524 163
523 163
522 163
521 163
520 163
519 163
518 162
517 162
516 161
517 160
517 159
517 158
517 157
518 156
519 156
520 156
521 155
522 154
523 154
524 154
525 154
526 154
527 154
528 154
529 153
530 152
531 152
532 152
533 152
534 151
535 150
536 150
537 150
538 149
539 148
539 147
539 146
539 145
539 144
538 143
537 142
536 142
535 142
534 142
533 142
532 142
531 142
530 142
529 142
528 143
527 143
526 144
525 144
524 144
523 144
522 144
521 145
520 145
519 145
518 146
517 147
516 148
515 148
514 148
513 147
512 147
511 147
510 146
511 145
512 145
513 145
514 144
514 143
515 142
516 142
517 141
518 141
519 141
520 141
521 140
521 139
521 138
522 137
523 137
524 137
525 137
526 137
527 137
528 137
529 138
530 138
531 138
532 138
533 138
534 139
535 139
536 139
537 139
538 139
539 140
540 140
541 140
542 140
543 140
544 140
545 140
546 140
547 139
548 138
548 137
548 136
548 135
548 134
547 133
546 132
545 132
544 132
543 132
542 131
541 131
540 131
539 131
538 131
537 130
536 130
535 130
534 129
535 128
536 128
537 128
538 127
539 126
540 125
540 124
541 123
542 123
543 123
544 123
545 122
546 121
546 120
546 119
546 118
546 117
545 116
544 115
543 115
542 115
541 115
540 115
539 116
538 116
537 116
536 116
535 117
534 118
533 119
532 119
531 119
530 120
529 121
528 121
527 121
526 122
525 122
524 122
523 122
522 122
521 122
520 123
519 123
518 123
517 123
516 124
515 124
514 124
513 124
512 125
511 124
511 123
510 123
509 123
508 122
509 121
510 121
511 120
512 120
513 120
514 120
515 119
516 119
517 118
518 118
519 118
520 118
521 117
522 117
523 117
524 116
525 116
526 116
527 115
528 115
529 114
530 113
531 113
532 112
533 111
534 110
534 109
534 108
534 107
534 106
533 105
532 104
531 104
530 104
529 104
528 104
527 104
526 105
525 106
524 106
523 107
522 108
521 108
520 108
519 109
518 109
517 109
516 110
515 110
514 110
513 110
512 111
511 111
510 112
509 112
508 112
507 112
506 113
505 113
504 113
503 114
502 114
501 115
500 114
499 113
498 112
497 112
496 111
495 111
494 111
493 110
492 110
491 110
490 109
489 108
488 108
487 107
486 107
485 106
484 105
483 104
482 104
481 104
480 104
479 103
478 102
477 101
477 100
478 99
479 98
480 97
481 97
482 97
483 97
484 97
485 97
486 97
487 96
488 95
489 95
490 95
491 94
492 94
493 94
494 94
495 94
496 93
497 92
498 91
499 91
500 91
500 90
501 89
502 89
503 88
504 88
504 87
505 86
506 86
507 85
508 84
508 83
508 82
508 81
508 80
507 80
506 79
505 78
504 78
503 77
502 77
501 77
500 77
499 77
498 77
497 77
496 77
495 76
494 76
493 76
492 76
491 76
490 76
489 76
488 76
487 76
486 76
485 76
484 77
483 77
482 77
481 77
480 78
479 78
478 79
477 80
476 80
475 81
474 81
473 82
472 82
471 82
470 81
470 80
469 80
468 80
467 79
466 79
465 78
464 78
463 77
462 76
461 75
461 74
460 73
460 72
459 71
458 70
458 69
457 68
456 68
455 67
455 66
454 66
453 65
452 64
451 63
450 62
449 62
448 61
447 60
447 59
446 59
445 58
445 57
445 56
445 55
444 54
443 53
443 52
442 51
442 50
441 49
440 48
439 47
438 46
437 45
437 44
436 43
435 42
434 41
433 41
432 40
432 39
431 38
430 37
430 36
429 35
428 34
427 33
427 32
426 32
425 31
424 31
423 30
422 30
421 30
420 29
419 29
418 28
417 27
416 27
415 27
414 26
413 26
412 26
411 26
410 26
409 26
408 26
