259 57
258 58
257 59
257 60
257 61
256 62
255 62
254 63
253 63
252 63
251 63
250 64
249 65
248 66
248 67
248 68
248 69
248 70
249 71
250 72
251 73
251 74
251 75
251 76
251 77
251 78
251 79
251 80
250 81
250 82
250 83
250 84
250 85
250 86
249 87
249 88
249 89
249 90
248 91
248 92
248 93
248 94
247 95
247 96
247 97
246 98
246 99
246 100
246 101
246 102
245 103
244 104
244 105
243 106
242 107
242 108
242 109
241 110
240 111
239 112
238 113
237 114
237 115
236 116
236 117
235 118
234 117
234 116
234 115
234 114
234 113
234 112
234 111
234 110
234 109
234 108
234 107
234 106
233 105
233 104
233 103
233 102
233 101
232 100
232 99
231 98
231 97
231 96
230 95
230 94
229 93
228 92
227 91
226 91
225 91
224 91
223 91
222 92
221 93
220 94
220 95
220 96
220 97
220 98
221 99
221 100
222 101
222 102
221 103
220 103
219 103
218 102
217 102
216 102
215 102
214 102
213 103
212 104
211 105
211 106
211 107
211 108
211 109
212 110
213 111
214 112
214 113
214 114
214 115
214 116
214 117
214 118
214 119
214 120
214 121
213 122
213 123
213 124
213 125
213 126
213 127
213 128
212 129
211 130
211 131
211 132
211 133
210 134
209 135
208 136
207 137
207 138
207 139
207 140
206 141
205 142
205 143
204 144
204 145
204 146
203 147
202 148
201 148
200 149
199 150
198 151
197 152
196 153
196 154
196 155
195 156
194 156
193 156
192 157
191 158
190 159
190 160
189 161
188 161
187 162
186 162
185 163
184 164
183 165
182 165
181 165
180 166
179 166
178 165
177 165
176 164
175 164
174 163
173 162
172 161
171 160
170 159
170 158
169 157
168 156
167 155
167 154
166 153
166 152
166 151
166 150
166 149
166 148
167 147
167 146
167 145
167 144
167 143
168 142
168 141
169 140
169 139
170 138
170 137
170 136
170 135
170 134
169 133
168 132
167 131
166 131
165 131
164 131
163 131
162 132
161 133
160 134
160 135
159 136
158 135
158 134
157 133
156 132
155 131
154 131
153 131
152 131
151 131
150 132
149 133
148 134
148 135
147 136
147 137
147 138
146 139
146 140
146 141
146 142
146 143
146 144
146 145
146 146
146 147
146 148
146 149
146 150
146 151
146 152
146 153
146 154
146 155
146 156
147 157
147 158
148 159
148 160
148 161
149 162
149 163
150 164
150 165
151 166
152 167
152 168
153 169
154 170
155 171
156 172
156 173
156 174
156 175
156 176
156 177
156 178
157 179
156 180
156 181
156 182
156 183
156 184
155 185
155 186
155 187
155 188
155 189
154 190
154 191
154 192
153 193
152 194
151 195
150 195
149 195
148 195
147 195
146 195
145 195
144 195
143 195
142 195
141 195
140 195
139 195
138 195
137 195
136 195
135 194
134 194
133 194
132 194
131 193
130 193
129 193
128 193
127 193
126 193
125 193
124 193
123 193
122 193
121 193
120 193
119 193
118 193
117 193
116 194
115 194
114 194
113 194
112 194
111 195
110 195
109 195
108 195
107 195
106 196
105 196
104 196
103 196
102 197
101 197
100 198
99 198
98 199
97 199
96 200
95 201
94 202
93 202
92 203
91 204
90 205
89 206
88 206
87 207
86 208
85 209
84 210
83 211
83 212
82 213
81 214
80 215
79 216
78 217
77 218
76 219
75 219
75 220
74 221
73 222
72 222
71 223
70 224
69 225
68 226
67 226
67 227
66 228
65 228
64 229
63 230
62 231
61 232
60 233
59 234
58 234
57 235
56 236
55 237
54 237
53 238
52 239
51 240
50 241
49 242
48 242
47 243
46 243
45 244
44 245
43 246
42 247
41 247
40 248
39 249
38 250
37 251
36 252
35 253
34 253
33 254
33 255
32 256
31 256
30 257
29 258
28 258
27 259
26 260
25 261
24 261
23 262
22 262
21 263
20 263
20 264
19 265
18 265
17 265
16 266
16 267
15 268
14 268
13 268
13 269
12 270
11 271
10 272
9 273
8 273
7 274
7 275
6 276
5 276
4 277
4 278
3 279
2 280
2 281
1 282
1 283
1 284
1 285
1 286
1 287
2 288
2 289
2 290
3 291
4 292
5 293
6 294
7 295
7 296
8 297
8 298
9 299
10 299
11 300
12 301
12 302
13 302
14 302
15 303
16 303
17 303
18 303
19 304
20 304
21 304
22 305
23 305
24 306
25 306
26 306
27 306
28 307
29 307
30 307
31 307
32 307
33 307
34 307
35 307
36 307
37 307
38 306
39 306
40 305
41 305
41 304
42 303
43 303
44 302
45 301
46 301
47 301
48 301
49 301
50 301
51 301
52 301
53 302
54 302
55 302
56 302
57 302
58 302
59 302
60 302
61 303
62 303
63 303
64 303
65 303
66 303
67 303
68 303
69 303
70 303
71 304
72 304
73 304
74 304
75 304
76 304
77 304
78 304
79 304
80 304
81 304
82 304
83 304
84 304
85 305
86 305
87 305
88 305
89 305
90 305
91 305
92 304
93 304
94 304
95 305
95 306
96 306
97 306
98 306
99 307
100 307
101 308
102 308
103 309
104 309
105 310
106 311
107 312
108 313
108 314
109 315
109 316
110 317
111 317
112 318
113 319
113 320
113 321
114 322
114 323
115 324
115 325
116 325
117 326
117 327
118 328
118 329
119 329
120 330
120 331
121 332
121 333
122 334
122 335
123 335
124 336
124 337
125 338
126 339
126 340
127 341
127 342
128 343
129 344
129 345
130 345
131 346
131 347
132 348
133 348
134 349
134 350
134 351
135 352
136 353
136 354
137 355
138 356
139 357
140 358
140 359
141 360
142 361
142 362
143 363
144 364
145 365
146 366
147 367
148 368
148 369
149 370
150 371
151 372
152 373
153 374
153 375
154 375
155 376
155 377
156 378
157 378
158 379
158 380
159 380
160 381
160 382
161 382
162 383
162 384
163 384
164 385
164 386
165 387
166 387
167 388
168 389
169 389
170 390
171 391
172 391
173 392
173 393
174 394
175 395
176 396
177 396
178 397
179 398
180 398
181 399
182 400
183 401
184 402
185 403
186 404
187 404
188 405
189 406
190 407
191 408
192 408
193 409
193 410
194 410
195 411
196 411
197 412
198 413
198 414
199 414
200 415
201 416
202 417
203 418
204 419
205 420
206 421
207 421
208 422
208 423
209 424
210 425
211 426
212 427
212 428
213 429
214 430
215 430
216 431
216 432
216 433
216 434
216 435
217 436
217 437
217 438
217 439
218 440
218 441
219 442
219 443
220 444
221 445
221 446
222 447
222 448
223 449
224 450
224 451
225 452
226 453
227 454
227 455
227 456
228 456
229 457
230 458
231 459
231 460
232 460
233 461
234 461
235 462
235 463
236 463
237 464
238 464
239 465
240 466
241 466
242 467
243 468
244 468
245 468
246 468
247 469
248 469
249 469
250 469
251 469
252 469
253 470
254 471
255 471
256 472
257 473
257 474
257 475
257 476
257 477
258 478
259 479
259 480
259 481
260 482
261 483
261 484
261 485
262 486
262 487
263 488
263 489
264 490
264 491
264 492
265 493
265 494
265 495
266 496
266 497
266 498
266 499
266 500
267 501
268 502
268 503
268 504
269 505
270 506
270 507
269 508
269 509
269 510
269 511
270 512
270 513
270 514
270 515
270 516
270 517
270 518
271 519
271 520
271 521
271 522
271 523
271 524
271 525
271 526
271 527
271 528
272 529
272 530
272 531
272 532
272 533
272 534
272 535
273 536
273 537
273 538
274 538
275 538
276 538
277 537
278 538
278 539
277 540
276 540
276 541
276 542
276 543
276 544
276 545
276 546
276 547
277 548
277 549
278 550
278 551
278 552
278 553
278 554
279 555
280 556
280 557
280 558
280 559
281 560
281 561
282 562
282 563
282 564
283 565
283 566
283 567
283 568
284 569
284 570
285 571
285 572
286 573
286 574
286 575
287 576
287 577
287 578
287 579
287 580
287 581
287 582
287 583
287 584
287 585
287 586
287 587
287 588
287 589
287 590
288 591
287 592
287 593
287 594
287 595
287 596
287 597
287 598
287 599
287 600
287 601
287 602
287 603
287 604
287 605
287 606
287 607
287 608
287 609
287 610
287 611
287 612
288 613
288 614
287 615
287 616
287 617
287 618
287 619
287 620
287 621
287 622
287 623
287 624
287 625
287 626
287 627
286 628
286 629
286 630
286 631
285 632
285 633
285 634
284 635
284 636
284 637
284 638
283 639
283 640
283 641
283 642
283 643
283 644
283 645
282 646
282 647
282 648
282 649
282 650
282 651
282 652
281 653
281 654
281 655
281 656
280 657
279 658
279 659
279 660
278 661
277 662
277 663
276 664
276 665
275 666
275 667
275 668
274 669
274 670
274 671
273 672
272 673
272 674
271 675
271 676
271 677
270 678
269 679
268 680
267 681
267 682
266 683
265 684
265 685
265 686
265 687
266 687
267 687
268 687
269 687
270 687
271 688
272 688
273 688
274 688
275 688
276 688
277 688
278 689
279 689
280 689
281 689
282 689
283 689
284 689
285 689
286 690
285 691
284 692
284 693
284 694
284 695
285 695
286 696
287 697
287 698
288 698
289 698
290 698
291 698
292 698
293 698
294 698
295 698
296 698
297 698
298 698
299 698
300 698
301 698
302 698
303 698
304 698
305 698
306 698
307 698
308 698
309 698
310 698
311 697
312 697
313 697
314 697
315 697
316 697
317 696
318 696
319 695
320 695
321 695
322 694
323 694
324 694
325 694
326 693
327 693
328 692
329 692
330 691
330 690
330 689
330 688
330 687
330 686
329 685
329 684
328 683
327 682
327 681
326 680
325 679
324 678
324 677
323 676
323 675
323 674
323 673
323 672
324 671
325 671
326 671
327 671
328 670
329 669
330 668
331 668
331 667
331 666
331 665
331 664
331 663
332 662
332 661
332 660
332 659
333 658
333 657
333 656
333 655
333 654
333 653
333 652
333 651
333 650
333 649
333 648
333 647
333 646
332 645
332 644
332 643
332 642
332 641
332 640
331 639
331 638
331 637
331 636
330 635
330 634
330 633
330 632
330 631
329 630
329 629
329 628
329 627
329 626
329 625
328 624
328 623
328 622
328 621
328 620
327 619
327 618
327 617
327 616
327 615
327 614
326 613
326 612
326 611
326 610
325 609
325 608
325 607
325 606
324 605
324 604
323 603
323 602
323 601
323 600
322 599
322 598
322 597
322 596
321 595
321 594
321 593
321 592
320 591
320 590
320 589
320 588
319 587
319 586
319 585
319 584
319 583
318 582
318 581
318 580
318 579
317 578
317 577
317 576
317 575
317 574
317 573
317 572
317 571
317 570
316 569
316 568
316 567
316 566
316 565
316 564
316 563
317 562
317 561
317 560
317 559
317 558
317 557
317 556
317 555
317 554
317 553
317 552
316 551
316 550
316 549
316 548
316 547
316 546
316 545
316 544
316 543
316 542
316 541
316 540
316 539
315 538
315 537
315 536
315 535
315 534
315 533
315 532
315 531
315 530
315 529
315 528
315 527
314 526
315 525
315 524
315 523
315 522
314 521
314 520
314 519
315 518
315 517
315 516
315 515
314 514
314 513
314 512
314 511
314 510
314 509
314 508
314 507
314 506
314 505
314 504
314 503
314 502
313 501
313 500
313 499
313 498
313 497
313 496
313 495
312 494
312 493
312 492
312 491
312 490
312 489
312 488
312 487
312 486
312 485
312 484
311 483
311 482
311 481
311 480
311 479
311 478
311 477
311 476
311 475
310 474
310 473
310 472
310 471
310 470
310 469
311 468
312 468
313 468
314 467
315 467
316 467
317 467
318 467
319 467
320 468
321 468
322 468
323 468
324 467
325 467
326 467
327 467
328 468
329 468
330 468
331 468
332 468
333 468
334 469
335 469
336 469
337 470
338 470
339 471
340 471
341 471
342 471
343 472
344 472
345 472
346 473
347 474
348 474
349 474
350 474
351 475
352 476
353 476
354 476
355 477
356 477
357 477
358 477
359 477
360 478
361 478
362 478
363 478
364 478
365 479
366 479
367 479
368 479
369 479
370 479
371 480
372 480
373 480
374 480
375 480
376 480
377 480
378 480
379 480
380 480
381 480
382 480
383 480
384 480
385 480
386 480
387 480
388 480
389 480
390 480
391 480
392 480
393 479
394 479
395 479
396 479
397 479
398 479
399 479
400 479
401 479
402 478
403 478
404 477
405 477
406 477
407 477
408 477
409 478
410 479
410 480
411 480
412 481
413 481
414 482
415 482
416 482
417 483
418 483
419 483
420 483
421 483
422 483
423 483
423 482
424 481
425 481
426 480
427 479
428 479
429 479
430 479
431 478
432 477
433 477
434 476
435 475
436 475
437 474
438 473
439 473
440 472
441 471
442 470
443 470
443 469
444 468
445 467
446 467
447 466
448 465
449 465
450 464
451 463
452 463
453 463
454 462
455 461
456 461
457 460
458 460
459 459
460 459
461 459
462 458
463 458
464 458
465 458
465 457
466 456
467 457
468 458
468 459
469 460
469 461
470 462
471 463
472 463
473 464
474 465
474 466
474 467
474 468
475 469
476 470
476 471
476 472
477 473
477 474
477 475
477 476
478 477
478 478
478 479
479 480
479 481
480 482
480 483
480 484
481 485
481 486
481 487
481 488
482 489
482 490
482 491
483 492
483 493
483 494
483 495
483 496
484 497
484 498
485 499
485 500
485 501
486 502
486 503
486 504
487 505
487 506
488 507
488 508
489 509
489 510
490 511
490 512
491 513
491 514
492 515
493 516
493 517
494 518
495 519
495 520
495 521
495 522
496 522
497 523
497 524
498 525
498 526
499 527
500 528
500 529
501 530
501 531
502 532
503 533
503 534
504 534
505 535
505 536
505 537
506 538
507 539
507 540
507 541
508 542
508 543
509 544
509 545
509 546
510 547
511 548
511 549
512 550
512 551
513 552
513 553
514 554
514 555
515 555
516 556
516 557
516 558
516 559
516 560
516 561
517 562
517 563
517 564
517 565
517 566
517 567
517 568
518 569
518 570
518 571
518 572
518 573
518 574
518 575
519 576
519 577
519 578
519 579
520 580
520 581
520 582
520 583
520 584
521 585
521 586
521 587
521 588
521 589
521 590
521 591
521 592
520 593
520 594
520 595
520 596
520 597
519 598
519 599
519 600
519 601
518 602
518 603
518 604
517 605
517 606
517 607
517 608
517 609
516 610
516 611
516 612
515 613
515 614
515 615
515 616
515 617
514 618
514 619
513 620
513 621
513 622
513 623
513 624
512 625
512 626
512 627
511 628
511 629
511 630
510 631
510 632
509 633
509 634
508 635
507 636
507 637
506 638
506 639
506 640
505 641
505 642
504 643
504 644
503 645
503 646
502 647
501 648
500 649
500 650
499 651
499 652
498 653
497 654
497 655
496 656
495 656
494 657
493 658
492 659
491 660
490 661
489 661
488 662
487 663
486 663
485 664
484 664
483 665
482 665
481 666
480 666
479 666
478 667
477 668
476 668
476 669
476 670
475 671
474 671
473 671
472 672
472 673
472 674
471 675
470 675
469 675
468 676
467 677
466 678
465 679
464 680
463 681
462 682
461 682
460 683
460 684
460 685
460 686
461 686
462 687
462 688
463 688
464 689
465 689
466 689
467 690
468 690
469 690
470 690
471 690
472 691
473 691
474 691
475 691
476 691
477 691
478 691
479 691
480 691
481 691
482 691
483 691
484 691
485 691
486 691
487 691
488 691
489 691
490 691
491 691
492 691
493 691
494 691
495 691
496 690
497 690
498 690
499 690
500 690
501 690
502 689
503 689
503 688
503 687
503 686
503 685
503 684
503 683
503 682
503 681
503 680
504 679
504 678
505 677
506 677
507 678
508 678
509 678
510 678
511 677
512 677
513 677
513 676
514 675
515 674
516 673
517 672
518 671
519 670
520 670
521 669
521 668
522 667
522 666
522 665
523 664
523 663
524 662
524 661
524 660
524 659
524 658
524 657
525 656
525 655
525 654
526 653
526 652
526 651
526 650
527 649
527 648
527 647
528 646
528 645
528 644
528 643
529 642
529 641
529 640
530 639
530 638
530 637
531 636
531 635
531 634
532 633
533 632
533 631
533 630
534 629
534 628
534 627
534 626
535 625
535 624
536 623
536 622
537 621
538 621
538 620
538 619
538 618
538 617
538 616
538 615
539 614
539 613
540 612
540 611
540 610
541 609
541 608
541 607
542 606
542 605
542 604
543 603
543 602
543 601
544 600
544 599
544 598
544 597
545 596
545 595
546 594
547 595
547 596
547 597
547 598
546 599
546 600
546 601
546 602
546 603
546 604
547 605
548 606
549 606
550 606
551 605
552 604
552 603
552 602
553 601
554 601
555 601
556 600
557 599
558 599
559 599
560 598
561 597
561 596
561 595
561 594
561 593
560 592
560 591
560 590
560 589
560 588
559 587
559 586
559 585
559 584
558 583
558 582
558 581
558 580
558 579
558 578
557 577
557 576
557 575
557 574
557 573
557 572
557 571
556 570
557 569
558 568
558 567
558 566
559 565
559 564
560 563
560 562
561 561
561 560
561 559
561 558
561 557
561 556
560 555
560 554
560 553
559 552
558 551
557 550
556 549
555 548
555 547
554 546
554 545
554 544
554 543
554 542
554 541
554 540
554 539
554 538
554 537
554 536
554 535
555 534
556 535
556 536
557 536
558 537
558 538
559 538
560 539
560 540
561 541
561 542
562 543
563 544
563 545
564 546
564 547
565 548
565 549
566 550
566 551
566 552
567 553
567 554
568 555
569 556
569 557
569 558
570 559
570 560
571 561
572 562
572 563
573 564
573 565
574 566
575 567
575 568
576 569
577 570
577 571
578 572
579 573
579 574
579 575
580 576
581 577
581 578
582 579
582 580
583 581
583 582
584 583
584 584
585 585
585 586
586 587
586 588
586 589
586 590
586 591
586 592
587 593
587 594
587 595
587 596
587 597
587 598
588 599
588 600
588 601
588 602
588 603
589 604
589 605
589 606
589 607
589 608
590 609
590 610
590 611
590 612
590 613
590 614
590 615
590 616
591 617
591 618
591 619
591 620
591 621
591 622
592 623
592 624
592 625
592 626
592 627
592 628
592 629
593 630
593 631
593 632
593 633
593 634
593 635
593 636
593 637
593 638
593 639
593 640
593 641
593 642
593 643
593 644
593 645
592 646
592 647
592 648
592 649
592 650
592 651
592 652
592 653
591 654
591 655
591 656
590 657
590 658
590 659
589 660
588 661
587 662
586 663
585 663
584 664
584 665
583 666
583 667
583 668
583 669
583 670
583 671
583 672
583 673
582 674
582 675
582 676
581 677
581 678
580 679
580 680
580 681
580 682
580 683
580 684
581 684
582 685
582 686
583 686
584 686
585 687
586 687
587 687
588 687
589 686
590 686
591 686
592 686
593 686
594 686
595 686
596 686
597 686
598 685
599 685
600 685
601 685
602 685
603 684
604 684
605 683
606 683
607 683
608 682
609 682
610 682
611 682
612 682
613 682
614 681
615 680
616 680
617 680
618 680
619 679
620 678
620 677
620 676
620 675
620 674
619 673
618 672
618 671
617 670
616 670
615 669
615 668
615 667
614 667
613 666
613 665
613 664
613 663
613 662
613 661
613 660
614 659
615 660
616 660
617 661
618 661
619 661
620 661
621 660
621 659
621 658
621 657
622 656
622 655
622 654
622 653
622 652
621 651
621 650
621 649
621 648
620 647
620 646
620 645
620 644
619 643
619 642
618 641
618 640
618 639
617 638
617 637
616 636
615 635
615 634
614 633
614 632
614 631
614 630
613 629
613 628
613 627
613 626
612 625
612 624
612 623
611 622
611 621
611 620
611 619
610 618
610 617
610 616
610 615
609 614
609 613
609 612
609 611
608 610
608 609
607 608
607 607
607 606
607 605
607 604
607 603
607 602
607 601
607 600
606 599
606 598
606 597
606 596
606 595
606 594
606 593
606 592
605 591
605 590
606 589
606 588
606 587
606 586
605 585
605 584
605 583
605 582
606 581
606 580
606 579
606 578
606 577
606 576
606 575
606 574
605 573
605 572
605 571
605 570
605 569
605 568
605 567
605 566
605 565
605 564
605 563
605 562
604 561
604 560
604 559
604 558
604 557
604 556
603 555
603 554
603 553
603 552
602 551
602 550
602 549
602 548
602 547
602 546
602 545
601 544
601 543
601 542
601 541
601 540
601 539
601 538
600 537
600 536
600 535
599 534
598 533
598 532
598 531
597 530
597 529
596 528
595 527
594 526
593 525
593 524
592 523
592 522
592 521
591 520
590 520
589 519
589 518
588 517
587 516
586 515
586 514
585 513
585 512
584 511
584 510
583 509
583 508
582 507
582 506
581 505
581 504
580 503
580 502
580 501
579 500
579 499
578 498
578 497
578 496
577 495
577 494
576 493
576 492
576 491
576 490
575 489
574 488
574 487
574 486
574 485
573 484
572 483
572 482
572 481
572 480
572 479
572 478
572 477
572 476
572 475
572 474
572 473
572 472
572 471
572 470
572 469
572 468
572 467
572 466
572 465
572 464
572 463
572 462
573 461
573 460
573 459
574 458
574 457
574 456
574 455
574 454
575 453
575 452
576 451
576 450
576 449
577 448
577 447
577 446
578 445
578 444
578 443
579 442
579 441
579 440
579 439
580 438
580 437
580 436
580 435
580 434
580 433
581 432
581 431
581 430
581 429
582 428
582 427
582 426
582 425
582 424
582 423
582 422
582 421
583 420
583 419
583 418
583 417
583 416
583 415
583 414
583 413
584 412
584 411
584 410
584 409
584 408
584 407
584 406
584 405
584 404
583 403
583 402
583 401
583 400
583 399
582 398
582 397
582 396
581 395
582 394
582 393
582 392
582 391
582 390
583 389
583 388
584 387
584 386
584 385
585 384
585 383
585 382
586 381
586 380
586 379
586 378
586 377
587 376
587 375
587 374
588 373
588 372
589 371
589 370
589 369
589 368
589 367
589 366
589 365
589 364
589 363
589 362
589 361
589 360
589 359
589 358
589 357
589 356
589 355
589 354
589 353
588 352
588 351
587 350
587 349
587 348
586 347
586 346
585 345
585 344
584 343
583 342
583 341
582 340
582 339
581 338
580 337
579 336
578 335
577 334
576 333
575 333
574 332
573 331
572 331
571 330
570 329
569 328
568 328
567 327
566 327
565 326
564 325
563 325
562 324
561 324
560 323
559 323
558 323
557 323
556 323
555 323
554 323
553 323
552 323
551 323
550 324
549 323
549 322
548 321
547 320
546 320
545 319
544 319
543 318
542 317
541 317
540 316
539 315
538 315
537 315
536 314
535 314
534 314
533 313
533 312
532 312
531 311
530 311
529 311
528 310
528 309
527 309
526 308
525 308
524 307
523 307
522 306
521 306
520 306
519 305
518 305
517 305
516 304
515 304
514 303
513 303
512 303
511 303
510 302
509 302
508 302
507 301
506 300
505 300
504 300
503 300
502 300
501 300
500 299
500 298
499 298
498 298
497 298
496 297
495 297
494 297
493 297
492 297
491 296
490 296
489 296
488 296
487 296
486 296
485 296
484 296
483 296
482 296
481 296
480 296
479 296
478 297
477 297
476 297
475 297
474 297
473 297
472 297
471 298
470 298
469 298
468 298
467 299
466 299
465 299
464 299
463 299
462 299
461 299
460 299
459 299
458 299
457 299
456 299
455 299
454 299
453 299
452 300
451 300
450 300
449 300
448 300
447 300
446 300
445 300
444 300
443 301
442 301
441 301
440 301
439 301
438 302
437 302
436 302
435 302
434 302
433 302
432 302
431 302
430 302
429 302
428 302
427 302
426 302
425 302
424 302
423 302
422 302
421 302
420 302
419 302
418 302
417 301
416 301
415 301
414 301
413 301
412 301
411 301
410 301
409 300
408 300
407 300
406 300
405 300
404 300
403 300
402 299
401 299
400 299
399 299
398 299
397 299
396 299
395 299
394 299
393 298
392 298
391 298
390 298
389 297
388 297
387 297
386 297
385 297
384 296
383 296
382 296
381 296
380 296
379 296
378 295
377 294
376 294
375 294
374 294
373 294
372 294
371 294
370 293
369 293
368 292
367 292
366 292
365 291
364 291
363 290
362 290
361 289
360 288
359 288
358 288
357 287
356 286
355 286
354 285
353 285
352 285
351 284
350 284
349 284
348 283
348 282
347 282
346 281
345 281
344 281
343 280
342 280
341 279
340 279
339 279
338 278
337 277
336 276
335 276
334 275
333 275
332 274
331 274
330 273
329 272
328 272
327 272
326 271
325 271
324 270
323 269
322 269
321 269
320 268
319 267
318 267
317 267
316 266
315 266
314 266
313 265
312 265
311 264
310 264
309 264
308 264
307 263
306 262
305 262
304 262
303 262
302 261
301 261
300 260
299 260
298 260
297 260
296 260
295 260
294 259
293 259
292 259
291 259
290 259
289 259
288 259
287 258
286 258
285 258
284 258
283 258
282 258
281 258
280 258
279 257
278 257
277 257
276 257
275 257
274 257
273 257
272 257
271 257
270 257
269 257
268 257
267 257
266 257
265 257
264 257
263 257
262 258
261 258
260 258
259 258
258 258
257 258
256 259
255 259
254 259
253 259
252 259
251 259
250 259
249 259
248 259
247 260
246 260
245 260
244 260
243 260
242 261
241 261
240 261
239 261
238 261
237 261
236 261
235 261
234 260
233 260
232 260
231 260
230 260
229 260
228 260
227 260
226 259
225 259
224 259
223 258
222 258
221 257
220 257
219 257
218 257
217 257
216 256
215 256
214 255
213 255
212 255
211 255
210 255
209 254
208 254
207 254
206 253
205 253
204 252
203 252
202 251
201 250
200 250
199 249
198 248
197 247
196 247
195 246
194 245
193 245
192 244
192 243
191 242
190 242
189 241
189 240
188 240
187 239
187 238
186 238
185 237
185 236
184 235
183 234
182 233
181 233
180 232
179 231
178 230
177 229
176 228
177 227
178 227
179 226
180 225
181 224
182 224
183 223
184 223
185 222
186 221
187 220
187 219
187 218
188 217
189 216
190 215
191 214
191 213
191 212
192 211
192 210
193 209
193 208
193 207
194 206
194 205
194 204
194 203
194 202
195 201
195 200
195 199
195 198
195 197
195 196
196 195
196 194
196 193
196 192
197 191
197 190
197 189
197 188
197 187
198 186
199 185
199 184
200 183
201 182
202 181
203 180
204 179
205 178
206 177
207 176
208 175
208 174
209 173
210 172
211 171
211 170
212 169
213 168
214 167
215 166
216 165
217 164
218 163
219 162
220 161
221 160
221 159
222 158
223 157
224 156
225 155
226 154
227 153
227 152
228 151
228 150
229 149
230 148
231 147
231 146
231 145
232 144
233 143
233 142
234 141
234 140
235 139
235 138
236 137
237 136
238 135
239 134
240 133
240 132
241 131
242 130
243 129
244 128
245 127
246 126
247 125
247 124
248 123
249 122
250 121
250 120
251 119
252 118
253 117
254 116
255 115
255 114
256 113
257 112
257 111
258 110
259 110
260 109
261 108
262 108
263 107
264 106
265 106
266 105
267 105
268 104
269 103
270 103
271 103
272 102
273 102
274 101
275 100
276 100
277 100
278 99
279 99
280 99
281 98
282 98
283 98
284 97
285 96
285 95
285 94
285 93
285 92
284 91
283 90
284 89
285 89
286 88
287 87
288 86
288 85
288 84
288 83
288 82
287 81
286 80
285 79
284 79
283 79
282 79
281 79
280 79
279 79
278 80
277 81
276 82
275 83
274 83
273 84
272 84
271 85
270 85
269 84
269 83
269 82
268 81
268 80
267 79
267 78
267 77
267 76
267 75
266 74
265 73
265 72
265 71
265 70
265 69
265 68
265 67
265 66
265 65
265 64
265 63
265 62
265 61
265 60
265 59
264 58
263 57
262 57
261 57
260 57
