375 69
374 70
373 71
372 70
371 71
371 72
371 73
370 74
369 75
370 76
369 77
368 78
369 79
369 80
368 81
367 82
368 83
367 84
367 85
366 86
366 87
367 88
366 89
365 89
366 90
366 91
365 92
364 92
365 93
364 94
363 95
364 96
363 97
362 97
362 98
361 99
360 100
359 100
358 99
357 99
356 98
356 97
355 96
354 95
355 94
354 94
353 93
352 92
351 91
350 90
349 90
348 91
347 91
346 92
345 93
346 94
346 95
346 96
345 97
346 98
346 99
346 100
347 101
347 102
346 103
347 104
348 105
348 106
348 107
348 108
348 109
349 109
350 110
349 111
350 112
351 113
351 114
351 115
352 116
352 117
353 118
352 119
351 120
350 119
349 119
348 119
347 119
346 120
345 121
344 122
345 123
345 124
344 125
345 126
345 127
346 128
347 129
347 130
347 131
348 132
349 133
350 134
350 135
351 136
352 137
353 137
354 138
353 139
353 140
352 141
352 142
352 143
352 144
352 145
352 146
352 147
353 148
354 149
354 150
354 151
354 152
355 152
356 153
356 154
356 155
357 155
358 156
358 157
358 158
358 159
359 159
360 160
360 161
361 162
361 163
362 163
363 164
362 165
361 165
360 165
359 165
358 164
357 163
356 164
355 163
355 162
354 162
353 161
353 160
352 160
351 159
350 158
349 157
348 157
347 156
346 155
345 154
345 153
344 152
343 151
343 150
343 149
342 149
341 148
340 147
341 146
340 146
339 145
338 144
338 143
337 142
336 141
337 140
336 139
336 138
336 137
335 137
334 136
334 135
334 134
334 133
333 132
333 131
332 130
331 129
331 128
332 127
332 126
331 125
332 124
331 123
331 122
332 121
331 120
331 119
331 118
330 117
331 116
330 115
330 114
330 113
330 112
329 111
329 110
329 109
328 109
327 108
327 107
327 106
326 105
325 105
324 104
323 103
322 102
321 102
320 103
319 104
319 105
320 106
321 107
320 108
319 108
320 109
320 110
320 111
320 112
321 113
320 114
320 115
321 116
320 117
321 118
321 119
321 120
320 121
319 121
318 120
318 119
318 118
317 118
316 117
317 116
318 116
317 115
316 114
317 113
316 113
315 112
314 111
314 110
315 109
315 108
314 107
314 106
315 105
315 104
314 103
315 102
315 101
314 100
315 99
315 98
314 97
315 96
315 95
315 94
316 93
315 92
315 91
315 90
315 89
315 88
314 88
313 87
312 86
311 87
310 86
309 86
309 87
308 88
307 89
307 90
307 91
307 92
306 93
307 94
306 95
306 96
305 97
305 98
304 99
303 100
302 100
302 101
301 102
300 102
299 101
298 101
297 100
297 99
296 100
295 99
294 98
294 99
293 100
292 100
292 101
293 102
292 103
291 103
292 103
293 104
293 105
292 106
293 107
293 108
294 109
294 110
294 111
295 112
296 113
296 114
297 115
298 116
298 117
299 118
298 119
298 120
298 121
297 122
298 123
298 124
297 125
297 126
298 126
299 127
298 128
298 129
298 130
299 130
300 131
300 132
300 133
300 134
301 134
302 135
302 136
303 137
304 138
303 139
304 139
305 140
304 141
305 142
306 142
307 143
307 144
308 144
309 145
310 146
311 147
312 147
313 148
314 149
314 150
315 151
315 152
316 152
317 153
318 154
319 155
320 156
321 156
322 157
323 158
324 159
325 158
326 159
327 160
328 161
329 162
330 163
331 164
332 164
333 165
334 166
335 167
336 167
337 168
337 169
338 169
339 170
340 171
341 172
342 173
343 174
344 174
345 175
344 176
343 177
342 176
341 177
340 177
339 177
338 177
337 177
336 178
335 178
334 178
334 179
333 180
332 179
331 180
330 181
329 180
328 180
328 181
327 182
326 183
325 183
324 184
323 183
323 182
322 183
321 183
320 182
319 182
318 182
317 181
316 182
315 181
314 180
313 181
312 180
311 181
310 180
309 181
308 181
307 180
306 180
305 181
304 180
303 180
302 180
301 179
300 179
299 178
298 179
297 178
296 177
295 177
294 176
293 176
292 175
291 174
290 175
289 174
288 174
287 173
286 173
285 172
284 172
283 172
282 171
281 172
280 171
279 170
278 171
277 170
276 170
275 171
274 170
273 170
272 170
271 170
270 170
269 169
268 169
267 170
266 170
265 169
264 169
263 169
262 170
261 170
260 169
260 170
259 171
258 171
257 170
256 170
255 171
254 170
253 171
252 172
251 171
250 172
249 172
248 172
247 172
247 173
246 174
245 174
244 174
244 175
243 176
242 175
242 176
241 177
240 177
240 178
240 179
239 180
238 180
237 181
236 181
236 182
235 183
234 183
235 184
234 185
233 185
232 185
231 186
230 187
229 188
228 189
227 188
227 189
226 190
225 191
224 192
223 193
223 194
222 195
222 196
222 197
222 198
221 199
221 200
222 201
221 202
221 203
221 204
221 205
222 206
221 207
222 208
222 209
221 210
222 211
223 212
222 213
223 214
224 215
225 216
226 216
227 217
227 218
228 218
229 219
230 219
231 220
231 221
232 221
233 221
234 222
235 222
236 223
236 224
237 225
237 226
238 227
239 228
239 229
240 229
241 230
242 231
243 232
244 233
245 232
246 233
247 234
248 235
249 235
250 235
251 236
252 237
253 237
254 237
255 237
256 238
257 237
258 238
259 238
259 237
260 236
261 237
262 237
263 237
264 238
265 238
266 239
266 240
267 240
268 240
269 241
270 242
270 243
271 244
272 244
273 245
273 246
273 247
274 248
275 248
276 249
277 250
278 251
278 252
278 253
278 254
279 254
280 255
281 256
282 257
283 258
283 259
282 260
283 261
283 262
283 263
284 263
285 264
285 265
286 266
286 267
285 268
285 269
285 270
284 271
285 272
285 273
286 273
287 274
288 275
287 276
286 276
285 276
285 277
285 278
285 279
286 280
287 280
288 281
287 282
286 283
285 284
285 285
284 286
283 287
284 287
285 288
286 289
286 290
286 291
286 292
286 293
285 294
285 295
284 296
285 297
284 298
283 299
284 300
284 301
285 302
284 303
283 303
283 304
283 305
283 306
284 307
284 308
284 309
283 310
283 311
282 312
281 312
281 313
280 314
279 314
280 315
280 316
279 317
278 317
279 318
280 319
279 320
278 320
278 321
278 322
278 323
279 324
278 325
278 326
277 327
276 328
277 329
276 330
277 331
276 332
277 333
277 334
278 334
279 334
280 333
281 333
280 332
279 331
280 330
281 329
281 328
282 327
283 327
284 328
285 329
285 330
284 331
285 331
286 332
287 333
286 334
286 335
285 336
286 337
287 338
287 339
287 340
288 341
288 342
289 342
290 342
291 343
290 344
289 345
289 346
289 347
290 348
290 349
289 350
288 351
289 351
290 352
290 353
290 354
290 355
291 356
292 357
291 358
290 359
290 360
289 361
289 362
289 363
288 364
287 364
287 365
288 366
289 367
290 366
291 366
291 365
292 364
293 365
294 366
295 365
296 365
297 364
298 363
299 362
299 361
300 360
301 361
302 361
303 362
304 362
304 361
305 360
306 360
306 359
306 358
307 357
306 356
307 355
307 354
307 353
307 352
307 351
307 350
307 349
307 348
308 347
309 347
310 346
311 346
311 345
311 344
311 343
311 342
311 341
310 340
309 339
310 338
309 337
309 336
310 335
311 335
311 334
312 333
313 333
314 332
314 331
315 330
315 329
314 328
314 327
314 326
314 325
314 324
314 323
314 322
313 321
314 320
314 319
315 318
315 317
316 316
317 317
318 316
318 315
319 314
320 315
321 315
321 314
322 313
323 314
324 314
325 313
326 314
327 313
328 312
329 312
330 312
331 313
330 314
329 314
330 314
331 315
331 316
330 317
331 318
332 318
333 319
333 318
333 317
334 316
335 317
336 318
336 319
335 320
335 321
336 321
337 322
337 323
337 324
336 325
336 326
337 327
337 328
338 329
339 329
340 330
339 331
338 331
338 332
338 333
337 334
336 334
337 334
338 335
338 336
338 337
337 338
337 339
337 340
338 340
339 341
340 341
341 342
342 342
343 343
342 344
341 345
342 346
342 347
343 347
344 348
343 349
342 350
343 351
344 352
344 353
345 354
346 355
347 356
348 355
349 356
350 357
349 358
350 358
351 359
351 360
350 361
349 362
349 363
349 364
350 365
351 365
352 366
351 367
351 368
351 369
350 370
349 370
349 371
348 372
347 372
347 373
348 373
349 374
349 375
348 376
349 377
350 378
351 379
351 380
350 381
349 380
349 381
348 382
348 383
349 384
350 385
350 386
349 387
350 388
349 389
348 390
347 391
346 392
346 393
346 394
347 395
348 396
347 397
347 398
348 399
347 400
347 401
346 402
345 402
346 403
347 404
347 405
347 406
347 407
347 408
348 409
348 410
347 411
347 412
346 413
345 413
345 414
345 415
345 416
346 416
347 417
347 418
346 419
345 419
345 420
345 421
345 422
346 423
346 424
346 425
346 426
346 427
346 428
346 429
345 430
346 431
347 431
348 432
349 433
350 434
349 435
349 436
349 437
348 438
347 439
347 440
347 441
348 442
347 443
347 444
347 445
346 446
345 446
345 447
346 447
347 448
346 449
346 450
345 451
345 452
345 453
344 454
343 455
343 456
342 457
342 458
341 459
340 460
339 461
339 462
338 463
337 463
337 464
336 465
336 466
336 467
335 468
334 468
334 469
334 470
333 471
333 472
332 473
331 474
331 475
330 476
329 476
329 477
328 478
327 479
326 479
326 480
326 481
325 482
324 482
324 483
323 484
322 483
322 484
321 485
320 485
319 485
318 486
317 487
316 488
315 488
315 489
314 490
313 490
312 491
311 491
311 492
310 493
309 494
309 495
308 496
307 496
307 497
306 498
305 498
305 499
304 500
304 501
304 502
303 503
302 504
301 505
302 506
301 507
300 508
299 509
298 509
298 510
299 511
298 512
297 512
297 513
297 514
296 515
295 515
295 516
295 517
294 518
293 519
292 520
291 521
291 522
290 523
289 524
290 525
289 526
288 526
288 527
287 528
286 529
285 530
284 531
284 532
283 533
282 534
281 534
281 535
281 536
280 537
279 537
279 538
278 539
277 539
276 540
275 541
274 542
273 542
273 543
272 544
271 545
271 546
270 547
269 548
268 548
267 548
267 549
266 550
265 551
264 551
263 551
263 552
262 553
261 554
261 555
260 556
259 556
259 557
258 558
257 558
256 559
255 559
255 560
255 561
254 562
253 562
252 563
251 563
250 564
249 565
249 566
248 567
247 566
246 567
246 568
245 569
244 570
243 570
242 570
241 571
240 571
240 572
239 573
238 573
237 572
236 573
235 573
234 574
233 573
233 574
232 575
231 575
230 575
229 576
228 576
228 577
227 578
226 578
226 579
225 580
224 581
223 582
222 582
221 582
220 583
219 583
218 584
217 584
216 583
215 584
214 585
213 585
212 585
211 585
210 586
209 585
208 586
207 586
206 586
205 586
204 586
203 586
202 587
201 587
200 587
199 588
198 589
197 589
196 589
195 589
194 590
193 589
193 590
193 591
192 592
191 591
190 592
190 593
189 594
188 595
188 596
187 597
188 597
189 598
190 598
191 599
190 600
191 601
192 602
191 603
192 604
193 605
194 606
194 607
194 608
195 609
196 610
196 611
197 611
198 611
199 611
200 612
201 613
202 614
203 614
204 614
205 615
206 616
207 615
208 615
209 616
210 617
211 617
212 618
213 618
214 619
215 619
216 619
217 618
218 618
219 618
219 617
220 616
221 616
222 616
222 615
223 614
224 613
225 612
225 611
226 610
226 609
227 608
228 607
229 608
230 608
231 607
232 607
233 608
233 609
234 610
234 611
234 612
235 613
236 614
237 614
238 613
239 614
240 613
241 613
242 612
243 612
243 611
244 610
245 610
245 609
246 608
247 609
247 608
248 607
249 606
250 605
251 605
251 604
250 603
251 602
252 602
252 601
251 600
252 599
253 599
253 598
254 597
254 596
254 595
255 594
255 593
254 592
255 591
256 591
256 590
257 589
258 588
258 587
259 586
260 585
261 585
261 584
262 583
263 583
263 582
263 581
264 580
265 580
265 579
266 578
267 577
268 577
269 577
269 576
269 575
270 574
271 574
271 573
272 572
273 572
273 571
274 570
275 569
275 568
276 567
277 566
278 565
279 564
280 563
281 562
282 561
283 560
283 559
284 558
285 558
285 557
286 556
287 556
288 555
289 554
289 553
290 552
291 552
292 552
293 551
294 550
294 549
295 548
296 547
297 546
298 547
298 546
299 545
300 544
301 543
302 544
302 543
302 542
303 541
304 541
305 541
306 540
307 540
308 539
309 539
310 538
311 537
312 537
313 536
314 535
315 535
316 534
317 533
318 532
319 532
320 531
321 530
321 529
322 528
323 528
324 527
325 526
326 525
327 525
327 524
328 523
329 522
329 521
330 520
331 521
332 521
333 520
334 519
335 518
336 517
337 516
338 515
339 514
340 514
341 514
342 513
343 513
344 512
345 511
346 510
347 510
347 509
348 508
349 508
350 508
351 507
352 507
353 506
354 505
354 504
355 503
356 503
356 502
356 501
357 500
358 501
359 502
359 501
360 500
361 500
362 500
363 499
363 498
364 497
365 496
366 497
366 496
367 495
368 494
369 495
370 495
371 494
371 493
372 492
373 492
373 491
374 490
375 489
375 488
376 487
377 488
378 487
379 486
380 486
381 486
382 486
382 485
383 484
384 484
385 484
385 483
386 482
387 482
388 481
389 481
390 480
391 480
392 480
393 480
394 479
395 480
396 481
395 482
394 483
394 484
393 485
394 485
395 486
395 487
396 487
397 488
398 488
399 488
400 489
399 490
399 491
400 492
399 493
399 494
399 495
398 496
399 497
398 498
398 499
398 500
398 501
398 502
398 503
397 504
396 505
397 506
396 507
396 508
395 509
395 510
396 511
395 512
394 512
394 513
394 514
393 515
392 516
393 517
392 518
393 519
392 520
391 520
391 521
391 522
390 523
390 524
391 525
390 526
389 526
389 527
389 528
388 529
389 530
388 531
387 531
387 532
388 533
387 534
386 534
386 535
385 536
384 537
383 537
384 538
384 539
383 540
382 540
382 541
382 542
381 543
381 544
380 545
379 546
379 547
378 548
378 549
377 550
376 551
375 552
374 553
375 554
374 555
373 556
372 557
372 558
371 559
370 559
370 560
371 561
370 562
369 562
369 563
368 564
367 565
368 566
367 567
366 567
367 568
367 569
366 570
366 571
367 572
367 573
366 574
366 575
366 576
367 577
366 578
367 579
366 580
366 581
366 582
367 582
368 583
367 584
367 585
366 586
367 587
367 588
366 589
367 590
367 591
366 592
367 593
367 594
366 595
366 596
366 597
366 598
366 599
366 600
366 601
366 602
366 603
365 604
366 605
365 606
366 607
365 608
364 608
365 609
365 610
365 611
365 612
366 613
365 614
366 615
365 616
365 617
364 618
364 619
365 620
364 621
364 622
364 623
364 624
363 625
364 626
364 627
363 628
363 629
362 630
361 630
362 631
362 632
361 633
360 633
361 634
361 635
360 636
360 637
360 638
359 639
359 640
359 641
358 642
358 643
357 644
357 645
357 646
356 647
355 647
355 648
356 649
355 650
354 650
353 651
353 652
353 653
352 654
351 655
352 656
351 657
351 658
351 659
350 660
349 661
348 662
348 663
348 664
347 665
346 666
345 667
345 668
344 669
343 669
342 669
341 669
340 670
339 670
338 671
337 672
336 672
335 672
334 672
333 672
332 673
331 673
330 674
329 675
328 674
327 675
326 675
325 675
324 676
323 677
322 676
321 677
320 677
319 678
318 679
317 680
318 681
319 682
320 683
321 684
322 685
323 686
324 686
325 687
326 688
327 689
328 689
329 690
329 691
330 691
331 692
332 693
333 694
334 694
335 694
336 695
337 696
338 697
339 696
340 697
341 698
342 699
343 699
344 699
345 699
346 700
347 700
348 701
349 700
350 701
351 701
352 701
353 701
354 700
355 699
356 698
356 697
356 696
357 695
357 694
358 693
359 693
360 693
360 692
361 691
362 691
363 692
363 691
364 690
365 690
366 690
367 689
368 690
368 691
369 691
370 692
371 693
372 692
373 691
374 691
375 690
375 689
376 688
377 687
378 686
377 685
378 684
379 684
379 683
379 682
380 681
379 680
380 679
380 678
380 677
380 676
379 675
379 674
380 673
379 672
380 671
380 670
380 669
379 668
380 667
379 666
380 665
379 664
378 663
379 662
380 662
379 662
378 661
379 660
378 659
379 658
379 657
379 656
378 655
379 654
378 653
378 652
378 651
377 650
378 649
379 648
378 647
379 646
379 645
379 644
379 643
380 642
379 641
380 640
379 639
380 638
381 638
380 637
379 636
380 635
381 635
381 634
381 633
382 632
381 631
381 630
382 629
381 628
382 627
383 626
383 625
383 624
382 623
383 622
383 621
383 620
383 619
383 618
384 617
384 616
384 615
384 614
385 613
385 612
384 611
385 610
385 609
385 608
386 607
386 606
387 605
388 605
387 604
387 603
387 602
388 601
388 600
389 599
389 598
389 597
389 596
390 595
390 594
391 593
390 592
391 591
392 590
391 589
392 588
392 587
392 586
393 585
394 585
394 584
395 583
396 583
396 582
397 581
398 580
398 579
399 578
400 577
400 576
400 575
400 574
401 573
401 572
401 571
402 570
402 569
402 568
403 567
404 566
404 565
404 564
405 563
406 563
406 562
407 561
406 560
406 559
407 558
408 558
409 558
409 557
410 556
411 555
412 554
412 553
413 552
414 552
415 552
415 551
416 550
417 550
416 549
417 548
418 547
418 546
418 545
419 544
420 543
421 543
421 542
422 541
423 541
423 540
424 539
425 539
425 538
426 537
427 538
427 537
428 536
429 535
429 534
430 533
431 533
432 532
432 531
433 530
434 529
434 528
434 527
435 526
436 525
436 524
436 523
437 522
438 522
438 521
439 520
440 519
440 518
441 517
442 517
442 516
441 515
442 514
443 514
444 514
445 515
446 516
447 516
448 517
448 518
449 518
450 519
450 520
451 520
452 521
453 522
452 523
453 523
454 524
455 525
455 526
456 527
457 527
458 528
457 529
458 530
459 531
460 532
460 533
459 534
460 535
461 536
461 537
462 538
463 539
464 540
464 541
464 542
464 543
465 543
466 544
466 545
467 545
468 546
468 547
468 548
469 549
470 550
470 551
469 552
469 553
469 554
470 555
470 556
471 556
472 557
472 558
472 559
473 559
474 560
475 560
476 559
477 560
478 561
479 562
480 563
481 564
482 563
483 563
484 564
485 564
486 565
486 566
485 567
486 568
487 568
488 569
489 568
489 567
490 566
491 567
492 567
493 566
494 565
495 566
496 565
497 566
498 565
499 565
500 565
501 566
502 567
503 568
503 567
504 566
505 566
506 565
507 566
508 567
509 567
510 567
511 568
512 567
513 568
514 569
513 570
514 570
515 571
516 572
517 573
518 574
517 575
518 576
519 577
518 578
519 579
519 580
519 581
519 582
519 583
519 584
520 585
520 586
521 587
521 588
520 589
520 590
521 590
522 591
521 592
522 593
522 594
522 595
523 596
523 597
523 598
524 599
524 600
524 601
524 602
525 603
526 604
526 605
527 606
526 607
526 608
527 609
528 609
529 610
528 611
529 612
530 613
529 614
528 614
529 614
530 615
530 616
530 617
531 618
531 619
531 620
532 620
533 621
533 622
533 623
533 624
534 625
535 626
535 627
535 628
536 629
535 630
536 631
536 632
537 633
538 634
537 635
537 636
538 636
539 637
538 638
538 639
538 640
539 641
539 642
540 643
539 644
539 645
540 645
541 646
540 647
539 647
540 648
540 649
540 650
541 651
540 652
540 653
539 654
539 655
539 656
538 657
537 658
536 659
537 660
536 661
535 662
534 663
533 663
534 664
534 665
533 666
532 666
532 667
532 668
531 669
530 669
530 670
531 671
530 672
529 672
528 673
527 674
526 675
526 676
525 677
524 678
523 679
522 680
521 680
520 681
520 682
519 683
518 683
518 684
517 685
517 686
517 687
516 688
515 689
514 689
513 689
513 690
512 691
511 692
511 693
510 694
509 694
508 695
507 696
507 697
506 698
505 699
504 700
503 699
503 700
503 701
502 702
501 702
500 703
500 704
499 705
498 706
497 705
497 706
496 707
495 707
495 708
494 709
493 709
492 710
491 710
491 711
490 712
489 712
488 713
487 713
486 714
485 715
484 715
483 716
482 717
481 716
481 717
480 718
479 718
478 718
477 719
476 720
475 719
475 720
474 721
473 721
472 721
471 722
470 721
470 722
470 723
469 724
468 723
467 724
466 724
465 725
464 726
463 727
462 726
461 727
460 727
459 728
458 729
457 729
456 729
456 730
455 731
454 731
453 732
452 732
452 733
451 734
450 734
449 735
448 735
447 735
446 736
445 737
444 737
443 737
442 738
441 738
440 739
439 738
438 739
437 740
436 739
435 740
435 741
434 742
433 741
433 742
432 743
431 743
430 743
429 743
428 744
427 743
426 743
426 744
425 745
424 744
423 744
423 745
422 746
421 745
420 746
419 746
418 747
417 747
416 747
415 747
414 748
413 749
413 750
413 751
414 752
415 753
415 754
416 754
417 755
418 756
419 757
420 758
421 757
422 758
422 759
423 759
424 760
425 760
426 761
426 762
427 762
428 763
429 764
430 765
431 766
432 766
433 766
434 767
435 768
436 768
437 769
437 770
438 770
439 771
440 772
441 771
441 770
442 769
443 769
444 768
445 768
446 769
446 770
447 769
448 769
449 769
450 769
451 770
452 770
453 769
454 768
455 769
456 770
457 771
458 771
459 772
460 772
460 771
461 770
462 770
463 769
464 770
465 769
466 768
467 767
467 766
468 765
469 764
470 763
471 762
472 761
472 760
472 759
473 758
473 757
474 756
475 756
474 755
474 754
475 753
476 753
477 752
476 751
477 750
478 749
478 748
479 747
480 747
481 747
481 746
482 745
483 745
484 744
484 743
485 742
486 742
487 742
488 741
489 740
490 739
491 738
492 737
493 737
494 737
495 736
496 735
497 734
498 734
499 734
499 733
499 732
500 731
501 731
502 730
502 729
503 728
504 728
504 727
505 726
506 725
507 724
508 723
509 723
510 722
510 721
511 720
512 720
513 719
514 718
515 717
516 717
517 716
518 715
519 715
520 714
521 713
522 712
523 711
524 712
524 711
524 710
525 709
526 709
527 708
528 707
529 706
530 706
531 706
531 705
532 704
533 704
534 703
535 703
535 702
536 701
537 701
538 700
539 700
539 699
540 698
541 697
542 697
543 698
543 699
543 700
544 701
543 702
543 703
543 704
543 705
544 706
543 707
543 708
543 709
543 710
542 711
542 712
541 713
542 714
542 715
541 716
540 716
540 717
540 718
540 719
540 720
539 721
538 721
539 722
539 723
538 724
538 725
539 726
538 727
538 728
537 729
538 730
537 731
537 732
536 733
537 734
536 735
535 736
535 737
535 738
534 739
533 740
534 741
533 742
533 743
532 744
532 745
531 746
531 747
530 748
531 749
531 750
530 751
530 752
530 753
529 754
528 755
529 756
528 757
528 758
527 759
528 760
528 761
527 762
527 763
527 764
526 765
526 766
525 767
525 768
525 769
524 770
524 771
524 772
524 773
523 774
523 775
523 776
522 777
523 778
522 779
521 779
522 780
521 781
520 782
520 783
519 784
519 785
519 786
519 787
518 788
518 789
517 790
517 791
516 792
516 793
516 794
515 795
514 795
515 796
515 797
514 798
513 798
512 799
512 800
511 801
510 802
509 803
508 804
508 805
507 806
506 806
506 807
505 808
504 809
503 810
503 811
502 812
501 813
500 814
499 814
498 814
497 815
496 815
495 816
494 817
493 817
492 817
491 818
490 818
489 819
488 819
487 820
486 821
485 820
484 821
483 821
482 821
481 821
480 822
479 822
478 822
477 822
476 823
475 823
474 824
473 824
472 823
472 824
471 825
470 826
470 827
469 828
468 828
469 829
470 829
471 830
471 831
472 832
473 833
473 834
474 835
474 836
475 837
475 838
476 839
477 840
478 840
479 841
480 840
481 841
481 842
482 842
483 843
484 844
485 845
486 846
487 847
488 847
489 847
490 848
491 848
492 849
492 850
493 849
494 850
495 851
496 851
497 852
498 852
499 853
500 853
501 852
502 853
503 852
504 852
505 852
506 851
506 850
507 849
508 849
508 848
509 847
510 846
509 845
510 844
510 843
509 842
509 841
510 840
511 840
512 841
513 841
514 840
515 840
516 840
517 839
518 840
519 840
520 840
521 841
522 842
523 843
524 842
525 843
526 844
527 843
527 842
528 841
529 841
530 840
530 839
531 838
532 837
532 836
532 835
533 834
534 833
533 832
533 831
534 830
535 829
534 828
535 827
535 826
534 825
535 824
535 823
536 822
536 821
535 820
536 819
536 818
537 817
537 816
537 815
536 814
537 813
538 813
537 812
538 811
538 810
538 809
538 808
539 807
539 806
540 805
540 804
539 803
540 802
540 801
541 800
540 799
541 798
541 797
541 796
541 795
542 794
542 793
542 792
543 791
542 790
543 789
544 789
543 788
543 787
544 786
544 785
543 784
544 783
545 783
544 782
545 781
545 780
545 779
546 778
546 777
546 776
547 775
547 774
547 773
548 772
548 771
549 770
549 769
549 768
550 767
551 767
550 766
550 765
551 764
552 764
551 763
551 762
552 761
552 760
552 759
553 758
553 757
554 756
554 755
554 754
555 753
555 752
555 751
556 750
556 749
557 748
557 747
557 746
558 745
559 745
558 744
558 743
559 742
559 741
559 740
560 739
561 739
560 738
561 737
562 736
562 735
563 734
563 733
563 732
564 731
565 731
565 730
565 729
566 728
566 727
567 726
567 725
568 724
569 723
569 722
569 721
570 720
571 720
571 719
571 718
572 717
573 717
573 716
574 715
574 714
574 713
574 712
575 711
576 710
577 709
576 708
577 707
578 706
579 705
579 704
579 703
580 702
581 701
582 700
582 699
583 698
583 697
583 696
584 695
585 695
585 694
586 693
587 693
587 692
587 691
588 690
588 689
588 688
589 687
589 686
590 685
590 684
590 683
591 682
592 682
593 681
592 680
593 679
594 678
593 677
594 676
593 676
592 675
592 674
592 673
592 672
592 671
591 670
591 669
592 668
591 667
591 666
591 665
590 664
590 663
590 662
590 661
590 660
590 659
589 658
589 657
589 656
589 655
588 654
588 653
587 652
588 651
589 651
588 651
587 650
588 649
588 648
587 647
588 646
587 645
587 644
587 643
586 642
586 641
586 640
586 639
586 638
586 637
585 636
586 635
585 634
584 633
585 632
584 631
584 630
584 629
583 628
583 627
583 626
582 625
582 624
582 623
581 622
582 621
583 621
583 620
584 619
585 618
586 618
586 617
587 616
588 616
589 616
590 615
591 615
592 615
593 615
593 614
594 613
595 614
596 613
597 612
598 612
599 611
600 611
601 612
602 611
603 610
604 611
605 610
606 610
607 609
608 609
609 608
610 609
610 608
611 607
612 607
612 606
613 605
614 604
615 604
616 605
616 604
617 603
618 602
619 602
620 602
621 602
622 601
623 601
623 600
624 599
625 599
625 598
626 597
627 596
628 596
629 596
630 595
631 594
632 594
633 594
634 593
634 592
635 591
636 590
637 589
638 590
638 589
639 588
640 587
641 587
642 587
643 586
644 586
645 585
646 584
647 583
648 584
649 583
649 582
650 581
651 581
652 580
653 580
653 579
654 578
655 578
656 577
657 577
658 577
658 576
659 575
660 575
661 574
662 573
663 573
664 573
665 572
666 572
667 571
668 570
669 569
670 569
670 568
671 567
672 566
672 565
673 564
674 563
675 563
674 562
675 561
676 561
677 561
677 560
677 559
678 558
679 558
679 557
680 556
681 556
682 555
683 555
683 554
683 553
684 552
685 552
685 551
686 550
687 551
688 550
689 549
688 548
689 547
690 547
690 546
689 545
690 544
691 544
691 543
690 542
691 541
692 541
691 540
692 539
692 538
692 537
693 536
693 535
693 534
693 533
693 532
693 531
693 530
693 529
694 528
694 527
693 526
694 525
694 524
694 523
695 522
694 521
694 520
693 519
694 518
694 517
693 516
692 515
693 514
693 513
692 512
693 511
692 511
691 510
692 509
692 508
691 507
692 506
692 505
691 504
691 503
690 502
690 501
691 500
690 500
689 499
689 498
689 497
689 496
689 495
688 494
688 493
688 492
687 491
687 490
687 489
687 488
686 488
685 487
686 486
685 485
686 484
685 484
684 483
683 482
684 481
683 480
683 479
683 478
682 477
682 476
682 475
681 474
682 473
681 472
680 471
681 470
680 469
679 468
680 467
679 466
678 465
679 464
678 463
678 462
677 461
677 460
678 459
677 459
676 458
675 457
676 456
676 455
675 454
674 453
675 452
674 451
674 450
673 449
672 448
672 447
672 446
672 445
671 444
671 443
670 442
669 441
670 440
669 439
668 438
668 437
667 436
666 435
666 434
665 433
666 432
665 432
664 431
663 430
662 429
662 428
661 427
661 426
660 425
659 424
658 423
657 423
656 422
655 422
654 421
653 420
652 420
651 419
650 419
649 418
648 417
647 417
646 417
645 417
644 416
644 415
643 415
642 414
641 414
640 414
639 413
638 413
637 412
636 412
635 412
634 411
633 410
632 409
631 409
630 408
631 407
630 406
629 406
628 405
627 405
626 404
625 403
624 403
623 403
622 403
621 402
620 402
619 401
618 400
617 399
616 398
615 398
614 397
613 397
612 396
611 396
610 395
609 394
608 394
607 393
606 393
605 393
604 392
603 392
602 391
602 390
601 390
600 389
599 390
598 389
598 388
597 387
596 386
596 385
595 385
594 385
593 384
592 384
591 383
591 382
590 382
589 381
588 381
587 380
587 379
586 379
585 378
585 377
584 377
583 376
582 375
581 374
580 373
579 373
578 372
577 371
576 370
575 370
574 369
575 368
574 367
573 366
572 365
571 365
570 364
570 363
570 362
569 362
568 361
569 360
568 359
567 358
567 357
566 356
567 355
566 354
565 353
566 352
565 352
564 351
563 350
564 349
564 348
563 348
562 347
563 346
562 345
561 344
561 343
561 342
562 341
561 341
560 340
559 339
558 340
557 339
557 338
557 337
556 336
557 335
558 335
558 334
557 333
556 332
555 331
555 330
555 329
554 328
554 327
553 326
552 326
551 325
552 324
553 324
552 323
552 322
551 321
552 320
551 319
550 318
550 317
549 316
548 315
547 314
547 313
547 312
547 311
546 310
545 309
546 308
545 307
544 306
544 305
543 304
543 303
544 302
545 302
544 302
543 301
543 300
542 300
541 299
540 298
540 297
539 296
538 295
537 295
536 294
535 293
534 292
533 292
532 291
531 290
531 289
530 288
529 288
528 287
529 286
528 285
528 284
527 283
526 283
525 284
524 284
523 284
522 283
521 283
520 283
519 282
519 281
519 280
519 279
518 278
517 277
516 277
515 277
514 278
513 277
513 276
513 275
512 275
511 274
510 274
510 275
509 276
508 275
507 274
506 273
506 272
505 271
504 271
503 270
502 269
501 268
500 269
499 268
499 267
498 267
497 266
496 265
495 266
494 267
493 266
493 265
492 264
491 264
490 265
489 264
488 264
487 264
486 263
485 263
484 262
483 262
482 261
481 260
480 260
479 259
478 260
477 259
477 258
477 257
476 256
475 255
474 256
473 255
473 254
474 253
473 252
472 252
471 251
470 252
469 252
468 252
467 253
466 253
465 252
466 251
467 250
468 250
467 249
466 248
465 248
464 247
463 248
462 249
461 248
461 247
460 248
459 247
458 246
457 245
456 245
455 245
454 244
453 244
452 243
452 242
451 242
450 241
450 240
450 239
450 238
449 238
448 237
448 236
447 236
446 235
445 236
444 236
443 235
442 236
441 235
441 234
442 233
443 232
444 232
445 231
446 231
447 231
448 230
449 230
450 229
451 230
452 231
453 230
454 231
454 232
455 232
456 233
457 233
458 233
459 234
459 235
460 235
461 235
462 235
463 235
464 236
465 235
466 236
466 237
467 236
468 237
469 237
470 237
471 238
472 238
473 238
474 238
475 238
476 238
477 239
478 239
479 240
480 239
481 240
482 240
483 240
484 240
485 241
486 240
487 240
488 240
489 241
490 241
491 240
492 241
493 240
494 240
495 241
496 241
497 241
498 241
499 241
500 240
501 239
502 239
503 239
504 240
505 239
506 238
507 239
507 240
508 239
508 238
509 237
510 236
511 237
512 236
513 237
514 236
515 236
516 235
517 234
518 234
519 234
520 234
521 233
522 232
523 232
524 232
525 232
526 232
527 232
528 231
529 231
530 231
531 231
532 231
533 230
534 229
535 228
536 228
537 228
538 228
539 227
540 227
540 226
541 225
542 225
543 225
544 224
545 223
546 223
547 222
548 223
548 222
548 221
549 220
550 220
551 219
552 219
552 218
553 217
554 217
554 216
555 215
556 214
557 214
558 213
559 212
560 212
560 211
560 210
561 209
562 210
563 209
564 208
564 207
565 206
566 205
567 204
568 203
567 202
568 201
567 201
566 200
565 199
564 198
563 198
562 199
561 200
560 199
559 199
558 200
558 201
557 202
556 202
555 203
554 204
553 204
553 205
552 206
551 206
550 207
549 207
549 208
548 209
547 209
546 210
545 211
544 210
544 211
543 212
542 212
541 212
540 213
539 213
538 214
537 215
536 215
535 215
534 216
533 216
532 216
531 216
530 217
529 217
528 217
527 217
526 217
525 216
526 215
526 214
527 213
528 213
529 212
530 211
530 210
531 209
532 210
533 209
533 208
534 207
535 208
536 207
537 206
538 205
539 205
539 204
540 203
541 203
542 203
543 202
544 201
545 201
546 201
547 201
547 200
547 199
548 198
549 199
550 198
551 198
552 197
553 198
553 197
554 196
555 195
556 194
557 195
557 194
558 193
559 192
560 192
561 191
562 190
562 189
563 188
564 187
565 187
565 186
565 185
566 184
566 183
567 182
568 182
568 181
568 180
569 179
569 178
569 177
570 176
569 175
569 174
570 173
570 172
570 171
571 170
570 169
571 168
570 167
569 166
569 165
568 164
567 163
566 162
565 162
564 163
564 164
563 165
563 166
563 167
562 168
561 169
560 170
561 171
560 172
559 172
559 173
558 174
557 174
556 175
555 176
554 175
554 176
553 177
552 178
551 178
550 179
549 180
548 180
547 179
546 178
546 177
546 176
546 175
546 174
546 173
547 172
548 171
549 170
548 169
549 168
549 167
549 166
550 165
550 164
550 163
551 162
552 162
551 161
552 160
552 159
551 158
551 157
551 156
550 155
549 154
548 154
547 154
546 154
545 155
544 155
543 156
543 157
542 158
542 159
541 160
540 161
540 162
539 163
538 162
537 163
536 164
537 165
536 166
535 166
535 167
536 168
535 169
534 169
534 170
534 171
533 172
532 172
532 173
531 174
530 174
529 175
528 175
528 176
527 177
526 177
525 178
524 177
524 176
525 175
524 174
525 173
524 173
523 172
524 171
525 171
524 170
524 169
524 168
524 167
524 166
523 165
523 164
522 163
521 162
520 161
519 160
518 160
517 161
516 162
515 163
514 163
514 164
514 165
513 166
514 167
514 168
513 169
512 169
511 170
510 170
509 170
509 171
508 172
507 172
507 173
506 174
505 174
505 175
505 176
505 177
504 178
503 177
502 178
501 177
501 176
501 175
502 174
502 173
502 172
503 171
503 170
503 169
503 168
504 167
505 167
506 167
506 166
507 165
508 164
509 165
509 164
510 163
511 162
511 161
512 160
513 160
513 159
514 158
515 159
515 158
516 157
517 157
517 156
518 155
519 154
520 154
521 153
521 152
522 151
522 150
523 149
524 149
524 148
524 147
525 146
524 145
523 144
522 143
521 143
520 143
519 143
518 144
517 145
516 146
515 146
514 147
513 148
513 149
512 150
511 149
510 150
510 151
509 152
508 151
507 152
506 151
506 150
506 149
506 148
506 147
505 146
506 145
505 144
505 143
505 142
504 142
503 141
504 140
503 139
502 138
501 138
500 139
499 140
498 141
497 142
498 143
497 144
498 145
498 146
497 147
497 148
497 149
496 150
496 151
495 152
496 153
495 154
495 155
495 156
494 157
493 157
492 158
491 157
490 158
489 158
488 158
487 159
486 159
485 159
484 160
483 159
482 159
481 160
480 159
480 158
481 157
482 157
482 156
482 155
483 154
484 154
484 153
485 152
485 151
486 150
487 149
486 148
485 148
484 147
484 146
483 146
482 147
481 146
480 147
479 148
478 149
477 150
476 149
475 150
474 151
473 152
472 152
471 152
470 152
469 152
468 152
467 152
466 153
465 153
464 153
463 154
462 154
461 155
460 154
459 153
458 152
458 151
457 150
456 149
455 148
455 147
456 146
457 147
458 146
459 145
460 145
461 144
462 143
462 142
463 141
463 140
464 139
465 140
465 141
466 140
467 141
468 140
469 139
470 139
471 140
471 139
472 138
473 138
474 137
475 137
476 136
477 135
478 135
478 134
478 133
478 132
477 132
476 131
475 130
474 130
473 129
472 129
471 129
470 130
469 129
468 128
467 129
466 128
465 129
464 129
463 128
462 128
462 129
461 130
460 129
459 128
458 129
457 128
456 129
455 128
455 127
454 128
453 127
452 127
451 127
450 127
449 126
448 127
447 127
446 126
445 126
444 125
444 124
444 123
445 122
446 122
447 121
448 121
449 121
450 121
451 120
452 119
453 119
454 118
455 118
456 117
457 116
458 115
457 114
458 113
457 112
456 112
455 111
455 110
454 110
453 111
452 110
451 110
450 111
449 111
448 111
447 111
446 111
446 112
445 113
444 112
443 111
443 112
442 113
441 112
440 112
440 113
439 114
438 114
437 114
436 115
435 116
434 116
433 117
432 117
431 117
430 117
429 118
428 118
427 118
426 119
425 120
424 120
423 119
422 118
421 117
422 116
421 115
420 114
421 113
422 113
421 112
421 111
422 110
421 109
420 108
421 107
422 107
421 106
422 105
421 104
421 103
422 102
421 101
420 100
421 99
420 98
419 98
418 97
418 96
417 96
416 97
415 98
415 99
414 100
413 100
414 101
414 102
413 103
412 103
412 104
412 105
411 106
412 107
411 108
411 109
411 110
410 111
409 111
408 111
407 111
406 112
405 111
404 111
403 110
402 111
401 111
401 112
401 113
400 114
400 115
401 116
400 117
401 118
400 119
400 120
401 121
400 122
400 123
401 124
401 125
401 126
401 127
401 128
400 129
399 130
399 131
399 132
399 133
399 134
398 135
397 136
396 136
397 137
397 138
396 139
396 140
396 141
396 142
395 143
395 144
395 145
394 146
393 146
392 145
392 144
393 143
392 142
392 141
393 140
392 139
393 138
393 137
393 136
393 135
393 134
392 133
393 132
392 131
393 130
393 129
393 128
393 127
393 126
393 125
393 124
392 123
391 122
390 121
389 122
388 123
388 124
387 125
387 126
386 127
385 128
384 129
383 130
384 131
383 132
382 133
383 134
384 135
383 136
382 136
381 137
380 138
379 137
379 136
379 135
379 134
378 134
377 133
378 132
377 131
377 130
376 129
376 128
376 127
376 126
375 125
376 124
375 123
374 122
375 121
374 120
374 119
374 118
374 117
375 116
374 115
374 114
375 113
374 112
374 111
375 110
374 109
374 108
374 107
375 106
375 105
375 104
374 103
375 102
375 101
375 100
376 99
375 98
374 97
375 96
376 96
375 95
375 94
376 93
375 92
376 91
375 90
376 89
376 88
375 87
375 86
375 85
375 84
374 83
375 82
375 81
375 80
376 79
376 78
377 77
377 76
377 75
378 74
379 74
378 73
378 72
378 71
377 70
376 69
