268 55
267 56
266 56
265 56
264 56
263 56
262 56
261 56
260 57
259 57
258 57
257 57
256 57
255 57
254 58
253 57
252 58
251 58
250 58
249 58
248 58
247 58
246 58
245 59
244 59
243 59
242 59
241 59
240 60
239 60
238 60
237 60
236 61
235 61
234 61
233 62
232 62
231 62
230 62
229 63
228 63
227 63
226 64
225 64
224 64
223 64
222 65
221 65
220 65
219 66
218 66
217 66
216 66
215 67
214 67
213 67
212 68
211 68
210 69
209 69
208 69
207 70
206 70
205 71
204 71
203 72
202 72
201 72
200 73
199 73
198 74
197 74
196 74
195 75
194 75
193 76
192 76
191 76
190 77
189 77
188 78
187 78
186 79
185 79
184 80
183 81
182 81
181 82
180 82
179 83
178 84
177 84
176 85
175 85
174 86
173 86
172 87
171 88
170 88
169 89
168 89
167 90
166 91
165 91
164 92
163 92
162 93
161 94
160 95
159 95
158 96
157 97
156 97
155 98
154 99
153 100
152 100
151 101
150 102
149 103
148 104
147 105
146 105
145 106
144 107
143 108
142 109
141 110
140 110
140 111
141 111
142 111
143 111
144 111
145 111
146 111
147 111
148 111
149 111
150 111
151 111
152 111
153 111
154 111
155 111
156 111
157 111
158 111
159 111
160 111
161 111
162 111
163 111
164 111
165 111
166 111
167 111
168 111
169 111
170 111
171 111
172 111
173 111
174 111
175 111
176 111
177 111
178 111
179 111
180 111
181 111
182 111
183 111
184 111
185 111
186 111
187 111
188 111
189 111
190 111
191 111
192 111
193 111
194 111
195 111
196 111
197 111
198 111
199 111
200 111
201 111
202 111
203 111
204 111
205 111
206 111
207 111
208 111
209 111
210 111
211 111
212 111
213 111
214 111
215 111
216 111
217 111
218 111
219 111
220 111
221 111
222 111
223 111
224 111
225 111
226 111
227 111
228 111
229 111
230 111
231 111
232 111
233 111
234 111
235 111
236 111
237 111
238 111
239 111
240 111
241 111
242 111
243 111
244 111
245 111
246 111
247 111
248 111
249 111
250 111
251 111
252 111
253 111
254 111
255 111
256 111
257 111
258 111
259 111
260 111
261 111
262 111
263 111
264 111
265 111
266 111
267 111
268 111
269 111
270 111
271 111
272 111
273 111
274 111
275 111
276 111
277 111
278 111
279 111
280 111
281 111
282 111
283 111
284 111
285 111
286 111
287 111
288 111
289 111
290 111
291 111
292 111
293 112
292 113
291 113
290 114
289 114
288 114
287 115
286 115
285 115
284 116
283 116
282 116
281 117
280 117
279 117
278 118
277 118
276 118
275 118
274 119
273 119
272 120
271 119
270 120
269 120
268 120
267 121
266 121
265 121
264 121
263 122
262 122
261 122
260 122
259 122
258 123
257 123
256 123
255 123
254 124
253 124
252 124
251 124
250 125
249 124
248 125
247 125
246 125
245 126
244 125
243 126
242 126
241 126
240 126
239 127
238 126
237 127
236 127
235 127
234 127
233 127
232 128
231 127
230 128
229 128
228 128
227 128
226 128
225 129
224 128
223 129
222 129
221 129
220 129
219 129
218 129
217 130
216 129
215 130
214 130
213 130
212 130
211 130
210 130
209 130
208 130
207 131
206 130
205 131
204 131
203 131
202 131
201 131
200 131
199 131
198 131
197 131
196 131
195 132
194 131
193 132
192 132
191 132
190 132
189 132
188 132
187 132
186 132
185 132
184 132
183 132
182 132
181 132
180 132
179 132
178 133
177 133
176 132
175 133
174 132
173 133
172 132
171 133
170 133
169 133
168 133
167 133
166 133
165 133
164 133
163 133
162 133
161 133
160 133
159 133
158 133
157 133
156 133
155 133
154 133
153 133
152 133
151 133
150 133
149 133
148 133
147 133
146 133
145 133
144 133
143 133
142 133
141 133
140 133
139 133
138 133
137 133
136 133
135 133
134 133
133 133
132 133
131 133
130 133
129 133
128 133
127 133
126 133
125 133
124 133
123 133
122 133
121 133
120 133
119 133
118 134
117 135
116 136
116 137
115 138
114 139
113 140
113 141
112 142
111 143
110 144
111 144
112 144
113 144
114 144
115 144
116 144
117 144
118 144
119 144
120 144
121 144
122 144
123 144
124 144
125 144
126 144
127 144
128 144
129 144
130 144
131 144
132 144
133 144
134 144
135 144
136 144
137 144
138 144
139 145
140 145
141 144
142 145
143 145
144 144
145 145
146 145
147 144
148 145
149 145
150 144
151 145
152 145
153 145
154 145
155 145
156 145
157 145
158 145
159 145
160 145
161 145
162 145
163 145
164 145
165 145
166 145
167 145
168 145
169 145
170 145
171 145
172 145
173 145
174 145
175 145
176 145
177 145
178 145
179 145
180 145
181 145
182 145
183 145
184 145
185 145
186 145
187 145
188 146
189 146
190 145
191 146
192 146
193 145
194 146
195 146
196 145
197 146
198 146
199 146
200 146
201 146
202 146
203 146
204 146
205 146
206 146
207 146
208 146
209 146
210 146
211 146
212 146
213 146
214 146
215 146
216 146
217 146
218 146
219 146
220 146
221 146
222 146
223 146
224 146
225 147
226 147
227 146
228 147
229 147
230 147
231 147
232 147
233 147
234 147
235 147
236 147
237 147
238 147
239 147
240 147
241 147
242 147
243 147
244 147
245 147
246 147
247 147
248 147
249 147
250 148
251 148
252 147
253 148
254 148
255 147
256 148
257 148
258 148
259 148
260 148
261 148
262 148
263 148
264 148
265 148
266 148
267 148
268 148
269 149
270 149
271 148
272 149
273 149
274 149
275 149
276 149
277 149
278 149
279 149
280 149
281 149
282 150
283 149
284 150
285 150
286 150
287 150
288 150
289 151
290 151
291 151
292 151
293 152
292 153
291 154
290 154
289 154
288 154
287 154
286 155
285 155
284 155
283 155
282 155
281 155
280 155
279 156
278 156
277 156
276 156
275 156
274 156
273 156
272 156
271 156
270 156
269 157
268 157
267 157
266 157
265 157
264 157
263 157
262 157
261 157
260 157
259 157
258 157
257 158
256 157
255 158
254 158
253 158
252 158
251 158
250 158
249 158
248 158
247 158
246 158
245 158
244 158
243 158
242 159
241 159
240 159
239 159
238 159
237 159
236 159
235 159
234 159
233 159
232 159
231 159
230 159
229 159
228 159
227 160
226 159
225 160
224 160
223 159
222 160
221 160
220 160
219 160
218 160
217 160
216 160
215 160
214 160
213 160
212 160
211 160
210 160
209 161
208 161
207 161
206 160
205 161
204 161
203 161
202 161
201 161
200 161
199 161
198 161
197 161
196 161
195 161
194 161
193 161
192 161
191 161
190 161
189 161
188 161
187 161
186 162
185 161
184 162
183 162
182 162
181 162
180 162
179 162
178 162
177 162
176 162
175 162
174 162
173 162
172 162
171 162
170 162
169 163
168 162
167 163
166 163
165 162
164 163
163 163
162 163
161 163
160 163
159 163
158 163
157 163
156 163
155 163
154 163
153 163
152 163
151 163
150 163
149 163
148 163
147 163
146 164
145 164
144 163
143 164
142 163
141 164
140 163
139 164
138 164
137 164
136 164
135 164
134 164
133 164
132 164
131 164
130 164
129 164
128 164
127 164
126 164
125 164
124 164
123 164
122 164
121 164
120 164
119 164
118 164
117 164
116 164
115 164
114 164
113 164
112 164
111 164
110 164
109 164
108 164
107 164
106 164
105 165
104 164
103 164
102 164
101 164
100 164
99 164
98 163
98 164
97 165
96 166
96 167
95 168
95 169
94 170
94 171
93 172
92 173
92 174
91 175
91 176
90 177
90 178
89 179
89 180
88 181
88 182
88 183
87 184
87 185
86 186
86 187
86 188
85 189
85 190
84 191
84 192
84 193
83 194
83 195
82 196
82 197
82 198
81 199
81 200
80 201
80 202
80 203
79 204
79 205
79 206
78 207
78 208
78 209
77 210
77 211
77 212
77 213
76 214
76 215
76 216
76 217
75 218
75 219
75 220
74 221
74 222
74 223
74 224
73 225
73 226
73 227
73 228
72 229
72 230
72 231
72 232
71 233
71 234
71 235
71 236
71 237
71 238
70 239
71 240
70 241
70 242
71 242
72 242
73 242
74 242
75 242
76 242
77 242
78 242
79 242
80 242
81 242
82 242
83 242
84 242
85 242
86 242
87 242
88 242
89 242
90 242
91 242
92 242
93 242
94 242
95 242
96 242
97 242
98 242
99 242
100 242
101 242
102 242
103 242
104 242
105 242
106 242
107 242
108 242
109 242
110 242
111 242
112 242
113 242
114 242
115 242
116 242
117 242
118 242
119 243
120 243
121 242
122 243
123 243
124 242
125 243
126 243
127 242
128 243
129 243
130 242
131 243
132 243
133 242
134 243
135 243
136 242
137 243
138 243
139 243
140 243
141 243
142 243
143 243
144 243
145 243
146 243
147 243
148 243
149 243
150 243
151 243
152 243
153 243
154 243
155 243
156 243
157 243
158 243
159 243
160 243
161 243
162 243
163 243
164 243
165 243
166 243
167 243
168 243
169 243
170 243
171 243
172 243
173 243
174 243
175 243
176 243
177 243
178 243
179 243
180 243
181 243
182 243
183 243
184 243
185 243
186 243
187 243
188 244
189 244
190 243
191 244
192 244
193 243
194 244
195 244
196 243
197 244
198 244
199 243
200 244
201 244
202 243
203 244
204 244
205 244
206 244
207 244
208 244
209 244
210 244
211 244
212 244
213 244
214 244
215 244
216 244
217 244
218 244
219 244
220 244
221 244
222 244
223 244
224 244
225 244
226 244
227 244
228 244
229 244
230 244
231 244
232 244
233 244
234 244
235 244
236 244
237 244
238 244
239 244
240 244
241 244
242 244
243 244
244 244
245 244
246 244
247 244
248 245
249 245
250 244
251 245
252 245
253 244
253 243
253 242
253 241
253 240
253 239
253 238
253 237
253 236
253 235
254 234
254 233
254 232
254 231
254 230
254 229
254 228
255 227
255 226
255 225
255 224
255 223
255 222
255 221
256 220
256 219
256 218
256 217
256 216
256 215
256 214
257 213
257 212
257 211
257 210
257 209
257 208
257 207
258 206
258 205
258 204
258 203
258 202
258 201
258 200
259 199
259 198
259 197
259 196
259 195
260 194
261 195
261 196
261 197
262 198
262 199
262 200
262 201
262 202
263 203
263 204
263 205
263 206
263 207
264 208
264 209
264 210
264 211
264 212
265 213
265 214
265 215
265 216
265 217
266 218
266 219
266 220
266 221
266 222
267 223
267 224
267 225
267 226
267 227
268 228
268 229
268 230
268 231
268 232
269 233
269 234
269 235
269 236
269 237
270 238
270 239
270 240
270 241
270 242
271 243
271 244
271 245
272 245
273 245
274 245
275 245
276 245
277 245
278 245
279 245
280 245
281 245
282 245
283 245
284 245
285 245
286 245
287 245
288 245
289 245
290 245
291 245
292 245
293 245
294 245
295 245
296 245
297 245
298 245
299 246
300 245
301 246
302 246
303 245
304 246
305 246
306 245
307 246
308 246
309 246
310 246
311 246
312 246
313 246
314 246
315 246
316 246
317 246
318 246
319 246
320 246
321 246
322 246
323 246
324 246
325 246
326 246
327 246
328 246
329 246
330 246
331 246
332 246
333 246
334 246
335 246
336 246
337 246
338 246
339 246
340 246
341 247
342 247
343 246
344 247
345 247
346 246
347 247
348 247
349 247
350 247
351 247
352 247
353 247
354 247
355 247
356 247
357 247
358 247
359 247
360 247
361 247
362 247
363 247
364 247
365 247
366 247
367 247
368 247
369 247
370 247
371 247
372 247
373 248
374 248
375 247
376 248
377 248
378 247
379 248
380 248
381 247
382 248
383 248
384 248
385 248
386 248
387 248
388 248
389 248
390 248
391 248
392 248
393 248
394 248
395 248
396 248
397 248
398 248
399 248
400 248
401 249
402 249
403 248
404 249
405 249
406 249
407 249
408 249
409 249
410 249
411 249
412 249
413 249
414 249
415 249
416 249
417 249
418 249
419 249
420 250
421 250
422 249
423 250
424 250
425 250
426 250
427 250
428 250
429 250
430 250
431 250
432 250
433 250
434 251
435 251
436 251
437 251
438 251
439 251
440 251
441 251
442 252
443 252
444 253
443 254
442 254
441 254
440 254
439 255
438 255
437 255
436 255
435 255
434 255
433 255
432 255
431 256
430 256
429 256
428 256
427 256
426 256
425 256
424 256
423 256
422 256
421 256
420 256
419 257
418 257
417 257
416 257
415 257
414 257
413 257
412 257
411 257
410 257
409 257
408 257
407 257
406 257
405 257
404 258
403 258
402 257
401 258
400 258
399 258
398 258
397 258
396 258
395 258
394 258
393 258
392 258
391 258
390 258
389 258
388 258
387 258
386 258
385 258
384 259
383 259
382 258
381 259
380 259
379 258
378 259
377 259
376 259
375 259
374 259
373 259
372 259
371 259
370 259
369 259
368 259
367 259
366 259
365 259
364 259
363 259
362 259
361 260
360 260
359 260
358 259
357 260
356 260
355 260
354 260
353 260
352 260
351 260
350 260
349 260
348 260
347 260
346 260
345 260
344 260
343 260
342 260
341 260
340 260
339 260
338 260
337 260
336 261
335 261
334 260
333 261
332 261
331 260
330 261
329 261
328 261
327 261
326 261
325 261
324 261
323 261
322 261
321 261
320 261
319 261
318 261
317 261
316 261
315 261
314 261
313 261
312 261
311 261
310 261
309 261
308 261
307 261
306 262
305 262
304 261
303 262
302 261
301 262
300 261
299 262
298 262
297 262
296 262
295 262
294 262
293 262
292 262
291 262
290 262
289 262
288 262
287 262
286 262
285 262
284 262
283 262
282 262
281 262
280 262
279 262
278 262
277 262
276 262
275 262
274 263
273 263
272 262
271 263
270 263
269 262
268 263
267 262
266 263
265 263
264 263
263 263
262 263
261 263
260 263
259 263
258 263
257 263
256 263
255 263
254 263
253 263
252 263
251 263
250 263
249 263
248 263
247 263
246 263
245 263
244 263
243 263
242 263
241 263
240 263
239 264
238 264
237 263
236 264
235 264
234 263
233 264
232 264
231 263
230 264
229 264
228 264
227 264
226 264
225 264
224 264
223 264
222 264
221 264
220 264
219 264
218 264
217 264
216 264
215 264
214 264
213 264
212 264
211 264
210 264
209 264
208 264
207 264
206 264
205 264
204 264
203 264
202 264
201 264
200 265
199 264
198 265
197 264
196 265
195 265
194 264
193 265
192 264
191 265
190 264
189 265
188 265
187 265
186 265
185 265
184 265
183 265
182 265
181 265
180 265
179 265
178 265
177 265
176 265
175 265
174 265
173 265
172 265
171 265
170 265
169 265
168 265
167 265
166 265
165 265
164 265
163 266
162 266
161 265
160 266
159 266
158 265
157 266
156 266
155 265
154 266
153 266
152 265
151 266
150 266
149 266
148 266
147 266
146 266
145 266
144 266
143 266
142 266
141 266
140 266
139 266
139 267
139 268
139 269
139 270
139 271
139 272
139 273
140 274
139 275
139 276
139 277
139 278
139 279
139 280
139 281
139 282
139 283
139 284
139 285
138 286
138 287
138 288
138 289
138 290
138 291
138 292
138 293
137 294
137 295
137 296
137 297
137 298
137 299
137 300
137 301
136 302
136 303
136 304
136 305
136 306
136 307
136 308
136 309
136 310
135 311
135 312
135 313
135 314
135 315
135 316
135 317
135 318
134 319
134 320
134 321
134 322
134 323
134 324
134 325
134 326
133 327
133 328
133 329
133 330
133 331
133 332
133 333
133 334
132 335
131 336
130 335
130 334
130 333
130 332
130 331
130 330
130 329
130 328
130 327
130 326
130 325
130 324
130 323
130 322
129 321
130 320
130 319
130 318
129 317
129 316
129 315
129 314
129 313
129 312
129 311
129 310
129 309
129 308
129 307
129 306
129 305
129 304
128 303
129 302
129 301
129 300
128 299
128 298
128 297
128 296
128 295
128 294
128 293
128 292
128 291
128 290
128 289
128 288
128 287
128 286
128 285
127 284
128 283
128 282
127 281
127 280
127 279
127 278
127 277
127 276
127 275
127 274
127 273
127 272
127 271
127 270
127 269
127 268
127 267
126 266
125 266
124 266
123 266
122 266
121 266
120 266
119 266
118 266
117 266
116 266
115 266
114 266
113 266
112 266
111 266
110 266
109 266
108 267
107 266
106 267
105 266
104 267
103 267
102 266
101 267
100 266
99 267
98 266
97 267
96 267
95 267
94 267
93 267
92 267
91 267
90 267
89 267
88 267
87 267
86 267
85 267
84 267
83 267
82 267
81 267
80 267
79 267
78 267
77 267
76 267
75 267
74 267
73 267
72 267
71 267
70 267
69 267
68 267
68 268
68 269
68 270
68 271
68 272
68 273
68 274
68 275
68 276
68 277
68 278
68 279
68 280
68 281
68 282
68 283
68 284
68 285
68 286
68 287
68 288
68 289
68 290
68 291
68 292
68 293
68 294
69 295
69 296
69 297
69 298
69 299
69 300
69 301
70 302
70 303
70 304
70 305
70 306
70 307
70 308
70 309
71 310
71 311
71 312
71 313
71 314
71 315
71 316
71 317
72 318
72 319
72 320
72 321
73 322
73 323
73 324
74 325
74 326
74 327
74 328
75 329
75 330
75 331
75 332
76 333
76 334
76 335
76 336
77 337
77 338
77 339
78 340
78 341
78 342
78 343
79 344
79 345
79 346
80 347
80 348
80 349
81 350
81 351
82 352
82 353
82 354
83 355
83 356
84 357
84 358
84 359
85 360
85 361
86 362
86 363
87 364
87 365
87 366
88 367
88 368
89 369
89 370
89 371
90 372
90 373
91 374
91 375
92 376
93 377
93 378
94 379
94 380
95 381
96 382
96 383
97 384
97 385
98 386
98 387
99 388
99 389
100 390
101 391
101 392
102 393
102 394
103 395
103 396
104 397
105 398
106 399
106 400
107 401
108 402
108 403
109 404
110 405
111 406
111 407
112 408
113 409
114 410
115 411
115 412
116 413
117 414
117 415
118 416
119 417
120 418
121 419
121 420
122 421
123 422
124 423
125 424
126 425
127 426
128 427
129 428
130 429
131 430
132 431
133 432
134 433
135 434
136 435
137 436
138 437
139 438
140 439
141 440
142 441
143 442
144 442
145 443
146 444
147 445
148 446
149 447
150 448
151 448
152 449
153 450
154 451
155 451
156 452
157 453
158 453
159 454
160 455
161 455
162 456
163 457
164 457
165 458
166 459
167 459
168 460
169 461
170 461
171 462
172 463
173 463
174 464
175 465
176 465
177 466
178 466
179 467
180 467
181 468
182 468
183 469
184 470
185 470
186 471
187 471
188 472
189 472
190 473
191 473
192 474
193 474
194 474
195 475
196 475
197 476
198 476
199 476
200 477
201 477
202 478
203 478
204 479
205 479
206 479
207 480
208 480
209 481
210 481
211 481
212 482
213 482
214 483
215 483
216 483
217 484
218 484
219 484
220 484
221 485
222 485
223 485
224 486
225 486
226 486
227 486
228 487
229 487
230 487
231 488
232 488
233 488
234 488
235 489
236 489
237 489
238 489
239 490
240 490
241 490
242 491
243 490
244 491
245 491
246 491
247 491
248 491
249 491
250 492
251 492
252 492
253 492
254 492
255 492
256 492
257 493
258 493
259 493
260 493
261 493
262 493
263 493
264 493
265 494
266 494
267 494
268 494
269 494
270 494
271 494
272 494
273 494
274 494
275 494
276 494
277 494
278 495
279 495
280 494
281 495
282 495
283 494
284 495
285 495
286 494
287 495
288 495
289 494
290 495
291 495
292 494
293 494
294 494
295 494
296 494
297 494
298 494
299 494
300 494
301 494
302 494
303 494
304 493
305 493
306 493
307 493
308 493
309 493
310 493
311 493
312 492
313 492
314 492
315 492
316 492
317 492
318 492
319 491
320 491
321 491
322 491
323 491
324 491
325 491
326 491
327 490
328 490
329 490
330 490
331 489
332 489
333 489
334 488
335 488
336 488
337 488
338 487
339 487
340 487
341 487
342 486
343 486
344 486
345 485
346 485
347 485
348 485
349 484
350 484
351 484
352 484
353 483
354 483
355 483
356 482
357 482
358 481
359 481
360 480
361 480
362 480
363 479
364 479
365 478
366 478
367 478
368 477
369 477
370 476
371 476
372 475
373 475
374 475
375 474
376 474
377 473
378 473
379 472
380 472
381 472
382 471
383 470
384 470
385 469
386 469
387 468
388 467
389 467
390 466
391 466
392 465
393 464
394 464
395 463
396 463
397 462
398 461
399 461
400 460
401 460
402 459
403 459
404 458
405 457
406 457
407 456
408 455
409 455
410 454
411 453
412 452
413 452
414 451
415 450
416 450
417 449
418 448
419 447
420 446
421 445
422 444
423 444
424 443
425 442
426 441
427 440
428 439
429 438
430 437
431 436
432 435
433 434
434 433
435 432
436 431
437 430
438 429
439 428
440 427
441 426
442 425
443 424
444 423
445 422
444 422
443 421
442 422
441 422
440 421
439 422
438 422
437 421
436 422
435 422
434 421
433 422
432 422
431 421
430 422
429 422
428 421
427 422
426 422
425 421
424 422
423 422
422 422
421 422
420 422
419 422
418 422
417 422
416 422
415 422
414 422
413 422
412 422
411 422
410 422
409 422
408 422
407 422
406 422
405 422
404 422
403 422
402 422
401 422
400 422
399 422
398 422
397 422
396 422
395 422
394 422
393 422
392 422
391 422
390 422
389 422
388 421
387 422
386 422
385 421
384 422
383 422
382 421
381 421
380 421
379 421
378 421
377 421
376 421
375 421
374 421
373 421
372 421
371 421
370 420
369 421
368 420
367 420
366 420
365 420
364 420
363 420
362 420
361 420
360 420
359 419
358 420
357 419
356 419
355 419
354 419
353 419
352 419
351 419
350 419
349 418
348 418
347 418
346 418
345 418
344 418
343 418
342 417
341 417
340 417
339 417
338 416
337 417
336 416
335 416
334 416
333 416
332 416
331 415
330 415
329 415
328 415
327 415
326 414
325 414
324 414
323 414
322 413
321 413
320 413
319 413
318 412
317 412
316 412
315 412
314 411
313 411
312 411
311 410
310 410
309 410
308 410
307 409
306 409
305 409
304 408
303 408
302 408
301 407
300 407
299 406
300 405
301 405
302 404
303 405
304 405
305 404
306 405
307 405
308 404
309 405
310 405
311 404
312 405
313 405
314 404
315 405
316 405
317 404
318 405
319 405
320 404
321 405
322 405
323 404
324 405
325 405
326 404
327 405
328 405
329 404
330 404
331 404
332 404
333 404
334 404
335 404
336 404
337 404
338 404
339 404
340 404
341 404
342 404
343 404
344 404
345 404
346 404
347 404
348 404
349 404
350 404
351 404
352 404
353 404
354 404
355 404
356 404
357 404
358 404
359 404
360 404
361 404
362 404
363 404
364 404
365 404
366 404
367 404
368 404
369 404
370 404
371 404
372 404
373 404
374 404
375 404
376 404
377 404
378 404
379 404
380 404
381 404
382 404
383 404
384 404
385 404
386 404
387 404
388 404
389 404
390 404
391 404
392 404
393 404
394 404
395 404
396 404
397 404
398 404
399 404
400 404
401 404
402 404
403 404
404 404
405 404
406 404
407 404
408 404
409 404
410 404
411 404
412 404
413 404
414 404
415 404
416 404
417 404
418 404
419 404
420 404
421 404
422 404
423 404
424 404
425 404
426 404
427 404
428 404
429 403
430 404
431 404
432 403
433 404
434 404
435 403
436 404
437 404
438 403
439 404
440 404
441 403
442 404
443 404
444 403
445 404
446 404
447 403
448 404
449 404
450 403
451 404
452 404
453 403
454 404
455 404
456 403
457 404
458 404
459 403
460 403
461 402
461 401
462 400
463 399
463 398
464 397
465 396
465 395
466 394
467 393
467 392
468 391
468 390
469 389
470 388
470 387
471 386
472 385
472 384
473 383
473 382
472 382
471 382
470 382
469 382
468 382
467 382
466 382
465 382
464 382
463 382
462 382
461 382
460 382
459 382
458 382
457 382
456 382
455 382
454 382
453 382
452 382
451 382
450 382
449 382
448 382
447 382
446 382
445 382
444 382
443 382
442 382
441 382
440 382
439 382
438 382
437 382
436 382
435 382
434 382
433 382
432 382
431 382
430 382
429 382
428 382
427 382
426 382
425 382
424 382
423 382
422 382
421 382
420 382
419 382
418 382
417 382
416 382
415 382
414 382
413 382
412 382
411 382
410 381
409 382
408 382
407 381
406 382
405 381
404 382
403 382
402 381
401 382
400 382
399 381
398 381
397 381
396 381
395 381
394 381
393 381
392 381
391 381
390 381
389 381
388 381
387 381
386 381
385 381
384 381
383 381
382 381
381 381
380 381
379 381
378 381
377 381
376 381
375 381
374 381
373 381
372 381
371 381
370 381
369 381
368 381
367 381
366 381
365 381
364 381
363 380
362 381
361 381
360 381
359 381
358 381
357 380
356 381
355 381
354 381
353 380
352 380
351 380
350 380
349 380
348 380
347 380
346 380
345 380
344 380
343 380
342 380
341 380
340 380
339 380
338 380
337 380
336 380
335 380
334 380
333 380
332 380
331 380
330 380
329 380
328 380
327 380
326 380
325 380
324 380
323 380
322 380
321 380
320 380
319 379
318 380
317 380
316 380
315 380
314 380
313 380
312 380
311 379
310 380
309 380
308 379
307 379
306 380
305 379
304 379
303 379
302 379
301 378
302 377
303 377
304 377
305 377
306 377
307 377
308 377
309 376
310 376
311 376
312 376
313 376
314 376
315 376
316 376
317 376
318 375
319 375
320 375
321 375
322 375
323 375
324 375
325 375
326 375
327 374
328 374
329 374
330 374
331 374
332 374
333 374
334 374
335 373
336 373
337 373
338 373
339 373
340 373
341 373
342 373
343 373
344 372
345 373
346 372
347 372
348 372
349 372
350 372
351 372
352 372
353 372
354 372
355 371
356 372
357 371
358 371
359 371
360 371
361 371
362 371
363 371
364 371
365 371
366 371
367 370
368 371
369 370
370 370
371 370
372 370
373 370
374 370
375 370
376 370
377 370
378 370
379 370
380 370
381 369
382 370
383 369
384 369
385 369
386 369
387 369
388 369
389 369
390 369
391 369
392 369
393 369
394 369
395 369
396 369
397 368
398 369
399 369
400 368
401 368
402 368
403 368
404 368
405 368
406 368
407 368
408 368
409 368
410 368
411 368
412 368
413 368
414 368
415 368
416 368
417 368
418 368
419 368
420 368
421 368
422 367
423 368
424 368
425 367
426 368
427 368
428 367
429 368
430 368
431 367
432 367
433 367
434 367
435 367
436 367
437 367
438 367
439 367
440 367
441 367
442 367
443 367
444 367
445 367
446 367
447 367
448 367
449 367
450 367
451 367
452 367
453 367
454 367
455 367
456 367
457 367
458 367
459 367
460 367
461 367
462 367
463 367
464 367
465 367
466 367
467 367
468 367
469 367
470 367
471 367
472 367
473 367
474 367
475 367
476 367
477 367
478 367
479 367
480 367
481 366
481 365
482 364
482 363
483 362
483 361
484 360
484 359
485 358
485 357
485 356
486 355
486 354
486 353
487 352
487 351
487 350
488 349
488 348
488 347
489 346
489 345
489 344
490 343
490 342
490 341
491 340
491 339
491 338
492 337
492 336
493 335
493 334
493 333
494 332
494 331
494 330
494 329
494 328
495 327
495 326
495 325
495 324
496 323
496 322
496 321
496 320
497 319
497 318
497 317
497 316
497 315
497 314
497 313
498 312
498 311
498 310
498 309
498 308
498 307
498 306
498 305
499 304
499 303
499 302
499 301
499 300
499 299
499 298
499 297
500 296
500 295
500 294
500 293
500 292
500 291
499 291
498 291
497 291
496 291
495 291
494 291
493 291
492 291
491 291
490 291
489 291
488 291
487 292
486 291
485 292
484 292
483 292
482 292
481 292
480 292
479 292
478 292
477 292
476 292
475 292
474 292
473 292
472 292
471 292
470 292
469 292
468 293
467 292
466 293
465 293
464 293
463 293
462 293
461 293
460 293
459 293
458 293
457 293
456 293
455 293
454 293
453 293
452 293
451 293
450 293
449 293
448 293
447 293
446 293
445 293
444 293
443 293
442 293
441 293
440 293
439 294
438 294
437 293
436 294
435 293
434 294
433 293
432 294
431 294
430 294
429 294
428 294
427 294
426 294
425 294
424 294
423 294
422 294
421 294
420 294
419 294
418 294
417 294
416 294
415 294
414 294
413 294
412 294
411 294
410 294
409 294
408 294
407 294
406 294
405 294
404 294
403 294
402 294
401 294
400 294
399 294
398 294
397 294
396 294
395 294
394 294
394 295
394 296
394 297
393 298
393 299
393 300
393 301
393 302
393 303
392 304
392 305
392 306
392 307
391 308
391 309
391 310
391 311
391 312
391 313
390 314
390 315
390 316
390 317
390 318
389 319
389 320
389 321
389 322
389 323
388 324
388 325
388 326
388 327
388 328
387 329
387 330
387 331
387 332
387 333
387 334
386 335
385 336
384 335
384 334
384 333
384 332
384 331
384 330
383 329
383 328
383 327
383 326
383 325
383 324
383 323
382 322
382 321
382 320
382 319
382 318
382 317
382 316
381 315
381 314
381 313
381 312
381 311
380 310
381 309
380 308
380 307
380 306
380 305
380 304
379 303
380 302
379 301
379 300
379 299
379 298
379 297
379 296
379 295
379 294
378 294
377 294
376 294
375 294
374 294
373 294
372 294
371 294
370 294
369 294
368 294
367 294
366 294
365 294
364 294
363 294
362 294
361 294
360 294
359 294
358 294
357 294
356 294
355 294
354 294
353 294
352 294
351 294
350 294
349 294
348 294
347 294
346 294
345 294
344 294
343 294
342 294
341 294
340 294
339 294
338 294
337 294
336 294
335 294
334 294
333 294
332 294
331 294
330 294
329 294
328 293
327 294
326 294
325 294
324 293
323 294
322 294
321 294
320 293
319 293
318 293
317 293
316 293
315 293
314 293
313 293
312 293
311 293
310 293
309 293
308 293
307 293
306 293
305 293
304 293
303 293
302 293
301 293
300 293
299 293
298 293
297 293
296 292
295 293
294 292
293 293
292 292
291 292
290 292
289 292
288 292
287 292
286 292
285 292
284 292
283 292
282 292
281 292
280 292
279 292
278 292
277 292
276 292
275 292
274 292
273 292
272 292
271 292
270 292
269 292
268 291
267 291
266 291
265 291
264 291
263 291
262 291
261 291
260 291
259 291
258 291
257 291
256 291
255 291
254 291
253 291
252 291
251 291
250 290
249 291
248 290
247 290
246 290
245 290
244 290
243 290
242 290
241 290
240 290
239 290
238 290
237 290
236 289
235 290
234 290
233 289
232 289
231 289
230 289
229 289
228 289
227 289
226 289
225 289
224 289
223 289
222 289
221 289
220 289
219 289
218 288
217 288
216 289
215 288
214 288
213 288
212 288
211 288
210 288
209 288
208 288
207 288
206 288
205 288
204 288
203 287
202 287
201 287
200 287
199 287
198 287
197 287
196 287
195 287
194 287
193 287
192 286
191 286
190 286
189 285
190 284
191 284
192 284
193 284
194 284
195 284
196 284
197 284
198 284
199 284
200 284
201 284
202 284
203 284
204 284
205 284
206 284
207 284
208 284
209 284
210 284
211 284
212 284
213 284
214 284
215 284
216 284
217 284
218 284
219 284
220 284
221 284
222 284
223 284
224 284
225 284
226 283
227 284
228 284
229 283
230 284
231 284
232 283
233 284
234 284
235 283
236 284
237 283
238 283
239 283
240 283
241 283
242 283
243 283
244 283
245 283
246 283
247 283
248 283
249 283
250 283
251 283
252 283
253 283
254 283
255 283
256 283
257 283
258 283
259 283
260 283
261 283
262 283
263 283
264 283
265 283
266 283
267 283
268 283
269 283
270 283
271 283
272 283
273 283
274 282
275 283
276 283
277 282
278 283
279 283
280 282
281 283
282 283
283 282
284 282
285 282
286 282
287 282
288 282
289 282
290 282
291 282
292 282
293 282
294 282
295 282
296 282
297 282
298 282
299 282
300 282
301 282
302 282
303 282
304 282
305 282
306 282
307 282
308 282
309 282
310 282
311 282
312 282
313 282
314 282
315 282
316 282
317 282
318 282
319 282
320 282
321 281
322 282
323 282
324 281
325 282
326 282
327 281
328 282
329 282
330 281
331 282
332 281
333 281
334 281
335 281
336 281
337 281
338 281
339 281
340 281
341 281
342 281
343 281
344 281
345 281
346 281
347 281
348 281
349 281
350 281
351 281
352 281
353 281
354 281
355 281
356 281
357 281
358 281
359 281
360 281
361 281
362 281
363 281
364 281
365 281
366 281
367 281
368 280
369 281
370 281
371 280
372 281
373 281
374 280
375 281
376 281
377 280
378 281
379 280
380 280
381 280
382 280
383 280
384 280
385 280
386 280
387 280
388 280
389 280
390 280
391 280
392 280
393 280
394 280
395 280
396 280
397 280
398 280
399 280
400 280
401 280
402 280
403 280
404 280
405 280
406 280
407 280
408 280
409 280
410 280
411 280
412 280
413 280
414 280
415 279
416 280
417 280
418 279
419 280
420 280
421 279
422 280
423 280
424 279
425 280
426 279
427 279
428 279
429 279
430 279
431 279
432 279
433 279
434 279
435 279
436 279
437 279
438 279
439 279
440 279
441 279
442 279
443 279
444 279
445 279
446 279
447 279
448 279
449 279
450 279
451 279
452 279
453 279
454 279
455 279
456 279
457 279
458 279
459 279
460 279
461 279
462 279
463 278
464 279
465 279
466 278
467 279
468 279
469 278
470 279
471 279
472 278
473 279
474 278
475 278
476 278
477 278
478 278
479 278
480 278
481 278
482 278
483 278
484 278
485 278
486 278
487 278
488 278
489 278
490 278
491 278
492 278
493 278
494 278
495 278
496 278
497 278
498 278
499 278
500 278
501 278
501 277
500 276
501 275
501 274
500 273
501 272
501 271
501 270
500 269
501 268
501 267
500 266
501 265
501 264
501 263
500 262
501 261
501 260
500 259
500 258
500 257
500 256
500 255
500 254
500 253
500 252
499 251
499 250
499 249
499 248
499 247
499 246
498 245
499 244
498 243
498 242
498 241
498 240
498 239
498 238
498 237
497 236
497 235
497 234
497 233
497 232
497 231
496 230
496 229
496 228
496 227
495 226
495 225
495 224
494 223
494 222
494 221
494 220
493 219
493 218
493 217
493 216
492 215
492 214
492 213
491 212
491 211
491 210
491 209
490 208
490 207
490 206
490 205
489 204
489 203
488 202
488 201
488 200
487 199
487 198
487 197
486 196
486 195
485 194
485 193
484 192
484 191
484 190
483 189
483 188
482 187
482 186
482 185
481 184
481 183
480 182
480 181
480 180
479 179
479 178
478 177
478 176
477 175
477 174
476 173
476 172
475 171
475 170
474 169
474 168
473 167
473 166
472 165
471 164
471 163
470 162
469 161
469 160
468 159
468 158
467 157
466 156
466 155
465 154
464 153
464 152
463 151
462 150
462 149
461 148
460 147
460 146
459 145
458 144
458 143
457 142
456 141
456 140
455 139
454 138
453 137
452 136
452 135
451 134
450 133
449 132
448 131
448 130
447 129
446 128
445 127
444 126
443 125
442 124
441 123
440 122
439 121
438 120
437 119
436 118
435 117
434 116
433 115
432 114
431 113
430 112
429 111
428 110
427 109
426 108
425 107
424 107
423 106
422 105
421 104
420 103
419 102
418 101
417 101
416 100
415 99
414 99
413 98
412 97
411 97
410 96
409 95
408 95
407 94
406 93
405 93
404 92
403 91
402 91
401 90
400 89
399 89
398 88
397 87
396 87
395 86
394 85
393 85
392 84
391 83
390 83
389 82
388 82
387 81
386 81
385 80
384 80
383 79
382 78
381 78
380 77
379 77
378 77
377 76
376 76
375 75
374 75
373 74
372 74
371 74
370 73
369 73
368 72
367 72
366 72
365 71
364 71
363 70
362 70
361 70
360 69
359 69
358 68
357 68
356 68
355 67
354 67
353 66
352 66
351 66
350 66
349 65
348 65
347 65
346 64
345 64
344 64
343 64
342 63
341 63
340 63
339 63
338 62
337 62
336 62
335 61
334 61
333 61
332 61
331 60
330 60
329 60
328 59
327 59
326 59
325 59
324 59
323 59
322 58
321 58
320 58
319 58
318 58
317 58
316 58
315 57
314 57
313 57
312 57
311 57
310 57
309 57
308 57
307 56
306 56
305 56
304 56
303 56
302 56
301 56
300 56
299 55
298 55
297 55
296 55
295 55
294 55
293 55
292 55
291 55
290 55
289 55
288 55
287 55
286 55
285 55
284 55
283 55
282 55
281 55
280 55
279 55
278 55
277 55
276 55
275 55
274 55
273 55
272 55
271 55
270 55
269 56
