285 104
285 105
284 106
284 107
283 108
282 109
281 109
280 109
279 110
278 110
277 111
276 111
275 112
274 113
273 113
272 114
271 115
270 116
269 117
268 118
267 119
266 119
265 118
264 119
263 119
262 119
262 120
261 121
260 122
260 123
259 124
258 125
257 126
256 127
255 127
254 128
253 129
253 130
252 131
251 132
250 132
249 133
248 133
247 133
246 133
245 133
244 133
243 133
242 134
242 135
241 136
241 137
240 138
240 139
239 140
239 141
238 142
237 142
236 143
235 143
234 143
233 143
232 143
231 144
231 145
230 146
229 147
228 147
227 148
226 148
225 148
224 148
223 148
222 148
221 148
220 149
220 150
221 151
220 152
220 153
220 154
220 155
219 156
218 157
217 157
216 157
215 158
214 158
213 158
212 157
211 157
210 157
209 158
209 159
209 160
209 161
208 162
209 163
208 164
207 165
206 165
205 166
204 166
203 166
202 166
201 166
200 165
199 166
198 166
197 166
196 167
196 168
196 169
196 170
197 171
197 172
196 173
196 174
195 175
194 175
193 176
192 176
191 176
190 177
189 177
188 177
187 177
186 177
185 177
184 177
183 177
182 176
181 176
180 176
180 177
179 178
180 179
180 180
180 181
180 182
180 183
180 184
179 185
178 186
177 186
176 186
175 186
174 186
173 187
172 186
171 187
170 188
170 189
171 190
171 191
171 192
171 193
170 194
170 195
169 196
168 196
167 196
166 196
165 196
164 196
163 195
162 195
161 194
160 194
159 193
158 193
157 194
156 194
156 195
156 196
156 197
156 198
156 199
157 200
157 201
158 202
158 203
158 204
157 205
156 206
155 206
154 206
153 206
152 206
151 206
150 205
149 205
148 205
147 205
146 206
145 207
145 208
145 209
145 210
145 211
144 212
143 213
142 213
141 213
140 213
139 212
138 213
137 212
136 213
135 213
135 214
134 215
134 216
134 217
134 218
134 219
134 220
134 221
133 222
132 222
131 222
130 221
129 220
128 220
127 220
126 220
125 221
125 222
125 223
125 224
125 225
124 226
124 227
124 228
123 229
122 229
121 230
120 230
119 229
118 229
117 229
116 228
115 228
114 228
113 229
112 229
112 230
112 231
111 232
111 233
111 234
111 235
111 236
111 237
110 238
109 238
108 238
107 238
106 238
105 238
104 238
103 237
102 238
101 238
101 239
102 240
102 241
102 242
102 243
102 244
101 245
100 246
99 245
98 246
97 245
96 245
95 245
94 246
93 246
92 246
91 247
91 248
90 249
90 250
90 251
90 252
90 253
91 254
92 255
93 256
94 257
95 258
95 259
96 260
96 261
96 262
96 263
96 264
95 265
96 266
96 267
97 268
98 269
98 270
99 271
100 272
100 273
101 274
101 275
100 276
100 277
100 278
99 279
99 280
99 281
99 282
99 283
99 284
99 285
99 286
99 287
100 288
100 289
101 289
102 290
103 291
103 292
104 293
104 294
104 295
105 296
105 297
105 298
105 299
105 300
105 301
105 302
105 303
105 304
106 305
106 306
107 307
108 308
108 309
109 310
110 311
111 312
111 313
112 314
112 315
113 316
113 317
114 318
115 319
116 320
117 321
117 322
118 323
119 324
120 325
120 326
120 327
121 328
120 329
119 330
118 330
117 330
116 330
115 330
114 330
113 330
112 331
113 332
113 333
114 334
115 335
116 336
117 337
118 338
119 338
120 339
121 340
122 340
123 341
124 342
124 343
125 344
124 345
125 346
125 347
124 348
124 349
124 350
125 350
126 351
125 352
125 353
125 354
126 355
126 356
125 357
126 358
126 359
127 360
127 361
128 362
129 363
130 364
131 365
131 366
132 367
133 368
133 369
134 370
134 371
134 372
133 373
133 374
133 375
134 376
134 377
134 378
135 379
135 380
135 381
134 382
135 383
134 384
133 384
132 384
131 384
132 385
132 386
132 387
133 388
133 389
134 390
135 391
135 392
135 393
136 394
136 395
137 396
137 397
138 398
138 399
139 400
140 400
141 401
142 402
143 403
144 404
145 405
145 406
146 407
145 408
144 409
143 410
142 410
141 410
140 410
139 410
138 410
138 411
138 412
139 413
139 414
140 415
141 416
142 416
143 417
144 418
145 419
146 420
147 421
148 422
148 423
149 424
149 425
149 426
150 427
150 428
151 429
151 430
152 431
152 432
153 433
153 434
153 435
153 436
153 437
152 438
151 438
151 439
151 440
151 441
152 442
153 443
154 444
155 445
156 446
157 447
158 448
159 449
160 450
161 451
161 452
161 453
162 454
161 455
160 456
159 456
158 457
157 457
156 458
157 458
158 459
157 460
157 461
158 462
159 463
159 464
159 465
160 466
161 467
161 468
162 469
163 470
163 471
163 472
164 473
164 474
164 475
164 476
164 477
165 478
165 479
166 479
167 479
168 480
169 480
170 481
171 481
172 481
173 482
174 482
175 482
176 481
177 481
178 480
178 479
178 478
179 477
180 476
181 477
182 478
183 478
184 479
185 480
186 481
187 481
188 481
189 481
190 482
191 482
192 482
193 482
194 483
195 483
196 483
197 483
198 483
199 482
199 481
200 480
201 479
202 479
203 479
204 479
205 479
206 479
207 479
208 480
209 480
210 479
211 480
212 479
213 479
214 479
215 479
216 479
217 480
218 480
219 480
220 481
221 481
222 482
223 482
224 482
225 481
226 481
227 480
227 479
228 478
228 477
229 476
230 477
231 477
232 478
233 479
234 480
235 480
236 481
237 481
238 481
239 482
240 482
241 482
242 482
243 482
244 483
245 483
246 483
247 483
248 482
249 481
249 480
250 479
251 479
252 479
253 479
254 479
255 479
256 479
257 479
258 480
259 480
260 479
261 479
262 479
263 479
264 479
265 479
266 479
267 480
268 480
269 481
270 481
271 481
272 482
273 482
274 482
275 481
276 481
277 480
277 479
277 478
278 477
279 476
280 477
281 478
282 478
283 479
284 480
285 481
286 481
287 481
288 481
289 482
290 482
291 482
292 482
293 483
294 483
295 483
296 483
297 483
298 482
298 481
299 480
300 479
301 479
302 479
303 479
304 479
305 479
306 479
307 480
308 480
309 479
310 480
311 479
312 479
313 479
314 479
315 479
316 480
317 480
318 480
319 481
320 481
321 482
322 482
323 482
324 481
325 481
326 480
326 479
327 478
327 477
328 476
329 477
330 477
331 478
332 479
333 480
334 480
335 481
336 481
337 481
338 482
339 482
340 482
341 482
342 482
343 483
344 483
345 483
346 483
347 482
348 481
348 480
349 479
350 479
351 479
352 479
353 479
354 479
355 479
356 479
357 480
358 480
359 479
360 479
361 479
362 479
363 479
364 479
365 479
366 480
367 480
368 481
369 481
370 481
371 482
372 482
373 482
374 481
375 481
376 480
376 479
376 478
377 477
378 476
379 477
380 478
381 478
382 479
383 480
384 481
385 481
386 481
387 481
388 482
389 482
390 482
391 482
392 483
393 483
394 483
395 483
396 483
397 482
397 481
398 480
399 479
400 479
401 479
402 479
403 479
404 479
404 478
404 477
405 476
406 475
407 474
408 473
409 473
410 472
410 471
409 470
410 469
409 468
409 467
409 466
409 465
409 464
409 463
409 462
409 461
409 460
409 459
409 458
409 457
410 456
411 455
412 456
413 455
414 455
415 454
415 453
416 452
416 451
416 450
415 449
415 448
415 447
415 446
415 445
415 444
416 443
416 442
417 441
417 440
418 439
419 439
420 438
419 437
420 436
419 435
419 434
420 433
420 432
421 431
421 430
422 429
422 428
422 427
422 426
422 425
422 424
422 423
421 422
421 421
421 420
421 419
422 418
423 418
424 418
425 418
426 418
427 419
428 419
429 419
430 418
429 417
429 416
428 415
428 414
427 413
427 412
427 411
427 410
427 409
427 408
428 407
429 406
430 405
430 404
430 403
431 402
430 401
430 400
430 399
430 398
430 397
430 396
430 395
430 394
430 393
431 392
430 391
431 390
430 389
431 388
432 388
433 387
434 387
435 387
435 386
436 385
437 384
437 383
437 382
437 381
437 380
438 379
438 378
439 377
439 376
440 375
441 374
441 373
441 372
440 371
440 370
439 369
438 368
438 367
437 366
436 365
436 364
436 363
437 362
438 363
439 362
440 362
441 362
442 362
443 362
444 361
444 360
445 359
445 358
445 357
444 356
444 355
443 354
443 353
443 352
443 351
443 350
443 349
444 348
445 348
446 348
447 348
448 349
449 349
450 350
451 350
452 350
453 351
453 350
453 349
453 348
452 347
452 346
451 345
451 344
450 343
450 342
450 341
449 340
450 339
450 338
451 337
451 336
452 335
452 334
452 333
452 332
452 331
452 330
452 329
452 328
452 327
453 326
454 325
455 324
456 323
456 322
456 321
456 320
456 319
456 318
456 317
456 316
457 315
457 314
457 313
458 312
459 311
460 310
461 309
461 308
462 307
462 306
462 305
462 304
461 303
460 302
460 301
459 300
458 299
457 298
457 297
456 296
456 295
456 294
457 293
458 293
459 293
460 293
461 294
462 294
463 294
464 294
465 295
466 294
467 294
467 293
468 292
468 291
468 290
467 289
467 288
467 287
466 286
466 285
466 284
465 283
465 282
466 281
467 280
468 280
469 279
470 280
471 279
472 279
472 278
472 277
471 276
471 275
471 274
471 273
471 272
471 271
472 270
472 269
473 268
473 267
473 266
474 265
473 264
473 263
473 262
473 261
474 260
474 259
474 258
475 257
476 256
477 255
477 254
477 253
476 252
475 251
475 250
475 249
476 248
476 247
475 246
474 245
473 245
472 244
471 243
470 242
469 241
468 240
467 239
466 238
465 237
464 236
463 235
462 234
461 233
460 234
459 233
458 234
457 234
456 234
455 234
454 234
453 233
452 232
451 231
450 230
449 229
448 228
448 227
447 226
447 225
446 224
445 223
444 222
443 222
442 221
441 220
440 220
439 219
438 218
437 218
436 217
435 217
434 216
433 216
432 215
431 215
430 214
429 213
428 213
427 212
426 211
425 210
424 209
423 208
422 207
421 207
420 206
419 205
418 205
417 204
416 203
415 202
414 201
413 200
412 199
411 198
411 197
410 196
409 195
408 194
407 193
406 192
406 191
405 191
404 190
403 190
402 190
401 191
400 192
399 192
398 191
397 191
396 190
395 189
394 188
393 187
392 187
391 186
390 185
389 185
388 184
387 184
386 183
385 183
384 182
383 181
382 180
381 179
381 178
380 177
380 176
379 175
378 174
377 173
377 172
376 171
375 170
374 169
373 168
372 167
371 167
370 167
369 166
368 167
367 167
366 167
365 166
364 165
363 164
362 163
363 162
362 161
362 160
362 159
361 158
360 157
359 156
358 155
357 155
356 154
355 154
354 154
353 153
352 153
351 152
350 152
349 151
348 150
347 149
346 148
345 148
344 147
343 146
342 146
341 145
340 145
339 145
338 145
337 145
336 145
335 145
334 144
333 144
332 143
331 142
330 142
329 141
328 140
327 139
326 139
325 138
324 137
324 136
323 135
323 134
322 133
322 132
321 131
320 130
319 129
318 128
317 127
316 126
315 125
314 124
313 123
312 123
311 122
310 122
309 122
308 121
307 121
306 122
305 121
304 121
303 121
302 120
301 119
300 120
299 119
298 118
297 119
296 118
295 117
294 116
293 115
294 114
295 114
296 115
297 115
298 115
299 115
300 114
301 115
300 114
300 113
299 112
299 111
298 111
297 110
296 109
295 109
294 109
293 108
292 108
291 108
290 108
289 107
288 106
287 106
286 105
