63 109
63 110
63 111
63 112
63 113
63 114
63 115
63 116
63 117
63 118
63 119
63 120
63 121
63 122
63 123
63 124
63 125
63 126
63 127
63 128
62 129
63 130
63 131
63 132
63 133
63 134
63 135
62 136
63 137
63 138
63 139
63 140
62 141
63 142
63 143
63 144
63 145
62 146
63 147
63 148
63 149
62 150
63 151
63 152
63 153
62 154
63 155
63 156
63 157
62 158
63 159
63 160
63 161
62 162
63 163
63 164
63 165
62 166
63 167
63 168
62 169
63 170
63 171
62 172
63 173
63 174
62 175
63 176
63 177
62 178
63 179
63 180
62 181
63 182
63 183
62 184
63 185
63 186
62 187
63 188
63 189
62 190
63 191
63 192
62 193
63 194
63 195
62 196
63 197
63 198
62 199
63 200
63 201
62 202
63 203
63 204
62 205
63 206
63 207
62 208
63 209
63 210
62 211
63 212
63 213
62 214
63 215
63 216
62 217
63 218
63 219
62 220
63 221
63 222
64 222
65 222
66 222
67 222
68 222
69 222
70 222
71 222
72 222
73 222
74 222
75 222
76 222
77 222
78 222
79 222
80 222
81 222
82 222
83 222
84 222
85 222
86 222
87 222
88 222
89 222
90 222
91 222
92 222
93 222
94 222
95 222
96 222
97 222
98 222
99 222
100 222
101 222
102 222
103 222
104 222
105 222
106 222
107 222
108 222
109 222
110 222
111 222
112 222
113 222
114 222
115 222
116 222
117 222
118 222
119 222
120 222
121 222
122 222
123 222
124 222
125 222
126 222
127 222
128 222
129 222
130 222
131 222
132 222
133 222
134 222
135 222
136 222
137 222
138 222
139 222
140 222
141 222
142 222
143 222
144 222
145 222
146 222
147 222
148 222
149 222
150 222
151 222
152 222
153 222
154 222
155 222
156 222
157 222
158 222
159 222
160 222
161 222
162 222
163 222
164 222
165 222
166 222
167 222
168 222
169 222
170 222
171 222
172 222
173 222
174 222
175 222
176 222
177 222
178 222
179 222
180 222
181 222
182 222
183 222
184 222
185 222
186 222
187 222
188 222
189 222
190 222
191 222
192 222
193 223
193 224
193 225
193 226
193 227
194 228
194 229
194 230
194 231
195 232
195 233
195 234
195 235
195 236
196 237
196 238
196 239
196 240
196 241
197 242
197 243
197 244
197 245
197 246
198 247
198 248
198 249
198 250
198 251
199 252
199 253
199 254
199 255
200 256
200 257
200 258
200 259
200 260
201 261
201 262
201 263
201 264
201 265
202 266
202 267
202 268
202 269
203 270
203 271
203 272
203 273
203 274
204 275
204 276
204 277
204 278
204 279
205 280
205 281
205 282
205 283
205 284
206 285
206 286
206 287
206 288
207 289
207 290
207 291
207 292
207 293
208 294
208 295
208 296
208 297
208 298
209 299
209 300
209 301
209 302
209 303
210 304
210 305
210 306
210 307
211 308
211 309
211 310
211 311
211 312
212 313
212 314
212 315
212 316
212 317
213 318
213 319
213 320
213 321
213 322
214 323
214 324
214 325
214 326
215 327
215 328
215 329
215 330
215 331
216 332
216 333
216 334
216 335
216 336
217 337
217 338
217 339
217 340
218 341
218 342
218 343
218 344
218 345
219 346
219 347
219 348
219 349
219 350
220 351
220 352
220 353
220 354
220 355
221 356
221 357
221 358
221 359
222 360
222 361
222 362
222 363
222 364
223 365
223 366
223 367
223 368
223 369
224 370
224 371
224 372
224 373
224 374
225 375
225 376
225 377
225 378
226 379
226 380
226 381
226 382
226 383
227 384
227 385
227 386
227 387
227 388
228 389
228 390
228 391
228 392
228 393
229 394
229 395
229 396
229 397
230 398
230 399
230 400
230 401
230 402
231 403
231 404
231 405
231 406
231 407
232 408
232 409
232 410
232 411
232 412
233 413
233 414
233 415
233 416
234 417
234 418
234 419
234 420
234 421
235 422
235 423
235 424
235 425
235 426
236 427
236 428
236 429
236 430
237 431
237 432
237 433
237 434
237 435
238 436
238 437
238 438
238 439
238 440
239 441
239 442
239 443
239 444
239 445
240 446
240 447
240 448
240 449
241 450
241 451
241 452
241 453
241 454
242 455
242 456
242 457
242 458
242 459
243 460
243 461
243 462
243 463
243 464
244 465
244 466
244 467
244 468
245 469
245 470
245 471
245 472
245 473
246 474
246 475
246 476
246 477
246 478
247 479
247 480
247 481
247 482
247 483
248 484
248 485
248 486
248 487
249 488
249 489
249 490
249 491
249 492
250 493
250 494
250 495
251 495
252 495
253 495
254 495
255 495
256 495
257 495
258 495
259 495
260 495
261 495
262 495
263 495
264 495
265 495
266 495
267 495
268 495
269 495
270 495
271 495
272 495
273 495
274 495
275 495
276 495
277 495
278 495
279 495
280 495
281 495
282 495
283 495
284 495
285 495
286 495
287 495
288 495
289 495
290 495
291 495
292 495
293 495
294 495
295 495
296 495
297 495
298 495
299 495
300 495
301 495
302 495
303 495
304 495
305 495
306 495
307 495
308 495
309 495
310 495
311 495
312 495
313 495
314 495
315 495
316 495
317 495
318 495
319 495
320 495
321 495
322 495
323 495
324 495
325 495
326 495
327 495
328 495
329 495
330 495
331 495
332 495
333 495
333 494
334 493
334 492
334 491
334 490
334 489
334 488
335 487
335 486
335 485
335 484
335 483
336 482
336 481
336 480
336 479
336 478
337 477
337 476
337 475
337 474
337 473
338 472
338 471
338 470
338 469
338 468
339 467
339 466
339 465
339 464
339 463
340 462
340 461
340 460
340 459
340 458
341 457
341 456
341 455
341 454
341 453
341 452
342 451
342 450
342 449
342 448
342 447
343 446
343 445
343 444
343 443
343 442
344 441
344 440
344 439
344 438
344 437
345 436
345 435
345 434
345 433
345 432
346 431
346 430
346 429
346 428
346 427
347 426
347 425
347 424
347 423
347 422
347 421
348 420
348 419
348 418
348 417
349 416
349 415
349 414
349 413
349 412
349 411
350 410
350 409
350 408
350 407
350 406
351 405
351 404
351 403
351 402
351 401
352 400
352 399
352 398
352 397
352 396
353 395
353 394
353 393
353 392
353 391
354 390
354 389
354 388
354 387
354 386
355 385
355 384
355 383
355 382
355 381
356 380
356 379
356 378
356 377
356 376
356 375
357 374
357 373
357 372
357 371
357 370
358 369
358 368
358 367
358 366
358 365
359 364
359 363
359 362
359 361
359 360
360 359
360 358
360 357
360 356
360 355
361 354
361 353
361 352
361 351
361 350
362 349
362 348
362 347
362 346
362 345
363 344
363 343
363 342
363 341
363 340
364 339
364 338
364 337
364 336
364 335
364 334
365 333
365 332
365 331
365 330
365 329
366 328
366 327
366 326
366 325
366 324
367 323
367 322
367 321
367 320
367 319
368 318
368 317
368 316
368 315
368 314
369 313
369 312
369 311
369 310
369 309
370 308
370 307
370 306
370 305
370 304
370 303
371 302
371 301
371 300
371 299
372 298
372 297
372 296
372 295
372 294
372 293
373 292
373 291
373 290
373 289
373 288
374 287
374 286
374 285
374 284
374 283
375 282
375 281
375 280
375 279
375 278
376 277
376 276
376 275
376 274
376 273
377 272
377 271
377 270
377 269
377 268
378 267
378 266
378 265
378 264
378 263
379 262
379 261
379 260
379 259
379 258
379 257
380 256
380 255
380 254
380 253
380 252
381 251
381 250
381 249
381 248
381 247
382 246
382 245
382 244
382 243
382 242
383 241
383 240
383 239
383 238
383 237
384 236
384 235
384 234
384 233
384 232
385 231
385 230
385 229
385 228
385 227
385 226
386 225
386 224
386 223
387 222
388 222
389 222
390 222
391 222
392 222
393 222
394 222
395 222
396 222
397 222
398 222
399 222
400 222
401 222
402 222
403 222
404 222
405 222
406 222
407 222
408 222
409 222
410 222
411 222
412 222
413 222
414 222
415 222
416 222
417 222
418 222
419 222
420 222
421 222
422 222
423 222
424 222
425 222
426 222
427 222
428 222
429 222
430 222
431 222
432 222
433 222
434 222
435 222
436 222
437 222
438 222
439 222
440 222
441 222
442 222
443 222
444 222
445 222
446 222
447 222
448 222
449 222
450 222
451 222
452 222
453 222
454 222
455 222
456 222
457 222
458 222
459 222
460 222
461 222
462 222
463 222
464 222
465 222
466 222
467 222
468 222
469 222
470 222
471 222
472 222
473 222
474 222
475 222
476 222
477 222
478 222
479 222
480 222
481 222
482 222
483 222
484 222
485 222
486 222
487 222
488 222
489 222
490 222
491 222
492 222
493 222
494 222
495 222
496 222
497 222
498 222
499 222
500 222
501 222
502 222
503 222
504 222
505 222
506 222
507 222
507 221
507 220
507 219
507 218
507 217
507 216
507 215
507 214
507 213
507 212
507 211
507 210
507 209
507 208
507 207
507 206
507 205
507 204
507 203
507 202
507 201
507 200
507 199
507 198
507 197
507 196
507 195
507 194
507 193
507 192
507 191
507 190
507 189
507 188
507 187
507 186
507 185
507 184
507 183
507 182
507 181
507 180
507 179
507 178
507 177
507 176
507 175
507 174
507 173
507 172
507 171
507 170
507 169
507 168
507 167
507 166
507 165
507 164
507 163
507 162
507 161
507 160
507 159
507 158
507 157
507 156
507 155
507 154
507 153
507 152
507 151
507 150
507 149
507 148
507 147
507 146
507 145
507 144
507 143
507 142
507 141
507 140
507 139
507 138
507 137
507 136
507 135
507 134
507 133
507 132
507 131
507 130
507 129
507 128
507 127
507 126
507 125
507 124
507 123
507 122
507 121
507 120
507 119
507 118
507 117
507 116
507 115
507 114
507 113
507 112
507 111
507 110
506 109
505 110
504 109
503 109
502 110
501 109
500 109
499 110
498 109
497 109
496 110
495 109
494 109
493 110
492 109
491 109
490 110
489 109
488 109
487 110
486 109
485 109
484 110
483 109
482 109
481 110
480 109
479 109
478 110
477 109
476 109
475 110
474 109
473 109
472 110
471 109
470 109
469 110
468 109
467 109
466 110
465 109
464 109
463 110
462 109
461 109
460 110
459 109
458 109
457 110
456 109
455 109
454 110
453 109
452 109
451 110
450 109
449 109
448 110
447 109
446 109
445 110
444 109
443 109
442 110
441 109
440 109
439 110
438 109
437 109
436 110
435 109
434 109
433 110
432 109
431 109
430 110
429 109
428 109
427 110
426 109
425 109
424 110
423 109
422 109
421 110
420 109
419 109
418 110
417 109
416 109
415 110
414 109
413 109
412 110
411 109
410 109
409 110
408 109
407 109
406 110
405 109
404 109
403 110
402 109
401 109
400 110
399 109
398 109
397 110
396 109
395 109
394 110
393 109
392 109
391 110
390 109
389 109
388 110
387 109
386 109
385 110
384 109
383 109
382 110
381 109
380 109
379 110
378 109
377 109
376 110
375 109
374 109
373 110
372 109
371 109
370 110
369 109
368 109
367 110
366 109
365 109
364 110
363 109
362 109
361 110
360 109
359 109
358 110
357 109
356 109
355 110
354 109
353 109
352 110
351 109
350 109
349 110
348 109
347 109
346 110
345 109
344 109
343 110
342 109
341 109
340 110
339 109
338 109
337 110
336 109
335 109
334 110
333 109
332 109
331 110
330 109
329 109
328 110
327 109
326 109
325 110
324 109
323 109
322 110
321 109
320 109
319 110
318 109
317 109
316 110
315 109
314 109
313 110
312 109
311 109
310 110
309 109
308 109
307 110
306 109
305 109
304 110
303 109
302 109
301 110
300 109
299 109
298 110
297 109
296 109
295 110
294 109
293 109
292 110
291 109
290 109
289 110
288 109
287 109
286 110
285 109
284 109
283 110
282 109
281 109
280 110
279 109
278 109
277 110
276 109
275 109
274 110
273 109
272 109
271 110
270 109
269 109
268 110
267 109
266 109
265 110
264 109
263 109
262 110
261 109
260 109
259 110
258 109
257 109
256 110
255 109
254 109
253 110
252 109
251 109
250 110
249 109
248 109
247 110
246 109
245 109
244 110
243 109
242 109
241 110
240 109
239 109
238 110
237 109
236 109
235 110
234 109
233 109
232 110
231 109
230 109
229 110
228 109
227 109
226 110
225 109
224 109
223 110
222 109
221 109
220 110
219 109
218 109
217 110
216 109
215 109
214 110
213 109
212 109
211 110
210 109
209 109
208 110
207 109
206 109
205 110
204 109
203 109
202 110
201 109
200 109
199 110
198 109
197 109
196 110
195 109
194 109
193 110
192 109
191 109
190 110
189 109
188 109
187 110
186 109
185 109
184 110
183 109
182 109
181 110
180 109
179 109
178 110
177 109
176 109
175 110
174 109
173 109
172 110
171 109
170 109
169 110
168 109
167 109
166 110
165 109
164 109
163 110
162 109
161 109
160 110
159 109
158 109
157 110
156 109
155 109
154 110
153 109
152 109
151 110
150 109
149 109
148 110
147 109
146 109
145 110
144 109
143 109
142 110
141 109
140 109
139 110
138 109
137 109
136 110
135 109
134 109
133 110
132 109
131 109
130 110
129 109
128 109
127 110
126 109
125 109
124 110
123 109
122 109
121 110
120 109
119 109
118 110
117 109
116 109
115 110
114 109
113 109
112 110
111 109
110 109
109 110
108 109
107 109
106 110
105 109
104 109
103 110
102 109
101 109
100 110
99 109
98 109
97 110
96 109
95 109
94 110
93 109
92 109
91 110
90 109
89 109
88 110
87 109
86 109
85 110
84 109
83 109
82 110
81 109
80 109
79 110
78 109
77 109
76 110
75 109
74 109
73 110
72 109
71 109
70 110
69 109
68 109
67 110
66 109
65 109
64 110
