335 9
334 10
333 11
332 11
331 12
330 13
330 14
329 15
328 16
327 17
326 17
326 18
325 19
324 20
324 21
323 22
322 23
321 23
321 24
320 25
319 26
319 27
318 28
318 29
317 30
316 31
315 31
315 32
314 33
314 34
313 35
312 36
312 37
311 38
310 39
310 40
309 41
308 42
308 43
307 44
306 44
305 45
305 46
304 47
303 48
303 49
302 50
302 51
301 52
300 53
300 54
299 55
298 56
297 57
296 58
295 59
294 60
293 61
292 62
291 63
290 64
289 65
288 66
287 66
286 67
285 68
284 69
283 70
282 71
281 72
280 73
279 74
278 75
277 76
277 77
276 78
275 79
275 80
274 81
274 82
273 83
273 84
272 85
272 86
271 87
271 88
271 89
270 90
269 91
269 92
269 93
269 94
268 95
268 96
267 97
267 98
267 99
266 100
266 101
266 102
266 103
265 104
264 105
264 106
264 107
264 108
263 109
263 110
263 111
263 112
262 113
262 114
262 115
262 116
261 117
261 118
261 119
260 120
260 121
260 122
259 123
259 124
259 125
259 126
259 127
258 128
258 129
258 130
257 131
257 132
257 133
256 134
255 135
254 135
253 135
252 135
251 134
250 134
249 133
249 132
248 131
247 130
246 129
246 128
245 127
244 126
243 125
242 124
241 124
240 124
239 125
238 126
238 127
237 128
237 129
237 130
236 131
236 132
235 133
234 134
234 135
233 136
232 137
231 138
230 138
229 138
228 138
227 138
226 138
225 137
224 137
223 136
222 135
221 134
220 133
219 132
218 131
217 131
216 130
215 130
214 129
213 129
212 129
211 128
210 127
210 126
209 125
208 124
207 123
206 122
205 122
204 121
204 120
203 120
202 119
201 118
200 117
199 117
198 116
197 116
196 115
195 114
194 113
193 113
192 112
192 111
191 111
190 110
189 109
188 108
187 107
186 106
185 105
184 104
183 103
182 102
181 101
180 100
179 99
179 98
178 98
177 97
176 96
175 95
175 94
174 93
173 93
172 92
171 91
171 90
170 89
169 89
168 88
168 87
167 86
166 85
165 85
164 84
164 83
163 82
162 82
161 81
160 80
160 79
159 78
158 78
157 77
156 76
155 76
154 75
154 74
153 73
152 72
151 72
150 71
149 70
148 69
147 69
146 68
145 67
144 67
143 66
142 66
141 65
140 65
139 64
138 64
137 63
136 63
135 62
134 62
133 62
132 62
131 62
130 61
129 61
128 61
127 61
126 60
125 60
124 60
123 60
122 60
121 59
120 59
119 59
118 59
117 59
116 58
115 58
114 58
113 57
112 57
111 57
110 56
109 56
108 56
107 57
106 57
105 57
104 58
103 58
102 58
101 58
100 58
99 58
98 58
97 58
96 58
95 58
94 58
93 58
92 59
91 59
90 59
89 59
88 59
87 59
86 59
85 60
84 60
83 61
82 61
81 62
80 63
80 64
79 65
78 66
78 67
78 68
77 69
77 70
77 71
77 72
76 73
76 74
76 75
76 76
76 77
76 78
76 79
75 80
75 81
75 82
75 83
75 84
74 85
74 86
73 87
73 88
72 89
71 90
70 91
69 92
68 92
67 93
66 93
65 94
64 94
63 94
62 95
61 95
60 95
59 96
58 96
57 96
56 96
55 97
54 97
53 97
52 98
51 98
50 98
49 99
48 100
47 100
46 101
46 102
46 103
47 104
47 105
48 106
48 107
48 108
49 109
50 110
50 111
51 112
51 113
52 114
53 115
53 116
54 117
54 118
55 119
56 120
56 121
57 122
58 122
59 123
59 124
60 125
60 126
61 127
62 128
62 129
63 130
63 131
64 132
65 132
66 133
66 134
67 135
68 136
68 137
69 138
70 139
70 140
71 141
72 142
72 143
73 144
74 145
75 146
75 147
76 148
77 149
78 150
79 151
79 152
79 153
80 154
81 155
81 156
82 157
82 158
83 159
83 160
84 161
84 162
85 163
85 164
85 165
86 166
86 167
87 168
87 169
87 170
88 171
88 172
89 173
90 174
90 175
91 176
92 177
92 178
93 179
94 180
95 181
96 182
97 183
98 184
99 185
100 186
101 187
101 188
102 189
103 189
104 190
105 191
106 192
107 192
108 193
109 194
110 194
111 195
112 196
112 197
113 197
114 198
115 198
116 199
117 200
118 200
119 201
120 202
121 202
122 203
123 204
124 204
125 205
126 205
127 206
128 207
129 207
130 208
131 209
132 210
133 210
134 211
135 212
136 212
137 213
138 214
139 214
140 215
141 216
141 217
141 218
141 219
140 220
139 221
138 221
137 222
136 222
135 223
134 223
133 223
132 224
131 224
130 224
129 225
128 225
127 226
126 227
126 228
126 229
127 230
128 231
129 232
130 233
131 234
132 234
133 235
134 236
134 237
135 238
136 239
136 240
136 241
136 242
136 243
136 244
135 245
134 246
133 247
132 248
131 248
130 249
129 249
128 250
127 251
126 251
125 252
124 253
123 254
123 255
123 256
122 257
121 257
120 257
119 257
118 258
117 258
116 259
115 259
114 260
113 260
112 261
111 262
110 262
109 263
108 263
107 264
106 265
105 266
104 267
103 268
102 268
101 269
100 269
99 270
98 271
97 272
96 272
95 272
94 273
93 273
92 274
91 275
90 275
89 275
88 276
87 277
86 277
85 277
84 278
83 278
82 279
81 279
80 280
79 281
78 281
77 281
76 281
75 282
74 283
73 283
72 284
71 284
70 285
69 285
68 286
67 286
66 286
65 287
64 287
63 288
62 288
61 289
60 290
59 290
58 291
57 291
56 292
55 293
54 293
53 294
52 295
51 295
50 296
49 297
48 297
47 298
46 299
45 299
44 299
43 300
42 301
41 302
40 303
39 304
38 305
37 306
37 307
36 308
35 309
35 310
34 311
33 311
33 312
32 313
32 314
31 315
31 316
30 317
29 318
29 319
29 320
28 321
27 322
27 323
26 324
26 325
25 326
24 327
24 328
23 329
22 330
21 331
20 332
21 333
21 334
21 335
21 336
21 337
21 338
20 339
20 340
20 341
20 342
19 343
19 344
19 345
19 346
18 347
18 348
18 349
18 350
17 351
17 352
17 353
17 354
17 355
17 356
17 357
17 358
17 359
18 360
18 361
19 362
20 363
21 364
22 364
23 365
24 366
25 366
26 367
27 367
28 368
29 369
30 369
31 370
32 370
33 370
34 371
35 372
36 372
37 373
38 374
39 375
40 376
41 377
41 378
42 379
42 380
42 381
43 382
43 383
43 384
43 385
43 386
43 387
43 388
43 389
43 390
43 391
43 392
43 393
43 394
43 395
43 396
42 397
42 398
42 399
43 400
43 401
43 402
43 403
43 404
44 405
45 406
46 406
47 406
48 405
49 405
50 405
51 405
52 405
53 405
54 405
55 404
56 404
57 404
58 404
59 403
60 403
61 403
62 403
63 402
64 402
65 402
66 402
67 401
68 401
69 401
70 401
71 400
72 399
73 399
74 399
75 399
76 398
77 398
78 398
79 398
80 397
81 397
82 396
83 396
84 396
85 396
86 395
87 394
88 394
89 394
90 394
91 393
92 393
93 393
94 392
95 392
96 392
97 391
98 391
99 391
100 391
101 390
102 390
103 390
104 390
105 389
106 389
107 389
108 389
109 389
110 388
111 388
112 388
113 388
114 388
115 388
116 388
117 388
118 388
119 388
120 388
121 388
122 387
123 387
124 387
125 387
126 387
127 387
128 386
129 386
130 386
131 385
132 385
133 384
134 384
135 384
136 383
137 383
138 383
139 382
140 381
141 381
142 381
143 380
144 379
145 379
146 378
147 377
148 377
149 376
150 375
151 375
152 374
153 373
154 373
155 372
156 371
157 371
158 370
158 369
159 368
160 368
161 367
162 366
163 366
164 365
165 364
166 364
167 363
167 362
168 361
169 361
170 360
171 359
172 359
173 358
174 357
175 356
176 356
177 355
178 354
179 353
180 352
181 351
182 350
183 350
184 350
185 351
186 352
186 353
187 354
187 355
187 356
187 357
187 358
187 359
187 360
187 361
187 362
187 363
187 364
187 365
188 366
188 367
189 368
189 369
190 369
191 368
192 368
193 367
194 367
195 366
196 366
197 365
198 365
199 364
200 364
201 363
202 363
203 363
204 363
205 363
206 363
207 363
208 364
209 365
209 366
209 367
210 368
210 369
210 370
210 371
211 372
211 373
211 374
211 375
212 376
212 377
213 378
213 379
214 380
215 381
215 382
215 383
215 384
215 385
215 386
215 387
216 388
216 389
216 390
216 391
216 392
217 393
217 394
217 395
218 396
218 397
218 398
219 399
219 400
220 401
220 402
220 403
220 404
221 405
221 406
221 407
221 408
222 409
222 410
222 411
222 412
222 413
223 414
223 415
223 416
223 417
223 418
223 419
224 420
224 421
224 422
224 423
224 424
224 425
224 426
224 427
224 428
225 429
225 430
225 431
225 432
225 433
225 434
225 435
225 436
226 437
226 438
226 439
226 440
226 441
227 442
227 443
227 444
227 445
227 446
227 447
228 448
228 449
228 450
228 451
228 452
228 453
229 454
229 455
229 456
229 457
229 458
230 459
230 460
230 461
230 462
231 463
231 464
231 465
232 466
232 467
232 468
233 469
233 470
233 471
234 472
234 473
235 474
236 475
236 476
236 477
237 478
237 479
238 479
239 480
239 481
240 482
241 483
241 484
242 484
243 485
243 486
244 486
245 487
245 488
246 489
247 489
248 490
248 491
249 492
250 493
251 494
252 495
253 496
253 497
253 498
254 499
255 500
256 501
257 501
258 501
259 502
260 502
261 502
262 503
263 503
264 504
265 505
266 505
267 506
268 507
269 507
270 508
271 508
272 509
273 510
274 510
275 510
276 510
277 510
278 510
279 510
280 510
281 510
282 510
283 510
284 510
285 510
286 510
287 510
288 509
289 508
290 508
290 507
291 506
292 506
292 505
293 504
294 504
294 503
295 502
296 502
297 501
298 500
299 499
300 498
301 497
302 497
303 496
304 496
305 496
306 496
307 495
308 495
309 495
310 495
311 495
312 496
313 496
314 496
315 496
316 497
317 497
318 497
319 498
320 498
321 499
322 499
323 499
324 500
325 500
326 500
327 501
328 501
329 501
330 501
331 502
332 502
333 501
334 501
334 500
334 499
334 498
334 497
335 496
335 495
335 494
335 493
335 492
335 491
336 490
336 489
336 488
336 487
336 486
336 485
336 484
336 483
336 482
336 481
336 480
336 479
336 478
336 477
336 476
336 475
336 474
336 473
336 472
336 471
336 470
336 469
336 468
336 467
336 466
336 465
336 464
336 463
336 462
336 461
336 460
336 459
336 458
336 457
336 456
336 455
336 454
336 453
336 452
336 451
336 450
336 449
336 448
336 447
336 446
336 445
336 444
336 443
336 442
336 441
336 440
336 439
337 438
337 437
337 436
337 435
337 434
337 433
337 432
338 431
338 430
338 429
338 428
338 427
339 426
339 425
339 424
340 423
340 422
340 421
340 420
340 419
341 418
341 417
341 416
341 415
341 414
341 413
341 412
341 411
341 410
341 409
341 408
341 407
340 406
340 405
340 404
340 403
340 402
340 401
339 400
339 399
339 398
339 397
339 396
338 395
338 394
338 393
337 392
337 391
337 390
337 389
336 388
336 387
336 386
335 385
335 384
334 383
334 382
334 381
334 380
333 379
333 378
332 377
332 376
332 375
331 374
331 373
331 372
331 371
330 370
330 369
329 368
329 367
329 366
328 365
328 364
327 363
327 362
327 361
326 360
326 359
326 358
325 357
325 356
324 355
324 354
324 353
324 352
324 351
325 350
326 350
327 350
328 350
329 350
330 350
331 350
332 350
333 351
334 351
335 351
336 352
337 352
338 352
339 352
340 353
341 353
342 353
343 352
343 351
343 350
343 349
343 348
343 347
343 346
343 345
342 344
342 343
342 342
342 341
342 340
342 339
342 338
342 337
342 336
342 335
343 334
344 333
345 333
346 332
347 332
348 332
349 332
350 332
351 332
352 332
353 333
354 333
355 333
356 333
357 333
358 333
359 333
360 332
361 332
362 331
363 331
364 331
365 332
366 332
367 332
368 333
369 333
370 333
371 333
372 333
373 333
374 333
375 333
376 334
377 334
378 334
379 333
380 333
381 333
382 333
383 333
384 333
385 333
386 333
387 333
388 333
389 333
390 334
391 334
392 334
393 334
394 334
395 334
396 334
397 334
398 334
399 335
400 335
401 335
402 335
403 335
404 335
405 336
406 336
407 336
408 336
409 336
410 337
411 337
412 337
413 337
414 337
415 338
416 338
417 338
418 338
419 338
420 338
421 339
422 339
423 339
424 339
425 339
426 339
427 340
428 340
429 340
430 340
431 340
432 340
433 340
434 340
435 341
436 341
437 341
438 341
439 341
440 341
441 341
442 341
443 341
444 342
445 342
446 342
447 342
448 342
449 342
450 342
451 342
452 342
453 342
454 341
455 341
456 341
457 341
458 341
459 341
460 341
461 341
462 340
463 340
464 340
465 339
466 339
467 339
468 338
469 338
470 337
471 336
472 336
473 336
474 335
475 335
476 334
477 334
478 333
479 333
480 332
481 332
482 332
483 331
484 331
485 331
486 330
487 330
488 330
489 330
490 329
490 328
490 327
491 326
492 325
493 324
494 323
495 322
496 321
497 321
498 320
499 319
500 318
501 318
501 317
502 316
503 316
504 315
505 314
505 313
506 312
507 311
507 310
508 309
508 308
508 307
508 306
508 305
508 304
508 303
507 302
507 301
507 300
506 299
506 298
505 297
505 296
504 295
503 294
503 293
503 292
502 291
502 290
501 289
501 288
500 287
500 286
500 285
500 284
500 283
500 282
500 281
500 280
500 279
500 278
500 277
501 276
501 275
502 274
502 273
503 272
504 271
504 270
505 269
506 268
507 267
508 266
509 265
509 264
510 263
510 262
510 261
510 260
510 259
510 258
510 257
510 256
510 255
510 254
510 253
509 253
508 253
507 252
506 252
505 251
504 250
503 250
502 249
501 249
500 249
499 249
498 248
497 247
496 247
495 247
494 247
493 246
492 246
491 245
490 245
489 245
488 245
487 244
486 244
485 243
484 243
483 243
482 243
481 242
480 242
479 242
478 241
477 241
476 240
475 240
474 240
473 240
472 239
471 239
470 239
469 238
468 238
467 238
466 238
465 237
464 237
463 237
462 236
461 236
460 236
459 235
458 235
457 234
456 234
455 234
454 233
453 233
452 232
451 232
450 231
449 231
448 230
447 230
446 229
445 229
444 228
443 227
442 227
441 226
440 225
439 225
438 224
437 223
436 223
435 222
434 222
433 222
432 221
431 221
430 221
429 221
428 220
427 220
426 220
425 219
424 219
423 219
422 219
421 219
420 219
419 219
418 219
417 218
416 218
415 218
414 218
413 218
412 218
411 218
410 218
409 218
408 218
407 218
406 218
405 218
404 218
403 218
402 218
401 218
400 218
399 218
398 218
397 218
396 218
395 218
394 218
393 218
392 218
391 218
390 218
389 218
388 218
387 218
386 218
385 218
384 218
383 219
382 219
381 219
380 219
379 219
378 219
377 219
376 219
375 219
374 219
373 219
372 219
371 219
370 219
369 219
368 218
368 217
368 216
368 215
368 214
368 213
369 212
369 211
370 210
370 209
371 208
372 207
372 206
373 205
374 204
374 203
375 202
375 201
374 201
373 200
372 200
371 199
370 199
369 199
368 199
367 199
366 199
365 198
364 198
363 198
362 198
361 198
360 197
359 197
358 196
357 195
357 194
357 193
357 192
357 191
357 190
357 189
358 188
358 187
358 186
359 185
359 184
360 183
360 182
361 181
361 180
361 179
361 178
361 177
361 176
361 175
362 174
362 173
363 172
364 171
364 170
365 169
365 168
366 167
366 166
366 165
367 164
367 163
367 162
368 161
368 160
368 159
369 158
369 157
369 156
370 155
370 154
370 153
371 152
371 151
371 150
372 149
372 148
373 147
373 146
374 145
374 144
375 143
375 142
376 141
377 140
377 139
377 138
378 137
378 136
379 135
380 134
380 133
381 132
381 131
381 130
382 129
383 128
383 127
384 126
384 125
385 124
385 123
386 122
387 121
387 120
388 119
388 118
389 117
390 116
390 115
390 114
390 113
391 112
391 111
392 110
393 109
393 108
394 107
394 106
394 105
394 104
395 103
396 102
396 101
396 100
396 99
397 98
397 97
397 96
398 95
398 94
398 93
399 92
399 91
399 90
399 89
400 88
400 87
400 86
400 85
400 84
400 83
400 82
400 81
400 80
400 79
400 78
400 77
400 76
400 75
400 74
400 73
399 72
399 71
399 70
399 69
399 68
399 67
399 66
398 65
398 64
398 63
398 62
398 61
398 60
398 59
398 58
398 57
398 56
398 55
398 54
397 53
396 52
395 51
395 50
394 49
394 48
393 47
393 46
393 45
392 44
392 43
392 42
391 41
391 40
390 39
390 38
389 37
389 36
389 35
388 34
387 33
387 32
386 32
385 31
384 30
383 30
382 29
381 29
380 29
379 29
378 28
377 29
376 29
375 29
374 29
373 29
372 29
371 29
370 29
369 30
368 30
367 30
366 30
365 30
364 30
363 30
362 30
361 30
360 30
359 30
358 30
357 30
356 30
355 30
354 29
353 28
352 28
351 27
350 26
349 25
348 24
347 23
347 22
346 21
346 20
345 19
344 18
344 17
343 16
342 15
341 14
341 13
340 12
339 11
338 10
337 9
336 9
