233 88
233 89
233 90
233 91
233 92
233 93
233 94
233 95
233 96
233 97
233 98
233 99
233 100
233 101
233 102
233 103
233 104
233 105
233 106
233 107
232 108
233 109
233 110
233 111
233 112
233 113
233 114
232 115
233 116
233 117
233 118
233 119
232 120
233 121
233 122
233 123
233 124
232 125
233 126
233 127
233 128
232 129
233 130
233 131
233 132
232 133
233 134
233 135
233 136
232 137
233 138
233 139
233 140
232 141
233 142
233 143
233 144
232 145
233 146
233 147
232 148
233 149
233 150
232 151
233 152
233 153
232 154
233 155
233 156
232 157
233 158
233 159
232 160
233 161
233 162
232 163
233 164
233 165
232 166
233 167
233 168
232 169
233 170
233 171
232 172
233 173
233 174
232 175
233 176
233 177
232 178
233 179
233 180
232 181
233 182
233 183
232 184
233 185
233 186
232 187
233 188
233 189
232 190
233 191
233 192
232 193
233 194
233 195
232 196
233 197
233 198
232 199
233 200
233 201
232 202
233 203
233 204
232 205
233 206
233 207
232 208
233 209
233 210
232 211
233 212
233 213
232 214
233 215
233 216
232 217
233 218
233 219
232 220
233 221
233 222
232 223
233 224
233 225
232 226
233 227
233 228
232 229
233 230
233 231
232 232
233 233
233 234
232 235
233 236
233 237
232 238
231 239
230 239
229 239
228 239
227 239
226 239
225 239
224 239
223 239
222 239
221 239
220 239
219 239
218 239
217 239
216 239
215 239
214 239
213 239
212 239
211 239
210 239
209 239
208 239
207 239
206 239
205 239
204 239
203 239
202 239
201 239
200 239
199 239
198 239
197 239
196 239
195 239
194 239
193 239
192 239
191 239
190 239
189 239
188 239
187 239
186 239
185 239
184 239
183 239
182 239
181 239
180 239
179 239
178 239
177 239
176 239
175 239
174 239
173 239
172 239
171 239
170 239
169 239
168 239
167 239
166 239
165 239
164 239
163 239
162 239
161 239
160 239
159 239
158 239
157 239
156 239
155 239
154 239
153 239
152 239
151 239
150 239
149 239
148 239
147 239
146 239
145 239
144 239
143 239
142 239
141 239
140 239
139 239
138 239
137 239
136 239
135 239
134 239
133 239
132 239
131 239
130 239
129 239
128 239
127 239
126 239
125 239
124 239
123 239
122 239
121 239
120 239
119 239
118 239
117 239
116 239
115 239
114 239
113 239
112 239
111 239
110 239
109 239
108 239
107 239
106 239
105 239
104 239
103 239
102 239
101 239
100 239
99 239
98 239
97 239
96 239
95 239
94 239
93 239
92 240
91 239
90 239
89 239
88 239
87 240
86 239
85 239
84 240
84 241
84 242
84 243
84 244
84 245
84 246
84 247
84 248
84 249
84 250
84 251
84 252
84 253
84 254
84 255
84 256
84 257
84 258
84 259
84 260
84 261
84 262
84 263
84 264
84 265
84 266
84 267
84 268
84 269
84 270
84 271
84 272
84 273
84 274
84 275
84 276
84 277
84 278
84 279
84 280
84 281
84 282
84 283
84 284
84 285
84 286
84 287
84 288
84 289
84 290
84 291
84 292
84 293
84 294
84 295
84 296
84 297
84 298
84 299
84 300
84 301
84 302
84 303
84 304
84 305
84 306
84 307
84 308
84 309
84 310
84 311
84 312
84 313
84 314
84 315
84 316
84 317
84 318
84 319
84 320
84 321
84 322
84 323
84 324
84 325
84 326
84 327
84 328
84 329
84 330
84 331
84 332
84 333
84 334
84 335
84 336
84 337
84 338
84 339
84 340
85 341
86 340
87 341
88 340
89 341
90 340
91 341
92 340
93 341
94 340
95 341
96 340
97 341
98 340
99 341
100 340
101 341
102 340
103 341
104 340
105 341
106 340
107 341
108 340
109 341
110 340
111 341
112 340
113 341
114 340
115 341
116 340
117 341
118 340
119 341
120 340
121 341
122 340
123 341
124 340
125 341
126 340
127 341
128 340
129 341
130 340
131 341
132 340
133 341
134 341
135 340
136 341
137 341
138 340
139 341
140 341
141 340
142 341
143 341
144 340
145 341
146 341
147 340
148 341
149 341
150 340
151 341
152 341
153 340
154 341
155 341
156 340
157 341
158 341
159 340
160 341
161 341
162 340
163 341
164 341
165 340
166 341
167 341
168 340
169 341
170 341
171 340
172 341
173 341
174 340
175 341
176 341
177 340
178 341
179 341
180 340
181 341
182 341
183 340
184 341
185 341
186 340
187 341
188 341
189 340
190 341
191 341
192 340
193 341
194 341
195 340
196 341
197 341
198 340
199 341
200 341
201 340
202 341
203 341
204 340
205 341
206 341
207 340
208 341
209 341
210 340
211 341
212 341
213 340
214 341
215 341
216 340
217 341
218 341
219 340
220 341
221 341
222 340
223 341
224 341
225 340
226 341
227 341
228 340
229 341
230 341
231 340
232 341
233 342
233 343
233 344
233 345
233 346
232 347
233 348
233 349
233 350
233 351
232 352
233 353
233 354
233 355
233 356
232 357
233 358
233 359
233 360
232 361
233 362
233 363
233 364
232 365
233 366
233 367
233 368
232 369
233 370
233 371
233 372
232 373
233 374
233 375
233 376
232 377
233 378
233 379
232 380
233 381
233 382
232 383
233 384
233 385
232 386
233 387
233 388
232 389
233 390
233 391
232 392
233 393
233 394
232 395
233 396
233 397
232 398
233 399
233 400
232 401
233 402
233 403
232 404
233 405
233 406
232 407
233 408
233 409
232 410
233 411
233 412
232 413
233 414
233 415
232 416
233 417
233 418
232 419
233 420
233 421
232 422
233 423
233 424
232 425
233 426
233 427
232 428
233 429
233 430
232 431
233 432
233 433
232 434
233 435
233 436
232 437
233 438
233 439
232 440
233 441
233 442
232 443
233 444
233 445
232 446
233 447
233 448
232 449
233 450
233 451
232 452
233 453
233 454
232 455
233 456
233 457
232 458
233 459
233 460
232 461
233 462
233 463
232 464
233 465
233 466
232 467
233 468
233 469
232 470
233 471
233 472
232 473
233 474
233 475
232 476
233 477
233 478
232 479
233 480
233 481
232 482
233 483
233 484
232 485
233 486
233 487
232 488
233 489
233 490
232 491
233 492
234 492
235 492
236 492
237 492
238 492
239 492
240 492
241 492
242 492
243 492
244 492
245 492
246 492
247 492
248 492
249 492
250 492
251 492
252 492
253 492
254 492
255 492
256 492
257 492
258 492
259 492
260 492
261 492
262 492
263 492
264 492
265 492
266 492
267 492
268 492
269 492
270 492
271 492
272 492
273 492
274 492
275 492
276 492
277 492
278 492
279 492
280 492
281 492
282 492
283 492
284 492
285 492
286 492
287 492
288 492
289 492
290 492
291 492
292 492
293 492
294 492
295 492
296 492
297 492
298 492
299 492
300 492
301 492
302 492
303 492
304 492
305 492
306 492
307 492
308 492
309 492
310 492
311 492
312 492
313 492
314 492
315 492
316 492
317 492
318 492
319 492
320 492
321 492
322 492
323 492
324 492
325 492
326 492
327 492
328 492
329 492
330 492
331 492
332 492
332 491
332 490
332 489
332 488
332 487
332 486
332 485
332 484
332 483
332 482
332 481
332 480
332 479
332 478
332 477
332 476
332 475
332 474
332 473
332 472
332 471
332 470
332 469
332 468
332 467
332 466
332 465
332 464
332 463
332 462
332 461
332 460
332 459
332 458
332 457
332 456
332 455
332 454
332 453
332 452
332 451
332 450
332 449
332 448
332 447
332 446
332 445
332 444
332 443
332 442
332 441
332 440
332 439
332 438
332 437
332 436
332 435
332 434
332 433
332 432
332 431
332 430
332 429
332 428
332 427
332 426
332 425
332 424
332 423
332 422
332 421
332 420
332 419
332 418
332 417
332 416
332 415
332 414
332 413
332 412
332 411
332 410
332 409
332 408
332 407
332 406
332 405
332 404
332 403
332 402
332 401
332 400
332 399
332 398
332 397
332 396
332 395
332 394
332 393
332 392
332 391
332 390
332 389
332 388
332 387
332 386
332 385
332 384
332 383
332 382
332 381
332 380
332 379
332 378
332 377
332 376
332 375
332 374
332 373
332 372
332 371
332 370
332 369
332 368
332 367
332 366
332 365
332 364
332 363
332 362
332 361
332 360
332 359
332 358
332 357
332 356
332 355
332 354
332 353
332 352
332 351
332 350
332 349
332 348
332 347
332 346
332 345
332 344
332 343
332 342
333 341
334 341
335 340
336 341
337 341
338 340
339 341
340 341
341 340
342 341
343 341
344 340
345 341
346 341
347 340
348 341
349 341
350 340
351 341
352 341
353 340
354 341
355 341
356 340
357 341
358 341
359 340
360 341
361 341
362 340
363 341
364 341
365 340
366 341
367 341
368 340
369 341
370 341
371 340
372 341
373 341
374 340
375 341
376 341
377 340
378 341
379 341
380 340
381 341
382 341
383 340
384 341
385 341
386 340
387 341
388 341
389 340
390 341
391 341
392 340
393 341
394 341
395 340
396 341
397 341
398 340
399 341
400 341
401 340
402 341
403 341
404 340
405 341
406 341
407 340
408 341
409 341
410 340
411 341
412 341
413 340
414 341
415 341
416 340
417 341
418 341
419 340
420 341
421 341
422 340
423 341
424 341
425 340
426 341
427 341
428 340
429 341
430 341
431 340
432 341
433 341
434 340
435 341
436 341
437 340
438 341
439 341
440 340
441 341
442 341
443 340
444 341
445 341
446 340
447 341
448 341
449 340
450 341
451 341
452 340
453 341
454 341
455 340
456 341
457 341
458 340
459 341
460 341
461 340
462 341
463 341
464 340
465 341
466 341
467 340
468 341
469 341
470 340
471 341
472 341
473 340
474 341
475 341
476 340
477 341
478 341
479 340
480 341
481 340
481 339
480 338
481 337
481 336
481 335
480 334
481 333
481 332
480 331
481 330
481 329
481 328
480 327
481 326
481 325
480 324
481 323
481 322
481 321
480 320
481 319
481 318
480 317
481 316
481 315
481 314
480 313
481 312
481 311
480 310
481 309
481 308
481 307
480 306
481 305
481 304
480 303
481 302
481 301
481 300
480 299
481 298
481 297
480 296
481 295
481 294
481 293
480 292
481 291
481 290
480 289
481 288
481 287
481 286
480 285
481 284
481 283
480 282
481 281
481 280
481 279
480 278
481 277
481 276
480 275
481 274
481 273
481 272
480 271
481 270
481 269
480 268
481 267
481 266
481 265
480 264
481 263
481 262
480 261
481 260
481 259
481 258
480 257
481 256
481 255
480 254
481 253
481 252
481 251
480 250
481 249
481 248
480 247
481 246
481 245
480 244
481 243
481 242
480 241
481 240
480 239
479 240
478 239
477 239
476 240
475 239
474 239
473 240
472 239
471 239
470 240
469 239
468 239
467 240
466 239
465 239
464 240
463 239
462 239
461 240
460 239
459 239
458 240
457 239
456 239
455 240
454 239
453 239
452 240
451 239
450 239
449 240
448 239
447 239
446 240
445 239
444 239
443 240
442 239
441 239
440 240
439 239
438 239
437 240
436 239
435 239
434 240
433 239
432 239
431 240
430 239
429 239
428 240
427 239
426 239
425 240
424 239
423 239
422 240
421 239
420 239
419 240
418 239
417 239
416 240
415 239
414 239
413 240
412 239
411 239
410 240
409 239
408 239
407 240
406 239
405 239
404 240
403 239
402 239
401 240
400 239
399 239
398 240
397 239
396 239
395 240
394 239
393 239
392 240
391 239
390 239
389 240
388 239
387 239
386 240
385 239
384 239
383 240
382 239
381 239
380 240
379 239
378 239
377 240
376 239
375 239
374 240
373 239
372 239
371 240
370 239
369 239
368 240
367 239
366 239
365 240
364 239
363 239
362 240
361 239
360 239
359 240
358 239
357 239
356 240
355 239
354 239
353 240
352 239
351 239
350 240
349 239
348 239
347 240
346 239
345 239
344 240
343 239
342 239
341 240
340 239
339 239
338 240
337 239
336 239
335 240
334 239
333 239
332 238
332 237
332 236
332 235
332 234
332 233
332 232
332 231
332 230
332 229
332 228
332 227
332 226
332 225
332 224
332 223
332 222
332 221
332 220
332 219
332 218
332 217
332 216
332 215
332 214
332 213
332 212
332 211
332 210
332 209
332 208
332 207
332 206
332 205
332 204
332 203
332 202
332 201
332 200
332 199
332 198
332 197
332 196
332 195
332 194
332 193
332 192
332 191
332 190
332 189
332 188
332 187
332 186
332 185
332 184
332 183
332 182
332 181
332 180
332 179
332 178
332 177
332 176
332 175
332 174
332 173
332 172
332 171
332 170
332 169
332 168
332 167
332 166
332 165
332 164
332 163
332 162
332 161
332 160
332 159
332 158
332 157
332 156
332 155
332 154
332 153
332 152
332 151
332 150
332 149
332 148
332 147
332 146
332 145
332 144
332 143
332 142
332 141
332 140
332 139
332 138
332 137
332 136
332 135
332 134
332 133
332 132
332 131
332 130
332 129
332 128
332 127
332 126
332 125
332 124
332 123
332 122
332 121
332 120
332 119
332 118
332 117
332 116
332 115
332 114
332 113
332 112
332 111
332 110
332 109
332 108
332 107
332 106
332 105
332 104
332 103
332 102
332 101
332 100
332 99
332 98
332 97
332 96
332 95
332 94
332 93
332 92
332 91
332 90
332 89
332 88
331 88
330 88
329 88
328 88
327 88
326 88
325 88
324 88
323 88
322 88
321 88
320 88
319 88
318 88
317 88
316 88
315 88
314 88
313 88
312 88
311 88
310 88
309 88
308 88
307 88
306 88
305 88
304 88
303 88
302 88
301 88
300 88
299 88
298 88
297 88
296 88
295 88
294 88
293 88
292 88
291 88
290 88
289 88
288 88
287 88
286 88
285 88
284 88
283 88
282 88
281 88
280 88
279 88
278 88
277 88
276 88
275 88
274 88
273 88
272 88
271 88
270 88
269 88
268 88
267 88
266 88
265 88
264 88
263 88
262 88
261 88
260 88
259 88
258 88
257 88
256 88
255 88
254 88
253 88
252 88
251 88
250 88
249 88
248 88
247 88
246 88
245 88
244 88
243 88
242 88
241 88
240 88
239 88
238 88
237 88
236 88
235 88
234 88
