283 147
282 148
281 149
280 150
279 151
278 152
277 153
276 154
276 155
275 156
274 156
273 157
272 158
271 159
270 160
269 161
268 162
267 163
266 164
265 165
264 166
263 167
262 168
261 169
260 170
259 171
258 172
257 172
256 173
255 174
254 175
253 176
252 177
251 178
250 178
249 179
248 180
247 181
246 182
245 183
244 184
243 184
242 185
241 186
240 187
239 188
238 189
237 189
236 190
235 191
234 192
233 192
232 193
231 194
230 195
229 196
228 196
227 197
226 198
225 199
224 199
223 200
222 201
221 202
220 203
219 203
218 204
217 205
216 205
215 206
214 207
213 208
212 208
211 209
210 210
209 210
208 211
207 212
206 212
205 213
204 214
203 214
202 215
201 216
200 216
199 217
198 218
197 218
196 219
195 220
194 220
193 221
192 222
191 222
190 223
189 224
188 224
187 225
186 226
185 226
184 227
183 227
182 228
181 229
180 229
179 230
178 230
177 231
176 232
175 232
174 233
173 233
172 234
171 234
170 235
169 236
168 236
167 237
166 237
165 238
164 238
163 239
162 240
161 240
160 241
159 241
158 242
157 242
156 243
155 243
154 244
153 244
152 245
151 245
150 246
149 246
148 247
147 247
146 248
145 248
144 249
143 249
142 250
141 250
140 251
139 251
138 252
137 252
136 253
135 253
134 254
133 254
132 255
132 256
132 257
133 258
133 259
134 260
135 261
135 262
136 263
136 264
137 265
137 266
137 267
138 268
139 269
139 270
140 271
140 272
141 273
141 274
141 275
142 276
142 277
143 278
143 279
144 280
144 281
145 282
145 283
145 284
146 285
146 286
147 287
147 288
147 289
148 290
148 291
149 292
149 293
150 294
150 295
150 296
151 297
151 298
152 299
152 300
152 301
153 302
153 303
153 304
154 305
154 306
154 307
155 308
155 309
155 310
156 311
156 312
157 313
157 314
157 315
158 316
158 317
158 318
158 319
159 320
159 321
159 322
160 323
160 324
160 325
161 326
160 327
161 328
161 329
162 330
162 331
162 332
162 333
163 334
163 335
163 336
164 337
164 338
164 339
164 340
164 341
165 342
165 343
165 344
166 345
165 346
166 347
166 348
166 349
167 350
167 351
167 352
167 353
167 354
168 355
168 356
168 357
168 358
168 359
169 360
169 361
169 362
169 363
169 364
170 365
170 366
170 367
170 368
170 369
170 370
170 371
171 372
171 373
171 374
171 375
171 376
171 377
171 378
172 379
172 380
172 381
172 382
172 383
172 384
172 385
172 386
173 387
173 388
173 389
173 390
173 391
173 392
173 393
173 394
173 395
174 396
174 397
173 398
174 399
174 400
174 401
174 402
174 403
174 404
174 405
174 406
174 407
174 408
175 409
174 410
175 411
174 412
175 413
175 414
174 415
175 416
175 417
175 418
175 419
175 420
175 421
175 422
175 423
175 424
175 425
175 426
175 427
175 428
175 429
175 430
175 431
175 432
175 433
175 434
175 435
175 436
175 437
175 438
176 439
175 440
175 441
175 442
175 443
175 444
175 445
175 446
175 447
175 448
175 449
175 450
176 451
175 452
175 453
175 454
175 455
175 456
175 457
175 458
175 459
175 460
175 461
175 462
176 462
177 461
178 461
179 461
180 461
181 460
182 460
183 460
184 459
185 459
186 459
187 458
188 459
189 458
190 458
191 457
192 457
193 457
194 456
195 456
196 456
197 456
198 455
199 455
200 455
201 454
202 454
203 454
204 454
205 453
206 453
207 453
208 453
209 452
210 452
211 452
212 451
213 452
214 451
215 451
216 451
217 450
218 450
219 450
220 450
221 449
222 449
223 449
224 449
225 449
226 448
227 448
228 448
229 448
230 448
231 447
232 447
233 447
234 447
235 447
236 446
237 447
238 446
239 446
240 446
241 446
242 445
243 446
244 445
245 445
246 445
247 445
248 445
249 445
250 444
251 445
252 444
253 445
254 444
255 444
256 444
257 444
258 444
259 444
260 444
261 443
262 444
263 443
264 444
265 443
266 444
267 443
268 443
269 443
270 443
271 443
272 443
273 443
274 443
275 443
276 443
277 443
278 443
279 443
280 443
281 443
282 443
283 443
284 443
285 443
286 443
287 443
288 443
289 443
290 443
291 443
292 444
293 443
294 444
295 443
296 444
297 444
298 444
299 444
300 444
301 444
302 444
303 444
304 444
305 445
306 444
307 445
308 445
309 445
310 445
311 445
312 445
313 445
314 446
315 445
316 446
317 446
318 446
319 446
320 446
321 447
322 446
323 447
324 447
325 447
326 447
327 448
328 448
329 448
330 448
331 448
332 448
333 449
334 449
335 449
336 449
337 450
338 450
339 450
340 450
341 451
342 450
343 451
344 451
345 451
346 452
347 452
348 452
349 452
350 453
351 453
352 453
353 453
354 454
355 454
356 454
357 455
358 454
359 455
360 456
361 455
362 456
363 456
364 457
365 457
366 457
367 457
368 458
369 458
370 458
371 459
372 459
373 459
374 460
375 460
376 460
377 460
378 461
379 461
380 461
381 462
382 462
383 462
384 463
385 463
386 463
387 464
388 464
389 464
390 465
391 465
392 465
393 466
394 466
395 466
396 466
396 465
396 464
396 463
396 462
396 461
396 460
396 459
396 458
396 457
396 456
396 455
396 454
396 453
396 452
396 451
396 450
396 449
396 448
396 447
396 446
396 445
396 444
396 443
396 442
396 441
396 440
396 439
396 438
396 437
396 436
396 435
396 434
396 433
396 432
396 431
396 430
396 429
396 428
396 427
396 426
396 425
396 424
396 423
396 422
396 421
396 420
396 419
396 418
396 417
396 416
397 415
396 414
396 413
396 412
397 411
396 410
396 409
397 408
397 407
396 406
397 405
396 404
397 403
397 402
397 401
397 400
397 399
397 398
397 397
397 396
398 395
397 394
397 393
398 392
398 391
397 390
398 389
398 388
398 387
398 386
398 385
398 384
399 383
398 382
399 381
399 380
399 379
399 378
399 377
399 376
399 375
400 374
400 373
400 372
400 371
400 370
400 369
401 368
400 367
401 366
401 365
401 364
401 363
401 362
402 361
402 360
402 359
402 358
403 357
402 356
403 355
403 354
404 353
403 352
404 351
404 350
404 349
404 348
405 347
405 346
405 345
405 344
405 343
406 342
406 341
407 340
406 339
407 338
407 337
407 336
408 335
408 334
408 333
408 332
409 331
409 330
409 329
409 328
410 327
410 326
411 325
411 324
411 323
411 322
412 321
412 320
412 319
413 318
413 317
413 316
414 315
414 314
414 313
415 312
415 311
415 310
416 309
416 308
416 307
417 306
417 305
418 304
418 303
418 302
419 301
419 300
420 299
420 298
420 297
421 296
421 295
422 294
422 293
423 292
423 291
423 290
424 289
424 288
425 287
425 286
426 285
426 284
427 283
427 282
428 281
428 280
429 279
429 278
430 277
430 276
431 275
431 274
431 273
432 272
433 271
433 270
434 269
434 268
435 267
435 266
436 265
436 264
437 263
438 262
438 261
439 260
439 259
440 258
440 257
441 256
441 255
442 254
441 253
440 253
439 253
438 252
437 252
436 251
435 251
434 250
433 250
432 249
431 249
430 249
429 248
428 248
427 247
426 247
425 246
424 246
423 245
422 245
421 245
420 244
419 244
418 243
417 243
416 242
415 242
414 241
413 241
412 240
411 240
410 239
409 239
408 238
407 238
406 237
405 237
404 236
403 236
402 235
401 235
400 234
399 234
398 233
397 233
396 232
395 231
394 231
393 230
392 230
391 229
390 229
389 228
388 228
387 227
386 226
385 226
384 225
383 225
382 224
381 223
380 223
379 222
378 222
377 221
376 221
375 220
374 219
373 219
372 218
371 217
370 217
369 216
368 216
367 215
366 214
365 214
364 213
363 212
362 212
361 211
360 210
359 210
358 209
357 208
356 208
355 207
354 206
353 206
352 205
351 204
350 204
349 203
348 202
347 202
346 201
345 200
344 199
343 199
342 198
341 197
340 196
339 196
338 195
337 194
336 193
335 193
334 192
333 191
332 190
331 190
330 189
329 188
328 187
327 186
326 186
325 185
324 184
323 183
322 182
321 182
320 181
319 180
318 179
317 178
316 177
315 176
314 176
313 175
312 174
311 173
310 172
309 171
308 170
307 170
306 169
305 168
304 167
303 166
302 165
301 164
300 163
299 162
298 161
297 161
296 160
296 159
295 159
294 158
294 157
293 157
292 156
292 155
291 155
290 154
289 153
289 152
288 152
287 151
286 150
285 149
284 148
