142 60
141 61
140 61
139 61
139 62
138 63
137 64
136 65
135 66
134 67
134 68
133 69
133 70
133 71
132 72
132 73
132 74
131 75
131 76
131 77
131 78
130 79
131 80
131 81
131 82
131 83
131 84
131 85
132 86
132 87
132 88
132 89
132 90
132 91
133 92
134 93
134 94
134 95
134 96
134 97
135 98
136 99
136 100
136 101
136 102
137 103
138 104
138 105
138 106
139 107
140 108
140 109
140 110
140 111
141 111
142 112
142 113
142 114
142 115
142 116
143 117
142 118
143 118
144 119
144 120
144 121
144 122
145 123
144 124
145 125
145 126
144 127
144 128
144 129
144 130
144 131
143 132
143 133
142 134
142 135
142 136
141 137
141 138
141 139
142 140
141 141
140 141
141 142
142 143
142 144
142 145
142 146
143 147
143 148
144 148
145 149
144 150
145 150
146 151
147 152
147 153
148 154
149 155
150 156
151 156
152 157
152 158
153 159
154 160
155 160
156 161
156 162
157 162
158 163
159 163
160 164
160 165
161 165
162 166
163 167
164 168
165 169
166 170
166 171
166 172
165 173
164 173
163 173
162 173
161 174
160 174
159 174
158 174
157 175
156 174
155 175
154 175
153 175
152 175
151 175
150 176
149 176
148 176
147 176
146 176
145 176
144 176
143 177
142 177
141 177
140 177
139 177
138 177
137 177
136 177
135 178
134 178
133 178
132 178
131 178
130 178
129 178
128 179
127 179
126 179
125 179
124 179
123 179
122 180
121 180
120 180
119 180
118 181
117 181
116 182
115 182
114 182
113 182
112 182
111 182
110 183
109 184
108 184
107 184
106 184
105 184
104 185
103 186
102 186
101 186
100 186
99 187
98 188
97 188
96 189
95 189
94 190
93 191
92 192
91 193
90 193
89 194
88 195
87 196
86 197
86 198
85 199
84 200
83 201
83 202
82 203
81 204
80 205
80 206
79 207
78 208
77 209
76 210
75 211
74 212
73 213
72 214
71 215
70 216
69 216
68 217
67 218
66 219
65 219
65 220
64 221
63 221
62 222
61 223
60 223
59 224
58 225
57 226
56 226
55 227
54 227
54 228
53 229
52 230
51 230
50 231
49 231
48 232
47 233
46 233
45 234
44 235
43 235
42 236
41 237
40 237
40 238
39 239
38 240
37 240
36 241
35 241
35 242
34 243
33 244
32 244
31 245
30 246
29 247
28 248
27 249
26 250
26 251
25 252
24 252
24 253
23 254
22 255
22 256
22 257
23 256
24 257
25 258
26 258
27 259
27 260
28 260
29 261
30 261
31 261
32 262
33 263
34 263
35 264
36 264
37 264
38 265
39 265
40 265
41 265
42 266
43 266
44 267
45 267
46 268
47 268
48 268
49 269
50 269
51 269
52 270
53 269
54 270
55 270
56 271
57 271
58 271
59 272
60 272
61 273
62 273
63 273
64 274
64 275
65 275
66 276
67 277
68 278
69 278
70 279
71 280
71 281
72 282
73 283
73 284
74 285
75 286
75 287
76 288
77 289
78 290
79 291
80 291
81 292
82 292
83 293
84 292
85 293
86 293
87 294
88 293
89 293
90 294
91 294
92 293
93 293
94 294
95 294
96 293
97 293
98 293
99 293
100 292
101 292
102 293
103 292
104 292
105 292
106 292
107 291
108 291
109 291
110 291
111 290
112 290
113 290
114 290
115 289
116 289
117 289
118 289
119 288
120 288
121 288
122 289
123 289
124 288
125 288
126 288
127 288
128 287
129 287
130 288
131 288
132 288
133 288
134 289
135 290
136 289
137 290
137 291
137 292
136 293
136 294
135 295
135 296
134 297
134 298
133 299
133 300
132 301
131 302
131 303
130 304
129 305
129 306
129 307
128 308
128 309
128 310
127 311
126 312
126 313
125 314
125 315
125 316
124 317
124 318
124 319
123 320
123 321
122 322
122 323
122 324
122 325
121 326
121 327
121 328
121 329
121 330
121 331
120 332
120 333
120 334
120 335
121 336
121 337
121 338
121 339
121 340
122 341
122 342
122 343
123 344
123 345
123 346
123 347
123 348
124 349
124 350
124 351
124 352
124 353
124 354
124 355
124 356
124 357
124 358
124 359
124 360
124 361
125 362
124 363
125 364
125 365
125 366
125 367
125 368
125 369
125 370
124 371
124 372
124 373
125 374
124 375
125 376
125 377
124 378
124 379
124 380
124 381
124 382
124 383
124 384
124 385
124 386
124 387
124 388
124 389
123 390
124 391
124 392
124 393
124 394
124 395
124 396
123 397
123 398
124 399
124 400
124 401
124 402
124 403
124 404
123 405
124 406
124 407
124 408
124 409
124 410
124 411
124 412
124 413
124 414
125 415
125 416
125 417
125 418
125 419
125 420
126 421
126 422
126 423
127 424
126 425
127 426
128 427
128 428
129 429
129 430
130 431
130 432
131 433
131 434
132 435
133 436
133 437
134 438
135 439
136 440
137 441
138 442
139 443
140 444
141 445
141 446
142 446
143 445
144 445
145 445
146 444
147 443
148 443
149 442
150 442
151 441
152 441
153 440
154 440
155 440
156 440
157 439
158 439
159 439
160 439
161 439
162 439
163 439
164 439
165 439
166 439
167 439
168 439
169 439
170 439
171 439
172 440
173 440
174 440
175 439
176 439
177 439
178 439
179 439
180 438
181 437
182 437
183 436
184 436
185 435
186 434
187 433
187 432
188 431
189 431
190 430
190 429
191 428
192 427
192 426
193 425
194 424
195 423
195 422
195 421
195 420
196 419
197 418
197 417
198 416
199 415
198 414
199 413
200 412
200 411
201 410
202 409
201 408
202 407
203 406
203 405
204 404
204 403
205 402
206 401
206 400
207 399
208 398
208 397
209 396
210 396
211 395
212 394
213 393
214 393
215 392
216 392
217 392
218 391
219 391
220 391
221 390
222 390
223 389
223 388
224 387
225 386
226 385
226 384
227 383
228 383
229 384
230 385
231 386
232 387
233 388
234 389
235 390
236 390
237 391
238 392
239 392
240 393
241 393
242 394
243 394
244 395
245 395
246 396
247 397
248 397
249 398
250 399
251 399
252 400
253 400
254 401
255 402
256 403
257 404
258 405
259 406
260 406
261 407
262 408
263 409
264 410
264 411
265 411
266 412
267 413
268 414
269 415
270 415
271 416
272 417
273 418
273 419
274 419
275 420
276 421
277 422
278 422
279 423
280 424
281 425
282 426
283 426
284 427
285 428
286 429
287 430
288 430
289 431
290 431
291 432
291 433
292 433
293 433
294 434
295 435
296 436
297 436
298 437
299 437
300 438
301 438
302 439
303 439
304 440
305 440
306 440
307 441
308 441
309 441
310 442
311 442
312 442
313 443
314 443
315 443
316 443
317 443
318 443
319 443
320 443
321 443
322 443
323 443
324 443
325 443
326 443
327 443
328 443
329 443
330 443
331 443
332 443
333 443
334 443
335 443
336 443
337 443
338 443
339 443
340 443
341 443
342 443
343 444
344 444
345 444
346 444
347 444
348 445
349 445
350 446
351 445
352 446
353 446
354 446
355 446
356 447
357 447
358 447
359 448
360 448
361 448
362 449
363 449
364 449
365 449
366 449
367 448
368 447
368 446
369 445
370 444
371 443
371 442
372 441
372 440
373 439
373 438
374 437
374 436
375 435
375 434
375 433
375 432
376 431
375 430
375 429
375 428
375 427
375 426
375 425
375 424
374 423
374 422
374 421
374 420
374 419
373 418
373 417
373 416
373 415
373 414
372 414
371 413
371 412
371 411
371 410
371 409
370 408
369 407
369 406
369 405
369 404
368 404
367 403
367 402
367 401
367 400
366 400
365 399
365 398
365 397
365 396
364 395
363 394
363 393
363 392
363 391
363 390
362 389
363 388
362 387
362 386
362 385
362 384
362 383
362 382
362 381
361 380
361 379
362 378
362 377
362 376
363 375
363 374
364 373
364 372
364 371
364 370
365 369
365 368
365 367
364 366
364 365
364 364
363 363
363 362
362 361
361 360
361 359
360 358
359 357
358 356
357 355
356 354
355 353
355 352
354 351
353 351
352 351
351 350
352 349
351 349
350 348
349 347
348 346
348 345
347 345
346 344
345 343
344 343
343 342
343 341
342 340
342 339
343 338
344 338
345 338
346 337
347 337
348 337
349 337
350 337
351 336
352 336
353 336
354 336
355 336
356 336
357 336
358 336
359 336
360 335
361 335
362 335
363 335
364 334
365 334
366 334
367 334
368 334
369 334
370 334
371 333
372 333
373 333
374 333
375 333
376 333
377 333
378 333
379 332
380 332
381 332
382 332
383 332
384 332
385 331
386 331
387 331
388 331
389 331
390 331
391 330
392 330
393 329
394 329
395 329
396 329
397 329
398 328
399 328
400 328
401 327
402 327
403 327
404 326
405 326
406 326
407 325
408 325
409 324
410 324
411 323
412 323
413 322
414 322
415 321
416 321
417 320
418 319
419 319
420 318
421 317
422 316
423 315
424 314
425 313
425 312
426 311
427 310
428 309
429 308
429 307
430 306
431 305
431 304
432 303
433 302
434 301
435 300
436 299
437 298
438 297
439 297
440 296
440 295
441 294
442 293
443 293
444 292
445 291
446 290
447 290
448 289
449 288
450 287
451 287
452 286
453 285
454 284
455 283
456 283
457 282
458 282
459 281
460 280
461 279
462 279
463 278
464 277
465 276
466 275
467 275
468 274
469 273
470 272
471 272
472 271
473 270
474 269
475 268
476 268
477 267
478 266
479 265
480 264
481 263
482 263
483 262
484 261
484 260
485 259
486 258
487 257
488 256
488 255
488 254
488 253
488 252
487 251
486 250
485 250
484 249
483 248
482 248
481 248
480 247
479 247
478 246
477 245
476 245
475 245
474 245
473 244
472 243
471 243
470 243
469 242
468 242
467 241
466 241
465 241
464 241
463 240
462 241
461 240
460 239
459 239
458 239
457 238
456 238
455 237
454 237
453 237
452 237
451 236
450 236
449 235
448 235
447 234
447 233
446 233
445 232
444 231
443 230
442 229
441 228
440 227
440 226
439 226
438 225
439 224
438 223
438 222
437 221
436 220
435 220
434 219
433 218
433 217
432 217
431 216
430 216
429 215
428 215
427 215
426 215
425 215
424 214
423 214
422 215
421 214
420 214
419 214
418 215
417 214
416 214
415 214
414 215
413 215
412 215
411 216
410 215
409 215
408 215
407 215
406 216
405 216
404 216
403 217
402 217
401 217
400 217
399 218
398 218
397 218
396 218
395 219
394 219
393 219
392 219
391 218
390 219
389 219
388 219
387 219
386 219
385 220
384 220
383 220
382 219
381 219
380 219
379 219
378 219
377 218
376 218
375 217
374 217
373 216
374 215
374 214
374 213
374 212
375 211
376 210
377 209
377 208
377 207
378 206
379 205
379 204
379 203
380 202
381 201
381 200
381 199
382 198
382 197
383 196
383 195
383 194
384 193
384 192
385 191
385 190
385 189
386 188
386 187
386 186
386 185
387 184
386 183
387 182
387 181
388 180
387 179
387 178
388 177
387 176
387 175
387 174
386 173
387 172
387 171
386 170
386 169
386 168
386 167
385 166
385 165
385 164
385 163
385 162
385 161
384 160
384 159
384 158
384 157
384 156
384 155
384 154
383 153
384 152
383 151
383 150
383 149
383 148
383 147
383 146
383 145
383 144
384 143
384 142
383 141
384 140
383 139
383 138
383 137
384 136
384 135
384 134
384 133
384 132
383 131
384 130
384 129
384 128
384 127
384 126
384 125
384 124
384 123
384 122
384 121
384 120
384 119
384 118
385 117
384 116
384 115
384 114
384 113
384 112
385 111
384 110
385 109
384 108
384 107
384 106
384 105
384 104
384 103
384 102
384 101
383 100
383 99
383 98
383 97
383 96
383 95
383 94
383 93
382 92
382 91
382 90
382 89
382 88
382 87
381 86
381 85
380 84
380 83
379 82
379 81
378 80
378 79
377 78
377 77
376 76
376 75
375 75
374 74
374 73
373 72
373 71
372 71
371 70
371 69
370 69
369 68
368 67
368 66
367 66
366 65
366 64
365 63
365 62
364 63
363 63
362 64
361 64
360 65
359 65
358 65
357 65
356 66
355 66
354 66
353 66
352 67
351 67
350 67
349 68
348 67
347 67
346 68
345 67
344 68
343 67
342 68
341 67
340 66
339 67
338 66
337 66
336 67
335 66
334 67
333 66
333 67
332 68
331 67
330 68
329 68
328 69
327 70
326 70
325 70
325 71
324 72
323 72
322 73
321 73
321 74
320 75
319 75
318 76
319 77
318 78
317 78
317 79
316 80
315 81
315 82
314 83
314 84
313 85
312 86
312 87
311 88
311 89
311 90
310 91
309 92
309 93
308 94
308 95
307 96
306 97
306 98
306 99
306 100
305 101
304 100
304 101
305 102
304 103
303 104
302 105
302 106
301 107
300 108
300 109
299 110
298 109
298 110
297 111
296 111
295 112
294 112
293 113
292 114
291 114
290 115
289 114
288 114
287 115
286 116
285 116
284 117
283 118
282 119
281 120
282 121
281 122
281 123
280 124
279 125
278 125
277 124
276 123
275 122
274 122
273 121
272 120
271 119
270 118
269 118
268 118
267 117
266 116
265 116
264 115
263 115
262 115
261 114
260 113
259 112
258 111
257 111
256 110
255 110
254 109
253 108
252 107
251 106
250 105
249 104
248 103
247 103
246 102
246 101
245 101
244 100
243 99
242 98
241 97
240 97
239 96
238 95
238 94
237 93
236 93
235 92
234 91
233 90
232 90
231 89
231 88
230 87
229 86
228 87
227 86
227 85
226 84
225 84
224 83
223 82
222 81
221 81
220 80
219 79
218 79
217 79
216 78
216 77
215 77
214 76
213 76
212 75
211 74
210 74
209 74
208 73
207 72
206 72
205 72
204 71
203 71
202 70
201 70
200 70
199 69
198 69
197 69
196 69
195 68
194 68
193 68
192 68
191 68
190 68
189 68
188 68
187 68
186 68
185 68
184 68
183 68
182 68
181 68
180 68
179 68
178 68
177 68
176 68
175 68
174 68
173 68
172 68
171 68
170 68
169 68
168 68
167 67
166 67
165 67
164 67
163 67
162 66
161 66
160 66
159 66
158 66
157 65
156 66
155 65
154 65
153 64
152 64
151 64
150 64
149 63
148 63
147 62
146 62
145 62
144 61
143 61
