380 28
379 29
378 29
378 30
377 31
376 31
375 32
374 32
374 33
373 34
373 35
372 36
371 36
371 37
370 38
369 38
368 39
367 39
367 40
366 41
365 41
365 42
364 43
363 43
363 44
362 45
362 46
361 47
360 47
360 48
359 49
358 49
357 50
357 51
356 52
355 52
355 53
354 54
353 55
352 55
351 56
350 57
349 58
348 59
347 59
346 60
345 60
344 60
343 60
342 60
341 59
340 58
340 57
339 56
339 55
339 54
338 53
338 52
338 51
338 50
338 49
338 48
337 47
337 46
337 45
336 44
336 43
335 42
334 42
333 43
332 44
331 45
330 46
329 47
328 47
328 48
327 49
326 50
326 51
325 52
324 52
324 53
323 54
323 55
322 56
322 57
321 58
320 58
320 59
320 60
319 61
319 62
318 63
317 63
317 64
316 65
316 66
315 67
315 68
314 69
313 69
313 70
312 71
312 72
311 73
311 74
310 75
310 76
309 77
309 78
308 79
307 80
307 81
306 82
305 83
304 84
303 85
302 86
301 86
300 86
299 86
298 86
297 86
296 86
295 85
294 84
293 84
292 84
291 84
291 85
290 86
289 87
288 88
288 89
287 90
287 91
287 92
286 93
286 94
285 95
285 96
284 97
284 98
283 99
283 100
282 101
282 102
282 103
281 104
281 105
280 106
280 107
280 108
280 109
280 110
279 111
279 112
278 113
278 114
278 115
277 116
277 117
276 118
276 119
276 120
276 121
275 122
275 123
274 124
274 125
274 126
274 127
273 128
272 129
272 130
271 131
271 132
270 133
269 133
268 133
267 133
266 133
265 132
265 131
264 130
264 129
263 128
263 127
263 126
263 125
262 124
262 123
262 122
261 121
261 122
260 123
260 124
259 125
259 126
259 127
259 128
258 129
258 130
258 131
258 132
258 133
258 134
257 135
257 136
257 137
257 138
257 139
256 140
256 141
256 142
256 143
256 144
256 145
256 146
256 147
255 148
255 149
255 150
255 151
255 152
255 153
255 154
255 155
255 156
254 157
253 158
252 158
251 158
250 158
249 157
249 156
248 155
248 154
247 153
247 152
247 151
247 150
247 149
246 148
246 147
246 146
246 145
245 144
245 143
245 142
244 141
244 140
244 139
244 138
244 137
243 136
243 135
243 134
243 133
242 132
242 131
241 130
241 129
241 128
241 127
240 126
240 125
240 124
239 123
239 122
239 121
238 120
237 119
236 119
236 120
235 121
235 122
234 123
234 124
233 125
232 125
231 125
230 125
229 125
228 124
227 123
226 122
225 121
225 120
225 119
224 118
224 117
223 116
223 115
222 114
222 113
221 112
221 111
220 110
220 109
219 108
219 107
219 106
218 105
218 104
217 103
217 102
217 101
216 100
216 99
216 98
215 97
215 96
215 95
214 94
214 93
213 92
213 91
213 90
212 90
211 89
211 88
211 87
210 86
210 85
209 84
209 83
209 82
208 81
208 80
207 79
207 78
206 78
205 77
205 76
204 75
204 74
203 73
202 72
202 71
201 70
200 69
199 68
198 67
197 68
197 69
196 70
196 71
196 72
195 73
194 74
194 75
193 76
192 77
191 77
190 77
189 77
188 77
187 77
186 76
185 75
184 74
183 73
182 72
181 71
180 70
180 69
179 69
178 68
177 67
177 66
176 65
176 64
175 64
174 63
173 62
173 61
172 61
171 60
171 59
170 58
169 57
169 56
168 56
167 55
167 54
166 53
165 53
164 52
163 51
163 50
162 49
161 49
160 48
159 48
158 47
157 46
156 46
155 47
155 48
154 49
153 50
153 51
153 52
152 53
152 54
152 55
151 56
150 57
149 58
148 58
147 58
146 58
145 58
144 58
143 58
142 57
141 56
140 55
139 54
138 54
137 53
136 52
135 52
134 51
134 50
133 50
132 49
131 49
130 48
130 47
129 47
128 46
128 45
127 45
126 44
126 43
125 43
124 42
123 42
122 41
121 41
120 40
119 40
118 39
117 39
116 39
115 38
114 38
113 38
112 39
111 40
111 41
111 42
111 43
111 44
111 45
112 46
112 47
112 48
112 49
113 50
113 51
113 52
113 53
113 54
114 55
114 56
115 57
115 58
116 59
116 60
116 61
116 62
116 63
117 64
117 65
118 66
118 67
118 68
119 69
119 70
119 71
119 72
120 73
120 74
121 75
121 76
121 77
121 78
122 79
122 80
122 81
123 82
123 83
123 84
123 85
123 86
123 87
123 88
123 89
123 90
122 91
121 92
120 93
119 93
118 93
117 93
116 94
115 94
114 94
113 94
112 95
112 96
112 97
112 98
112 99
112 100
113 101
114 102
114 103
114 104
114 105
115 106
115 107
116 108
116 109
117 110
117 111
118 112
118 113
119 114
119 115
120 115
121 116
121 117
122 118
122 119
123 120
123 121
124 122
124 123
125 123
126 124
126 125
127 126
127 127
128 128
128 129
129 130
129 131
130 132
131 133
131 134
131 135
132 136
132 137
133 138
133 139
133 140
133 141
133 142
132 143
131 144
130 144
129 144
128 144
127 144
126 144
125 144
124 143
123 143
122 143
121 143
120 142
119 142
118 142
117 142
116 141
115 141
114 141
113 141
113 142
114 143
114 144
114 145
115 146
116 147
116 148
117 149
117 150
118 150
119 151
120 152
120 153
121 154
121 155
122 155
123 156
123 157
124 157
125 158
126 159
126 160
127 160
128 161
128 162
129 163
129 164
130 164
131 165
132 165
133 166
133 167
134 168
134 169
135 170
136 170
137 171
138 172
138 173
139 174
140 175
141 176
141 177
142 178
142 179
142 180
142 181
142 182
142 183
141 184
140 184
139 185
138 185
137 185
137 186
138 187
138 188
138 189
138 190
138 191
139 192
139 193
140 194
141 195
142 196
142 197
143 198
143 199
143 200
143 201
142 202
141 202
140 202
139 202
138 202
137 202
136 202
135 202
134 202
133 202
132 202
131 202
130 201
129 201
128 201
127 201
126 200
125 200
124 200
123 200
122 199
121 199
120 199
119 199
118 199
117 198
116 198
115 198
114 197
113 197
112 197
111 197
110 197
109 197
108 196
107 196
106 196
105 196
104 196
103 195
102 195
101 195
100 195
99 195
98 194
97 194
96 194
95 194
94 194
93 194
92 194
91 194
90 193
89 193
88 193
87 193
86 193
85 193
84 193
83 193
82 194
82 195
83 196
84 197
85 198
85 199
86 200
87 201
87 202
88 203
88 204
88 205
88 206
87 207
86 208
85 209
84 209
83 209
82 210
81 210
80 210
79 210
78 210
77 210
76 211
75 211
74 211
73 211
72 211
71 211
70 211
69 211
68 211
67 211
66 211
65 211
64 211
63 211
62 211
61 211
60 212
59 212
58 212
57 212
56 212
55 212
54 212
53 213
52 213
51 213
50 213
49 214
48 215
48 216
49 217
49 218
50 219
51 220
52 221
53 222
54 223
54 224
55 225
55 226
55 227
55 228
55 229
54 230
53 231
52 232
51 232
50 233
49 233
48 234
47 234
46 234
45 234
44 234
43 234
42 235
41 235
40 235
39 235
38 235
37 236
36 236
35 236
34 236
33 236
32 237
31 237
30 237
29 237
28 237
27 237
26 238
25 238
24 238
23 238
22 238
21 239
20 239
19 239
18 239
17 239
16 239
15 240
14 240
13 240
12 240
11 240
10 241
9 241
8 242
7 242
6 242
5 242
4 242
3 243
2 243
1 244
1 245
1 246
1 247
1 248
1 249
1 250
2 250
3 251
4 252
5 252
6 252
7 253
7 254
8 255
8 256
9 257
9 258
9 259
10 259
11 259
12 260
13 260
14 261
15 261
16 262
17 262
18 263
19 264
20 264
21 265
22 266
22 267
22 268
22 269
22 270
22 271
22 272
22 273
22 274
21 275
21 276
21 277
22 278
23 279
24 280
25 280
26 281
27 281
28 281
29 281
30 282
31 282
32 282
33 283
34 283
35 283
36 283
37 283
38 283
39 283
40 284
41 284
42 284
43 284
44 284
45 284
46 284
47 284
48 285
49 285
50 285
51 285
52 285
53 285
54 285
55 285
56 285
57 285
58 285
59 285
60 286
61 286
62 286
63 286
64 286
65 286
66 286
67 286
68 286
69 287
70 287
71 287
72 287
73 287
74 288
75 288
76 289
77 290
78 291
78 292
78 293
77 294
77 295
76 296
76 297
75 298
74 298
73 299
72 300
71 301
70 302
69 303
68 304
68 305
68 306
69 306
70 306
71 307
72 307
73 307
74 307
75 307
76 307
77 307
78 307
79 307
80 307
81 307
82 307
83 307
84 306
85 306
86 306
87 306
88 306
89 306
90 306
91 306
92 306
93 306
94 305
95 305
96 305
97 305
98 305
99 305
100 305
101 305
102 304
103 304
104 304
105 304
106 304
107 304
108 304
109 304
110 304
111 304
112 303
113 303
114 303
115 303
116 303
117 303
118 303
119 303
120 303
121 304
122 304
123 305
124 306
124 307
124 308
124 309
124 310
124 311
125 311
126 311
127 311
128 311
129 311
130 311
131 311
132 310
133 310
134 310
135 310
136 309
137 309
138 309
139 309
140 308
141 308
142 307
143 307
144 307
145 307
146 307
147 306
148 306
149 305
150 305
151 305
152 304
153 304
154 303
155 303
156 303
157 303
158 303
159 302
160 302
161 301
162 301
163 300
164 300
165 300
166 300
167 299
168 299
169 299
170 298
171 298
172 297
173 297
174 297
175 297
176 297
177 297
178 298
178 299
178 300
178 301
177 302
177 303
176 304
175 304
174 305
173 305
173 306
172 307
171 307
170 307
170 308
169 309
168 309
167 310
166 310
166 311
165 312
164 312
163 312
163 313
162 314
161 314
161 315
160 316
159 316
159 317
158 318
157 318
156 319
155 319
155 320
154 321
153 321
153 322
152 323
151 323
150 324
149 324
149 325
148 326
147 327
146 327
146 328
145 329
144 330
144 331
143 332
144 332
145 332
146 332
147 332
148 332
149 332
150 332
151 333
152 334
152 335
152 336
152 337
152 338
152 339
151 340
150 341
150 342
149 343
149 344
148 345
147 346
146 347
145 347
145 348
144 349
144 350
143 351
142 352
142 353
141 354
140 354
140 355
139 356
138 357
138 358
137 359
137 360
136 361
135 361
135 362
134 363
133 364
133 365
132 366
132 367
132 368
131 369
131 370
130 371
130 372
131 373
132 372
133 372
134 372
135 372
136 372
137 372
138 372
139 372
140 373
141 373
142 374
142 375
142 376
142 377
142 378
142 379
141 380
141 381
140 382
140 383
140 384
139 385
139 386
138 387
138 388
137 389
137 390
136 391
136 392
135 393
134 393
134 394
133 395
133 396
132 397
132 398
132 399
131 400
130 400
130 401
129 402
129 403
129 404
128 405
127 405
127 406
127 407
126 408
126 409
125 410
125 411
125 412
124 413
123 413
123 414
122 415
122 416
122 417
121 418
121 419
121 420
120 421
120 422
119 423
119 424
118 425
118 426
117 427
117 428
117 429
117 430
116 431
116 432
116 433
116 434
116 435
116 436
117 437
118 437
119 437
120 437
121 437
122 437
123 437
124 437
125 437
126 437
127 437
128 437
129 437
130 438
131 439
131 440
132 441
132 442
132 443
132 444
132 445
132 446
132 447
132 448
131 449
131 450
131 451
131 452
131 453
131 454
130 455
130 456
130 457
130 458
129 459
129 460
129 461
129 462
129 463
129 464
128 465
128 466
128 467
128 468
128 469
127 470
127 471
127 472
127 473
127 474
127 475
126 476
126 477
126 478
126 479
126 480
126 481
127 480
128 480
129 479
130 478
131 478
132 477
133 476
134 476
135 475
136 475
136 474
137 473
137 472
138 471
139 471
140 470
141 470
141 469
142 468
143 468
143 467
144 466
145 466
145 465
146 464
147 463
148 463
148 462
149 461
150 461
150 460
151 459
152 458
153 458
153 457
154 456
155 455
156 455
157 454
158 453
159 452
160 451
161 450
162 450
163 450
164 450
165 450
166 450
167 451
168 452
169 453
169 454
169 455
170 456
170 457
170 458
170 459
170 460
170 461
170 462
171 463
171 464
171 465
171 466
171 467
172 468
172 469
172 470
173 471
174 470
175 470
176 469
177 469
178 468
179 467
179 466
180 465
181 464
181 463
182 462
183 462
183 461
184 460
184 459
185 458
186 458
186 457
187 456
187 455
188 454
188 453
189 452
190 452
190 451
191 450
191 449
192 448
192 447
193 446
194 446
194 445
195 444
195 443
196 442
197 441
197 440
198 439
198 438
199 437
200 436
201 435
202 434
203 433
204 432
205 432
206 431
207 431
208 431
209 431
210 432
211 432
212 433
212 434
213 435
214 436
215 436
216 435
217 435
218 434
218 433
218 432
219 431
220 430
220 429
221 428
222 427
222 426
223 425
223 424
224 423
224 422
225 421
225 420
225 419
226 418
226 417
226 416
226 415
227 414
227 413
228 412
228 411
228 410
229 409
229 408
230 407
230 406
231 405
231 404
231 403
231 402
232 401
232 400
233 399
233 398
233 397
234 396
235 395
235 394
236 393
237 392
238 392
239 392
240 392
241 392
242 393
242 394
243 395
243 396
243 397
244 398
244 399
245 400
245 401
245 402
245 403
246 404
246 405
246 406
247 407
247 408
248 407
248 406
249 405
249 404
249 403
250 402
250 401
250 400
251 399
251 398
251 397
251 396
252 395
252 394
252 393
252 392
252 391
253 390
253 389
253 388
253 387
253 386
253 385
253 384
254 383
255 382
255 381
256 380
257 379
258 379
259 379
260 379
261 380
262 381
263 382
263 383
263 384
264 385
264 386
265 387
265 388
265 389
265 390
266 391
266 392
266 393
267 394
267 395
267 396
267 397
268 398
268 399
269 400
269 401
269 402
269 403
270 404
270 405
270 406
271 407
271 408
272 409
272 410
272 411
273 412
274 413
274 414
275 414
276 413
276 412
276 411
277 410
278 409
278 408
278 407
279 406
280 405
281 404
282 404
283 404
284 404
285 405
286 406
287 407
287 408
288 409
289 410
289 411
290 412
291 413
291 414
292 415
292 416
293 417
293 418
293 419
294 420
294 421
295 422
295 423
296 424
296 425
296 426
297 427
297 428
298 429
298 430
298 431
299 432
299 433
299 434
300 434
301 435
301 436
302 437
302 438
302 439
303 440
303 441
304 442
304 443
305 444
305 445
306 445
307 446
307 447
308 448
308 449
309 450
309 451
310 452
311 453
311 454
312 455
313 455
314 456
315 456
316 455
316 454
317 453
317 452
317 451
318 450
318 449
319 448
319 447
320 446
321 445
322 444
323 444
324 444
325 444
326 444
327 444
328 445
329 446
330 447
331 448
332 449
333 449
334 450
335 451
335 452
336 453
337 454
338 454
339 455
339 456
340 457
340 458
341 459
342 459
343 460
343 461
344 462
345 462
346 463
346 464
347 465
348 466
349 466
350 467
351 468
352 469
353 469
354 470
355 470
356 470
357 469
358 468
358 467
358 466
359 465
359 464
359 463
359 462
360 461
360 460
360 459
361 458
361 457
362 456
363 456
364 455
365 455
366 455
367 455
368 456
369 456
370 457
371 457
372 458
373 458
374 459
375 460
375 461
376 461
377 462
378 462
379 462
380 462
381 463
382 463
383 463
384 464
385 464
386 465
387 465
388 465
389 466
390 466
391 466
392 467
393 466
394 465
394 464
394 463
394 462
394 461
394 460
394 459
394 458
393 457
393 456
393 455
393 454
392 453
392 452
392 451
391 450
391 449
391 448
391 447
390 446
390 445
390 444
389 443
389 442
388 441
388 440
388 439
387 438
387 437
386 436
386 435
386 434
385 433
385 432
384 431
384 430
383 429
383 428
383 427
383 426
382 425
382 424
381 423
381 422
381 421
381 420
380 419
380 418
380 417
380 416
380 415
380 414
380 413
380 412
380 411
380 410
381 409
381 408
382 407
383 407
384 407
385 406
386 406
387 405
388 405
388 404
388 403
388 402
388 401
387 400
387 399
386 398
386 397
386 396
385 395
385 394
384 393
384 392
383 391
383 390
382 389
382 388
381 388
380 387
380 386
380 385
379 384
379 383
378 382
378 381
377 381
376 380
376 379
375 378
375 377
374 377
373 376
373 375
372 374
372 373
371 372
371 371
370 371
369 370
369 369
368 368
368 367
367 366
367 365
366 364
365 363
365 362
365 361
364 360
364 359
363 358
363 357
363 356
363 355
363 354
364 353
365 353
366 353
367 353
368 353
369 353
370 353
371 353
372 353
373 354
374 354
375 354
376 354
377 355
378 355
379 355
379 354
379 353
378 352
377 351
376 350
376 349
375 348
375 347
374 346
373 346
372 345
372 344
371 343
371 342
370 342
369 341
369 340
368 340
367 339
366 338
366 337
365 337
364 336
364 335
363 335
362 334
362 333
361 333
360 332
360 331
359 331
358 330
357 329
357 328
356 328
355 327
355 326
354 326
353 325
352 324
351 323
351 322
350 322
349 321
348 320
347 319
347 318
346 318
345 317
345 316
345 315
345 314
345 313
345 312
346 311
347 310
348 310
348 309
348 308
349 307
350 307
351 307
352 308
353 308
352 307
351 306
350 305
350 304
349 303
349 302
349 301
349 300
350 299
351 299
352 299
353 299
354 299
355 299
356 299
357 299
358 299
359 300
360 300
361 300
362 300
363 301
364 301
365 301
366 301
367 302
368 302
369 302
370 302
371 302
372 303
373 303
374 304
375 304
376 304
377 305
378 305
379 305
380 305
381 305
382 305
383 306
384 306
385 306
386 307
387 307
388 307
389 307
390 307
391 308
392 308
393 308
394 309
395 309
396 309
397 309
398 309
399 309
400 310
401 310
402 310
403 310
404 310
405 310
406 310
407 311
408 311
409 311
410 311
411 311
412 311
413 311
414 310
415 310
414 309
413 308
413 307
412 306
412 305
411 304
411 303
411 302
411 301
411 300
411 299
412 298
413 298
414 297
415 297
416 297
417 297
418 297
419 297
420 296
421 296
422 296
423 296
424 296
425 296
426 296
427 296
428 296
429 296
430 296
431 296
432 296
433 296
434 296
435 296
436 296
437 296
438 296
439 296
440 296
441 296
442 296
443 295
444 295
445 295
446 295
447 295
448 295
449 295
450 294
451 294
452 294
453 294
454 293
455 293
456 292
455 291
455 290
454 289
453 288
453 287
452 287
451 286
451 285
450 284
450 283
450 282
450 281
450 280
451 279
452 278
453 278
454 277
455 277
456 276
457 276
458 276
459 275
460 275
461 275
462 275
463 274
464 274
465 274
466 274
467 274
468 273
469 273
470 273
471 273
472 273
473 273
474 273
475 273
476 272
477 272
478 272
479 272
480 272
481 272
482 271
483 271
484 271
485 271
486 271
487 271
488 270
489 270
490 270
491 270
492 270
493 270
494 269
495 269
496 269
497 269
498 269
499 268
500 268
501 268
502 267
503 267
504 267
505 267
506 266
507 266
508 265
509 265
510 265
510 264
510 263
510 262
510 261
510 260
510 259
509 258
508 258
507 257
506 256
506 255
505 254
504 253
504 252
503 251
503 250
502 249
501 249
500 249
499 248
498 248
497 247
496 247
495 246
494 245
493 244
493 243
492 242
492 241
492 240
492 239
492 238
493 237
493 236
493 235
494 234
494 233
495 232
495 231
494 230
494 229
493 229
492 228
491 227
490 227
489 227
488 226
487 226
486 226
485 225
484 225
483 225
482 225
481 225
480 224
479 224
478 224
477 224
476 224
475 224
474 223
473 223
472 223
471 223
470 223
469 223
468 223
467 223
466 222
465 222
464 222
463 222
462 222
461 222
460 222
459 221
458 221
457 221
456 221
455 221
454 221
453 221
452 221
451 220
450 220
449 220
448 219
447 219
446 219
445 218
444 217
444 216
444 215
444 214
444 213
444 212
445 211
446 210
447 209
448 208
449 207
450 206
451 205
452 204
453 203
454 202
455 201
456 200
456 199
455 198
454 198
453 198
452 198
451 197
450 197
449 197
448 197
447 197
446 197
445 197
444 197
443 197
442 197
441 197
440 197
439 197
438 197
437 198
436 198
435 198
434 198
433 198
432 198
431 198
430 198
429 198
428 198
427 198
426 198
425 198
424 198
423 199
422 199
421 199
420 199
419 199
418 199
417 199
416 199
415 199
414 199
413 199
412 199
411 199
410 199
409 199
408 199
407 198
406 198
405 197
405 196
404 195
404 194
404 193
405 192
405 191
405 190
405 189
404 188
403 188
402 188
401 188
400 188
399 188
398 188
397 189
396 189
395 189
394 189
393 189
392 189
391 190
390 190
389 191
388 191
387 191
386 191
385 191
384 192
383 192
382 192
381 192
380 193
379 193
378 194
377 194
376 194
375 195
374 195
373 195
372 195
371 196
370 196
369 196
368 196
367 197
366 197
365 197
364 198
363 198
362 198
361 198
360 198
359 198
358 198
357 198
356 198
355 197
355 196
355 195
355 194
356 193
357 192
357 191
358 190
359 189
360 188
361 187
362 187
362 186
363 185
364 185
365 184
366 184
366 183
367 182
368 182
368 181
369 180
370 180
370 179
371 178
372 178
373 177
374 177
374 176
375 175
375 174
376 173
377 173
378 172
378 171
379 170
380 169
381 168
382 167
382 166
381 166
380 166
379 166
378 166
377 166
376 166
375 167
374 167
373 167
372 166
371 166
370 165
369 164
369 163
369 162
369 161
370 160
370 159
371 158
371 157
372 156
373 155
374 154
374 153
375 152
376 151
376 150
377 149
378 148
378 147
379 146
379 145
380 144
381 143
382 143
382 142
383 141
383 140
384 139
385 138
385 137
385 136
386 135
386 134
387 133
387 132
388 131
388 130
387 129
386 129
385 129
384 129
383 129
382 130
381 130
380 130
379 130
378 130
377 130
376 130
375 130
374 129
373 128
373 127
373 126
373 125
373 124
373 123
374 122
374 121
375 120
375 119
375 118
376 117
376 116
377 115
377 114
378 113
378 112
379 111
379 110
380 109
381 109
381 108
381 107
382 106
382 105
383 104
383 103
384 102
384 101
384 100
385 99
386 99
386 98
387 97
387 96
387 95
388 94
388 93
389 92
389 91
389 90
390 89
391 89
391 88
392 87
392 86
392 85
393 84
393 83
394 82
394 81
394 80
394 79
395 78
395 77
395 76
395 75
396 74
396 73
396 72
396 71
396 70
395 70
394 69
393 69
392 70
391 70
390 70
389 70
388 71
387 71
386 71
385 71
384 71
383 71
382 71
381 71
380 70
379 70
378 69
378 68
377 67
377 66
377 65
377 64
377 63
377 62
377 61
377 60
377 59
378 58
378 57
378 56
378 55
378 54
379 53
379 52
379 51
379 50
379 49
379 48
380 47
380 46
380 45
380 44
380 43
380 42
381 41
381 40
381 39
381 38
381 37
381 36
381 35
381 34
381 33
381 32
381 31
381 30
381 29
