292 64
292 65
291 66
291 67
290 68
290 69
290 70
289 71
289 72
288 73
288 74
287 75
287 76
286 77
286 78
285 79
285 80
284 81
284 82
283 83
283 84
282 85
282 86
281 87
280 88
280 89
279 90
279 91
278 92
278 93
277 94
277 95
276 96
275 97
275 98
274 99
274 100
273 101
272 102
272 103
271 104
270 105
270 106
269 107
269 108
268 109
267 110
267 111
266 112
265 113
265 114
264 115
263 116
263 117
262 118
261 119
261 120
260 121
259 122
259 123
258 124
257 125
257 126
256 127
255 128
255 129
254 130
253 131
253 132
252 133
252 134
251 135
250 136
249 137
249 138
248 139
247 140
246 141
246 142
245 143
244 144
244 145
243 146
243 147
242 148
241 149
240 150
240 151
239 152
238 153
237 154
237 155
236 156
235 157
235 158
234 159
233 160
232 161
232 162
231 163
230 164
230 165
229 166
228 167
228 168
227 169
226 170
225 171
225 172
224 173
224 174
223 175
222 176
221 177
221 178
220 179
219 180
219 181
218 182
217 183
217 184
216 185
215 186
215 187
214 188
213 189
213 190
212 191
211 192
211 193
210 194
209 195
209 196
208 197
207 198
207 199
206 200
205 201
205 202
204 203
203 204
203 205
202 206
201 207
201 208
200 209
199 210
199 211
198 212
197 213
197 214
196 215
196 216
195 217
194 218
194 219
193 220
192 221
192 222
191 223
191 224
190 225
189 226
189 227
188 228
188 229
187 230
186 231
186 232
185 233
184 234
184 235
183 236
183 237
182 238
182 239
181 240
180 241
180 242
179 243
179 244
178 245
177 246
177 247
176 248
176 249
175 250
175 251
174 252
174 253
175 253
176 252
177 252
178 251
179 251
180 251
181 250
182 250
183 250
184 250
185 249
186 249
187 249
188 248
189 248
190 248
191 248
192 247
193 247
194 247
195 247
196 246
197 246
198 246
199 246
200 246
201 245
202 245
203 245
204 245
205 245
206 245
207 244
208 245
209 244
210 244
211 244
212 244
213 244
214 244
215 244
216 244
217 243
218 244
219 243
220 243
221 243
222 243
223 243
224 243
225 243
226 243
227 243
228 243
229 243
230 243
231 243
232 243
233 243
234 244
235 243
236 244
237 244
238 244
239 244
240 244
241 244
242 244
243 244
244 244
245 244
246 245
247 245
248 245
249 245
250 245
251 245
252 245
253 246
254 246
255 246
256 246
257 246
258 246
259 247
260 247
261 247
262 247
263 247
264 248
265 248
266 248
267 248
268 249
269 249
270 249
271 249
272 250
273 250
274 250
275 250
276 251
277 251
278 251
279 251
280 252
281 252
282 252
283 252
284 253
285 253
286 253
287 254
288 254
289 254
290 254
291 255
292 255
293 255
294 256
295 256
296 256
297 257
298 257
299 257
300 257
301 258
302 258
303 258
304 259
305 259
306 259
307 260
308 260
309 260
310 261
311 261
312 261
313 261
314 262
315 262
316 262
317 263
318 263
319 263
320 264
321 264
322 264
323 264
324 265
325 265
326 265
327 266
328 266
329 266
330 266
331 267
332 267
333 267
334 268
335 268
336 268
337 268
338 269
339 269
340 269
341 269
342 270
343 270
344 270
345 270
346 271
347 271
348 271
349 271
350 271
351 272
352 272
353 272
354 272
355 273
356 273
357 274
357 275
357 276
357 277
356 278
357 279
356 280
356 281
356 282
356 283
356 284
356 285
355 286
355 287
355 288
355 289
355 290
355 291
355 292
354 293
353 293
352 293
351 293
350 293
349 292
348 292
347 292
346 292
345 291
344 291
343 291
342 290
341 290
340 290
339 290
338 289
337 289
336 289
335 289
334 288
333 288
332 288
331 287
330 287
329 287
328 287
327 286
326 286
325 286
324 285
323 285
322 285
321 285
320 284
319 284
318 283
317 283
316 283
315 283
314 282
313 282
312 282
311 281
310 281
309 281
308 280
307 280
306 279
305 279
304 279
303 278
302 278
301 278
300 278
299 277
298 277
297 277
296 276
295 276
294 276
293 275
292 275
291 275
290 274
289 274
288 274
287 273
286 273
285 273
284 273
283 272
282 272
281 272
280 271
279 271
278 271
277 271
276 270
275 270
274 270
273 270
272 269
271 269
270 269
269 268
268 268
267 268
266 268
265 267
264 267
263 267
262 266
261 267
260 266
259 266
258 266
257 265
256 265
255 265
254 265
253 264
252 265
251 264
250 264
249 264
248 264
247 264
246 263
245 263
244 263
243 263
242 263
241 263
240 263
239 263
238 262
237 263
236 262
235 262
234 262
233 262
232 262
231 262
230 262
229 262
228 262
227 262
226 262
225 262
224 262
223 262
222 262
221 262
220 262
219 262
218 262
217 262
216 262
215 262
214 262
213 262
212 262
211 262
210 262
209 262
208 263
207 262
206 263
205 263
204 263
203 263
202 264
201 263
200 264
199 264
198 264
197 264
196 264
195 264
194 265
193 265
192 265
191 265
190 266
189 266
188 266
187 266
186 267
185 267
184 267
183 268
182 268
181 268
180 268
179 269
178 269
177 269
176 270
175 270
174 271
173 270
172 271
171 271
170 272
169 272
168 272
167 273
166 273
165 274
164 274
163 274
162 275
161 276
160 276
160 277
159 278
159 279
158 280
158 281
157 282
157 283
156 284
155 285
155 286
154 287
154 288
153 289
153 290
152 291
152 292
151 293
150 294
150 295
149 296
149 297
148 298
148 299
147 300
147 301
146 302
145 303
145 304
144 305
144 306
143 307
143 308
142 309
142 310
141 311
141 312
140 313
140 314
139 315
139 316
138 317
137 318
137 319
136 320
136 321
135 322
135 323
134 324
134 325
133 326
133 327
132 328
131 329
131 330
131 331
130 332
130 333
129 334
128 335
128 336
127 337
127 338
126 339
126 340
125 341
125 342
124 343
123 344
123 345
123 346
122 347
121 348
121 349
121 350
120 351
119 352
119 353
118 354
118 355
117 356
117 357
116 358
116 359
115 360
115 361
114 362
114 363
113 364
113 365
112 366
112 367
111 368
111 369
110 370
110 371
109 372
109 373
108 374
108 375
107 376
107 377
106 378
106 379
105 380
105 381
104 382
104 383
103 384
103 385
102 386
102 387
101 388
101 389
100 390
100 391
99 392
99 393
98 394
98 395
97 396
97 397
96 398
96 399
95 400
95 401
94 402
94 403
93 404
93 405
93 406
92 407
92 408
91 409
91 410
90 411
90 412
89 413
89 414
88 415
88 416
88 417
87 418
87 419
86 420
86 421
86 422
85 423
85 424
84 425
84 426
83 427
83 428
83 429
82 430
82 431
81 432
81 433
80 434
80 435
79 436
79 437
79 438
78 439
78 440
78 441
77 442
77 443
76 444
76 445
75 446
75 447
75 448
74 449
74 450
74 451
73 452
73 453
72 454
72 455
72 456
71 457
71 458
71 459
70 460
70 461
69 462
69 463
69 464
69 465
68 466
68 467
67 468
67 469
67 470
66 471
66 472
66 473
65 474
65 475
65 476
64 477
64 478
64 479
63 480
63 481
63 482
62 483
62 484
62 485
61 486
61 487
61 488
60 489
60 490
60 491
60 492
61 492
62 491
63 491
64 491
65 491
66 491
67 490
68 490
69 490
70 490
71 489
72 489
73 489
74 488
75 488
76 488
77 487
78 487
79 487
80 486
81 486
82 486
83 485
84 485
85 485
86 484
87 484
88 484
89 483
90 483
91 482
92 482
93 482
94 481
95 481
96 480
97 480
98 479
99 479
100 479
101 478
102 478
103 477
104 477
105 476
106 476
107 475
108 475
109 474
110 474
111 473
112 473
113 472
114 472
115 471
116 471
117 470
118 470
119 469
120 469
121 468
122 468
123 467
124 467
125 466
126 466
127 465
128 465
129 464
130 464
131 463
132 463
133 462
134 462
135 461
136 461
137 460
138 460
139 459
140 459
141 458
142 458
143 457
144 457
145 456
146 456
147 455
148 455
149 454
150 454
151 454
152 453
153 453
154 452
155 452
156 451
157 451
158 450
159 450
160 449
161 449
162 449
163 448
164 448
165 447
166 447
167 447
168 446
169 446
170 445
171 445
172 445
173 444
174 444
175 444
176 443
177 443
178 442
179 442
180 442
181 442
182 441
183 441
184 441
185 440
186 440
187 440
188 439
189 439
190 439
191 439
192 438
193 438
194 438
195 438
196 437
197 437
198 437
199 437
200 437
201 436
202 436
203 436
204 436
205 436
206 436
207 435
208 436
209 435
210 435
211 435
212 435
213 435
214 435
215 435
216 435
217 434
218 435
219 434
220 434
221 434
222 434
223 434
224 434
225 434
226 434
227 434
228 434
229 434
230 434
231 434
232 434
233 434
234 435
235 434
236 435
237 435
238 435
239 435
240 435
241 435
242 435
243 435
244 435
245 435
246 436
247 436
248 436
249 436
250 436
251 436
252 436
253 437
254 437
255 437
256 437
257 437
258 437
259 438
260 438
261 438
262 438
263 438
264 439
265 439
266 439
267 439
268 440
269 440
270 440
271 440
272 441
273 441
274 441
275 441
276 442
277 442
278 442
279 442
280 443
281 443
282 443
283 443
284 444
285 444
286 444
287 445
288 445
289 445
290 445
291 446
292 446
293 446
294 447
295 447
296 447
297 448
298 448
299 448
300 448
301 449
302 449
303 449
304 450
305 450
306 450
307 451
308 451
309 451
310 452
311 452
312 452
313 452
314 453
315 453
316 453
317 454
318 454
319 454
320 455
321 455
322 455
323 455
324 456
325 456
326 456
327 457
328 457
329 457
330 457
331 458
332 458
333 458
334 459
335 459
336 459
337 459
338 460
339 460
340 460
341 460
342 461
343 461
344 461
345 461
346 462
347 462
348 462
349 462
350 462
351 463
352 463
353 463
354 463
355 464
356 464
357 464
358 464
359 464
360 465
361 465
362 465
363 465
364 465
365 465
366 466
367 466
368 466
369 466
370 466
371 466
372 467
373 467
374 467
375 467
376 467
377 467
378 467
379 468
380 467
381 468
382 468
383 468
384 468
385 468
386 468
387 468
388 468
389 469
390 468
391 469
392 469
393 469
394 469
395 469
396 469
397 469
398 469
399 469
400 469
401 469
402 469
403 469
404 469
405 469
406 469
407 469
408 470
409 469
410 469
411 470
412 469
413 470
414 469
415 469
416 470
417 469
418 469
419 469
420 469
421 469
422 469
423 469
424 469
425 469
426 469
427 469
428 469
429 469
430 469
431 469
432 469
433 469
434 469
435 469
436 469
437 469
438 469
439 468
440 469
441 468
442 468
443 468
444 468
445 468
446 468
447 468
448 468
449 468
450 468
451 468
452 467
453 468
454 467
455 467
456 467
457 467
458 467
459 467
460 467
461 467
462 467
463 466
464 467
465 466
466 466
467 466
468 466
469 466
470 466
471 466
472 466
473 466
474 465
475 465
476 465
477 465
478 465
479 465
480 465
481 465
482 465
483 465
484 464
485 464
486 464
487 464
488 464
488 463
487 462
486 461
485 460
485 459
484 458
483 457
483 456
482 455
481 454
480 453
480 452
479 451
478 450
477 449
477 448
476 447
475 446
475 445
474 444
473 443
472 442
472 441
471 440
470 439
470 438
469 437
468 436
468 435
467 434
466 433
465 432
465 431
464 430
464 429
463 428
462 427
462 426
461 425
460 424
460 423
459 422
458 421
458 420
457 419
456 418
456 417
455 416
455 415
454 414
453 413
453 412
452 411
452 410
451 409
450 408
450 407
449 406
448 405
448 404
448 403
447 403
446 402
445 402
444 402
443 402
442 402
441 403
440 402
439 403
438 402
437 403
436 403
435 403
434 403
433 403
432 403
431 403
430 403
429 403
428 403
427 403
426 403
425 403
424 404
423 403
422 403
421 404
420 403
419 404
418 403
417 404
416 403
415 404
414 403
413 404
412 403
411 404
410 403
409 404
408 403
407 404
406 403
405 404
404 403
403 403
402 404
401 403
400 403
399 403
398 403
397 403
396 403
395 403
394 403
393 403
392 403
391 403
390 402
389 403
388 402
387 403
386 402
385 402
384 402
383 402
382 402
381 402
380 402
379 401
378 402
377 401
376 401
375 401
374 401
373 401
372 400
371 401
370 400
369 400
368 400
367 400
366 400
365 400
364 399
363 399
362 399
361 399
360 399
359 398
358 398
357 398
356 398
355 398
354 398
353 398
352 397
351 397
350 397
349 397
348 397
347 396
346 396
345 396
344 396
343 395
342 395
341 395
340 395
339 394
338 394
337 394
336 394
335 393
334 393
333 393
332 392
331 392
330 392
329 392
328 391
327 391
326 391
325 391
324 390
323 390
322 390
321 389
320 389
319 389
318 388
317 388
316 388
315 388
314 387
313 387
312 387
311 386
310 386
309 386
308 385
307 385
306 385
305 385
304 384
303 384
302 384
301 383
300 383
299 383
298 382
297 382
296 382
295 381
294 381
293 381
292 381
291 380
290 380
289 380
288 379
287 379
286 379
285 379
284 378
283 378
282 378
281 377
280 377
279 377
278 377
277 376
276 376
275 376
274 376
273 375
272 375
271 375
270 375
269 374
268 374
267 374
266 374
265 373
264 373
263 373
262 373
261 373
260 373
259 372
258 372
257 372
256 372
255 372
254 371
253 371
252 371
251 371
250 371
249 371
248 371
247 370
246 370
245 370
244 370
243 370
242 370
241 370
240 370
239 369
238 370
237 369
236 369
235 369
234 369
233 369
232 369
231 369
230 369
229 369
228 369
227 369
226 369
225 369
224 369
223 369
222 369
221 369
220 369
219 369
218 369
217 369
216 369
215 369
214 369
213 370
212 370
211 370
210 370
209 370
208 370
207 370
206 370
205 371
204 371
203 371
202 371
201 371
200 371
199 372
198 372
197 372
196 372
195 372
194 373
193 373
192 373
191 373
190 374
189 374
188 374
187 374
186 375
185 375
184 375
183 376
182 376
181 376
180 377
179 377
178 377
177 378
176 378
175 378
174 379
173 379
172 378
173 377
173 376
173 375
173 374
173 373
173 372
173 371
173 370
173 369
173 368
173 367
173 366
174 365
174 364
174 363
174 362
175 361
176 361
177 361
178 360
179 360
180 360
181 359
182 359
183 359
184 358
185 358
186 358
187 358
188 357
189 357
190 357
191 356
192 356
193 356
194 356
195 356
196 355
197 355
198 355
199 355
200 354
201 354
202 354
203 354
204 354
205 354
206 353
207 354
208 353
209 353
210 353
211 353
212 353
213 353
214 353
215 353
216 352
217 353
218 352
219 353
220 352
221 352
222 352
223 352
224 352
225 352
226 352
227 352
228 352
229 352
230 352
231 352
232 352
233 352
234 353
235 352
236 353
237 353
238 353
239 353
240 353
241 353
242 353
243 353
244 353
245 353
246 354
247 354
248 354
249 354
250 354
251 354
252 355
253 355
254 355
255 355
256 355
257 356
258 355
259 356
260 356
261 356
262 357
263 356
264 357
265 357
266 357
267 358
268 358
269 358
270 358
271 359
272 359
273 359
274 359
275 360
276 360
277 360
278 360
279 361
280 361
281 361
282 361
283 362
284 362
285 362
286 363
287 363
288 363
289 364
290 364
291 364
292 365
293 365
294 365
295 366
296 366
297 366
298 366
299 367
300 367
301 367
302 368
303 368
304 368
305 369
306 369
307 369
308 370
309 370
310 370
311 370
312 371
313 371
314 371
315 372
316 372
317 372
318 373
319 373
320 373
321 373
322 374
323 374
324 374
325 375
326 375
327 375
328 376
329 376
330 376
331 377
332 377
333 377
334 377
335 378
336 378
337 378
338 378
339 379
340 379
341 379
342 379
343 380
344 380
345 380
346 380
347 381
348 381
349 381
350 381
351 382
352 382
353 382
354 382
355 382
356 383
357 383
358 383
359 383
360 383
361 384
362 384
363 384
364 384
365 384
366 385
367 385
368 385
369 385
370 385
371 385
372 386
373 386
374 386
375 386
376 386
377 386
378 386
379 387
380 386
381 387
382 387
383 387
384 387
385 387
386 387
387 387
388 387
389 388
390 387
391 388
392 388
393 388
394 388
395 388
396 388
397 388
398 388
399 388
400 388
401 388
402 389
403 388
404 389
405 388
406 389
407 389
408 388
409 389
410 389
411 388
412 389
413 389
414 389
415 388
416 389
417 389
418 388
419 389
420 389
421 388
422 389
423 388
424 389
425 388
426 389
427 388
428 388
429 388
430 388
431 388
432 388
433 388
434 388
435 388
436 388
437 388
438 388
438 387
438 386
437 385
437 384
436 383
436 382
435 381
435 380
434 379
434 378
433 377
433 376
432 375
432 374
431 373
431 372
430 371
430 370
429 369
429 368
428 367
428 366
427 365
427 364
426 363
426 362
425 361
425 360
424 359
424 358
423 357
423 356
423 355
422 354
421 353
421 352
421 351
420 350
420 349
419 348
419 347
418 346
418 345
417 344
417 343
416 342
416 341
415 340
415 339
415 338
414 337
414 336
413 335
413 334
412 333
412 332
411 331
411 330
410 329
410 328
410 327
409 326
409 325
408 324
408 323
407 322
407 321
406 320
406 319
406 318
405 317
405 316
404 315
404 314
403 313
403 312
403 311
402 310
402 309
401 308
401 307
400 306
400 305
399 304
399 303
399 302
398 301
398 300
397 299
397 298
396 297
396 296
396 295
395 294
395 293
394 292
394 291
393 290
393 289
393 288
392 287
392 286
391 285
391 284
390 283
390 282
390 281
389 280
389 279
388 278
388 277
388 276
387 275
387 274
386 273
386 272
386 271
385 270
385 269
384 268
384 267
383 266
383 265
383 264
382 263
382 262
381 261
381 260
380 259
380 258
380 257
379 256
379 255
379 254
378 253
378 252
377 251
377 250
376 249
376 248
376 247
375 246
375 245
374 244
374 243
374 242
373 241
373 240
372 239
372 238
372 237
371 236
371 235
370 234
370 233
370 232
369 231
369 230
368 229
368 228
368 227
367 226
367 225
367 224
366 223
366 222
365 221
365 220
365 219
364 218
364 217
363 216
363 215
363 214
362 213
362 212
361 211
361 210
361 209
360 208
360 207
360 206
359 205
359 204
358 203
357 203
356 203
355 203
354 202
353 202
352 202
351 202
350 202
349 201
348 201
347 201
346 201
345 200
344 200
343 200
342 200
341 199
340 199
339 199
338 199
337 198
336 198
335 198
334 198
333 197
332 197
331 197
330 196
329 196
328 196
327 195
326 195
325 195
324 195
323 194
322 194
321 194
320 193
319 193
318 193
317 193
316 192
315 192
314 192
313 191
312 191
311 191
310 190
309 190
308 190
307 189
306 189
305 189
304 189
303 188
302 188
301 188
300 187
299 187
298 187
297 186
296 186
295 186
294 185
293 185
292 185
291 185
290 184
289 184
288 184
287 183
286 183
285 183
284 183
283 182
282 182
281 182
280 181
279 181
278 181
277 181
276 180
275 180
274 179
275 178
274 177
275 176
275 175
275 174
275 173
275 172
275 171
275 170
276 169
276 168
276 167
276 166
277 165
278 165
279 165
280 166
281 166
282 166
283 166
284 167
285 167
286 167
287 167
288 168
289 168
290 168
291 169
292 169
293 169
294 170
295 170
296 170
297 171
298 171
299 171
300 171
301 172
302 172
303 172
304 173
305 173
306 173
307 174
308 174
309 174
310 175
311 175
312 175
313 175
314 176
315 176
316 177
317 177
318 177
319 177
320 178
321 178
322 178
323 179
324 179
325 179
326 180
327 180
328 180
329 180
330 181
331 181
332 181
333 182
334 182
335 182
336 183
337 183
338 183
339 183
340 184
341 184
342 184
343 184
344 185
345 185
346 185
347 185
348 186
349 186
350 186
351 186
352 185
351 184
351 183
350 182
350 181
350 180
349 179
349 178
349 177
348 176
348 175
347 174
347 173
347 172
346 171
346 170
345 169
345 168
345 167
344 166
344 165
343 164
343 163
343 162
342 161
342 160
342 159
341 158
341 157
340 156
340 155
339 154
339 153
339 152
338 151
338 150
338 149
337 148
337 147
336 146
336 145
335 144
335 143
335 142
334 141
334 140
333 139
333 138
332 137
332 136
332 135
331 134
331 133
330 132
330 131
329 130
329 129
328 128
328 127
328 126
327 125
327 124
326 123
326 122
325 121
325 120
324 119
324 118
323 117
323 116
322 115
322 114
322 113
321 112
320 111
320 110
319 109
319 108
319 107
318 106
317 105
317 104
316 103
316 102
315 101
315 100
314 99
314 98
313 97
313 96
312 95
312 94
311 93
310 92
310 91
309 90
309 89
308 88
308 87
307 86
306 85
306 84
305 83
305 82
304 81
303 80
303 79
302 78
302 77
301 76
300 75
300 74
299 73
298 72
298 71
297 70
297 69
296 68
295 67
295 66
294 65
293 64
