176 16
176 17
176 18
176 19
175 20
175 21
175 22
174 23
174 24
174 25
173 26
173 27
173 28
173 29
173 30
172 31
172 32
172 33
172 34
171 35
171 36
171 37
171 38
172 39
171 40
171 41
171 42
170 43
170 44
170 45
170 46
170 47
170 48
170 49
170 50
170 51
170 52
169 53
169 54
170 55
170 56
170 57
169 58
169 59
169 60
170 61
170 62
170 63
170 64
170 65
170 66
170 67
170 68
170 69
170 70
171 71
171 72
171 73
171 74
171 75
171 76
171 77
171 78
171 79
171 80
172 81
172 82
172 83
172 84
173 85
173 86
173 87
173 88
174 89
174 90
174 91
174 92
175 93
175 94
175 95
175 96
175 97
176 98
177 99
177 100
178 101
178 102
178 103
178 104
179 105
179 106
179 107
180 108
181 109
181 110
181 111
181 112
181 113
182 113
183 114
183 115
183 116
184 117
184 118
185 119
185 120
184 121
183 121
182 121
181 121
180 120
179 120
178 119
177 120
176 119
175 119
174 118
173 118
172 118
171 117
170 117
169 117
168 117
167 116
166 116
165 116
164 116
163 116
162 115
161 115
160 115
159 114
158 114
157 114
156 113
155 113
154 113
153 113
152 113
151 112
150 112
149 112
148 111
147 111
146 111
145 111
144 111
143 111
142 111
141 110
140 110
139 110
138 110
137 109
136 110
135 109
134 110
133 110
132 109
131 109
130 109
129 109
128 108
127 108
126 109
125 108
124 108
123 108
122 108
121 108
120 107
119 108
118 107
117 108
116 108
115 108
114 107
113 107
112 107
111 107
110 106
109 107
108 107
107 107
106 107
105 107
104 106
103 106
102 106
101 107
100 106
99 107
98 106
97 106
96 106
95 106
94 106
93 106
92 106
91 106
90 106
89 106
88 106
87 106
86 106
85 106
84 106
83 106
82 106
81 106
80 105
79 106
78 106
77 106
76 106
75 106
74 106
73 106
72 106
71 106
70 106
69 106
68 106
67 106
66 106
65 106
64 107
63 106
62 106
61 106
60 106
59 106
58 106
57 106
56 106
55 106
54 106
53 106
52 107
53 108
53 109
53 110
54 111
54 112
55 113
56 114
56 115
57 116
57 117
58 118
59 119
59 120
60 121
61 121
62 122
62 123
63 124
64 125
64 126
64 127
65 127
66 128
66 129
67 130
68 131
69 132
70 132
71 133
72 134
72 135
73 135
74 136
74 137
75 138
76 138
77 139
78 140
79 141
80 142
81 143
81 144
82 145
83 145
84 145
85 146
86 147
87 148
88 149
89 150
90 150
91 151
92 151
93 152
93 153
94 154
95 154
96 154
97 155
98 156
98 157
99 157
100 158
101 158
102 159
103 159
104 160
104 161
105 161
106 161
107 162
108 162
109 162
110 163
111 164
112 165
113 166
114 166
115 166
116 166
117 167
118 168
119 168
120 169
121 169
122 170
123 169
124 170
125 171
125 172
126 172
127 173
128 173
129 174
130 173
131 174
132 175
133 175
134 176
135 177
136 177
137 177
138 177
139 178
140 179
141 179
142 179
143 180
144 180
145 181
146 181
147 182
148 182
149 183
150 182
151 183
152 183
153 183
154 184
155 185
156 185
157 185
158 186
159 187
160 187
161 188
162 187
163 188
164 188
165 189
166 190
167 190
168 190
169 191
170 191
171 191
172 192
173 193
174 194
174 195
173 196
172 196
171 196
170 196
169 196
168 196
167 196
166 196
165 196
164 195
163 196
162 196
161 196
160 196
159 196
158 196
157 196
156 196
155 196
154 196
153 196
152 196
151 197
150 197
149 197
148 197
147 197
146 197
145 197
144 197
143 198
142 198
141 198
140 197
139 198
138 198
137 198
136 198
135 199
134 199
133 199
132 199
131 199
130 199
129 200
128 200
127 200
126 200
125 200
124 201
123 201
122 201
121 201
120 201
119 202
118 202
117 202
116 202
115 202
114 203
113 203
112 204
111 204
110 204
109 205
108 205
107 205
106 205
105 206
104 206
103 207
102 207
101 207
100 208
99 208
98 208
97 208
96 209
95 209
94 210
93 210
92 210
91 211
90 211
89 211
88 212
87 213
86 213
85 213
84 213
83 214
82 215
81 215
80 215
79 216
78 216
77 216
76 217
75 218
74 218
73 218
72 219
71 219
70 220
69 220
68 220
67 221
66 222
65 222
64 222
63 223
62 224
61 224
60 224
59 224
59 225
58 226
57 226
56 226
55 227
54 227
53 228
52 229
51 229
50 229
49 230
48 230
47 231
46 231
45 232
44 233
43 233
42 233
41 234
40 234
39 235
38 236
37 236
36 237
35 237
34 238
33 239
32 239
31 239
30 240
29 240
28 241
27 242
26 242
25 243
24 244
23 244
22 244
21 245
20 246
19 247
18 247
17 247
16 248
15 248
14 249
13 249
12 249
11 250
10 251
9 252
8 253
7 253
6 253
5 254
4 255
5 256
6 256
7 257
8 258
9 259
10 259
11 260
12 261
13 262
14 261
15 262
16 263
17 263
18 264
19 265
20 266
21 266
22 267
23 267
24 267
25 267
26 268
27 269
28 269
29 270
30 269
31 270
32 271
33 271
34 272
35 272
36 273
37 273
38 273
39 273
40 274
41 274
42 274
43 275
44 275
45 275
46 275
47 276
48 276
49 276
50 276
51 276
52 277
53 277
54 278
55 277
56 278
57 278
58 279
59 278
60 278
61 279
62 279
63 279
64 279
65 279
66 280
67 279
68 279
69 280
70 279
71 280
72 280
73 280
74 280
75 280
76 280
77 280
78 280
79 280
80 280
81 280
82 280
83 280
84 281
85 280
86 280
87 280
88 280
89 280
90 280
91 280
92 280
93 280
94 280
95 280
96 279
97 279
98 280
99 279
100 279
101 279
102 279
103 278
104 279
105 279
106 280
106 281
106 282
105 283
104 284
103 285
103 286
102 287
101 288
100 289
100 290
99 291
98 292
97 293
97 294
96 295
95 296
95 297
94 298
93 299
93 300
93 301
92 302
91 303
90 303
90 304
90 305
89 306
88 307
88 308
87 309
87 310
86 311
86 312
85 313
84 314
84 315
83 316
82 317
82 318
82 319
81 320
80 321
80 322
80 323
79 324
79 325
78 326
78 327
77 328
77 329
76 330
76 331
75 332
75 333
75 334
74 335
73 336
73 337
73 338
72 339
71 340
72 341
71 342
71 343
70 344
70 345
69 346
69 347
68 348
68 349
68 350
67 351
67 352
66 353
67 354
66 355
66 356
65 357
65 358
65 359
64 360
63 361
63 362
63 363
62 364
62 365
62 366
61 367
61 368
61 369
60 370
60 371
60 372
60 373
59 374
59 375
59 376
58 377
58 378
57 379
57 380
57 381
56 382
56 383
56 384
56 385
55 386
55 387
55 388
54 389
54 390
54 391
54 392
53 393
53 394
53 395
53 396
52 397
52 398
52 399
52 400
51 401
51 402
52 402
53 402
54 401
55 401
56 401
57 401
58 401
59 400
60 400
61 399
62 400
63 399
64 398
65 398
66 398
67 398
68 397
69 397
70 397
71 397
72 397
72 396
73 395
74 395
75 395
76 394
77 394
78 394
79 394
80 393
81 392
82 392
83 391
84 391
85 391
86 390
87 389
88 389
89 388
90 388
91 387
92 386
93 386
94 385
95 385
96 384
97 383
98 383
99 383
100 382
101 382
101 381
102 380
103 379
104 379
105 378
106 377
107 377
108 376
109 375
110 374
111 374
112 373
112 372
113 371
114 371
115 370
116 370
116 369
117 368
118 368
119 367
120 366
121 365
122 364
123 364
123 363
124 362
125 361
126 361
127 360
127 359
128 358
129 357
130 357
131 356
132 355
132 354
133 353
134 352
135 352
136 351
137 350
137 349
138 348
139 347
140 346
141 346
141 345
142 344
143 344
143 343
144 342
145 341
146 340
146 339
147 338
148 337
149 336
150 336
150 335
151 334
152 334
153 333
153 332
154 331
155 330
156 329
157 328
157 327
158 326
159 325
160 324
161 323
162 322
163 321
163 320
164 319
165 318
166 318
167 317
167 316
168 315
169 314
170 313
171 312
172 311
173 311
174 312
174 313
174 314
174 315
173 316
172 317
172 318
172 319
172 320
171 321
171 322
170 323
170 324
170 325
170 326
169 327
169 328
169 329
168 330
168 331
168 332
168 333
167 334
167 335
167 336
166 337
167 338
166 339
166 340
166 341
165 342
165 343
165 344
165 345
164 346
164 347
164 348
165 349
164 350
164 351
164 352
164 353
164 354
163 355
163 356
163 357
163 358
163 359
163 360
163 361
163 362
162 363
162 364
162 365
162 366
162 367
162 368
162 369
162 370
162 371
161 372
161 373
162 374
162 375
162 376
162 377
161 378
161 379
161 380
162 381
162 382
162 383
161 384
161 385
161 386
162 387
162 388
162 389
162 390
161 391
161 392
162 393
162 394
162 395
162 396
162 397
162 398
162 399
162 400
162 401
162 402
162 403
163 404
163 405
162 406
162 407
162 408
163 409
163 410
163 411
163 412
163 413
163 414
164 415
164 416
164 417
163 418
163 419
164 420
164 421
164 422
164 423
164 424
165 425
165 426
165 427
165 428
165 429
165 430
166 431
166 432
166 433
166 434
166 435
166 436
167 437
167 438
167 439
166 440
166 441
167 442
167 443
167 444
167 445
167 446
168 447
168 448
168 449
169 450
169 451
169 452
169 453
170 454
170 455
170 456
170 457
170 458
170 459
171 460
171 461
171 462
171 463
171 464
171 465
171 466
172 467
172 468
172 469
172 470
173 471
173 472
173 473
173 474
173 475
174 476
174 477
174 478
174 479
174 480
174 481
175 482
175 483
175 484
175 485
175 486
176 487
175 488
176 488
177 489
177 490
177 491
177 492
177 493
177 494
178 493
179 492
180 491
181 491
182 490
183 489
184 488
185 487
186 486
187 485
188 484
189 484
190 483
190 482
191 481
192 481
193 480
194 479
195 478
195 477
196 476
197 475
198 475
199 474
199 473
200 472
201 471
202 470
202 469
203 468
204 467
205 466
206 465
207 464
207 463
207 462
208 461
209 460
210 459
210 458
211 457
212 456
212 455
213 454
213 453
213 452
214 451
215 450
215 449
215 448
216 447
217 446
217 445
218 444
218 443
219 442
219 441
219 440
220 439
220 438
221 437
221 436
222 435
222 434
222 433
223 432
223 431
223 430
223 429
224 428
224 427
225 426
226 425
226 424
226 423
226 422
227 421
227 420
227 419
228 418
227 417
228 416
228 415
228 414
228 413
229 412
230 411
229 410
230 409
230 408
230 407
230 406
231 405
232 404
233 404
234 405
235 406
235 407
236 408
237 409
237 410
238 411
238 412
239 413
240 413
241 414
241 415
242 416
243 417
243 418
244 419
245 420
246 421
246 422
247 423
248 424
249 425
250 426
250 427
251 428
252 428
253 429
254 430
255 431
256 432
256 433
257 434
258 435
259 436
260 437
261 438
262 439
263 440
264 441
265 442
266 443
267 444
268 445
269 446
270 447
271 447
272 448
272 449
273 449
274 450
275 451
276 452
277 453
278 454
279 454
280 455
280 456
281 457
282 458
283 458
284 459
285 460
286 461
287 461
288 462
289 463
290 464
291 465
292 466
293 467
294 467
295 468
296 468
297 469
298 470
299 471
300 472
301 472
302 473
303 474
304 475
305 476
306 476
307 477
308 477
309 478
310 479
311 480
312 480
313 481
314 482
315 482
316 483
317 484
318 484
319 484
320 485
321 486
322 487
323 488
324 488
325 489
326 490
327 491
328 491
329 491
330 492
331 493
332 494
332 493
332 492
332 491
332 490
332 489
333 488
333 487
332 486
333 485
332 484
332 483
332 482
333 481
333 480
333 479
333 478
333 477
333 476
332 475
332 474
332 473
333 472
333 471
333 470
333 469
332 468
332 467
332 466
332 465
332 464
332 463
331 462
331 461
331 460
331 459
331 458
330 457
330 456
330 455
330 454
331 453
330 452
330 451
330 450
330 449
330 448
329 447
329 446
328 445
328 444
327 443
327 442
327 441
327 440
326 439
326 438
326 437
326 436
325 435
325 434
325 433
325 432
324 431
324 430
324 429
323 429
322 428
322 427
322 426
322 425
321 424
321 423
321 422
321 421
320 420
319 419
319 418
318 417
318 416
318 415
318 414
317 414
316 413
316 412
316 411
315 410
315 409
314 408
314 407
313 406
313 405
313 404
312 403
311 402
311 401
311 400
310 399
309 398
309 397
309 396
308 395
307 394
307 393
306 392
305 391
305 390
305 389
304 388
303 387
303 386
302 385
301 384
301 383
300 382
300 381
299 380
299 379
298 378
298 377
298 376
297 376
296 375
296 374
295 373
295 372
295 371
294 370
293 369
293 368
292 367
291 366
290 365
290 364
289 363
289 362
288 361
288 360
288 359
287 358
286 357
285 356
285 355
285 354
284 353
283 352
283 351
283 350
284 349
285 350
286 350
287 351
288 351
289 352
290 353
291 353
292 354
293 355
294 356
295 357
296 357
297 358
298 359
299 360
300 360
301 361
302 362
303 362
304 363
305 363
306 364
307 365
308 366
309 366
310 366
311 367
312 368
313 368
314 369
315 370
316 370
317 370
318 371
319 372
320 371
321 372
322 372
323 373
324 374
325 374
326 374
327 375
328 375
329 376
330 377
331 377
332 377
333 378
334 378
335 378
336 379
337 379
338 379
339 380
340 381
341 381
342 381
343 382
344 382
345 382
346 382
347 382
348 383
349 384
350 384
351 384
352 384
353 385
354 385
355 385
356 385
357 386
358 386
359 386
360 386
361 387
362 387
363 387
364 388
365 388
366 388
367 388
368 389
369 389
370 389
371 389
372 389
373 390
374 390
375 390
376 391
377 391
378 390
379 391
380 391
381 392
382 392
383 392
384 392
385 392
386 392
387 393
388 393
389 393
390 393
391 394
392 393
393 393
394 394
395 394
396 395
397 395
398 395
399 395
400 395
401 395
402 395
403 395
404 396
405 396
406 395
407 396
408 396
409 396
410 396
411 397
412 397
413 396
414 397
415 397
416 397
417 397
418 398
419 398
420 397
421 397
422 398
423 398
424 398
425 398
426 399
427 399
428 398
429 399
430 398
431 399
432 399
433 399
434 399
435 400
436 400
437 400
438 399
439 400
440 400
441 400
442 400
443 400
444 400
445 401
446 401
447 401
448 401
449 401
450 401
451 401
452 402
453 401
454 401
455 402
456 402
457 402
458 402
458 401
457 400
457 399
457 398
456 397
456 396
455 395
455 394
455 393
454 392
454 391
454 390
453 390
452 389
453 388
452 388
451 387
451 386
451 385
451 384
450 383
449 382
449 381
448 380
448 379
448 378
447 377
446 376
446 375
445 375
444 374
444 373
443 372
443 371
443 370
442 369
441 368
440 368
439 367
440 366
439 366
438 365
437 364
437 363
436 362
436 361
435 360
434 359
433 358
432 357
431 356
430 355
430 354
429 354
428 353
428 352
427 352
426 351
426 350
425 350
424 349
424 348
423 348
422 347
422 346
421 346
420 345
419 344
418 343
417 343
416 342
416 341
415 340
414 340
413 339
412 339
411 339
410 338
411 337
410 337
409 336
408 336
407 335
407 334
406 334
405 334
404 333
404 332
403 332
402 331
401 331
400 330
399 330
398 329
397 329
396 328
395 327
394 327
393 326
392 326
391 325
390 324
389 323
390 322
391 321
392 321
393 320
394 320
395 319
396 319
397 319
398 319
399 319
400 318
401 318
402 317
403 317
404 317
405 317
406 316
407 316
408 315
409 315
410 315
411 314
412 314
413 313
414 313
415 313
416 312
417 312
418 311
419 311
420 311
421 310
422 309
423 309
424 309
425 308
426 308
427 307
428 307
429 307
430 306
431 305
432 305
433 304
434 303
435 303
436 302
437 302
438 302
439 301
440 301
441 300
442 300
443 299
444 298
445 298
446 297
447 297
448 296
449 295
450 295
451 294
452 294
453 293
454 292
455 292
456 291
457 290
458 289
459 289
460 289
461 288
462 287
463 286
464 286
465 285
466 285
467 284
468 283
469 282
470 282
471 282
472 281
473 280
474 279
475 279
476 278
477 277
478 276
479 275
480 275
481 274
482 274
483 273
483 272
484 271
485 271
486 271
487 270
488 269
489 269
490 268
490 267
491 266
492 265
493 265
494 264
495 263
496 263
497 262
498 261
499 260
500 259
501 259
501 258
502 257
503 256
504 256
505 255
504 254
503 253
502 253
501 253
500 252
499 252
498 251
497 251
496 251
495 251
494 250
493 250
492 249
491 249
490 249
489 248
488 249
487 248
486 248
485 248
484 247
483 246
482 247
481 247
480 246
479 246
478 245
477 246
476 245
475 245
474 245
473 245
472 244
471 244
470 244
469 244
468 244
467 243
466 244
465 243
464 243
463 243
462 243
461 243
460 243
459 243
458 243
457 243
456 243
455 242
454 243
453 243
452 242
451 242
450 243
449 243
448 243
447 243
446 243
445 243
444 242
443 243
442 243
441 243
440 243
439 243
438 243
437 243
436 243
435 243
434 243
433 243
432 244
431 243
430 243
429 244
428 244
427 244
426 243
425 244
424 244
423 244
422 245
421 245
420 244
419 244
418 245
417 245
416 245
415 246
414 246
413 245
412 245
411 246
410 246
409 246
408 247
407 247
406 247
405 246
404 247
403 247
402 247
401 247
400 248
399 248
398 248
397 249
396 249
395 249
394 249
393 249
392 250
391 250
390 250
389 250
388 251
387 251
386 251
385 251
384 251
383 251
382 252
381 252
380 252
379 253
378 253
377 253
376 253
375 253
374 253
373 254
372 254
371 254
370 254
369 254
368 254
367 255
366 255
365 255
364 255
363 255
362 256
361 257
360 256
359 257
358 257
357 257
356 257
355 256
356 255
356 254
357 253
358 252
359 251
360 251
361 250
362 250
363 249
364 248
365 248
366 247
367 246
367 245
368 244
369 244
370 244
371 243
372 242
373 241
374 240
375 240
375 239
376 238
377 237
378 236
379 236
380 235
381 234
382 233
383 233
384 232
384 231
385 230
386 229
387 228
388 227
389 226
390 225
390 224
391 223
392 222
393 222
394 221
394 220
395 219
396 218
396 217
397 216
398 215
399 215
399 214
400 213
401 212
401 211
402 210
402 209
403 208
404 207
405 206
406 205
406 204
407 203
408 202
408 201
409 200
410 199
411 198
412 197
412 196
412 195
413 194
413 193
414 192
415 191
416 190
416 189
417 188
418 187
418 186
419 185
419 184
420 183
421 182
421 181
422 180
422 179
423 178
423 177
424 176
424 175
425 174
426 173
426 172
426 171
427 170
427 169
428 168
429 167
429 166
430 165
430 164
430 163
431 162
432 161
432 160
432 159
433 158
434 158
434 157
435 156
435 155
435 154
435 153
436 152
437 151
437 150
437 149
438 148
439 147
439 146
440 145
440 144
440 143
441 142
441 141
442 140
442 139
443 138
444 137
444 136
444 135
445 134
446 133
446 132
446 131
447 130
447 129
447 128
448 127
449 126
449 125
449 124
450 123
451 122
451 121
452 120
453 119
452 118
453 117
453 116
453 115
454 114
455 113
455 112
455 111
456 110
456 109
456 108
457 107
456 106
455 106
454 106
453 106
452 106
451 106
450 106
449 106
448 106
447 106
446 107
445 108
444 107
443 108
442 108
441 108
440 108
439 108
438 108
437 108
436 108
435 108
434 108
433 108
432 108
431 109
430 110
429 110
428 110
427 110
426 110
425 110
424 110
423 111
422 112
421 112
420 112
419 112
418 112
417 112
417 113
416 114
415 114
414 114
413 114
412 115
411 115
410 115
409 116
408 116
407 117
406 117
405 117
404 118
403 119
402 119
401 119
400 120
399 120
398 120
398 121
397 122
396 122
395 122
394 123
393 123
393 124
392 125
391 125
390 125
389 126
388 127
387 126
387 127
386 128
385 129
384 129
383 129
382 130
381 131
380 132
379 132
379 133
378 134
377 134
376 135
375 136
374 136
374 137
373 138
372 138
371 139
370 140
369 140
369 141
368 142
367 142
366 143
365 144
364 145
363 146
362 147
361 147
360 147
359 146
359 145
359 144
360 143
360 142
360 141
360 140
360 139
359 138
359 137
359 136
360 135
360 134
360 133
360 132
360 131
359 130
359 129
359 128
359 127
360 126
360 125
359 124
359 123
359 122
359 121
359 120
359 119
359 118
358 117
358 116
358 115
358 114
359 113
359 112
358 111
358 110
358 109
358 108
358 107
357 106
358 105
357 104
357 103
357 102
357 101
357 100
357 99
356 98
356 97
356 96
356 95
356 94
355 93
355 92
355 91
355 90
355 89
355 88
355 87
354 86
354 85
354 84
353 83
353 82
353 81
352 80
352 79
352 78
352 77
352 76
352 75
351 74
351 73
351 72
350 71
350 70
350 69
349 68
349 67
349 66
349 65
349 64
349 63
349 62
348 62
347 61
347 60
347 59
347 58
347 57
347 56
346 55
345 54
345 53
345 52
345 51
345 50
344 49
344 48
344 47
343 46
343 45
342 44
342 43
342 42
341 41
341 40
341 39
341 38
340 37
340 36
339 35
339 34
339 33
339 32
338 31
338 30
338 29
337 28
337 27
337 26
336 26
335 25
336 24
335 23
334 22
334 21
334 20
333 19
333 18
333 17
333 16
332 16
332 17
331 18
330 18
329 19
328 20
327 21
327 22
327 23
326 24
325 25
324 25
323 26
323 27
322 28
321 29
320 30
320 31
319 32
319 33
318 34
318 35
317 36
316 35
316 36
316 37
315 38
315 39
314 40
313 41
313 42
312 43
312 44
311 45
311 46
310 47
310 48
309 49
309 50
308 51
308 52
307 53
307 54
307 55
306 56
306 57
306 58
305 59
304 60
304 61
304 62
304 63
304 64
303 65
303 66
302 67
302 68
302 69
301 70
301 71
300 72
300 73
301 74
300 75
300 76
300 77
299 78
298 79
298 80
298 81
298 82
298 83
298 84
298 85
297 86
296 87
297 88
297 89
296 90
296 91
296 92
295 93
295 94
296 95
295 96
295 97
295 98
295 99
295 100
295 101
294 102
294 103
294 104
294 105
293 106
293 107
293 108
294 109
293 110
293 111
292 112
293 113
293 114
292 115
293 116
293 117
292 118
292 119
293 120
292 121
291 122
291 123
292 124
291 125
291 126
291 127
291 128
291 129
291 130
290 131
290 132
291 133
290 134
290 135
290 136
290 137
290 138
290 139
290 140
290 141
290 142
290 143
290 144
290 145
289 146
289 147
289 148
290 149
289 150
289 151
289 152
289 153
289 154
288 155
289 156
289 157
288 158
288 159
287 160
286 159
285 159
284 158
284 157
284 156
284 155
284 154
283 153
283 152
283 151
282 150
282 149
282 148
281 147
281 146
281 145
281 144
280 143
279 142
279 141
279 140
278 139
278 138
278 137
277 136
277 135
277 134
276 133
276 132
275 131
274 130
274 129
274 128
273 127
272 126
272 125
272 124
271 123
271 122
270 121
269 120
269 119
269 118
268 117
267 117
266 116
266 115
266 114
265 113
264 112
264 111
264 110
263 110
262 109
262 108
262 107
261 106
260 105
259 104
259 103
259 102
258 102
257 101
256 100
256 99
255 98
255 97
254 97
253 96
252 95
252 94
252 93
251 92
250 91
249 90
249 89
248 88
247 87
246 86
245 85
244 84
244 83
244 82
243 82
242 81
241 80
240 79
239 78
239 77
238 76
237 75
236 74
235 73
234 73
233 72
233 71
232 70
232 69
231 68
230 67
229 67
228 66
227 65
227 64
226 63
225 63
224 62
224 61
223 60
222 60
221 59
221 58
221 57
220 57
219 56
218 55
217 54
216 53
215 52
214 51
213 50
212 49
211 48
210 47
209 46
208 45
207 45
206 44
206 43
205 42
204 41
203 41
202 40
202 39
201 38
200 37
199 37
198 36
197 35
197 34
196 34
195 33
194 33
193 32
193 31
192 30
191 29
190 28
189 28
188 27
188 26
187 25
186 25
185 24
184 23
183 22
182 21
181 20
180 19
179 18
178 18
177 17
177 16
