254 44
253 45
252 46
251 46
250 47
249 48
248 48
247 49
246 50
245 51
244 52
243 52
242 53
241 54
240 55
239 56
238 57
237 58
236 58
235 59
234 59
234 60
233 61
232 62
231 63
230 64
229 65
228 66
227 66
227 67
226 68
225 69
224 70
223 71
222 72
221 73
220 74
220 75
219 76
218 76
218 77
217 78
216 79
215 80
215 81
214 82
213 83
212 84
211 85
211 86
210 87
210 88
209 89
208 90
207 91
207 92
206 93
205 94
205 95
204 96
204 97
203 98
202 99
202 100
201 101
201 102
201 103
200 104
199 105
199 106
199 107
198 108
197 109
197 110
197 111
197 112
196 113
195 113
194 113
193 112
192 111
191 111
190 110
189 109
188 109
187 109
186 108
186 107
185 106
184 107
183 106
182 105
182 104
181 105
180 104
179 103
178 102
177 103
176 102
176 101
175 101
174 100
173 100
172 99
171 99
170 98
169 98
168 97
167 97
166 96
165 96
164 96
163 95
162 95
161 94
160 94
159 94
158 93
157 93
156 93
155 92
154 91
153 91
152 91
151 91
150 90
149 90
148 90
147 89
146 89
145 89
144 88
143 88
142 87
141 88
140 87
139 87
138 86
137 87
136 86
135 86
134 85
133 86
132 85
131 85
130 84
129 84
128 84
127 84
126 84
125 84
124 83
123 83
122 82
121 82
120 83
119 83
118 82
117 82
116 81
115 82
114 81
113 81
112 81
111 81
110 80
109 81
108 81
107 80
106 80
105 80
104 79
103 80
102 80
101 80
100 79
99 79
98 79
97 79
96 79
95 79
94 79
93 78
92 78
91 78
90 78
89 78
88 77
87 77
86 78
85 77
84 78
83 78
82 77
81 77
80 77
79 77
78 77
77 77
77 78
77 79
77 80
77 81
77 82
78 83
78 84
77 85
78 86
77 87
77 88
78 89
78 90
78 91
78 92
78 93
79 94
79 95
79 96
79 97
79 98
79 99
79 100
80 101
80 102
80 103
79 104
80 105
80 106
80 107
81 108
81 109
80 110
81 111
81 112
81 113
81 114
82 115
81 116
82 117
82 118
83 119
83 120
82 121
82 122
83 123
83 124
84 125
84 126
84 127
84 128
84 129
84 130
85 131
85 132
86 133
85 134
86 135
86 136
87 137
86 138
87 139
87 140
88 141
87 142
88 143
88 144
89 145
89 146
89 147
90 148
90 149
90 150
91 151
91 152
91 153
91 154
92 155
93 156
93 157
93 158
94 159
94 160
94 161
95 162
95 163
96 164
96 165
96 166
97 167
97 168
98 169
98 170
99 171
99 172
100 173
100 174
101 175
101 176
102 176
103 177
103 178
103 179
104 180
105 181
104 182
105 182
106 183
107 184
107 185
107 186
108 186
109 187
109 188
109 189
110 190
111 191
112 192
112 193
113 194
113 195
112 196
111 197
110 197
109 197
108 198
107 199
106 199
105 199
104 200
103 201
102 201
101 201
100 202
99 202
98 203
97 204
96 204
95 205
94 205
93 206
92 207
91 207
90 208
89 209
88 209
87 210
86 211
85 211
84 212
83 213
82 214
81 215
80 215
79 216
78 217
77 217
76 218
76 219
75 220
74 220
73 221
72 222
71 222
71 223
70 224
69 225
68 226
67 227
66 227
66 228
65 229
64 229
64 230
63 231
62 232
61 233
60 234
59 234
59 235
58 236
57 237
57 238
56 239
55 240
54 241
53 242
52 243
52 244
51 245
50 246
49 247
48 248
48 249
47 250
46 251
46 252
45 253
44 254
44 255
45 256
46 257
46 258
47 259
48 260
49 261
49 262
50 263
51 264
52 265
52 266
53 267
54 268
55 269
56 270
57 271
58 272
58 273
59 274
60 275
61 276
62 277
63 278
64 279
65 280
66 281
67 282
68 283
69 284
70 285
71 286
72 287
73 287
74 288
74 289
75 289
76 290
76 291
77 291
78 292
79 292
80 293
81 294
82 295
83 296
84 296
85 297
85 298
86 298
87 299
88 299
89 300
90 300
91 301
91 302
92 302
93 303
94 303
95 303
96 304
96 305
97 305
98 306
99 306
100 306
101 307
101 308
102 308
103 308
104 309
105 309
106 309
107 310
108 311
109 311
110 311
111 311
112 312
112 313
112 314
112 315
112 316
111 317
110 318
109 319
109 320
108 321
108 322
107 323
106 323
106 324
106 325
105 326
104 326
104 327
104 328
103 329
102 330
102 331
101 332
101 333
100 334
100 335
99 336
99 337
98 338
98 339
97 340
96 341
96 342
95 343
95 344
95 345
95 346
94 347
93 348
94 349
93 350
92 351
92 352
92 353
92 354
91 355
91 356
90 357
90 358
90 359
90 360
89 361
88 362
88 363
88 364
87 365
88 366
87 367
87 368
86 369
86 370
86 371
86 372
86 373
85 374
85 375
85 376
84 377
84 378
84 379
83 380
83 381
84 382
84 383
83 384
83 385
82 386
82 387
82 388
82 389
82 390
81 391
82 392
81 393
81 394
81 395
80 396
81 397
81 398
80 399
80 400
80 401
80 402
80 403
80 404
79 405
79 406
79 407
79 408
79 409
79 410
79 411
79 412
78 413
78 414
78 415
78 416
78 417
78 418
78 419
78 420
77 421
77 422
77 423
77 424
77 425
77 426
77 427
76 428
77 429
77 430
77 431
77 432
78 432
79 432
80 432
81 432
82 432
83 432
84 431
85 432
86 432
87 432
88 432
89 431
90 431
91 431
92 431
93 431
94 431
95 431
96 430
97 430
98 430
99 430
100 430
101 429
102 430
103 430
104 429
105 429
106 429
107 429
108 429
109 429
110 429
111 428
112 428
113 428
114 428
115 428
116 428
117 427
118 427
119 427
120 427
121 427
122 426
123 427
124 426
125 426
126 425
127 425
128 426
129 425
130 425
131 424
132 425
133 424
134 424
135 423
136 423
137 423
138 423
139 422
140 423
141 422
142 422
143 421
144 421
145 421
146 420
147 420
148 420
149 419
150 419
151 419
152 418
153 418
154 418
155 417
156 417
157 417
158 416
159 415
160 415
161 415
162 414
163 414
164 414
165 414
166 413
167 412
168 413
168 412
169 411
170 411
171 410
172 410
173 409
174 409
175 408
176 408
177 407
178 407
179 406
180 405
181 405
182 405
182 404
183 403
184 403
185 402
186 401
187 401
188 400
189 399
190 399
191 398
192 397
193 397
194 397
195 397
196 397
197 398
197 399
197 400
197 401
198 402
199 403
199 404
199 405
200 406
200 407
201 408
202 409
202 410
202 411
203 412
204 413
205 414
205 415
205 416
206 417
207 418
207 419
208 420
209 421
209 422
210 423
211 424
212 425
212 426
213 427
214 428
215 429
216 430
216 431
217 432
217 433
218 433
219 434
220 435
220 436
221 437
222 438
223 439
224 440
225 441
226 442
227 443
228 444
229 445
230 446
231 447
232 448
233 449
234 450
235 451
236 452
237 452
238 453
239 454
240 455
241 456
242 457
243 458
244 458
245 459
246 460
247 461
248 461
249 462
250 463
251 463
252 464
253 465
254 465
255 466
256 465
257 464
258 463
259 463
260 462
261 461
262 461
262 460
263 459
264 459
265 458
266 458
266 457
267 456
268 456
269 455
270 454
271 453
272 452
273 452
274 451
275 450
276 449
277 448
278 447
279 446
280 445
281 444
282 443
283 442
284 441
285 440
286 439
287 438
288 437
289 436
289 435
290 434
291 434
291 433
291 432
292 431
293 431
293 430
294 429
295 428
295 427
296 426
297 426
297 425
298 424
299 423
299 422
300 421
301 420
302 419
302 418
302 417
303 416
304 415
305 414
305 413
305 412
306 411
307 410
307 409
308 408
308 407
308 406
309 405
310 405
310 404
310 403
311 402
311 401
312 400
312 399
312 398
313 397
314 397
315 397
316 398
317 398
318 399
319 400
320 400
321 401
322 401
323 402
323 403
324 403
325 403
326 404
327 405
328 405
329 406
330 407
331 407
332 407
333 408
333 409
334 409
335 409
336 410
337 411
338 410
339 411
339 412
340 412
341 413
342 413
343 414
344 414
345 414
346 415
347 415
348 415
349 416
350 416
351 417
352 417
353 418
354 417
355 418
356 419
357 419
358 419
359 419
360 420
361 420
362 421
363 421
364 421
365 421
366 422
367 422
368 423
369 423
370 423
371 424
372 423
373 423
374 424
375 424
376 425
377 424
378 425
379 426
380 425
381 426
382 426
383 426
384 426
385 426
386 427
387 427
388 428
389 427
390 427
391 427
392 428
393 428
394 428
395 428
396 429
397 429
398 429
399 429
400 429
401 429
402 429
403 430
404 429
405 430
406 430
407 430
408 430
409 431
410 430
411 431
412 430
413 430
414 431
415 431
416 431
417 432
418 431
419 431
420 431
421 432
422 432
423 432
424 432
425 432
426 432
427 432
428 433
429 432
430 432
431 432
432 432
432 431
432 430
432 429
433 428
432 427
432 426
432 425
432 424
432 423
432 422
432 421
431 420
431 419
431 418
432 417
431 416
431 415
431 414
430 413
430 412
431 411
430 410
431 409
430 408
430 407
430 406
430 405
429 404
430 403
429 402
429 401
429 400
429 399
429 398
429 397
429 396
428 395
428 394
428 393
428 392
427 391
427 390
427 389
428 388
427 387
427 386
426 385
426 384
426 383
426 382
426 381
425 380
426 379
425 378
425 377
425 376
424 375
424 374
423 373
423 372
424 371
423 370
423 369
423 368
422 367
422 366
421 365
421 364
421 363
421 362
420 361
420 360
419 359
419 358
419 357
419 356
418 355
417 354
418 353
417 352
417 351
416 350
416 349
415 348
415 347
415 346
414 345
414 344
414 343
413 342
413 341
412 340
411 339
411 338
411 337
410 336
409 335
409 334
409 333
408 333
407 332
407 331
407 330
406 329
405 328
405 327
404 326
403 325
403 324
403 323
402 323
401 322
401 321
400 320
400 319
399 318
398 317
398 316
397 315
397 314
397 313
398 312
399 312
400 312
401 311
402 311
403 310
404 310
405 310
405 309
406 308
407 308
408 308
409 307
410 307
411 306
412 305
413 305
414 305
415 304
416 303
417 302
418 302
419 302
420 301
421 300
422 299
423 299
424 298
425 297
426 296
427 296
428 295
429 294
430 293
431 293
431 292
432 291
433 291
434 291
434 290
435 289
436 289
437 288
438 287
439 286
440 285
441 284
442 283
443 282
444 281
445 280
446 279
447 278
448 277
449 276
450 275
451 274
452 273
452 272
453 271
454 270
455 269
456 268
456 267
457 266
458 266
458 265
459 264
460 263
461 262
461 261
462 260
463 259
463 258
464 257
465 256
465 255
466 254
465 253
464 252
463 251
463 250
462 249
461 248
461 247
460 246
459 245
458 244
458 243
457 242
456 241
455 240
454 239
453 238
452 237
452 236
451 235
450 234
449 233
448 232
447 231
446 230
446 229
445 229
444 228
443 227
442 226
441 225
440 224
439 223
439 222
438 222
437 221
436 220
435 220
434 219
434 218
433 217
432 217
431 216
430 216
429 215
428 214
427 213
426 212
425 212
424 211
423 210
422 209
421 209
420 208
419 207
418 207
417 206
416 205
415 205
414 204
413 204
412 203
411 202
410 202
409 202
408 201
407 200
406 200
405 199
404 199
403 199
402 198
401 197
400 197
399 197
398 197
397 196
397 195
397 194
397 193
397 192
398 191
399 190
400 189
400 188
401 187
401 186
402 185
403 184
403 183
404 182
405 182
405 181
405 180
406 179
407 178
407 177
408 176
408 175
409 174
409 173
410 172
410 171
411 170
411 169
412 168
413 168
412 167
413 166
414 165
414 164
414 163
414 162
415 161
415 160
415 159
416 158
417 157
417 156
417 155
418 154
418 153
418 152
419 151
419 150
419 149
420 148
421 147
420 146
421 145
421 144
421 143
422 142
422 141
423 140
422 139
423 138
423 137
423 136
423 135
424 134
424 133
425 132
424 131
425 130
425 129
426 128
425 127
425 126
426 125
426 124
427 123
426 122
427 121
427 120
427 119
427 118
427 117
428 116
428 115
428 114
428 113
428 112
428 111
429 110
429 109
429 108
429 107
429 106
429 105
430 104
430 103
430 102
429 101
430 100
430 99
430 98
430 97
430 96
431 95
431 94
431 93
431 92
431 91
431 90
431 89
432 88
432 87
432 86
432 85
431 84
432 83
432 82
432 81
432 80
432 79
432 78
432 77
431 77
430 77
429 77
428 76
427 77
426 77
425 77
424 77
423 77
422 77
421 77
420 78
419 78
418 78
417 78
416 78
415 78
414 78
413 78
412 79
411 79
410 79
409 79
408 79
407 79
406 79
405 79
404 80
403 80
402 80
401 80
400 80
399 80
398 81
397 81
396 80
395 81
394 81
393 81
392 82
391 81
390 82
389 82
388 82
387 82
386 82
385 83
384 83
383 84
382 84
381 83
380 83
379 84
378 84
377 84
376 85
375 85
374 85
373 86
372 86
371 86
370 86
369 86
368 87
367 87
366 88
365 87
364 88
363 88
362 88
361 89
360 90
359 90
358 90
357 90
356 91
355 91
354 92
353 92
352 92
351 92
350 93
349 94
348 93
347 94
346 95
345 95
344 95
343 95
342 96
341 96
340 97
339 98
338 98
337 99
336 99
335 99
334 100
333 101
332 101
331 102
330 102
329 103
328 104
327 104
326 104
326 105
325 106
324 106
323 106
323 107
322 108
321 108
320 109
319 109
318 110
317 111
316 111
315 112
314 112
313 112
312 112
311 111
311 110
311 109
311 108
310 107
309 106
309 105
309 104
308 103
308 102
308 101
307 101
306 100
306 99
306 98
305 97
305 96
304 96
303 95
303 94
303 93
302 92
302 91
301 91
300 90
300 89
299 88
299 87
298 86
298 85
297 85
296 84
296 83
295 82
294 81
294 80
293 80
292 79
292 78
291 77
291 76
290 76
289 75
289 74
288 74
287 73
287 72
286 71
285 70
284 69
283 68
282 67
281 66
280 65
279 64
278 63
277 62
276 61
275 60
274 59
273 58
272 58
271 57
270 56
269 55
268 54
267 53
266 52
265 52
264 51
263 51
262 50
262 49
261 49
260 48
259 47
258 46
257 46
256 45
255 44
