288 109
288 110
288 111
287 112
287 113
287 114
286 115
286 116
285 117
285 118
285 119
284 120
284 121
284 122
283 123
283 124
282 125
282 126
282 127
281 128
281 129
280 130
280 131
280 132
279 133
279 134
278 135
278 136
277 137
277 138
276 139
276 140
275 141
275 142
274 143
274 144
273 145
273 146
272 147
272 148
271 149
271 150
270 151
269 152
269 153
268 154
268 155
267 156
266 157
266 158
265 159
264 160
264 161
263 162
262 163
262 164
261 165
260 166
260 167
259 168
258 169
257 170
257 171
256 172
255 172
255 173
254 174
253 175
252 176
251 177
250 178
249 179
249 180
248 181
247 181
247 182
246 183
245 183
245 184
244 185
243 186
242 187
241 187
241 188
240 189
239 190
238 191
237 191
236 192
235 193
234 194
233 195
232 196
231 197
230 198
229 198
229 199
228 200
227 200
226 201
225 202
224 203
223 204
222 205
221 206
220 206
219 207
218 208
217 209
216 210
215 211
214 211
214 212
213 213
212 213
211 214
210 215
209 216
208 217
207 218
206 218
206 219
205 220
204 220
203 221
202 222
201 223
200 224
199 225
198 226
197 227
196 227
196 228
195 229
194 229
193 230
192 231
191 232
190 233
189 234
188 235
187 236
186 237
185 238
184 239
183 240
182 241
181 242
180 243
180 244
179 245
178 245
178 246
177 247
176 248
175 249
174 250
173 251
172 252
172 253
171 254
170 254
170 255
169 256
168 257
167 258
166 259
166 260
165 261
164 262
163 263
163 264
162 265
161 266
160 267
159 268
159 269
158 270
157 271
157 272
156 273
155 274
154 275
154 276
153 277
152 278
152 279
151 280
150 281
150 282
149 283
148 284
148 285
147 286
146 287
146 288
145 289
144 290
144 291
143 292
143 293
142 294
141 295
141 296
140 297
140 298
139 299
138 300
138 301
137 302
137 303
136 304
136 305
135 306
135 307
134 308
133 309
133 310
132 311
132 312
131 313
131 314
130 315
130 316
129 317
129 318
128 319
128 320
127 321
127 322
126 323
126 324
125 325
125 326
125 327
124 328
124 329
123 330
123 331
122 332
122 333
121 334
121 335
120 336
120 337
119 338
119 339
119 340
118 341
118 342
117 343
117 344
116 345
116 346
116 347
115 348
115 349
114 350
114 351
113 352
113 353
113 354
112 355
112 356
111 357
111 358
111 359
110 360
110 361
109 362
109 363
109 364
108 365
108 366
107 367
107 368
107 369
106 370
106 371
105 372
105 373
105 374
104 375
104 376
104 377
103 378
103 379
103 380
102 381
102 382
101 383
101 384
101 385
100 386
100 387
100 388
99 389
99 390
98 391
98 392
98 393
97 394
97 395
97 396
96 397
96 398
95 399
95 400
95 401
95 402
94 403
94 404
93 405
93 406
92 407
92 408
92 409
91 410
91 411
91 412
90 413
90 414
90 415
89 416
89 417
88 418
88 419
87 420
87 421
87 422
86 423
86 424
86 425
85 426
85 427
84 428
84 429
83 430
83 431
83 432
82 433
82 434
81 435
81 436
80 437
80 438
80 439
79 440
79 441
78 442
77 443
77 444
77 445
76 446
76 447
75 448
75 449
74 450
75 451
76 451
77 451
78 451
79 451
80 451
81 451
82 450
83 451
84 450
85 451
86 450
87 450
88 450
89 450
90 450
91 450
92 450
93 450
94 450
95 450
96 450
97 450
98 449
99 450
100 449
101 449
102 449
103 449
104 449
105 449
106 449
107 449
108 449
109 449
110 448
111 449
112 448
113 448
114 448
115 448
116 448
117 448
118 448
119 448
120 448
121 447
122 448
123 447
124 448
125 447
126 447
127 447
128 447
129 447
130 447
131 447
132 447
133 446
134 447
135 446
136 446
137 446
138 446
139 446
140 446
141 446
142 446
143 446
144 446
145 446
146 445
147 446
148 445
149 446
150 445
151 445
152 445
153 445
154 445
155 445
156 445
157 445
158 445
159 445
160 445
161 445
162 445
163 444
164 445
165 445
166 444
167 445
168 444
169 445
170 444
171 445
172 444
173 444
174 445
175 444
176 444
177 444
178 444
179 444
180 444
181 444
182 444
183 444
184 444
185 444
186 444
187 445
188 444
189 444
190 445
191 444
192 445
193 444
194 445
195 444
196 445
197 445
198 444
199 445
200 445
201 445
202 445
203 445
204 445
205 445
206 445
207 445
208 445
209 445
210 445
211 446
212 445
213 446
214 445
215 446
216 446
217 446
218 446
219 446
220 446
221 446
222 446
223 446
224 446
225 447
226 446
227 447
228 447
229 447
230 447
231 447
232 447
233 447
234 447
235 448
236 447
237 448
238 448
239 448
240 448
241 448
242 448
243 448
244 449
245 448
246 449
247 449
248 449
249 449
250 449
251 449
252 449
253 450
254 449
255 450
256 450
257 450
258 450
259 450
260 450
261 450
262 451
263 450
264 451
265 451
266 451
267 451
268 451
269 451
270 451
271 452
272 452
273 452
274 452
275 452
276 452
277 452
278 452
279 452
280 453
281 452
282 453
283 453
284 453
285 453
286 453
287 453
288 453
289 454
290 453
291 454
292 454
293 454
294 454
295 454
296 454
297 454
298 454
299 454
300 455
301 454
302 455
303 455
304 455
305 455
306 455
307 455
308 455
309 455
310 455
311 455
312 456
313 455
314 456
315 456
316 456
317 456
318 456
319 456
320 456
321 456
322 456
323 456
324 456
325 456
326 456
327 457
328 456
329 457
330 456
331 457
332 457
333 457
334 457
335 457
336 457
337 457
338 457
339 457
340 457
341 457
342 457
343 457
344 457
345 457
346 457
347 457
348 457
349 457
350 457
351 457
352 457
353 457
354 457
355 457
356 457
357 457
358 457
359 457
360 458
361 457
362 457
363 457
364 457
365 458
366 457
367 457
368 457
369 457
370 457
371 457
372 457
373 457
374 457
375 457
376 457
377 457
378 457
379 457
380 457
381 457
382 457
383 457
384 457
385 457
386 457
387 457
388 457
389 457
390 457
391 457
392 457
393 457
394 457
395 457
396 457
397 456
398 457
399 456
400 457
401 456
402 456
403 456
404 456
405 456
406 456
407 456
408 456
409 456
410 456
411 456
412 456
413 456
414 456
415 456
416 455
417 456
418 455
419 456
420 455
421 455
422 455
423 455
424 455
425 455
426 455
427 455
428 455
429 455
430 455
431 455
432 454
433 455
434 454
435 455
436 454
437 454
438 454
439 454
440 454
441 454
442 454
443 454
444 454
445 454
446 454
447 453
448 454
449 453
450 453
451 453
452 453
453 453
454 453
455 453
456 453
457 453
458 453
459 453
460 453
461 452
460 451
459 450
459 449
458 448
457 447
456 446
456 445
455 444
454 443
453 442
452 441
452 440
451 439
450 438
449 437
448 436
447 435
446 434
446 433
445 432
444 431
443 430
442 429
441 428
440 427
439 426
439 425
438 425
437 424
437 423
436 422
435 421
434 420
433 419
432 418
431 417
430 416
429 415
428 414
427 413
427 412
426 412
425 411
424 410
424 409
423 408
422 407
421 406
420 405
419 404
418 403
417 402
416 401
415 400
414 399
413 398
412 397
412 396
411 396
410 395
409 394
409 393
408 392
407 391
406 390
405 389
404 388
403 387
402 386
401 385
401 384
400 383
399 382
398 381
397 380
396 379
395 378
395 377
394 376
393 375
392 374
391 373
390 372
390 371
389 370
388 369
387 368
387 367
386 366
385 365
384 364
384 363
383 362
382 361
382 360
381 359
380 358
379 357
379 356
378 355
378 354
377 353
376 352
376 351
375 350
374 349
374 348
373 347
373 346
372 345
372 344
371 343
371 342
370 341
369 340
369 339
369 338
368 337
368 336
367 335
367 334
366 333
366 332
365 331
365 330
365 329
364 328
364 327
364 326
363 325
363 324
362 323
362 322
362 321
361 320
361 319
361 318
361 317
360 316
360 315
360 314
359 313
359 312
359 311
358 310
359 309
358 308
358 307
358 306
358 305
357 304
357 303
357 302
357 301
357 300
357 299
356 298
356 297
356 296
356 295
355 294
356 293
356 292
355 291
355 290
355 289
355 288
355 287
355 286
355 285
354 284
355 283
354 282
354 281
354 280
354 279
354 278
354 277
354 276
354 275
353 274
354 273
353 272
353 271
353 270
353 269
353 268
353 267
353 266
352 265
353 264
353 263
352 262
352 261
352 260
352 259
352 258
352 257
352 256
352 255
352 254
351 253
351 252
351 251
351 250
351 249
351 248
351 247
351 246
350 245
350 244
350 243
350 242
350 241
350 240
349 239
349 238
349 237
349 236
349 235
349 234
348 233
348 232
348 231
348 230
348 229
347 228
347 227
347 226
347 225
347 224
346 223
346 222
346 221
346 220
345 219
345 218
345 217
345 216
344 215
344 214
344 213
344 212
343 211
343 210
343 209
342 208
342 207
342 206
341 205
341 204
341 203
340 202
340 201
340 200
340 199
339 198
339 197
338 196
338 195
338 194
337 193
337 192
337 191
336 190
336 189
335 188
335 187
335 186
334 185
334 184
333 183
333 182
333 181
332 180
332 179
331 178
331 177
330 176
330 175
329 174
329 173
329 172
328 171
328 170
327 169
327 168
326 167
325 166
325 165
325 164
324 163
323 162
323 161
322 160
322 159
321 158
321 157
320 156
320 155
319 154
319 153
318 152
317 151
317 150
316 149
316 148
315 147
315 146
314 145
313 144
313 143
312 142
311 141
311 140
310 139
309 138
309 137
308 136
307 135
307 134
306 133
306 132
305 131
304 130
303 129
303 128
302 127
301 126
301 125
300 124
299 123
299 122
298 121
297 120
296 119
296 118
295 117
294 116
293 115
293 114
292 113
291 112
290 111
290 110
289 110
