172 102
171 103
170 103
169 103
168 103
167 103
166 103
165 103
164 103
163 103
162 103
161 103
160 103
159 103
158 103
157 103
156 103
155 104
154 103
153 104
152 103
151 104
150 104
149 104
148 104
147 104
146 104
145 104
144 104
143 104
142 104
141 104
140 104
139 105
138 104
137 105
136 104
135 105
134 105
133 105
132 105
131 105
130 105
129 105
128 105
127 105
126 105
125 106
124 105
123 106
122 105
121 106
120 106
119 106
118 106
117 106
116 106
115 106
114 107
113 106
112 106
111 107
110 106
109 107
108 107
107 107
106 107
105 107
104 107
103 107
102 107
101 107
100 107
99 108
98 107
97 108
96 107
95 108
94 108
93 108
92 108
91 108
90 108
89 108
88 108
87 108
86 109
85 108
84 108
83 109
82 108
81 109
80 108
79 109
78 109
77 109
76 109
75 109
74 109
73 109
72 109
71 109
70 109
69 109
68 109
67 109
66 109
65 110
64 109
63 109
63 110
63 111
63 112
63 113
63 114
63 115
63 116
63 117
63 118
63 119
63 120
63 121
63 122
63 123
63 124
63 125
63 126
63 127
63 128
63 129
63 130
63 131
63 132
63 133
63 134
63 135
64 136
63 137
63 138
64 139
63 140
64 141
63 142
64 143
63 144
64 145
64 146
64 147
64 148
64 149
64 150
64 151
64 152
64 153
64 154
64 155
64 156
64 157
64 158
64 159
64 160
64 161
64 162
64 163
64 164
64 165
64 166
64 167
65 168
64 169
64 170
65 171
64 172
65 173
64 174
65 175
64 176
65 177
64 178
65 179
65 180
65 181
64 182
65 183
65 184
65 185
64 186
65 187
65 188
65 189
65 190
64 191
65 192
65 193
65 194
65 195
65 196
65 197
65 198
64 199
65 200
65 201
65 202
65 203
65 204
64 205
65 206
65 207
65 208
65 209
65 210
65 211
65 212
65 213
65 214
65 215
66 214
67 214
68 214
69 214
70 213
71 213
72 213
73 213
74 213
75 212
76 212
77 212
78 212
79 211
80 211
81 211
82 211
83 211
84 210
85 210
86 210
87 210
88 209
89 209
90 209
91 209
92 209
93 208
94 208
95 208
96 208
97 207
98 207
99 207
100 207
101 207
102 206
103 206
104 206
105 206
106 206
107 205
108 205
109 205
110 205
111 204
112 204
113 204
114 204
115 204
116 203
117 203
118 203
119 203
120 203
121 202
122 202
123 202
124 202
125 202
126 201
127 201
128 201
129 201
130 201
131 200
132 200
133 200
134 200
135 200
136 200
137 199
138 199
139 199
140 199
141 199
142 199
143 198
144 198
145 198
146 198
147 198
148 198
149 198
150 197
151 197
152 197
153 197
154 197
155 197
156 197
157 197
158 196
159 196
160 196
161 196
162 196
163 196
164 196
165 196
166 196
167 195
168 196
169 195
170 195
171 195
172 195
173 195
174 195
175 195
176 195
177 195
178 195
179 195
180 195
181 195
182 195
183 195
184 195
185 194
186 195
187 195
188 194
189 195
190 194
191 195
192 194
193 195
194 195
195 194
196 195
197 195
198 194
199 195
200 195
201 195
202 195
203 195
204 195
205 195
206 195
207 195
208 195
209 195
210 195
211 195
212 195
213 196
214 196
215 196
216 196
217 196
218 196
219 196
220 196
221 196
222 197
223 197
224 197
225 197
226 197
227 197
228 197
229 198
230 198
231 198
232 198
233 198
234 199
235 199
236 199
237 199
238 199
239 200
240 200
241 200
242 200
243 201
244 201
245 201
246 201
247 202
248 202
249 202
250 202
251 203
252 203
253 203
254 204
255 204
256 205
256 206
256 207
255 208
255 209
255 210
255 211
254 212
254 213
254 214
253 215
253 216
252 217
252 218
252 219
251 220
251 221
250 222
250 223
249 224
249 225
248 226
248 227
248 228
247 229
246 230
246 231
245 232
245 233
244 234
244 235
243 236
242 237
242 238
241 239
241 240
240 241
239 242
239 243
238 244
237 245
237 246
236 247
236 248
235 249
234 250
234 251
233 252
232 253
232 254
231 255
230 256
230 257
229 258
229 259
228 260
227 261
227 262
226 263
225 264
225 265
224 266
224 267
223 268
223 269
222 270
221 271
221 272
220 273
220 274
219 275
219 276
218 277
218 278
217 279
217 280
216 281
216 282
215 283
215 284
214 285
214 286
213 287
213 288
213 289
212 290
212 291
211 292
211 293
211 294
210 295
210 296
209 297
209 298
209 299
208 300
208 301
208 302
207 303
207 304
207 305
206 306
206 307
206 308
206 309
205 310
205 311
205 312
204 313
204 314
204 315
204 316
203 317
203 318
203 319
203 320
202 321
202 322
202 323
202 324
202 325
201 326
201 327
201 328
201 329
201 330
200 331
200 332
200 333
200 334
200 335
200 336
200 337
199 338
200 339
199 340
199 341
199 342
199 343
199 344
199 345
199 346
199 347
198 348
199 349
198 350
198 351
198 352
198 353
198 354
198 355
198 356
198 357
198 358
198 359
198 360
198 361
198 362
198 363
198 364
198 365
198 366
198 367
198 368
198 369
198 370
198 371
198 372
198 373
198 374
198 375
198 376
198 377
198 378
198 379
198 380
198 381
198 382
198 383
198 384
198 385
198 386
199 387
199 388
199 389
199 390
199 391
199 392
199 393
199 394
199 395
199 396
199 397
200 398
200 399
200 400
200 401
200 402
200 403
200 404
200 405
201 406
201 407
201 408
201 409
201 410
201 411
201 412
202 413
202 414
202 415
202 416
202 417
202 418
202 419
203 420
203 421
203 422
203 423
203 424
204 425
204 426
204 427
204 428
204 429
204 430
205 431
205 432
205 433
205 434
205 435
206 436
206 437
206 438
206 439
206 440
207 441
207 442
207 443
207 444
207 445
208 446
208 447
208 448
208 449
208 450
209 451
209 452
209 453
209 454
210 455
210 456
210 457
210 458
210 459
211 460
211 461
211 462
211 463
212 464
212 465
212 466
212 467
213 468
213 469
213 470
213 471
213 472
214 473
214 474
214 475
214 476
215 477
215 478
215 479
215 480
215 481
216 482
216 483
216 484
216 485
217 486
217 487
217 488
217 489
217 490
218 491
218 492
218 493
219 493
220 493
221 493
222 493
223 493
224 493
225 493
226 493
227 493
228 493
229 493
230 493
231 493
232 493
233 494
234 493
235 494
236 493
237 494
238 494
239 494
240 494
241 494
242 494
243 494
244 494
245 494
246 494
247 494
248 494
249 494
250 494
251 494
252 494
253 494
254 494
255 494
256 494
257 494
258 494
259 495
260 494
261 495
262 494
263 495
264 495
265 495
266 495
267 495
268 495
269 495
270 495
271 495
272 495
273 495
274 495
275 495
276 495
277 495
278 495
279 495
280 495
281 495
282 496
283 495
284 496
285 495
286 496
287 496
288 496
289 496
290 496
291 496
292 496
293 496
294 496
295 496
296 496
297 496
298 496
299 496
300 496
301 496
302 496
303 496
304 496
305 496
306 496
307 496
308 497
309 496
310 497
311 496
312 497
313 497
314 496
315 497
316 497
317 497
318 497
319 497
320 497
321 497
322 497
323 497
324 497
325 497
326 497
327 497
328 497
329 497
330 497
331 497
332 497
333 497
334 497
335 497
336 497
337 497
338 497
339 497
339 496
339 495
339 494
338 493
338 492
338 491
338 490
337 489
337 488
337 487
337 486
336 485
336 484
336 483
335 482
335 481
335 480
335 479
334 478
334 477
334 476
334 475
333 474
333 473
333 472
333 471
332 470
332 469
332 468
331 467
331 466
331 465
330 464
330 463
330 462
330 461
329 460
329 459
329 458
329 457
328 456
328 455
328 454
327 453
327 452
327 451
327 450
326 449
326 448
326 447
326 446
325 445
325 444
325 443
324 442
324 441
324 440
324 439
323 438
323 437
323 436
323 435
322 434
322 433
322 432
322 431
321 430
321 429
321 428
321 427
321 426
320 425
320 424
320 423
320 422
319 421
319 420
319 419
319 418
319 417
318 416
318 415
318 414
318 413
318 412
318 411
317 410
317 409
317 408
317 407
317 406
317 405
317 404
316 403
316 402
316 401
316 400
316 399
316 398
316 397
316 396
316 395
315 394
316 393
315 392
315 391
315 390
315 389
315 388
315 387
315 386
315 385
315 384
315 383
315 382
315 381
315 380
315 379
315 378
315 377
315 376
315 375
315 374
316 373
315 372
316 371
316 370
316 369
316 368
316 367
316 366
316 365
317 364
317 363
317 362
317 361
317 360
318 359
318 358
318 357
318 356
319 355
319 354
319 353
319 352
320 351
320 350
320 349
321 348
321 347
321 346
322 345
322 344
322 343
323 342
323 341
323 340
324 339
324 338
325 337
325 336
326 335
326 334
326 333
327 332
328 331
328 330
328 329
329 328
329 327
330 326
330 325
331 324
332 323
332 322
333 321
333 320
334 319
334 318
335 317
335 316
336 315
336 314
337 313
337 312
338 311
339 310
339 309
340 308
340 307
341 306
341 305
342 304
342 303
343 302
343 301
344 300
345 299
345 298
346 297
346 296
347 295
347 294
348 293
348 292
349 291
349 290
350 289
350 288
351 287
351 286
352 285
352 284
352 283
353 282
353 281
354 280
354 279
355 278
355 277
355 276
356 275
356 274
357 273
357 272
357 271
358 270
358 269
359 268
359 267
359 266
360 265
360 264
360 263
361 262
361 261
361 260
362 259
362 258
362 257
363 256
363 255
364 254
365 254
366 254
367 254
368 254
369 255
370 255
371 254
372 255
373 255
374 255
375 255
376 255
377 255
378 255
379 255
380 255
381 255
382 255
383 255
384 255
385 255
386 255
387 255
388 255
389 255
390 255
391 255
392 255
393 254
394 255
395 254
396 254
397 254
398 254
399 254
400 254
401 254
402 253
403 254
404 253
405 253
406 253
407 253
408 253
409 252
410 252
411 252
412 252
413 252
414 252
415 251
416 251
417 251
418 251
419 251
420 250
421 250
422 250
423 250
424 249
425 249
426 249
427 249
428 249
429 248
430 248
431 248
432 248
433 247
434 247
435 247
436 247
437 246
438 246
439 246
440 246
441 245
442 245
443 245
444 244
445 244
446 244
447 244
448 243
449 243
450 243
451 243
452 242
453 242
454 242
455 241
456 241
457 241
458 241
459 240
460 240
461 240
462 239
463 239
464 239
465 238
466 238
467 238
468 238
469 237
470 237
471 237
472 236
473 236
474 236
475 236
476 235
477 235
478 235
479 234
480 234
481 234
482 234
483 233
484 233
485 233
486 233
487 232
488 232
489 232
490 231
491 231
492 231
493 231
494 230
495 230
496 230
497 230
498 229
499 229
500 229
501 229
502 229
503 228
504 228
505 228
506 228
507 227
508 227
508 226
508 225
508 224
508 223
508 222
508 221
508 220
508 219
508 218
508 217
508 216
508 215
508 214
508 213
508 212
508 211
508 210
508 209
508 208
508 207
508 206
508 205
508 204
508 203
508 202
508 201
508 200
508 199
508 198
508 197
508 196
508 195
508 194
508 193
508 192
508 191
508 190
508 189
508 188
508 187
508 186
508 185
508 184
508 183
508 182
508 181
508 180
508 179
508 178
508 177
508 176
508 175
508 174
508 173
508 172
508 171
508 170
508 169
508 168
508 167
508 166
508 165
508 164
508 163
508 162
508 161
508 160
508 159
508 158
508 157
508 156
508 155
507 154
508 153
508 152
507 151
508 150
507 149
508 148
507 147
507 146
508 145
507 144
507 143
507 142
507 141
507 140
507 139
507 138
507 137
507 136
507 135
507 134
507 133
507 132
507 131
507 130
507 129
507 128
507 127
507 126
507 125
507 124
507 123
507 122
507 121
507 120
507 119
507 118
507 117
507 116
507 115
507 114
507 113
507 112
507 111
507 110
506 109
505 109
504 109
503 109
502 109
501 109
500 109
499 109
498 109
497 109
496 110
495 109
494 109
493 109
492 110
491 109
490 109
489 110
488 109
487 110
486 109
485 110
484 110
483 109
482 110
481 110
480 110
479 110
478 110
477 110
476 110
475 110
474 110
473 110
472 110
471 111
470 110
469 111
468 110
467 111
466 111
465 111
464 111
463 111
462 111
461 111
460 111
459 111
458 112
457 111
456 112
455 112
454 112
453 112
452 112
451 112
450 112
449 112
448 113
447 112
446 113
445 113
444 113
443 113
442 113
441 113
440 113
439 113
438 114
437 113
436 114
435 114
434 114
433 114
432 114
431 115
430 114
429 114
428 115
427 114
426 115
425 115
424 115
423 115
422 115
421 115
420 115
419 116
418 115
417 116
416 115
415 116
414 116
413 116
412 116
411 116
410 116
409 116
408 117
407 116
406 116
405 117
404 116
403 117
402 116
401 117
400 117
399 117
398 117
397 117
396 117
395 117
394 117
393 117
392 117
391 117
390 117
389 117
388 117
387 117
386 118
385 117
384 117
383 118
382 117
381 117
380 118
379 117
378 118
377 117
376 118
375 117
374 117
373 118
372 117
371 117
370 118
369 117
368 117
367 117
366 117
365 117
364 117
363 117
362 117
361 117
360 117
359 117
358 117
357 117
356 117
355 117
354 116
353 117
352 116
351 117
350 116
349 116
348 116
347 116
346 116
345 116
344 116
343 116
342 116
341 115
340 116
339 115
338 115
337 115
336 115
335 115
334 115
333 115
332 114
331 115
330 114
329 114
328 114
327 114
326 114
325 114
324 114
323 113
322 114
321 113
320 113
319 113
318 113
317 113
316 113
315 112
314 113
313 112
312 112
311 112
310 112
309 112
308 111
307 112
306 111
305 111
304 111
303 111
302 111
301 111
300 110
299 111
298 110
297 110
296 110
295 110
294 110
293 109
292 110
291 109
290 109
289 109
288 109
287 109
286 109
285 108
284 109
283 108
282 108
281 108
280 108
279 108
278 108
277 107
276 108
275 107
274 107
273 107
272 107
271 107
270 107
269 107
268 106
267 107
266 106
265 106
264 106
263 106
262 106
261 106
260 105
259 106
258 105
257 106
256 105
255 105
254 105
253 105
252 105
251 105
250 105
249 104
248 105
247 104
246 105
245 104
244 104
243 104
242 104
241 104
240 104
239 104
238 104
237 104
236 104
235 103
234 104
233 103
232 103
231 104
230 103
229 103
228 103
227 103
226 103
225 103
224 103
223 103
222 103
221 103
220 103
219 103
218 102
217 103
216 103
215 102
214 103
213 102
212 103
211 102
210 103
209 102
208 102
207 103
206 102
205 102
204 103
203 102
202 102
201 102
200 103
199 102
198 102
197 102
196 103
195 102
194 102
193 102
192 102
191 102
190 102
189 103
188 102
187 102
186 102
185 103
184 102
183 102
182 103
181 102
180 102
179 103
178 102
177 103
176 102
175 103
174 102
173 103
