175 11
175 12
175 13
175 14
175 15
175 16
175 17
175 18
175 19
175 20
175 21
175 22
175 23
175 24
175 25
176 26
176 27
177 28
177 29
178 30
178 31
179 32
179 33
179 34
180 35
180 36
179 37
178 38
177 37
176 37
175 36
174 36
173 36
173 37
173 38
174 39
175 40
175 41
176 42
176 43
177 44
176 45
176 46
176 47
176 48
176 49
176 50
176 51
177 52
177 53
178 54
179 55
180 56
181 57
182 58
181 59
180 60
179 61
179 62
179 63
179 64
179 65
179 66
180 67
180 68
181 69
182 70
182 71
182 72
182 73
182 74
182 75
182 76
182 77
182 78
182 79
183 80
184 81
184 82
185 83
185 84
186 85
187 86
188 87
189 88
189 89
190 90
191 91
192 92
193 93
194 94
194 95
193 96
192 96
191 97
190 97
190 98
189 99
189 100
189 101
189 102
189 103
190 104
191 105
192 106
193 107
194 108
195 109
195 110
196 111
195 112
194 113
194 114
193 115
193 116
194 117
194 118
194 119
195 120
196 121
197 122
198 123
198 124
198 125
198 126
198 127
198 128
197 129
197 130
196 131
196 132
196 133
196 134
197 135
197 136
198 137
198 138
199 139
199 140
199 141
199 142
200 143
200 144
200 145
200 146
201 147
201 148
201 149
201 150
201 151
201 152
201 153
201 154
202 155
202 156
202 157
203 158
203 159
204 160
204 161
205 162
205 163
206 164
206 165
206 166
206 167
207 168
207 169
208 170
208 171
209 172
209 173
210 174
210 175
209 176
209 177
209 178
208 179
208 180
208 181
209 182
209 183
210 184
210 185
211 186
212 187
213 188
214 189
214 190
215 191
215 192
215 193
215 194
216 195
216 196
216 197
217 198
217 199
218 200
219 201
219 202
220 203
220 204
221 205
221 206
222 207
222 208
223 209
223 210
222 211
221 211
220 210
219 209
218 208
218 207
218 206
217 205
216 204
216 203
215 202
214 201
214 200
213 199
212 198
211 197
210 196
209 195
209 194
208 194
207 193
206 193
205 193
204 193
203 194
202 194
201 194
200 193
199 192
198 191
197 190
196 189
195 188
194 188
193 187
192 186
191 186
190 185
189 185
188 184
187 183
186 183
185 182
184 181
184 180
183 179
182 178
182 177
181 176
180 175
179 174
179 173
178 172
177 171
176 170
175 170
174 169
173 170
172 170
171 170
170 171
169 171
168 171
167 171
166 170
165 169
164 169
163 168
162 168
161 167
160 167
159 166
158 166
157 166
156 165
155 165
154 164
153 163
152 162
151 161
150 160
149 159
148 158
147 157
146 157
145 157
144 158
143 157
142 158
141 158
140 157
139 157
138 156
137 155
136 154
135 153
134 152
133 151
132 150
131 149
130 148
129 147
128 146
127 145
126 144
125 144
124 143
123 143
122 142
121 142
120 141
119 141
118 141
117 140
116 140
115 139
114 139
113 138
112 138
111 137
110 137
109 136
108 136
107 135
106 135
105 134
104 134
103 134
102 133
101 132
100 131
100 130
99 129
99 128
98 127
98 126
98 125
97 124
96 123
95 122
94 122
93 121
92 120
91 120
90 119
89 119
88 118
87 118
86 118
85 119
84 118
83 119
82 118
81 118
80 117
79 116
78 115
77 115
76 114
75 113
74 113
73 112
72 112
71 112
70 112
69 111
68 110
67 109
67 108
66 107
66 106
65 105
64 104
63 103
63 102
62 101
61 101
60 100
59 100
58 100
58 101
58 102
59 103
59 104
59 105
59 106
59 107
59 108
58 109
57 109
56 109
55 109
54 109
53 108
52 108
51 107
50 106
49 106
48 105
48 104
47 104
47 105
48 106
49 107
50 108
51 109
52 110
52 111
53 112
53 113
53 114
53 115
53 116
53 117
52 118
53 119
53 120
54 121
55 121
56 121
57 122
58 122
59 122
60 122
61 122
62 122
63 123
64 124
65 125
66 126
67 127
68 128
69 129
69 130
70 131
70 132
70 133
70 134
71 135
72 136
72 137
73 138
74 139
75 140
76 140
77 141
78 140
79 140
80 139
81 139
82 139
83 140
83 141
83 142
84 143
85 144
85 145
86 146
87 147
87 148
87 149
87 150
88 151
88 152
89 153
90 154
91 155
92 155
93 156
94 155
94 154
94 153
94 152
94 151
94 150
95 149
96 148
97 149
98 149
99 150
100 151
100 152
101 153
101 154
102 155
102 156
103 157
103 158
104 159
104 160
105 161
105 162
106 163
107 163
108 164
109 165
110 166
111 167
112 167
113 168
114 169
115 170
116 170
117 171
118 172
119 172
120 173
121 174
122 175
123 176
124 177
125 177
126 178
127 178
128 177
129 178
130 178
131 179
132 180
133 181
133 182
134 183
135 184
135 185
135 186
136 187
137 188
138 188
139 189
140 190
141 191
142 192
143 193
144 194
144 195
145 196
145 197
146 198
146 199
146 200
147 201
147 202
148 203
149 204
150 205
150 206
151 206
152 207
153 208
154 209
155 209
156 209
157 209
158 209
159 208
160 207
160 206
159 206
158 205
158 204
157 203
157 202
156 201
157 200
158 200
159 201
160 202
161 203
162 204
162 205
162 206
162 207
162 208
162 209
163 210
164 211
165 212
166 213
166 214
166 215
167 216
167 217
168 218
168 219
169 220
169 221
170 222
171 222
172 222
173 221
173 220
174 219
175 220
176 220
177 221
177 222
178 223
179 224
179 225
180 226
181 227
182 228
183 229
184 230
185 231
186 232
187 232
188 232
189 232
190 232
191 231
192 231
193 231
194 231
195 231
196 232
197 233
198 233
199 234
200 235
201 235
202 236
201 237
200 237
199 237
198 237
197 237
196 236
195 235
194 235
193 236
192 236
191 237
190 237
189 238
188 239
187 239
186 239
185 238
184 237
183 236
182 235
181 235
180 234
179 234
178 235
177 236
177 237
176 238
175 239
174 239
173 238
172 238
171 237
170 236
169 235
168 234
167 234
166 233
165 234
164 235
163 236
162 236
161 236
160 237
159 236
158 236
157 236
156 236
155 235
154 235
153 235
152 235
151 234
150 234
149 233
148 233
147 233
146 232
145 232
144 232
143 233
143 234
142 235
141 235
140 236
139 237
138 238
137 238
136 238
135 237
134 237
133 237
132 236
131 236
130 236
130 237
129 238
129 239
128 240
127 241
126 241
125 241
124 241
123 240
122 240
121 239
120 239
119 239
118 238
117 238
116 239
115 239
114 240
113 240
112 240
111 240
110 240
109 239
108 239
107 239
106 239
105 239
104 239
104 240
104 241
105 242
105 243
105 244
106 245
105 246
104 247
103 247
102 246
101 246
100 245
99 244
98 243
97 242
96 242
95 241
94 241
93 242
92 242
91 243
90 244
89 244
88 245
87 244
86 244
85 244
84 244
83 244
82 244
81 244
80 244
79 244
78 244
77 244
76 243
75 243
74 243
73 242
72 242
71 241
70 241
69 241
68 241
67 241
66 241
65 241
64 241
63 241
62 241
61 241
60 241
59 241
58 241
58 242
58 243
59 244
59 245
59 246
59 247
59 248
58 249
57 249
56 249
55 249
54 249
53 248
52 247
51 247
50 246
49 245
48 244
47 244
46 243
45 244
44 244
43 244
42 245
41 245
40 246
39 247
38 247
37 247
36 247
35 247
34 246
33 246
32 247
31 246
30 246
29 246
28 246
27 245
26 245
25 245
24 245
23 244
22 244
21 243
20 243
19 243
19 244
18 245
18 246
18 247
18 248
18 249
17 250
16 251
15 251
14 252
13 251
12 252
11 252
10 252
9 252
8 252
7 252
6 252
5 252
5 253
4 254
3 253
3 254
4 255
4 256
5 257
5 258
6 259
7 260
8 261
9 261
10 261
11 262
12 262
13 263
14 263
15 263
16 264
17 264
18 264
19 264
20 263
21 263
22 262
23 262
24 262
25 262
26 263
27 263
28 264
29 264
30 265
31 266
32 267
33 267
34 267
35 267
36 267
36 266
36 265
36 264
36 263
36 262
37 261
38 261
39 261
40 262
41 262
42 263
43 263
44 263
45 263
46 263
47 263
48 263
49 263
50 262
51 263
52 263
53 263
54 263
55 264
56 264
57 265
58 265
59 266
60 266
61 266
62 266
63 266
64 267
65 267
66 267
67 268
68 268
69 268
70 268
71 267
72 266
73 266
74 265
75 266
76 266
77 266
78 267
79 267
80 268
81 269
82 270
83 270
84 271
85 271
86 271
87 271
88 271
89 270
89 269
90 268
91 267
92 268
93 269
94 268
95 267
96 267
97 266
98 265
99 265
100 264
101 264
102 265
103 265
104 266
105 266
106 267
107 267
108 267
109 267
110 268
111 268
112 268
113 268
114 269
115 269
116 270
117 270
118 271
119 271
120 271
121 272
122 271
123 270
124 269
125 269
126 268
127 269
128 269
129 270
130 270
131 271
132 272
133 273
134 274
135 274
136 275
137 275
138 276
139 276
140 275
141 275
142 275
143 275
144 275
145 275
146 275
147 276
148 276
149 276
150 276
151 276
152 276
153 275
154 276
155 275
156 275
157 275
158 276
159 275
160 275
161 275
162 274
163 274
164 275
165 275
166 276
167 276
168 277
169 278
170 278
171 278
172 278
172 277
172 276
173 275
173 274
173 273
174 272
175 271
176 270
177 270
178 271
179 271
180 272
181 272
182 273
183 274
184 274
185 275
186 275
187 275
188 275
189 275
190 274
191 274
192 274
193 274
194 274
195 274
196 273
197 274
198 273
199 273
199 272
199 271
199 270
199 269
200 268
201 267
202 267
203 268
204 269
205 270
205 271
204 272
204 273
203 274
202 275
201 276
200 276
199 276
198 277
197 277
196 277
195 277
194 278
193 278
192 279
191 279
190 280
189 280
188 281
187 280
186 281
185 281
184 281
184 282
183 283
183 284
182 285
181 286
180 286
179 287
178 287
177 287
176 287
175 288
174 288
173 288
173 289
172 290
172 291
172 292
172 293
171 294
171 295
170 296
169 297
168 297
167 297
166 296
165 296
164 296
163 295
162 294
161 294
160 293
159 294
158 293
157 294
157 295
157 296
157 297
157 298
158 299
158 300
159 301
159 302
159 303
159 304
158 305
157 306
156 307
155 307
154 307
153 306
152 306
151 306
150 306
149 306
148 307
148 308
148 309
148 310
148 311
148 312
148 313
147 314
146 315
145 315
144 315
143 315
142 314
141 314
140 314
139 314
138 314
137 315
137 316
137 317
137 318
138 319
138 320
138 321
138 322
138 323
138 324
138 325
138 326
137 327
136 328
135 328
134 328
133 328
132 328
131 327
130 327
129 327
128 328
127 329
127 330
126 331
126 332
125 333
125 334
124 335
123 336
122 336
121 335
120 335
119 334
118 334
117 334
117 335
117 336
116 337
116 338
116 339
115 340
115 341
115 342
114 343
113 344
113 345
112 346
111 346
111 347
110 348
109 348
108 349
107 350
106 350
105 350
104 350
103 350
102 350
101 350
100 350
99 349
98 349
97 349
96 349
96 350
96 351
96 352
96 353
96 354
97 355
97 356
97 357
96 358
95 359
94 360
93 360
92 360
91 361
90 361
89 361
88 361
87 361
86 361
86 362
86 363
86 364
87 365
87 366
87 367
87 368
87 369
86 370
85 370
84 370
83 369
82 369
81 369
80 369
79 369
78 368
77 369
76 370
75 371
75 372
75 373
75 374
75 375
75 376
75 377
74 378
73 378
72 378
71 378
70 379
69 379
68 379
67 379
66 380
65 381
65 382
65 383
66 384
66 385
67 386
67 387
67 388
67 389
66 390
65 390
64 390
63 389
62 389
61 388
60 389
59 388
58 388
57 389
56 389
56 390
55 391
55 392
55 393
55 394
55 395
56 396
56 397
57 398
57 399
57 400
57 401
56 402
55 402
54 402
53 402
52 401
51 401
50 401
49 401
48 401
47 401
47 402
47 403
48 403
49 403
50 403
51 404
52 405
53 405
54 405
55 405
56 405
57 405
58 405
59 404
59 403
59 402
59 401
59 400
59 399
58 398
58 397
58 396
58 395
59 394
60 394
61 393
62 394
63 395
64 395
65 396
66 397
67 397
68 398
69 399
70 399
71 399
72 399
73 398
73 397
74 396
75 395
76 394
77 393
78 392
79 391
80 391
81 391
82 390
83 390
84 390
85 390
85 389
86 388
87 388
88 387
89 387
90 387
91 386
92 386
93 385
94 386
95 385
96 384
97 384
96 383
97 382
97 381
97 380
98 379
99 378
100 378
101 377
102 377
103 377
104 377
105 376
106 376
107 376
108 375
109 375
110 374
111 374
112 373
113 373
114 372
115 371
116 371
117 371
118 370
119 369
119 368
120 367
121 366
122 365
123 364
124 364
125 364
126 364
127 364
128 365
129 366
130 366
131 367
132 367
133 367
132 366
132 365
131 364
131 363
130 362
130 361
130 360
130 359
131 358
132 357
133 356
134 356
135 356
136 356
137 356
138 357
139 357
140 357
141 357
142 358
143 357
144 357
144 356
144 355
144 354
144 353
144 352
143 351
143 350
143 349
144 348
144 347
145 346
146 346
147 346
148 347
149 347
150 348
151 348
152 349
153 350
154 350
155 351
156 351
157 351
158 350
158 349
159 348
158 347
158 346
158 345
158 344
157 343
157 342
158 341
159 340
160 340
161 340
162 340
163 340
164 340
165 340
166 340
167 340
168 340
169 339
170 339
171 339
172 339
173 339
174 340
175 339
176 339
177 338
178 338
179 337
180 336
181 336
182 335
183 334
184 333
184 332
185 331
186 330
187 329
187 328
188 327
189 326
190 325
191 324
192 323
193 322
194 322
195 322
196 322
197 322
198 322
199 322
200 322
201 322
202 322
203 321
204 320
205 319
205 318
206 317
206 316
206 315
206 314
206 313
207 312
207 311
207 310
208 309
208 308
209 307
210 306
210 305
211 304
212 304
213 304
214 304
215 305
216 305
217 305
218 305
219 304
220 303
221 302
222 302
223 303
223 304
222 305
222 306
221 307
221 308
220 309
219 310
218 311
217 312
216 312
215 312
214 313
214 314
214 315
214 316
214 317
214 318
215 319
215 320
216 321
217 322
217 323
216 324
215 324
214 324
213 325
212 326
211 326
210 327
209 328
209 329
209 330
209 331
209 332
209 333
210 334
210 335
210 336
211 337
211 338
211 339
211 340
210 341
209 342
208 342
207 342
206 341
205 341
204 342
204 343
204 344
204 345
204 346
204 347
203 348
203 349
202 350
202 351
201 352
201 353
201 354
202 355
202 356
202 357
203 358
203 359
204 360
204 361
203 362
203 363
202 364
201 364
200 365
199 365
199 366
200 367
200 368
201 369
201 370
202 371
202 372
202 373
201 374
200 375
199 375
198 376
198 377
197 378
196 379
195 380
196 381
196 382
196 383
196 384
197 385
197 386
197 387
197 388
198 389
198 390
198 391
198 392
198 393
198 394
198 395
197 396
196 397
195 397
194 397
193 397
192 398
191 398
191 399
191 400
191 401
191 402
192 403
192 404
193 405
194 406
194 407
194 408
194 409
193 410
192 411
192 412
191 413
190 413
190 414
190 415
190 416
191 417
191 418
191 419
191 420
191 421
190 422
189 422
188 423
187 423
186 423
185 423
184 424
183 424
183 425
184 426
184 427
184 428
185 429
185 430
185 431
186 432
186 433
187 434
187 435
187 436
187 437
187 438
187 439
186 440
186 441
185 442
184 443
183 443
182 444
181 444
180 445
179 445
178 446
178 447
178 448
178 449
179 450
179 451
180 452
180 453
179 454
179 455
178 456
178 457
177 458
177 459
177 460
177 461
178 462
178 463
178 464
178 465
177 466
177 467
177 468
176 469
176 470
176 471
176 472
177 473
177 474
177 475
178 476
178 477
179 478
179 479
179 480
178 481
177 481
176 481
175 481
174 481
173 481
172 481
172 482
172 483
173 484
173 485
174 486
174 487
174 488
174 489
174 490
174 491
174 492
174 493
173 494
173 495
173 496
173 497
173 498
174 499
174 500
175 500
174 499
175 498
175 497
175 496
175 495
176 494
177 493
178 492
179 492
180 492
181 491
182 492
183 491
184 490
185 489
185 488
186 487
186 486
186 485
187 484
187 483
187 482
186 481
186 480
185 479
185 478
185 477
184 476
185 475
186 475
187 475
188 475
189 475
190 475
191 474
192 474
193 473
194 473
195 472
196 471
195 470
195 469
195 468
194 467
194 466
194 465
193 464
194 463
195 462
195 461
196 460
197 460
198 459
199 459
200 459
201 459
202 458
202 457
201 456
201 455
200 454
200 453
199 452
199 451
200 450
201 449
202 448
203 447
203 446
203 445
203 444
203 443
203 442
203 441
204 440
205 440
206 440
207 440
208 440
209 440
210 440
210 439
211 438
210 437
211 436
210 435
210 434
209 433
209 432
208 431
208 430
208 429
208 428
209 427
209 426
210 425
211 425
212 424
213 424
214 424
215 424
216 424
217 423
217 422
216 421
216 420
215 419
214 418
214 417
213 416
214 415
213 414
213 413
213 412
214 411
215 410
216 410
217 409
218 409
219 408
219 407
220 406
220 405
221 404
221 403
222 402
222 401
222 400
223 399
224 398
225 397
226 396
226 395
227 394
227 393
226 392
226 391
226 390
226 389
226 388
226 387
226 386
226 385
226 384
227 383
227 382
228 381
229 380
230 379
231 378
232 379
233 378
234 378
235 377
236 377
237 376
238 375
238 374
239 373
239 372
239 371
239 370
239 369
238 368
237 367
237 366
236 365
235 364
235 363
235 362
236 361
237 360
238 360
239 360
240 360
241 361
242 361
243 361
244 360
245 359
245 358
245 357
245 356
244 355
244 354
244 353
243 352
243 351
243 350
243 349
244 348
244 347
244 346
245 345
246 344
247 345
247 344
247 343
247 342
247 341
248 340
248 339
249 338
250 337
251 336
251 335
251 334
252 333
251 332
251 331
251 330
251 329
250 328
250 327
251 326
250 325
251 324
251 323
251 322
252 321
251 320
251 319
251 318
251 317
251 316
252 315
252 314
252 313
253 312
253 311
254 310
255 310
256 310
257 311
257 312
256 313
256 314
256 315
256 316
255 317
256 318
256 319
257 319
258 320
258 321
259 321
260 322
260 323
260 324
260 325
260 326
259 327
258 328
257 328
257 329
257 330
257 331
258 331
259 331
260 332
261 332
262 333
263 334
264 334
265 335
265 336
266 337
267 338
268 339
268 340
267 341
266 342
265 342
264 342
263 341
262 341
261 341
260 340
259 341
258 341
258 342
258 343
258 344
258 345
259 346
260 347
261 348
262 349
262 350
263 351
264 351
265 352
265 353
266 354
267 355
268 356
268 357
269 358
269 359
269 360
269 361
270 362
271 363
271 364
271 365
272 366
273 367
274 368
275 369
275 370
276 371
277 372
277 373
278 374
278 375
279 376
279 377
280 378
281 379
281 380
282 381
282 382
283 383
283 384
284 385
285 386
285 387
285 388
286 389
286 390
286 391
286 392
286 393
285 394
285 395
285 396
285 397
285 398
286 399
287 400
287 401
288 402
289 403
290 404
291 405
292 406
293 407
293 408
292 409
292 410
292 411
291 412
291 413
292 414
293 415
293 416
294 417
295 418
296 419
297 420
298 421
298 422
298 423
298 424
298 425
298 426
297 427
297 428
297 429
298 430
298 431
299 432
299 433
300 433
301 434
302 434
303 434
304 434
305 434
306 435
307 435
308 436
309 437
310 438
310 439
310 440
310 441
309 442
308 442
307 442
306 441
305 440
304 440
303 439
302 439
301 439
301 440
301 441
301 442
301 443
302 444
302 445
302 446
303 447
303 448
304 449
304 450
304 451
305 452
305 453
305 454
306 455
306 456
306 457
307 458
308 459
308 460
309 461
310 461
311 462
311 463
312 464
313 465
314 466
315 467
315 468
316 469
317 470
318 471
319 472
319 473
320 474
320 475
321 476
321 477
321 478
321 479
321 480
320 481
321 482
322 483
322 484
323 485
324 485
325 486
325 487
326 488
327 489
328 490
328 491
329 492
330 493
330 494
330 495
331 496
332 497
332 498
333 498
333 497
332 496
332 495
332 494
332 493
332 492
332 491
333 490
333 489
332 488
331 487
332 486
333 486
334 485
335 485
335 484
335 483
336 482
335 481
335 480
335 479
335 478
335 477
334 476
335 475
335 474
335 473
335 472
335 471
335 470
335 469
334 468
333 467
333 466
332 465
331 464
330 463
330 462
329 461
329 460
329 459
329 458
329 457
330 456
331 455
331 454
331 453
331 452
330 451
330 450
329 449
329 448
328 447
328 446
328 445
328 444
327 443
327 442
326 441
326 440
325 439
324 438
324 437
323 436
322 435
322 434
322 433
322 432
322 431
323 430
323 429
323 428
323 427
322 426
322 425
321 424
320 423
320 422
319 421
318 420
318 419
317 418
317 417
317 416
317 415
317 414
317 413
317 412
318 411
317 410
317 409
317 408
317 407
317 406
317 405
317 404
317 403
317 402
316 401
316 400
315 399
315 398
315 397
314 396
314 395
314 394
314 393
314 392
314 391
314 390
313 389
313 388
312 387
311 386
311 385
310 384
309 383
309 382
308 381
308 380
308 379
308 378
309 377
310 376
311 376
312 375
313 375
314 375
314 374
314 373
313 372
312 371
312 370
311 369
310 368
309 367
309 366
309 365
308 364
308 363
308 362
307 361
307 360
306 359
306 358
305 357
305 356
304 355
304 354
303 353
304 352
304 351
303 350
303 349
302 348
302 347
302 346
301 345
301 344
301 343
301 342
301 341
302 340
303 340
304 341
305 341
306 342
307 342
308 343
309 342
310 342
310 341
310 340
309 339
308 338
308 337
307 337
306 336
305 335
304 335
303 334
302 334
301 334
300 333
299 332
298 331
298 330
298 329
297 328
298 327
298 326
299 325
298 324
298 323
298 322
297 321
296 320
295 319
294 318
293 317
292 316
291 315
290 314
290 313
291 312
291 311
292 310
292 309
292 308
291 307
290 306
289 305
289 304
288 304
287 303
286 302
286 301
287 300
288 301
289 302
290 302
291 303
292 303
293 303
294 303
295 304
296 305
297 305
298 306
299 306
300 307
301 308
302 309
302 310
303 311
304 312
305 313
305 314
305 315
306 315
307 316
308 317
309 317
310 318
311 318
312 319
313 320
314 321
315 321
316 322
316 323
317 323
318 324
319 325
319 326
320 327
321 327
322 328
323 329
323 330
324 331
325 330
326 331
326 332
327 333
328 334
329 334
330 335
330 336
331 337
332 338
333 339
334 339
335 340
336 340
337 340
338 340
339 340
340 339
341 339
342 340
343 340
344 341
345 342
346 343
347 344
348 345
349 346
350 346
351 347
352 347
353 348
354 348
355 348
356 348
357 349
358 349
359 349
360 350
361 351
362 351
363 352
364 352
365 353
366 353
367 354
368 354
369 355
370 355
371 355
372 356
373 356
374 357
375 358
376 359
376 360
376 361
377 362
377 363
378 364
379 365
380 366
381 367
382 366
383 367
383 366
383 365
383 364
382 363
382 362
382 361
383 360
384 360
385 360
386 361
387 362
387 363
388 364
388 365
389 366
390 367
391 368
392 369
393 370
394 371
395 371
396 371
397 372
398 372
399 372
400 372
401 372
402 373
403 374
404 375
404 376
405 377
406 378
406 379
407 379
408 380
408 381
409 381
410 382
411 383
412 383
413 384
414 383
415 384
416 384
417 384
418 384
419 385
420 385
421 386
422 386
423 387
424 388
425 388
426 389
427 390
428 391
429 391
430 392
430 393
431 394
432 395
433 395
434 396
435 396
436 397
437 397
438 397
439 397
440 397
441 398
442 399
443 400
444 400
445 401
446 402
447 403
448 404
449 404
450 405
451 405
452 405
453 405
454 404
454 403
454 402
453 401
453 400
453 399
453 398
453 397
454 396
455 396
456 396
457 397
457 396
456 395
455 394
454 394
453 393
453 392
452 391
451 390
450 389
449 388
448 388
447 389
446 388
445 387
444 386
443 385
443 384
443 383
442 383
441 382
441 381
440 380
441 379
440 379
439 378
438 378
437 377
436 377
435 376
435 375
434 374
433 373
433 372
432 372
431 371
430 370
429 369
428 368
427 367
426 366
425 365
424 364
423 363
422 363
421 362
420 362
419 361
418 361
417 362
416 361
416 360
416 359
416 358
415 358
414 357
414 356
413 355
412 354
411 354
410 353
409 353
408 353
407 354
406 353
405 354
404 353
403 353
402 352
402 351
401 350
400 349
399 348
398 347
397 346
397 345
396 344
396 343
395 342
395 341
394 340
394 339
393 338
392 337
392 336
391 336
390 335
389 336
388 336
387 336
386 335
385 335
384 334
383 333
382 332
381 331
380 330
379 329
379 328
378 327
377 326
376 325
375 324
374 323
373 322
373 321
372 321
371 321
370 322
369 321
368 320
367 319
367 318
366 317
366 316
366 315
365 314
365 313
365 312
364 311
363 310
363 309
363 308
363 307
362 306
362 305
362 304
361 303
360 302
360 301
359 300
358 299
357 298
356 297
355 297
354 296
353 296
352 296
352 297
351 298
352 299
352 300
353 301
353 302
353 303
354 304
353 305
352 305
351 305
350 305
349 304
348 303
347 302
347 301
346 300
346 299
345 298
345 297
345 296
344 295
344 294
343 293
342 292
341 291
340 290
339 290
338 289
337 289
336 288
335 288
334 287
333 287
332 287
331 286
330 286
329 285
328 286
327 285
326 285
325 285
324 284
323 284
322 283
321 283
320 283
319 282
319 281
318 280
317 279
317 278
316 278
315 277
315 276
314 275
313 274
312 273
311 273
310 272
309 271
309 270
310 269
311 270
312 270
313 270
314 271
315 272
316 273
317 273
318 274
319 274
320 274
320 273
321 272
322 271
323 270
324 270
325 270
326 270
327 271
328 271
329 272
330 273
331 274
332 274
333 275
334 276
335 276
336 276
337 276
338 276
339 276
340 275
341 275
342 275
343 275
344 276
345 276
346 276
347 276
348 276
349 275
350 275
351 275
352 275
353 275
354 275
355 276
356 276
357 275
358 276
359 275
360 274
361 275
362 274
363 275
364 275
365 276
366 276
367 276
368 277
369 277
370 276
370 275
370 274
370 273
371 272
371 271
372 270
373 270
374 270
375 270
376 270
377 270
378 271
379 271
380 272
381 273
382 273
383 274
384 274
385 274
386 274
387 273
388 273
389 272
390 272
391 272
392 271
393 271
394 271
394 270
394 269
394 268
395 267
396 266
397 265
398 265
399 265
400 265
401 265
402 266
403 267
404 267
405 267
406 267
407 267
408 267
409 267
410 267
411 267
412 268
413 268
414 269
415 269
416 269
417 268
418 268
419 267
420 266
421 266
422 266
423 266
424 266
425 267
426 268
427 268
428 269
429 270
430 270
431 271
432 271
433 271
434 271
434 270
434 269
435 268
435 267
434 266
434 265
434 264
435 263
436 263
437 263
438 263
439 264
440 264
441 264
442 264
443 263
444 263
445 263
446 262
447 262
448 263
449 263
450 263
451 264
452 264
453 265
454 265
455 265
456 265
457 265
458 265
459 265
460 265
461 266
462 266
463 266
464 266
465 266
466 266
467 265
468 264
469 263
470 263
471 263
472 263
473 263
474 264
475 264
476 265
477 266
478 267
479 267
480 267
480 266
480 265
480 264
479 263
479 262
479 261
480 260
481 260
482 259
483 260
484 260
485 260
486 260
487 261
488 261
489 261
490 261
491 261
492 261
493 260
494 260
495 259
496 259
497 259
498 260
499 259
500 260
501 261
502 261
502 260
502 259
502 258
501 257
501 256
500 255
501 254
502 254
503 254
502 254
501 253
500 252
499 251
498 250
497 250
496 249
496 248
495 248
494 247
493 246
492 245
491 245
490 245
489 245
488 246
487 247
486 248
486 249
485 250
484 250
483 250
482 249
481 248
480 247
479 247
478 247
477 246
476 246
475 246
474 246
473 246
472 245
471 245
470 244
469 243
468 243
467 242
466 242
465 242
464 242
463 242
462 242
461 242
460 242
459 243
458 242
457 243
456 242
456 243
456 244
456 245
456 246
455 247
455 248
454 249
453 249
452 250
451 249
450 249
449 248
448 248
447 247
446 246
445 245
444 244
443 244
442 243
441 243
440 243
439 243
438 244
437 244
436 245
435 246
434 245
433 246
432 245
431 245
430 244
429 244
428 244
427 244
426 244
425 244
424 244
423 243
422 243
421 243
420 242
419 242
418 241
417 241
416 241
415 240
414 240
413 240
412 240
411 240
410 240
409 240
408 240
407 240
406 239
405 239
404 239
403 239
402 239
401 239
401 240
401 241
402 242
402 243
403 244
403 245
403 246
402 247
401 247
400 247
399 246
398 245
397 244
396 243
395 242
395 241
394 240
394 239
393 238
392 239
391 238
390 239
389 239
388 240
387 241
386 241
385 241
384 241
383 240
382 240
381 239
381 238
380 238
379 237
378 236
377 236
377 237
376 238
375 239
374 240
373 240
372 239
371 239
370 238
369 238
368 237
367 236
366 235
365 234
364 234
363 234
362 235
361 236
360 236
359 236
358 236
357 236
356 236
355 236
354 236
353 236
352 235
351 235
350 235
349 234
348 234
347 233
346 233
345 233
344 232
343 232
342 233
341 233
340 234
339 235
338 236
337 237
336 237
335 238
334 237
333 237
332 236
331 236
330 235
329 235
328 235
327 236
327 237
326 238
325 239
324 240
323 240
322 240
321 239
320 239
319 238
318 238
317 237
316 237
315 237
314 237
313 238
312 239
311 239
310 238
310 237
310 236
310 235
310 234
310 233
310 232
311 231
312 230
313 229
314 230
315 230
316 230
317 231
318 231
319 231
320 231
321 231
322 231
323 230
323 229
324 228
324 227
325 226
326 225
327 225
328 225
329 226
330 226
331 226
332 227
333 227
334 227
334 226
335 225
335 224
335 223
335 222
335 221
334 220
334 219
335 218
335 217
336 216
337 215
338 215
339 216
340 216
341 216
342 216
343 217
344 217
345 217
346 216
347 215
347 214
347 213
347 212
347 211
348 210
349 209
350 209
351 209
352 209
353 209
354 209
355 209
356 208
357 208
358 207
358 206
358 205
358 204
358 203
357 202
357 201
356 200
356 199
356 198
355 197
356 196
356 195
357 194
358 194
359 194
360 195
361 195
362 196
363 196
364 197
365 197
366 197
367 197
368 196
369 195
369 194
370 193
370 192
370 191
370 190
370 189
371 188
372 187
373 186
374 187
375 186
376 186
377 186
378 185
378 184
378 183
378 182
378 181
378 180
378 179
377 178
378 177
379 176
380 175
381 176
382 176
383 176
384 176
385 176
386 176
387 176
388 176
389 175
390 175
391 175
392 174
393 174
394 173
393 172
393 171
393 170
393 169
393 168
393 167
394 166
395 165
396 164
397 164
398 164
399 164
400 164
401 164
402 164
403 164
404 164
404 163
405 162
405 161
404 160
404 159
404 158
404 157
405 156
406 156
407 156
408 155
409 155
410 155
411 156
412 156
413 156
414 156
415 155
416 155
416 154
416 153
416 152
416 151
416 150
416 149
416 148
416 147
417 146
418 145
419 145
420 145
421 145
422 145
423 145
424 146
425 145
426 144
426 143
426 142
427 141
427 140
427 139
428 138
429 137
430 137
431 137
432 138
433 138
434 138
435 137
436 136
436 135
436 134
437 133
438 132
438 131
438 130
439 129
439 128
440 127
441 127
442 127
443 126
444 126
445 125
446 125
446 124
447 123
448 123
449 123
450 122
451 121
452 120
451 119
452 118
452 117
453 116
453 115
454 114
455 113
456 112
457 111
458 111
459 110
460 109
460 108
461 107
461 106
461 105
460 104
459 103
459 102
458 101
457 100
457 99
456 98
455 98
455 99
455 100
455 101
455 102
456 103
456 104
456 105
456 106
456 107
455 108
454 109
453 109
452 110
451 109
450 109
449 109
448 108
447 108
446 108
445 107
444 107
443 108
443 109
442 110
442 111
442 112
443 113
442 114
441 115
440 115
439 115
438 114
437 114
436 114
435 113
434 114
433 113
432 114
431 114
431 115
430 116
430 117
429 118
430 119
429 120
428 120
427 120
426 119
425 119
424 119
423 118
422 119
421 120
421 121
421 122
421 123
420 124
420 125
420 126
420 127
419 128
418 128
417 129
416 128
415 128
414 128
413 127
412 127
411 127
410 127
409 128
408 129
407 130
407 131
407 132
406 133
406 134
406 135
405 136
404 136
403 136
402 136
401 136
400 135
399 135
398 135
397 134
396 134
395 134
394 134
394 135
393 136
393 137
393 138
393 139
393 140
393 141
392 142
391 143
390 144
389 144
388 145
387 146
386 146
385 147
384 147
383 148
382 148
381 148
380 148
379 148
378 148
377 148
376 148
375 148
374 149
373 149
372 149
371 149
370 150
370 151
370 152
371 153
371 154
370 155
369 156
368 157
367 158
366 158
365 159
364 159
363 160
362 161
361 161
360 162
360 163
359 164
358 164
357 165
356 165
355 165
354 165
353 165
352 165
351 164
350 164
349 164
348 164
347 165
346 165
345 166
344 166
343 167
342 167
341 167
340 168
340 169
340 170
340 171
339 172
340 173
339 174
338 174
338 175
337 176
336 176
335 177
334 177
333 177
332 176
331 176
330 175
329 175
328 174
327 174
326 173
325 173
324 174
324 175
324 176
324 177
324 178
324 179
324 180
324 181
324 182
323 183
322 184
321 184
320 184
319 184
318 184
317 184
316 183
315 183
314 183
313 183
312 183
312 184
311 185
312 186
312 187
313 188
314 189
314 190
315 191
315 192
315 193
315 194
314 195
313 196
312 196
311 196
310 195
309 195
308 194
307 194
306 193
305 193
304 193
303 193
302 194
302 195
301 196
302 197
302 198
302 199
302 200
302 201
302 202
301 203
300 204
299 204
298 204
297 204
296 204
295 203
294 203
293 203
292 204
292 205
291 206
292 207
292 208
292 209
292 210
292 211
291 212
290 213
289 212
289 211
289 210
289 209
289 208
289 207
289 206
288 205
288 204
287 203
288 202
288 201
288 200
289 199
290 198
291 198
292 197
293 197
294 197
295 197
296 196
296 195
296 194
296 193
296 192
296 191
296 190
297 189
296 188
297 187
297 186
296 185
296 184
296 183
296 182
297 181
298 180
299 179
300 179
301 178
302 178
302 177
303 176
304 176
304 175
304 174
305 173
305 172
304 171
304 170
305 169
305 168
306 167
306 166
306 165
306 164
306 163
306 162
305 161
305 160
305 159
304 158
304 157
304 156
305 155
306 154
307 153
308 153
309 153
310 153
311 152
311 151
311 150
311 149
312 148
312 147
312 146
312 145
313 144
313 143
312 142
312 141
312 140
311 139
310 138
310 137
309 136
308 135
308 134
308 133
308 132
308 131
309 130
310 129
311 128
312 128
313 128
314 128
315 128
316 128
317 128
316 127
317 126
316 125
315 124
315 123
314 122
313 121
313 120
313 119
312 118
312 117
312 116
312 115
311 114
312 113
313 112
314 111
315 111
316 110
317 109
317 108
317 107
318 106
318 105
317 104
318 103
318 102
318 101
319 100
319 99
320 98
321 97
322 96
322 95
322 94
322 93
321 92
321 91
320 90
320 89
320 88
321 87
321 86
322 85
323 84
323 83
323 82
323 81
323 80
323 79
322 78
322 77
322 76
321 75
321 74
321 73
322 72
323 71
324 71
325 71
326 71
327 72
328 72
329 72
330 73
331 72
331 71
331 70
331 69
330 68
329 67
328 66
328 65
327 64
327 63
327 62
328 61
328 60
329 59
330 58
331 57
331 56
331 55
331 54
330 53
330 52
330 51
330 50
330 49
330 48
330 47
330 46
330 45
330 44
329 43
329 42
329 41
329 40
329 39
330 38
331 38
332 38
333 38
334 37
335 37
335 36
335 35
335 34
335 33
335 32
335 31
336 30
336 29
336 28
336 27
337 26
337 25
336 24
336 23
335 22
335 21
334 20
333 19
333 18
332 17
331 16
331 15
331 14
331 13
332 12
331 12
330 13
330 14
330 15
330 16
329 17
329 18
330 19
330 20
330 21
329 22
328 21
327 21
326 21
325 20
324 20
323 21
322 22
322 23
322 24
322 25
322 26
322 27
322 28
322 29
322 30
322 31
322 32
322 33
321 34
320 34
319 34
318 34
317 34
316 34
315 33
314 33
313 33
312 34
312 35
312 36
312 37
313 38
313 39
314 40
314 41
315 42
314 43
314 44
314 45
314 46
313 47
313 48
313 49
313 50
312 51
312 52
312 53
311 54
310 54
309 55
308 54
307 55
306 55
305 55
305 56
305 57
305 58
305 59
305 60
305 61
306 62
306 63
306 64
306 65
306 66
306 67
305 68
304 68
303 69
303 70
302 71
303 72
303 73
303 74
303 75
303 76
302 77
301 78
300 79
299 79
298 80
297 81
296 81
295 82
295 83
295 84
295 85
296 86
296 87
296 88
296 89
296 90
296 91
296 92
296 93
296 94
296 95
296 96
295 97
294 98
293 98
292 98
291 99
290 99
289 100
288 101
288 102
288 103
288 104
289 105
289 106
289 107
290 108
290 109
290 110
290 111
290 112
289 113
288 113
287 114
286 114
285 114
284 114
283 115
283 116
283 117
282 118
283 119
283 120
282 121
281 122
280 123
279 123
279 124
278 125
278 126
279 127
278 128
279 129
279 130
279 131
279 132
279 133
278 134
277 135
276 136
275 136
274 136
273 137
273 138
273 139
273 140
273 141
272 142
272 143
271 144
270 145
269 146
268 146
267 147
266 146
265 146
264 146
263 146
262 146
261 147
262 148
262 149
263 150
264 151
265 152
266 153
266 154
267 155
267 156
267 157
267 158
267 159
266 160
266 161
265 162
265 163
264 164
264 165
263 166
263 167
262 168
262 169
261 170
261 171
261 172
261 173
262 174
262 175
262 176
262 177
261 178
260 179
259 180
258 181
257 182
258 183
258 184
259 185
260 185
261 186
262 187
263 188
263 189
262 190
261 189
260 189
259 189
258 190
257 190
256 191
255 191
255 192
255 193
255 194
255 195
254 196
253 195
253 194
252 193
252 192
252 191
252 190
253 189
253 188
253 187
253 186
253 185
252 184
252 183
251 182
251 181
250 180
250 179
249 178
249 177
249 176
249 175
248 174
248 173
248 172
248 171
247 171
246 170
246 169
246 168
247 167
247 166
247 165
247 164
248 163
247 162
247 161
247 160
246 159
246 158
245 157
245 156
244 155
244 154
244 153
243 152
243 151
242 150
243 149
243 148
242 147
242 146
241 146
240 145
240 144
239 143
238 142
238 141
237 140
237 139
237 138
237 137
236 136
236 135
235 134
234 133
234 132
233 131
232 130
231 129
230 128
230 127
229 126
230 125
231 125
232 124
233 123
233 122
232 121
231 120
231 119
230 118
229 117
228 116
227 116
226 115
225 114
224 113
223 112
222 111
222 110
222 109
221 108
221 107
220 106
220 105
219 104
218 103
218 102
217 101
217 100
216 99
216 98
216 97
215 96
215 95
215 94
215 93
214 92
214 91
213 90
212 89
212 88
211 87
210 86
210 85
209 84
208 83
209 82
208 81
209 80
209 79
210 78
211 77
211 76
211 75
211 74
210 73
209 72
208 71
208 70
207 69
207 68
206 67
205 66
205 65
205 64
204 63
204 62
203 61
203 60
202 59
202 58
201 57
201 56
201 55
200 54
200 53
200 52
200 51
199 50
199 49
199 48
198 47
197 46
197 45
197 44
196 43
196 42
196 41
195 40
194 39
194 38
193 38
192 37
191 36
190 36
189 35
188 35
187 35
186 34
185 33
184 32
183 31
183 30
182 29
182 28
182 27
182 26
183 25
184 24
185 25
186 25
187 26
188 26
189 27
190 27
191 27
192 26
192 25
192 24
191 23
190 22
189 21
188 21
187 20
186 20
185 20
184 20
183 20
182 19
181 19
180 18
179 17
179 16
178 16
177 15
176 14
176 13
175 12
