378 29
377 30
377 31
377 32
376 33
376 34
375 35
374 35
373 35
372 35
371 35
370 35
370 36
369 37
369 38
370 39
369 40
368 40
368 41
367 42
367 43
366 44
365 44
364 44
363 44
362 44
361 44
360 44
359 44
358 44
357 44
356 45
357 46
357 47
357 48
357 49
358 50
358 51
358 52
359 53
359 54
359 55
358 56
357 56
356 57
355 57
354 57
353 57
352 56
351 56
350 55
349 54
348 54
347 53
346 53
345 53
345 54
345 55
345 56
345 57
345 58
345 59
344 60
343 59
342 58
341 57
340 56
339 55
339 54
338 53
338 52
338 51
338 50
338 49
339 48
338 48
337 47
338 46
337 47
336 46
336 45
335 45
334 45
333 44
332 44
331 43
330 44
330 45
330 46
329 47
328 47
328 48
327 49
326 50
325 51
324 51
324 52
323 53
323 54
322 55
322 56
322 57
321 58
320 59
320 60
319 61
319 62
318 63
317 63
316 63
315 64
315 65
315 66
314 67
314 68
314 69
313 70
312 70
312 71
312 72
312 73
312 74
313 75
312 76
311 76
310 77
309 78
308 79
307 80
306 80
305 81
304 82
303 83
302 83
302 84
301 85
300 85
299 86
299 87
298 88
297 89
296 89
295 89
294 88
294 87
293 87
292 86
291 86
290 86
289 85
290 86
289 87
288 88
289 89
288 90
288 91
288 92
287 93
287 94
286 95
286 96
285 97
284 97
284 98
283 99
282 99
281 100
280 100
280 101
280 102
280 103
281 104
281 105
282 106
283 107
282 108
282 109
281 110
280 109
279 110
278 111
277 112
276 113
277 114
276 115
276 116
276 117
276 118
276 119
275 120
275 121
275 122
275 123
275 124
275 125
275 126
276 127
275 128
275 129
274 130
273 131
272 131
271 131
270 131
269 131
268 132
267 131
266 130
265 129
265 128
264 127
263 126
263 125
263 124
262 123
262 122
262 121
261 120
261 119
260 120
261 121
260 122
260 123
260 124
260 125
260 126
259 127
258 128
257 129
257 130
256 131
256 132
256 133
257 134
257 135
258 136
257 137
257 138
256 139
255 140
255 141
254 142
254 143
254 144
255 145
255 146
256 147
256 148
257 149
258 150
258 151
259 152
259 153
260 154
260 155
260 156
259 157
258 157
257 158
256 158
255 158
254 158
253 157
252 157
251 156
251 155
250 154
249 154
248 153
248 152
247 151
247 150
247 149
247 148
246 147
245 146
245 145
244 144
244 143
244 142
243 141
243 140
243 139
243 138
244 137
244 136
245 135
246 135
246 134
245 134
244 133
245 132
245 131
245 130
244 129
244 128
244 127
243 126
242 125
242 124
241 123
240 122
239 121
238 120
237 119
236 118
235 118
235 119
236 120
236 121
236 122
236 123
236 124
237 125
236 126
236 127
235 128
234 129
233 128
232 127
231 127
230 126
230 125
230 124
230 123
230 122
230 121
230 120
229 119
229 118
228 118
227 117
226 116
225 115
224 115
223 114
222 113
221 112
221 111
220 110
220 109
220 108
220 107
219 106
218 105
218 104
218 103
217 102
217 101
216 100
216 99
215 98
215 97
215 96
214 95
214 94
214 93
213 92
213 91
212 90
212 89
211 88
210 87
209 86
208 85
208 84
207 83
207 82
207 81
207 80
207 79
207 78
207 77
207 76
207 75
207 74
206 73
206 72
205 71
204 70
203 69
203 68
202 67
201 66
200 65
199 65
198 65
197 66
196 66
195 67
195 68
195 69
195 70
196 71
196 72
197 73
197 74
196 75
196 76
195 77
194 77
193 78
192 78
191 78
190 78
189 79
188 79
187 79
186 79
185 78
184 78
183 77
182 76
182 75
181 74
180 73
180 72
179 71
179 70
178 69
177 68
177 67
176 66
176 65
175 64
174 63
173 62
173 61
172 60
172 59
171 59
170 58
169 57
168 57
167 56
166 56
165 55
164 55
163 54
162 53
161 52
160 51
159 51
158 50
158 51
158 52
158 53
159 54
158 55
157 56
156 56
155 56
154 56
153 55
152 54
151 54
150 53
149 53
148 52
147 52
146 52
145 53
145 54
145 55
146 56
146 57
146 58
145 59
144 59
143 58
142 58
141 58
140 58
139 57
138 57
137 56
136 55
136 54
135 54
134 53
133 52
133 51
133 50
132 50
131 49
130 48
130 47
129 46
128 46
127 45
126 44
125 44
124 43
123 42
122 42
121 41
120 41
119 40
118 40
117 40
116 39
115 39
114 39
113 39
113 40
114 41
114 42
115 43
115 44
115 45
115 46
115 47
115 48
114 49
114 50
114 51
115 52
115 53
115 54
115 55
116 56
116 57
116 58
117 59
116 60
115 60
114 60
113 60
112 61
112 62
113 63
113 64
113 65
114 65
115 66
115 67
116 68
116 69
117 70
118 71
119 72
119 73
120 74
121 75
122 76
122 77
123 78
123 79
123 80
123 81
124 82
123 83
123 84
123 85
122 86
121 86
120 87
119 86
118 86
118 87
118 88
119 89
119 90
120 91
120 92
121 93
121 94
121 95
121 96
120 97
119 98
118 98
117 99
116 98
115 98
114 98
114 99
115 100
116 101
116 102
116 103
117 104
117 105
117 106
118 107
117 108
117 109
116 110
117 111
116 112
117 113
117 114
118 115
119 116
119 117
119 118
119 119
120 120
120 121
121 122
121 123
122 124
123 125
124 126
125 127
126 128
127 129
128 130
129 131
130 132
129 133
129 134
129 135
129 136
129 137
129 138
129 139
130 140
130 141
131 142
131 143
131 144
130 145
129 145
128 145
127 145
126 144
125 144
124 143
123 143
122 142
121 142
120 141
119 141
118 140
117 140
116 140
115 140
114 140
115 141
116 142
117 143
117 144
117 145
118 146
118 147
118 148
117 149
118 150
118 151
118 152
119 152
120 153
120 154
121 155
122 156
123 157
124 157
125 158
126 159
125 160
126 160
127 161
128 162
128 163
129 164
130 165
131 166
132 167
132 168
133 169
134 169
135 170
136 171
137 172
138 173
139 173
140 174
140 175
141 176
142 177
142 178
143 179
142 180
142 181
142 182
142 183
142 184
141 185
140 186
139 186
138 186
139 187
139 188
138 189
137 190
138 190
139 191
139 192
140 193
141 193
142 194
142 195
142 196
142 197
143 198
143 199
143 200
143 201
142 202
141 202
140 202
139 202
138 202
137 202
136 202
135 201
134 201
133 201
132 201
131 201
130 200
129 201
128 200
127 200
126 201
125 201
124 201
123 202
122 202
121 202
120 202
119 202
118 201
117 200
116 199
115 198
114 198
113 197
112 196
111 195
110 194
109 194
108 193
107 193
106 193
105 193
104 194
103 195
102 195
101 195
100 195
99 194
98 194
97 193
96 193
95 192
94 192
93 191
92 191
91 191
90 191
89 191
88 192
87 192
86 192
85 192
85 193
84 194
84 195
84 196
84 197
84 198
84 199
85 200
86 201
87 202
88 203
89 204
89 205
90 206
90 207
90 208
89 209
88 210
87 210
86 209
85 209
84 210
83 210
82 210
81 210
80 211
79 211
78 211
77 211
76 211
75 211
74 211
73 211
72 211
71 211
70 211
69 211
68 211
67 210
66 210
65 209
64 209
63 210
62 210
61 211
60 211
59 211
58 212
57 212
56 212
55 212
54 211
53 211
52 211
51 211
50 210
51 211
51 212
50 213
50 214
50 215
49 216
48 217
47 217
46 217
45 217
44 217
43 216
44 217
45 217
46 218
47 219
48 220
49 221
50 221
51 222
52 223
53 224
53 225
53 226
54 227
54 228
54 229
54 230
55 231
54 232
53 233
52 233
51 232
50 233
49 232
48 232
47 231
46 231
45 231
44 232
43 232
43 233
42 234
41 235
40 236
39 236
38 237
37 237
36 237
35 236
34 235
33 235
32 234
31 234
30 235
30 236
30 237
29 238
28 239
27 240
26 240
25 240
24 240
23 239
22 239
21 238
20 238
19 237
18 237
17 238
16 238
15 239
14 239
13 240
12 240
11 240
10 240
9 240
8 240
7 239
6 240
6 241
6 242
7 243
7 244
7 245
6 246
6 247
5 248
4 247
3 247
2 247
1 246
1 247
1 248
2 249
3 250
3 251
4 251
5 252
5 253
6 254
6 255
6 256
7 257
7 258
8 259
8 260
9 261
9 262
10 262
11 262
12 263
13 263
14 264
15 264
16 265
17 266
18 266
19 267
20 268
20 269
21 270
21 271
22 272
22 273
23 274
23 275
24 276
24 277
24 278
24 279
23 280
24 281
24 282
25 282
26 283
27 283
28 283
29 282
29 281
30 280
30 279
31 278
32 279
33 280
33 281
34 281
35 282
36 282
37 283
38 283
39 284
40 284
41 285
42 285
43 285
44 285
45 286
46 286
47 287
48 287
49 288
50 288
51 288
52 287
53 286
54 285
55 284
56 284
57 285
58 285
59 286
60 287
60 288
61 289
62 290
63 291
64 291
65 292
66 292
67 292
67 291
66 290
66 289
65 288
65 287
65 286
65 285
66 284
67 284
68 284
69 284
70 285
71 285
72 286
73 287
74 287
75 288
76 288
77 289
78 290
78 291
78 292
77 293
76 294
76 295
75 296
75 297
74 298
74 299
73 300
72 301
71 301
70 302
69 302
68 301
67 301
66 300
65 299
64 298
63 298
64 299
65 300
66 301
67 302
68 303
68 304
69 305
69 306
70 307
71 307
72 308
73 308
74 308
75 308
76 308
77 308
78 308
79 308
80 308
81 308
82 308
83 308
84 308
85 308
86 308
87 307
88 306
89 307
90 306
91 306
92 305
92 304
93 303
94 303
95 303
96 303
97 303
98 304
99 304
100 305
101 305
102 306
103 306
104 306
105 307
106 307
107 306
108 305
108 304
108 303
108 302
108 301
108 300
107 299
108 298
109 297
110 297
111 297
112 298
113 299
114 299
115 300
116 301
117 302
118 303
119 304
120 304
121 305
122 305
123 306
124 307
124 308
124 309
124 310
124 311
125 311
126 311
127 311
128 311
129 311
130 312
131 311
132 311
133 310
134 310
135 310
136 310
137 309
138 310
139 310
140 310
141 310
142 310
143 310
143 309
143 308
143 307
144 306
144 305
145 304
146 304
147 304
148 304
149 305
150 305
151 305
152 305
153 306
154 306
155 306
156 306
157 306
158 305
158 304
158 303
158 302
158 301
157 300
157 299
156 298
157 297
157 296
158 295
159 295
160 295
161 295
162 296
163 296
164 297
165 298
166 299
167 299
168 300
169 300
170 300
171 300
172 300
173 299
174 299
175 298
176 299
176 300
176 301
177 302
176 303
177 304
176 305
175 305
174 306
173 306
174 307
173 308
172 308
171 308
170 309
169 309
168 310
167 310
166 311
165 311
164 310
164 311
163 312
162 311
162 312
161 313
160 313
159 314
159 315
158 316
158 317
158 318
158 319
157 320
156 320
155 321
154 322
153 323
152 323
151 324
150 324
149 324
149 325
148 326
147 325
146 326
145 327
145 328
144 329
143 330
144 329
145 329
146 329
147 330
148 330
149 331
150 331
151 332
152 332
153 333
154 334
154 335
154 336
153 337
153 338
152 339
152 340
152 341
152 342
153 343
153 344
154 345
153 346
152 347
151 346
150 346
149 345
148 345
147 344
146 344
145 344
144 345
144 346
144 347
143 348
143 349
143 350
143 351
143 352
144 353
144 354
144 355
145 356
144 357
143 357
142 358
141 358
140 358
139 358
138 358
137 358
136 358
135 358
134 358
133 359
133 360
133 361
133 362
133 363
134 364
135 365
135 366
136 367
136 368
136 369
137 370
136 371
135 372
134 373
133 372
132 372
133 373
134 373
135 374
136 374
137 374
138 374
139 374
140 374
141 374
142 374
143 375
143 376
143 377
142 378
142 379
142 380
142 381
141 382
141 383
141 384
140 385
139 386
138 387
137 388
136 388
135 388
134 387
133 387
134 388
133 389
132 389
133 390
132 391
132 392
133 393
132 394
132 395
132 396
132 397
132 398
131 399
131 400
131 401
131 402
131 403
131 404
130 405
129 406
128 406
127 406
126 407
126 408
126 409
125 410
125 411
124 412
123 412
122 412
121 413
121 414
120 415
120 416
120 417
120 418
121 419
121 420
122 421
122 422
122 423
122 424
122 425
122 426
121 427
120 428
119 428
118 428
117 428
116 428
115 427
114 428
113 428
112 429
112 430
112 431
113 432
113 433
114 434
114 435
115 436
116 436
117 436
118 436
119 436
120 437
121 437
122 438
123 438
124 438
125 439
126 439
127 439
128 439
129 439
130 440
130 441
131 442
131 443
132 444
132 445
132 446
132 447
132 448
132 449
132 450
133 451
133 452
132 453
131 454
131 455
130 456
129 457
129 458
129 459
129 460
129 461
130 462
131 463
132 464
132 465
133 466
134 467
134 468
133 469
132 469
131 469
130 469
129 468
128 468
127 468
126 467
125 467
124 468
124 469
124 470
124 471
125 472
125 473
125 474
126 475
126 476
126 477
126 478
126 479
126 480
125 481
125 482
126 481
127 480
127 479
127 478
128 477
127 476
127 475
127 474
128 473
129 473
130 473
131 474
132 474
133 475
134 475
135 476
136 476
137 476
138 475
139 474
140 473
141 472
142 471
143 470
143 469
142 468
142 467
142 466
141 465
140 464
141 463
142 462
143 463
144 462
145 462
146 462
147 461
148 461
149 460
150 459
151 458
152 458
151 457
152 456
153 455
154 456
155 457
156 457
157 456
158 456
159 455
160 455
161 454
162 453
162 452
163 451
164 451
165 451
166 452
167 452
168 453
169 453
170 454
170 455
171 456
171 457
171 458
171 459
171 460
171 461
171 462
172 463
172 464
172 465
171 466
171 467
172 467
173 468
172 469
173 468
174 468
175 467
176 467
177 467
178 467
179 467
180 466
181 467
182 466
183 467
184 467
184 466
183 465
183 464
182 463
182 462
182 461
181 460
182 459
183 458
184 458
185 458
186 457
187 458
188 457
189 457
190 457
190 456
191 455
191 454
191 453
190 452
190 451
189 450
189 449
189 448
190 447
190 446
191 445
192 444
193 444
194 444
195 443
196 444
197 444
198 443
199 442
198 441
199 440
198 439
198 438
198 437
198 436
197 435
198 434
199 433
200 432
201 433
202 433
203 433
204 433
205 434
206 433
207 433
208 433
209 433
210 433
211 434
212 435
213 435
214 435
214 434
213 433
212 432
213 431
213 430
214 429
215 429
216 429
217 429
218 430
219 430
220 431
221 430
222 429
223 428
223 427
223 426
223 425
223 424
223 423
223 422
222 421
223 420
223 419
223 418
224 417
225 417
226 417
227 417
228 417
229 418
230 418
231 418
231 417
230 416
229 415
229 414
229 413
229 412
228 411
228 410
228 409
229 408
230 407
231 406
232 405
233 404
232 403
232 402
232 401
232 400
232 399
232 398
232 397
232 396
233 395
233 394
234 393
235 393
236 392
237 392
238 392
239 391
240 390
241 390
242 391
242 392
243 393
243 394
243 395
243 396
243 397
243 398
243 399
244 400
244 401
245 402
246 403
246 404
247 405
247 404
247 403
248 402
249 402
250 401
251 401
252 402
253 402
254 402
255 403
256 402
256 401
256 400
256 399
255 398
254 397
254 396
253 395
253 394
252 393
252 392
252 391
252 390
253 389
253 388
253 387
254 386
254 385
254 384
254 383
254 382
254 381
254 380
254 379
255 378
256 378
257 379
258 379
259 379
260 379
261 379
262 380
263 380
264 381
264 382
265 383
266 384
267 385
268 386
268 387
269 388
269 389
269 390
269 391
268 392
267 392
266 392
265 392
264 391
263 391
262 391
261 391
260 391
259 391
259 392
260 393
260 394
261 395
262 396
263 397
264 398
265 399
266 400
267 401
268 402
269 403
270 404
271 405
271 406
271 407
272 408
272 409
273 410
273 411
274 412
275 412
275 411
276 410
276 409
277 408
278 407
279 407
280 406
281 406
282 406
283 405
284 405
285 404
286 404
287 404
288 405
289 406
289 407
289 408
289 409
288 410
289 411
289 412
289 413
290 414
291 415
292 416
293 417
294 418
295 419
295 420
296 421
297 422
297 423
296 424
297 425
296 426
296 427
295 428
296 429
296 430
296 431
297 432
298 432
299 433
299 434
299 435
299 436
299 437
299 438
299 439
299 440
300 441
300 442
301 443
301 444
302 445
302 446
302 447
303 448
304 449
305 450
305 451
305 452
306 453
307 454
307 455
308 455
309 455
310 454
311 454
312 454
313 455
313 456
314 456
315 456
316 456
317 455
318 454
318 453
318 452
318 451
318 450
318 449
318 448
318 447
318 446
318 445
319 444
320 443
321 443
322 443
323 443
324 443
325 443
326 443
327 444
328 444
329 445
329 446
330 447
331 448
332 449
332 450
333 450
334 451
335 452
336 453
336 454
337 455
338 455
339 456
340 457
341 457
342 458
341 459
342 459
343 459
344 459
345 460
346 460
347 461
347 462
347 463
348 462
349 463
349 464
350 465
351 465
352 466
352 467
353 467
354 468
355 468
356 468
357 467
357 466
358 465
359 465
359 464
360 463
360 462
361 461
361 460
362 459
363 458
363 457
364 456
365 456
366 455
367 455
368 455
369 456
370 456
371 457
372 458
373 459
374 460
374 461
375 462
376 463
377 464
378 465
379 466
380 467
381 468
382 468
383 468
384 467
384 466
385 465
386 464
387 465
388 465
389 465
390 466
390 467
391 467
392 467
393 468
392 467
392 466
392 465
392 464
392 463
393 462
394 461
395 460
396 459
397 458
397 457
396 457
395 457
394 456
394 455
393 455
392 454
391 453
390 453
389 452
388 451
388 450
388 449
387 448
387 447
387 446
388 445
389 446
390 445
391 445
392 445
393 446
393 445
393 444
393 443
393 442
392 441
391 440
391 439
391 438
390 438
389 437
388 436
387 435
386 435
385 434
385 433
384 433
383 432
383 431
382 430
381 429
381 428
380 427
379 426
379 425
378 424
378 423
378 422
378 421
378 420
379 419
380 418
380 417
380 416
379 415
379 414
378 413
378 412
377 411
378 410
379 410
380 409
381 409
382 408
383 408
384 408
385 408
386 409
387 408
388 408
388 407
388 406
388 405
388 404
388 403
387 402
386 401
385 400
385 399
384 398
384 397
384 396
384 395
384 394
385 393
385 392
385 391
385 390
385 389
384 388
384 387
383 386
382 385
382 384
381 383
381 382
380 381
379 380
379 379
378 378
378 377
377 376
376 375
376 374
375 373
375 372
374 372
373 371
373 370
372 369
371 369
370 368
369 368
368 368
367 367
368 366
367 367
366 366
365 365
365 364
365 363
366 362
365 361
365 360
365 359
365 358
365 357
365 356
365 355
366 354
367 354
368 354
369 354
370 354
371 353
372 353
373 353
374 353
375 352
376 352
377 353
378 353
379 353
380 353
381 354
382 354
383 355
382 354
381 353
380 352
379 352
378 351
377 351
376 350
375 349
374 348
373 347
373 346
373 345
372 344
372 343
371 342
370 341
370 340
369 339
368 338
367 337
366 336
365 335
365 334
364 334
363 333
363 332
362 331
362 330
361 331
360 330
360 329
360 328
361 327
360 328
360 329
360 330
360 331
359 332
358 332
357 333
356 332
355 331
354 331
353 330
353 329
352 329
351 328
351 327
351 326
350 325
350 324
349 323
348 322
347 321
346 320
345 319
344 319
343 318
343 317
342 316
343 315
344 315
345 315
346 314
346 313
346 312
346 311
346 310
346 309
346 308
347 307
348 306
349 307
350 308
349 307
348 306
348 305
347 304
347 303
348 302
349 303
350 304
351 304
352 304
353 304
354 303
355 303
356 303
357 302
358 303
357 302
356 301
355 300
355 299
354 299
353 298
352 297
352 296
353 295
354 294
355 294
356 294
357 295
358 295
359 296
360 297
361 298
362 299
363 300
364 301
365 302
366 302
367 303
368 303
369 304
370 304
371 304
372 304
373 304
374 305
375 305
376 305
377 306
378 306
379 305
380 305
381 305
382 305
383 304
384 305
385 305
386 306
387 306
388 307
389 308
389 309
389 308
389 307
390 306
391 306
392 305
393 305
394 306
395 306
396 306
397 307
398 308
399 308
400 309
401 309
402 310
403 310
404 310
405 310
406 310
407 310
408 309
409 309
410 309
411 309
412 309
413 309
414 309
414 308
414 307
414 306
414 305
414 304
413 303
413 302
413 301
413 300
414 299
415 299
416 300
417 300
418 300
419 299
420 299
421 298
422 297
423 297
424 297
425 296
426 296
427 296
428 295
429 296
430 296
431 296
432 296
433 297
434 297
435 297
436 297
437 297
438 297
439 296
440 295
441 295
442 294
443 294
444 294
445 295
445 296
446 297
447 298
447 299
448 300
449 299
449 298
448 297
448 296
449 295
449 294
450 293
451 292
452 291
453 291
453 290
453 289
453 288
453 287
452 286
452 285
452 284
451 283
450 282
450 281
449 280
449 279
450 278
451 278
452 277
453 277
454 277
455 277
456 276
457 276
458 276
459 276
460 275
461 275
462 275
463 274
464 275
465 276
466 277
467 276
468 276
468 275
468 274
469 273
469 272
470 271
471 270
472 270
473 270
474 270
475 270
476 270
477 271
478 272
479 272
480 273
481 273
482 274
483 274
484 274
485 274
486 273
487 273
488 273
489 273
490 272
491 272
492 272
493 272
494 272
494 271
494 270
493 269
494 268
494 267
495 266
496 265
497 265
498 265
499 266
500 265
501 266
502 266
503 266
504 266
505 267
506 266
507 266
508 266
509 266
510 266
510 265
510 264
510 263
510 262
510 261
510 260
510 259
510 258
509 258
508 258
507 259
506 260
505 259
504 258
503 257
502 256
502 255
501 254
501 253
501 252
500 251
499 251
498 250
498 249
497 248
496 247
495 246
495 245
494 244
494 243
494 242
493 241
493 240
493 239
492 238
492 237
491 236
491 235
491 234
491 233
490 232
491 231
492 230
493 229
493 228
494 227
493 226
493 225
492 224
491 223
490 222
489 221
488 221
487 220
486 220
485 220
485 221
484 222
485 223
485 224
485 225
485 226
485 227
486 228
485 229
484 230
483 229
482 229
481 229
480 228
479 227
478 226
477 225
477 224
476 224
475 223
474 222
474 221
473 221
473 222
472 223
472 224
471 225
470 226
469 226
468 226
467 226
466 225
465 224
464 223
463 222
462 222
461 221
460 221
459 220
458 220
457 221
456 222
455 222
454 223
453 223
452 223
451 223
450 223
449 222
448 222
447 222
446 221
445 221
444 220
443 220
442 219
441 218
441 217
442 216
443 216
444 215
444 214
445 213
445 212
445 211
445 210
445 209
445 208
446 207
447 207
448 207
449 207
450 207
451 207
452 207
453 207
454 207
455 206
456 205
456 204
455 203
455 202
455 201
454 200
454 199
453 198
453 197
453 196
453 195
452 194
451 194
450 195
449 196
449 197
449 198
449 199
450 200
449 201
448 201
447 200
446 199
445 198
445 197
444 196
443 195
442 195
441 195
440 194
439 195
439 196
438 197
438 198
437 199
436 199
435 199
434 199
433 198
432 198
431 198
430 197
429 197
428 197
427 197
426 197
426 198
425 199
424 199
423 200
422 200
421 201
420 201
419 201
418 202
417 202
416 202
415 201
414 201
413 200
412 199
411 198
410 197
409 197
408 196
408 195
409 194
409 193
409 192
408 191
407 190
406 189
405 188
404 188
403 188
402 187
401 188
400 189
399 189
398 190
397 190
396 191
395 191
394 190
393 190
392 190
391 190
390 190
389 190
388 190
387 190
386 190
385 191
384 191
383 191
382 191
381 192
380 192
379 192
378 192
377 193
376 193
375 194
374 194
373 194
372 195
371 196
371 197
370 198
369 199
368 200
367 200
366 200
365 199
364 199
363 198
362 198
361 197
360 196
359 196
358 195
357 195
356 194
355 194
354 194
353 193
353 192
354 191
355 191
356 190
357 190
358 191
359 191
360 192
361 192
362 192
363 193
364 193
364 192
364 191
364 190
364 189
364 188
363 187
363 186
363 185
363 184
364 183
365 183
366 182
367 181
368 181
369 181
370 181
371 181
372 181
373 180
373 179
373 178
372 177
372 176
373 175
373 174
374 173
374 172
375 171
376 171
377 171
378 171
379 171
380 171
381 171
382 171
383 172
384 171
384 170
384 169
383 170
382 171
381 171
380 170
379 170
378 169
377 168
376 168
375 167
374 167
373 166
372 165
371 164
370 163
370 162
370 161
371 160
371 159
371 158
371 157
372 156
372 155
372 154
372 153
372 152
372 151
372 150
373 149
373 148
374 147
375 147
376 147
377 147
378 146
379 146
380 146
381 145
382 145
383 145
384 144
385 143
385 142
386 141
386 140
387 139
386 138
386 137
385 136
385 135
385 134
385 133
384 132
383 132
382 131
381 131
380 131
379 130
378 130
377 129
376 129
375 128
374 127
374 126
374 125
373 124
373 123
373 122
374 121
374 120
375 119
375 118
375 117
375 116
375 115
375 114
376 113
377 112
378 111
379 110
380 110
381 110
382 110
383 110
384 110
385 109
385 108
384 107
384 106
383 105
383 104
383 103
383 102
383 101
384 100
384 99
385 98
386 98
387 97
387 96
388 95
389 95
390 94
390 93
391 92
391 91
392 90
392 89
392 88
391 87
392 86
391 85
391 84
391 83
391 82
392 81
393 80
394 79
395 78
396 77
397 76
397 75
398 74
397 73
396 72
396 71
395 70
395 69
395 68
395 67
394 68
393 68
392 67
392 68
391 69
390 69
389 69
390 70
390 71
389 72
388 72
387 73
386 74
385 75
384 75
383 75
382 75
381 74
380 74
379 73
379 72
378 71
377 70
377 69
376 68
376 67
376 66
375 65
375 64
375 63
375 62
376 61
376 60
377 59
378 58
379 58
378 57
379 56
380 56
381 57
380 56
379 56
378 55
377 54
376 53
376 52
377 51
376 50
377 49
378 48
379 48
380 48
381 47
382 46
382 45
383 44
383 43
383 42
383 41
383 40
383 39
383 38
382 37
382 36
381 35
381 34
380 33
380 32
379 31
379 30
