380 28
379 29
378 29
378 30
377 31
376 31
375 32
374 32
374 33
373 34
373 35
372 36
371 36
371 37
370 38
369 38
368 39
367 39
368 40
367 41
366 41
366 42
365 43
364 43
364 44
363 45
363 46
363 47
362 48
361 48
361 49
360 50
359 51
359 52
358 53
357 53
357 54
357 55
356 56
355 56
354 57
354 58
353 59
352 60
351 61
350 62
349 62
348 62
347 62
346 61
345 60
344 59
343 58
343 57
343 56
342 55
342 54
342 53
341 52
341 51
341 50
341 49
340 48
340 47
340 46
339 45
338 44
337 43
336 43
335 44
335 45
334 46
333 47
332 48
331 48
332 49
331 50
330 51
330 52
329 53
329 54
328 55
328 56
328 57
328 58
328 59
327 60
326 60
326 61
326 62
326 63
326 64
325 65
324 65
325 66
324 67
324 68
324 69
323 70
324 71
323 72
322 72
322 73
322 74
322 75
321 76
321 77
321 78
321 79
321 80
320 81
321 82
320 83
319 84
320 85
319 86
318 87
318 88
317 89
316 90
315 90
314 90
313 90
312 90
311 90
310 89
309 88
308 88
307 88
306 87
306 88
306 89
305 90
304 91
304 92
304 93
304 94
304 95
304 96
304 97
304 98
303 99
303 100
303 101
303 102
302 103
303 104
302 105
302 106
302 107
302 108
302 109
302 110
301 111
302 112
302 113
302 114
302 115
302 116
302 117
301 118
301 119
302 120
302 121
301 122
301 123
301 124
301 125
301 126
301 127
300 128
301 129
300 130
300 131
300 132
301 133
300 134
299 135
299 136
299 137
299 138
298 139
297 139
296 139
295 139
294 138
293 137
293 136
292 135
292 134
291 133
291 132
290 131
290 130
290 129
289 128
289 127
289 126
288 125
287 124
287 125
287 126
287 127
286 128
286 129
286 130
287 131
286 132
286 133
286 134
286 135
287 136
287 137
287 138
286 139
286 140
286 141
287 142
287 143
286 144
286 145
286 146
287 147
287 148
287 149
287 150
287 151
286 152
286 153
286 154
287 155
287 156
287 157
287 158
287 159
287 160
287 161
286 162
285 162
284 162
283 162
282 161
282 160
281 159
280 158
280 157
280 156
279 155
279 154
279 153
279 152
279 151
278 150
278 149
277 148
277 147
277 146
276 145
276 144
276 143
275 142
274 141
274 140
274 139
274 138
273 137
273 136
272 135
272 134
272 133
271 132
271 131
270 131
269 130
269 129
269 128
269 127
268 126
267 125
267 124
266 123
266 122
266 121
265 120
264 119
263 118
262 118
261 117
262 118
261 119
261 120
260 121
260 122
259 123
258 123
257 122
256 122
255 122
254 121
253 120
252 119
251 118
250 117
250 116
249 115
249 114
248 113
247 112
246 111
245 110
245 109
244 108
243 107
242 106
242 105
241 104
240 103
240 102
239 101
238 100
237 99
237 98
236 97
235 96
235 95
234 94
233 93
233 92
232 91
231 90
230 89
230 88
229 87
229 86
228 87
227 86
227 85
226 84
225 83
225 82
224 81
223 80
223 79
222 79
221 78
221 77
220 76
220 75
219 75
218 75
217 74
217 73
216 73
215 72
215 71
214 70
213 70
212 69
212 68
211 68
210 67
209 66
208 65
207 65
206 65
206 66
205 67
205 68
206 69
205 70
204 71
204 72
203 73
202 73
201 73
200 74
199 73
198 73
197 73
196 73
195 72
194 71
193 71
192 70
191 69
190 69
189 68
188 67
188 66
187 66
186 66
185 65
184 64
183 63
182 62
182 61
181 62
180 61
179 60
178 59
177 59
176 58
176 57
175 57
174 56
173 55
173 54
172 54
171 53
170 52
169 51
168 52
167 51
166 50
166 49
165 49
164 48
163 48
162 47
161 47
160 46
159 45
158 45
157 46
156 47
156 48
155 49
155 50
155 51
154 52
154 53
154 54
153 55
152 56
151 57
150 57
149 56
148 57
147 57
146 57
145 57
144 56
143 55
142 54
141 54
140 53
139 53
138 52
137 51
136 51
135 50
134 49
133 49
132 49
131 48
131 47
130 47
129 46
128 45
127 45
126 44
126 43
125 43
124 42
123 42
122 41
121 41
120 40
119 40
118 39
117 39
116 39
115 38
114 38
113 38
112 39
111 40
111 41
111 42
111 43
111 44
111 45
112 46
112 47
112 48
112 49
113 50
113 51
113 52
113 53
113 54
114 55
114 56
115 57
116 58
116 59
117 60
117 61
117 62
117 63
118 64
119 65
119 66
119 67
120 68
121 69
120 70
121 71
122 72
123 73
123 74
123 75
123 76
124 76
125 77
125 78
125 79
126 80
126 81
126 82
127 83
127 84
127 85
127 86
127 87
126 88
125 88
125 89
124 90
123 89
122 90
121 90
120 90
119 91
118 91
117 91
116 91
115 92
115 93
116 94
116 95
116 96
117 97
118 98
119 99
119 100
119 101
120 102
121 103
122 104
123 105
124 106
124 107
125 107
126 108
126 109
127 109
128 110
129 110
130 111
130 112
131 113
132 114
133 115
134 115
135 116
136 117
137 118
138 119
138 120
139 121
140 121
141 122
142 123
142 124
143 124
144 125
144 126
145 127
145 128
145 129
145 130
144 131
143 132
142 132
141 132
140 132
139 132
138 132
137 132
136 132
135 131
134 132
133 131
132 132
131 132
130 131
129 131
128 131
127 131
126 131
125 131
124 131
123 131
122 131
121 131
121 132
122 132
123 133
123 134
124 135
125 136
126 137
127 138
128 138
129 138
130 139
130 140
131 140
132 141
132 142
133 142
134 143
135 143
136 143
137 144
138 145
139 145
140 145
141 146
141 147
142 148
143 148
144 148
145 149
146 148
147 149
147 150
148 151
149 152
150 152
151 152
152 153
153 154
154 155
155 155
156 156
157 157
158 158
158 159
158 160
158 161
158 162
157 163
156 163
155 164
154 164
153 164
152 164
152 165
153 166
153 167
153 168
153 169
154 170
154 171
155 171
156 172
157 173
158 174
158 175
158 176
158 177
157 178
156 178
155 178
154 178
153 178
152 178
151 178
150 178
149 178
148 178
147 179
146 179
145 179
144 179
143 178
142 178
141 178
140 179
139 179
138 178
137 178
136 178
135 178
134 178
133 178
132 178
131 178
130 178
129 179
128 178
127 178
126 178
125 178
124 178
123 178
122 178
121 178
120 178
119 178
118 179
117 178
116 178
115 178
114 178
113 179
112 179
111 178
110 178
109 178
108 179
107 179
106 179
105 178
104 179
103 179
102 179
101 179
100 179
99 180
98 180
97 180
96 179
95 180
94 180
93 180
92 180
91 180
90 181
89 181
88 181
87 182
86 183
87 183
88 184
89 184
90 185
90 186
91 187
92 188
93 189
93 190
93 191
92 192
91 193
90 194
89 195
88 195
87 195
87 196
86 197
85 197
84 197
83 197
82 197
81 198
80 198
79 199
78 199
77 199
76 200
75 200
74 200
73 200
72 201
71 201
70 201
69 201
68 201
67 202
66 202
65 202
64 202
63 203
62 204
61 204
60 204
59 204
58 205
57 205
56 205
55 206
54 207
53 207
52 207
51 207
50 208
50 209
49 210
49 211
50 212
51 213
52 214
53 214
54 215
55 216
55 217
56 218
56 219
56 220
56 221
56 222
55 223
54 224
53 225
52 225
51 226
50 226
49 227
48 228
47 228
46 228
45 228
44 229
43 229
42 230
41 230
40 230
39 231
38 231
37 232
36 232
35 232
34 233
33 233
32 234
31 234
30 234
29 234
28 235
27 235
26 236
25 236
24 236
23 236
22 236
21 237
20 238
19 238
18 238
17 238
16 238
15 239
14 239
13 239
12 239
11 239
11 240
10 241
9 241
8 242
7 242
6 242
5 242
4 242
3 243
2 243
1 244
1 245
1 246
1 247
1 248
1 249
1 250
2 250
3 251
4 252
5 252
6 252
7 253
7 254
8 255
8 256
9 257
9 258
9 259
10 259
11 259
12 260
13 259
14 260
14 261
15 260
16 261
17 261
18 262
19 263
20 263
21 264
22 265
22 266
22 267
22 268
22 269
22 270
22 271
22 272
21 273
21 274
21 275
21 276
22 277
23 278
24 278
25 279
26 279
27 279
28 279
29 279
30 280
31 279
32 280
33 280
34 280
35 280
36 279
37 279
38 279
39 280
40 280
41 279
42 279
43 279
44 279
45 279
46 278
47 279
48 279
49 279
50 278
51 278
52 278
53 278
54 277
55 277
56 277
57 277
58 277
59 277
60 277
61 277
62 276
63 276
64 276
65 276
66 275
67 276
68 276
69 276
70 275
71 275
72 276
73 275
74 276
75 277
76 278
76 279
76 280
75 281
75 282
74 283
74 284
73 285
72 286
71 287
70 288
70 289
69 290
68 291
67 292
67 293
66 294
66 295
66 296
66 297
67 296
68 297
69 297
70 296
71 296
72 296
73 296
74 295
75 295
76 295
77 294
78 294
79 294
80 293
81 292
82 292
83 292
84 291
85 291
86 291
87 290
88 290
89 290
89 289
90 288
91 288
92 288
93 288
94 287
95 287
96 287
97 286
98 285
99 285
100 285
101 284
102 284
103 284
104 283
105 283
106 283
106 282
107 281
108 281
109 281
110 281
111 280
112 280
113 280
114 280
115 280
116 281
117 282
117 283
117 284
117 285
117 286
117 287
116 288
117 288
118 287
119 287
120 287
121 287
122 287
123 286
124 285
125 285
126 284
127 284
128 283
129 283
130 283
131 282
132 281
133 280
134 280
135 279
136 279
137 279
138 278
139 278
139 277
140 276
141 276
142 276
143 275
144 275
144 274
145 273
146 273
147 273
148 273
149 273
150 272
151 271
152 271
153 270
154 269
155 269
156 269
157 269
158 268
159 268
160 267
161 267
162 266
163 266
164 265
165 266
166 265
167 266
168 267
168 268
167 269
167 270
166 271
165 272
164 273
163 273
162 274
161 275
161 276
160 277
159 276
158 277
158 278
157 279
156 279
155 280
154 280
154 281
153 282
152 282
151 283
151 284
150 285
149 285
148 286
148 287
147 288
146 288
146 289
145 290
144 291
143 292
142 292
142 293
141 294
140 295
140 296
139 297
138 297
137 298
136 299
136 300
135 301
134 302
133 303
133 304
133 305
132 306
131 307
131 308
130 309
131 309
132 309
133 309
134 308
135 309
136 308
137 309
138 310
138 311
138 312
138 313
137 314
138 315
137 316
137 317
136 318
136 319
135 320
135 321
135 322
134 323
134 324
133 325
132 326
131 327
131 328
130 329
130 330
130 331
129 332
129 333
129 334
128 335
127 336
127 337
126 338
126 339
125 340
125 341
125 342
124 343
125 344
124 345
123 345
123 346
122 347
122 348
121 349
121 350
121 351
121 352
121 353
121 354
120 355
120 356
120 357
119 358
119 359
120 360
120 361
120 360
121 359
122 359
123 359
124 359
125 359
126 358
127 359
128 360
129 361
130 362
129 363
130 364
130 365
130 366
129 367
129 368
129 369
128 370
129 371
128 372
128 373
128 374
128 375
127 376
127 377
127 378
127 379
127 380
126 381
126 382
126 383
125 384
124 384
125 385
124 386
124 387
124 388
123 389
123 390
124 391
123 392
122 392
122 393
122 394
121 395
121 396
122 397
121 398
120 399
120 400
120 401
120 402
120 403
119 404
119 405
119 406
119 407
118 408
118 409
117 410
117 411
117 412
117 413
116 414
117 415
117 416
116 417
116 418
116 419
115 420
115 421
115 422
115 423
114 424
114 425
114 426
114 427
114 428
113 429
114 430
114 431
114 432
114 433
114 434
114 435
115 436
116 436
117 435
118 436
119 435
120 435
121 435
122 435
123 435
124 435
125 435
126 435
127 436
128 437
128 438
129 439
129 440
129 441
129 442
130 443
130 444
130 445
130 446
130 447
129 448
129 449
129 450
129 451
130 452
129 453
129 454
129 455
129 456
129 457
128 458
128 459
128 460
128 461
128 462
128 463
128 464
127 465
128 466
128 467
128 468
128 469
127 470
127 471
127 472
127 473
127 474
127 475
126 476
126 477
126 478
126 479
126 480
126 481
127 480
128 480
129 479
130 478
131 478
132 477
133 476
134 476
135 475
136 475
136 474
137 473
137 472
138 471
139 471
140 470
141 470
140 469
141 468
142 468
142 467
143 466
144 466
144 465
144 464
145 463
146 462
147 462
147 461
148 460
148 459
149 458
150 457
151 457
151 456
151 455
152 454
153 454
153 453
154 452
155 451
155 450
156 449
157 448
158 448
159 448
160 448
161 448
162 449
163 449
164 450
164 451
165 452
165 453
166 454
166 455
166 456
166 457
167 458
167 459
167 460
167 461
168 462
168 463
168 464
168 465
169 466
170 467
170 468
170 469
171 470
172 469
173 469
174 468
175 468
175 467
176 466
176 465
177 464
178 463
177 462
178 461
179 461
179 460
179 459
180 458
180 457
181 456
181 455
182 454
182 453
182 452
182 451
183 450
184 449
184 448
184 447
184 446
185 445
185 444
186 443
186 442
187 441
186 440
187 439
188 438
187 437
188 436
188 435
188 434
189 433
189 432
190 431
190 430
191 429
192 428
193 428
194 427
195 427
196 427
197 428
198 428
199 429
199 430
200 431
201 432
202 433
203 433
204 432
205 431
205 430
205 429
205 428
206 427
206 426
206 425
206 424
207 423
207 422
207 421
207 420
208 419
207 418
208 417
208 416
208 415
208 414
208 413
208 412
208 411
207 410
208 409
208 408
208 407
208 406
208 405
209 404
208 403
209 402
209 401
209 400
209 399
209 398
209 397
209 396
209 395
209 394
210 393
209 392
209 391
210 390
211 389
210 388
211 387
212 386
213 386
214 387
215 387
216 387
217 388
217 389
218 390
218 391
218 392
219 393
220 394
220 395
221 396
221 397
222 398
222 399
222 400
223 401
223 402
224 403
225 404
225 405
226 404
226 403
226 402
226 401
226 400
227 399
226 398
226 397
227 396
227 395
226 394
226 393
227 392
227 391
226 390
226 389
226 388
227 387
226 386
226 385
226 384
226 383
226 382
225 381
225 380
226 379
227 379
227 378
227 377
228 376
229 376
230 376
231 377
232 378
233 379
234 380
235 381
235 382
235 383
236 384
237 385
238 386
238 387
238 388
238 389
239 390
240 391
240 392
241 393
241 394
242 395
242 396
242 397
243 398
244 399
245 400
245 401
245 402
246 403
247 404
247 405
247 406
248 407
249 408
249 409
250 409
251 410
251 411
251 412
252 413
253 413
254 414
254 415
255 415
256 414
255 413
256 412
257 411
257 410
256 409
257 408
258 407
259 406
260 406
261 407
262 407
263 408
264 408
265 409
266 410
266 411
267 412
268 412
269 413
269 414
270 415
271 415
272 416
272 417
273 418
273 419
274 419
275 420
275 421
275 422
276 422
277 423
277 424
278 425
279 426
280 427
280 428
281 429
282 430
282 431
283 431
284 432
284 433
284 434
285 434
286 435
286 436
286 437
287 437
288 437
289 438
289 439
290 440
291 441
291 442
292 443
293 444
294 445
295 446
295 447
296 447
297 447
298 448
298 449
299 450
300 451
301 452
301 453
302 453
303 454
304 455
304 456
305 456
306 457
307 457
308 458
309 458
310 457
310 456
311 455
310 454
310 453
311 452
311 451
311 450
312 449
313 448
314 447
315 447
316 447
317 447
318 447
319 447
320 447
321 448
322 449
323 449
324 450
325 451
326 451
327 451
328 452
329 453
329 454
330 454
331 455
332 456
333 456
334 456
335 457
335 458
336 459
337 460
338 461
339 461
340 462
341 463
342 463
343 464
343 465
344 465
345 466
346 467
347 467
348 468
349 469
350 469
351 470
352 470
353 471
354 471
355 470
356 469
357 469
357 468
357 467
357 466
358 465
357 464
357 463
358 462
358 461
358 460
359 459
359 458
360 457
361 457
362 456
363 456
364 456
365 456
366 457
367 457
368 458
369 458
370 459
371 459
372 459
373 460
374 461
374 462
375 462
376 462
377 463
378 462
379 463
380 463
381 463
382 463
383 464
384 464
385 465
386 465
387 465
388 465
389 466
390 466
391 466
392 467
393 466
394 465
394 464
394 463
394 462
394 461
394 460
394 459
393 458
393 457
393 456
393 455
392 454
391 453
391 452
391 451
390 450
390 449
390 448
389 447
388 446
389 445
388 445
387 444
387 443
386 442
386 441
385 440
385 439
384 439
383 438
383 437
383 436
382 435
381 434
380 433
379 432
379 431
379 430
379 429
378 429
377 428
376 427
376 426
376 425
376 424
375 424
374 423
374 422
374 421
374 420
374 419
373 418
373 417
373 416
374 415
374 414
375 413
376 413
377 413
378 412
379 412
380 411
381 411
381 410
381 409
381 408
381 407
380 406
379 405
378 404
378 403
377 402
376 401
375 400
374 399
373 398
372 397
371 397
370 396
369 395
369 394
368 393
367 392
366 391
365 391
364 390
363 389
362 388
361 388
360 387
359 386
358 385
357 384
356 384
355 383
354 382
353 381
352 380
351 379
350 378
349 377
349 376
348 376
347 375
347 374
346 373
346 372
346 371
346 370
347 369
348 369
349 369
350 369
351 369
352 369
353 369
354 369
355 369
356 369
357 369
358 370
359 370
360 370
361 369
362 370
363 370
364 370
365 370
366 370
365 369
365 368
364 368
363 367
362 367
361 366
361 365
360 364
359 363
358 363
357 363
356 362
355 361
355 360
354 360
353 359
352 359
351 359
350 358
349 357
349 356
348 357
347 356
346 355
345 355
344 354
344 353
343 354
342 353
342 352
341 352
340 352
339 351
338 350
337 349
336 349
335 348
334 348
333 347
332 346
331 345
330 345
329 344
328 344
327 343
326 342
326 341
325 341
324 340
324 339
324 338
324 337
325 336
326 335
327 335
328 335
328 334
329 333
330 332
331 332
332 332
333 333
334 333
333 332
332 331
332 330
331 330
330 329
331 328
331 327
332 326
333 326
334 326
335 326
336 326
337 326
338 326
339 326
340 326
341 326
342 326
343 327
344 327
345 326
346 327
347 327
348 327
349 327
350 327
351 327
352 328
353 328
354 328
355 328
356 327
357 328
358 328
359 328
360 329
361 329
362 329
363 329
364 329
365 329
366 329
367 329
368 329
369 329
370 329
371 329
372 329
373 329
374 329
375 330
376 329
377 329
378 329
379 329
380 330
381 330
382 329
383 329
384 330
385 330
386 330
387 329
388 329
389 329
390 329
391 330
392 329
393 329
394 329
395 329
396 329
397 329
398 328
399 329
400 329
401 329
402 328
403 328
404 328
405 328
406 328
407 327
408 326
409 326
408 326
407 325
407 324
406 324
405 323
405 322
405 321
404 320
405 319
405 318
405 317
406 316
407 316
408 315
409 315
410 315
411 314
412 314
413 314
414 314
415 313
416 312
417 312
418 312
419 312
420 311
421 311
422 311
423 311
424 310
425 310
426 310
427 310
428 310
429 309
430 309
431 309
432 309
433 308
434 308
435 308
436 308
437 307
438 307
439 307
440 306
441 305
442 305
443 305
444 305
445 305
446 304
447 304
448 303
449 303
450 302
451 302
452 301
453 301
454 300
454 299
454 298
453 297
452 296
451 296
450 295
450 294
449 293
448 292
449 291
449 290
449 289
450 288
451 287
452 287
453 286
454 285
455 284
456 284
457 284
458 283
459 282
460 282
461 282
462 281
463 280
464 280
465 280
466 280
467 279
468 278
469 278
470 278
471 278
472 277
473 277
474 277
475 277
476 276
477 276
478 275
479 275
480 275
481 275
482 274
483 274
484 273
485 273
486 273
487 273
488 272
489 272
490 271
491 272
492 271
493 271
494 270
495 270
496 270
497 270
498 270
499 269
500 268
501 269
501 268
502 267
503 267
504 267
505 267
506 266
507 266
508 265
509 265
510 265
510 264
510 263
510 262
510 261
510 260
510 259
509 258
508 258
507 257
506 256
506 255
505 254
504 253
504 252
503 251
503 250
502 249
501 249
500 249
499 248
498 248
497 248
496 248
495 247
494 246
493 245
493 244
492 243
492 242
492 241
492 240
492 239
493 238
493 237
493 236
494 235
494 234
495 233
495 232
494 231
494 230
493 230
492 229
491 228
490 228
489 228
488 227
487 228
486 227
485 227
484 227
483 227
482 227
481 227
480 226
479 227
478 227
477 227
476 227
475 226
474 227
473 227
472 227
471 227
470 227
469 228
468 228
467 227
466 227
465 227
464 228
463 228
462 228
461 228
460 228
459 228
458 228
457 228
456 229
455 229
454 229
453 229
452 229
451 229
450 229
449 228
448 229
447 228
446 227
446 226
446 225
446 224
446 223
446 222
447 221
448 220
448 219
449 218
450 217
451 216
451 215
452 214
453 213
454 212
454 211
455 210
456 209
456 208
457 207
458 206
458 205
457 204
456 204
455 205
454 205
453 204
452 204
451 204
450 205
449 205
448 205
447 205
446 206
445 206
444 206
443 207
442 207
441 207
440 208
439 209
438 209
437 209
436 210
435 210
434 210
433 210
432 211
431 211
430 211
429 211
428 212
427 213
426 213
425 214
424 214
423 214
422 215
421 215
420 215
419 215
418 216
417 216
416 216
415 217
414 217
413 216
412 217
411 216
411 215
411 214
411 213
410 212
411 211
412 210
411 209
412 208
412 207
412 206
411 205
410 206
409 206
408 206
407 206
406 207
405 208
404 208
403 208
402 209
401 209
400 210
399 211
398 211
397 212
396 213
395 213
394 213
393 214
392 215
391 215
390 215
390 216
389 217
388 217
387 218
386 218
386 219
385 220
384 220
383 220
382 220
382 221
381 222
380 222
379 222
378 223
377 223
376 224
375 225
374 225
373 225
372 225
371 225
370 226
369 226
368 226
367 225
367 224
367 223
368 222
368 221
369 220
370 219
370 218
371 217
371 216
372 215
373 214
374 213
375 212
375 211
376 210
377 210
378 209
379 208
379 207
380 206
380 205
381 204
382 203
382 202
383 201
384 200
385 199
386 199
386 198
386 197
387 196
387 195
388 194
389 193
389 192
390 191
390 190
391 189
391 188
392 187
393 186
393 185
393 184
392 184
391 184
390 184
389 185
388 185
387 186
386 186
385 186
384 185
383 184
382 183
383 182
382 181
383 180
383 179
383 178
383 177
384 176
384 175
385 174
385 173
386 172
386 171
387 170
387 169
388 168
388 167
388 166
388 165
389 164
390 163
390 162
390 161
390 160
391 159
391 158
392 157
393 156
393 155
393 154
393 153
394 152
394 151
395 150
395 149
395 148
395 147
395 146
396 145
396 144
396 143
396 142
397 141
397 140
396 139
395 139
394 139
393 139
392 140
391 140
390 141
389 141
388 141
387 141
386 141
385 140
384 139
384 138
384 137
384 136
384 135
384 134
384 133
384 132
384 131
385 130
385 129
385 128
385 127
385 126
385 125
386 124
386 123
386 122
387 121
387 120
387 119
387 118
387 117
388 116
389 116
389 115
388 114
389 113
389 112
389 111
390 110
390 109
390 108
390 107
390 106
390 105
391 104
392 104
392 103
392 102
392 101
392 100
392 99
393 98
393 97
393 96
393 95
393 94
393 93
394 92
395 92
395 91
396 90
395 89
395 88
396 87
396 86
396 85
397 84
397 83
397 82
396 81
397 80
397 79
397 78
397 77
397 76
398 75
398 74
398 73
398 72
397 71
396 71
395 70
394 70
393 71
392 71
391 71
390 72
389 72
388 72
387 72
386 73
385 72
384 73
383 72
382 72
381 71
381 70
380 69
380 68
379 67
379 66
379 65
379 64
379 63
379 62
379 61
379 60
379 59
380 58
379 57
379 56
379 55
380 54
380 53
380 52
380 51
380 50
380 49
380 48
381 47
380 46
381 45
380 44
380 43
380 42
381 41
381 40
381 39
381 38
381 37
381 36
381 35
381 34
381 33
381 32
381 31
381 30
381 29
