233 93
233 94
233 95
233 96
233 97
233 98
233 99
233 100
233 101
233 102
233 103
233 104
233 105
233 106
233 107
233 108
234 109
233 110
234 111
234 112
234 113
234 114
234 115
234 116
234 117
235 118
235 119
235 120
236 121
236 122
236 123
237 124
237 125
237 126
237 127
238 128
238 129
239 130
239 131
239 132
240 133
240 134
241 135
241 136
241 137
242 138
242 139
243 140
243 141
243 142
243 143
243 144
243 145
243 146
243 147
244 148
243 149
243 150
243 151
243 152
243 153
243 154
243 155
243 156
242 157
242 158
242 159
242 160
241 161
241 162
241 163
240 164
240 165
240 166
239 167
239 168
239 169
238 170
238 171
237 172
237 173
236 174
236 175
236 176
235 177
235 178
234 179
234 180
233 181
233 182
233 183
233 184
233 185
233 186
233 187
233 188
233 189
233 190
233 191
233 192
233 193
233 194
233 195
233 196
233 197
233 198
233 199
233 200
233 201
233 202
233 203
233 204
233 205
233 206
233 207
233 208
233 209
233 210
233 211
233 212
233 213
233 214
233 215
233 216
233 217
233 218
233 219
233 220
233 221
233 222
233 223
233 224
233 225
233 226
233 227
233 228
233 229
233 230
233 231
233 232
232 233
231 233
230 234
229 235
228 236
227 237
226 238
225 238
224 239
223 240
222 241
221 241
220 242
219 243
218 243
217 244
216 244
215 245
214 245
213 246
212 246
211 247
210 247
209 248
208 248
207 248
206 249
205 249
204 249
203 249
202 250
201 250
200 250
199 250
198 250
197 250
196 250
195 250
194 250
193 250
192 250
191 250
190 250
189 250
188 250
187 249
186 249
185 249
184 248
183 248
182 247
181 247
180 247
179 246
178 246
177 245
176 244
175 244
174 243
173 242
172 242
171 241
170 240
169 239
168 238
167 237
166 236
165 235
164 234
163 233
162 232
161 232
160 232
159 232
158 232
157 232
156 232
155 232
154 232
153 232
152 232
151 232
150 232
149 232
148 232
147 232
146 232
145 232
144 232
143 232
142 232
141 232
140 232
139 232
138 232
137 232
136 232
135 232
134 232
133 232
132 232
131 232
130 232
129 232
128 232
127 232
126 232
125 232
124 232
123 232
122 232
121 232
120 232
119 232
118 232
117 232
116 232
115 232
114 232
113 232
112 232
111 232
110 232
109 232
108 232
107 232
106 232
105 232
104 232
103 232
102 232
101 232
100 232
99 232
98 232
97 232
96 232
96 233
96 234
96 235
96 236
96 237
96 238
96 239
96 240
96 241
96 242
96 243
96 244
96 245
96 246
96 247
96 248
96 249
96 250
96 251
96 252
96 253
96 254
96 255
96 256
96 257
96 258
96 259
96 260
96 261
96 262
96 263
96 264
96 265
96 266
96 267
96 268
96 269
96 270
96 271
96 272
96 273
96 274
96 275
96 276
96 277
96 278
96 279
96 280
96 281
96 282
96 283
96 284
96 285
96 286
96 287
96 288
96 289
96 290
96 291
96 292
96 293
96 294
96 295
96 296
96 297
96 298
96 299
96 300
96 301
96 302
96 303
96 304
96 305
96 306
96 307
96 308
96 309
96 310
96 311
96 312
96 313
96 314
96 315
96 316
96 317
96 318
96 319
96 320
96 321
96 322
96 323
96 324
96 325
97 325
98 325
99 325
100 325
101 325
102 325
103 325
104 325
105 325
106 325
107 325
108 325
109 325
110 325
111 325
112 325
113 325
114 325
115 325
116 325
117 325
118 325
119 325
120 325
121 325
122 325
123 325
124 325
125 325
126 325
127 325
128 325
129 325
130 325
131 325
132 325
133 325
134 325
135 325
136 325
137 325
138 325
139 325
140 325
141 325
142 325
143 325
144 325
145 325
146 325
147 325
148 325
149 325
150 325
151 325
152 325
153 325
154 325
155 325
156 325
157 325
158 325
159 325
160 325
161 325
162 325
163 324
164 323
165 323
166 322
167 321
168 320
169 320
170 319
171 319
172 318
173 317
174 317
175 316
176 316
177 315
178 315
179 314
180 314
181 314
182 313
183 313
184 313
185 312
186 312
187 312
188 311
189 311
190 311
191 311
192 311
193 311
194 311
195 310
196 311
197 311
198 310
199 311
200 311
201 310
202 311
203 311
204 311
205 311
206 311
207 311
208 312
209 312
210 312
211 312
212 313
213 313
214 313
215 314
216 314
217 315
218 315
219 316
220 316
221 317
222 317
223 318
224 318
225 319
226 320
227 320
228 321
229 322
230 323
231 323
232 324
233 325
233 326
233 327
233 328
233 329
233 330
233 331
233 332
233 333
233 334
233 335
233 336
233 337
233 338
233 339
233 340
233 341
233 342
233 343
234 344
234 345
235 346
235 347
236 348
237 349
237 350
237 351
238 352
238 353
239 354
239 355
239 356
240 357
240 358
240 359
240 360
240 361
240 362
240 363
241 364
241 365
240 366
240 367
240 368
240 369
240 370
240 371
240 372
239 373
239 374
239 375
238 376
238 377
237 378
237 379
237 380
236 381
235 382
235 383
234 384
233 385
233 386
232 387
232 388
231 389
230 390
230 391
229 392
229 393
228 394
228 395
227 396
227 397
227 398
226 399
226 400
226 401
225 402
225 403
225 404
225 405
224 406
224 407
224 408
224 409
224 410
224 411
224 412
224 413
224 414
224 415
224 416
224 417
224 418
224 419
224 420
225 421
225 422
225 423
225 424
225 425
226 426
226 427
226 428
227 429
227 430
227 431
228 432
228 433
229 434
229 435
230 436
231 437
231 438
232 439
232 440
233 441
234 442
235 443
236 444
237 445
238 446
239 447
240 448
241 449
241 450
242 451
242 452
242 453
242 454
242 455
242 456
242 457
241 458
240 459
239 460
238 461
237 462
236 462
235 463
234 463
233 464
234 464
235 464
236 464
237 464
238 464
239 464
240 464
241 464
242 464
243 464
244 464
245 464
246 464
247 464
248 464
249 464
250 464
251 464
252 464
253 464
254 464
255 464
256 464
257 464
258 464
259 464
260 464
261 464
262 464
263 464
264 464
265 464
266 464
267 464
268 464
269 464
270 464
271 464
272 464
273 464
274 464
275 464
276 464
277 464
278 464
279 464
280 464
281 464
282 464
283 464
284 464
285 464
286 464
287 464
288 464
289 464
290 464
291 464
292 464
293 464
294 464
295 464
296 464
297 464
298 464
299 464
300 464
301 464
302 464
303 464
304 464
305 464
306 464
307 464
308 464
309 464
310 464
311 464
312 464
313 464
314 464
315 464
316 464
317 464
318 464
319 464
320 464
321 464
322 464
323 464
324 464
323 463
322 463
321 462
320 462
319 461
318 460
317 459
316 458
315 457
314 456
314 455
313 454
313 453
313 452
313 451
313 450
314 449
315 448
316 447
316 446
317 445
318 445
319 444
320 443
321 443
322 442
323 441
324 441
325 440
325 439
326 438
326 437
327 436
327 435
328 434
328 433
329 432
329 431
329 430
330 429
330 428
331 427
331 426
331 425
331 424
332 423
332 422
332 421
332 420
333 419
333 418
333 417
333 416
333 415
333 414
333 413
333 412
333 411
333 410
333 409
333 408
333 407
333 406
333 405
333 404
332 403
332 402
332 401
332 400
331 399
331 398
330 397
330 396
330 395
329 394
329 393
328 392
327 391
327 390
326 389
326 388
325 387
324 386
323 385
323 384
322 383
322 382
322 381
321 380
321 379
321 378
320 377
320 376
320 375
319 374
319 373
319 372
319 371
318 370
318 369
318 368
318 367
318 366
318 365
317 364
317 363
317 362
317 361
317 360
317 359
317 358
317 357
317 356
317 355
317 354
317 353
317 352
317 351
317 350
317 349
317 348
317 347
318 346
318 345
318 344
318 343
318 342
319 341
319 340
319 339
319 338
320 337
320 336
320 335
321 334
321 333
321 332
322 331
322 330
322 329
323 328
323 327
324 326
325 325
326 325
327 325
328 325
329 325
330 325
331 325
332 325
333 325
334 325
335 325
336 325
337 325
338 325
339 325
340 325
341 325
342 325
343 325
344 325
345 325
346 325
347 325
348 325
349 325
350 325
351 325
352 325
353 325
354 325
355 325
356 325
357 325
358 325
359 325
360 325
361 325
362 325
363 325
364 325
365 325
366 325
367 325
368 325
369 325
370 325
371 325
372 325
373 325
374 325
375 325
376 325
377 325
378 325
379 325
380 325
381 325
382 325
383 325
384 325
385 325
386 325
387 325
388 325
389 325
390 325
391 325
392 325
393 325
394 325
395 325
396 325
397 325
398 325
399 325
400 325
401 325
402 325
403 325
404 325
405 325
406 325
407 326
408 327
409 328
410 328
411 329
412 330
413 331
414 332
415 332
416 333
417 334
418 334
419 335
420 335
421 336
422 337
423 337
424 338
425 338
426 338
427 339
428 339
429 339
430 340
431 340
432 340
433 340
434 340
435 340
436 340
437 340
438 340
439 340
440 340
441 339
442 339
443 339
444 338
445 338
446 338
447 337
448 337
449 336
450 335
451 335
452 334
453 333
454 332
455 331
456 330
457 330
457 329
458 328
459 327
460 326
461 325
461 324
461 323
461 322
461 321
461 320
461 319
461 318
461 317
461 316
461 315
461 314
461 313
461 312
461 311
461 310
461 309
461 308
461 307
461 306
461 305
461 304
461 303
461 302
461 301
461 300
461 299
461 298
461 297
461 296
461 295
461 294
461 293
461 292
461 291
461 290
461 289
461 288
461 287
461 286
461 285
461 284
461 283
461 282
461 281
461 280
461 279
461 278
461 277
461 276
461 275
461 274
461 273
461 272
461 271
461 270
461 269
461 268
461 267
461 266
461 265
461 264
461 263
461 262
461 261
461 260
461 259
461 258
461 257
461 256
461 255
461 254
461 253
461 252
461 251
461 250
461 249
461 248
461 247
461 246
461 245
461 244
461 243
461 242
461 241
461 240
461 239
461 238
461 237
461 236
461 235
461 234
461 233
461 232
460 231
459 230
458 229
457 228
456 227
455 227
454 226
453 225
452 225
451 224
450 223
449 223
448 222
447 222
446 221
445 221
444 221
443 220
442 220
441 220
440 219
439 219
438 219
437 219
436 219
435 219
434 219
433 219
432 219
431 219
430 219
429 219
428 219
427 219
426 220
425 220
424 220
423 220
422 221
421 221
420 222
419 222
418 223
417 223
416 224
415 225
414 225
413 226
412 227
411 227
410 228
409 229
408 230
407 231
406 232
405 232
404 232
403 232
402 232
401 232
400 232
399 232
398 232
397 232
396 232
395 232
394 232
393 232
392 232
391 232
390 232
389 232
388 232
387 232
386 232
385 232
384 232
383 232
382 232
381 232
380 232
379 232
378 232
377 232
376 232
375 232
374 232
373 232
372 232
371 232
370 232
369 232
368 232
367 232
366 232
365 232
364 232
363 232
362 232
361 232
360 232
359 232
358 232
357 232
356 232
355 232
354 232
353 232
352 232
351 232
350 232
349 232
348 232
347 232
346 232
345 232
344 232
343 232
342 232
341 232
340 232
339 232
338 232
337 232
336 232
335 232
334 232
333 232
332 232
331 232
330 232
329 232
328 232
327 232
326 232
325 232
324 231
324 230
324 229
324 228
324 227
324 226
324 225
324 224
324 223
324 222
324 221
324 220
324 219
324 218
324 217
324 216
324 215
324 214
324 213
324 212
324 211
324 210
324 209
324 208
324 207
324 206
324 205
324 204
324 203
324 202
324 201
324 200
324 199
324 198
324 197
324 196
324 195
324 194
324 193
324 192
324 191
324 190
324 189
324 188
324 187
324 186
324 185
324 184
324 183
324 182
324 181
324 180
323 179
322 178
322 177
322 176
321 175
321 174
320 173
320 172
320 171
319 170
319 169
319 168
318 167
318 166
318 165
317 164
317 163
317 162
317 161
316 160
316 159
316 158
315 157
315 156
315 155
315 154
315 153
314 152
314 151
314 150
314 149
314 148
314 147
314 146
314 145
313 144
313 143
313 142
313 141
313 140
313 139
313 138
313 137
313 136
313 135
313 134
313 133
313 132
313 131
313 130
313 129
313 128
314 127
314 126
314 125
314 124
314 123
314 122
314 121
315 120
315 119
315 118
315 117
315 116
316 115
316 114
316 113
317 112
317 111
317 110
317 109
318 108
318 107
318 106
319 105
319 104
320 103
320 102
320 101
321 100
321 99
322 98
322 97
323 96
323 95
324 94
324 93
323 93
322 93
321 93
320 93
319 93
318 93
317 93
316 93
315 93
314 93
313 93
312 93
311 93
310 93
309 93
308 93
307 93
306 93
305 93
304 93
303 93
302 93
301 93
300 93
299 93
298 93
297 93
296 93
295 93
294 93
293 93
292 93
291 93
290 93
289 93
288 93
287 93
286 93
285 93
284 93
283 93
282 93
281 93
280 93
279 93
278 93
277 93
276 93
275 93
274 93
273 93
272 93
271 93
270 93
269 93
268 93
267 93
266 93
265 93
264 93
263 93
262 93
261 93
260 93
259 93
258 93
257 93
256 93
255 93
254 93
253 93
252 93
251 93
250 93
249 93
248 93
247 93
246 93
245 93
244 93
243 93
242 93
241 93
240 93
239 93
238 93
237 93
236 93
235 93
234 93
