279 78
279 79
279 80
279 81
279 82
279 83
279 84
279 85
279 86
279 87
279 88
279 89
279 90
279 91
279 92
279 93
279 94
279 95
279 96
279 97
279 98
279 99
279 100
279 101
279 102
279 103
279 104
279 105
279 106
279 107
279 108
279 109
279 110
279 111
279 112
279 113
279 114
279 115
279 116
279 117
279 118
279 119
279 120
279 121
279 122
279 123
279 124
279 125
279 126
279 127
279 128
279 129
279 130
279 131
279 132
279 133
279 134
279 135
279 136
279 137
279 138
279 139
279 140
279 141
279 142
279 143
279 144
279 145
279 146
279 147
279 148
279 149
279 150
279 151
279 152
279 153
279 154
279 155
279 156
279 157
279 158
279 159
279 160
279 161
279 162
279 163
279 164
279 165
279 166
279 167
279 168
279 169
279 170
279 171
279 172
279 173
279 174
279 175
279 176
279 177
279 178
279 179
279 180
279 181
279 182
279 183
279 184
279 185
279 186
279 187
279 188
279 189
279 190
279 191
279 192
279 193
279 194
279 195
279 196
279 197
279 198
279 199
279 200
279 201
279 202
279 203
279 204
279 205
279 206
279 207
279 208
279 209
279 210
279 211
279 212
279 213
279 214
279 215
279 216
279 217
279 218
279 219
279 220
279 221
279 222
279 223
279 224
279 225
279 226
279 227
279 228
279 229
279 230
279 231
278 232
277 232
276 232
275 232
274 232
273 232
272 232
271 232
270 231
270 230
270 229
270 228
270 227
270 226
270 225
270 224
270 223
270 222
270 221
270 220
270 219
270 218
270 217
270 216
270 215
270 214
270 213
270 212
270 211
270 210
270 209
270 208
270 207
270 206
270 205
270 204
270 203
270 202
270 201
270 200
270 199
270 198
270 197
270 196
270 195
270 194
270 193
270 192
270 191
270 190
270 189
270 188
270 187
270 186
270 185
270 184
270 183
270 182
270 181
270 180
270 179
270 178
270 177
270 176
270 175
270 174
270 173
270 172
270 171
270 170
270 169
270 168
270 167
270 166
270 165
270 164
270 163
270 162
270 161
270 160
270 159
270 158
270 157
270 156
270 155
270 154
270 153
270 152
270 151
270 150
270 149
270 148
270 147
270 146
270 145
270 144
270 143
270 142
270 141
270 140
270 139
270 138
270 137
270 136
270 135
270 134
270 133
270 132
270 131
270 130
270 129
270 128
270 127
270 126
270 125
270 124
270 123
270 122
270 121
270 120
270 119
270 118
270 117
270 116
270 115
270 114
270 113
270 112
270 111
270 110
270 109
270 108
270 107
270 106
270 105
270 104
270 103
270 102
270 101
270 100
270 99
270 98
270 97
270 96
270 95
270 94
270 93
270 92
270 91
270 90
270 89
270 88
270 87
270 86
270 85
270 84
270 83
270 82
270 81
270 80
270 79
269 79
268 79
267 79
266 79
265 79
264 79
263 79
262 79
261 79
260 79
259 79
258 79
257 80
256 80
255 80
254 80
253 80
252 80
251 80
250 81
249 80
248 81
247 81
246 81
245 81
244 81
243 81
242 82
241 82
240 82
239 82
238 82
237 83
236 83
235 83
234 83
233 84
232 84
231 84
230 84
229 84
228 85
227 85
226 85
225 86
224 86
223 86
222 86
221 87
220 87
219 87
218 88
217 88
216 88
215 89
214 89
213 89
212 90
211 90
210 91
209 91
208 91
207 92
206 92
205 92
204 93
203 93
202 94
201 94
200 95
199 95
198 96
197 96
196 96
195 97
194 97
193 98
192 98
191 99
190 99
189 100
188 100
187 101
186 101
185 102
184 103
183 103
182 104
181 104
180 105
179 105
178 106
177 107
176 107
175 108
174 108
173 109
172 110
171 110
170 111
169 112
168 112
167 113
166 114
165 114
164 115
163 116
162 117
161 117
160 118
159 119
158 119
157 120
156 121
155 122
154 123
153 124
152 124
151 125
150 126
149 127
148 128
147 129
146 130
145 131
144 132
143 133
142 134
141 134
141 135
140 136
139 136
139 137
138 138
137 138
137 139
136 140
135 141
134 142
133 143
132 144
131 145
130 146
129 147
128 148
128 149
127 150
126 151
125 152
124 153
123 154
123 155
122 156
121 157
120 158
120 159
119 160
118 161
118 162
117 163
116 164
116 165
115 166
114 167
114 168
113 169
112 170
112 171
111 172
110 173
110 174
109 175
109 176
108 177
107 178
107 179
106 180
106 181
105 182
105 183
104 184
104 185
103 186
103 187
102 188
102 189
101 190
101 191
100 192
100 193
99 194
99 195
99 196
98 197
98 198
97 199
97 200
96 201
96 202
95 203
95 204
95 205
94 206
94 207
94 208
93 209
93 210
92 211
92 212
92 213
91 214
91 215
91 216
90 217
90 218
90 219
89 220
89 221
89 222
89 223
88 224
88 225
88 226
87 227
87 228
87 229
87 230
86 231
86 232
86 233
86 234
85 235
85 236
85 237
85 238
84 239
84 240
84 241
84 242
84 243
84 244
84 245
83 246
83 247
83 248
83 249
83 250
83 251
84 251
85 251
86 251
87 251
88 251
89 251
90 251
91 251
92 251
93 251
94 251
95 251
96 251
97 251
98 251
99 251
100 251
101 251
102 251
103 251
104 251
105 251
106 251
107 251
108 251
109 251
110 251
111 251
112 251
113 251
114 251
115 251
116 251
117 251
118 251
119 251
120 251
121 251
122 251
123 251
124 251
125 251
126 251
127 251
128 251
129 251
130 251
131 251
132 251
133 251
134 251
135 251
136 251
137 251
138 251
139 251
140 251
141 251
142 251
143 251
144 251
145 251
146 251
147 251
148 251
149 251
150 251
151 251
152 251
153 251
154 251
155 251
156 251
157 251
158 251
159 251
160 251
161 251
162 251
163 251
164 251
165 251
166 251
167 251
168 251
169 251
170 251
171 251
172 251
173 251
174 251
175 251
176 251
177 251
178 251
179 251
180 251
181 251
182 251
183 251
184 251
185 251
186 251
187 251
188 251
189 251
190 251
191 251
192 251
193 251
194 251
195 251
196 251
197 251
198 251
199 251
200 251
201 251
202 251
203 251
204 251
205 251
206 251
207 251
208 251
209 251
210 251
211 251
212 251
213 251
214 251
215 251
216 251
217 251
218 251
219 251
220 251
221 251
222 251
223 251
224 251
225 251
226 251
227 251
228 251
229 251
230 251
231 251
232 251
233 251
234 251
235 251
236 251
237 251
238 251
239 251
240 251
241 251
242 251
243 251
244 251
245 251
246 251
247 251
248 251
249 251
250 251
251 251
252 251
253 251
254 251
255 251
256 251
257 251
258 251
259 251
260 251
261 251
262 251
263 251
264 251
265 251
266 251
267 251
268 251
269 251
270 251
271 251
272 251
273 251
274 251
275 251
276 251
277 251
278 251
279 251
280 251
281 251
282 251
283 251
284 251
285 251
286 251
287 251
288 251
289 251
290 251
291 251
292 251
293 251
294 251
295 251
296 251
297 251
298 251
299 251
300 251
301 251
302 251
303 251
304 251
305 251
306 251
307 251
308 251
309 251
310 251
311 251
312 251
313 251
314 251
315 251
316 251
317 251
318 251
319 251
320 251
321 251
322 251
323 251
324 251
325 251
326 251
327 251
328 251
329 251
330 251
331 251
332 251
333 251
334 251
335 251
336 251
337 251
338 251
339 251
340 251
341 251
342 251
343 251
344 251
345 251
346 251
347 251
348 251
349 251
350 251
351 251
352 251
353 251
354 251
355 251
356 251
357 251
358 251
359 251
360 251
361 251
362 251
363 251
364 251
365 251
366 251
367 251
368 251
369 251
370 251
371 251
372 251
373 251
374 251
375 251
376 251
377 251
378 251
379 251
380 251
381 251
382 251
383 251
384 251
385 251
386 251
387 251
388 251
389 251
390 251
391 251
392 251
393 251
394 251
395 251
396 251
397 251
398 251
399 251
400 251
401 251
402 251
403 251
404 251
405 251
406 251
407 251
408 251
409 251
410 251
411 251
412 251
413 251
414 251
415 251
416 251
417 251
418 251
419 251
420 251
421 251
422 251
423 251
424 252
424 253
424 254
424 255
424 256
424 257
424 258
424 259
424 260
424 261
423 262
422 262
421 262
420 262
419 262
418 262
417 262
416 262
415 262
414 262
413 262
412 262
411 262
410 262
409 262
408 262
407 262
406 262
405 262
404 262
403 262
402 262
401 262
400 262
399 262
398 262
397 262
396 262
395 262
394 262
393 262
392 262
391 262
390 262
389 262
388 262
387 262
386 262
385 262
384 262
383 262
382 262
381 262
380 262
379 262
378 262
377 262
376 262
375 262
374 262
373 262
372 262
371 262
370 262
369 262
368 262
367 262
366 262
365 262
364 262
363 262
362 262
361 262
360 262
359 262
358 262
357 262
356 262
355 262
354 262
353 262
352 262
351 262
350 262
349 262
348 262
347 262
346 262
345 262
344 262
343 262
342 262
341 262
340 262
339 262
338 262
337 262
336 262
335 262
334 262
333 262
332 262
331 262
330 262
329 262
328 262
327 262
326 262
325 262
324 262
323 262
322 262
321 262
320 262
319 262
318 262
317 262
316 262
315 262
314 262
313 262
312 262
311 262
310 262
309 262
308 262
307 262
306 262
305 262
304 262
303 262
302 262
301 262
300 262
299 262
298 262
297 262
296 262
295 262
294 262
293 262
292 262
291 262
290 262
289 262
288 262
287 262
286 262
285 262
284 262
283 262
282 262
281 262
280 262
279 262
278 262
277 262
276 262
275 262
274 262
273 262
272 262
271 262
270 262
269 262
268 262
267 262
266 262
265 262
264 262
263 262
262 262
261 262
260 262
259 262
258 262
257 262
256 262
255 262
254 262
253 262
252 262
251 262
250 262
249 262
248 262
247 262
246 262
245 262
244 262
243 262
242 262
241 262
240 262
239 262
238 262
237 262
236 262
235 262
234 262
233 262
232 262
231 262
230 262
229 262
228 262
227 262
226 262
225 262
224 262
223 262
222 262
221 262
220 262
219 262
218 262
217 262
216 262
215 262
214 262
213 262
212 262
211 262
210 262
209 262
208 262
207 262
206 262
205 262
204 262
203 262
202 262
201 262
200 262
199 262
198 262
197 262
196 262
195 262
194 262
193 262
192 262
191 262
190 262
189 262
188 262
187 262
186 262
185 262
184 262
183 262
182 262
181 262
180 262
179 262
178 262
177 262
176 262
175 262
174 262
173 262
172 262
171 262
170 262
169 262
168 262
167 262
166 262
165 262
164 262
163 262
162 262
161 262
160 262
159 262
158 262
157 262
156 262
155 262
154 262
153 262
152 262
151 262
150 262
149 262
148 262
147 262
146 262
145 262
144 262
143 262
142 262
141 262
140 262
139 262
138 262
137 262
136 262
135 262
134 262
133 262
132 262
131 262
130 262
129 262
128 262
127 262
126 262
125 262
124 262
123 262
122 262
121 262
120 262
119 262
118 262
117 262
116 262
115 262
114 262
113 262
112 262
111 262
110 262
109 262
108 262
107 262
106 262
105 262
104 262
103 262
102 262
101 262
100 262
99 262
98 262
97 262
96 262
95 262
94 262
93 262
92 262
91 262
90 262
89 262
88 262
87 262
86 262
85 262
84 262
83 262
82 262
81 262
81 263
81 264
81 265
81 266
81 267
81 268
81 269
81 270
81 271
81 272
81 273
81 274
81 275
81 276
81 277
80 278
81 279
81 280
81 281
80 282
81 283
81 284
81 285
81 286
81 287
81 288
81 289
81 290
81 291
81 292
81 293
81 294
81 295
82 296
81 297
82 298
82 299
82 300
82 301
82 302
82 303
82 304
82 305
83 306
82 307
83 308
83 309
83 310
83 311
83 312
84 313
84 314
84 315
84 316
84 317
84 318
84 319
85 320
85 321
85 322
85 323
86 324
86 325
86 326
86 327
87 328
87 329
87 330
87 331
88 332
88 333
88 334
88 335
89 336
89 337
89 338
90 339
90 340
90 341
91 342
91 343
91 344
92 345
92 346
92 347
93 348
93 349
94 350
94 351
94 352
95 353
95 354
95 355
96 356
96 357
97 358
97 359
98 360
98 361
98 362
99 363
99 364
100 365
100 366
101 367
101 368
102 369
102 370
103 371
103 372
104 373
104 374
105 375
105 376
106 377
106 378
107 379
107 380
108 381
109 382
109 383
110 384
110 385
111 386
112 387
112 388
113 389
114 390
114 391
115 392
116 393
116 394
117 395
118 396
118 397
119 398
120 399
120 400
121 401
122 402
122 403
123 404
124 405
125 406
126 407
127 408
127 409
128 410
129 411
130 412
131 413
132 414
133 415
134 416
135 417
136 418
137 419
137 420
138 420
139 421
139 422
140 422
141 423
141 424
142 424
143 425
144 426
145 427
146 428
147 429
148 430
149 431
150 432
151 433
152 434
153 434
154 435
155 436
156 437
157 438
158 439
159 439
160 440
161 441
162 442
163 442
164 443
165 444
166 444
167 445
168 446
169 447
170 447
171 448
172 448
173 449
174 450
175 450
176 451
177 452
178 452
179 453
180 453
181 454
182 454
183 455
184 455
185 456
186 457
187 457
188 458
189 458
190 459
191 459
192 460
193 460
194 461
195 461
196 462
197 462
198 462
199 463
200 464
201 464
202 464
203 465
204 465
205 466
206 466
207 466
208 467
209 467
210 467
211 468
212 468
213 469
214 469
215 469
216 470
217 470
218 470
219 471
220 471
221 471
222 472
223 472
224 472
225 472
226 473
227 473
228 473
229 474
230 474
231 474
232 474
233 474
234 475
235 475
236 475
237 475
238 476
239 476
240 476
241 476
242 476
243 477
244 477
245 477
246 477
247 477
248 477
249 478
250 477
251 478
252 478
253 478
254 478
255 478
256 478
257 479
258 479
259 479
260 479
261 479
262 479
263 479
264 479
265 480
266 479
267 480
268 480
269 479
270 480
271 480
272 480
272 479
272 478
272 477
272 476
272 475
272 474
272 473
272 472
272 471
272 470
272 469
272 468
272 467
272 466
272 465
272 464
272 463
272 462
272 461
272 460
272 459
272 458
272 457
272 456
272 455
272 454
272 453
272 452
272 451
272 450
272 449
272 448
272 447
272 446
272 445
272 444
272 443
272 442
272 441
272 440
272 439
272 438
272 437
272 436
272 435
272 434
272 433
272 432
272 431
272 430
272 429
272 428
272 427
272 426
272 425
272 424
272 423
272 422
272 421
272 420
272 419
272 418
272 417
272 416
272 415
272 414
272 413
272 412
272 411
272 410
272 409
272 408
272 407
272 406
272 405
272 404
272 403
272 402
272 401
272 400
272 399
272 398
272 397
272 396
272 395
272 394
272 393
272 392
272 391
272 390
272 389
272 388
272 387
272 386
272 385
272 384
272 383
272 382
272 381
272 380
272 379
272 378
272 377
272 376
272 375
272 374
272 373
272 372
272 371
272 370
272 369
272 368
272 367
272 366
272 365
272 364
272 363
272 362
272 361
272 360
272 359
272 358
272 357
272 356
272 355
272 354
272 353
272 352
272 351
272 350
272 349
272 348
272 347
272 346
272 345
272 344
272 343
272 342
272 341
272 340
272 339
272 338
272 337
272 336
272 335
272 334
272 333
272 332
272 331
272 330
272 329
272 328
272 327
272 326
273 325
274 325
275 325
276 325
277 325
278 325
279 325
280 325
281 325
282 326
282 327
282 328
282 329
282 330
282 331
282 332
282 333
282 334
282 335
282 336
282 337
282 338
282 339
282 340
282 341
282 342
282 343
282 344
282 345
282 346
282 347
282 348
282 349
282 350
282 351
282 352
282 353
282 354
282 355
282 356
282 357
282 358
282 359
282 360
282 361
282 362
282 363
282 364
282 365
282 366
282 367
282 368
282 369
282 370
282 371
282 372
282 373
282 374
282 375
282 376
282 377
282 378
282 379
282 380
282 381
282 382
282 383
282 384
282 385
282 386
282 387
282 388
282 389
282 390
282 391
282 392
282 393
282 394
282 395
282 396
282 397
282 398
282 399
282 400
282 401
282 402
282 403
282 404
282 405
282 406
282 407
282 408
282 409
282 410
282 411
282 412
282 413
282 414
282 415
282 416
282 417
282 418
282 419
282 420
282 421
282 422
282 423
282 424
282 425
282 426
282 427
282 428
282 429
282 430
282 431
282 432
282 433
282 434
282 435
282 436
282 437
282 438
282 439
282 440
282 441
282 442
282 443
282 444
282 445
282 446
282 447
282 448
282 449
282 450
282 451
282 452
282 453
282 454
282 455
282 456
282 457
282 458
282 459
282 460
282 461
282 462
282 463
282 464
282 465
282 466
282 467
282 468
282 469
282 470
282 471
282 472
282 473
282 474
282 475
282 476
282 477
282 478
282 479
282 480
283 480
284 480
285 480
286 479
287 480
288 480
289 479
290 480
291 479
292 479
293 479
294 479
295 479
296 479
297 479
298 479
299 478
300 478
301 478
302 478
303 478
304 478
305 478
306 478
307 477
308 477
309 477
310 477
311 477
312 477
313 476
314 476
315 476
316 476
317 476
318 476
319 475
320 475
321 475
322 475
323 474
324 474
325 474
326 474
327 473
328 473
329 473
330 473
331 472
332 472
333 472
334 471
335 471
336 471
337 471
338 470
339 470
340 470
341 469
342 469
343 469
344 468
345 468
346 467
347 467
348 467
349 466
350 466
351 465
352 465
353 465
354 464
355 464
356 463
357 463
358 462
359 462
360 461
361 461
362 460
363 460
364 460
365 459
366 459
367 458
368 457
369 457
370 456
371 456
372 455
373 455
374 454
375 454
376 453
377 453
378 452
379 451
380 451
381 450
382 450
383 449
384 448
385 448
386 447
387 446
388 446
389 445
390 444
391 444
392 443
393 442
394 441
395 441
396 440
397 439
398 438
399 438
400 437
401 436
402 435
403 434
404 433
405 432
406 432
407 431
408 430
409 429
410 428
411 427
412 426
413 425
414 424
415 423
416 422
417 421
418 420
419 419
420 418
421 417
422 416
423 415
424 414
425 413
426 412
427 411
427 410
428 409
429 408
430 407
431 406
432 405
432 404
433 403
434 402
435 401
435 400
436 399
437 398
438 397
438 396
439 395
440 394
440 393
441 392
442 391
442 390
443 389
444 388
444 387
445 386
445 385
446 384
447 383
447 382
448 381
448 380
449 379
449 378
450 377
451 376
451 375
452 374
452 373
453 372
453 371
454 370
454 369
455 368
455 367
456 366
456 365
457 364
457 363
457 362
458 361
458 360
459 359
459 358
460 357
460 356
460 355
461 354
461 353
462 352
462 351
462 350
463 349
463 348
463 347
464 346
464 345
464 344
465 343
465 342
465 341
466 340
466 339
466 338
467 337
467 336
467 335
467 334
468 333
468 332
468 331
469 330
469 329
469 328
469 327
470 326
470 325
470 324
470 323
470 322
471 321
471 320
471 319
471 318
472 317
472 316
472 315
472 314
472 313
472 312
472 311
473 310
473 309
473 308
473 307
473 306
473 305
474 304
473 304
472 304
471 304
470 304
469 304
468 304
467 304
466 304
465 304
464 304
463 304
462 304
461 304
460 304
459 304
458 304
457 304
456 304
455 304
454 304
453 304
452 304
451 304
450 304
449 304
448 304
447 304
446 304
445 304
444 304
443 304
442 304
441 304
440 304
439 304
438 304
437 304
436 304
435 304
434 304
433 304
432 304
431 304
430 304
429 304
428 304
427 304
426 304
425 304
424 304
423 304
422 304
421 304
420 304
419 304
418 304
417 304
416 304
415 304
414 304
413 304
412 304
411 304
410 304
409 304
408 304
407 304
406 304
405 304
404 304
403 304
402 304
401 304
400 304
399 304
398 304
397 304
396 304
395 304
394 304
393 304
392 304
391 304
390 304
389 304
388 304
387 304
386 304
385 304
384 304
383 304
382 304
381 304
380 304
379 304
378 304
377 304
376 304
375 304
374 304
373 304
372 304
371 304
370 304
369 304
368 304
367 304
366 304
365 304
364 304
363 304
362 304
361 304
360 304
359 304
358 304
357 304
356 304
355 304
354 304
353 304
352 304
351 304
350 304
349 304
348 304
347 304
346 304
345 304
344 304
343 304
342 304
341 304
340 304
339 304
338 304
337 304
336 304
335 304
334 304
333 304
332 304
331 304
330 304
329 304
328 304
327 304
326 304
325 304
324 304
323 304
322 304
321 304
320 304
319 304
318 304
317 304
316 304
315 304
314 304
313 304
312 304
311 304
310 304
309 304
308 304
307 304
306 304
305 304
304 304
303 304
302 304
301 304
300 304
299 304
298 304
297 304
296 304
295 304
294 304
293 304
292 304
291 304
290 304
289 304
288 304
287 304
286 304
285 304
284 304
283 304
282 304
281 304
280 304
279 304
278 304
277 304
276 304
275 304
274 304
273 304
272 304
271 304
270 304
269 304
268 304
267 304
266 304
265 304
264 304
263 304
262 304
261 304
260 304
259 304
258 304
257 304
256 304
255 304
254 304
253 304
252 304
251 304
250 304
249 304
248 304
247 304
246 304
245 304
244 304
243 304
242 304
241 304
240 304
239 304
238 304
237 304
236 304
235 304
234 304
233 304
232 304
231 304
230 304
229 304
228 304
227 304
226 304
225 304
224 304
223 304
222 304
221 304
220 304
219 304
218 304
217 304
216 304
215 304
214 304
213 304
212 304
211 304
210 304
209 304
208 304
207 304
206 304
205 304
204 304
203 304
202 304
201 304
200 304
199 304
198 304
197 304
196 304
195 304
194 304
193 304
192 304
191 304
190 304
189 304
188 304
187 304
186 304
185 304
184 304
183 304
182 304
181 304
180 304
179 304
178 304
177 304
176 304
175 304
174 304
173 304
172 304
171 304
170 304
169 304
168 304
167 304
166 304
165 304
164 304
163 304
162 304
161 304
160 304
159 304
158 304
157 304
156 304
155 304
154 304
153 304
152 304
151 304
150 304
149 304
148 304
147 304
146 304
145 304
144 304
143 304
142 304
141 303
141 302
141 301
141 300
141 299
141 298
141 297
141 296
141 295
141 294
141 293
142 292
143 292
144 292
145 292
146 292
147 292
148 292
149 292
150 292
151 292
152 292
153 292
154 292
155 292
156 292
157 292
158 292
159 292
160 292
161 292
162 292
163 292
164 292
165 292
166 292
167 292
168 292
169 292
170 292
171 292
172 292
173 292
174 292
175 292
176 292
177 292
178 292
179 292
180 292
181 292
182 292
183 292
184 292
185 292
186 292
187 292
188 292
189 292
190 292
191 292
192 292
193 292
194 292
195 292
196 292
197 292
198 292
199 292
200 292
201 292
202 292
203 292
204 292
205 292
206 292
207 292
208 292
209 292
210 292
211 292
212 292
213 292
214 292
215 292
216 292
217 292
218 292
219 292
220 292
221 292
222 292
223 292
224 292
225 292
226 292
227 292
228 292
229 292
230 292
231 292
232 292
233 292
234 292
235 292
236 292
237 292
238 292
239 292
240 292
241 292
242 292
243 292
244 292
245 292
246 292
247 292
248 292
249 292
250 292
251 292
252 292
253 292
254 292
255 292
256 292
257 292
258 292
259 292
260 292
261 292
262 292
263 292
264 292
265 292
266 292
267 292
268 292
269 292
270 292
271 292
272 292
273 292
274 292
275 292
276 292
277 292
278 292
279 292
280 292
281 292
282 292
283 292
284 292
285 292
286 292
287 292
288 292
289 292
290 292
291 292
292 292
293 292
294 292
295 292
296 292
297 292
298 292
299 292
300 292
301 292
302 292
303 292
304 292
305 292
306 292
307 292
308 292
309 292
310 292
311 292
312 292
313 292
314 292
315 292
316 292
317 292
318 292
319 292
320 292
321 292
322 292
323 292
324 292
325 292
326 292
327 292
328 292
329 292
330 292
331 292
332 292
333 292
334 292
335 292
336 292
337 292
338 292
339 292
340 292
341 292
342 292
343 292
344 292
345 292
346 292
347 292
348 292
349 292
350 292
351 292
352 292
353 292
354 292
355 292
356 292
357 292
358 292
359 292
360 292
361 292
362 292
363 292
364 292
365 292
366 292
367 292
368 292
369 292
370 292
371 292
372 292
373 292
374 292
375 292
376 292
377 292
378 292
379 292
380 292
381 292
382 292
383 292
384 292
385 292
386 292
387 292
388 292
389 292
390 292
391 292
392 292
393 292
394 292
395 292
396 292
397 292
398 292
399 292
400 292
401 292
402 292
403 292
404 292
405 292
406 292
407 292
408 292
409 292
410 292
411 292
412 292
413 292
414 292
415 292
416 292
417 292
418 292
419 292
420 292
421 292
422 292
423 292
424 292
425 292
426 292
427 292
428 292
429 292
430 292
431 292
432 292
433 292
434 292
435 292
436 292
437 292
438 292
439 292
440 292
441 292
442 292
443 292
444 292
445 292
446 292
447 292
448 292
449 292
450 292
451 292
452 292
453 292
454 292
455 292
456 292
457 292
458 292
459 292
460 292
461 292
462 292
463 292
464 292
465 292
466 292
467 292
468 292
469 292
470 292
471 292
472 292
473 292
474 292
475 292
475 291
475 290
475 289
475 288
475 287
475 286
475 285
475 284
475 283
475 282
475 281
475 280
475 279
475 278
475 277
475 276
475 275
475 274
475 273
475 272
475 271
475 270
475 269
475 268
475 267
475 266
475 265
475 264
475 263
474 262
474 261
474 260
474 259
474 258
474 257
474 256
473 255
474 254
473 253
473 252
473 251
473 250
473 249
472 248
473 247
472 246
472 245
472 244
472 243
472 242
472 241
471 240
471 239
471 238
471 237
470 236
470 235
470 234
470 233
470 232
469 231
469 230
469 229
469 228
468 227
468 226
468 225
467 224
467 223
467 222
467 221
466 220
466 219
466 218
465 217
465 216
465 215
464 214
464 213
464 212
463 211
463 210
463 209
462 208
462 207
462 206
461 205
461 204
460 203
460 202
460 201
459 200
459 199
458 198
458 197
457 196
457 195
457 194
456 193
456 192
455 191
455 190
454 189
454 188
453 187
453 186
452 185
452 184
451 183
451 182
450 181
450 180
449 179
448 178
448 177
447 176
447 175
446 174
445 173
445 172
444 171
444 170
443 169
442 168
442 167
441 166
440 165
440 164
439 163
438 162
438 161
437 160
436 159
436 158
435 157
434 156
433 155
432 154
432 153
431 152
430 151
429 150
428 149
427 148
427 147
426 146
425 145
424 144
423 143
422 142
421 141
420 140
419 139
418 138
417 137
416 136
415 135
414 134
413 133
412 132
411 131
410 130
409 129
408 128
407 127
406 126
405 125
404 125
403 124
402 123
401 122
400 121
399 120
398 120
397 119
396 118
395 117
394 117
393 116
392 115
391 115
390 114
389 113
388 112
387 112
386 111
385 110
384 110
383 109
382 109
381 108
380 107
379 107
378 106
377 105
376 105
375 104
374 104
373 103
372 103
371 102
370 102
369 101
368 100
367 100
366 99
365 99
364 98
363 98
362 97
361 97
360 96
359 96
358 96
357 95
356 95
355 94
354 94
353 93
352 93
351 92
350 92
349 92
348 91
347 91
346 91
345 90
344 90
343 89
342 89
341 89
340 88
339 88
338 88
337 87
336 87
335 87
334 87
333 86
332 86
331 86
330 85
329 85
328 85
327 85
326 84
325 84
324 84
323 84
322 83
321 83
320 83
319 83
318 82
317 82
316 82
315 82
314 82
313 81
312 81
311 81
310 81
309 81
308 81
307 81
306 80
305 80
304 80
303 80
302 80
301 80
300 80
299 80
298 80
297 79
296 79
295 79
294 79
293 79
292 79
291 79
290 79
289 79
288 79
287 79
286 79
285 79
284 79
283 78
282 78
281 79
280 78
