254 54
253 55
252 56
251 57
250 58
249 59
248 60
247 61
247 62
246 63
245 64
244 64
244 65
243 66
242 67
241 68
241 69
240 70
239 71
238 72
237 73
236 74
236 75
235 76
234 77
234 78
233 79
232 80
232 81
231 82
230 83
230 84
229 85
228 86
228 87
227 88
226 89
226 90
225 91
225 92
224 93
224 94
223 95
222 96
222 97
222 98
221 99
221 100
220 101
220 102
219 103
219 104
218 105
218 106
217 107
217 108
216 109
216 110
216 111
215 112
215 113
214 114
214 115
214 116
213 117
213 118
213 119
212 120
212 121
212 122
211 123
211 124
211 125
210 126
210 127
210 128
210 129
209 130
209 131
209 132
209 133
208 134
208 135
208 136
208 137
208 138
207 139
206 139
205 139
204 138
203 137
202 136
201 135
200 134
199 133
198 133
197 132
197 131
196 130
195 130
194 129
193 128
193 127
192 127
191 126
190 125
189 124
188 124
187 123
187 122
186 122
185 121
184 120
183 119
182 119
181 118
180 117
179 116
178 115
177 115
176 114
175 113
174 113
173 112
172 112
171 111
170 110
169 110
168 109
167 108
166 108
165 107
164 107
163 106
162 105
161 105
160 104
159 104
158 103
157 103
156 102
155 101
154 101
153 100
152 100
151 99
150 99
149 98
148 98
147 97
146 97
145 96
144 96
143 96
142 95
141 95
140 94
139 94
138 93
137 93
136 92
135 92
134 91
133 91
132 91
131 91
130 90
129 90
128 89
127 89
126 88
125 88
124 88
123 88
122 87
121 87
120 86
119 86
118 86
117 85
116 85
115 85
114 85
113 84
112 84
111 84
110 84
109 83
108 83
107 83
106 82
105 82
104 82
103 82
102 81
101 81
100 81
99 81
98 81
97 80
96 80
95 80
94 79
93 79
92 79
91 79
90 79
89 78
88 78
87 78
86 78
85 78
84 78
83 78
82 77
81 77
80 77
79 77
78 77
77 77
77 78
77 79
77 80
77 81
77 82
78 83
78 84
78 85
78 86
78 87
78 88
78 89
79 90
79 91
79 92
79 93
79 94
80 95
80 96
80 97
81 98
81 99
81 100
81 101
81 102
82 103
82 104
82 105
82 106
83 107
83 108
83 109
84 110
84 111
84 112
84 113
85 114
85 115
85 116
85 117
86 118
86 119
86 120
87 121
87 122
88 123
88 124
88 125
88 126
89 127
89 128
90 129
90 130
91 131
91 132
91 133
91 134
92 135
92 136
93 137
93 138
94 139
94 140
95 141
95 142
96 143
96 144
96 145
97 146
97 147
98 148
98 149
99 150
99 151
100 152
100 153
101 154
101 155
102 156
103 157
103 158
104 159
104 160
105 161
105 162
106 163
107 164
107 165
108 166
108 167
109 168
110 169
110 170
111 171
112 172
112 173
113 174
113 175
114 176
115 177
115 178
116 179
117 180
118 181
119 182
119 183
120 184
121 185
122 186
122 187
123 187
124 188
124 189
125 190
126 191
127 192
127 193
128 193
129 194
130 195
130 196
131 197
132 197
133 198
133 199
134 200
135 201
136 202
137 203
138 204
139 205
139 206
139 207
138 208
137 208
136 208
135 208
134 208
133 209
132 209
131 209
130 209
129 210
128 210
127 210
126 210
125 211
124 211
123 211
122 212
121 212
120 212
119 213
118 213
117 213
116 214
115 214
114 214
113 215
112 215
111 216
110 216
109 216
108 217
107 217
106 218
105 218
104 219
103 219
102 220
101 220
100 221
99 221
98 222
97 222
96 222
95 223
94 224
93 224
92 225
91 225
90 226
89 226
88 227
87 228
86 228
85 229
84 230
83 230
82 231
81 232
80 232
79 233
78 234
77 234
76 235
75 236
74 236
73 237
72 238
71 239
70 240
69 241
68 241
67 242
66 243
65 244
64 244
64 245
63 246
62 247
61 247
60 248
59 249
58 250
57 251
56 252
55 253
54 254
54 255
55 256
56 257
57 258
58 259
59 260
60 261
61 262
62 262
63 263
64 264
64 265
65 265
66 266
67 267
68 268
69 268
70 269
71 270
72 271
73 272
74 273
75 273
76 274
77 275
78 275
79 276
80 277
81 277
82 278
83 279
84 279
85 280
86 281
87 281
88 282
89 283
90 283
91 284
92 284
93 285
94 285
95 286
96 287
97 287
98 287
99 288
100 288
101 289
102 289
103 290
104 290
105 291
106 291
107 292
108 292
109 293
110 293
111 293
112 294
113 294
114 295
115 295
116 295
117 296
118 296
119 296
120 297
121 297
122 297
123 298
124 298
125 298
126 299
127 299
128 299
129 299
130 300
131 300
132 300
133 300
134 301
135 301
136 301
137 301
138 301
139 302
139 303
139 304
138 305
137 306
136 307
135 308
134 309
133 310
133 311
132 312
131 312
130 313
130 314
129 315
128 316
127 316
127 317
126 318
125 319
124 320
124 321
123 322
122 322
122 323
121 324
120 325
119 326
119 327
118 328
117 329
116 330
115 331
115 332
114 333
113 334
113 335
112 336
112 337
111 338
110 339
110 340
109 341
108 342
108 343
107 344
107 345
106 346
105 347
105 348
104 349
104 350
103 351
103 352
102 353
101 354
101 355
100 356
100 357
99 358
99 359
98 360
98 361
97 362
97 363
96 364
96 365
96 366
95 367
95 368
94 369
94 370
93 371
93 372
92 373
92 374
91 375
91 376
91 377
91 378
90 379
90 380
89 381
89 382
88 383
88 384
88 385
88 386
87 387
87 388
86 389
86 390
86 391
85 392
85 393
85 394
85 395
84 396
84 397
84 398
84 399
83 400
83 401
83 402
82 403
82 404
82 405
82 406
81 407
81 408
81 409
81 410
81 411
80 412
80 413
80 414
79 415
79 416
79 417
79 418
79 419
78 420
78 421
78 422
78 423
78 424
78 425
78 426
77 427
77 428
77 429
77 430
77 431
77 432
78 432
79 432
80 432
81 432
82 432
83 431
84 431
85 431
86 431
87 431
88 431
89 431
90 430
91 430
92 430
93 430
94 430
95 429
96 429
97 429
98 428
99 428
100 428
101 428
102 428
103 427
104 427
105 427
106 427
107 426
108 426
109 426
110 425
111 425
112 425
113 425
114 424
115 424
116 424
117 424
118 423
119 423
120 423
121 422
122 422
123 421
124 421
125 421
126 421
127 420
128 420
129 419
130 419
131 418
132 418
133 418
134 418
135 417
136 417
137 416
138 416
139 415
140 415
141 414
142 414
143 413
144 413
145 413
146 412
147 412
148 411
149 411
150 410
151 410
152 409
153 409
154 408
155 408
156 407
157 406
158 406
159 405
160 405
161 404
162 404
163 403
164 402
165 402
166 401
167 401
168 400
169 399
170 399
171 398
172 397
173 397
174 396
175 396
176 395
177 394
178 394
179 393
180 392
181 391
182 390
183 390
184 389
185 388
186 387
187 387
187 386
188 385
189 385
190 384
191 383
192 382
193 382
193 381
194 380
195 379
196 379
197 378
197 377
198 376
199 376
200 375
201 374
202 373
203 372
204 371
205 370
206 370
207 370
208 371
208 372
208 373
208 374
208 375
209 376
209 377
209 378
209 379
210 380
210 381
210 382
210 383
211 384
211 385
211 386
212 387
212 388
212 389
213 390
213 391
213 392
214 393
214 394
214 395
215 396
215 397
216 398
216 399
216 400
217 401
217 402
218 403
218 404
219 405
219 406
220 407
220 408
221 409
221 410
222 411
222 412
222 413
223 414
224 415
224 416
225 417
225 418
226 419
226 420
227 421
228 422
228 423
229 424
230 425
230 426
231 427
232 428
232 429
233 430
234 431
234 432
235 433
236 434
236 435
237 436
238 437
239 438
240 439
241 440
241 441
242 442
243 443
244 444
244 445
245 445
246 446
247 447
247 448
248 449
249 450
250 451
251 452
252 453
253 454
254 455
255 455
256 454
257 453
258 452
259 451
260 450
261 449
262 448
262 447
263 446
264 445
265 445
265 444
266 443
267 442
268 441
268 440
269 439
270 438
271 437
272 436
273 435
273 434
274 433
275 432
275 431
276 430
277 429
277 428
278 427
279 426
279 425
280 424
281 423
281 422
282 421
283 420
283 419
284 418
284 417
285 416
285 415
286 414
287 413
287 412
287 411
288 410
288 409
289 408
289 407
290 406
290 405
291 404
291 403
292 402
292 401
293 400
293 399
293 398
294 397
294 396
295 395
295 394
295 393
296 392
296 391
296 390
297 389
297 388
297 387
298 386
298 385
298 384
299 383
299 382
299 381
299 380
300 379
300 378
300 377
300 376
301 375
301 374
301 373
301 372
301 371
302 370
303 370
304 370
305 371
306 372
307 373
308 374
309 375
310 376
311 376
312 377
312 378
313 379
314 379
315 380
316 381
316 382
317 382
318 383
319 384
320 385
321 385
322 386
322 387
323 387
324 388
325 389
326 390
327 390
328 391
329 392
330 393
331 394
332 394
333 395
334 396
335 396
336 397
337 397
338 398
339 399
340 399
341 400
342 401
343 401
344 402
345 402
346 403
347 404
348 404
349 405
350 405
351 406
352 406
353 407
354 408
355 408
356 409
357 409
358 410
359 410
360 411
361 411
362 412
363 412
364 413
365 413
366 413
367 414
368 414
369 415
370 415
371 416
372 416
373 417
374 417
375 418
376 418
377 418
378 418
379 419
380 419
381 420
382 420
383 421
384 421
385 421
386 421
387 422
388 422
389 423
390 423
391 423
392 424
393 424
394 424
395 424
396 425
397 425
398 425
399 425
400 426
401 426
402 426
403 427
404 427
405 427
406 427
407 428
408 428
409 428
410 428
411 428
412 429
413 429
414 429
415 430
416 430
417 430
418 430
419 430
420 431
421 431
422 431
423 431
424 431
425 431
426 431
427 432
428 432
429 432
430 432
431 432
432 432
432 431
432 430
432 429
432 428
432 427
431 426
431 425
431 424
431 423
431 422
431 421
431 420
430 419
430 418
430 417
430 416
430 415
429 414
429 413
429 412
428 411
428 410
428 409
428 408
428 407
427 406
427 405
427 404
427 403
426 402
426 401
426 400
425 399
425 398
425 397
425 396
424 395
424 394
424 393
424 392
423 391
423 390
423 389
422 388
422 387
421 386
421 385
421 384
421 383
420 382
420 381
419 380
419 379
418 378
418 377
418 376
418 375
417 374
417 373
416 372
416 371
415 370
415 369
414 368
414 367
413 366
413 365
413 364
412 363
412 362
411 361
411 360
410 359
410 358
409 357
409 356
408 355
408 354
407 353
406 352
406 351
405 350
405 349
404 348
404 347
403 346
402 345
402 344
401 343
401 342
400 341
399 340
399 339
398 338
397 337
397 336
396 335
396 334
395 333
394 332
394 331
393 330
392 329
391 328
390 327
390 326
389 325
388 324
387 323
387 322
386 322
385 321
385 320
384 319
383 318
382 317
382 316
381 316
380 315
379 314
379 313
378 312
377 312
376 311
376 310
375 309
374 308
373 307
372 306
371 305
370 304
370 303
370 302
371 301
372 301
373 301
374 301
375 301
376 300
377 300
378 300
379 300
380 299
381 299
382 299
383 299
384 298
385 298
386 298
387 297
388 297
389 297
390 296
391 296
392 296
393 295
394 295
395 295
396 294
397 294
398 293
399 293
400 293
401 292
402 292
403 291
404 291
405 290
406 290
407 289
408 289
409 288
410 288
411 287
412 287
413 287
414 286
415 285
416 285
417 284
418 284
419 283
420 283
421 282
422 281
423 281
424 280
425 279
426 279
427 278
428 277
429 277
430 276
431 275
432 275
433 274
434 273
435 273
436 272
437 271
438 270
439 269
440 268
441 268
442 267
443 266
444 265
445 265
445 264
446 263
447 262
448 262
449 261
450 260
451 259
452 258
453 257
454 256
455 255
455 254
454 253
453 252
452 251
451 250
450 249
449 248
448 247
447 247
446 246
445 245
445 244
444 244
443 243
442 242
441 241
440 241
439 240
438 239
437 238
436 237
435 236
434 236
433 235
432 234
431 234
430 233
429 232
428 232
427 231
426 230
425 230
424 229
423 228
422 228
421 227
420 226
419 226
418 225
417 225
416 224
415 224
414 223
413 222
412 222
411 222
410 221
409 221
408 220
407 220
406 219
405 219
404 218
403 218
402 217
401 217
400 216
399 216
398 216
397 215
396 215
395 214
394 214
393 214
392 213
391 213
390 213
389 212
388 212
387 212
386 211
385 211
384 211
383 210
382 210
381 210
380 210
379 209
378 209
377 209
376 209
375 208
374 208
373 208
372 208
371 208
370 207
370 206
370 205
371 204
372 203
373 202
374 201
375 200
376 199
376 198
377 197
378 197
379 196
379 195
380 194
381 193
382 193
382 192
383 191
384 190
385 189
385 188
386 187
387 187
387 186
388 185
389 184
390 183
390 182
391 181
392 180
393 179
394 178
394 177
395 176
396 175
396 174
397 173
397 172
398 171
399 170
399 169
400 168
401 167
401 166
402 165
402 164
403 163
404 162
404 161
405 160
405 159
406 158
406 157
407 156
408 155
408 154
409 153
409 152
410 151
410 150
411 149
411 148
412 147
412 146
413 145
413 144
413 143
414 142
414 141
415 140
415 139
416 138
416 137
417 136
417 135
418 134
418 133
418 132
418 131
419 130
419 129
420 128
420 127
421 126
421 125
421 124
421 123
422 122
422 121
423 120
423 119
423 118
424 117
424 116
424 115
424 114
425 113
425 112
425 111
425 110
426 109
426 108
426 107
427 106
427 105
427 104
427 103
428 102
428 101
428 100
428 99
428 98
429 97
429 96
429 95
430 94
430 93
430 92
430 91
430 90
431 89
431 88
431 87
431 86
431 85
431 84
431 83
432 82
432 81
432 80
432 79
432 78
432 77
431 77
430 77
429 77
428 77
427 77
426 78
425 78
424 78
423 78
422 78
421 78
420 78
419 79
418 79
417 79
416 79
415 79
414 80
413 80
412 80
411 81
410 81
409 81
408 81
407 81
406 82
405 82
404 82
403 82
402 83
401 83
400 83
399 84
398 84
397 84
396 84
395 85
394 85
393 85
392 85
391 86
390 86
389 86
388 87
387 87
386 88
385 88
384 88
383 88
382 89
381 89
380 90
379 90
378 91
377 91
376 91
375 91
374 92
373 92
372 93
371 93
370 94
369 94
368 95
367 95
366 96
365 96
364 96
363 97
362 97
361 98
360 98
359 99
358 99
357 100
356 100
355 101
354 101
353 102
352 103
351 103
350 104
349 104
348 105
347 105
346 106
345 107
344 107
343 108
342 108
341 109
340 110
339 110
338 111
337 112
336 112
335 113
334 113
333 114
332 115
331 115
330 116
329 117
328 118
327 119
326 119
325 120
324 121
323 122
322 122
322 123
321 124
320 124
319 125
318 126
317 127
316 127
316 128
315 129
314 130
313 130
312 131
312 132
311 133
310 133
309 134
308 135
307 136
306 137
305 138
304 139
303 139
302 139
301 138
301 137
301 136
301 135
301 134
300 133
300 132
300 131
300 130
299 129
299 128
299 127
299 126
298 125
298 124
298 123
297 122
297 121
297 120
296 119
296 118
296 117
295 116
295 115
295 114
294 113
294 112
293 111
293 110
293 109
292 108
292 107
291 106
291 105
290 104
290 103
289 102
289 101
288 100
288 99
287 98
287 97
287 96
286 95
285 94
285 93
284 92
284 91
283 90
283 89
282 88
281 87
281 86
280 85
279 84
279 83
278 82
277 81
277 80
276 79
275 78
275 77
274 76
273 75
273 74
272 73
271 72
270 71
269 70
268 69
268 68
267 67
266 66
265 65
265 64
264 64
263 63
262 62
262 61
261 60
260 59
259 58
258 57
257 56
256 55
255 54
