259 43
258 44
257 44
256 45
255 46
254 47
253 47
253 48
252 49
251 50
250 50
249 51
248 52
247 53
246 54
245 55
244 56
243 57
242 58
241 59
240 60
240 61
239 62
238 62
238 63
237 64
236 65
235 66
235 67
234 68
233 68
233 69
232 70
231 71
231 72
230 73
229 74
229 75
228 76
227 77
227 78
227 79
226 80
225 80
225 81
224 82
224 83
223 84
223 85
222 86
221 87
222 88
221 89
220 89
220 90
220 91
220 92
219 93
218 94
218 95
217 96
218 97
217 98
216 99
217 100
216 101
215 102
215 103
216 104
215 105
214 105
213 104
212 104
211 104
210 103
209 103
208 103
207 102
206 102
205 102
204 102
203 101
202 101
201 101
200 101
199 100
198 100
197 100
196 99
195 100
194 99
193 99
192 99
191 98
190 99
189 98
188 98
187 98
186 98
185 98
184 97
183 97
182 97
181 96
180 97
179 97
178 96
177 96
176 96
175 96
174 96
173 96
172 96
171 95
170 96
169 96
168 95
167 95
166 96
165 95
164 95
163 95
162 96
161 95
160 95
159 96
158 95
157 96
156 95
155 95
154 96
153 96
152 95
151 95
150 95
149 96
148 96
147 96
146 95
145 95
144 96
143 96
142 96
141 96
140 96
139 96
138 96
137 97
136 97
135 97
134 97
133 97
132 97
131 97
130 97
129 97
128 97
127 98
126 98
125 98
124 98
123 98
122 98
121 98
120 99
119 99
118 99
117 99
116 99
115 100
114 100
113 100
112 100
111 100
110 100
109 101
108 101
108 102
108 103
108 104
108 105
108 106
107 107
107 108
107 109
107 110
107 111
107 112
108 113
108 114
108 115
107 116
107 117
107 118
107 119
107 120
107 121
107 122
107 123
108 124
107 125
107 126
107 127
108 128
107 129
107 130
108 131
108 132
108 133
107 134
108 135
108 136
108 137
108 138
109 139
109 140
109 141
109 142
109 143
109 144
109 145
109 146
110 147
110 148
110 149
111 150
110 151
111 152
111 153
112 154
111 155
112 156
112 157
113 158
113 159
114 160
114 161
114 162
115 163
115 164
116 165
116 166
117 167
116 168
117 169
118 170
118 171
118 172
119 173
120 174
120 175
120 176
121 177
120 178
119 178
118 178
117 178
116 179
115 179
114 180
113 180
112 181
111 181
110 182
109 183
108 183
107 184
106 184
105 185
104 186
103 186
102 187
101 187
100 188
99 189
98 189
98 190
97 191
96 191
95 191
94 192
93 193
92 194
91 194
90 195
89 196
88 197
87 197
87 198
86 199
85 199
85 200
84 201
83 201
82 202
81 203
80 204
79 204
79 205
78 206
77 207
76 207
75 208
74 209
73 210
72 211
71 212
70 213
69 214
69 215
68 216
67 216
67 217
66 218
65 219
64 220
63 221
62 222
61 223
60 224
59 225
59 226
58 227
57 228
57 229
56 230
55 231
54 232
53 233
53 234
52 235
51 235
51 236
51 237
50 238
49 239
48 240
48 241
47 242
46 243
46 244
45 245
44 246
44 247
43 248
43 249
43 250
44 251
44 252
45 252
46 253
46 254
47 255
48 256
49 257
50 258
51 259
51 260
52 260
53 261
53 262
54 262
55 263
56 264
56 265
57 266
58 267
59 267
60 268
60 269
61 269
62 270
63 270
64 271
64 272
65 272
66 273
66 274
67 274
68 275
68 276
69 276
70 276
71 277
72 278
73 279
74 279
75 279
76 280
77 281
78 282
79 282
80 283
81 284
82 284
83 285
84 285
85 286
86 286
87 287
88 287
89 288
90 288
91 289
92 289
93 289
94 290
95 291
96 291
97 290
98 291
98 292
99 291
100 292
101 293
102 293
103 292
104 293
104 294
105 295
104 296
104 297
103 298
103 299
103 300
102 301
102 302
101 303
101 304
101 305
101 306
101 307
100 308
100 309
100 310
100 311
99 312
99 313
99 314
99 315
98 316
98 317
98 318
98 319
97 320
98 321
97 322
97 323
97 324
96 325
97 326
96 327
96 328
96 329
96 330
96 331
96 332
95 333
95 334
95 335
95 336
95 337
95 338
95 339
95 340
95 341
95 342
95 343
94 344
95 345
95 346
95 347
94 348
95 349
95 350
95 351
95 352
94 353
95 354
95 355
95 356
94 357
95 358
95 359
95 360
95 361
95 362
95 363
95 364
95 365
95 366
95 367
95 368
95 369
95 370
96 371
96 372
96 373
96 374
96 375
96 376
96 377
96 378
97 379
97 380
97 381
97 382
97 383
97 384
98 385
97 386
97 387
98 388
98 389
98 390
98 391
99 392
99 393
99 394
99 395
99 396
100 397
100 398
100 399
100 400
100 401
101 401
102 401
103 401
104 401
105 402
106 401
107 402
108 402
109 402
110 402
111 402
112 402
113 401
114 402
115 402
116 402
117 402
118 402
119 402
120 402
121 402
122 401
123 402
124 402
125 402
126 402
127 401
128 402
129 402
130 401
131 401
132 401
133 401
134 401
135 401
136 401
137 401
138 400
139 401
140 400
141 400
142 400
143 400
144 399
145 400
146 399
147 399
148 399
149 398
150 399
151 398
152 398
153 397
154 398
155 397
156 396
157 396
158 395
159 396
160 395
161 394
162 394
163 394
164 393
165 393
166 393
167 392
168 392
169 391
170 392
170 391
171 390
172 390
173 389
174 388
175 388
176 389
177 390
177 391
177 392
178 393
179 394
179 395
180 396
180 397
181 398
181 399
182 400
182 401
183 402
184 403
184 404
185 405
186 406
186 407
187 408
188 409
188 410
188 411
189 411
190 412
190 413
191 414
191 415
192 416
193 417
193 418
194 418
195 419
195 420
196 421
197 422
198 423
198 424
199 424
200 425
200 426
201 427
202 428
203 429
203 430
204 431
205 432
206 433
207 434
208 435
209 436
210 437
211 438
212 439
213 440
214 441
215 442
216 443
217 443
218 444
218 445
219 445
220 446
221 447
222 448
223 449
224 450
225 451
226 451
227 452
228 453
229 453
230 454
231 455
232 456
233 456
234 457
234 458
235 458
236 459
237 459
238 460
239 461
240 462
241 462
242 463
243 464
244 464
245 465
246 465
247 466
248 467
249 467
250 466
251 465
252 465
253 464
254 463
255 462
256 462
257 461
257 460
258 459
259 459
260 458
261 457
262 456
262 455
263 454
264 454
265 453
266 452
267 451
268 450
268 449
269 448
270 448
270 447
271 446
272 445
273 444
274 443
275 442
275 441
276 440
277 439
277 438
278 437
279 436
279 435
280 434
281 433
281 432
281 431
282 430
283 430
283 429
284 428
285 427
284 426
285 425
286 424
287 423
286 422
287 421
288 420
288 419
288 418
289 417
290 417
289 416
290 415
291 414
290 413
291 412
292 411
291 410
292 409
293 408
292 407
293 406
294 405
295 406
296 405
297 406
298 407
299 407
300 407
301 407
302 408
303 408
304 408
305 409
306 409
307 409
308 409
309 410
310 410
311 410
312 410
313 411
314 411
315 411
316 411
317 411
318 412
319 412
320 412
321 412
322 413
323 413
324 413
325 413
326 413
327 414
328 413
329 414
330 414
331 414
332 414
333 414
334 414
335 414
336 414
337 415
338 415
339 414
340 415
341 415
342 415
343 415
344 415
345 415
346 415
347 415
348 415
349 415
350 415
351 415
352 415
353 415
354 415
355 415
356 415
357 415
358 415
359 415
360 415
361 414
362 415
363 415
364 415
365 414
366 414
367 414
368 415
369 415
370 414
371 414
372 414
373 414
374 414
375 414
376 414
377 413
378 414
379 413
380 413
381 413
382 412
383 412
384 412
385 412
386 412
387 412
388 412
389 412
390 412
391 411
392 411
393 411
394 411
395 410
396 410
397 410
398 410
399 410
400 409
401 409
401 408
401 407
402 406
402 405
401 404
402 403
402 402
402 401
402 400
402 399
402 398
402 397
402 396
402 395
402 394
402 393
402 392
402 391
403 390
402 389
402 388
402 387
402 386
402 385
403 384
402 384
401 383
402 382
402 381
402 380
402 379
401 378
402 377
402 376
401 375
401 374
401 373
401 372
401 371
401 370
401 369
400 368
401 367
400 366
400 365
400 364
399 363
400 362
399 361
399 360
399 359
399 358
398 357
398 356
398 355
397 354
397 353
397 352
396 351
396 350
395 349
395 348
395 347
394 346
394 345
394 344
393 343
393 342
393 341
392 340
392 339
391 338
391 337
390 336
389 335
389 334
389 333
390 332
391 332
392 331
393 331
394 331
395 330
396 329
397 329
398 329
399 328
400 327
401 327
402 326
403 326
404 325
405 325
406 324
407 323
408 323
409 322
410 321
411 321
412 320
413 319
414 319
415 318
416 317
417 316
418 316
419 315
420 314
421 314
421 313
422 312
423 312
424 311
425 310
426 309
427 308
428 307
429 306
430 306
431 305
432 304
433 303
434 302
435 301
436 300
437 299
438 298
439 297
440 296
441 295
442 294
443 293
443 292
444 291
445 290
446 290
446 289
447 288
448 287
449 286
450 285
451 284
451 283
452 282
453 281
453 280
454 279
455 278
456 277
456 276
457 275
458 275
458 274
459 273
459 272
460 271
461 270
462 269
462 268
463 267
464 266
464 265
465 264
465 263
466 262
467 261
467 260
467 259
466 258
465 257
464 256
463 255
463 254
462 253
461 252
460 251
459 250
458 249
457 248
457 247
456 247
455 246
454 245
453 244
453 243
452 242
451 242
450 241
449 240
448 239
447 238
446 237
445 237
444 236
444 235
443 235
442 234
441 233
440 232
439 232
438 231
437 230
436 229
435 229
434 229
433 228
432 227
431 227
430 226
429 225
428 225
427 224
427 223
426 224
425 223
424 223
423 222
422 221
421 221
420 221
419 220
418 220
417 219
416 219
415 219
414 218
414 217
413 218
412 217
411 217
410 217
409 216
409 215
408 216
407 215
406 216
405 215
405 214
405 213
405 212
406 211
406 210
407 209
407 208
407 207
408 206
408 205
408 204
408 203
409 202
409 201
409 200
409 199
410 198
410 197
410 196
411 195
410 194
411 193
411 192
411 191
411 190
412 189
412 188
412 187
412 186
413 185
412 184
413 183
413 182
413 181
413 180
413 179
413 178
413 177
414 176
414 175
414 174
414 173
414 172
414 171
414 170
414 169
414 168
414 167
414 166
415 165
415 164
415 163
414 162
414 161
415 160
415 159
415 158
414 157
414 156
415 155
415 154
414 153
415 152
414 151
414 150
414 149
414 148
414 147
414 146
414 145
414 144
414 143
414 142
414 141
414 140
414 139
414 138
413 137
413 136
413 135
413 134
413 133
413 132
413 131
413 130
412 129
412 128
412 127
412 126
412 125
411 124
412 123
411 122
412 121
411 120
411 119
411 118
411 117
410 116
410 115
410 114
410 113
409 112
409 111
409 110
409 109
409 108
408 108
407 108
406 108
405 107
404 107
403 107
402 107
401 107
400 107
399 107
398 106
397 107
396 107
395 107
394 107
393 107
392 107
391 107
390 106
389 106
388 106
387 107
386 107
385 107
384 107
383 106
382 107
381 107
380 107
379 107
378 107
377 107
376 107
375 107
374 108
373 107
372 108
371 108
370 108
369 108
368 108
367 108
366 108
365 109
364 109
363 108
362 109
361 110
360 109
359 110
358 110
357 110
356 111
355 111
354 111
353 111
352 112
351 112
350 113
349 113
348 113
347 114
346 114
345 114
345 115
344 116
343 115
342 115
341 116
340 116
339 117
338 117
337 118
336 118
335 119
334 120
333 120
332 120
331 119
331 118
331 117
330 116
330 115
329 114
329 113
328 112
328 111
327 110
326 109
326 108
325 107
325 106
324 105
324 104
323 103
322 102
322 101
321 100
320 99
320 98
319 97
318 96
318 95
317 94
316 93
315 92
315 91
314 90
313 89
312 88
311 87
310 86
310 85
309 84
308 83
307 82
306 81
305 80
305 79
304 78
303 78
302 77
302 76
301 75
300 74
299 73
298 72
297 71
296 70
295 69
294 69
293 68
293 67
292 67
291 66
290 65
289 64
288 63
287 62
286 61
285 61
284 60
284 59
283 59
282 58
281 58
280 57
279 56
278 55
277 54
276 53
275 53
274 52
273 51
272 51
271 50
270 49
269 48
268 48
267 47
266 47
265 46
264 45
263 45
262 44
261 43
260 43
