255 78
254 79
254 80
253 81
252 82
252 83
252 84
251 85
250 86
250 87
249 88
248 89
248 90
248 91
247 92
247 93
246 94
245 94
245 95
245 96
245 97
244 98
243 99
243 100
243 101
242 102
241 103
241 104
240 105
239 106
239 107
238 108
238 109
237 110
237 111
237 112
236 113
236 114
235 115
234 116
234 117
233 118
233 119
233 120
232 121
231 121
231 122
231 123
230 124
230 125
230 126
229 127
228 128
228 129
228 130
227 131
227 132
227 133
226 134
226 135
225 136
225 137
224 138
224 139
224 140
223 141
223 142
222 143
222 144
221 145
221 146
221 147
220 148
220 149
220 150
219 151
219 152
219 153
219 154
218 155
218 156
218 157
217 158
217 159
217 160
217 161
216 162
215 161
214 161
213 160
212 159
211 159
210 158
209 158
208 157
207 157
206 156
205 156
204 156
203 155
202 154
201 154
200 153
199 153
198 153
197 152
196 151
195 151
194 151
193 150
192 150
191 149
190 149
189 149
188 148
187 148
186 147
185 147
184 147
183 146
182 146
181 146
180 145
179 145
178 145
177 144
176 144
175 144
174 143
173 143
172 142
171 143
170 142
169 142
168 141
167 141
166 141
165 140
164 140
163 139
162 140
161 139
160 139
159 139
158 138
157 138
156 137
155 137
154 137
153 137
152 136
151 136
150 136
149 136
148 136
147 135
146 134
145 134
144 134
143 133
142 133
141 133
140 132
139 132
138 132
137 132
136 132
135 131
134 131
133 130
132 130
131 130
130 130
129 130
130 131
130 132
131 133
131 134
131 135
132 136
132 137
132 138
132 139
132 140
133 141
133 142
133 143
134 144
134 145
134 146
135 147
136 148
136 149
136 150
136 151
136 152
137 153
137 154
137 155
137 156
138 157
138 158
139 159
139 160
139 161
140 162
139 163
140 164
140 165
141 166
141 167
141 168
142 169
142 170
143 171
142 172
143 173
143 174
144 175
144 176
144 177
145 178
145 179
146 180
146 181
146 182
146 183
147 184
147 185
147 186
148 187
148 188
149 189
149 190
149 191
150 192
150 193
151 194
151 195
151 196
152 197
153 198
153 199
153 200
154 201
154 202
155 203
156 204
156 205
156 206
157 207
157 208
158 209
158 210
159 211
159 212
160 213
161 214
161 215
162 216
161 217
160 217
159 217
158 217
157 218
156 218
155 218
154 219
153 219
152 219
151 219
150 220
149 220
148 220
147 221
146 221
145 221
144 222
143 222
142 222
141 223
140 223
139 224
138 224
137 225
136 225
135 226
134 226
133 226
132 227
131 227
130 228
129 228
128 228
127 229
126 230
125 230
124 230
123 231
122 231
121 231
120 232
119 233
118 233
117 234
116 234
115 235
114 236
113 236
112 236
111 237
110 237
109 238
108 238
107 239
106 239
105 240
104 240
103 241
102 242
101 242
100 243
99 243
98 244
97 244
96 245
95 245
94 245
94 246
93 247
92 247
91 247
90 248
89 248
88 249
87 249
86 250
85 251
84 251
83 252
82 252
81 253
80 253
79 254
78 254
79 255
80 256
81 256
82 257
83 258
84 258
85 258
86 259
87 260
88 260
89 261
90 261
91 262
92 262
93 262
94 263
95 264
96 265
97 265
98 266
99 266
100 267
101 267
102 267
103 268
104 269
105 269
106 270
107 271
108 271
109 271
110 272
111 272
112 273
113 274
114 274
115 274
116 275
117 275
118 276
119 277
120 277
121 278
122 278
123 278
124 279
125 280
126 280
127 280
128 281
129 281
130 281
131 282
132 283
133 283
134 284
135 284
136 284
137 285
138 285
139 286
140 286
141 287
142 287
143 288
144 287
145 288
146 288
147 289
148 289
149 289
150 290
151 290
152 291
153 291
154 291
155 291
156 292
157 292
158 293
159 293
160 293
161 294
161 295
160 296
160 297
159 298
158 299
158 300
158 301
157 302
157 303
156 304
155 305
155 306
155 307
154 308
154 309
153 310
153 311
152 312
151 313
151 314
151 315
151 316
150 317
149 318
149 319
149 320
148 321
148 322
148 323
147 324
147 325
146 326
146 327
146 328
146 329
145 330
145 331
145 332
144 333
144 334
144 335
143 336
143 337
143 338
142 339
142 340
142 341
141 342
141 343
141 344
140 345
140 346
140 347
139 348
139 349
139 350
139 351
138 352
138 353
137 354
138 355
137 356
137 357
137 358
136 359
136 360
136 361
136 362
135 363
134 364
134 365
134 366
133 367
134 368
133 369
133 370
133 371
132 372
132 373
132 374
132 375
131 376
131 377
131 378
130 379
131 379
132 378
133 378
134 378
135 377
136 377
137 377
138 377
139 376
140 376
141 376
142 376
143 375
144 375
145 375
146 375
147 374
148 373
149 373
150 373
151 373
152 372
153 372
154 372
155 372
156 371
157 372
158 371
159 370
160 370
161 370
162 370
163 369
164 369
165 369
166 368
167 368
168 368
169 368
170 367
171 367
172 367
173 366
174 366
175 365
176 366
177 365
178 364
179 364
180 364
181 364
182 363
183 363
184 363
185 362
186 362
187 362
188 361
189 361
190 360
191 360
192 360
193 359
194 359
195 359
196 358
197 358
198 357
199 356
200 356
201 356
202 355
203 355
204 354
205 354
206 353
207 353
208 352
209 352
210 352
211 351
212 350
213 350
214 349
215 349
216 348
217 349
217 350
217 351
217 352
218 353
218 354
218 355
219 356
219 357
219 358
220 359
220 360
220 361
220 362
221 363
221 364
222 365
222 366
222 367
223 368
223 369
224 370
224 371
224 372
225 373
225 374
226 375
227 376
227 377
227 378
228 379
228 380
228 381
229 382
230 383
230 384
230 385
231 386
231 387
232 388
233 389
233 390
233 391
234 392
235 393
235 394
236 395
236 396
237 397
237 398
237 399
238 400
239 401
239 402
240 403
240 404
241 405
242 406
243 407
243 408
243 409
244 410
244 411
245 412
245 413
245 414
246 414
247 415
248 416
247 417
248 418
249 419
249 420
250 421
251 422
251 423
252 424
252 425
253 426
253 427
254 428
254 429
255 429
255 428
256 427
256 426
257 425
258 424
258 423
259 422
259 421
260 420
261 419
261 418
262 417
262 416
262 415
263 414
264 414
264 413
264 412
265 411
266 410
266 409
267 408
267 407
268 406
268 405
269 404
270 403
270 402
271 401
271 400
272 399
272 398
273 397
273 396
274 395
274 394
275 393
275 392
276 391
277 390
277 389
278 388
278 387
279 386
279 385
279 384
280 383
281 382
281 381
281 380
282 379
282 378
283 377
283 376
284 375
284 374
285 373
285 372
286 371
286 370
286 369
287 368
287 367
288 366
288 365
288 364
289 363
289 362
289 361
290 360
290 359
290 358
291 357
291 356
292 355
292 354
292 353
292 352
293 351
293 350
293 349
294 348
295 349
296 349
297 350
298 351
299 351
300 352
301 352
302 353
303 353
304 354
305 354
306 354
307 355
308 355
309 356
310 357
311 357
312 357
313 358
314 358
315 359
316 359
317 360
318 360
319 360
320 361
321 361
322 361
323 362
324 362
325 362
326 363
327 363
328 363
329 364
330 364
331 364
332 365
333 365
334 365
335 365
336 366
337 366
338 366
339 367
340 367
341 368
342 368
343 367
344 368
345 369
346 369
347 369
348 369
349 370
350 370
351 370
352 371
353 371
354 371
355 372
356 372
357 371
358 372
359 372
360 373
361 373
362 373
363 374
364 374
365 375
366 375
367 375
368 375
369 376
370 375
371 376
372 376
373 377
374 377
375 377
376 377
377 377
378 378
377 377
377 376
377 375
377 374
377 373
376 372
376 371
375 370
376 369
375 368
375 367
375 366
375 365
374 364
374 363
373 362
373 361
373 360
372 359
372 358
372 357
372 356
372 355
371 354
371 353
371 352
370 351
370 350
370 349
369 348
369 347
369 346
369 345
368 344
368 343
368 342
368 341
367 340
367 339
366 338
366 337
366 336
365 335
365 334
365 333
365 332
364 331
364 330
364 329
363 328
363 327
363 326
362 325
362 324
362 323
361 322
361 321
361 320
360 319
360 318
360 317
359 316
359 315
358 314
358 313
357 312
357 311
357 310
356 309
355 308
355 307
354 306
354 305
354 304
353 303
353 302
352 301
352 300
351 299
351 298
350 297
349 296
349 295
348 294
349 293
350 293
351 293
352 292
353 292
354 292
355 292
356 291
357 291
358 290
359 290
360 290
361 289
362 289
363 289
364 288
365 288
366 288
367 287
368 287
369 286
370 286
371 286
372 285
373 285
374 284
375 284
376 283
377 283
378 282
379 282
380 281
381 281
382 281
383 280
384 279
385 279
386 279
387 278
388 278
389 277
390 277
391 276
392 275
393 275
394 274
395 274
396 273
397 273
398 272
399 272
400 271
401 271
402 270
403 270
404 269
405 268
406 268
407 267
408 267
409 266
410 266
411 265
412 264
413 264
414 264
414 263
415 262
416 262
417 262
418 261
419 261
420 260
421 259
422 259
423 258
424 258
425 257
426 256
427 256
428 255
429 255
429 254
428 254
427 253
426 253
425 252
424 252
423 251
422 251
421 250
420 249
419 248
418 248
417 248
416 247
415 247
414 246
414 245
413 245
412 245
411 245
410 244
410 243
409 243
408 243
407 243
406 242
405 241
404 240
403 240
402 239
401 239
400 238
399 237
398 237
397 237
396 236
395 236
394 235
393 234
392 234
391 233
390 233
389 233
388 232
387 231
386 231
385 230
384 230
383 229
382 229
381 228
380 228
379 228
378 227
377 227
376 226
375 226
374 225
373 225
372 224
371 224
370 224
369 223
368 223
367 222
366 222
365 222
364 221
363 221
362 220
361 220
360 220
359 219
358 219
357 219
356 219
355 218
354 218
353 218
352 217
351 217
350 217
349 217
348 216
349 215
349 214
350 213
350 212
351 211
352 210
352 209
352 208
353 207
353 206
354 205
354 204
355 203
355 202
356 201
356 200
356 199
357 198
358 197
358 196
359 195
359 194
359 193
360 192
360 191
360 190
361 189
361 188
362 187
362 186
362 185
363 184
363 183
363 182
364 181
364 180
364 179
364 178
365 177
366 176
365 175
366 174
366 173
367 172
367 171
367 170
368 169
368 168
368 167
368 166
369 165
369 164
369 163
370 162
370 161
370 160
370 159
371 158
371 157
372 156
372 155
372 154
372 153
372 152
373 151
373 150
373 149
373 148
374 147
375 146
375 145
375 144
375 143
376 142
376 141
376 140
376 139
377 138
377 137
377 136
377 135
378 134
378 133
378 132
379 131
379 130
378 131
377 131
376 131
375 132
374 132
373 132
372 132
371 133
370 133
369 133
368 134
367 133
366 134
365 134
364 134
363 135
362 135
361 136
360 136
359 136
358 137
357 137
356 137
355 138
354 137
353 138
352 138
351 139
350 139
349 139
348 139
347 140
346 140
345 140
344 141
343 141
342 141
341 142
340 142
339 142
338 143
337 143
336 143
335 144
334 144
333 144
332 145
331 145
330 145
329 145
328 146
327 146
326 146
325 147
324 147
323 148
322 148
321 148
320 149
319 149
318 149
317 150
316 151
315 151
314 151
313 151
313 152
312 153
311 152
310 153
309 154
308 154
307 155
306 155
305 155
304 156
303 156
302 157
301 158
300 158
299 158
298 159
297 159
296 160
295 161
294 161
293 160
293 159
293 158
292 157
292 156
291 155
291 154
291 153
291 152
290 151
290 150
289 149
289 148
289 147
288 146
288 145
288 144
288 143
287 142
287 141
286 140
286 139
285 138
285 137
284 136
284 135
284 134
283 133
283 132
282 131
281 130
281 129
281 128
280 127
280 126
280 125
279 124
278 123
278 122
278 121
277 120
277 119
276 118
275 117
275 116
274 115
274 114
274 113
273 112
272 111
272 110
271 109
271 108
271 107
270 106
269 105
269 104
268 103
267 102
267 101
267 100
266 99
266 98
265 97
265 96
264 95
263 94
262 93
262 92
262 91
261 90
261 89
260 88
260 87
259 86
259 85
258 84
258 83
257 82
256 81
256 80
255 79
