284 54
284 55
283 56
283 57
283 58
282 59
282 60
282 61
281 62
281 63
281 64
280 65
280 66
280 67
279 68
279 69
279 70
278 71
278 72
278 73
277 74
277 75
276 76
276 77
276 78
275 79
275 80
275 81
274 82
274 83
274 84
273 85
273 86
273 87
272 88
272 89
272 90
271 91
271 92
271 93
270 94
270 95
270 96
269 97
269 98
269 99
268 100
268 101
268 102
267 103
267 104
267 105
266 106
266 107
266 108
265 109
265 110
264 111
264 112
264 113
263 114
263 115
263 116
264 116
265 116
266 116
267 116
268 116
269 116
270 116
271 116
272 116
273 116
274 116
275 116
276 116
277 117
276 118
275 118
274 118
273 118
272 118
271 118
270 118
269 118
268 118
267 118
266 118
265 118
264 118
263 118
262 118
262 119
262 120
261 121
261 122
261 123
260 124
260 125
260 126
259 127
259 128
259 129
258 130
258 131
258 132
257 133
257 134
257 135
256 136
256 137
255 138
255 139
255 140
255 141
254 142
254 143
253 144
253 145
253 146
252 147
252 148
252 149
251 150
251 151
251 152
250 153
250 154
250 155
249 156
249 157
249 158
248 159
248 160
248 161
247 162
247 163
247 164
246 165
246 166
246 167
245 168
245 169
244 170
244 171
244 172
244 173
243 174
243 175
242 176
242 177
242 178
241 179
241 180
241 181
242 182
242 183
243 184
243 185
243 186
244 187
244 188
244 189
244 190
245 191
245 192
245 193
245 194
245 195
245 196
245 197
246 198
246 199
246 200
245 201
246 202
246 203
245 204
246 205
245 206
245 207
245 208
245 209
245 210
245 211
244 212
244 213
244 214
244 215
244 216
243 217
243 218
242 219
242 220
242 221
241 222
241 223
240 224
240 225
239 226
238 227
238 228
237 229
236 230
235 231
235 232
234 233
233 234
232 235
231 236
230 237
229 237
228 238
227 239
226 240
225 240
224 241
223 241
222 242
221 242
220 242
219 243
218 243
217 243
216 243
215 243
214 243
213 243
212 243
211 243
210 243
209 243
208 243
207 243
206 243
205 243
205 244
204 245
204 246
203 247
202 248
202 249
201 250
201 251
200 252
200 253
199 254
198 255
198 256
197 257
197 258
196 259
196 260
195 261
194 262
194 263
193 264
193 265
192 266
192 267
191 268
191 269
190 270
189 271
189 272
188 273
188 274
187 275
187 276
186 277
185 278
185 279
184 280
184 281
183 282
183 283
182 284
181 285
181 286
180 287
180 288
179 289
179 290
178 291
178 292
177 293
176 294
176 295
175 296
175 297
174 298
174 299
173 300
172 301
172 302
171 303
171 304
170 305
170 306
169 307
169 308
168 309
167 310
167 311
166 312
166 313
165 314
165 315
164 316
163 317
163 318
162 319
162 320
161 321
161 322
160 323
159 324
159 325
158 326
158 327
157 328
157 329
156 330
156 331
155 332
154 333
154 334
153 335
153 336
152 337
152 338
151 339
150 340
150 341
149 342
149 343
148 344
148 345
147 346
146 347
146 348
145 349
145 350
144 351
144 352
143 353
143 354
142 355
141 356
141 357
140 358
140 359
139 360
139 361
138 362
137 363
137 364
136 365
136 366
135 367
135 368
134 369
133 370
133 371
132 372
132 373
131 374
131 375
130 376
130 377
129 378
128 379
128 380
127 381
127 382
126 383
126 384
125 385
124 386
124 387
123 388
123 389
122 390
122 391
121 392
120 393
120 394
119 395
119 396
118 397
118 398
117 399
117 400
116 401
115 402
115 403
114 404
114 405
113 406
113 407
112 408
111 409
111 410
110 411
110 412
109 413
109 414
108 415
107 416
107 417
106 418
106 419
105 420
105 421
104 422
104 423
103 424
102 425
102 426
101 427
101 428
100 429
100 430
99 431
98 432
98 433
97 434
97 435
96 436
96 437
95 438
94 439
94 440
93 441
93 442
92 443
92 444
91 445
91 446
90 447
89 448
89 449
88 450
88 451
87 452
87 453
86 454
85 455
85 456
84 457
84 458
85 458
86 458
87 458
88 458
89 458
90 458
91 458
92 458
93 458
94 458
95 458
96 458
97 458
98 458
99 458
100 458
101 458
102 458
103 458
104 458
105 458
106 458
107 458
108 458
109 458
110 458
111 458
112 458
113 458
114 458
115 458
116 458
117 458
118 458
119 458
120 458
121 458
122 458
123 458
124 458
125 458
126 458
127 458
128 458
129 458
130 458
131 458
132 458
133 458
134 458
135 458
136 458
137 458
138 458
139 458
140 458
141 458
142 458
143 458
144 458
145 458
146 458
147 458
148 458
149 458
150 458
151 458
152 458
153 458
154 458
155 458
156 458
157 458
158 458
159 458
160 458
161 458
162 458
163 458
164 458
165 458
166 458
167 458
168 458
169 458
170 458
171 458
172 458
173 458
174 458
175 458
176 458
177 458
178 458
179 458
180 458
181 458
182 458
183 458
184 458
185 458
186 458
187 458
188 458
189 458
190 458
191 458
192 458
193 458
194 458
195 458
196 458
197 458
198 458
199 458
200 458
201 458
202 458
203 458
204 458
205 458
206 458
207 458
208 458
209 458
210 458
211 458
212 458
213 458
214 458
215 458
216 458
217 458
218 458
219 458
220 458
221 458
222 458
223 458
224 458
225 458
226 458
227 458
228 458
229 458
230 458
231 458
232 459
233 460
234 461
235 461
236 462
237 463
238 463
239 464
240 465
241 465
242 466
243 466
244 467
245 467
246 468
247 468
248 469
249 469
250 470
251 470
252 470
253 471
254 471
255 472
256 472
257 472
258 473
259 473
260 473
261 474
262 474
263 474
264 474
265 475
266 475
267 475
268 475
269 475
270 476
271 476
272 476
273 476
274 476
275 476
276 476
277 477
278 476
279 477
280 477
281 477
282 477
283 477
284 477
285 477
286 477
287 477
288 477
289 477
290 477
291 477
292 477
293 477
294 477
295 477
296 477
297 477
298 477
299 477
300 476
301 476
302 476
303 476
304 476
305 476
306 476
307 476
308 475
309 475
310 475
311 475
312 475
313 474
314 474
315 474
316 474
317 473
318 473
319 473
320 473
321 472
322 472
323 472
324 471
325 471
326 470
327 470
328 470
329 469
330 469
331 468
332 468
333 467
334 467
335 466
336 466
337 465
338 465
339 464
340 463
341 462
342 462
343 461
344 461
345 460
346 459
347 458
348 458
349 458
350 458
351 458
352 458
353 458
354 458
355 458
356 458
357 458
358 458
359 458
360 458
361 458
362 458
363 458
364 458
365 458
366 458
367 458
368 458
369 458
370 458
371 458
372 458
373 458
374 458
375 458
376 458
377 458
378 458
379 458
380 458
381 458
382 458
383 458
384 458
385 458
386 458
387 458
388 458
389 458
390 458
391 458
392 458
393 458
394 458
395 458
396 458
397 458
398 458
399 458
400 458
401 458
402 458
403 458
404 458
405 458
406 458
407 458
408 458
409 458
410 458
411 458
412 458
413 458
414 458
415 458
416 458
417 458
418 458
419 458
420 458
421 458
422 458
423 458
424 458
425 458
426 458
427 458
428 458
429 458
430 458
431 458
432 458
433 458
434 458
435 458
436 458
437 458
438 458
439 458
440 458
441 458
442 458
443 458
444 458
445 458
446 458
447 458
448 458
449 458
450 458
451 458
452 458
453 458
454 458
455 458
456 458
457 458
458 458
459 458
460 458
461 458
462 458
463 458
464 458
465 458
466 458
467 458
468 458
469 458
470 458
471 458
472 458
473 458
474 458
475 458
476 458
477 458
478 458
479 458
480 458
481 458
482 458
483 458
484 458
484 457
484 456
483 455
483 454
482 453
481 452
481 451
480 450
480 449
479 448
479 447
478 446
478 445
477 444
476 443
476 442
475 441
475 440
474 439
474 438
473 437
472 436
472 435
471 434
471 433
470 432
470 431
469 430
468 429
468 428
467 427
467 426
466 425
466 424
465 423
464 422
464 421
463 420
463 419
462 418
462 417
461 416
461 415
460 414
459 413
459 412
458 411
458 410
457 409
457 408
456 407
455 406
455 405
454 404
454 403
453 402
453 401
452 400
451 399
451 398
450 397
450 396
449 395
449 394
448 393
447 392
447 391
446 390
446 389
445 388
445 387
444 386
444 385
443 384
442 383
442 382
441 381
441 380
440 379
440 378
439 377
438 376
438 375
437 374
437 373
436 372
436 371
435 370
434 369
434 368
433 367
433 366
432 365
432 364
431 363
430 362
430 361
429 360
429 359
428 358
428 357
427 356
427 355
426 354
425 353
425 352
424 351
424 350
423 349
423 348
422 347
421 346
421 345
420 344
420 343
419 342
419 341
418 340
417 339
417 338
416 337
416 336
415 335
415 334
414 333
414 332
413 331
412 330
412 329
411 328
411 327
410 326
410 325
409 324
408 323
408 322
407 321
407 320
406 319
406 318
405 317
404 316
404 315
403 314
403 313
402 312
402 311
401 310
400 309
400 308
399 307
399 306
398 305
398 304
397 303
397 302
396 301
395 300
395 299
394 298
394 297
393 296
393 295
392 294
391 293
391 292
390 291
390 290
389 289
389 288
388 287
387 286
387 285
386 284
386 283
385 282
385 281
384 280
383 279
383 278
382 277
382 276
381 275
381 274
380 273
380 272
379 271
378 270
378 269
377 268
377 267
376 266
376 265
375 264
374 263
374 262
373 261
373 260
372 259
372 258
371 257
370 256
370 255
369 254
369 253
368 252
368 251
367 250
366 249
366 248
365 247
365 246
364 245
364 244
363 243
363 242
362 241
361 240
361 239
360 238
360 237
359 236
359 235
358 234
357 233
357 232
356 231
356 230
355 229
354 228
353 228
352 228
351 228
350 228
349 228
348 228
347 228
346 228
345 228
344 227
343 227
342 227
341 227
340 227
339 226
338 226
337 226
336 225
335 225
334 225
333 224
332 224
331 223
330 223
329 222
328 222
327 221
326 221
325 220
324 220
323 219
322 218
321 218
320 217
319 216
318 215
317 214
316 214
315 213
315 212
314 212
313 211
312 210
311 209
310 208
309 207
309 206
308 205
307 204
306 203
306 202
305 201
304 200
304 199
303 198
303 197
302 196
302 195
301 194
301 193
300 192
300 191
300 190
299 189
299 188
299 187
298 186
298 185
298 184
298 183
297 182
297 181
297 180
297 179
297 178
297 177
296 176
296 175
296 174
296 173
296 172
296 171
296 170
296 169
296 168
296 167
296 166
296 165
296 164
296 163
297 162
297 161
297 160
297 159
297 158
297 157
298 156
298 155
298 154
298 153
299 152
299 151
299 150
300 149
300 148
301 147
301 146
302 145
302 144
302 143
303 142
304 141
304 140
304 139
304 138
304 137
303 136
303 135
303 134
303 133
303 132
302 131
302 130
302 129
302 128
301 127
301 126
301 125
301 124
300 123
300 122
300 121
300 120
299 119
299 118
298 118
297 118
296 118
295 118
294 118
293 118
292 118
291 117
292 116
293 116
294 116
295 116
296 116
297 116
298 116
299 116
299 115
299 114
298 113
298 112
298 111
298 110
297 109
297 108
297 107
297 106
296 105
296 104
296 103
296 102
295 101
295 100
295 99
295 98
294 97
294 96
294 95
294 94
294 93
293 92
293 91
293 90
293 89
292 88
292 87
292 86
292 85
291 84
291 83
291 82
291 81
290 80
290 79
290 78
290 77
290 76
289 75
289 74
289 73
289 72
288 71
288 70
288 69
288 68
287 67
287 66
287 65
287 64
286 63
286 62
286 61
286 60
285 59
285 58
285 57
285 56
284 55
