174 10
174 11
174 12
174 13
174 14
173 15
173 16
173 17
173 18
173 19
173 20
172 21
172 22
172 23
172 24
172 25
172 26
173 27
172 28
173 29
173 30
173 31
173 32
172 33
172 34
172 35
172 36
173 37
173 38
173 39
173 40
173 41
173 42
174 43
174 44
174 45
174 46
174 47
174 48
175 49
175 50
175 51
175 52
175 53
176 54
176 55
176 56
176 57
176 58
176 59
176 60
176 61
176 62
177 63
177 64
177 65
177 66
178 67
178 68
178 69
178 70
179 71
179 72
179 73
179 74
180 75
180 76
180 77
180 78
181 79
181 80
181 81
181 82
182 83
182 84
181 85
182 86
182 87
182 88
182 89
183 90
183 91
183 92
183 93
184 94
184 95
184 96
183 97
184 98
184 99
184 100
185 101
184 102
184 103
184 104
185 105
185 106
185 107
185 108
184 109
184 110
184 111
184 112
184 113
184 114
184 115
184 116
184 117
183 118
184 119
183 120
183 121
184 122
184 123
184 124
183 125
184 126
184 127
184 128
185 129
185 130
185 131
185 132
185 133
186 134
186 135
186 136
186 137
187 138
187 139
187 140
187 141
188 142
188 143
189 144
189 145
189 146
189 147
190 148
190 149
191 150
191 151
192 152
192 153
192 154
192 155
193 156
193 157
194 158
194 159
194 160
195 161
195 162
196 163
196 164
196 165
196 166
197 167
197 168
197 169
198 170
199 171
199 172
199 173
200 174
200 175
201 176
201 177
201 178
201 179
201 180
200 181
199 180
198 179
197 179
196 178
195 178
194 177
193 176
193 175
192 175
191 174
190 174
189 173
188 172
187 171
186 170
185 169
184 169
183 168
183 167
182 167
181 166
180 165
179 164
178 164
177 163
176 163
175 162
174 161
173 160
172 159
171 158
170 157
169 157
168 157
167 156
166 155
166 154
165 154
164 154
163 153
162 152
161 151
160 151
159 150
158 150
157 150
156 149
156 148
155 148
154 148
153 147
152 147
151 146
150 145
149 146
148 145
147 145
146 145
145 144
144 144
143 143
142 144
141 144
140 143
139 143
138 143
137 142
136 142
135 141
134 141
133 141
132 140
131 140
130 140
129 139
128 138
127 138
126 138
125 137
124 137
123 136
122 136
121 136
120 135
119 135
118 134
117 134
116 133
115 133
114 132
113 131
112 130
111 130
110 130
109 129
108 129
107 128
106 127
105 126
104 126
103 125
102 125
101 124
100 124
99 124
98 123
97 122
96 121
95 121
94 120
93 120
92 119
91 119
90 119
89 118
88 117
87 116
86 116
85 116
84 115
83 115
82 114
81 113
80 113
79 112
78 112
77 111
76 111
75 110
74 110
73 110
72 109
71 108
70 108
69 108
68 108
67 108
66 107
65 106
64 106
63 106
62 106
61 105
60 105
59 104
58 104
57 104
56 104
55 104
54 104
53 103
52 103
51 103
50 103
49 103
48 103
47 103
47 104
48 105
48 106
48 107
49 108
49 109
50 109
51 110
52 111
52 112
53 113
54 114
54 115
55 116
55 117
56 118
57 118
58 119
58 120
58 121
59 121
60 121
61 122
61 123
62 124
63 125
63 126
64 126
65 127
65 128
66 129
67 130
68 130
69 131
70 131
71 132
71 133
72 134
73 135
74 136
75 137
76 138
77 138
78 139
79 140
80 141
81 142
82 143
83 143
84 144
85 144
86 145
87 146
88 147
89 148
90 149
91 150
92 151
93 152
94 153
95 153
96 154
97 154
98 155
99 156
100 157
101 158
102 159
103 160
104 161
105 161
106 162
107 162
108 163
109 164
110 165
111 166
112 167
113 168
114 168
115 169
115 170
116 170
117 171
118 171
119 172
120 173
121 174
121 175
122 175
123 176
124 177
125 178
126 178
127 179
127 180
128 181
129 181
130 182
131 183
132 184
133 184
134 185
135 186
135 187
136 188
137 189
138 190
139 191
140 192
141 193
142 194
143 195
144 196
145 197
146 198
147 199
148 200
149 201
149 202
150 203
151 203
152 204
152 205
153 206
154 206
155 207
156 208
157 209
158 210
159 210
160 211
161 212
162 212
163 213
164 214
165 214
166 215
166 216
167 217
168 217
169 218
170 218
171 219
172 220
173 220
174 221
175 222
176 222
177 223
178 223
179 224
180 224
181 225
182 226
183 226
184 227
185 227
186 228
187 229
188 229
189 230
190 230
191 230
192 231
193 232
194 232
195 233
196 233
197 234
198 234
199 235
200 235
201 236
202 237
203 238
202 239
201 239
200 239
199 239
198 239
197 238
196 238
195 238
194 238
193 238
192 237
191 237
190 237
189 237
188 237
187 237
186 237
185 237
184 236
183 236
182 236
181 236
180 236
179 236
178 236
177 235
176 236
175 235
174 235
173 235
172 235
171 235
170 235
169 235
168 235
167 235
166 235
165 235
164 235
163 235
162 235
161 235
160 235
159 235
158 235
157 234
156 235
155 234
154 234
153 234
152 234
151 234
150 235
149 235
148 235
147 235
146 235
145 235
144 235
143 235
142 236
141 236
140 236
139 235
138 236
137 236
136 236
135 237
134 237
133 237
132 237
131 237
130 237
129 238
128 238
127 238
126 238
125 239
124 239
123 239
122 239
121 239
120 239
119 239
118 239
117 240
116 240
115 240
114 240
113 241
112 240
111 240
110 240
109 241
108 241
107 241
106 241
105 241
104 241
103 241
102 241
101 241
100 241
99 241
98 241
97 241
96 242
95 242
94 242
93 242
92 242
91 242
90 242
89 242
88 242
87 242
86 242
85 242
84 242
83 242
82 242
81 243
80 243
79 243
78 243
77 242
76 243
75 242
74 243
73 242
72 243
71 243
70 243
69 243
68 243
67 243
66 243
65 243
64 243
63 243
62 244
61 244
60 243
59 244
58 244
57 244
56 244
55 244
54 244
53 244
52 244
51 244
50 244
49 244
48 244
47 244
46 244
45 245
44 245
43 245
42 245
41 245
40 245
39 244
38 245
37 245
36 245
35 245
34 245
33 246
32 246
31 246
30 246
29 246
28 246
27 246
26 246
25 246
24 246
23 247
22 247
21 247
20 247
19 247
18 247
17 248
16 248
15 248
14 249
13 249
12 249
11 250
10 250
9 250
8 250
7 250
6 251
5 251
4 252
5 252
6 253
6 254
6 255
5 256
4 256
3 257
2 258
3 258
4 259
5 260
6 260
7 260
8 260
9 261
10 261
11 262
12 262
13 262
14 262
15 263
16 263
17 264
18 264
19 264
20 265
21 265
22 265
23 265
24 265
25 266
26 266
27 266
28 266
29 266
30 266
31 266
32 266
33 267
34 268
35 267
36 268
37 267
38 267
39 268
40 267
41 267
42 268
43 268
44 269
45 269
46 269
47 269
48 269
49 269
50 269
51 269
52 270
53 270
54 270
55 269
56 270
57 269
58 270
59 270
60 270
61 270
62 270
63 270
64 270
65 270
66 271
67 271
68 271
69 271
70 272
71 271
72 271
73 271
74 271
75 272
76 272
77 272
78 272
79 272
80 273
81 272
82 273
83 272
84 273
85 273
86 274
87 274
88 275
89 274
90 274
91 275
92 275
93 276
94 276
95 276
96 277
97 277
98 277
99 278
100 278
101 279
102 279
103 280
104 280
105 281
106 281
107 281
108 282
109 282
110 282
111 282
112 282
113 283
114 283
115 282
116 283
117 283
118 283
119 283
120 284
121 283
122 283
123 283
124 283
125 283
126 284
127 284
128 284
129 283
130 283
131 283
132 283
133 284
134 284
135 284
136 284
137 283
138 284
139 283
140 283
141 283
142 283
143 283
144 283
145 283
146 284
147 283
148 283
149 283
150 283
151 283
152 283
153 283
154 283
155 283
156 283
157 283
158 283
159 283
160 282
161 282
162 282
163 282
164 283
165 283
166 283
167 284
167 285
166 286
165 286
164 287
163 288
162 288
161 289
160 290
159 291
158 292
157 292
156 293
155 293
154 294
153 295
152 295
151 296
150 297
149 297
148 298
147 298
146 299
145 300
144 300
143 301
142 302
141 302
140 303
139 304
138 304
137 305
136 306
135 307
134 307
133 308
132 309
131 310
130 310
130 311
129 312
128 312
127 313
126 314
125 314
125 315
124 316
123 317
122 318
121 319
120 319
120 320
119 321
119 322
118 323
117 324
116 325
116 326
116 327
115 328
115 329
114 330
113 331
112 331
112 332
112 333
111 334
111 335
110 336
109 336
108 337
108 338
107 339
106 340
105 341
104 342
103 343
102 344
101 345
100 346
99 347
98 348
97 348
96 349
96 350
95 351
94 352
93 353
92 354
91 354
90 355
89 356
88 357
87 357
86 358
86 359
85 360
84 361
83 362
82 363
81 363
80 364
79 365
78 365
77 366
77 367
76 368
75 369
74 369
73 370
72 371
71 372
70 373
69 374
68 375
67 376
66 377
65 378
64 379
63 380
62 381
61 382
60 383
59 384
58 385
58 386
57 387
56 387
55 388
55 389
55 390
54 391
53 392
53 393
52 394
51 395
50 396
50 397
49 398
49 399
49 400
48 401
47 402
47 403
47 404
46 405
46 406
47 405
48 405
49 405
50 405
51 404
52 404
53 404
54 404
55 403
56 403
57 403
58 402
59 403
59 402
60 401
61 401
62 401
63 401
64 400
65 400
66 399
67 399
68 398
69 397
70 397
71 397
72 397
73 396
74 396
75 396
75 395
76 394
77 394
78 394
79 393
80 392
81 391
82 391
83 390
84 389
85 389
86 389
87 388
88 388
89 388
90 387
91 386
92 385
93 385
94 384
95 383
96 382
97 382
98 382
99 381
100 380
101 379
102 379
103 378
104 377
105 376
106 376
107 375
108 375
109 375
110 374
111 374
112 373
113 372
114 371
115 371
116 370
117 369
118 368
119 368
120 367
121 366
122 366
123 365
124 365
125 365
126 364
127 363
128 363
129 362
130 361
131 360
132 360
133 359
134 358
135 358
136 357
137 357
138 356
139 355
140 355
141 355
142 354
143 353
144 353
145 352
146 351
147 351
148 351
149 350
150 349
151 349
152 348
153 347
154 347
155 347
156 346
157 345
158 345
159 345
160 344
161 343
162 343
163 343
164 342
165 342
166 341
167 341
168 340
169 340
170 340
171 339
172 339
173 338
174 338
175 337
176 337
177 336
178 336
179 335
180 334
181 334
182 333
183 332
184 332
185 331
186 330
187 330
188 329
189 328
190 328
191 327
192 326
193 325
194 324
195 324
195 323
196 322
197 322
198 321
199 321
200 320
200 319
201 318
202 318
202 317
203 316
204 316
205 315
206 314
207 313
208 312
209 311
210 310
211 309
212 309
212 308
213 307
214 307
214 306
215 305
216 305
217 304
218 303
219 302
220 301
221 300
222 300
223 301
223 302
222 303
222 304
221 305
221 306
221 307
220 308
219 309
219 310
219 311
218 312
217 313
217 314
216 315
216 316
215 317
215 318
214 319
214 320
214 321
213 322
213 323
212 324
212 325
211 326
211 327
211 328
210 329
210 330
209 331
209 332
209 333
208 334
208 335
207 336
207 337
207 338
206 339
206 340
206 341
205 342
205 343
205 344
204 345
204 346
204 347
204 348
203 349
203 350
203 351
203 352
203 353
202 354
202 355
201 356
201 357
201 358
201 359
201 360
201 361
200 362
200 363
200 364
201 365
201 366
200 367
200 368
200 369
200 370
200 371
200 372
199 373
199 374
199 375
199 376
199 377
198 378
198 379
198 380
198 381
198 382
198 383
197 384
197 385
197 386
197 387
197 388
196 389
196 390
196 391
196 392
196 393
195 394
195 395
195 396
195 397
194 398
194 399
194 400
194 401
194 402
193 403
193 404
193 405
193 406
193 407
192 408
192 409
192 410
191 411
190 412
190 413
190 414
190 415
190 416
189 417
189 418
189 419
188 420
188 421
188 422
188 423
188 424
187 425
187 426
187 427
187 428
186 429
186 430
186 431
186 432
185 433
185 434
185 435
185 436
184 437
184 438
184 439
183 440
183 441
182 442
182 443
182 444
181 445
181 446
181 447
181 448
181 449
180 450
180 451
180 452
180 453
179 454
179 455
179 456
179 457
179 458
178 459
178 460
178 461
178 462
178 463
177 464
177 465
177 466
177 467
177 468
176 469
176 470
176 471
176 472
176 473
176 474
176 475
175 476
175 477
175 478
175 479
175 480
175 481
175 482
175 483
174 484
174 485
174 486
174 487
174 488
174 489
174 490
174 491
174 492
175 493
175 494
175 495
175 496
175 497
175 498
175 499
175 500
176 499
177 498
178 497
179 497
180 496
181 495
182 494
182 493
182 492
183 491
184 490
185 489
186 488
187 487
188 486
188 485
189 484
189 483
190 482
191 481
191 480
192 479
192 478
193 477
193 476
194 475
194 474
195 473
196 473
196 472
197 471
197 470
197 469
198 468
199 467
199 466
200 465
200 464
200 463
200 462
201 461
201 460
202 459
203 458
203 457
204 456
204 455
205 454
205 453
205 452
206 451
206 450
206 449
207 448
207 447
208 446
208 445
209 444
209 443
210 442
210 441
211 440
211 439
212 438
212 437
213 436
213 435
214 434
214 433
215 432
215 431
215 430
216 429
216 428
216 427
217 426
217 425
218 424
218 423
219 422
219 421
220 420
221 420
221 419
222 418
222 417
223 416
223 415
224 414
225 413
226 412
227 411
228 410
228 409
229 408
230 408
230 407
231 406
232 406
232 405
232 404
233 403
234 403
234 402
235 401
235 400
236 399
237 399
237 398
237 397
238 396
238 395
239 394
239 393
239 392
240 391
241 390
241 389
241 388
242 387
242 386
242 385
243 384
243 383
243 382
244 381
245 380
245 379
245 378
245 377
246 376
246 375
246 374
246 373
247 372
247 371
247 370
247 369
248 368
248 367
248 366
249 365
249 364
249 363
249 362
250 361
250 360
250 359
251 358
251 357
251 356
252 355
252 354
252 353
253 352
253 351
253 350
253 349
254 348
255 347
256 347
257 348
257 349
257 350
257 351
258 352
258 353
258 354
259 355
259 356
259 357
259 358
260 359
260 360
260 361
261 362
261 363
261 364
261 365
261 366
262 367
262 368
263 369
263 370
263 371
264 372
263 373
264 374
264 375
264 376
265 377
265 378
265 379
265 380
266 381
267 382
267 383
267 384
267 385
268 386
268 387
269 388
269 389
269 390
270 391
271 392
270 393
271 394
272 395
272 396
273 397
273 398
273 399
274 399
275 400
275 401
276 402
277 403
277 404
278 405
278 406
279 406
280 407
280 408
281 408
282 409
282 410
283 411
284 411
285 412
285 413
285 414
286 414
287 415
287 416
288 417
288 418
289 419
289 420
290 420
291 421
291 422
292 423
292 424
293 425
293 426
293 427
293 428
294 429
294 430
295 431
295 432
296 433
296 434
297 435
297 436
298 437
298 438
298 439
299 440
299 441
300 442
300 443
301 444
302 445
302 446
302 447
303 448
303 449
303 450
304 451
304 452
305 453
305 454
305 455
306 456
306 457
307 458
308 459
308 460
309 461
309 462
309 463
309 464
310 465
310 466
311 467
311 468
312 469
312 470
312 471
313 472
314 473
315 474
316 475
316 476
317 477
317 478
317 479
318 480
318 481
319 482
320 483
321 484
321 485
321 486
322 487
323 488
324 489
325 490
326 491
327 492
327 493
327 494
328 495
329 496
330 497
331 497
332 498
333 499
334 500
334 499
334 498
334 497
334 496
334 495
334 494
334 493
334 492
335 491
335 490
335 489
335 488
335 487
335 486
334 485
334 484
334 483
334 482
334 481
334 480
334 479
334 478
334 477
333 476
333 475
333 474
333 473
333 472
333 471
333 470
332 469
332 468
332 467
332 466
332 465
331 464
331 463
331 462
331 461
331 460
331 459
330 458
330 457
330 456
330 455
329 454
329 453
329 452
329 451
329 450
328 449
328 448
328 447
328 446
327 445
327 444
327 443
327 442
327 441
326 440
326 439
325 438
325 437
324 436
324 435
324 434
324 433
323 432
323 431
323 430
323 429
322 428
322 427
322 426
322 425
322 424
321 423
321 422
321 421
321 420
320 419
320 418
320 417
320 416
319 415
319 414
319 413
319 412
319 411
318 410
318 409
317 408
317 407
317 406
316 405
316 404
316 403
316 402
315 401
315 400
315 399
315 398
315 397
314 396
314 395
314 394
314 393
314 392
313 391
313 390
313 389
313 388
313 387
313 386
312 385
312 384
312 383
312 382
312 381
311 380
311 379
311 378
311 377
311 376
311 375
310 374
310 373
310 372
310 371
310 370
310 369
309 368
309 367
309 366
309 365
310 364
309 363
309 362
309 361
309 360
309 359
309 358
309 357
308 356
308 355
308 354
307 353
307 352
307 351
307 350
307 349
306 348
306 347
306 346
306 345
305 344
305 343
304 342
304 341
304 340
304 339
303 338
303 337
302 336
302 335
302 334
301 333
301 332
301 331
300 330
300 329
299 328
299 327
299 326
298 325
298 324
297 323
297 322
296 321
296 320
296 319
295 318
295 317
294 316
294 315
293 314
293 313
292 312
292 311
291 310
291 309
291 308
290 308
289 307
289 306
289 305
288 304
288 303
287 302
287 301
288 300
289 300
290 301
291 302
292 302
293 303
293 304
294 305
295 305
296 306
296 307
297 307
298 308
299 309
300 310
301 311
302 312
303 313
304 314
305 315
306 316
307 316
308 317
309 318
310 319
310 320
311 320
312 321
313 322
314 322
315 323
315 324
316 324
317 325
318 326
319 327
320 327
321 328
322 329
323 329
324 330
325 331
326 331
327 332
328 333
329 334
330 334
331 335
332 335
333 336
334 336
335 337
336 338
337 338
338 339
339 339
340 339
341 340
342 340
343 341
344 341
345 341
346 342
347 342
348 343
349 343
350 344
351 344
352 345
353 345
354 346
355 346
356 346
357 347
358 348
359 348
360 349
361 350
362 350
363 350
364 351
365 352
366 353
367 353
368 354
369 354
370 355
371 356
372 356
373 356
374 357
375 357
376 358
377 359
378 360
379 361
380 361
381 362
382 363
383 363
384 363
385 364
386 364
387 365
388 366
389 367
390 367
391 368
392 369
393 369
394 370
395 371
396 372
397 372
398 372
399 373
400 373
401 374
402 374
403 375
404 376
405 377
406 377
407 378
408 379
409 380
410 380
411 381
412 382
413 382
414 383
415 383
416 384
417 385
418 386
419 386
420 386
421 387
422 387
423 388
424 389
425 389
426 390
427 390
428 391
429 392
430 392
431 393
432 394
433 395
434 395
435 395
436 396
437 396
438 396
439 396
440 397
441 398
442 398
443 399
444 400
445 400
446 400
447 400
448 401
449 402
450 402
451 402
452 402
453 402
454 403
455 404
456 404
457 404
458 404
459 405
460 405
461 405
462 405
463 406
463 405
462 404
462 403
462 402
461 401
460 400
460 399
460 398
459 397
458 396
458 395
457 394
456 393
455 392
455 391
454 390
453 389
453 388
452 387
451 386
450 385
449 384
449 383
448 383
447 382
446 381
446 380
445 379
444 379
443 378
442 377
441 376
440 375
440 374
439 374
438 373
437 372
436 371
435 370
434 369
433 368
432 367
431 367
430 366
429 365
429 364
428 364
427 363
426 362
425 361
424 361
423 360
422 359
421 359
420 358
420 357
420 356
419 355
418 355
417 354
416 353
415 353
414 352
413 351
412 350
411 349
410 348
410 347
409 347
408 346
407 345
407 344
406 344
405 343
404 342
404 341
403 341
402 340
402 339
401 339
400 338
399 337
399 336
398 335
397 334
396 333
396 332
395 331
395 330
394 329
393 328
392 327
392 326
392 325
391 324
391 323
390 322
389 321
389 320
388 319
387 318
386 317
385 316
384 315
383 314
382 313
381 312
380 312
379 311
379 310
378 310
377 309
376 308
375 307
374 307
373 306
372 305
372 304
371 304
370 304
369 303
368 302
367 301
366 300
365 300
364 300
363 299
362 298
361 297
360 297
359 296
358 295
357 295
356 294
355 294
354 293
353 292
352 291
351 291
350 290
349 289
348 289
347 288
346 287
345 286
344 286
343 285
342 284
343 283
344 283
345 283
346 282
347 282
348 282
349 282
350 282
351 282
352 283
353 283
354 283
355 283
356 283
357 283
358 283
359 283
360 283
361 283
362 283
363 283
364 283
365 283
366 283
367 283
368 283
369 283
370 283
371 283
372 283
373 283
374 283
375 284
376 284
377 283
378 283
379 283
380 283
381 283
382 283
383 283
384 283
385 283
386 283
387 283
388 283
389 283
390 283
391 283
392 282
393 282
394 282
395 282
396 282
397 282
398 281
399 281
400 281
401 281
402 280
403 280
404 279
405 279
406 278
407 278
408 278
409 277
410 277
411 276
412 276
413 275
414 275
415 275
416 274
417 274
418 274
419 274
420 273
421 273
422 273
423 272
424 272
425 272
426 272
427 271
428 272
429 272
430 271
431 271
432 271
433 271
434 271
435 271
436 271
437 271
438 270
439 270
440 270
441 270
442 270
443 270
444 270
445 270
446 269
447 269
448 269
449 269
450 269
451 269
452 269
453 269
454 269
455 268
456 269
457 269
458 269
459 269
460 269
461 268
462 268
463 268
464 267
465 267
466 267
467 267
468 267
469 267
470 267
471 267
472 267
473 267
474 266
475 266
476 266
477 265
478 266
479 266
480 266
481 266
482 265
483 265
484 265
485 265
486 265
487 265
488 264
489 264
490 264
491 264
492 263
493 262
494 262
495 262
496 262
497 262
498 261
499 261
500 261
501 260
502 260
503 260
504 259
505 259
506 258
505 258
504 258
503 257
503 256
503 255
504 254
505 254
506 254
507 253
506 253
505 252
504 251
503 251
502 251
501 250
500 250
499 250
498 250
497 250
496 249
495 249
494 249
493 248
492 248
491 248
490 248
489 247
488 247
487 247
486 247
485 247
484 247
483 247
482 246
481 246
480 246
479 246
478 246
477 246
476 246
475 246
474 246
473 246
472 245
471 246
470 245
469 246
468 245
467 245
466 245
465 245
464 245
463 245
462 245
461 245
460 245
459 245
458 244
457 244
456 244
455 244
454 244
453 244
452 244
451 244
450 244
449 245
448 244
447 245
446 244
445 244
444 244
443 244
442 244
441 243
440 243
439 243
438 243
437 243
436 243
435 243
434 243
433 243
432 243
431 243
430 243
429 243
428 243
427 243
426 243
425 243
424 243
423 242
422 242
421 242
420 242
419 242
418 243
417 242
416 242
415 242
414 242
413 242
412 242
411 242
410 242
409 241
408 241
407 242
406 242
405 241
404 241
403 241
402 241
401 241
400 241
399 241
398 241
397 241
396 241
395 241
394 240
393 240
392 240
391 240
390 240
389 240
388 239
387 239
386 239
385 239
384 239
383 239
382 239
381 238
380 238
379 238
378 237
377 237
376 237
375 237
374 237
373 236
372 236
371 236
370 236
369 236
368 236
367 236
366 235
365 235
364 235
363 235
362 235
361 235
360 235
359 235
358 235
357 234
356 234
355 235
354 235
353 235
352 235
351 235
350 235
349 235
348 235
347 235
346 235
345 235
344 235
343 235
342 235
341 235
340 235
339 235
338 235
337 235
336 235
335 236
334 236
333 236
332 236
331 236
330 236
329 236
328 236
327 237
326 236
325 237
324 237
323 237
322 237
321 237
320 237
319 237
318 237
317 238
316 238
315 238
314 238
313 238
312 239
311 239
310 239
309 239
308 238
308 237
309 236
310 235
311 235
312 235
313 234
314 233
315 233
316 232
317 232
318 231
319 230
320 230
321 230
322 229
323 229
324 228
325 227
326 227
327 226
328 226
329 225
330 224
331 224
332 223
333 223
334 222
335 221
336 221
337 220
338 220
339 219
340 218
341 218
342 217
343 217
343 216
344 215
345 215
346 214
347 213
348 212
349 212
350 211
351 210
352 210
353 209
354 208
355 207
356 206
357 205
358 204
359 203
360 202
361 201
362 200
363 199
364 198
365 197
365 196
366 195
367 195
367 194
368 193
369 192
370 191
371 190
372 189
373 188
374 187
375 186
376 185
377 184
378 183
379 182
380 182
381 181
382 180
383 179
384 178
385 177
386 176
387 175
388 174
389 173
390 172
391 172
392 172
392 171
393 170
394 169
395 169
396 168
397 167
398 166
399 165
400 164
401 163
402 163
403 162
404 162
404 161
405 160
406 159
407 159
407 158
408 157
409 156
410 156
411 155
412 155
413 154
414 153
415 152
416 151
417 150
418 149
419 148
420 147
421 146
422 146
423 146
424 145
425 144
426 143
427 142
428 141
429 140
430 140
431 139
432 139
432 138
433 137
434 136
435 135
436 134
437 133
438 132
439 131
440 131
441 130
442 130
442 129
443 128
444 127
445 126
446 125
446 124
447 123
448 122
449 122
450 121
450 120
451 119
452 118
453 118
453 117
454 116
455 115
455 114
456 113
456 112
457 111
458 110
459 109
460 109
460 108
461 107
461 106
461 105
462 104
462 103
461 103
460 103
459 103
458 103
457 103
456 103
455 104
454 104
453 104
452 104
451 104
450 104
449 105
448 106
447 106
446 106
445 106
444 106
443 107
442 108
441 108
440 109
439 108
438 109
437 109
436 110
435 111
434 111
433 111
432 112
431 112
430 112
430 113
429 114
428 114
427 114
426 115
425 115
424 116
423 117
422 117
421 118
420 118
419 119
418 120
417 120
416 121
415 121
414 122
413 122
412 123
411 123
410 123
409 124
408 125
407 126
406 127
405 127
404 127
403 128
402 128
401 129
400 130
399 131
398 131
397 132
396 132
395 132
394 133
393 134
392 135
391 135
390 136
389 136
388 137
387 137
386 138
385 138
384 138
383 139
382 139
381 140
380 140
379 141
378 141
377 141
376 142
375 142
374 143
373 143
372 143
371 144
370 144
369 145
368 145
367 145
366 145
365 145
364 145
363 146
362 146
361 147
360 147
359 146
358 147
357 148
356 148
355 149
354 149
353 149
352 150
351 151
350 151
349 151
348 152
347 153
346 154
345 155
344 155
343 155
342 156
342 157
341 158
340 158
339 158
338 159
337 160
336 161
335 162
334 163
333 163
332 163
331 164
330 165
329 166
328 167
327 168
326 169
325 170
324 170
323 171
322 172
321 173
320 174
319 174
318 175
317 175
317 176
316 177
315 178
314 178
313 179
312 180
311 181
310 181
309 180
309 179
309 178
309 177
309 176
310 175
310 174
311 173
311 172
311 171
312 170
312 169
312 168
313 167
313 166
314 165
314 164
314 163
315 162
315 161
316 160
316 159
316 158
316 157
317 156
317 155
318 154
318 153
318 152
319 151
319 150
319 149
320 148
320 147
321 146
321 145
321 144
321 143
322 142
322 141
323 140
323 139
323 138
323 137
323 136
324 135
324 134
324 133
324 132
324 131
325 130
325 129
325 128
325 127
326 126
326 125
325 124
325 123
326 122
325 121
325 120
326 119
325 118
325 117
325 116
325 115
325 114
325 113
325 112
325 111
324 110
324 109
324 108
324 107
324 106
325 105
325 104
325 103
324 102
325 101
325 100
325 99
325 98
325 97
325 96
325 95
326 94
326 93
326 92
326 91
327 90
327 89
327 88
327 87
327 86
327 85
327 84
327 83
328 82
328 81
328 80
328 79
329 78
329 77
329 76
329 75
330 74
330 73
330 72
330 71
331 70
331 69
331 68
331 67
332 66
332 65
332 64
332 63
332 62
333 61
333 60
332 59
332 58
333 57
333 56
333 55
333 54
333 53
334 52
334 51
334 50
334 49
334 48
335 47
335 46
335 45
335 44
335 43
336 42
336 41
336 40
336 39
336 38
336 37
336 36
337 35
337 34
336 33
336 32
336 31
336 30
336 29
336 28
337 27
336 26
337 25
337 24
337 23
337 22
336 21
336 20
336 19
336 18
336 17
336 16
336 15
335 14
335 13
335 12
335 11
335 10
334 10
333 10
333 11
332 12
331 13
331 14
330 15
329 16
328 16
328 17
327 18
327 19
326 20
325 21
324 22
323 23
323 24
323 25
322 26
321 27
321 28
321 29
320 30
319 31
320 32
319 33
318 33
317 34
317 35
317 36
316 37
316 38
315 39
315 40
315 41
314 42
314 43
314 44
313 45
312 46
311 47
311 48
310 49
310 50
310 51
310 52
309 53
309 54
308 55
308 56
308 57
307 58
307 59
306 60
306 61
306 62
306 63
305 64
305 65
305 66
304 67
304 68
303 69
302 70
302 71
302 72
302 73
301 74
300 75
300 76
300 77
300 78
299 79
299 80
298 81
298 82
297 83
298 84
297 85
296 86
296 87
296 88
296 89
295 90
295 91
295 92
294 93
294 94
293 95
293 96
292 97
292 98
292 99
291 100
291 101
290 102
290 103
290 104
290 105
289 106
288 107
288 108
288 109
287 110
287 111
286 112
286 113
285 114
285 115
285 116
284 117
283 118
283 119
283 120
282 121
282 122
281 123
280 124
280 125
280 126
279 127
279 128
278 129
278 130
277 131
276 132
275 133
276 134
275 135
274 136
274 137
273 138
272 138
272 139
272 140
271 141
271 142
270 143
270 144
270 145
269 146
269 147
268 148
268 149
268 150
267 151
267 152
267 153
266 154
266 155
266 156
265 157
265 158
265 159
264 160
264 161
264 162
264 163
263 164
263 165
263 166
263 167
262 168
262 169
262 170
262 171
261 172
261 173
261 174
260 175
260 176
260 177
261 178
260 179
260 180
260 181
259 182
259 183
259 184
259 185
259 186
258 187
259 188
258 189
258 190
258 191
257 192
257 193
257 194
257 195
257 196
257 197
256 198
256 199
255 200
254 199
254 198
253 197
254 196
253 195
253 194
253 193
253 192
252 191
252 190
252 189
252 188
252 187
252 186
252 185
251 184
251 183
251 182
250 181
250 180
250 179
250 178
250 177
250 176
250 175
249 174
249 173
249 172
248 171
248 170
248 169
248 168
247 167
247 166
247 165
247 164
246 163
246 162
246 161
246 160
245 159
245 158
245 157
244 156
243 155
244 154
243 153
243 152
243 151
242 150
242 149
242 148
241 147
241 146
240 145
240 144
239 143
239 142
239 141
238 140
238 139
237 138
236 137
236 136
235 135
235 134
234 133
234 132
233 131
232 130
232 129
231 128
231 127
230 126
230 125
229 124
229 123
228 122
228 121
227 120
227 119
226 118
226 117
225 116
225 115
225 114
224 113
224 112
223 111
222 110
222 109
222 108
221 107
221 106
220 105
220 104
220 103
219 102
219 101
218 100
218 99
217 98
217 97
217 96
216 95
216 94
215 93
215 92
215 91
214 90
214 89
213 88
213 87
213 86
213 85
212 84
212 83
212 82
211 81
211 80
210 79
210 78
209 77
209 76
209 75
209 74
208 73
208 72
207 71
207 70
207 69
206 68
205 67
205 66
204 65
204 64
204 63
203 62
203 61
203 60
202 59
202 58
202 57
201 56
201 55
201 54
200 53
200 52
199 51
199 50
199 49
199 48
198 47
197 46
197 45
196 45
195 44
195 43
195 42
195 41
194 40
193 39
193 38
193 37
192 36
192 35
192 34
191 33
190 32
189 31
189 30
189 29
188 28
188 27
187 26
187 25
186 24
186 23
185 22
184 22
183 21
183 20
183 19
182 18
181 17
181 16
180 16
179 15
178 14
178 13
177 12
176 11
176 10
175 10
