268 55
267 56
266 56
265 56
264 56
263 56
262 56
261 56
260 57
259 57
258 57
257 57
256 57
255 57
254 58
253 57
252 58
251 58
250 58
249 58
248 58
247 58
246 58
245 59
244 59
243 59
242 59
241 59
240 60
239 60
238 60
237 60
236 61
235 61
234 61
233 62
232 62
231 62
230 62
229 63
228 63
227 63
226 64
225 64
224 64
223 64
222 65
221 65
220 65
219 66
218 66
217 66
216 66
215 67
214 67
213 67
212 68
211 68
210 69
209 69
208 69
207 70
206 70
205 71
204 71
203 72
202 72
201 72
200 73
199 73
198 74
197 74
196 74
195 75
194 75
193 76
192 76
191 76
190 77
189 77
188 78
187 78
186 79
185 79
184 80
183 81
182 81
181 82
180 82
179 83
178 84
177 84
176 85
175 85
174 86
173 86
172 87
171 88
170 88
169 89
168 89
167 90
166 91
165 91
164 92
163 92
162 93
161 94
160 95
159 95
158 96
157 97
156 97
155 98
154 99
153 100
152 100
151 101
150 102
149 103
148 104
147 105
146 105
145 106
144 107
143 108
142 109
141 110
140 110
140 111
141 111
142 111
143 111
144 111
145 111
146 111
147 111
148 111
149 111
150 111
151 111
152 111
153 111
154 111
155 111
156 111
157 111
158 111
159 111
160 111
161 111
162 111
163 111
164 111
165 111
166 111
167 111
168 111
169 111
170 111
171 111
172 111
173 111
174 111
175 111
176 111
177 111
178 111
179 111
180 111
181 111
182 111
183 111
184 111
185 111
186 111
187 111
188 111
189 111
190 111
191 111
192 111
193 111
194 111
195 111
196 111
197 111
198 111
199 111
200 111
201 111
202 111
203 111
204 111
205 111
206 111
207 111
208 111
209 111
210 111
211 111
212 111
213 111
214 111
215 111
216 111
217 111
218 111
219 111
220 111
221 111
222 111
223 111
224 111
225 111
226 111
227 111
228 111
229 111
230 111
231 111
232 111
233 111
234 111
235 111
236 111
237 111
238 111
239 111
240 111
241 111
242 111
243 111
244 111
245 111
246 111
247 111
248 111
249 111
250 111
251 111
252 111
253 111
254 111
255 111
256 111
257 111
258 111
259 111
260 111
261 111
262 111
263 111
264 111
265 111
266 111
267 111
268 111
269 111
270 111
271 111
272 111
273 111
274 111
275 111
276 111
277 111
278 111
279 111
280 111
281 111
282 111
283 111
284 111
285 111
286 111
287 111
288 111
289 111
290 111
291 111
292 111
293 112
292 113
291 113
290 114
289 114
288 114
287 115
286 115
285 115
284 116
283 116
282 116
281 117
280 117
279 117
278 118
277 118
276 118
275 118
274 119
273 119
272 120
271 119
270 120
269 120
268 120
267 121
266 121
265 121
264 121
263 122
262 122
261 122
260 122
259 122
258 123
257 123
256 123
255 123
254 124
253 124
252 124
251 124
250 125
249 124
248 125
247 125
246 125
245 126
244 125
243 126
242 126
241 126
240 126
239 127
238 126
237 127
236 127
235 127
234 127
233 127
232 128
231 127
230 128
229 128
228 128
227 128
226 128
225 129
224 128
223 129
222 129
221 129
220 129
219 129
218 129
217 130
216 129
215 130
214 130
213 130
212 130
211 130
210 130
209 130
208 130
207 131
206 130
205 131
204 131
203 131
202 131
201 131
200 131
199 131
198 131
197 131
196 131
195 132
194 131
193 132
192 132
191 132
190 132
189 132
188 132
187 132
186 132
185 132
184 132
183 132
182 132
181 132
180 132
179 132
178 133
177 133
176 132
175 133
174 132
173 133
172 132
171 133
170 133
169 133
168 133
167 133
166 133
165 133
164 133
163 133
162 133
161 133
160 133
159 133
158 133
157 133
156 133
155 133
154 133
153 133
152 133
151 133
150 133
149 133
148 133
147 133
146 133
145 133
144 133
143 133
142 133
141 133
140 133
139 133
138 133
137 133
136 133
135 133
134 133
133 133
132 133
131 133
130 133
129 133
128 133
127 133
126 133
125 133
124 133
123 133
122 133
121 133
120 133
119 133
118 134
117 135
116 136
116 137
115 138
114 139
113 140
113 141
112 142
111 143
110 144
110 145
109 146
108 147
107 148
107 149
106 150
105 151
104 152
104 153
103 154
103 155
102 156
101 157
101 158
100 159
100 160
99 161
99 162
98 163
97 164
97 165
96 166
96 167
95 168
95 169
94 170
93 171
93 172
92 173
92 174
91 175
91 176
90 177
90 178
89 179
89 180
88 181
88 182
88 183
87 184
87 185
86 186
86 187
86 188
85 189
85 190
84 191
84 192
84 193
83 194
83 195
82 196
82 197
82 198
81 199
81 200
80 201
80 202
80 203
79 204
79 205
79 206
78 207
78 208
78 209
77 210
77 211
77 212
77 213
76 214
76 215
76 216
76 217
75 218
75 219
75 220
74 221
74 222
74 223
74 224
73 225
73 226
73 227
73 228
72 229
72 230
72 231
72 232
71 233
71 234
71 235
71 236
71 237
71 238
70 239
71 240
70 241
70 242
70 243
70 244
70 245
70 246
69 247
70 248
69 249
69 250
69 251
69 252
69 253
69 254
68 255
68 256
68 257
68 258
68 259
68 260
68 261
68 262
68 263
68 264
68 265
68 266
68 267
68 268
68 269
68 270
68 271
68 272
68 273
68 274
68 275
68 276
68 277
68 278
68 279
68 280
68 281
68 282
68 283
68 284
68 285
68 286
68 287
68 288
68 289
68 290
68 291
68 292
68 293
68 294
69 295
69 296
69 297
69 298
69 299
69 300
69 301
70 302
70 303
70 304
70 305
70 306
70 307
70 308
70 309
71 310
71 311
71 312
71 313
71 314
71 315
71 316
71 317
72 318
72 319
72 320
72 321
73 322
73 323
73 324
74 325
74 326
74 327
74 328
75 329
75 330
75 331
75 332
76 333
76 334
76 335
76 336
77 337
77 338
77 339
78 340
78 341
78 342
78 343
79 344
79 345
79 346
80 347
80 348
80 349
81 350
81 351
82 352
82 353
82 354
83 355
83 356
84 357
84 358
84 359
85 360
85 361
86 362
86 363
87 364
87 365
87 366
88 367
88 368
89 369
89 370
89 371
90 372
90 373
91 374
91 375
92 376
93 377
93 378
94 379
94 380
95 381
96 382
96 383
97 384
97 385
98 386
98 387
99 388
99 389
100 390
101 391
101 392
102 393
102 394
103 395
103 396
104 397
105 398
106 399
106 400
107 401
108 402
108 403
109 404
110 405
111 406
111 407
112 408
113 409
114 410
115 411
115 412
116 413
117 414
117 415
118 416
119 417
120 418
121 419
121 420
122 421
123 422
124 423
125 424
126 425
127 426
128 427
129 428
130 429
131 430
132 431
133 432
134 433
135 434
136 435
137 436
138 437
139 438
140 439
141 440
142 441
143 442
144 442
145 443
146 444
147 445
148 446
149 447
150 448
151 448
152 449
153 450
154 451
155 451
156 452
157 453
158 453
159 454
160 455
161 455
162 456
163 457
164 457
165 458
166 459
167 459
168 460
169 461
170 461
171 462
172 463
173 463
174 464
175 465
176 465
177 466
178 466
179 467
180 467
181 468
182 468
183 469
184 470
185 470
186 471
187 471
188 472
189 472
190 473
191 473
192 474
193 474
194 474
195 475
196 475
197 476
198 476
199 476
200 477
201 477
202 478
203 478
204 479
205 479
206 479
207 480
208 480
209 481
210 481
211 481
212 482
213 482
214 483
215 483
216 483
217 484
218 484
219 484
220 484
221 485
222 485
223 485
224 486
225 486
226 486
227 486
228 487
229 487
230 487
231 488
232 488
233 488
234 488
235 489
236 489
237 489
238 489
239 490
240 490
241 490
242 491
243 490
244 491
245 491
246 491
247 491
248 491
249 491
250 492
251 492
252 492
253 492
254 492
255 492
256 492
257 493
258 493
259 493
260 493
261 493
262 493
263 493
264 493
265 494
266 494
267 494
268 494
269 494
270 494
271 494
272 494
273 494
274 494
275 494
276 494
277 494
278 495
279 495
280 494
281 495
282 495
283 494
284 495
285 495
286 494
287 495
288 495
289 494
290 495
291 495
292 494
293 494
294 494
295 494
296 494
297 494
298 494
299 494
300 494
301 494
302 494
303 494
304 493
305 493
306 493
307 493
308 493
309 493
310 493
311 493
312 492
313 492
314 492
315 492
316 492
317 492
318 492
319 491
320 491
321 491
322 491
323 491
324 491
325 491
326 491
327 490
328 490
329 490
330 490
331 489
332 489
333 489
334 488
335 488
336 488
337 488
338 487
339 487
340 487
341 487
342 486
343 486
344 486
345 485
346 485
347 485
348 485
349 484
350 484
351 484
352 484
353 483
354 483
355 483
356 482
357 482
358 481
359 481
360 480
361 480
362 480
363 479
364 479
365 478
366 478
367 478
368 477
369 477
370 476
371 476
372 475
373 475
374 475
375 474
376 474
377 473
378 473
379 472
380 472
381 472
382 471
383 470
384 470
385 469
386 469
387 468
388 467
389 467
390 466
391 466
392 465
393 464
394 464
395 463
396 463
397 462
398 461
399 461
400 460
401 460
402 459
403 459
404 458
405 457
406 457
407 456
408 455
409 455
410 454
411 453
412 452
413 452
414 451
415 450
416 450
417 449
418 448
419 447
420 446
421 445
422 444
423 444
424 443
425 442
426 441
427 440
428 439
429 438
430 437
431 436
432 435
433 434
434 433
435 432
436 431
437 430
438 429
439 428
440 427
441 426
442 425
443 424
444 423
445 422
444 422
443 421
442 422
441 422
440 421
439 422
438 422
437 421
436 422
435 422
434 421
433 422
432 422
431 421
430 422
429 422
428 421
427 422
426 422
425 421
424 422
423 422
422 422
421 422
420 422
419 422
418 422
417 422
416 422
415 422
414 422
413 422
412 422
411 422
410 422
409 422
408 422
407 422
406 422
405 422
404 422
403 422
402 422
401 422
400 422
399 422
398 422
397 422
396 422
395 422
394 422
393 422
392 422
391 422
390 422
389 422
388 421
387 422
386 422
385 421
384 422
383 422
382 421
381 421
380 421
379 421
378 421
377 421
376 421
375 421
374 421
373 421
372 421
371 421
370 420
369 421
368 420
367 420
366 420
365 420
364 420
363 420
362 420
361 420
360 420
359 419
358 420
357 419
356 419
355 419
354 419
353 419
352 419
351 419
350 419
349 418
348 418
347 418
346 418
345 418
344 418
343 418
342 417
341 417
340 417
339 417
338 416
337 417
336 416
335 416
334 416
333 416
332 416
331 415
330 415
329 415
328 415
327 415
326 414
325 414
324 414
323 414
322 413
321 413
320 413
319 413
318 412
317 412
316 412
315 412
314 411
313 411
312 411
311 410
310 410
309 410
308 410
307 409
306 409
305 409
304 408
303 408
302 408
301 407
300 407
299 406
300 405
301 405
302 404
303 405
304 405
305 404
306 405
307 405
308 404
309 405
310 405
311 404
312 405
313 405
314 404
315 405
316 405
317 404
318 405
319 405
320 404
321 405
322 405
323 404
324 405
325 405
326 404
327 405
328 405
329 404
330 404
331 404
332 404
333 404
334 404
335 404
336 404
337 404
338 404
339 404
340 404
341 404
342 404
343 404
344 404
345 404
346 404
347 404
348 404
349 404
350 404
351 404
352 404
353 404
354 404
355 404
356 404
357 404
358 404
359 404
360 404
361 404
362 404
363 404
364 404
365 404
366 404
367 404
368 404
369 404
370 404
371 404
372 404
373 404
374 404
375 404
376 404
377 404
378 404
379 404
380 404
381 404
382 404
383 404
384 404
385 404
386 404
387 404
388 404
389 404
390 404
391 404
392 404
393 404
394 404
395 404
396 404
397 404
398 404
399 404
400 404
401 404
402 404
403 404
404 404
405 404
406 404
407 404
408 404
409 404
410 404
411 404
412 404
413 404
414 404
415 404
416 404
417 404
418 404
419 404
420 404
421 404
422 404
423 404
424 404
425 404
426 404
427 404
428 404
429 403
430 404
431 404
432 403
433 404
434 404
435 403
436 404
437 404
438 403
439 404
440 404
441 403
442 404
443 404
444 403
445 404
446 404
447 403
448 404
449 404
450 403
451 404
452 404
453 403
454 404
455 404
456 403
457 404
458 404
459 403
460 403
461 402
461 401
462 400
463 399
463 398
464 397
465 396
465 395
466 394
467 393
467 392
468 391
469 390
469 389
470 388
470 387
471 386
472 385
472 384
473 383
473 382
474 381
474 380
475 379
475 378
476 377
476 376
477 375
477 374
478 373
478 372
479 371
479 370
479 369
480 368
480 367
481 366
481 365
482 364
482 363
483 362
483 361
484 360
484 359
485 358
485 357
485 356
486 355
486 354
486 353
487 352
487 351
487 350
488 349
488 348
488 347
489 346
489 345
489 344
490 343
490 342
490 341
491 340
491 339
491 338
492 337
492 336
493 335
493 334
493 333
494 332
494 331
494 330
494 329
494 328
495 327
495 326
495 325
495 324
496 323
496 322
496 321
496 320
497 319
497 318
497 317
497 316
497 315
497 314
497 313
498 312
498 311
498 310
498 309
498 308
498 307
498 306
498 305
499 304
499 303
499 302
499 301
499 300
499 299
499 298
500 297
500 296
500 295
500 294
500 293
500 292
500 291
500 290
501 289
501 288
500 287
501 286
501 285
501 284
500 283
501 282
501 281
500 280
501 279
501 278
501 277
500 276
501 275
501 274
500 273
501 272
501 271
501 270
500 269
501 268
501 267
500 266
501 265
501 264
501 263
500 262
501 261
501 260
500 259
500 258
500 257
500 256
500 255
500 254
500 253
500 252
499 251
499 250
499 249
499 248
499 247
499 246
498 245
499 244
498 243
498 242
498 241
498 240
498 239
498 238
498 237
497 236
497 235
497 234
497 233
497 232
497 231
496 230
496 229
496 228
496 227
495 226
495 225
495 224
494 223
494 222
494 221
494 220
493 219
493 218
493 217
493 216
492 215
492 214
492 213
491 212
491 211
491 210
491 209
490 208
490 207
490 206
490 205
489 204
489 203
488 202
488 201
488 200
487 199
487 198
487 197
486 196
486 195
485 194
485 193
484 192
484 191
484 190
483 189
483 188
482 187
482 186
482 185
481 184
481 183
480 182
480 181
480 180
479 179
479 178
478 177
478 176
477 175
477 174
476 173
476 172
475 171
475 170
474 169
474 168
473 167
473 166
472 165
471 164
471 163
470 162
469 161
469 160
468 159
468 158
467 157
466 156
466 155
465 154
464 153
464 152
463 151
462 150
462 149
461 148
460 147
460 146
459 145
458 144
458 143
457 142
456 141
456 140
455 139
454 138
453 137
452 136
452 135
451 134
450 133
449 132
448 131
448 130
447 129
446 128
445 127
444 126
443 125
442 124
441 123
440 122
439 121
438 120
437 119
436 118
435 117
434 116
433 115
432 114
431 113
430 112
429 111
428 110
427 109
426 108
425 107
424 107
423 106
422 105
421 104
420 103
419 102
418 101
417 101
416 100
415 99
414 99
413 98
412 97
411 97
410 96
409 95
408 95
407 94
406 93
405 93
404 92
403 91
402 91
401 90
400 89
399 89
398 88
397 87
396 87
395 86
394 85
393 85
392 84
391 83
390 83
389 82
388 82
387 81
386 81
385 80
384 80
383 79
382 78
381 78
380 77
379 77
378 77
377 76
376 76
375 75
374 75
373 74
372 74
371 74
370 73
369 73
368 72
367 72
366 72
365 71
364 71
363 70
362 70
361 70
360 69
359 69
358 68
357 68
356 68
355 67
354 67
353 66
352 66
351 66
350 66
349 65
348 65
347 65
346 64
345 64
344 64
343 64
342 63
341 63
340 63
339 63
338 62
337 62
336 62
335 61
334 61
333 61
332 61
331 60
330 60
329 60
328 59
327 59
326 59
325 59
324 59
323 59
322 58
321 58
320 58
319 58
318 58
317 58
316 58
315 57
314 57
313 57
312 57
311 57
310 57
309 57
308 57
307 56
306 56
305 56
304 56
303 56
302 56
301 56
300 56
299 55
298 55
297 55
296 55
295 55
294 55
293 55
292 55
291 55
290 55
289 55
288 55
287 55
286 55
285 55
284 55
283 55
282 55
281 55
280 55
279 55
278 55
277 55
276 55
275 55
274 55
273 55
272 55
271 55
270 55
269 56
