284 105
283 106
282 107
281 108
280 108
279 109
278 110
277 111
276 111
275 112
274 113
273 114
272 114
271 115
270 116
269 117
268 117
267 118
266 119
265 120
264 120
263 121
262 122
261 122
260 123
259 124
258 125
257 125
256 126
255 127
254 128
253 128
252 129
251 130
250 131
249 131
248 132
247 133
246 134
245 134
244 135
243 136
242 137
241 137
240 138
239 139
238 140
237 140
236 141
235 142
234 143
233 143
232 144
231 145
230 145
229 146
228 147
227 148
226 148
225 149
224 150
223 151
222 151
221 152
220 153
219 154
218 154
217 155
216 156
215 157
214 157
213 158
212 159
211 160
210 160
209 161
208 162
207 163
206 163
205 164
204 165
203 166
202 166
201 167
200 168
199 168
198 169
197 170
196 171
195 171
194 172
193 173
192 174
191 174
190 175
189 176
188 177
187 177
186 178
185 179
184 180
183 180
182 181
181 182
180 183
179 183
178 184
177 185
176 186
175 186
174 187
173 188
172 189
171 189
170 190
169 191
168 191
167 192
166 193
165 194
164 194
163 195
162 196
161 197
160 197
159 198
158 199
157 200
156 200
155 201
154 202
153 203
152 203
151 204
150 205
149 206
148 206
147 207
146 208
145 209
144 209
143 210
142 211
141 212
140 212
139 213
138 214
137 215
136 215
135 216
134 217
133 217
132 218
131 219
130 220
129 220
128 221
127 222
126 223
125 223
124 224
123 225
122 226
121 226
120 227
119 228
118 229
117 229
116 230
115 231
114 232
113 232
112 233
111 234
110 235
109 235
108 236
107 237
106 238
105 238
104 239
103 240
102 240
101 241
100 242
99 243
98 243
97 244
96 245
95 246
94 246
93 247
92 248
92 249
92 250
92 251
93 252
93 253
93 254
94 255
94 256
94 257
95 258
95 259
95 260
96 261
96 262
96 263
97 264
97 265
97 266
97 267
98 268
98 269
98 270
99 271
99 272
99 273
100 274
100 275
100 276
101 277
101 278
101 279
102 280
102 281
102 282
103 283
103 284
103 285
103 286
104 287
104 288
104 289
105 290
105 291
105 292
106 293
106 294
106 295
107 296
107 297
107 298
108 299
108 300
108 301
109 302
109 303
109 304
109 305
110 306
110 307
110 308
111 309
111 310
111 311
112 312
112 313
112 314
113 315
113 316
113 317
114 318
114 319
114 320
115 321
115 322
115 323
115 324
116 325
116 326
116 327
117 328
117 329
117 330
118 331
118 332
118 333
119 334
119 335
119 336
120 337
120 338
120 339
121 340
121 341
121 342
121 343
122 344
122 345
123 346
123 347
123 348
123 349
124 350
124 351
124 352
125 353
125 354
125 355
126 356
126 357
126 358
127 359
127 360
127 361
128 362
128 363
128 364
128 365
129 366
129 367
129 368
130 369
130 370
130 371
131 372
131 373
131 374
132 375
132 376
132 377
133 378
133 379
133 380
134 381
134 382
134 383
134 384
135 385
135 386
136 387
136 388
136 389
136 390
137 391
137 392
137 393
138 394
138 395
138 396
139 397
139 398
139 399
140 400
140 401
140 402
140 403
141 404
141 405
142 406
142 407
142 408
142 409
143 410
143 411
143 412
144 413
144 414
144 415
145 416
145 417
145 418
146 419
146 420
146 421
147 422
147 423
147 424
147 425
148 426
148 427
148 428
149 429
149 430
149 431
150 432
150 433
150 434
151 435
151 436
151 437
152 438
152 439
152 440
153 441
153 442
153 443
153 444
154 445
154 446
155 447
155 448
155 449
155 450
156 451
156 452
156 453
157 454
157 455
157 456
158 457
158 458
158 459
159 460
159 461
159 462
160 463
160 464
160 465
160 466
161 467
161 468
161 469
162 470
162 471
162 472
163 473
163 474
163 475
164 476
164 477
164 478
165 479
165 480
166 480
167 480
168 480
169 480
170 480
171 480
172 480
173 480
174 480
175 480
176 480
177 480
178 480
179 480
180 480
181 480
182 480
183 480
184 480
185 480
186 480
187 480
188 480
189 480
190 480
191 480
192 480
193 480
194 480
195 480
196 480
197 480
198 480
199 480
200 480
201 480
202 480
203 480
204 480
205 480
206 480
207 480
208 480
209 480
210 480
211 480
212 480
213 480
214 480
215 480
216 480
217 480
218 480
219 480
220 480
221 480
222 480
223 480
224 480
225 480
226 480
227 480
228 480
229 480
230 480
231 480
232 480
233 480
234 480
235 480
236 480
237 480
238 480
239 480
240 480
241 480
242 480
243 480
244 480
245 480
246 480
247 480
248 480
249 480
250 480
251 480
252 480
253 480
254 480
255 480
256 480
257 480
258 480
259 480
260 480
261 480
262 480
263 480
264 480
265 480
266 480
267 480
268 480
269 480
270 480
271 480
272 480
273 480
274 480
275 480
276 480
277 480
278 480
279 480
280 480
281 480
282 480
283 480
284 480
285 480
286 480
287 480
288 480
289 480
290 480
291 480
292 480
293 480
294 480
295 480
296 480
297 480
298 480
299 480
300 480
301 480
302 480
303 480
304 480
305 480
306 480
307 480
308 480
309 480
310 480
311 480
312 480
313 480
314 480
315 480
316 480
317 480
318 480
319 480
320 480
321 480
322 480
323 480
324 480
325 480
326 480
327 480
328 480
329 480
330 480
331 480
332 480
333 480
334 480
335 480
336 480
337 480
338 480
339 480
340 480
341 480
342 480
343 480
344 480
345 480
346 480
347 480
348 480
349 480
350 480
351 480
352 480
353 480
354 480
355 480
356 480
357 480
358 480
359 480
360 480
361 480
362 480
363 480
364 480
365 480
366 480
367 480
368 480
369 480
370 480
371 480
372 480
373 480
374 480
375 480
376 480
377 480
378 480
379 480
380 480
381 480
382 480
383 480
384 480
385 480
386 480
387 480
388 480
389 480
390 480
391 480
392 480
393 480
394 480
395 480
396 480
397 480
398 480
399 480
400 480
401 480
402 480
403 480
404 480
405 480
405 479
405 478
406 477
406 476
406 475
407 474
407 473
407 472
408 471
408 470
408 469
409 468
409 467
409 466
410 465
410 464
410 463
411 462
411 461
411 460
411 459
412 458
412 457
412 456
413 455
413 454
413 453
414 452
414 451
414 450
415 449
415 448
415 447
416 446
416 445
416 444
417 443
417 442
417 441
418 440
418 439
418 438
419 437
419 436
419 435
419 434
420 433
420 432
420 431
421 430
421 429
421 428
422 427
422 426
422 425
423 424
423 423
423 422
424 421
424 420
424 419
425 418
425 417
425 416
426 415
426 414
426 413
426 412
427 411
427 410
427 409
428 408
428 407
428 406
429 405
429 404
429 403
430 402
430 401
430 400
431 399
431 398
431 397
432 396
432 395
432 394
433 393
433 392
433 391
433 390
434 389
434 388
434 387
435 386
435 385
435 384
436 383
436 382
436 381
437 380
437 379
437 378
438 377
438 376
438 375
439 374
439 373
439 372
440 371
440 370
440 369
441 368
441 367
441 366
441 365
442 364
442 363
442 362
443 361
443 360
443 359
444 358
444 357
444 356
445 355
445 354
445 353
446 352
446 351
446 350
447 349
447 348
447 347
448 346
448 345
448 344
448 343
449 342
449 341
449 340
450 339
450 338
450 337
451 336
451 335
451 334
452 333
452 332
452 331
453 330
453 329
453 328
454 327
454 326
454 325
455 324
455 323
455 322
456 321
456 320
456 319
456 318
457 317
457 316
457 315
458 314
458 313
458 312
459 311
459 310
459 309
460 308
460 307
460 306
461 305
461 304
461 303
462 302
462 301
462 300
463 299
463 298
463 297
463 296
464 295
464 294
464 293
465 292
465 291
465 290
466 289
466 288
466 287
467 286
467 285
467 284
468 283
468 282
468 281
469 280
469 279
469 278
470 277
470 276
470 275
470 274
471 273
471 272
471 271
472 270
472 269
472 268
473 267
473 266
473 265
474 264
474 263
474 262
475 261
475 260
475 259
476 258
476 257
476 256
477 255
477 254
477 253
478 252
478 251
478 250
479 249
478 248
477 247
476 246
475 245
474 245
473 244
472 243
471 242
470 242
469 241
468 240
467 239
466 239
465 238
464 237
463 237
462 236
461 235
460 234
459 234
458 233
457 232
456 231
455 231
454 230
453 229
452 228
451 228
450 227
449 226
448 225
447 225
446 224
445 223
444 222
443 222
442 221
441 220
440 220
439 219
438 218
437 217
436 217
435 216
434 215
433 214
432 214
431 213
430 212
429 211
428 211
427 210
426 209
425 208
424 208
423 207
422 206
421 205
420 205
419 204
418 203
417 203
416 202
415 201
414 200
413 200
412 199
411 198
410 197
409 197
408 196
407 195
406 194
405 194
404 193
403 192
402 191
401 191
400 190
399 189
398 188
397 188
396 187
395 186
394 186
393 185
392 184
391 183
390 183
389 182
388 181
387 180
386 180
385 179
384 178
383 177
382 177
381 176
380 175
379 174
378 174
377 173
376 172
375 172
374 171
373 170
372 169
371 169
370 168
369 167
368 166
367 166
366 165
365 164
364 163
363 163
362 162
361 161
360 160
359 160
358 159
357 158
356 157
355 157
354 156
353 155
352 155
351 154
350 153
349 152
348 152
347 151
346 150
345 149
344 149
343 148
342 147
341 146
340 146
339 145
338 144
337 143
336 143
335 142
334 141
333 140
332 140
331 139
330 138
329 138
328 137
327 136
326 135
325 135
324 134
323 133
322 132
321 132
320 131
319 130
318 129
317 129
316 128
315 127
314 126
313 126
312 125
311 124
310 123
309 123
308 122
307 121
306 120
305 120
304 119
303 118
302 118
301 117
300 116
299 115
298 115
297 114
296 113
295 112
294 112
293 111
292 110
291 109
290 109
289 108
288 107
287 107
286 106
285 105
