285 94
284 95
284 96
283 97
282 98
282 99
281 100
280 101
280 102
279 103
278 104
278 105
277 106
277 107
276 108
275 109
275 110
274 111
273 112
273 113
272 114
271 115
271 116
270 117
269 118
269 119
268 120
267 121
267 122
266 123
265 124
265 125
264 126
263 127
263 128
262 129
261 130
261 131
260 132
259 133
259 134
258 135
257 136
257 137
256 138
255 139
254 140
253 141
253 142
252 143
251 144
251 145
250 146
249 147
249 148
248 149
247 150
246 151
246 152
245 153
244 154
243 155
243 156
242 157
241 158
241 159
240 160
239 161
238 162
238 163
237 164
236 165
236 166
235 167
234 168
233 169
233 170
232 171
231 172
231 173
230 174
229 175
229 176
228 177
227 178
226 179
226 180
225 181
224 182
224 183
223 184
222 185
221 186
221 187
220 188
219 189
219 190
218 191
217 192
217 193
216 194
215 195
215 196
214 197
213 198
213 199
212 200
211 201
211 202
210 203
209 204
209 205
208 206
207 207
207 208
206 209
205 210
205 211
204 212
203 213
203 214
202 215
201 216
201 217
200 218
199 219
199 220
198 221
198 222
197 223
196 224
196 225
195 226
194 227
194 228
193 229
193 230
192 231
191 232
191 233
190 234
189 235
189 236
188 237
188 238
187 239
186 240
186 241
185 242
185 243
184 244
184 245
183 246
182 247
182 248
181 249
180 250
180 251
179 252
179 253
178 254
177 255
177 256
176 257
176 258
175 259
175 260
174 261
173 262
173 263
172 264
172 265
171 266
171 267
170 268
169 269
169 270
168 271
168 272
167 273
167 274
166 275
166 276
165 277
164 278
164 279
163 280
163 281
162 282
162 283
161 284
160 285
160 286
159 287
159 288
158 289
158 290
157 291
157 292
156 293
155 294
155 295
154 296
154 297
153 298
153 299
152 300
152 301
151 302
150 303
150 304
149 305
149 306
148 307
148 308
147 309
147 310
146 311
146 312
145 313
145 314
144 315
144 316
143 317
142 318
142 319
141 320
141 321
140 322
140 323
139 324
139 325
138 326
137 327
137 328
137 329
136 330
135 331
135 332
134 333
134 334
133 335
133 336
132 337
132 338
131 339
131 340
130 341
130 342
129 343
128 344
128 345
128 346
127 347
127 348
126 349
126 350
125 351
124 352
124 353
123 354
123 355
122 356
122 357
121 358
121 359
120 360
120 361
119 362
119 363
118 364
118 365
117 366
117 367
116 368
116 369
115 370
115 371
114 372
114 373
113 374
113 375
112 376
112 377
111 378
111 379
110 380
110 381
109 382
109 383
108 384
108 385
107 386
107 387
106 388
106 389
105 390
105 391
104 392
104 393
103 394
103 395
102 396
102 397
101 398
101 399
100 400
100 401
100 402
99 403
98 404
98 405
98 406
97 407
97 408
96 409
96 410
95 411
95 412
94 413
94 414
94 415
93 416
93 417
92 418
92 419
92 420
91 421
91 422
90 423
90 424
89 425
89 426
89 427
88 428
88 429
87 430
87 431
86 432
86 433
86 434
85 435
85 436
84 437
84 438
84 439
83 440
83 441
83 442
82 443
82 444
81 445
81 446
80 447
80 448
80 449
79 450
79 451
79 452
78 453
78 454
77 455
77 456
77 457
77 458
76 459
76 460
75 461
75 462
75 463
74 464
74 465
74 466
73 467
73 468
72 469
72 470
72 471
72 472
71 473
71 474
70 475
70 476
70 477
69 478
69 479
69 480
69 481
68 482
69 482
70 482
71 481
72 481
73 481
74 480
75 480
76 480
77 480
78 479
79 479
80 479
81 478
82 478
83 478
84 477
85 477
86 476
87 476
88 476
89 475
90 475
91 475
92 474
93 474
94 473
95 473
96 472
97 472
98 472
99 471
100 471
101 470
102 470
103 469
104 469
105 468
106 468
107 467
108 467
109 466
110 466
111 466
112 465
113 465
114 464
115 464
116 463
117 463
118 462
119 462
120 461
121 461
122 460
123 460
124 459
125 459
126 458
127 458
128 457
129 457
130 456
131 456
132 455
133 455
134 454
135 454
136 453
137 453
138 452
139 452
140 451
141 451
142 450
143 450
144 449
145 449
146 448
147 448
148 447
149 447
150 446
151 446
152 445
153 445
154 444
155 444
156 443
157 443
158 443
159 442
160 442
161 441
162 441
163 440
164 440
165 440
166 439
167 439
168 438
169 438
170 438
171 437
172 437
173 436
174 436
175 436
176 435
177 435
178 435
179 434
180 434
181 434
182 433
183 433
184 433
185 432
186 432
187 432
188 432
189 431
190 431
191 431
192 431
193 430
194 430
195 430
196 430
197 429
198 429
199 429
200 429
201 429
202 428
203 428
204 428
205 428
206 428
207 428
208 427
209 428
210 427
211 427
212 427
213 427
214 427
215 427
216 427
217 427
218 427
219 426
220 427
221 426
222 427
223 426
224 427
225 426
226 427
227 426
228 427
229 426
230 427
231 426
232 427
233 427
234 426
235 427
236 427
237 427
238 427
239 427
240 427
241 427
242 427
243 427
244 428
245 427
246 428
247 428
248 428
249 428
250 428
251 429
252 428
253 429
254 429
255 429
256 429
257 430
258 429
259 430
260 430
261 430
262 431
263 430
264 431
265 431
266 431
267 432
268 432
269 432
270 432
271 433
272 433
273 433
274 433
275 434
276 434
277 434
278 434
279 435
280 435
281 435
282 435
283 436
284 436
285 436
286 437
287 437
288 437
289 437
290 438
291 438
292 438
293 439
294 439
295 439
296 439
297 440
298 440
299 440
300 441
301 441
302 441
303 442
304 442
305 442
306 443
307 443
308 443
309 443
310 444
311 444
312 444
313 445
314 445
315 445
316 446
317 446
318 446
319 446
320 447
321 447
322 447
323 448
324 448
325 448
326 449
327 449
328 449
329 449
330 450
331 450
332 450
333 450
334 451
335 451
336 451
337 452
338 452
339 452
340 452
341 453
342 453
343 453
344 453
345 454
346 454
347 454
348 454
349 454
350 455
351 455
352 455
353 455
354 456
355 456
356 456
357 456
358 456
359 457
360 457
361 457
362 457
363 457
364 458
365 457
366 458
367 458
368 458
369 458
370 459
371 458
372 459
373 459
374 459
375 459
376 459
377 460
378 459
379 460
380 460
381 460
382 460
383 460
384 460
385 460
386 461
387 460
388 461
389 461
390 461
391 461
392 461
393 461
394 461
395 461
396 461
397 461
398 461
399 461
400 461
401 462
402 461
403 462
404 461
405 462
406 461
407 462
408 462
409 461
410 462
411 462
412 461
413 462
414 462
415 461
416 462
417 462
418 461
419 462
420 462
421 461
422 462
423 461
424 462
425 461
426 461
427 462
428 461
429 461
430 461
431 461
432 461
433 461
434 461
435 461
436 461
437 461
438 461
439 461
440 461
441 460
442 461
443 460
444 461
445 460
446 460
447 460
448 460
449 460
450 460
451 460
452 460
452 459
452 458
451 457
450 456
449 455
449 454
448 453
447 452
447 451
446 450
445 449
444 448
444 447
443 446
442 445
442 444
441 443
440 442
439 441
439 440
438 439
438 438
437 437
436 436
435 435
435 434
434 433
433 432
433 431
432 430
431 429
431 428
430 427
430 426
429 425
428 424
428 423
427 422
427 421
426 420
425 419
425 418
424 417
423 416
423 415
422 414
422 413
421 412
420 411
420 410
419 409
419 408
418 407
418 406
417 405
416 404
416 403
415 402
415 401
414 400
414 399
413 398
413 397
412 396
412 395
411 394
410 393
410 392
410 391
409 390
408 389
408 388
407 387
407 386
406 385
406 384
405 383
405 382
404 381
404 380
403 379
403 378
402 377
402 376
401 375
401 374
401 373
400 372
399 371
399 370
398 369
398 368
397 367
397 366
397 365
396 364
396 363
395 362
395 361
394 360
394 359
393 358
393 357
392 356
392 355
392 354
391 353
391 352
390 351
390 350
389 349
389 348
388 347
388 346
388 345
387 344
387 343
386 342
386 341
385 340
385 339
385 338
384 337
384 336
383 335
383 334
382 333
382 332
382 331
381 330
381 329
380 328
380 327
380 326
379 325
379 324
378 323
378 322
377 321
377 320
377 319
376 318
376 317
375 316
375 315
374 314
374 313
374 312
373 311
373 310
372 309
372 308
372 307
371 306
371 305
370 304
370 303
370 302
369 301
369 300
368 299
368 298
367 297
367 296
367 295
366 294
366 293
366 292
365 291
365 290
364 289
364 288
364 287
363 286
363 285
362 284
362 283
361 282
361 281
361 280
360 279
360 278
360 277
359 276
359 275
358 274
358 273
358 272
357 271
357 270
356 269
356 268
356 267
355 266
355 265
354 264
354 263
354 262
353 261
353 260
352 259
352 258
352 257
351 256
351 255
351 254
350 253
350 252
349 251
349 250
349 249
348 248
348 247
347 246
347 245
347 244
346 243
346 242
346 241
345 240
345 239
344 238
344 237
343 236
343 235
343 234
343 233
342 232
342 231
341 230
341 229
340 228
340 227
340 226
340 225
339 224
339 223
338 222
338 221
338 220
337 219
337 218
337 217
336 216
336 215
335 214
335 213
335 212
334 211
334 210
334 209
333 208
333 207
332 206
332 205
332 204
331 203
331 202
331 201
330 200
330 199
330 198
329 197
329 196
328 195
328 194
328 193
327 192
327 191
327 190
326 189
326 188
325 187
325 186
325 185
324 184
324 183
324 182
323 181
323 180
322 179
322 178
322 177
321 176
321 175
321 174
320 173
320 172
320 171
319 170
319 169
318 168
318 167
318 166
317 165
317 164
316 163
316 162
316 161
315 160
315 159
315 158
314 157
314 156
313 155
313 154
313 153
312 152
312 151
311 150
311 149
311 148
310 147
310 146
309 145
309 144
309 143
308 142
308 141
307 140
307 139
306 138
306 137
306 136
305 135
305 134
304 133
304 132
303 131
303 130
303 129
302 128
302 127
301 126
301 125
300 124
300 123
299 122
299 121
299 120
298 119
297 118
297 117
297 116
296 115
296 114
295 113
295 112
294 111
294 110
293 109
293 108
292 107
292 106
291 105
291 104
290 103
289 102
289 101
288 100
288 99
287 98
287 97
286 96
286 95
