276 78
277 79
278 80
278 81
279 82
279 83
280 84
280 85
281 86
281 87
282 88
282 89
283 90
283 91
284 92
284 93
284 94
285 95
285 96
285 97
286 98
286 99
286 100
287 101
287 102
287 103
288 104
288 105
288 106
288 107
288 108
288 109
289 110
289 111
289 112
289 113
289 114
289 115
289 116
289 117
289 118
289 119
289 120
289 121
289 122
289 123
289 124
289 125
289 126
288 127
288 128
288 129
288 130
288 131
287 132
287 133
287 134
286 135
286 136
286 137
285 138
285 139
285 140
284 141
284 142
283 143
283 144
282 145
282 146
281 147
280 148
280 149
279 150
278 151
278 152
277 153
276 153
275 152
274 151
273 150
272 149
271 148
270 147
269 146
268 145
268 144
267 143
266 142
265 141
265 140
264 139
263 138
263 137
262 136
262 135
261 134
261 133
260 132
260 131
260 130
259 129
259 128
259 127
258 126
258 125
258 124
258 123
257 122
257 121
257 120
257 119
257 118
256 117
257 116
257 115
256 114
256 113
256 112
256 111
256 110
257 109
256 108
257 107
257 106
257 105
257 104
257 103
257 102
257 101
258 100
258 99
258 98
258 97
258 96
259 95
259 94
259 93
260 92
260 91
260 90
260 89
261 88
261 87
261 86
262 85
262 84
263 83
263 82
263 81
264 80
264 79
263 79
262 79
261 79
260 79
259 79
258 79
257 80
256 80
255 80
254 80
253 80
252 80
251 80
250 81
249 80
248 81
247 81
246 81
245 81
244 81
243 81
242 82
241 82
240 82
239 82
238 82
237 83
236 83
235 83
234 83
233 84
232 84
231 84
230 84
229 84
228 85
227 85
226 85
225 86
224 86
223 86
222 86
221 87
220 87
219 87
218 88
217 88
216 88
215 89
214 89
213 89
212 90
211 90
210 91
209 91
208 91
207 92
206 92
205 92
204 93
203 93
202 94
201 94
200 95
199 95
198 96
197 96
196 96
195 97
194 97
193 98
192 98
191 99
190 99
189 100
188 100
187 101
186 101
185 102
184 103
183 103
182 104
181 104
180 105
179 105
178 106
177 107
176 107
175 108
174 108
173 109
172 110
171 110
170 111
169 112
168 112
167 113
166 114
165 114
164 115
163 116
162 117
161 117
160 118
159 119
158 119
157 120
156 121
155 122
154 123
153 124
152 124
151 125
150 126
149 127
148 128
147 129
146 130
145 131
144 132
143 133
142 134
141 134
141 135
140 136
139 136
139 137
138 138
137 138
137 139
136 140
135 141
134 142
133 143
132 144
131 145
130 146
129 147
128 148
128 149
127 150
126 151
125 152
124 153
123 154
123 155
122 156
121 157
120 158
120 159
119 160
118 161
118 162
117 163
116 164
116 165
115 166
114 167
114 168
113 169
112 170
112 171
111 172
110 173
110 174
109 175
109 176
108 177
107 178
107 179
106 180
106 181
105 182
105 183
104 184
104 185
103 186
103 187
102 188
102 189
101 190
101 191
100 192
100 193
99 194
99 195
99 196
98 197
98 198
97 199
97 200
96 201
96 202
95 203
95 204
95 205
94 206
94 207
94 208
93 209
93 210
92 211
92 212
92 213
91 214
91 215
91 216
90 217
90 218
90 219
89 220
89 221
89 222
89 223
88 224
88 225
88 226
87 227
87 228
87 229
87 230
86 231
86 232
86 233
86 234
85 235
85 236
85 237
85 238
84 239
84 240
84 241
84 242
84 243
84 244
84 245
83 246
83 247
83 248
83 249
83 250
83 251
82 252
82 253
82 254
82 255
82 256
82 257
82 258
82 259
82 260
81 261
82 262
81 263
81 264
81 265
81 266
81 267
81 268
81 269
81 270
81 271
81 272
81 273
81 274
81 275
81 276
81 277
81 278
81 279
81 280
81 281
80 282
81 283
81 284
82 284
83 283
84 283
85 282
86 281
87 281
88 280
89 280
90 279
91 279
92 278
93 278
94 278
95 277
96 277
97 277
98 277
99 276
100 276
101 276
102 276
103 276
104 276
105 276
106 276
107 276
108 276
109 276
110 276
111 276
112 276
113 276
114 276
115 277
116 277
117 277
118 277
119 278
120 278
121 278
122 279
123 279
124 280
125 280
126 280
127 281
128 281
129 282
130 283
131 283
132 284
133 285
134 285
135 286
135 287
134 288
133 289
132 290
131 291
130 292
129 293
128 293
127 294
126 295
125 296
124 296
123 297
122 297
121 298
120 298
119 299
118 299
117 300
116 300
115 301
114 301
113 301
112 302
111 302
110 302
109 303
108 302
107 303
106 303
105 303
104 303
103 303
102 303
101 303
100 303
99 303
98 303
97 303
96 302
95 302
94 302
93 302
92 301
91 301
90 301
89 300
88 300
87 299
86 299
85 298
84 298
83 297
82 297
81 296
80 296
80 297
81 298
81 299
81 300
81 301
81 302
82 303
82 304
82 305
82 306
82 307
82 308
83 309
83 310
83 311
83 312
83 313
84 314
84 315
84 316
84 317
84 318
84 319
85 320
85 321
85 322
85 323
86 324
86 325
86 326
86 327
87 328
87 329
87 330
87 331
88 332
88 333
88 334
88 335
89 336
89 337
89 338
90 339
90 340
90 341
91 342
91 343
91 344
92 345
92 346
92 347
93 348
93 349
94 350
94 351
94 352
95 353
95 354
95 355
96 356
96 357
97 358
97 359
98 360
98 361
98 362
99 363
99 364
100 365
100 366
101 367
101 368
102 369
102 370
103 371
103 372
104 373
104 374
105 375
105 376
106 377
106 378
107 379
107 380
108 381
109 382
109 383
110 384
110 385
111 386
112 387
112 388
113 389
114 390
114 391
115 392
116 393
116 394
117 395
118 396
118 397
119 398
120 399
120 400
121 401
122 402
122 403
123 404
124 405
125 406
126 407
127 408
127 409
128 410
129 411
130 412
131 413
132 414
133 415
134 416
135 417
136 418
137 419
137 420
138 420
139 421
139 422
140 422
141 423
141 424
142 424
143 425
144 426
145 427
146 428
147 429
148 430
149 431
150 432
151 433
152 434
153 434
154 435
155 436
156 437
157 438
158 439
159 439
160 440
161 441
162 442
163 442
164 443
165 444
166 444
167 445
168 446
169 447
170 447
171 448
172 448
173 449
174 450
175 450
176 451
177 452
178 452
179 453
180 453
181 454
182 454
183 455
184 455
185 456
186 457
187 457
188 458
189 458
190 459
191 459
192 460
193 460
194 461
195 461
196 462
197 462
198 462
199 463
200 464
201 464
202 464
203 465
204 465
205 466
206 466
207 466
208 467
209 467
210 467
211 468
212 468
213 469
214 469
215 469
216 470
217 470
218 470
219 471
220 471
221 471
222 472
223 472
224 472
225 472
226 473
227 473
228 473
229 474
230 474
231 474
232 474
233 474
234 475
235 475
236 475
237 475
238 476
239 476
240 476
241 476
242 476
243 477
244 477
245 477
246 477
247 477
248 477
249 478
250 477
251 478
252 478
253 478
254 478
255 478
256 478
257 478
258 478
259 479
260 478
261 479
262 479
263 479
264 479
265 479
266 479
267 479
268 479
269 479
270 479
271 479
272 479
271 478
270 477
269 476
269 475
268 474
267 473
267 472
266 471
266 470
265 469
265 468
264 467
264 466
263 465
263 464
263 463
262 462
262 461
262 460
262 459
262 458
261 457
261 456
261 455
261 454
261 453
261 452
261 451
261 450
261 449
261 448
262 447
262 446
262 445
262 444
263 443
263 442
263 441
264 440
264 439
264 438
265 437
265 436
266 435
266 434
267 433
268 432
268 431
269 430
270 429
271 428
271 427
272 426
273 425
274 424
275 423
276 422
277 421
278 422
279 423
280 423
281 424
281 425
282 425
283 426
283 427
284 428
285 429
286 430
287 431
287 432
288 433
288 434
289 435
289 436
290 437
290 438
290 439
291 440
291 441
291 442
291 443
291 444
292 445
292 446
292 447
292 448
291 449
292 450
292 451
292 452
291 453
291 454
291 455
291 456
291 457
291 458
290 459
290 460
290 461
290 462
289 463
289 464
289 465
288 466
288 467
288 468
287 469
287 470
286 471
286 472
285 473
285 474
284 475
284 476
283 477
283 478
284 478
285 478
286 478
287 478
288 478
289 478
290 478
291 478
292 478
293 478
294 478
295 478
296 478
297 478
298 478
299 478
300 478
301 478
302 478
303 478
304 478
305 478
306 478
307 477
308 477
309 477
310 477
311 477
312 477
313 476
314 476
315 476
316 476
317 476
318 476
319 475
320 475
321 475
322 475
323 474
324 474
325 474
326 474
327 473
328 473
329 473
330 473
331 472
332 472
333 472
334 471
335 471
336 471
337 471
338 470
339 470
340 470
341 469
342 469
343 469
344 468
345 468
346 467
347 467
348 467
349 466
350 466
351 465
352 465
353 465
354 464
355 464
356 463
357 463
358 462
359 462
360 461
361 461
362 460
363 460
364 460
365 459
366 459
367 458
368 457
369 457
370 456
371 456
372 455
373 455
374 454
375 454
376 453
377 453
378 452
379 451
380 451
381 450
382 450
383 449
384 448
385 448
386 447
387 446
388 446
389 445
390 444
391 444
392 443
393 442
394 441
395 441
396 440
397 439
398 438
399 438
400 437
401 436
402 435
403 434
404 433
405 432
406 432
407 431
408 430
409 429
410 428
411 427
412 426
413 425
414 424
415 423
416 422
417 421
418 420
419 419
420 418
421 417
422 416
423 415
424 414
425 413
426 412
427 411
427 410
428 409
429 408
430 407
431 406
432 405
432 404
433 403
434 402
435 401
435 400
436 399
437 398
438 397
438 396
439 395
440 394
440 393
441 392
442 391
442 390
443 389
444 388
444 387
445 386
445 385
446 384
447 383
447 382
448 381
448 380
449 379
449 378
450 377
451 376
451 375
452 374
452 373
453 372
453 371
454 370
454 369
455 368
455 367
456 366
456 365
457 364
457 363
457 362
458 361
458 360
459 359
459 358
460 357
460 356
460 355
461 354
461 353
462 352
462 351
462 350
463 349
463 348
463 347
464 346
464 345
464 344
465 343
465 342
465 341
466 340
466 339
466 338
467 337
467 336
467 335
467 334
468 333
468 332
468 331
469 330
469 329
469 328
469 327
470 326
470 325
470 324
470 323
470 322
471 321
471 320
471 319
471 318
472 317
472 316
472 315
472 314
472 313
472 312
472 311
473 310
473 309
473 308
473 307
473 306
473 305
473 304
474 303
474 302
474 301
474 300
474 299
474 298
474 297
474 296
474 295
475 294
475 293
475 292
475 291
475 290
475 289
475 288
475 287
475 286
474 285
475 284
475 283
474 282
475 281
475 280
474 279
474 278
474 277
474 276
474 275
474 274
474 273
474 272
474 271
474 270
474 269
473 270
472 271
471 272
470 273
469 274
468 275
467 276
466 276
465 277
464 278
463 278
462 279
461 279
460 280
459 280
458 281
457 281
456 281
455 281
454 282
453 282
452 282
451 282
450 282
449 282
448 282
447 282
446 282
445 282
444 282
443 282
442 281
441 281
440 281
439 281
438 280
437 280
436 279
435 279
434 279
433 278
432 278
431 277
430 277
429 276
428 275
427 275
426 274
425 273
424 273
423 272
422 271
421 270
420 270
419 269
420 268
421 267
422 266
423 265
424 264
425 263
426 262
427 262
428 261
429 260
430 260
431 259
432 258
433 258
434 257
435 257
436 257
437 256
438 256
439 256
440 255
441 255
442 255
443 255
444 255
445 254
446 254
447 254
448 254
449 254
450 254
451 254
452 254
453 254
454 255
455 255
456 255
457 255
458 255
459 255
460 256
461 256
462 256
463 257
464 257
465 257
466 258
467 258
468 258
469 259
470 259
471 260
472 260
473 261
474 261
475 262
474 261
474 260
474 259
474 258
474 257
474 256
474 255
473 254
473 253
473 252
473 251
473 250
473 249
473 248
472 247
472 246
472 245
472 244
472 243
472 242
472 241
471 240
471 239
471 238
471 237
470 236
470 235
470 234
470 233
470 232
469 231
469 230
469 229
469 228
468 227
468 226
468 225
467 224
467 223
467 222
467 221
466 220
466 219
466 218
465 217
465 216
465 215
464 214
464 213
464 212
463 211
463 210
463 209
462 208
462 207
462 206
461 205
461 204
460 203
460 202
460 201
459 200
459 199
458 198
458 197
457 196
457 195
457 194
456 193
456 192
455 191
455 190
454 189
454 188
453 187
453 186
452 185
452 184
451 183
451 182
450 181
450 180
449 179
448 178
448 177
447 176
447 175
446 174
445 173
445 172
444 171
444 170
443 169
442 168
442 167
441 166
440 165
440 164
439 163
438 162
438 161
437 160
436 159
436 158
435 157
434 156
433 155
432 154
432 153
431 152
430 151
429 150
428 149
427 148
427 147
426 146
425 145
424 144
423 143
422 142
421 141
420 140
419 139
418 138
417 137
416 136
415 135
414 134
413 133
412 132
411 131
410 130
409 129
408 128
407 127
406 126
405 125
404 125
403 124
402 123
401 122
400 121
399 120
398 120
397 119
396 118
395 117
394 117
393 116
392 115
391 115
390 114
389 113
388 112
387 112
386 111
385 110
384 110
383 109
382 109
381 108
380 107
379 107
378 106
377 105
376 105
375 104
374 104
373 103
372 103
371 102
370 102
369 101
368 100
367 100
366 99
365 99
364 98
363 98
362 97
361 97
360 96
359 96
358 96
357 95
356 95
355 94
354 94
353 93
352 93
351 92
350 92
349 92
348 91
347 91
346 91
345 90
344 90
343 89
342 89
341 89
340 88
339 88
338 88
337 87
336 87
335 87
334 87
333 86
332 86
331 86
330 85
329 85
328 85
327 85
326 84
325 84
324 84
323 84
322 83
321 83
320 83
319 83
318 82
317 82
316 82
315 82
314 82
313 81
312 81
311 81
310 81
309 81
308 81
307 81
306 80
305 80
304 80
303 80
302 80
301 80
300 80
299 80
298 79
297 80
296 79
295 79
294 79
293 79
292 79
291 79
290 79
289 79
288 79
287 78
286 79
285 78
284 78
283 78
282 78
281 78
280 78
279 78
278 78
277 78
