254 50
254 51
254 52
254 53
254 54
254 55
254 56
254 57
254 58
254 59
254 60
254 61
254 62
254 63
254 64
254 65
254 66
254 67
254 68
254 69
254 70
254 71
254 72
254 73
254 74
254 75
254 76
254 77
254 78
254 79
254 80
254 81
254 82
254 83
254 84
254 85
254 86
254 87
254 88
254 89
254 90
254 91
254 92
254 93
254 94
254 95
254 96
254 97
254 98
254 99
254 100
254 101
254 102
254 103
254 104
254 105
254 106
254 107
254 108
254 109
254 110
254 111
254 112
254 113
254 114
254 115
254 116
254 117
254 118
254 119
254 120
254 121
254 122
254 123
254 124
254 125
254 126
254 127
254 128
254 129
254 130
254 131
254 132
254 133
254 134
254 135
254 136
254 137
254 138
254 139
254 140
254 141
254 142
254 143
254 144
254 145
254 146
254 147
254 148
254 149
254 150
254 151
254 152
254 153
254 154
254 155
254 156
254 157
254 158
254 159
254 160
254 161
254 162
254 163
254 164
254 165
254 166
254 167
254 168
254 169
254 170
254 171
254 172
254 173
254 174
254 175
254 176
254 177
254 178
254 179
254 180
254 181
254 182
254 183
254 184
254 185
254 186
254 187
254 188
254 189
254 190
254 191
254 192
254 193
254 194
254 195
253 196
252 195
251 194
250 193
249 192
248 191
247 190
246 189
245 188
244 187
243 186
242 185
241 184
240 183
239 182
238 181
237 180
236 179
235 178
234 177
233 176
232 175
231 174
230 173
229 172
228 171
227 170
226 169
225 168
224 167
223 166
222 165
222 164
221 164
220 163
220 162
219 162
218 161
218 160
217 160
216 159
216 158
215 158
214 157
214 156
213 156
212 155
212 154
211 154
210 153
210 152
209 151
208 150
207 149
206 148
205 147
204 146
203 145
202 144
201 143
200 142
199 141
198 140
197 139
196 138
195 137
194 136
193 135
192 134
191 133
190 132
189 131
188 130
187 129
186 128
185 127
184 126
183 125
182 124
181 123
180 122
179 121
178 120
177 119
176 118
175 117
174 116
173 115
172 114
171 113
171 112
170 112
169 111
169 110
168 110
167 109
167 108
166 108
165 107
165 106
164 106
163 105
163 104
162 104
161 103
161 102
160 102
159 101
159 100
158 99
157 98
156 97
155 96
154 95
153 94
152 95
151 96
150 97
149 98
148 99
147 100
146 101
145 102
144 103
143 104
142 105
141 106
140 107
139 108
138 109
137 110
136 111
135 112
134 113
133 114
132 115
131 116
130 117
129 118
128 119
127 120
126 121
125 122
124 123
123 124
122 125
121 126
120 127
119 128
118 129
117 130
116 131
117 132
118 133
119 134
120 135
121 136
122 137
123 138
124 139
125 140
126 141
127 142
128 143
129 144
130 145
131 146
132 147
133 148
134 149
135 150
136 151
137 152
138 153
139 154
140 155
140 156
141 156
142 157
142 158
143 158
144 159
144 160
145 160
146 161
146 162
147 162
148 163
148 164
149 164
150 165
150 166
151 166
152 167
152 168
153 168
154 169
154 170
155 170
156 171
156 172
157 173
158 174
159 175
160 176
161 177
162 178
163 179
164 180
165 181
166 182
167 183
168 184
169 185
170 186
171 187
172 188
173 189
174 190
175 191
176 192
177 193
178 194
179 195
180 196
181 197
182 198
183 199
184 200
185 201
186 202
187 203
188 204
189 205
190 206
191 207
192 208
193 209
194 210
195 211
196 212
197 213
198 214
199 215
200 216
201 217
202 218
203 219
204 220
204 221
205 221
206 222
206 223
207 223
208 224
208 225
209 225
210 226
210 227
211 227
212 228
212 229
213 229
214 230
214 231
215 231
216 232
215 233
214 233
213 233
212 233
211 233
210 233
209 233
208 233
207 233
206 233
205 233
204 233
203 233
202 233
201 233
200 233
199 233
198 233
197 233
196 233
195 233
194 233
193 233
192 233
191 233
190 233
189 233
188 233
187 233
186 233
185 233
184 233
183 233
182 233
181 233
180 233
179 233
178 233
177 233
176 233
175 233
174 233
173 233
172 233
171 233
170 233
169 233
168 233
167 233
166 233
165 233
164 233
163 233
162 233
161 233
160 233
159 233
158 233
157 233
156 233
155 233
154 233
153 233
152 233
151 233
150 233
149 233
148 233
147 233
146 233
145 233
144 233
143 233
142 233
141 233
140 233
139 233
138 233
137 233
136 233
135 233
134 233
133 233
132 233
131 233
130 233
129 233
128 233
127 233
126 233
125 233
124 233
123 233
122 233
121 233
120 233
119 233
118 233
117 233
116 233
115 233
114 233
113 233
112 233
111 233
110 233
109 233
108 233
107 233
106 233
105 233
104 233
103 233
102 233
101 233
100 233
99 233
98 233
97 233
96 233
95 233
94 233
93 233
92 233
91 233
90 233
89 233
88 233
87 233
86 233
85 233
84 233
83 233
82 233
81 233
80 233
79 233
78 233
77 233
76 233
75 233
74 233
74 234
74 235
74 236
74 237
74 238
74 239
74 240
74 241
74 242
74 243
74 244
74 245
74 246
74 247
74 248
74 249
74 250
74 251
74 252
74 253
74 254
74 255
74 256
74 257
74 258
74 259
74 260
74 261
74 262
74 263
74 264
74 265
74 266
74 267
74 268
74 269
74 270
74 271
74 272
74 273
74 274
74 275
74 276
74 277
74 278
74 279
74 280
74 281
74 282
74 283
74 284
74 285
75 285
76 285
77 285
78 285
79 285
80 285
81 285
82 285
83 285
84 285
85 285
86 285
87 285
88 285
89 285
90 285
91 285
92 285
93 285
94 285
95 285
96 285
97 285
98 285
99 285
100 285
101 285
102 285
103 285
104 285
105 285
106 285
107 285
108 285
109 285
110 285
111 285
112 285
113 285
114 285
115 285
116 285
117 285
118 285
119 285
120 285
121 285
122 285
123 285
124 285
125 285
126 285
127 285
128 285
129 285
130 285
131 285
132 285
133 285
134 285
135 285
136 285
137 285
138 285
139 285
140 285
141 285
142 285
143 285
144 285
145 285
146 285
147 285
148 285
149 285
150 285
151 285
152 285
153 285
154 285
155 285
156 285
157 285
158 285
159 285
160 285
161 285
162 285
163 285
164 285
165 285
166 285
167 285
168 285
169 285
170 285
171 285
172 285
173 285
174 285
175 285
176 285
177 285
178 285
179 285
180 285
181 285
182 285
183 285
184 285
185 285
186 285
187 285
188 285
189 285
190 285
191 285
192 285
193 285
194 285
195 285
196 285
197 285
198 285
199 285
200 285
201 285
202 285
203 285
204 285
205 285
206 285
207 285
208 285
209 285
210 285
211 285
212 285
213 285
214 285
215 285
216 285
217 285
218 286
217 287
216 288
215 289
214 290
213 291
212 292
211 293
210 294
209 295
208 296
207 297
206 298
205 299
204 300
203 301
202 302
201 303
200 304
199 305
198 306
197 307
196 308
195 309
194 310
194 311
193 312
192 313
191 314
190 315
189 316
188 317
187 318
186 319
185 320
184 321
183 322
182 323
181 324
180 325
179 326
178 327
177 328
176 329
175 330
174 331
173 332
172 333
171 334
170 335
169 336
168 337
167 338
166 339
165 340
164 341
163 342
162 343
161 344
160 345
159 346
158 347
157 348
156 349
155 350
154 351
153 352
152 353
151 354
150 355
149 356
148 357
147 358
146 359
145 360
144 361
143 362
142 363
141 364
140 365
139 366
138 367
138 368
137 369
136 370
135 371
134 372
133 373
132 374
131 375
130 376
129 377
128 378
127 379
126 380
125 381
124 382
123 383
122 384
121 385
120 386
119 387
118 388
117 389
116 390
117 391
118 392
119 393
120 394
121 395
122 396
123 397
124 398
125 399
126 400
127 401
128 402
129 403
130 404
131 405
132 406
133 407
134 408
135 409
136 410
137 411
138 412
139 413
140 414
141 415
142 416
143 417
144 418
145 419
146 420
147 421
148 422
149 423
150 424
151 425
152 426
153 426
154 426
154 425
155 424
156 424
156 423
157 422
158 422
158 421
159 420
160 420
160 419
161 418
162 417
163 416
164 415
165 414
166 413
167 412
168 411
169 410
170 409
171 408
172 407
173 406
174 405
175 404
176 403
177 402
178 401
179 400
180 399
181 398
182 397
183 396
184 395
185 394
186 393
187 392
188 391
189 390
190 389
191 388
192 387
193 386
194 385
195 384
196 383
197 382
198 381
199 380
200 379
201 378
202 377
203 376
204 375
205 374
206 373
207 372
208 371
209 370
209 369
210 368
211 368
211 367
212 366
213 366
213 365
214 364
215 364
215 363
216 362
217 362
217 361
218 360
219 360
219 359
220 358
221 358
221 357
222 356
223 356
223 355
224 354
225 353
226 352
227 351
228 350
229 349
230 348
231 347
232 346
233 345
234 344
235 343
236 342
237 341
238 340
239 339
240 338
241 337
242 336
243 335
244 334
245 333
246 332
247 331
248 330
249 329
250 328
251 327
252 326
253 325
254 326
254 327
254 328
254 329
254 330
254 331
254 332
254 333
254 334
254 335
254 336
254 337
254 338
254 339
254 340
254 341
254 342
254 343
254 344
254 345
254 346
254 347
254 348
254 349
254 350
254 351
254 352
254 353
254 354
254 355
254 356
254 357
254 358
254 359
254 360
254 361
254 362
254 363
254 364
254 365
254 366
254 367
254 368
254 369
254 370
254 371
254 372
254 373
254 374
254 375
254 376
254 377
254 378
254 379
254 380
254 381
254 382
254 383
254 384
254 385
254 386
254 387
254 388
254 389
254 390
254 391
254 392
254 393
254 394
254 395
254 396
254 397
254 398
254 399
254 400
254 401
254 402
254 403
254 404
254 405
254 406
254 407
254 408
254 409
254 410
254 411
254 412
254 413
254 414
254 415
254 416
254 417
254 418
254 419
254 420
254 421
254 422
254 423
254 424
254 425
254 426
254 427
254 428
254 429
254 430
254 431
254 432
254 433
254 434
254 435
254 436
254 437
254 438
254 439
254 440
254 441
254 442
254 443
254 444
254 445
254 446
254 447
254 448
254 449
254 450
254 451
254 452
254 453
254 454
254 455
254 456
254 457
254 458
254 459
254 460
254 461
254 462
254 463
254 464
254 465
254 466
254 467
254 468
255 468
256 468
257 468
258 468
259 468
260 468
261 468
262 468
263 468
264 468
265 468
266 468
267 468
268 468
269 468
270 468
271 468
272 468
273 468
274 468
275 468
276 468
277 468
278 468
279 468
280 468
281 468
282 468
283 468
284 468
285 468
286 468
287 468
288 468
289 468
290 468
291 468
292 468
293 468
294 468
295 468
296 468
297 468
298 468
299 468
300 468
301 468
302 468
303 468
304 468
305 468
306 468
306 467
306 466
306 465
306 464
306 463
306 462
306 461
306 460
306 459
306 458
306 457
306 456
306 455
306 454
306 453
306 452
306 451
306 450
306 449
306 448
306 447
306 446
306 445
306 444
306 443
306 442
306 441
306 440
306 439
306 438
306 437
306 436
306 435
306 434
306 433
306 432
306 431
306 430
306 429
306 428
306 427
306 426
306 425
306 424
306 423
306 422
306 421
306 420
306 419
306 418
306 417
306 416
306 415
306 414
306 413
306 412
306 411
306 410
306 409
306 408
306 407
306 406
306 405
306 404
306 403
306 402
306 401
306 400
306 399
306 398
306 397
306 396
306 395
306 394
306 393
306 392
306 391
306 390
306 389
306 388
306 387
306 386
306 385
306 384
306 383
306 382
306 381
306 380
306 379
306 378
306 377
306 376
306 375
306 374
306 373
306 372
306 371
306 370
306 369
306 368
306 367
306 366
306 365
306 364
306 363
306 362
306 361
306 360
306 359
306 358
306 357
306 356
306 355
306 354
306 353
306 352
306 351
306 350
306 349
306 348
306 347
306 346
306 345
306 344
306 343
306 342
306 341
306 340
306 339
306 338
306 337
306 336
306 335
306 334
306 333
306 332
306 331
306 330
306 329
306 328
306 327
306 326
307 325
308 326
309 327
310 328
311 329
312 330
312 331
313 331
314 332
314 333
315 333
316 334
316 335
317 335
318 336
318 337
319 337
320 338
320 339
321 339
322 340
322 341
323 341
324 342
324 343
325 343
326 344
326 345
327 345
328 346
328 347
329 347
330 348
330 349
331 349
332 350
332 351
333 352
334 353
335 354
336 355
337 356
338 357
339 358
340 359
341 360
342 361
343 362
344 363
345 364
346 365
347 366
348 367
349 368
350 369
351 370
352 371
353 372
354 373
355 374
356 375
357 376
358 377
359 378
360 379
361 380
362 381
363 382
364 383
365 384
366 385
367 386
368 387
369 388
370 389
371 390
372 391
373 392
374 393
375 394
376 395
377 396
378 397
379 398
380 399
381 400
382 401
383 402
384 403
385 404
386 405
387 406
388 407
389 408
390 409
391 410
392 411
393 412
394 413
395 414
396 415
397 416
397 417
398 417
399 418
399 419
400 419
401 420
401 421
402 421
403 422
403 423
404 423
405 424
405 425
406 425
407 426
408 426
409 425
410 424
411 423
412 422
413 421
414 420
415 419
416 418
417 417
418 416
419 415
420 414
421 413
422 412
423 411
424 410
425 409
426 408
427 407
428 406
429 405
430 404
431 403
432 402
433 401
434 400
435 399
435 398
436 397
437 397
437 396
438 395
439 395
439 394
440 393
441 393
441 392
442 391
443 390
443 389
442 388
441 387
440 386
439 385
438 384
437 383
436 382
435 381
434 380
433 379
432 378
431 377
430 376
429 375
428 374
427 373
426 372
425 371
424 370
423 369
422 368
421 367
420 366
419 365
418 364
417 363
416 362
415 361
414 360
413 359
412 358
411 357
410 356
409 355
408 354
408 353
407 353
406 352
406 351
405 351
404 350
404 349
403 349
402 348
402 347
401 347
400 346
400 345
399 345
398 344
398 343
397 343
396 342
396 341
395 341
394 340
394 339
393 338
392 337
391 336
390 335
389 334
388 333
387 332
386 331
385 330
384 329
383 328
382 327
381 326
380 325
379 324
378 323
377 322
376 321
375 320
374 319
373 318
372 317
371 316
370 315
369 314
368 313
367 312
366 311
365 310
364 309
363 308
362 307
361 306
360 305
359 304
358 303
357 302
356 301
355 300
354 299
353 298
352 297
351 296
351 295
350 295
349 294
349 293
348 293
347 292
347 291
346 291
345 290
345 289
344 289
343 288
343 287
342 287
341 286
342 285
343 285
344 285
345 285
346 285
347 285
348 285
349 285
350 285
351 285
352 285
353 285
354 285
355 285
356 285
357 285
358 285
359 285
360 285
361 285
362 285
363 285
364 285
365 285
366 285
367 285
368 285
369 285
370 285
371 285
372 285
373 285
374 285
375 285
376 285
377 285
378 285
379 285
380 285
381 285
382 285
383 285
384 285
385 285
386 285
387 285
388 285
389 285
390 285
391 285
392 285
393 285
394 285
395 285
396 285
397 285
398 285
399 285
400 285
401 285
402 285
403 285
404 285
405 285
406 285
407 285
408 285
409 285
410 285
411 285
412 285
413 285
414 285
415 285
416 285
417 285
418 285
419 285
420 285
421 285
422 285
423 285
424 285
425 285
426 285
427 285
428 285
429 285
430 285
431 285
432 285
433 285
434 285
435 285
436 285
437 285
438 285
439 285
440 285
441 285
442 285
443 285
444 285
445 285
446 285
447 285
448 285
449 285
450 285
451 285
452 285
453 285
454 285
455 285
456 285
457 285
458 285
459 285
460 285
461 285
462 285
463 285
464 285
465 285
466 285
467 285
468 285
469 285
470 285
471 285
472 285
473 285
474 285
475 285
476 285
477 285
478 285
479 285
480 285
481 285
482 285
483 285
484 285
485 285
486 285
486 284
486 283
486 282
486 281
486 280
486 279
486 278
486 277
486 276
486 275
486 274
486 273
486 272
486 271
486 270
486 269
486 268
486 267
486 266
486 265
486 264
486 263
486 262
486 261
486 260
486 259
486 258
486 257
486 256
486 255
486 254
486 253
486 252
486 251
486 250
486 249
486 248
486 247
486 246
486 245
486 244
486 243
486 242
486 241
486 240
486 239
486 238
486 237
486 236
486 235
486 234
486 233
485 233
484 233
483 233
482 233
481 233
480 233
479 233
478 233
477 233
476 233
475 233
474 233
473 233
472 233
471 233
470 233
469 233
468 233
467 233
466 233
465 233
464 233
463 233
462 233
461 233
460 233
459 233
458 233
457 233
456 233
455 233
454 233
453 233
452 233
451 233
450 233
449 233
448 233
447 233
446 233
445 233
444 233
443 233
442 233
441 233
440 233
439 233
438 233
437 233
436 233
435 233
434 233
433 233
432 233
431 233
430 233
429 233
428 233
427 233
426 233
425 233
424 233
423 233
422 233
421 233
420 233
419 233
418 233
417 233
416 233
415 233
414 233
413 233
412 233
411 233
410 233
409 233
408 233
407 233
406 233
405 233
404 233
403 233
402 233
401 233
400 233
399 233
398 233
397 233
396 233
395 233
394 233
393 233
392 233
391 233
390 233
389 233
388 233
387 233
386 233
385 233
384 233
383 233
382 233
381 233
380 233
379 233
378 233
377 233
376 233
375 233
374 233
373 233
372 233
371 233
370 233
369 233
368 233
367 233
366 233
365 233
364 233
363 233
362 233
361 233
360 233
359 233
358 233
357 233
356 233
355 233
354 233
353 233
352 233
351 233
350 233
349 233
348 233
347 233
346 233
345 233
344 232
345 231
346 230
347 229
348 228
349 227
350 226
351 225
352 224
353 223
354 222
355 221
356 220
357 219
358 218
359 217
360 216
361 215
362 214
363 213
364 212
365 211
366 210
367 209
368 208
369 207
370 206
371 205
372 204
373 203
374 202
375 201
376 200
377 199
378 198
379 197
380 196
381 195
382 194
383 193
384 192
385 191
386 190
387 189
388 188
389 187
389 186
390 185
391 185
391 184
392 183
393 183
393 182
394 181
395 181
395 180
396 179
397 179
397 178
398 177
399 177
399 176
400 175
401 175
401 174
402 173
403 173
403 172
404 171
405 170
406 169
407 168
408 167
409 166
410 165
411 164
412 163
413 162
414 161
415 160
416 159
417 158
418 157
419 156
420 155
421 154
422 153
423 152
424 151
425 150
426 149
427 148
428 147
429 146
430 145
431 144
432 143
433 142
434 141
435 140
436 139
437 138
438 137
439 136
440 135
441 134
442 133
443 132
443 131
442 130
442 129
441 129
440 128
440 127
439 127
438 126
438 125
437 124
436 123
435 122
434 121
433 120
432 119
431 118
430 117
429 116
428 115
427 114
426 113
425 112
424 111
423 110
422 109
421 108
420 107
419 106
418 105
417 104
416 103
415 102
414 101
413 100
412 99
411 98
410 97
409 96
408 95
407 94
406 95
405 96
404 97
403 98
402 99
401 100
400 101
399 102
399 103
398 104
397 104
397 105
396 106
395 106
395 107
394 108
393 108
393 109
392 110
391 110
391 111
390 112
389 112
389 113
388 114
387 114
387 115
386 116
385 116
385 117
384 118
383 119
382 120
381 121
380 122
379 123
378 124
377 125
376 126
375 127
374 128
373 129
372 130
371 131
370 132
369 133
368 134
367 135
366 136
365 137
364 138
363 139
362 140
361 141
360 142
359 143
358 144
357 145
356 146
355 147
354 148
353 149
352 150
351 151
350 152
349 153
348 154
347 155
346 156
345 157
344 158
343 159
342 160
341 161
340 162
339 163
338 164
337 165
336 166
335 167
335 168
334 169
333 169
333 170
332 171
331 171
331 172
330 173
329 173
329 174
328 175
327 175
327 176
326 177
325 177
325 178
324 179
323 179
323 180
322 181
321 181
321 182
320 183
319 184
318 185
317 186
316 187
315 188
314 189
313 190
312 191
311 192
310 193
309 194
308 195
307 196
306 195
306 194
306 193
306 192
306 191
306 190
306 189
306 188
306 187
306 186
306 185
306 184
306 183
306 182
306 181
306 180
306 179
306 178
306 177
306 176
306 175
306 174
306 173
306 172
306 171
306 170
306 169
306 168
306 167
306 166
306 165
306 164
306 163
306 162
306 161
306 160
306 159
306 158
306 157
306 156
306 155
306 154
306 153
306 152
306 151
306 150
306 149
306 148
306 147
306 146
306 145
306 144
306 143
306 142
306 141
306 140
306 139
306 138
306 137
306 136
306 135
306 134
306 133
306 132
306 131
306 130
306 129
306 128
306 127
306 126
306 125
306 124
306 123
306 122
306 121
306 120
306 119
306 118
306 117
306 116
306 115
306 114
306 113
306 112
306 111
306 110
306 109
306 108
306 107
306 106
306 105
306 104
306 103
306 102
306 101
306 100
306 99
306 98
306 97
306 96
306 95
306 94
306 93
306 92
306 91
306 90
306 89
306 88
306 87
306 86
306 85
306 84
306 83
306 82
306 81
306 80
306 79
306 78
306 77
306 76
306 75
306 74
306 73
306 72
306 71
306 70
306 69
306 68
306 67
306 66
306 65
306 64
306 63
306 62
306 61
306 60
306 59
306 58
306 57
306 56
306 55
306 54
306 53
306 52
306 51
306 50
305 50
304 50
303 50
302 50
301 50
300 50
299 50
298 50
297 50
296 50
295 50
294 50
293 50
292 50
291 50
290 50
289 50
288 50
287 50
286 50
285 50
284 50
283 50
282 50
281 50
280 50
279 50
278 50
277 50
276 50
275 50
274 50
273 50
272 50
271 50
270 50
269 50
268 50
267 50
266 50
265 50
264 50
263 50
262 50
261 50
260 50
259 50
258 50
257 50
256 50
255 50
