159 97
159 98
160 99
160 100
161 101
162 102
163 103
163 104
164 105
164 106
165 107
165 108
165 109
164 110
164 111
163 112
162 113
161 114
161 115
161 116
161 117
160 118
160 119
160 120
161 121
161 122
161 123
162 124
162 125
161 126
161 127
160 128
159 129
158 130
158 131
158 132
158 133
159 134
160 135
161 136
162 136
163 137
164 138
165 138
166 139
166 140
165 141
164 141
163 141
162 141
161 141
160 141
159 141
158 142
157 143
157 144
157 145
158 146
158 147
159 148
160 149
160 150
161 151
162 152
163 153
164 154
164 155
165 156
165 157
165 158
165 159
165 160
165 161
164 162
164 163
163 164
163 165
164 166
163 167
163 168
164 169
164 170
165 171
165 172
165 173
166 174
166 175
166 176
167 177
166 178
166 179
167 180
167 181
167 182
168 183
168 184
169 185
170 186
171 187
172 188
173 189
173 190
173 191
174 192
174 193
174 194
174 195
173 196
173 197
172 198
173 199
174 200
175 201
176 202
177 202
178 203
178 204
179 204
180 204
181 205
182 205
183 205
184 206
184 207
183 208
183 209
182 210
181 211
181 212
182 212
183 213
184 214
185 214
186 214
187 215
186 216
185 216
184 217
183 217
182 217
181 217
180 217
179 216
178 216
177 215
176 215
175 215
174 215
173 215
172 216
171 216
170 217
169 218
168 218
167 217
166 216
165 215
164 215
163 215
162 215
161 215
160 215
160 216
159 217
159 218
158 219
157 220
156 221
155 221
154 221
153 221
152 222
151 222
150 221
149 221
148 221
147 221
146 220
145 220
144 219
143 219
142 218
141 218
140 218
139 217
138 218
137 219
137 220
137 221
137 222
137 223
137 224
136 225
136 226
135 227
134 227
133 226
132 226
131 225
130 225
129 224
128 224
127 225
126 226
125 227
125 228
124 229
123 229
122 230
121 230
120 230
119 229
118 229
117 228
116 228
115 228
114 228
113 228
112 229
112 230
111 231
111 232
111 233
111 234
110 235
110 236
109 237
108 237
107 237
106 237
105 236
104 236
103 236
102 236
101 235
100 235
99 236
98 236
99 237
99 238
99 239
99 240
99 241
100 242
99 243
98 243
97 243
96 243
95 244
94 244
93 244
92 244
91 245
90 246
89 247
88 248
87 249
87 250
86 251
85 250
84 250
83 250
82 250
81 251
80 250
79 251
78 251
78 252
78 253
78 254
78 255
78 256
78 257
79 258
79 259
79 260
79 261
80 262
80 263
81 264
81 265
82 266
83 267
84 267
85 267
86 267
87 267
88 267
89 267
90 267
91 267
92 267
93 268
93 269
94 269
95 270
95 271
96 272
97 272
98 273
99 273
100 274
101 275
102 275
103 275
104 275
105 276
106 277
107 277
108 278
109 279
110 280
111 281
112 281
113 282
114 283
115 282
116 282
117 282
118 283
119 283
120 283
121 284
122 285
123 285
124 286
125 286
126 286
127 287
128 287
129 287
130 287
131 287
132 287
133 287
134 288
135 288
136 288
137 288
138 289
139 289
140 289
141 288
142 289
143 289
144 290
145 291
146 291
147 292
148 292
149 292
150 293
151 292
152 292
153 292
154 291
155 291
156 291
157 291
158 292
159 292
160 293
161 294
162 294
163 295
164 296
165 296
166 297
167 298
168 298
169 298
170 298
171 298
172 297
173 296
174 295
175 295
176 294
177 294
178 293
179 293
180 293
181 293
182 293
183 292
184 293
185 293
186 293
187 293
188 293
189 294
188 295
187 296
186 297
185 298
184 299
183 300
184 301
183 302
183 303
184 304
185 305
184 306
183 306
182 307
181 308
180 308
179 309
178 309
178 310
177 311
176 312
177 313
176 314
176 315
175 316
175 317
175 318
175 319
175 320
175 321
175 322
175 323
174 324
175 325
174 326
173 327
172 327
171 327
170 328
169 328
168 328
168 329
168 330
167 331
168 332
168 333
169 334
169 335
170 336
170 337
171 338
170 339
171 340
170 341
169 342
168 343
167 343
166 343
165 342
164 342
163 342
162 342
161 342
160 342
160 343
160 344
160 345
161 346
161 347
162 348
163 349
164 350
165 351
165 352
166 353
166 354
167 355
167 356
166 357
166 358
165 359
165 360
165 361
164 362
164 363
164 364
163 365
163 366
163 367
163 368
162 369
163 370
163 371
163 372
164 373
164 374
164 375
164 376
163 377
163 378
164 379
164 380
165 381
165 382
166 383
166 384
167 385
168 386
168 387
169 388
169 389
168 390
167 391
166 391
165 391
164 391
163 390
162 390
161 390
160 390
159 390
159 391
159 392
159 393
160 394
160 395
161 396
162 397
163 398
163 399
164 400
165 401
166 402
167 403
168 404
168 405
168 406
169 407
168 408
168 409
169 409
170 408
171 408
172 408
173 408
174 407
175 407
176 406
177 406
178 406
179 405
180 405
181 404
182 404
183 403
184 402
185 401
186 401
187 400
188 399
189 399
190 398
191 398
192 397
193 397
194 396
195 396
196 397
197 397
198 398
199 398
200 398
200 397
200 396
200 395
200 394
200 393
200 392
201 391
202 390
203 389
204 389
205 389
206 389
207 390
208 390
209 390
210 391
211 391
212 392
213 392
214 392
215 391
215 390
214 389
214 388
213 387
212 386
212 385
211 384
211 383
211 382
211 381
212 380
213 380
214 380
215 379
216 380
217 380
218 380
219 381
220 381
221 381
222 381
223 380
223 379
223 378
223 377
223 376
223 375
223 374
223 373
223 372
223 371
223 370
224 369
225 369
226 369
227 369
228 370
229 370
230 371
231 371
232 372
233 372
234 372
235 372
236 371
236 370
236 369
235 368
235 367
234 366
234 365
233 364
233 363
232 362
232 361
233 360
234 359
235 358
236 358
237 358
238 358
239 358
240 359
241 359
242 359
243 359
244 358
244 357
244 356
244 355
243 354
243 353
243 352
243 351
242 350
243 349
242 348
243 347
244 346
245 345
246 345
247 345
248 345
249 346
250 347
251 347
252 348
253 348
254 349
253 348
253 347
253 346
253 345
252 344
252 343
251 342
251 341
251 340
251 339
252 338
252 337
253 336
253 335
254 334
254 333
255 332
256 333
256 334
257 335
257 336
257 337
257 338
258 339
258 340
257 341
257 342
257 343
257 344
258 345
259 346
260 347
260 348
261 348
262 349
263 350
264 351
265 352
266 353
267 353
268 354
269 355
270 356
271 357
272 358
273 359
273 360
274 361
275 362
275 363
276 364
276 365
277 366
278 367
279 368
279 369
280 370
280 371
281 372
281 373
282 374
283 375
283 376
284 377
285 378
285 379
286 379
287 380
288 381
289 381
290 382
291 382
292 383
293 383
294 384
295 385
296 386
297 387
298 388
299 388
300 388
301 389
302 388
303 387
304 387
305 387
306 388
307 388
308 389
309 390
310 391
310 392
311 393
312 394
313 395
314 396
315 397
316 398
317 399
318 400
319 400
320 400
321 400
322 401
323 400
324 400
325 400
326 400
327 400
328 401
329 400
330 401
331 401
332 402
333 402
334 403
334 404
335 404
336 404
337 403
338 404
338 405
339 404
340 404
341 404
342 404
343 404
344 404
344 403
344 402
344 401
343 400
344 399
344 398
345 397
346 396
347 395
346 394
346 393
345 392
345 391
345 390
346 389
347 388
348 387
349 386
350 385
350 384
350 383
349 382
349 381
349 380
348 379
348 378
348 377
348 376
347 375
347 374
347 373
347 372
347 371
346 370
346 369
346 368
345 367
345 366
346 365
346 364
347 363
347 362
347 361
347 360
347 359
346 358
346 357
346 356
345 355
345 354
345 353
344 352
344 351
344 350
345 349
345 348
344 347
345 346
344 345
343 344
343 343
343 342
342 341
342 340
342 339
342 338
342 337
341 336
341 335
342 334
342 333
341 332
341 331
341 330
342 329
341 328
341 327
342 326
342 325
341 324
341 323
340 322
339 321
338 320
337 319
336 318
335 317
334 316
333 316
332 315
332 314
331 313
330 312
329 311
329 310
329 309
330 308
330 307
330 306
330 305
330 304
330 303
329 302
328 301
327 300
327 299
326 298
325 297
324 296
323 295
324 294
323 293
323 292
324 291
325 291
326 291
327 291
328 292
329 291
330 292
331 292
332 292
333 293
334 293
335 293
336 293
337 293
338 292
339 291
340 291
341 291
342 291
343 291
344 292
345 292
346 293
347 293
348 292
349 292
350 292
351 291
352 291
353 290
354 290
355 290
356 290
357 291
358 291
359 292
360 293
361 293
362 294
363 294
364 295
365 295
366 295
367 294
368 293
368 292
367 291
367 290
367 289
368 288
369 287
370 287
371 287
372 287
373 287
374 287
375 286
376 286
377 286
378 286
379 285
380 285
381 285
382 284
383 284
384 284
385 284
386 284
387 283
388 284
389 283
390 283
391 282
391 281
392 280
393 279
394 279
395 278
396 278
397 278
398 277
399 277
400 277
401 277
402 276
403 276
404 276
405 275
406 275
407 274
408 273
408 272
409 271
410 271
411 270
412 270
413 270
414 270
415 269
415 268
416 267
417 266
418 265
419 264
420 263
421 263
422 262
423 262
424 263
424 262
424 261
425 260
425 259
426 258
427 257
428 256
429 256
430 255
431 255
432 255
433 255
433 254
432 253
432 252
431 251
430 250
430 249
429 248
428 247
427 246
426 245
425 244
424 243
423 243
422 242
421 241
420 241
419 240
418 240
417 239
416 239
415 239
414 238
413 238
412 238
411 237
410 237
409 236
408 236
407 235
406 235
405 234
404 234
403 233
402 233
401 232
400 231
399 230
398 229
397 228
397 227
396 226
396 225
395 224
394 223
393 223
392 222
391 221
390 220
389 219
388 219
387 219
386 218
385 218
384 217
383 216
382 216
381 216
380 216
379 216
378 217
377 218
376 217
375 217
374 216
373 216
372 216
371 216
370 216
369 216
368 217
367 218
366 218
365 217
364 216
364 215
363 214
362 214
361 213
360 213
359 212
358 213
357 213
356 213
355 214
354 215
354 216
353 217
352 218
351 218
350 218
349 217
349 216
349 217
348 218
347 217
346 218
345 218
344 217
343 217
342 217
341 216
340 216
339 215
338 215
337 215
336 214
335 214
334 214
333 214
332 214
331 214
330 214
329 215
328 215
327 215
326 214
325 214
324 214
323 214
322 214
321 214
320 215
319 215
318 214
319 213
320 212
321 212
322 211
323 210
323 209
324 208
325 207
326 207
327 206
327 205
328 204
328 203
329 202
328 201
329 200
329 199
329 198
329 197
329 196
330 195
329 194
329 193
329 192
329 191
329 190
329 189
330 188
331 187
332 187
333 188
334 188
335 187
336 186
336 185
337 184
338 183
337 182
338 181
338 180
339 179
339 178
339 177
340 176
341 176
341 175
340 174
340 173
340 172
339 171
338 170
337 169
336 168
336 167
335 166
336 165
336 164
337 163
338 163
339 163
340 163
341 163
342 163
343 163
344 162
344 161
344 160
344 159
344 158
344 157
343 156
343 155
343 154
342 153
342 152
342 151
342 150
342 149
342 148
343 147
343 146
343 145
343 144
343 143
342 142
343 141
343 140
343 139
344 138
345 137
346 136
347 135
347 134
347 133
346 132
346 131
346 130
346 129
346 128
345 127
345 126
345 125
344 124
344 123
343 122
342 121
341 121
340 120
339 119
338 118
338 117
339 116
338 115
339 114
340 114
341 114
342 114
343 114
344 113
344 112
345 111
344 110
344 109
343 108
343 107
343 106
342 105
341 104
341 103
340 102
340 101
340 100
340 99
340 100
339 101
338 101
337 101
336 101
335 101
334 101
333 101
332 102
331 101
330 102
329 103
329 104
328 105
327 105
326 106
325 107
324 107
323 107
322 108
321 108
320 109
319 109
318 110
317 110
316 110
315 110
314 110
313 110
312 109
311 110
310 110
309 111
308 111
308 112
307 113
307 114
306 115
306 116
306 117
305 118
305 119
305 120
304 121
303 121
302 122
301 122
300 123
299 123
298 124
297 124
296 124
295 123
294 123
293 123
292 123
291 124
290 125
289 126
288 127
287 128
287 129
286 130
285 130
284 131
284 132
284 133
283 134
283 135
283 136
283 137
282 138
282 139
281 140
280 141
279 142
278 142
277 143
276 143
275 144
274 144
273 144
272 145
271 146
270 146
269 147
268 147
267 147
266 148
265 147
264 148
264 149
265 150
265 151
265 152
266 152
267 153
267 154
267 155
267 156
266 157
266 158
265 159
265 160
264 161
263 162
263 163
262 164
261 165
260 166
259 166
258 167
257 168
256 168
255 168
255 169
254 170
255 171
255 172
254 173
254 174
254 175
253 176
253 177
252 178
251 177
250 176
250 175
249 174
249 173
249 172
248 171
248 170
247 169
247 168
248 167
247 166
247 165
247 164
247 163
247 162
246 161
245 160
244 159
243 158
242 157
241 157
240 157
239 156
238 156
237 155
236 154
236 153
235 152
234 151
233 150
233 149
232 148
231 147
230 146
229 145
229 144
228 143
227 142
226 141
225 141
224 140
223 139
222 138
221 137
220 136
220 135
220 134
220 133
220 132
220 131
219 130
218 129
218 128
217 127
216 126
215 125
214 125
213 124
212 124
211 124
210 123
209 123
208 124
207 123
206 124
205 123
204 123
203 123
202 122
201 122
200 122
199 121
198 121
197 121
196 120
195 119
194 118
193 118
192 117
191 116
190 116
189 115
189 114
188 113
187 112
187 111
186 110
186 109
185 109
184 109
183 109
182 109
181 109
180 110
179 109
178 109
177 109
176 108
175 108
174 107
173 107
172 107
171 106
170 106
169 106
168 105
167 104
166 103
165 102
164 101
163 101
162 100
161 99
160 98
