278 132
277 133
276 134
275 135
274 136
273 137
273 138
272 139
271 139
271 140
270 141
269 142
268 143
267 144
266 145
267 146
268 147
268 148
269 148
270 149
271 150
271 151
272 152
273 152
274 153
274 154
275 154
276 155
276 156
277 156
278 157
278 158
279 158
280 159
281 160
282 161
283 162
284 163
285 164
286 165
287 166
288 167
289 168
290 169
291 170
292 171
293 171
294 172
295 173
296 174
297 175
298 176
299 177
300 178
301 179
302 179
303 180
304 181
305 182
306 183
307 184
308 184
309 185
310 186
311 187
312 188
313 189
314 189
315 190
316 191
317 192
318 193
319 194
320 194
321 195
322 196
323 197
324 197
325 198
326 199
327 200
328 200
329 201
330 202
331 203
332 203
333 204
334 205
335 206
336 206
337 207
338 208
339 209
340 209
341 210
342 211
343 211
344 212
345 213
346 213
347 214
348 215
349 216
350 216
351 217
352 218
353 218
354 219
355 220
356 220
357 221
358 222
359 222
360 223
361 224
362 224
363 225
364 226
365 226
366 227
367 227
368 228
369 229
370 229
371 230
372 231
373 231
374 232
375 232
376 233
377 234
378 235
377 236
376 236
375 237
374 238
373 238
372 239
371 239
370 240
369 241
368 241
367 242
366 243
365 243
364 244
363 245
362 244
361 244
360 243
359 242
358 242
357 241
356 240
355 240
354 239
353 238
352 238
351 237
350 236
349 235
348 235
347 234
346 233
345 233
344 232
343 231
342 231
341 230
340 229
339 228
338 228
337 227
336 226
335 225
334 225
333 224
332 223
331 222
330 222
329 221
328 220
327 219
326 219
325 218
324 217
323 216
322 215
321 215
320 214
319 213
318 212
317 212
316 211
315 210
314 209
313 208
312 207
311 207
310 206
309 205
308 204
307 203
306 203
305 202
304 201
303 200
302 199
301 198
300 198
299 197
298 196
297 195
296 194
295 193
294 192
293 192
292 191
291 190
290 189
289 188
288 187
287 186
286 185
285 184
284 184
283 183
283 182
282 182
281 181
280 180
279 179
278 178
277 177
276 176
275 175
274 174
273 173
272 172
271 171
270 170
269 170
268 169
268 168
267 167
266 167
265 166
265 165
264 165
263 164
263 163
262 163
261 162
260 161
260 160
259 160
258 159
257 158
257 157
256 157
255 156
254 156
254 157
253 158
252 158
251 159
250 160
249 161
248 162
247 163
246 164
245 165
244 166
243 167
242 167
242 168
241 169
240 169
239 170
238 171
237 172
236 173
235 174
234 174
233 175
232 176
231 177
230 178
229 179
228 179
227 180
226 181
225 182
224 182
223 183
222 184
221 185
220 186
219 186
218 187
217 188
216 189
215 189
214 190
213 191
212 192
211 192
210 193
209 194
208 195
207 195
206 196
205 197
204 197
203 198
202 199
201 200
200 200
199 201
198 201
197 202
196 203
195 204
194 204
193 205
192 205
191 206
190 207
189 207
188 208
187 209
186 209
185 210
184 211
183 211
182 212
181 213
180 213
179 214
178 214
177 215
176 215
175 216
174 217
173 217
172 218
171 218
170 219
169 219
168 220
167 221
166 221
165 222
164 222
163 223
162 223
161 224
160 224
159 225
158 226
157 226
156 227
155 227
154 228
153 228
152 229
151 229
150 230
149 230
148 231
147 231
146 232
145 232
144 233
143 233
142 234
141 234
140 235
139 235
138 235
137 236
136 236
135 237
134 237
133 238
132 238
131 239
130 239
129 240
128 240
127 240
126 241
125 241
124 242
123 242
122 243
122 244
123 245
124 246
124 247
125 248
125 249
126 250
127 251
127 252
128 253
128 254
129 255
129 256
130 257
131 258
131 259
132 260
132 261
132 262
133 263
134 264
134 265
135 266
135 267
136 267
137 267
138 267
139 266
140 266
141 265
142 265
143 264
144 264
145 263
146 263
147 262
148 262
149 261
150 261
151 260
152 260
153 259
154 258
155 258
156 257
157 257
158 256
159 256
160 255
161 255
162 254
163 253
164 253
165 252
166 252
167 251
168 250
169 250
170 249
171 249
172 248
173 248
174 247
175 246
176 246
177 245
178 244
179 244
180 243
181 243
182 242
183 241
184 241
185 240
186 240
187 239
188 238
189 238
190 237
191 236
192 236
193 235
194 234
195 234
196 233
197 232
198 232
199 231
200 230
201 230
202 229
203 228
204 228
205 227
206 226
207 226
208 225
209 224
210 223
211 223
212 222
213 221
214 220
215 220
216 219
217 218
218 218
219 217
220 216
221 215
222 215
223 214
224 213
225 212
226 212
227 211
228 210
229 209
230 209
231 208
232 207
233 206
234 206
235 205
236 204
237 203
238 202
239 202
240 201
241 200
242 199
243 198
244 197
245 197
246 196
247 195
248 194
249 193
250 192
251 192
252 191
253 190
254 189
255 189
256 190
257 191
257 192
258 193
258 194
259 195
260 196
260 197
261 198
261 199
262 200
263 201
263 202
264 203
264 204
263 205
262 205
261 206
260 207
259 208
258 209
257 209
256 210
255 211
254 212
253 213
252 213
251 214
250 215
249 216
248 217
247 218
246 218
245 219
244 220
243 220
242 221
241 222
240 223
239 224
238 224
237 225
236 226
235 227
234 227
233 228
232 229
231 229
230 230
229 231
228 232
227 232
226 233
225 234
224 235
223 235
222 236
221 237
220 237
219 238
218 239
217 239
216 240
215 241
214 242
213 242
212 243
211 244
210 244
209 245
208 246
207 246
206 247
205 248
204 248
203 249
202 250
201 250
200 251
199 252
198 252
197 253
196 254
195 254
194 255
193 256
192 256
191 257
190 258
189 258
188 259
187 259
186 260
185 261
184 261
183 262
182 263
181 263
180 264
179 264
178 265
177 266
176 266
175 267
174 268
173 268
172 269
171 269
170 270
169 270
168 271
167 272
166 272
165 273
164 273
163 274
162 275
161 275
160 276
159 276
158 277
157 277
156 278
155 278
154 279
153 280
152 280
151 281
150 281
149 282
148 282
147 283
146 283
145 284
144 284
144 285
144 286
144 287
145 288
145 289
146 290
146 291
146 292
147 293
147 294
148 295
148 296
149 297
149 298
149 299
150 300
150 301
150 302
151 303
151 304
151 305
152 306
152 307
153 308
153 309
153 310
154 311
154 312
154 313
155 314
155 315
155 316
156 317
156 318
156 319
156 320
157 321
157 322
158 323
158 324
158 325
158 326
159 327
159 328
159 329
160 330
160 331
160 332
160 333
160 334
161 335
161 336
161 337
162 338
162 339
162 340
162 341
163 342
163 343
163 344
163 345
164 346
163 347
164 348
164 349
165 350
164 351
165 352
165 353
165 354
166 355
166 356
166 357
166 358
166 359
167 360
167 361
167 362
167 363
167 364
167 365
168 366
168 367
168 368
168 369
168 370
168 371
169 372
168 373
169 374
169 375
169 376
169 377
169 378
170 379
170 380
169 381
170 382
170 383
170 384
170 385
170 386
171 387
170 388
171 389
171 390
171 391
171 392
171 393
171 394
171 395
171 396
172 397
171 398
171 399
172 400
172 401
172 402
172 403
172 404
172 405
172 406
172 407
172 408
172 409
172 410
172 411
173 412
172 413
173 414
172 415
173 416
172 417
173 418
173 419
172 420
173 421
173 422
173 423
173 424
173 425
173 426
173 427
173 428
173 429
173 430
173 431
173 432
173 433
173 434
173 435
173 436
173 437
173 438
173 439
173 440
173 441
173 442
173 443
174 443
175 443
176 442
177 443
178 442
179 442
180 441
181 441
182 441
183 440
184 440
185 440
186 439
187 439
188 439
189 439
190 438
191 438
192 438
193 437
194 437
194 436
194 435
194 434
194 433
194 432
194 431
193 430
194 429
194 428
193 427
194 426
193 425
193 424
193 423
193 422
193 421
193 420
193 419
193 418
193 417
193 416
193 415
192 414
193 413
193 412
192 411
192 410
192 409
192 408
192 407
192 406
192 405
192 404
192 403
191 402
192 401
191 400
191 399
191 398
191 397
191 396
191 395
191 394
190 393
191 392
190 391
190 390
190 389
190 388
190 387
190 386
190 385
189 384
189 383
189 382
189 381
189 380
188 379
189 378
188 377
188 376
188 375
188 374
187 373
188 372
187 371
187 370
187 369
187 368
187 367
186 366
186 365
186 364
186 363
186 362
185 361
185 360
185 359
185 358
185 357
184 356
184 355
184 354
183 353
184 352
183 351
183 350
183 349
183 348
182 347
182 346
182 345
182 344
181 343
181 342
181 341
181 340
180 339
180 338
180 337
180 336
179 335
179 334
179 333
178 332
178 331
178 330
178 329
177 328
177 327
177 326
176 325
176 324
176 323
176 322
175 321
175 320
175 319
174 318
174 317
174 316
173 315
173 314
173 313
172 312
172 311
172 310
171 309
171 308
171 307
170 306
170 305
170 304
169 303
169 302
169 301
168 300
168 299
168 298
167 297
167 296
166 295
166 294
166 293
165 292
165 291
164 290
164 289
164 288
163 287
163 286
164 285
165 285
166 285
167 284
168 284
169 283
170 283
171 282
172 282
173 282
174 281
175 281
176 280
177 280
178 280
179 279
180 279
181 278
182 279
182 280
182 281
183 282
183 283
183 284
184 285
184 286
184 287
185 288
185 289
185 290
186 291
186 292
186 293
187 294
187 295
187 296
188 297
188 298
188 299
188 300
189 301
189 302
190 303
190 304
190 305
190 306
191 307
191 308
191 309
192 310
192 311
192 312
192 313
193 314
193 315
193 316
194 317
194 318
194 319
194 320
195 321
195 322
195 323
195 324
196 325
196 326
196 327
196 328
197 329
197 330
197 331
197 332
198 333
198 334
198 335
198 336
199 337
199 338
199 339
199 340
200 341
200 342
200 343
200 344
200 345
201 346
201 347
201 348
201 349
201 350
202 351
202 352
202 353
202 354
203 355
202 356
203 357
203 358
203 359
203 360
204 361
204 362
204 363
204 364
204 365
205 366
205 367
205 368
205 369
205 370
205 371
206 372
206 373
206 374
206 375
206 376
206 377
207 378
207 379
207 380
207 381
207 382
207 383
207 384
208 385
208 386
208 387
208 388
208 389
208 390
208 391
208 392
209 393
209 394
209 395
209 396
209 397
209 398
209 399
209 400
210 401
210 402
209 403
210 404
210 405
210 406
210 407
210 408
210 409
211 410
211 411
210 412
211 413
211 414
211 415
211 416
211 417
211 418
211 419
211 420
211 421
212 422
211 423
211 424
212 425
212 426
212 427
212 428
212 429
212 430
212 431
212 432
212 433
213 432
214 432
215 432
216 432
217 432
218 431
219 431
220 431
221 431
222 431
223 430
224 430
225 430
226 430
227 430
228 430
229 429
230 429
231 429
232 429
233 429
234 429
235 428
236 428
237 428
238 428
239 428
240 428
241 428
242 427
243 427
244 427
245 427
246 427
247 427
248 427
249 427
250 427
251 426
252 427
253 426
254 426
255 426
256 426
257 426
258 426
259 426
260 426
261 426
262 426
263 426
264 426
265 425
266 426
267 425
268 426
269 425
270 426
271 425
272 425
273 425
274 425
275 425
276 425
277 425
278 425
279 425
280 425
281 425
282 425
283 425
284 425
285 425
286 425
287 425
288 426
289 425
290 425
291 426
292 425
293 426
294 426
295 426
296 426
297 426
298 426
299 426
300 426
301 426
302 426
303 426
304 426
305 426
306 427
307 426
308 427
309 427
310 427
311 427
312 427
313 427
314 427
315 427
316 428
317 428
318 428
319 428
320 428
321 428
322 428
323 429
324 428
325 429
326 429
327 429
328 429
329 429
330 430
331 430
332 430
333 430
334 430
335 431
336 431
337 431
338 431
339 431
340 432
341 432
342 432
343 432
344 432
345 433
346 433
347 433
348 433
349 433
350 434
351 434
352 434
353 434
354 435
355 435
356 435
357 436
358 436
359 436
360 436
361 436
362 437
363 437
364 437
365 438
366 438
367 438
368 438
369 439
370 439
371 439
372 440
373 440
374 440
375 440
376 441
377 441
378 441
379 442
380 442
381 442
382 443
383 443
383 442
383 441
383 440
383 439
383 438
383 437
384 436
383 435
383 434
383 433
383 432
383 431
383 430
383 429
384 428
383 427
383 426
383 425
384 424
383 423
383 422
383 421
382 421
381 421
380 421
379 420
378 420
377 420
376 419
375 419
374 419
373 419
372 418
371 418
370 418
369 418
368 417
367 417
366 417
365 417
364 416
363 416
362 416
361 416
360 416
359 415
358 415
357 415
356 415
355 414
354 414
353 414
352 414
351 414
350 413
349 413
348 413
347 413
346 413
345 412
344 412
343 412
342 412
341 412
340 412
339 411
338 411
337 411
336 411
335 411
334 411
333 410
332 410
331 410
330 410
329 410
328 410
327 410
326 409
325 409
324 409
323 409
322 409
321 409
320 409
319 408
318 409
317 408
316 408
315 408
314 408
313 408
312 408
311 408
310 408
309 408
308 407
307 408
306 407
305 407
304 407
303 407
302 407
301 407
300 407
299 407
298 407
297 407
296 407
295 407
294 407
293 407
292 407
291 406
290 407
289 406
288 407
287 406
286 406
285 406
284 406
283 406
282 406
281 406
280 406
279 406
278 406
277 406
276 406
275 406
274 406
273 406
272 407
271 406
270 406
269 407
268 406
267 407
266 407
265 407
264 407
263 407
262 407
261 407
260 407
259 407
258 407
257 407
256 407
255 407
254 407
253 407
252 407
251 408
250 407
249 408
248 408
247 408
246 408
245 408
244 408
243 408
242 408
241 408
240 408
239 409
238 409
237 409
236 409
235 409
234 409
233 409
232 409
231 410
230 410
229 410
228 410
227 410
226 410
225 410
224 411
223 411
222 410
222 409
222 408
222 407
222 406
222 405
222 404
222 403
222 402
222 401
222 400
222 399
222 398
222 397
222 396
222 395
222 394
223 393
224 393
225 393
226 393
227 392
228 392
229 392
230 392
231 392
232 392
233 392
234 392
235 391
236 392
237 391
238 391
239 391
240 391
241 391
242 391
243 391
244 391
245 391
246 390
247 391
248 390
249 390
250 390
251 390
252 390
253 390
254 390
255 390
256 390
257 390
258 390
259 390
260 390
261 390
262 390
263 389
264 390
265 389
266 390
267 389
268 390
269 389
270 389
271 389
272 389
273 389
274 389
275 389
276 389
277 389
278 389
279 389
280 389
281 389
282 389
283 389
284 389
285 389
286 389
287 389
288 389
289 389
290 390
291 389
292 390
293 389
294 390
295 390
296 390
297 390
298 390
299 390
300 390
301 390
302 390
303 390
304 390
305 390
306 390
307 390
308 390
309 390
310 390
311 391
312 390
313 391
314 391
315 391
316 391
317 391
318 391
319 391
320 391
321 391
322 392
323 391
324 392
325 392
326 392
327 392
328 392
329 392
330 392
331 392
332 393
333 393
334 393
335 393
336 393
337 393
338 393
339 394
340 394
341 394
342 394
343 394
344 394
345 394
346 395
347 395
348 395
349 395
350 395
351 395
352 396
353 396
354 396
355 396
356 396
357 396
358 397
359 397
360 397
361 397
362 397
363 398
364 398
365 398
366 398
367 398
368 399
369 399
370 399
371 399
372 399
373 400
374 400
375 400
376 400
377 401
378 401
379 401
380 401
381 402
382 402
383 402
384 402
385 401
385 400
385 399
385 398
385 397
385 396
385 395
386 394
385 393
386 392
385 391
386 390
386 389
386 388
386 387
386 386
386 385
386 384
387 383
387 382
387 381
387 380
387 379
387 378
387 377
388 376
387 375
388 374
388 373
388 372
388 371
388 370
389 369
389 368
389 367
389 366
389 365
389 364
390 363
390 362
390 361
390 360
390 359
390 358
391 357
391 356
391 355
391 354
392 353
392 352
392 351
392 350
392 349
393 348
393 347
393 346
393 345
393 344
394 343
394 342
395 341
394 340
395 339
395 338
395 337
396 336
396 335
396 334
396 333
397 332
397 331
397 330
397 329
398 328
398 327
398 326
399 325
399 324
399 323
400 322
400 321
400 320
401 319
401 318
401 317
401 316
402 315
402 314
402 313
403 312
403 311
404 310
404 309
404 308
405 307
405 306
405 305
406 304
406 303
406 302
407 301
407 300
407 299
408 298
408 297
409 296
409 295
409 294
410 293
410 292
411 291
411 290
412 289
412 288
412 287
413 286
413 285
414 284
414 283
415 282
415 281
415 280
416 279
416 278
417 277
417 276
418 275
418 274
419 273
419 272
420 271
420 270
421 269
421 268
422 267
422 266
423 265
423 264
424 263
424 262
425 261
425 260
426 259
426 258
427 257
427 256
428 255
429 254
429 253
430 252
430 251
431 250
431 249
432 248
433 247
433 246
433 245
434 244
435 243
434 242
433 242
432 241
431 241
430 241
429 240
428 240
427 239
426 239
425 238
424 238
423 237
422 237
421 236
420 236
419 236
418 235
417 235
416 235
415 236
415 237
414 238
414 239
413 240
413 241
412 242
411 243
411 244
411 245
410 246
410 247
409 248
409 249
408 250
408 251
407 252
407 253
406 254
405 255
405 256
405 257
404 258
404 259
403 260
403 261
402 262
402 263
402 264
401 265
401 266
400 267
400 268
399 269
399 270
398 271
398 272
398 273
397 274
397 275
396 276
396 277
395 278
395 279
395 280
394 281
394 282
393 283
393 284
393 285
392 286
392 287
391 288
391 289
391 290
390 291
390 292
389 293
389 294
389 295
388 296
388 297
388 298
387 299
387 300
386 301
386 302
386 303
385 304
385 305
385 306
385 307
384 308
384 309
383 310
383 311
383 312
382 313
382 314
382 315
382 316
381 317
381 318
381 319
380 320
380 321
380 322
379 323
379 324
379 325
378 326
378 327
378 328
378 329
378 330
377 331
377 332
376 333
376 334
376 335
376 336
376 337
375 338
375 339
375 340
375 341
374 342
374 343
374 344
373 345
374 346
373 347
373 348
373 349
372 350
372 351
372 352
372 353
371 354
371 355
371 356
371 357
371 358
370 359
370 360
370 361
370 362
370 363
369 364
369 365
369 366
369 367
369 368
369 369
368 370
368 371
368 372
368 373
368 374
367 375
367 376
367 377
367 378
367 379
367 380
366 381
367 382
366 383
365 384
364 384
363 383
362 383
361 383
360 383
359 382
358 382
357 382
356 381
355 381
354 381
353 380
352 380
351 380
350 379
349 379
348 379
347 378
347 377
347 376
347 375
347 374
347 373
348 372
348 371
348 370
348 369
348 368
349 367
349 366
349 365
349 364
350 363
350 362
350 361
351 360
350 359
351 358
351 357
352 356
351 355
352 354
352 353
352 352
353 351
353 350
353 349
353 348
354 347
354 346
354 345
354 344
355 343
355 342
355 341
355 340
356 339
356 338
356 337
357 336
357 335
357 334
357 333
358 332
358 331
358 330
359 329
359 328
359 327
359 326
360 325
360 324
360 323
361 322
361 321
361 320
362 319
362 318
362 317
363 316
363 315
363 314
364 313
364 312
364 311
365 310
365 309
365 308
366 307
366 306
366 305
367 304
367 303
367 302
368 301
368 300
368 299
369 298
369 297
370 296
370 295
370 294
371 293
371 292
371 291
372 290
372 289
373 288
373 287
373 286
374 285
374 284
375 283
375 282
375 281
376 280
376 279
377 278
377 277
378 276
378 275
378 274
379 273
379 272
380 271
380 270
380 269
381 268
381 267
382 266
382 265
383 264
383 263
383 262
384 261
384 260
385 259
385 258
386 257
386 256
387 255
387 254
388 253
388 252
388 251
389 250
389 249
390 248
390 247
391 246
392 245
392 244
393 243
393 242
393 241
394 240
395 239
395 238
395 237
396 236
396 235
397 234
397 233
398 232
399 231
399 230
400 229
400 228
400 227
400 226
399 225
398 225
397 225
396 224
395 223
394 223
393 222
392 222
391 221
390 221
389 220
388 220
387 219
386 219
385 218
384 217
383 217
382 216
381 215
380 215
379 214
378 214
377 213
376 213
375 212
374 211
373 211
372 210
371 210
370 209
369 208
368 207
367 207
366 206
365 206
364 205
363 204
362 204
361 203
360 202
359 202
358 201
357 200
356 200
355 199
354 198
353 198
352 197
351 196
350 196
349 195
348 194
347 193
346 192
345 192
344 191
343 190
342 190
341 189
340 188
339 188
338 187
338 186
337 186
336 185
335 184
334 183
333 183
332 182
331 181
330 180
329 179
328 179
327 178
326 177
325 176
324 176
323 175
323 174
322 174
321 173
320 172
319 171
318 170
317 170
316 169
316 168
315 168
314 167
313 166
312 165
311 164
310 163
309 162
308 161
307 160
306 160
305 159
305 158
304 158
303 157
302 156
301 155
300 154
299 153
298 152
297 151
296 150
295 149
294 148
293 147
292 146
291 145
290 144
289 143
288 142
287 141
286 140
285 139
285 138
284 138
283 137
283 136
282 135
281 134
280 133
279 132
