284 148
284 149
283 150
284 151
284 152
283 153
284 154
283 155
284 156
283 157
284 158
283 159
284 160
283 161
283 162
284 163
283 164
283 165
284 166
283 167
283 168
283 169
283 170
284 171
283 172
283 173
283 174
283 175
283 176
283 177
283 178
283 179
283 180
283 181
283 182
283 183
283 184
283 185
283 186
283 187
283 188
283 189
283 190
283 191
283 192
283 193
283 194
283 195
283 196
283 197
283 198
283 199
283 200
283 201
283 202
283 203
283 204
283 205
283 206
283 207
283 208
283 209
283 210
283 211
283 212
283 213
283 214
283 215
283 216
283 217
283 218
283 219
283 220
283 221
283 222
283 223
283 224
283 225
283 226
283 227
283 228
283 229
283 230
283 231
283 232
283 233
283 234
283 235
283 236
283 237
283 238
283 239
283 240
283 241
283 242
283 243
283 244
283 245
283 246
283 247
283 248
283 249
283 250
283 251
283 252
283 253
283 254
283 255
283 256
283 257
283 258
283 259
283 260
283 261
283 262
283 263
283 264
283 265
283 266
283 267
283 268
283 269
283 270
283 271
283 272
283 273
283 274
283 275
283 276
283 277
283 278
283 279
283 280
283 281
283 282
283 283
283 284
283 285
283 286
283 287
283 288
283 289
283 290
283 291
283 292
283 293
283 294
283 295
283 296
283 297
283 298
283 299
283 300
283 301
283 302
283 303
283 304
283 305
283 306
283 307
283 308
283 309
283 310
283 311
283 312
283 313
283 314
283 315
283 316
283 317
283 318
283 319
283 320
283 321
283 322
283 323
283 324
283 325
283 326
283 327
283 328
283 329
283 330
283 331
283 332
283 333
283 334
283 335
283 336
283 337
283 338
283 339
283 340
283 341
283 342
283 343
283 344
283 345
283 346
283 347
283 348
283 349
283 350
283 351
282 352
281 352
280 352
279 352
278 352
277 352
276 351
276 350
276 349
276 348
276 347
276 346
276 345
276 344
276 343
276 342
276 341
276 340
276 339
276 338
276 337
276 336
276 335
276 334
276 333
276 332
276 331
276 330
276 329
276 328
276 327
276 326
276 325
276 324
276 323
276 322
276 321
276 320
276 319
276 318
276 317
276 316
276 315
276 314
276 313
276 312
276 311
276 310
276 309
276 308
276 307
276 306
276 305
276 304
276 303
276 302
276 301
276 300
276 299
276 298
276 297
276 296
276 295
276 294
276 293
276 292
276 291
276 290
276 289
276 288
276 287
276 286
276 285
276 284
276 283
276 282
276 281
276 280
276 279
276 278
276 277
276 276
276 275
276 274
276 273
276 272
276 271
276 270
276 269
276 268
276 267
276 266
276 265
276 264
276 263
276 262
276 261
276 260
276 259
276 258
276 257
276 256
276 255
276 254
276 253
276 252
276 251
276 250
276 249
276 248
276 247
276 246
276 245
276 244
276 243
276 242
276 241
276 240
276 239
276 238
276 237
276 236
276 235
276 234
276 233
276 232
276 231
276 230
276 229
276 228
276 227
276 226
276 225
276 224
276 223
276 222
276 221
276 220
276 219
276 218
276 217
276 216
276 215
276 214
276 213
276 212
276 211
276 210
276 209
276 208
276 207
276 206
276 205
276 204
276 203
276 202
276 201
276 200
276 199
276 198
276 197
276 196
276 195
276 194
276 193
276 192
276 191
276 190
276 189
276 188
276 187
276 186
276 185
276 184
276 183
276 182
276 181
276 180
276 179
276 178
276 177
276 176
276 175
276 174
276 173
276 172
276 171
276 170
276 169
276 168
276 167
276 166
276 165
276 164
276 163
276 162
276 161
276 160
276 159
276 158
276 157
276 156
276 155
276 154
275 155
274 156
273 157
272 158
271 159
270 160
269 161
268 162
267 163
266 164
265 165
264 166
263 167
262 168
261 169
260 170
259 171
258 172
257 172
256 173
255 174
254 175
253 176
252 177
251 178
250 178
249 179
248 180
247 181
246 182
245 183
244 184
243 184
242 185
241 186
240 187
239 188
238 189
237 189
236 190
235 191
234 192
233 192
232 193
231 194
230 195
229 196
228 196
227 197
226 198
225 199
224 199
223 200
222 201
221 202
220 203
219 203
218 204
217 205
216 205
215 206
214 207
213 208
212 208
211 209
210 210
209 210
208 211
207 212
206 212
205 213
204 214
203 214
202 215
201 216
200 216
199 217
198 218
197 218
196 219
195 220
194 220
193 221
192 222
191 222
190 223
189 224
188 224
187 225
186 226
185 226
184 227
183 227
182 228
181 229
180 229
179 230
178 230
177 231
176 232
175 232
174 233
173 233
172 234
171 234
170 235
169 236
168 236
167 237
166 237
165 238
164 238
163 239
162 240
161 240
160 241
159 241
158 242
157 242
156 243
155 243
154 244
153 244
152 245
151 245
150 246
149 246
148 247
147 247
146 248
145 248
144 249
143 249
142 250
141 250
140 251
139 251
138 252
137 252
136 253
135 253
134 254
133 254
134 254
135 254
136 254
137 254
138 254
139 254
140 254
141 254
142 254
143 254
144 254
145 255
146 254
147 255
148 255
149 255
150 255
151 255
152 255
153 255
154 255
155 255
156 255
157 255
158 255
159 255
160 255
161 255
162 255
163 255
164 255
165 256
166 255
167 256
168 256
169 256
170 256
171 256
172 256
173 256
174 256
175 256
176 256
177 256
178 256
179 256
180 256
181 256
182 256
183 256
184 256
185 256
186 256
187 256
188 256
189 256
190 256
191 257
192 256
193 257
194 257
195 257
196 257
197 257
198 257
199 257
200 257
201 257
202 257
203 257
204 257
205 257
206 257
207 257
208 257
209 257
210 257
211 257
212 257
213 257
214 257
215 257
216 257
217 257
218 257
219 257
220 257
221 257
222 257
223 257
224 257
225 257
226 257
227 257
228 257
229 258
230 257
231 258
232 257
233 258
234 258
235 257
236 258
236 259
237 260
236 261
237 262
236 263
237 264
236 265
237 266
237 267
236 268
235 268
234 268
233 268
232 268
231 268
230 268
229 268
228 268
227 268
226 268
225 268
224 268
223 268
222 268
221 268
220 268
219 268
218 268
217 268
216 267
215 268
214 268
213 267
212 268
211 267
210 268
209 267
208 267
207 268
206 267
205 267
204 267
203 267
202 267
201 267
200 267
199 267
198 267
197 267
196 267
195 267
194 267
193 267
192 267
191 267
190 267
189 267
188 267
187 267
186 267
185 267
184 267
183 267
182 267
181 267
180 267
179 267
178 267
177 267
176 267
175 267
174 267
173 267
172 267
171 267
170 267
169 267
168 267
167 267
166 267
165 267
164 267
163 267
162 266
161 267
160 266
159 267
158 266
157 266
156 266
155 266
154 266
153 266
152 266
151 266
150 266
149 266
148 266
147 266
146 266
145 266
144 266
143 266
142 266
141 266
140 266
139 266
138 266
137 266
138 267
138 268
138 269
139 270
140 271
140 272
141 273
141 274
141 275
142 275
143 275
144 275
145 275
146 275
147 275
148 275
149 275
150 275
151 275
152 275
153 275
154 275
155 275
156 275
157 275
158 275
159 275
160 275
161 275
162 275
163 275
164 275
165 275
166 275
167 275
168 275
169 275
170 275
171 275
172 275
173 275
174 275
175 275
176 275
177 275
178 275
179 275
180 275
181 275
182 275
183 275
184 275
185 275
186 275
187 275
188 275
189 275
190 275
191 275
192 276
193 275
194 275
195 275
196 276
197 275
198 275
199 276
200 275
201 276
202 275
203 276
204 275
205 276
206 275
207 276
208 275
209 276
210 275
211 276
212 275
213 276
214 275
215 276
216 275
217 276
218 275
219 276
220 276
221 275
222 276
223 276
224 275
225 276
226 276
227 275
228 276
229 276
230 275
231 276
232 276
233 275
234 276
235 276
236 277
236 278
236 279
236 280
236 281
236 282
236 283
235 284
234 284
233 284
232 284
231 284
230 284
229 284
228 284
227 284
226 284
225 284
224 284
223 284
222 284
221 284
220 284
219 284
218 284
217 284
216 284
215 284
214 284
213 284
212 284
211 284
210 284
209 284
208 284
207 284
206 284
205 284
204 284
203 284
202 284
201 284
200 284
199 284
198 284
197 284
196 284
195 284
194 284
193 284
192 284
191 284
190 284
189 284
188 284
187 284
186 284
185 284
184 284
183 284
182 284
181 284
180 284
179 284
178 284
177 284
176 284
175 284
174 284
173 284
172 284
171 284
170 284
169 284
168 284
167 284
166 284
165 284
164 284
163 284
162 284
161 284
160 284
159 284
158 284
157 284
156 284
155 284
154 284
153 284
152 284
151 284
150 284
149 284
148 284
147 284
146 284
146 285
146 286
147 287
147 288
147 289
148 290
148 291
149 292
149 293
150 293
151 293
152 293
153 293
154 293
155 293
156 293
157 293
158 293
159 293
160 293
161 293
162 293
163 293
164 293
165 293
166 293
167 293
168 293
169 293
170 293
171 293
172 293
173 293
174 293
175 292
176 293
177 293
178 292
179 293
180 292
181 292
182 292
183 292
184 292
185 292
186 292
187 292
188 292
189 292
190 292
191 292
192 292
193 292
194 292
195 292
196 292
197 292
198 292
199 292
200 292
201 292
202 292
203 292
204 292
205 292
206 292
207 292
208 292
209 292
210 292
211 292
212 292
213 292
214 292
215 292
216 292
217 292
218 292
219 292
220 292
221 292
222 292
223 292
224 292
225 292
226 292
227 292
228 292
229 292
230 292
231 291
232 292
233 292
234 291
235 292
235 293
235 294
235 295
235 296
235 297
235 298
234 299
233 299
232 299
231 299
230 299
229 299
228 299
227 299
226 299
225 299
224 299
223 299
222 299
221 299
220 299
219 299
218 299
217 299
216 299
215 299
214 300
213 299
212 300
211 299
210 300
209 300
208 300
207 300
206 300
205 300
204 300
203 300
202 300
201 300
200 300
199 300
198 300
197 300
196 300
195 300
194 300
193 300
192 300
191 300
190 300
189 300
188 300
187 300
186 300
185 300
184 300
183 300
182 300
181 300
180 300
179 301
178 300
177 301
176 301
175 301
174 301
173 301
172 301
171 301
170 301
169 301
168 301
167 301
166 301
165 301
164 301
163 301
162 301
161 301
160 301
159 301
158 301
157 301
156 301
155 302
154 301
153 302
152 302
153 303
154 304
153 305
154 306
154 307
155 308
155 309
155 310
156 311
156 312
157 313
157 314
157 315
158 316
158 317
158 318
158 319
159 320
159 321
159 322
160 323
160 324
160 325
161 326
160 327
161 328
161 329
162 330
162 331
162 332
162 333
163 334
163 335
163 336
164 337
164 338
164 339
164 340
164 341
165 342
165 343
165 344
166 345
165 346
166 347
166 348
166 349
167 350
167 351
167 352
167 353
167 354
168 355
168 356
168 357
168 358
168 359
169 360
169 361
169 362
169 363
169 364
170 365
170 366
170 367
170 368
170 369
170 370
170 371
171 372
171 373
171 374
171 375
171 376
171 377
171 378
172 379
172 380
172 381
172 382
172 383
172 384
172 385
172 386
173 387
173 388
173 389
173 390
173 391
173 392
173 393
173 394
173 395
174 396
174 397
173 398
174 399
174 400
174 401
174 402
174 403
174 404
174 405
174 406
174 407
174 408
175 409
174 410
175 411
174 412
175 413
175 414
174 415
175 416
175 417
175 418
175 419
175 420
175 421
175 422
175 423
175 424
175 425
175 426
175 427
175 428
175 429
175 430
175 431
175 432
175 433
175 434
175 435
175 436
175 437
175 438
176 439
175 440
175 441
175 442
175 443
175 444
175 445
175 446
175 447
175 448
175 449
175 450
176 451
175 452
175 453
175 454
175 455
175 456
175 457
175 458
175 459
175 460
175 461
175 462
176 462
177 461
178 461
179 461
180 461
181 460
182 460
183 460
184 459
185 459
186 459
187 458
188 459
189 458
190 458
191 457
192 457
193 457
194 456
195 456
196 456
197 456
198 455
199 455
200 455
201 454
202 454
203 454
204 454
205 453
206 453
207 453
208 453
209 452
210 452
211 452
212 451
213 452
214 451
215 451
216 451
217 450
218 450
219 450
220 450
221 449
222 449
223 449
224 449
225 449
226 448
227 448
228 448
229 448
230 448
231 447
232 447
233 447
234 447
235 447
236 446
237 447
238 446
239 446
240 446
241 446
242 445
243 446
244 445
245 445
246 445
247 445
248 445
249 445
250 444
251 445
252 444
253 445
254 444
255 444
256 444
257 444
258 444
259 444
260 444
261 443
262 444
263 443
264 444
265 443
266 444
267 443
268 443
269 443
270 443
271 443
272 443
273 443
274 443
275 443
276 443
277 443
278 443
279 443
280 443
281 443
282 443
283 443
284 443
285 443
286 443
287 443
288 443
289 443
290 443
291 443
292 444
293 443
294 444
295 443
296 444
297 444
298 444
299 444
300 444
301 444
302 444
303 444
304 444
305 445
306 444
307 445
308 445
309 445
310 445
311 445
312 445
313 445
314 446
315 445
316 446
317 446
318 446
319 446
320 446
321 447
322 446
323 447
324 447
325 447
326 447
327 448
328 448
329 448
330 448
331 448
332 448
333 449
334 449
335 449
336 449
337 450
338 450
339 450
340 450
341 451
342 450
343 451
344 451
345 451
346 452
347 452
348 452
349 452
350 453
351 453
352 453
353 453
354 454
355 454
356 454
357 455
358 454
359 455
360 456
361 455
362 456
363 456
364 457
365 457
366 457
367 457
368 458
369 458
370 458
371 459
372 459
373 459
374 460
375 460
376 460
377 460
378 461
379 461
380 461
381 462
382 462
383 462
384 463
385 463
386 463
387 464
388 464
389 464
390 465
391 465
392 465
393 466
394 466
395 466
396 466
396 465
396 464
396 463
396 462
396 461
396 460
396 459
396 458
396 457
396 456
396 455
396 454
396 453
396 452
396 451
396 450
396 449
396 448
396 447
396 446
396 445
396 444
396 443
396 442
396 441
396 440
396 439
396 438
396 437
396 436
396 435
396 434
396 433
396 432
396 431
396 430
396 429
396 428
396 427
396 426
396 425
396 424
396 423
396 422
396 421
396 420
396 419
396 418
396 417
396 416
397 415
396 414
396 413
396 412
397 411
396 410
396 409
397 408
397 407
396 406
397 405
396 404
397 403
397 402
397 401
397 400
397 399
397 398
397 397
397 396
398 395
397 394
397 393
398 392
398 391
397 390
398 389
398 388
398 387
398 386
398 385
398 384
399 383
398 382
399 381
399 380
399 379
399 378
399 377
399 376
400 375
399 374
400 373
400 372
400 371
400 370
399 370
398 369
397 369
396 369
395 369
394 369
393 369
392 368
391 368
390 368
389 368
388 368
387 367
386 367
385 367
384 367
383 367
382 367
381 366
380 366
379 366
378 366
377 366
376 366
375 366
374 365
373 365
372 365
371 365
370 365
369 365
368 365
367 364
366 364
365 364
364 364
363 364
362 364
361 364
360 363
359 363
358 363
357 363
356 363
355 363
354 363
353 363
352 363
351 362
350 362
349 362
348 362
347 362
346 362
345 362
344 362
343 362
342 361
341 361
340 360
340 359
340 358
340 357
340 356
340 355
340 354
340 353
340 352
341 351
342 351
343 351
344 351
345 351
346 351
347 352
348 352
349 352
350 352
351 352
352 352
353 352
354 352
355 352
356 352
357 353
358 353
359 353
360 353
361 353
362 353
363 353
364 353
365 353
366 354
367 354
368 354
369 354
370 354
371 354
372 354
373 354
374 355
375 355
376 355
377 355
378 355
379 355
380 355
381 356
382 356
383 356
384 356
385 356
386 356
387 356
388 357
389 357
390 357
391 357
392 357
393 357
394 357
395 358
396 358
397 358
398 358
399 358
400 358
401 359
402 359
402 358
403 357
402 356
403 355
403 354
404 353
403 352
404 351
404 350
404 349
404 348
405 347
405 346
405 345
405 344
405 343
406 342
406 341
407 340
406 339
407 338
407 337
407 336
408 335
408 334
408 333
408 332
409 331
409 330
409 329
409 328
410 327
410 326
411 325
411 324
411 323
411 322
412 321
412 320
412 319
413 318
413 317
413 316
414 315
414 314
415 313
415 312
414 311
413 311
412 311
411 311
410 311
409 311
408 311
407 311
406 311
405 311
404 311
403 310
402 311
401 310
400 310
399 310
398 310
397 310
396 310
395 310
394 310
393 310
392 310
391 310
390 310
389 310
388 310
387 310
386 309
385 310
384 309
383 309
382 309
381 309
380 309
379 309
378 309
377 309
376 309
375 309
374 309
373 309
372 309
371 309
370 309
369 309
368 309
367 309
366 309
365 308
364 309
363 308
362 308
361 308
360 308
359 308
358 308
357 308
356 308
355 308
354 308
353 308
352 308
351 308
350 308
349 308
348 308
347 308
346 308
345 308
344 308
343 308
342 308
341 308
340 308
339 308
338 308
337 307
337 306
337 305
337 304
337 303
337 302
337 301
337 300
337 299
337 298
338 297
339 297
340 297
341 297
342 297
343 297
344 297
345 297
346 297
347 297
348 297
349 297
350 297
351 297
352 298
353 297
354 298
355 297
356 298
357 298
358 298
359 298
360 298
361 298
362 298
363 298
364 298
365 298
366 298
367 298
368 298
369 298
370 298
371 298
372 298
373 298
374 298
375 298
376 298
377 298
378 298
379 298
380 298
381 298
382 298
383 298
384 298
385 298
386 299
387 298
388 299
389 299
390 299
391 299
392 299
393 299
394 299
395 299
396 299
397 299
398 299
399 299
400 299
401 299
402 299
403 299
404 299
405 299
406 299
407 299
408 299
409 299
410 299
411 300
412 299
413 300
414 300
415 300
416 300
417 300
418 300
419 300
420 299
420 298
420 297
421 296
421 295
422 294
422 293
423 292
423 291
423 290
424 289
424 288
425 287
425 286
426 285
426 284
427 283
427 282
428 281
428 280
429 279
429 278
430 277
430 276
431 275
431 274
431 273
432 272
433 271
433 270
434 269
434 268
435 267
435 266
436 265
436 264
437 263
438 262
438 261
439 260
439 259
440 258
440 257
441 256
441 255
442 254
441 253
440 253
439 253
438 252
437 252
436 251
435 252
434 252
433 252
432 252
431 252
430 252
429 252
428 252
427 252
426 252
425 252
424 252
423 252
422 252
421 253
420 253
419 253
418 253
417 253
416 253
415 253
414 253
413 253
412 253
411 253
410 253
409 253
408 253
407 253
406 253
405 254
404 253
403 254
402 254
401 254
400 254
399 254
398 254
397 254
396 254
395 254
394 254
393 254
392 254
391 254
390 254
389 254
388 254
387 254
386 254
385 254
384 255
383 254
382 255
381 255
380 255
379 255
378 255
377 255
376 255
375 255
374 255
373 255
372 255
371 255
370 255
369 255
368 255
367 255
366 255
365 255
364 255
363 255
362 255
361 255
360 255
359 255
358 256
357 255
356 256
355 256
354 256
353 256
352 256
351 256
350 256
349 256
348 256
347 256
346 256
345 256
344 256
343 256
342 256
341 256
340 256
339 256
338 256
337 256
336 255
336 254
336 253
336 252
336 251
336 250
337 249
338 249
339 249
340 249
341 249
342 249
343 249
344 249
345 249
346 249
347 249
348 249
349 249
350 249
351 249
352 248
353 249
354 248
355 249
356 248
357 248
358 248
359 248
360 248
361 248
362 248
363 248
364 248
365 248
366 248
367 248
368 248
369 248
370 248
371 248
372 248
373 248
374 248
375 247
376 248
377 247
378 247
379 247
380 247
381 247
382 247
383 247
384 247
385 247
386 247
387 247
388 247
389 247
390 247
391 247
392 247
393 246
394 247
395 246
396 246
397 246
398 246
399 246
400 246
401 246
402 246
403 246
404 246
405 246
406 246
407 246
408 245
409 246
410 245
411 245
412 245
413 245
414 245
415 245
416 245
417 245
418 245
419 245
420 245
421 245
420 244
419 244
418 243
417 243
416 242
415 242
414 241
413 241
412 240
411 240
410 239
409 239
408 238
407 238
406 237
405 237
404 236
403 236
402 235
401 235
400 234
399 234
398 233
397 233
396 232
395 231
394 231
393 230
392 230
391 229
390 229
389 228
388 228
387 227
386 226
385 226
384 225
383 225
382 224
381 223
380 223
379 222
378 222
377 221
376 221
375 220
374 219
373 219
372 218
371 217
370 217
369 216
368 216
367 215
366 214
365 214
364 213
363 212
362 212
361 211
360 210
359 210
358 209
357 208
356 208
355 207
354 206
353 206
352 205
351 204
350 204
349 203
348 202
347 202
346 201
345 200
344 199
343 199
342 198
341 197
340 196
339 196
338 195
337 194
336 193
335 193
334 192
333 191
332 190
331 190
330 189
329 188
328 187
327 186
326 186
325 185
324 184
323 183
322 182
321 182
320 181
319 180
318 179
317 178
316 177
315 176
314 176
313 175
312 174
311 173
310 172
309 171
308 170
307 170
306 169
305 168
304 167
303 166
302 165
301 164
300 163
299 162
298 161
297 161
296 160
296 159
295 159
294 158
294 157
293 157
292 156
291 155
291 154
290 154
289 153
288 152
287 151
286 150
286 149
285 149
