237 50
237 51
237 52
237 53
237 54
237 55
238 56
238 57
238 58
238 59
238 60
238 61
238 62
238 63
238 64
238 65
238 66
238 67
239 68
239 69
239 70
239 71
239 72
239 73
239 74
239 75
239 76
239 77
240 78
240 79
240 80
240 81
240 82
240 83
240 84
240 85
240 86
240 87
240 88
241 89
241 90
241 91
241 92
241 93
241 94
241 95
241 96
241 97
241 98
241 99
242 100
242 101
242 102
242 103
242 104
242 105
242 106
242 107
242 108
242 109
243 110
243 111
242 112
243 113
243 114
243 115
243 116
243 117
243 118
243 119
243 120
244 121
244 122
244 123
244 124
244 125
244 126
244 127
244 128
244 129
244 130
244 131
245 132
245 133
245 134
245 135
245 136
245 137
245 138
245 139
245 140
245 141
246 142
246 143
246 144
246 145
246 146
246 147
246 148
246 149
246 150
246 151
246 152
247 153
247 154
247 155
247 156
247 157
247 158
247 159
247 160
247 161
247 162
248 163
248 164
247 165
248 166
248 167
248 168
248 169
248 170
248 171
248 172
248 173
249 174
249 175
249 176
249 177
249 178
249 179
249 180
249 181
249 182
249 183
248 184
247 183
246 182
246 181
245 180
244 179
243 178
242 177
242 176
241 175
240 174
239 173
238 172
238 171
237 170
236 169
235 168
234 167
234 166
233 165
232 164
231 163
230 162
230 161
229 160
228 159
227 158
226 157
225 156
225 155
224 154
223 153
222 152
221 151
221 150
220 149
219 148
218 147
217 146
217 145
216 144
215 143
214 142
213 141
213 140
212 139
211 138
210 137
209 136
209 135
208 134
207 133
206 132
205 131
204 130
204 129
203 128
202 127
201 126
200 125
200 124
199 123
198 122
197 121
196 120
196 119
195 118
194 117
193 116
192 115
192 114
191 113
190 112
189 111
188 110
188 109
187 108
186 107
185 106
184 105
183 104
183 103
182 102
181 101
180 100
179 99
179 98
178 97
177 96
176 95
175 94
175 93
174 92
173 91
172 90
171 89
171 88
170 87
169 86
168 85
167 84
167 83
166 82
165 81
164 82
163 83
162 84
161 85
160 86
159 87
158 88
157 89
156 90
155 91
154 92
153 93
152 93
152 94
151 95
150 95
150 96
149 97
148 97
148 98
147 99
146 99
146 100
145 101
144 101
144 102
143 103
142 103
142 104
141 105
140 105
140 106
139 107
138 107
138 108
137 109
136 109
136 110
135 111
134 111
133 112
132 113
131 114
130 115
129 116
128 117
127 118
126 119
125 120
124 121
123 122
122 123
121 124
120 125
119 126
118 127
117 128
116 129
115 130
114 131
113 132
112 133
111 134
110 135
109 136
108 137
107 138
106 139
105 140
104 141
103 142
102 143
103 144
104 145
105 146
106 147
107 148
108 148
109 149
110 150
111 151
112 152
113 153
114 153
115 154
116 155
117 156
118 157
119 157
120 158
121 159
122 160
123 161
124 162
125 162
126 163
127 164
128 165
129 166
130 167
131 167
132 168
133 169
134 170
135 171
136 172
137 172
138 173
139 174
140 175
141 176
142 177
143 177
144 178
145 179
146 180
147 181
148 182
149 182
150 183
151 184
152 185
153 186
154 186
155 187
156 188
157 189
158 190
159 191
160 191
161 192
162 193
163 194
164 195
165 196
166 196
167 197
168 198
169 199
170 200
171 201
172 201
173 202
174 203
175 204
176 205
177 206
178 206
179 207
180 208
181 209
182 210
183 211
184 211
185 212
186 213
187 214
188 215
189 215
190 216
191 217
192 218
193 219
194 220
195 220
196 221
197 222
198 223
199 224
200 225
201 225
202 226
203 227
203 228
202 229
201 228
200 228
199 228
198 228
197 228
196 228
195 228
194 228
193 228
192 228
191 227
190 227
189 227
188 227
187 227
186 227
185 227
184 227
183 227
182 227
181 227
180 226
179 226
178 226
177 226
176 226
175 226
174 226
173 226
172 226
171 226
170 226
169 225
168 225
167 225
166 225
165 225
164 225
163 225
162 225
161 225
160 225
159 225
158 224
157 224
156 224
155 224
154 224
153 224
152 224
151 224
150 224
149 224
148 224
147 223
146 223
145 223
144 223
143 223
142 223
141 223
140 223
139 223
138 223
137 223
136 222
135 222
134 222
133 222
132 222
131 222
130 222
129 222
128 222
127 222
126 222
125 221
124 221
123 221
122 221
121 221
120 221
119 221
118 221
117 221
116 221
115 221
114 220
113 220
112 220
111 220
110 220
109 220
108 220
107 220
106 220
105 220
104 220
103 219
102 219
101 219
100 219
99 219
98 219
97 219
96 219
95 219
94 219
93 219
92 218
91 218
90 218
89 218
88 218
87 218
86 218
85 218
84 218
83 218
82 218
81 217
80 217
79 217
78 217
77 217
76 217
75 217
74 217
73 217
73 218
73 219
73 220
73 221
73 222
73 223
73 224
73 225
73 226
73 227
73 228
73 229
73 230
73 231
73 232
73 233
73 234
73 235
73 236
73 237
73 238
73 239
73 240
73 241
73 242
73 243
73 244
73 245
73 246
73 247
72 248
73 249
73 250
73 251
73 252
72 253
73 254
73 255
73 256
73 257
72 258
73 259
72 260
72 261
72 262
72 263
72 264
72 265
73 266
72 267
72 268
72 269
72 270
72 271
72 272
73 273
72 274
72 275
72 276
72 277
72 278
72 279
72 280
72 281
72 282
72 283
72 284
72 285
72 286
72 287
72 288
72 289
72 290
72 291
72 292
72 293
72 294
72 295
72 296
72 297
72 298
72 299
72 300
72 301
72 302
73 302
74 301
75 302
76 301
77 301
78 301
79 301
80 301
81 301
82 301
83 301
84 301
85 300
86 301
87 300
88 300
89 300
90 300
91 300
92 300
93 300
94 300
95 300
96 299
97 300
98 299
99 299
100 299
101 299
102 299
103 299
104 299
105 299
106 299
107 298
108 299
109 298
110 298
111 298
112 298
113 298
114 298
115 298
116 298
117 298
118 298
119 297
120 297
121 297
122 297
123 297
124 297
125 297
126 297
127 297
128 297
129 297
130 296
131 297
132 296
133 296
134 296
135 296
136 296
137 296
138 296
139 296
140 296
141 295
142 296
143 295
144 295
145 295
146 295
147 295
148 295
149 295
150 295
151 295
152 294
153 295
154 294
155 294
156 294
157 294
158 294
159 294
160 294
161 294
162 294
163 293
164 294
165 293
166 293
167 293
168 293
169 293
170 293
171 293
172 293
173 293
174 293
175 292
176 292
177 292
178 292
179 292
180 292
181 292
182 292
183 292
184 292
185 292
186 291
187 292
188 291
189 291
190 291
191 291
192 291
193 291
194 291
195 291
196 291
197 290
198 291
199 290
200 290
201 290
202 290
203 290
204 290
205 290
206 291
205 292
204 293
203 294
202 294
201 295
200 296
199 297
198 298
197 299
196 299
195 300
194 301
193 302
192 303
191 304
190 304
189 305
188 306
187 307
186 308
185 308
184 309
183 310
182 311
181 312
180 313
179 313
178 314
177 315
176 316
175 317
174 318
173 318
172 319
171 320
170 321
169 322
168 323
167 323
166 324
165 325
164 326
163 327
162 328
161 328
160 329
159 330
158 331
157 332
156 333
155 333
154 334
153 335
152 336
151 337
150 338
149 338
148 339
147 340
146 341
145 342
144 343
143 343
142 344
141 345
140 346
139 347
138 348
137 348
136 349
135 350
134 351
133 352
132 352
131 353
130 354
129 355
128 356
127 357
126 357
125 358
124 359
123 360
122 361
121 362
120 362
119 363
118 364
117 365
116 366
115 367
114 367
113 368
112 369
111 370
110 371
109 372
108 372
107 373
106 374
105 375
104 376
103 377
102 377
102 378
103 379
104 380
105 381
106 382
107 383
108 384
109 385
110 386
111 387
112 388
113 389
114 390
115 391
116 392
117 393
118 394
119 395
120 396
121 397
122 398
123 399
124 400
125 401
126 402
127 403
128 404
129 405
130 406
131 407
132 408
133 408
134 409
134 410
135 410
136 411
136 412
137 412
138 413
138 414
139 414
140 415
140 416
141 416
142 417
142 418
143 418
144 419
144 420
145 420
146 421
146 422
147 422
148 423
148 424
149 424
150 425
150 426
151 426
152 427
152 428
153 428
154 429
155 430
156 431
157 432
158 433
159 434
160 435
161 436
162 437
163 438
164 438
165 437
166 436
167 435
168 434
168 433
169 432
170 431
171 430
172 429
173 428
173 427
174 426
175 425
176 424
177 423
177 422
178 421
179 420
180 419
181 418
182 417
182 416
183 415
184 414
185 413
186 412
187 411
187 410
188 409
189 408
190 407
191 406
191 405
192 404
193 403
194 402
195 401
196 400
196 399
197 398
198 397
199 396
200 395
201 394
201 393
202 392
203 391
204 390
205 389
206 388
206 387
207 386
208 385
209 384
210 383
210 382
211 381
212 380
213 379
214 378
215 377
215 376
216 375
217 374
218 373
219 372
220 371
220 370
221 369
222 368
223 367
224 366
224 365
225 364
226 363
227 362
228 361
229 360
229 359
230 358
231 357
232 356
233 355
234 354
234 353
235 352
236 351
237 350
238 349
238 348
239 347
240 346
241 345
242 344
243 343
243 342
244 341
245 340
246 339
247 338
248 337
248 336
249 335
250 334
251 333
252 332
253 331
254 332
254 333
254 334
254 335
254 336
254 337
254 338
254 339
254 340
254 341
254 342
254 343
254 344
254 345
254 346
254 347
254 348
254 349
254 350
254 351
254 352
254 353
254 354
254 355
254 356
254 357
254 358
254 359
254 360
254 361
254 362
254 363
254 364
254 365
254 366
254 367
254 368
254 369
254 370
254 371
254 372
254 373
254 374
254 375
254 376
254 377
254 378
254 379
254 380
254 381
254 382
254 383
254 384
254 385
254 386
254 387
254 388
254 389
254 390
254 391
254 392
254 393
254 394
254 395
254 396
254 397
254 398
254 399
254 400
254 401
254 402
254 403
254 404
254 405
254 406
254 407
254 408
254 409
254 410
254 411
254 412
254 413
254 414
254 415
254 416
254 417
254 418
254 419
254 420
254 421
254 422
254 423
254 424
254 425
254 426
254 427
254 428
254 429
254 430
254 431
254 432
254 433
254 434
254 435
254 436
254 437
254 438
254 439
254 440
254 441
254 442
254 443
254 444
254 445
254 446
254 447
254 448
254 449
254 450
254 451
254 452
254 453
254 454
254 455
254 456
254 457
254 458
254 459
254 460
254 461
254 462
254 463
254 464
254 465
254 466
254 467
254 468
255 468
256 468
257 468
258 468
259 468
260 468
261 468
262 468
263 468
264 468
265 468
266 468
267 468
268 468
269 468
270 468
271 468
272 468
273 468
274 468
275 468
276 468
277 468
278 468
279 468
280 468
281 468
282 468
283 468
284 468
285 468
286 468
287 468
288 468
289 468
290 468
291 468
292 468
293 468
294 468
295 468
296 468
297 468
298 468
299 468
300 468
301 468
302 468
303 468
304 468
305 468
306 468
306 467
306 466
306 465
306 464
306 463
306 462
306 461
306 460
306 459
306 458
306 457
306 456
306 455
306 454
306 453
306 452
306 451
306 450
306 449
306 448
306 447
306 446
306 445
306 444
306 443
306 442
306 441
306 440
306 439
306 438
306 437
306 436
306 435
306 434
306 433
306 432
306 431
306 430
306 429
306 428
306 427
306 426
306 425
306 424
306 423
306 422
306 421
306 420
306 419
306 418
306 417
306 416
306 415
306 414
306 413
306 412
306 411
306 410
306 409
306 408
306 407
306 406
306 405
306 404
306 403
306 402
306 401
306 400
306 399
306 398
306 397
306 396
306 395
306 394
306 393
306 392
306 391
306 390
306 389
306 388
306 387
306 386
306 385
306 384
306 383
306 382
306 381
306 380
306 379
306 378
306 377
306 376
306 375
306 374
306 373
306 372
306 371
306 370
306 369
306 368
306 367
306 366
306 365
306 364
306 363
306 362
306 361
306 360
306 359
306 358
306 357
306 356
306 355
306 354
306 353
306 352
306 351
306 350
306 349
306 348
306 347
306 346
306 345
306 344
306 343
306 342
306 341
306 340
306 339
306 338
306 337
306 336
306 335
306 334
307 333
308 334
308 335
309 336
310 337
311 338
312 339
312 340
313 341
314 342
315 343
315 344
316 345
317 346
318 347
319 348
319 349
320 350
321 351
322 352
322 353
323 354
324 355
325 356
326 357
326 358
327 359
328 360
329 361
329 362
330 363
331 364
332 365
333 366
333 367
334 368
335 369
336 370
336 371
337 372
338 373
339 374
340 375
340 376
341 377
342 378
343 379
343 380
344 381
345 382
346 383
347 384
347 385
348 386
349 387
350 388
350 389
351 390
352 391
353 392
353 393
354 394
355 395
356 396
357 397
357 398
358 399
359 400
360 401
361 402
361 403
362 404
363 405
364 406
364 407
365 408
366 409
367 410
367 411
368 412
369 413
370 414
371 415
371 416
372 417
373 418
374 419
374 420
375 421
376 422
377 423
378 424
378 425
379 426
380 427
381 428
381 429
382 430
383 431
384 432
385 433
385 434
386 435
387 436
388 437
388 438
389 439
390 440
391 441
392 440
393 439
394 438
395 437
396 436
397 435
398 434
399 433
400 432
401 431
402 430
403 429
404 428
405 427
406 426
407 425
408 424
409 423
410 422
411 421
412 420
413 419
414 418
415 417
416 416
417 415
418 414
419 413
420 412
421 411
422 410
423 409
424 408
425 407
426 406
427 405
428 404
429 403
430 402
431 401
432 400
433 399
434 398
435 397
436 396
437 395
438 394
439 393
440 392
441 391
442 390
443 389
444 388
445 387
446 386
447 385
448 384
449 383
450 382
451 381
452 380
453 379
454 378
454 377
453 376
452 376
451 375
450 374
449 373
448 372
447 371
446 370
445 370
444 369
443 368
442 367
441 366
440 365
439 364
438 364
437 363
436 362
435 361
434 360
433 359
432 359
431 358
430 357
429 356
428 355
427 354
426 353
425 353
424 352
423 351
422 350
421 349
420 348
419 347
418 347
417 346
416 345
415 344
414 343
413 342
412 341
411 341
410 340
409 339
408 338
407 337
406 336
405 336
404 335
403 334
402 333
401 332
400 331
399 330
398 330
397 329
396 328
395 327
394 326
393 325
392 324
391 324
390 323
389 322
388 321
387 320
386 319
385 319
384 318
383 317
382 316
381 315
380 314
379 313
378 313
377 312
376 311
375 310
374 309
373 308
372 307
371 307
370 306
369 305
368 304
367 303
366 303
365 302
365 301
364 301
363 300
362 299
361 298
360 297
359 296
358 296
357 295
356 294
355 293
354 292
353 291
354 290
355 290
356 290
357 290
358 290
359 290
360 290
361 291
362 291
363 291
364 291
365 291
366 291
367 291
368 291
369 291
370 291
371 291
372 292
373 292
374 292
375 292
376 292
377 292
378 292
379 292
380 292
381 292
382 292
383 293
384 293
385 293
386 293
387 293
388 293
389 293
390 293
391 293
392 293
393 293
394 294
395 294
396 293
397 294
398 294
399 294
400 294
401 294
402 294
403 294
404 294
405 295
406 295
407 294
408 295
409 295
410 295
411 295
412 295
413 295
414 295
415 295
416 296
417 296
418 295
419 296
420 296
421 296
422 296
423 296
424 296
425 296
426 296
427 297
428 297
429 296
430 297
431 297
432 297
433 297
434 297
435 297
436 297
437 297
438 298
439 298
440 297
441 298
442 298
443 298
444 298
445 298
446 298
447 298
448 298
449 299
450 299
451 298
452 299
453 299
454 299
455 299
456 299
457 299
458 299
459 299
460 300
461 300
462 299
463 300
464 300
465 300
466 300
467 300
468 300
469 300
470 300
471 301
472 301
473 300
474 301
475 301
476 301
477 301
478 301
479 301
480 301
481 301
482 302
483 302
484 301
485 301
485 300
485 299
484 298
485 297
485 296
484 295
485 294
485 293
485 292
485 291
485 290
485 289
485 288
485 287
485 286
485 285
485 284
485 283
485 282
485 281
485 280
485 279
485 278
485 277
485 276
485 275
485 274
485 273
485 272
485 271
485 270
485 269
485 268
485 267
485 266
485 265
485 264
485 263
485 262
485 261
485 260
485 259
485 258
485 257
485 256
485 255
485 254
485 253
485 252
485 251
485 250
485 249
485 248
485 247
485 246
485 245
485 244
485 243
486 242
485 241
486 240
486 239
486 238
485 237
486 236
486 235
485 234
486 233
486 232
486 231
485 230
486 229
486 228
485 227
486 226
486 225
486 224
486 223
486 222
486 221
486 220
486 219
486 218
486 217
485 217
484 217
483 217
482 217
481 217
480 217
479 217
478 217
477 217
476 218
475 218
474 218
473 218
472 218
471 218
470 218
469 218
468 218
467 218
466 218
465 219
464 219
463 219
462 219
461 219
460 219
459 219
458 219
457 219
456 219
455 219
454 220
453 220
452 220
451 220
450 220
449 220
448 220
447 220
446 220
445 220
444 220
443 221
442 221
441 221
440 221
439 221
438 221
437 221
436 221
435 221
434 221
433 221
432 222
431 222
430 222
429 222
428 222
427 222
426 222
425 222
424 222
423 223
422 222
421 223
420 223
419 223
418 223
417 223
416 223
415 223
414 223
413 223
412 224
411 223
410 224
409 224
408 224
407 224
406 224
405 224
404 224
403 224
402 224
401 225
400 224
399 225
398 225
397 225
396 225
395 225
394 225
393 225
392 225
391 225
390 226
389 225
388 226
387 226
386 226
385 226
384 226
383 226
382 226
381 226
380 226
379 226
378 227
377 227
376 227
375 227
374 227
373 227
372 227
371 227
370 227
369 227
368 227
367 228
366 228
365 228
364 228
363 228
362 228
361 228
360 228
359 228
358 228
357 227
358 226
359 226
360 225
361 224
362 223
363 222
364 221
365 221
366 220
367 219
368 218
369 217
370 217
371 216
372 215
373 214
374 213
375 212
376 212
377 211
378 210
379 209
380 208
381 207
382 207
383 206
384 205
385 204
386 203
387 203
388 202
389 201
390 200
391 199
392 198
393 198
394 197
395 196
396 195
397 194
398 194
399 193
400 192
401 191
402 190
403 189
404 189
405 188
406 187
407 186
408 185
409 184
410 184
411 183
412 182
413 181
414 180
415 180
416 179
417 178
418 177
419 176
420 175
421 175
422 174
423 173
424 172
425 171
426 171
427 170
428 169
429 168
430 167
431 166
432 166
433 165
434 164
435 163
436 162
437 161
438 161
439 160
440 159
441 158
442 157
443 157
444 156
445 155
446 154
447 153
448 152
449 152
450 151
451 150
452 149
453 148
454 148
455 147
456 146
457 145
457 144
456 143
455 142
454 141
453 140
452 139
451 138
450 137
449 136
449 135
448 135
447 134
447 133
446 133
445 132
445 131
444 131
443 130
443 129
442 129
441 128
441 127
440 127
439 126
439 125
438 125
437 124
437 123
436 123
435 122
435 121
434 121
433 120
433 119
432 118
431 117
430 116
429 115
428 114
427 113
426 112
425 111
424 110
423 109
422 108
421 107
420 106
419 105
418 104
417 103
416 102
415 101
414 100
413 99
412 98
411 97
410 96
409 95
408 94
407 93
406 92
405 91
404 90
403 89
402 88
401 87
400 86
399 85
398 84
397 83
396 82
395 81
394 80
393 79
392 78
391 78
391 79
390 80
389 81
388 82
388 83
387 84
386 85
385 86
385 87
384 88
383 89
382 90
381 91
381 92
380 93
379 94
378 95
378 96
377 97
376 98
375 99
375 100
374 101
373 102
372 103
371 104
371 105
370 106
369 107
368 108
368 109
367 110
366 111
365 112
365 113
364 114
363 115
362 116
361 117
361 118
360 119
359 120
358 121
358 122
357 123
356 124
355 125
355 126
354 127
353 128
352 129
351 130
351 131
350 132
349 133
348 134
348 135
347 136
346 137
345 138
345 139
344 140
343 141
342 142
341 143
341 144
340 145
339 146
338 147
338 148
337 149
336 150
335 151
334 152
334 153
333 154
332 155
331 156
331 157
330 158
329 159
328 160
328 161
327 162
326 163
325 164
324 165
324 166
323 167
322 168
321 169
321 170
320 171
319 172
318 173
318 174
317 175
316 176
315 177
314 178
314 179
313 180
312 181
311 180
311 179
311 178
311 177
311 176
311 175
312 174
312 173
312 172
312 171
312 170
312 169
312 168
312 167
312 166
312 165
313 164
313 163
313 162
313 161
313 160
313 159
313 158
313 157
313 156
313 155
314 154
314 153
314 152
314 151
314 150
314 149
314 148
314 147
314 146
314 145
315 144
315 143
315 142
315 141
315 140
315 139
315 138
315 137
315 136
315 135
316 134
316 133
316 132
316 131
316 130
316 129
316 128
316 127
317 126
316 125
317 124
317 123
317 122
317 121
317 120
317 119
317 118
317 117
318 116
317 115
318 114
318 113
318 112
318 111
318 110
318 109
318 108
318 107
319 106
318 105
319 104
319 103
319 102
319 101
319 100
319 99
319 98
319 97
320 96
319 95
320 94
320 93
320 92
320 91
320 90
320 89
320 88
320 87
321 86
320 85
321 84
321 83
321 82
321 81
321 80
321 79
321 78
321 77
321 76
322 75
322 74
322 73
322 72
322 71
322 70
322 69
322 68
322 67
322 66
323 65
323 64
323 63
323 62
323 61
323 60
323 59
323 58
323 57
323 56
324 55
324 54
324 53
324 52
324 51
324 50
323 50
322 50
321 50
320 50
319 50
318 50
317 50
316 50
315 50
314 50
313 50
312 50
311 50
310 50
309 50
308 50
307 50
306 50
305 50
304 50
303 50
302 50
301 50
300 50
299 50
298 50
297 50
296 50
295 50
294 50
293 50
292 50
291 50
290 50
289 50
288 50
287 50
286 50
285 50
284 50
283 50
282 50
281 50
280 50
279 50
278 50
277 50
276 50
275 50
274 50
273 50
272 50
271 50
270 50
269 50
268 50
267 50
266 50
265 50
264 50
263 50
262 50
261 50
260 50
259 50
258 50
257 50
256 50
255 50
254 50
253 50
252 50
251 50
250 50
249 50
248 50
247 50
246 50
245 50
244 50
243 50
242 50
241 50
240 50
239 50
238 50
