246 85
246 86
247 87
247 88
247 89
247 90
248 91
248 92
248 93
248 94
249 95
249 96
249 97
249 98
250 99
250 100
250 101
250 102
251 103
251 104
251 105
251 106
252 107
252 108
252 109
252 110
253 111
253 112
253 113
253 114
254 115
254 116
254 117
254 118
255 119
255 120
255 121
255 122
256 123
256 124
256 125
256 126
257 127
257 128
257 129
257 130
257 131
258 132
258 133
258 134
258 135
259 136
259 137
259 138
259 139
259 140
259 141
260 142
260 143
260 144
260 145
260 146
260 147
261 148
261 149
261 150
261 151
261 152
261 153
262 154
262 155
262 156
262 157
262 158
262 159
262 160
262 161
263 162
262 163
263 164
263 165
263 166
263 167
263 168
263 169
263 170
263 171
263 172
263 173
263 174
263 175
263 176
264 177
263 178
263 179
263 180
263 181
263 182
264 183
263 184
263 185
263 186
263 187
263 188
263 189
263 190
263 191
263 192
263 193
262 194
263 195
262 196
262 197
262 198
262 199
262 200
262 201
261 202
261 203
261 204
261 205
261 206
261 207
260 208
260 209
260 210
260 211
259 212
259 213
259 214
258 215
258 216
258 217
258 218
257 219
257 220
257 221
256 222
255 222
254 221
253 221
252 221
251 220
250 220
249 220
248 219
247 219
246 219
245 219
244 218
243 218
242 218
241 218
240 217
239 217
238 217
237 217
236 216
235 216
234 216
233 215
232 216
231 215
230 215
229 215
228 214
227 215
226 214
225 214
224 214
223 214
222 214
221 214
220 213
219 213
218 213
217 213
216 213
215 213
214 213
213 213
212 212
211 213
210 212
209 212
208 212
207 212
206 212
205 212
204 212
203 212
202 212
201 212
200 212
199 211
198 212
197 212
196 211
195 212
194 211
193 212
192 211
191 212
190 211
189 212
188 211
187 212
186 211
185 212
184 212
183 211
182 212
181 212
180 212
179 212
178 212
177 212
176 212
175 212
174 212
173 212
172 212
171 212
170 212
169 212
168 213
167 212
166 213
165 213
164 213
163 213
162 213
161 213
160 213
159 213
158 213
157 214
156 214
155 214
154 214
153 214
152 214
151 214
150 214
149 215
148 215
147 215
146 215
145 215
144 215
143 215
142 216
141 216
140 216
139 216
138 216
137 216
136 217
135 217
134 217
133 217
132 217
131 217
130 218
129 218
128 218
127 218
126 218
125 219
124 219
123 219
122 219
121 219
120 220
119 220
118 220
117 220
116 220
115 221
114 221
113 221
112 221
111 221
110 222
109 222
108 222
107 223
106 222
105 223
104 223
103 223
102 223
101 224
100 224
99 224
98 224
97 224
96 225
95 225
94 225
93 226
92 225
91 226
90 226
89 226
88 227
87 227
87 228
87 229
87 230
87 231
87 232
87 233
86 234
87 235
86 236
87 237
86 238
86 239
86 240
86 241
86 242
86 243
86 244
86 245
86 246
86 247
86 248
86 249
85 250
86 251
85 252
85 253
85 254
85 255
85 256
85 257
85 258
85 259
85 260
85 261
85 262
85 263
84 264
85 265
84 266
84 267
84 268
84 269
84 270
84 271
84 272
84 273
84 274
84 275
84 276
84 277
83 278
84 279
83 280
83 281
83 282
83 283
83 284
83 285
83 286
83 287
83 288
83 289
83 290
83 291
83 292
82 293
83 294
82 295
82 296
82 297
82 298
82 299
82 300
82 301
82 302
82 303
82 304
82 305
82 306
82 307
82 308
82 309
81 310
82 311
81 312
82 313
81 314
81 315
81 316
81 317
81 318
81 319
81 320
81 321
81 322
81 323
81 324
81 325
81 326
81 327
81 328
81 329
82 329
83 329
84 329
85 328
86 328
87 328
88 328
89 327
90 327
91 327
92 327
93 326
94 326
95 326
96 326
97 325
98 325
99 325
100 325
101 324
102 324
103 324
104 324
105 323
106 323
107 323
108 323
109 322
110 322
111 322
112 322
113 321
114 321
115 321
116 321
117 320
118 320
119 320
120 320
121 319
122 319
123 319
124 319
125 319
126 318
127 318
128 318
129 318
130 317
131 318
132 317
133 317
134 317
135 316
136 317
137 316
138 316
139 316
140 315
141 316
142 315
143 315
144 315
145 315
146 314
147 315
148 314
149 314
150 314
151 314
152 314
153 313
154 314
155 313
156 313
157 313
158 313
159 313
160 313
161 312
162 313
163 313
164 312
165 313
166 312
167 312
168 313
169 312
170 312
171 312
172 312
173 312
174 312
175 312
176 312
177 312
178 312
179 312
180 312
181 312
182 312
183 312
184 312
185 313
186 312
187 313
188 312
189 313
190 313
191 313
192 313
193 313
194 313
195 313
196 314
197 313
198 314
199 314
200 314
201 314
202 315
203 315
204 315
205 315
206 315
207 316
208 316
209 316
210 316
211 317
211 318
211 319
211 320
211 321
211 322
210 323
210 324
210 325
210 326
210 327
209 328
209 329
209 330
209 331
209 332
208 333
209 334
208 335
208 336
208 337
208 338
208 339
207 340
208 341
207 342
207 343
207 344
207 345
207 346
207 347
207 348
207 349
206 350
207 351
206 352
207 353
206 354
206 355
206 356
206 357
206 358
206 359
206 360
206 361
206 362
206 363
206 364
206 365
206 366
206 367
206 368
206 369
206 370
206 371
206 372
206 373
206 374
206 375
206 376
206 377
206 378
206 379
206 380
206 381
206 382
207 383
206 384
207 385
207 386
207 387
207 388
207 389
207 390
207 391
207 392
207 393
207 394
207 395
207 396
208 397
208 398
208 399
208 400
208 401
208 402
208 403
208 404
209 405
208 406
209 407
209 408
209 409
209 410
209 411
209 412
210 413
210 414
210 415
210 416
210 417
210 418
210 419
211 420
211 421
211 422
211 423
211 424
211 425
212 426
212 427
212 428
212 429
212 430
212 431
213 432
213 433
213 434
213 435
213 436
214 437
214 438
214 439
214 440
214 441
214 442
215 443
215 444
215 445
215 446
216 447
215 448
216 449
216 450
216 451
217 452
217 453
217 454
217 455
217 456
218 457
218 458
218 459
218 460
218 461
219 462
219 463
219 464
219 465
220 466
220 467
220 468
220 469
220 470
221 471
221 472
221 473
221 474
221 475
222 476
222 477
222 478
222 479
223 480
223 481
223 482
223 483
223 484
224 485
224 486
224 487
224 488
224 489
225 490
226 490
227 490
228 490
229 490
230 490
231 490
232 490
233 490
234 490
235 490
236 491
237 490
238 491
239 490
240 491
241 490
242 491
243 491
244 491
245 491
246 491
247 491
248 491
249 491
250 491
251 491
252 491
253 491
254 491
255 491
256 491
257 491
258 491
259 491
260 491
261 491
262 492
263 491
264 492
265 491
266 492
267 492
268 492
269 492
270 492
271 492
272 492
273 492
274 492
275 492
276 492
277 492
278 492
279 492
280 492
281 492
282 492
283 492
284 492
285 493
286 492
287 493
288 492
289 493
290 493
291 493
292 493
293 493
294 493
295 493
296 493
297 493
298 493
299 493
300 493
301 493
302 493
303 493
304 493
305 493
306 493
307 493
308 493
309 493
310 493
311 493
312 494
313 493
314 494
315 493
316 494
317 493
318 494
319 494
320 493
321 494
322 494
323 494
324 493
324 492
324 491
324 490
323 489
323 488
323 487
323 486
322 485
322 484
322 483
322 482
321 481
321 480
321 479
321 478
320 477
320 476
320 475
320 474
319 473
319 472
319 471
319 470
318 469
318 468
318 467
317 466
317 465
317 464
317 463
316 462
316 461
316 460
316 459
315 458
315 457
315 456
315 455
314 454
314 453
314 452
314 451
313 450
313 449
313 448
313 447
312 446
312 445
312 444
312 443
311 442
311 441
311 440
311 439
310 438
310 437
310 436
310 435
310 434
309 433
309 432
309 431
309 430
308 429
308 428
308 427
308 426
308 425
307 424
307 423
307 422
307 421
307 420
306 419
306 418
306 417
306 416
306 415
305 414
305 413
305 412
305 411
305 410
305 409
305 408
304 407
304 406
304 405
304 404
304 403
304 402
304 401
303 400
303 399
303 398
303 397
303 396
303 395
303 394
303 393
303 392
302 391
303 390
303 389
302 388
303 387
302 386
302 385
302 384
302 383
302 382
302 381
302 380
302 379
302 378
302 377
302 376
302 375
302 374
302 373
302 372
303 371
302 370
303 369
303 368
303 367
303 366
303 365
303 364
303 363
303 362
303 361
304 360
304 359
304 358
305 357
306 357
307 357
308 357
309 358
310 358
311 358
312 358
313 359
314 359
315 359
316 359
317 360
318 360
319 360
320 360
321 360
322 361
323 361
324 361
325 361
326 361
327 362
328 362
329 362
330 362
331 362
332 362
333 363
334 362
335 363
336 363
337 363
338 363
339 363
340 363
341 364
342 363
343 364
344 364
345 364
346 364
347 364
348 364
349 364
350 364
351 364
352 364
353 365
354 364
355 365
356 364
357 365
358 365
359 364
360 365
361 365
362 364
363 365
364 365
365 365
366 365
367 365
368 365
369 365
370 365
371 365
372 365
373 365
374 365
375 364
376 365
377 365
378 364
379 365
380 365
381 364
382 365
383 364
384 364
385 364
386 364
387 364
388 364
389 364
390 364
391 364
392 364
393 364
394 363
395 364
396 364
397 363
398 363
399 363
400 363
401 363
402 363
403 363
404 363
405 362
406 363
407 362
408 362
409 362
410 362
411 362
412 362
413 361
414 362
415 361
416 361
417 361
418 361
419 361
420 361
421 360
422 361
423 360
424 360
425 360
426 360
427 359
428 360
429 359
430 359
431 359
432 359
433 358
434 359
435 358
436 358
437 358
438 358
439 357
440 358
441 357
442 357
443 357
444 356
445 357
446 356
447 356
448 356
449 356
450 355
451 355
452 355
453 355
454 355
455 354
456 355
457 354
458 354
459 354
460 353
461 354
462 353
463 353
464 353
465 353
466 352
467 352
468 352
469 352
470 351
471 352
472 351
473 351
474 351
475 350
476 351
477 350
477 349
478 348
478 347
477 346
478 345
478 344
478 343
477 342
478 341
478 340
478 339
478 338
478 337
478 336
478 335
478 334
478 333
478 332
478 331
478 330
478 329
479 328
478 327
478 326
479 325
478 324
479 323
478 322
479 321
479 320
478 319
479 318
479 317
479 316
479 315
479 314
479 313
479 312
479 311
479 310
479 309
479 308
480 307
479 306
480 305
479 304
480 303
480 302
479 301
480 300
480 299
480 298
480 297
480 296
480 295
480 294
480 293
480 292
480 291
480 290
481 289
480 288
481 287
481 286
480 285
481 284
481 283
481 282
481 281
481 280
481 279
481 278
481 277
481 276
481 275
481 274
481 273
482 272
481 271
482 270
481 269
482 268
482 267
481 266
482 265
482 264
482 263
482 262
482 261
482 260
482 259
482 258
482 257
482 256
482 255
482 254
482 253
483 252
482 251
482 250
481 251
480 251
479 251
478 251
477 252
476 252
475 252
474 252
473 253
472 253
471 253
470 253
469 254
468 254
467 255
466 254
465 255
464 255
463 255
462 256
461 256
460 256
459 256
458 257
457 257
456 257
455 257
454 258
453 258
452 258
451 258
450 259
449 259
448 260
447 259
446 260
445 260
444 260
443 260
442 261
441 261
440 262
439 261
438 262
437 262
436 262
435 262
434 263
433 263
432 263
431 263
430 264
429 264
428 264
427 265
426 264
425 265
424 265
423 265
422 266
421 265
420 266
419 266
418 266
417 266
416 266
415 267
414 267
413 267
412 267
411 268
410 267
409 268
408 268
407 268
406 268
405 269
404 268
403 269
402 269
401 269
400 269
399 269
398 269
397 269
396 270
395 269
394 270
393 270
392 270
391 270
390 270
389 270
388 270
387 270
386 270
385 270
384 270
383 271
382 270
381 271
380 270
379 271
378 270
377 271
376 270
375 271
374 270
373 271
372 270
371 271
370 270
369 270
368 271
367 270
366 270
365 270
364 270
363 270
362 270
361 270
360 270
359 269
358 270
357 269
356 269
355 269
354 269
353 269
352 269
351 268
350 268
349 268
348 268
347 267
346 268
345 267
345 266
345 265
345 264
346 263
346 262
346 261
347 260
347 259
347 258
348 257
348 256
348 255
349 254
349 253
349 252
350 251
350 250
350 249
350 248
351 247
351 246
351 245
351 244
352 243
352 242
352 241
352 240
353 239
353 238
353 237
353 236
353 235
354 234
354 233
354 232
354 231
354 230
355 229
355 228
355 227
355 226
355 225
355 224
355 223
356 222
356 221
356 220
356 219
356 218
356 217
356 216
356 215
356 214
357 213
357 212
357 211
357 210
357 209
357 208
357 207
357 206
357 205
357 204
357 203
357 202
357 201
358 200
357 199
358 198
358 197
358 196
357 195
358 194
358 193
358 192
358 191
358 190
358 189
358 188
358 187
358 186
358 185
357 184
358 183
358 182
357 181
358 180
357 179
357 178
357 177
357 176
357 175
357 174
357 173
357 172
357 171
357 170
357 169
357 168
357 167
357 166
357 165
356 164
356 163
356 162
356 161
356 160
356 159
356 158
356 157
356 156
356 155
355 154
355 153
355 152
355 151
355 150
355 149
355 148
355 147
354 146
354 145
354 144
354 143
354 142
354 141
354 140
353 139
353 138
353 137
353 136
353 135
353 134
353 133
352 132
352 131
352 130
352 129
352 128
352 127
351 126
351 125
351 124
351 123
351 122
350 121
350 120
350 119
350 118
350 117
350 116
349 115
349 114
349 113
349 112
349 111
348 110
348 109
348 108
348 107
348 106
347 105
347 104
347 103
347 102
347 101
346 100
346 99
346 98
346 97
346 96
345 95
345 94
345 93
345 92
344 92
343 92
342 92
341 92
340 91
339 92
338 91
337 92
336 91
335 91
334 91
333 91
332 91
331 91
330 91
329 91
328 91
327 91
326 91
325 91
324 91
323 91
322 90
321 91
320 90
319 90
318 90
317 90
316 90
315 90
314 90
313 90
312 90
311 90
310 90
309 90
308 89
307 90
306 89
305 89
304 89
303 89
302 89
301 89
300 89
299 89
298 89
297 89
296 89
295 88
294 89
293 88
292 88
291 88
290 88
289 88
288 88
287 88
286 88
285 88
284 88
283 88
282 87
281 88
280 87
279 87
278 87
277 87
276 87
275 87
274 87
273 87
272 87
271 87
270 87
269 87
268 86
267 87
266 86
265 86
264 86
263 86
262 86
261 86
260 86
259 86
258 86
257 86
256 86
255 86
254 86
253 86
252 86
251 85
250 86
249 85
248 85
247 85
