248 90
248 91
248 92
249 93
249 94
250 95
250 96
251 97
252 98
252 99
252 100
253 101
253 102
254 103
254 104
255 105
255 106
256 107
256 108
257 109
257 110
258 111
258 112
259 113
259 114
260 115
260 116
261 117
261 118
262 119
262 120
263 121
263 122
263 123
264 124
265 125
265 126
265 127
266 128
266 129
267 130
267 131
268 132
268 133
269 134
269 135
269 136
270 137
270 138
271 139
271 140
271 141
272 142
272 143
273 144
273 145
273 146
274 147
274 148
275 149
275 150
275 151
276 152
276 153
277 154
277 155
277 156
277 157
278 158
278 159
279 160
279 161
279 162
280 163
280 164
280 165
280 166
281 167
281 168
281 169
282 170
282 171
282 172
283 173
283 174
283 175
283 176
284 177
284 178
284 179
284 180
285 181
285 182
285 183
285 184
286 185
286 186
286 187
286 188
286 189
286 190
287 191
287 192
287 193
287 194
287 195
288 196
288 197
288 198
288 199
288 200
288 201
289 202
288 203
288 204
289 205
289 206
289 207
289 208
289 209
289 210
289 211
289 212
289 213
289 214
289 215
289 216
289 217
289 218
289 219
289 220
289 221
289 222
289 223
289 224
289 225
289 226
289 227
289 228
289 229
288 230
287 231
286 230
285 230
284 230
283 229
282 229
281 229
280 229
279 229
278 229
277 228
276 228
275 228
274 228
273 228
272 228
271 228
270 228
269 228
268 228
267 228
266 229
265 228
264 229
263 229
262 229
261 229
260 229
259 230
258 230
257 230
256 231
255 231
254 231
253 232
252 232
251 233
250 233
249 234
248 234
247 235
246 235
245 236
244 237
243 237
242 238
241 239
240 240
239 240
238 240
237 239
236 239
235 238
234 238
233 237
232 237
231 236
230 236
229 235
228 235
227 234
226 234
225 234
224 233
223 233
222 232
221 232
220 232
219 231
218 231
217 230
216 230
215 230
214 229
213 229
212 229
211 229
210 228
209 228
208 228
207 227
206 227
205 227
204 226
203 226
202 225
201 226
200 225
199 225
198 225
197 224
196 224
195 224
194 224
193 224
192 223
191 223
190 223
189 223
188 223
187 222
186 222
185 222
184 222
183 222
182 222
181 221
180 221
179 221
178 221
177 221
176 220
175 221
174 220
173 220
172 220
171 220
170 220
169 220
168 220
167 219
166 219
165 219
164 219
163 219
162 219
161 219
160 219
159 219
158 219
157 218
156 219
155 218
154 218
153 218
152 218
151 218
150 218
149 218
148 218
147 218
146 218
145 218
144 218
143 218
142 218
141 217
140 218
139 217
138 218
137 217
136 217
135 217
134 217
133 217
132 217
131 217
130 217
129 217
128 217
127 217
126 217
125 217
124 217
123 217
122 217
121 217
120 217
119 217
118 217
117 217
116 217
115 217
114 217
113 217
112 217
111 217
110 217
109 217
108 217
107 217
106 217
105 217
104 217
103 217
102 217
101 217
100 218
101 219
100 220
100 221
100 222
100 223
100 224
100 225
100 226
100 227
100 228
100 229
100 230
99 231
100 232
99 233
99 234
99 235
99 236
99 237
99 238
99 239
99 240
99 241
99 242
98 243
99 244
98 245
98 246
98 247
98 248
98 249
98 250
98 251
98 252
98 253
97 254
98 255
97 256
97 257
97 258
97 259
97 260
97 261
97 262
97 263
96 264
97 265
96 266
96 267
96 268
96 269
96 270
96 271
96 272
96 273
96 274
95 275
96 276
95 277
95 278
95 279
95 280
95 281
95 282
95 283
95 284
95 285
94 286
95 287
94 288
94 289
94 290
94 291
94 292
94 293
94 294
94 295
94 296
94 297
94 298
93 299
94 300
93 301
93 302
93 303
93 304
93 305
93 306
93 307
93 308
93 309
94 309
95 308
96 308
97 307
98 307
99 306
100 306
101 305
102 305
103 304
104 304
105 303
106 302
107 302
108 301
109 301
110 300
111 300
112 299
113 298
114 298
115 298
116 297
117 296
118 296
119 295
120 295
121 294
122 294
123 293
124 293
125 292
126 292
127 291
128 290
129 290
130 290
131 289
132 289
133 288
134 288
135 287
136 287
137 286
138 286
139 285
140 285
141 284
142 284
143 283
144 283
145 283
146 282
147 282
148 281
149 281
150 280
151 280
152 279
153 279
154 278
155 278
156 278
157 277
158 277
159 277
160 276
161 276
162 275
163 275
164 275
165 274
166 274
167 274
168 273
169 273
170 272
171 272
172 272
173 271
174 271
175 271
176 271
177 270
178 270
179 270
180 269
181 269
182 269
183 268
184 268
185 268
186 268
187 267
188 267
189 267
190 267
191 266
192 267
193 266
194 266
195 266
196 265
197 265
198 265
199 265
200 265
201 264
202 264
203 264
204 264
205 264
206 264
207 264
208 263
209 263
210 263
211 263
212 263
213 263
214 263
215 263
216 263
217 262
218 263
219 263
220 262
221 262
222 262
223 263
224 262
225 262
226 263
226 264
226 265
225 266
225 267
225 268
225 269
225 270
225 271
225 272
225 273
224 274
225 275
225 276
225 277
224 278
225 279
225 280
225 281
225 282
225 283
226 284
226 285
226 286
226 287
227 288
227 289
227 290
228 291
228 292
228 293
229 294
229 295
230 296
230 297
231 298
231 299
232 300
232 301
233 302
234 303
234 304
235 305
236 306
237 307
238 308
239 309
240 310
240 311
239 312
239 313
238 314
238 315
237 316
237 317
236 318
236 319
235 320
235 321
234 322
234 323
234 324
233 325
232 326
232 327
232 328
231 329
231 330
230 331
230 332
230 333
230 334
229 335
229 336
228 337
228 338
228 339
227 340
227 341
227 342
227 343
226 344
226 345
225 346
225 347
225 348
225 349
225 350
224 351
224 352
224 353
224 354
223 355
223 356
223 357
223 358
223 359
222 360
222 361
222 362
222 363
222 364
221 365
221 366
221 367
221 368
221 369
221 370
220 371
220 372
220 373
220 374
220 375
220 376
219 377
219 378
219 379
219 380
219 381
219 382
219 383
219 384
219 385
219 386
218 387
219 388
218 389
218 390
218 391
218 392
218 393
218 394
218 395
218 396
218 397
218 398
217 399
218 400
218 401
218 402
218 403
217 404
217 405
217 406
218 407
217 408
218 409
217 410
217 411
217 412
217 413
217 414
217 415
217 416
217 417
217 418
218 419
217 420
217 421
217 422
217 423
217 424
217 425
217 426
217 427
217 428
218 429
217 430
217 431
217 432
217 433
218 434
217 435
218 436
217 437
217 438
218 439
218 440
217 441
218 442
218 443
218 444
218 445
218 446
217 447
218 448
218 449
218 450
218 451
218 452
218 453
218 454
218 455
218 456
218 457
218 458
218 459
219 460
220 460
221 460
222 460
223 460
224 460
225 460
226 460
227 461
228 460
229 461
230 461
231 461
232 461
233 461
234 461
235 461
236 461
237 461
238 461
239 461
240 461
241 462
242 462
243 462
244 462
245 462
246 462
247 462
248 462
249 462
250 462
251 462
252 462
253 463
254 463
255 463
256 463
257 463
258 463
259 463
260 463
261 463
262 463
263 463
264 464
265 464
266 464
267 464
268 464
269 464
270 464
271 464
272 464
273 464
274 464
275 465
276 464
277 465
278 465
279 465
280 465
281 465
282 465
283 465
284 465
285 465
286 465
287 466
288 465
289 466
290 466
291 466
292 466
293 466
294 466
295 466
296 466
297 466
298 466
299 466
300 467
301 466
302 467
303 467
304 467
305 467
306 467
307 467
308 467
309 467
309 466
308 465
307 464
307 463
307 462
306 461
305 460
305 459
304 458
304 457
303 456
303 455
302 454
301 453
301 452
300 451
300 450
299 449
299 448
298 447
298 446
297 445
296 444
296 443
295 442
295 441
294 440
294 439
293 438
293 437
292 436
292 435
291 434
290 433
290 432
290 431
289 430
288 429
288 428
288 427
287 426
286 425
286 424
286 423
285 422
284 421
284 420
284 419
283 418
283 417
282 416
282 415
281 414
281 413
280 412
280 411
279 410
279 409
279 408
278 407
278 406
277 405
277 404
276 403
276 402
276 401
275 400
275 399
274 398
274 397
274 396
273 395
273 394
273 393
272 392
272 391
271 390
271 389
271 388
270 387
270 386
270 385
269 384
269 383
269 382
269 381
268 380
268 379
268 378
267 377
267 376
267 375
266 374
266 373
266 372
266 371
265 370
265 369
265 368
265 367
265 366
264 365
264 364
264 363
264 362
263 361
263 360
263 359
263 358
263 357
262 356
262 355
262 354
262 353
262 352
262 351
262 350
262 349
261 348
261 347
261 346
261 345
261 344
261 343
261 342
261 341
261 340
260 339
261 338
261 337
260 336
260 335
261 334
260 333
260 332
260 331
261 330
260 329
260 328
261 327
260 326
261 325
260 324
261 323
261 322
262 321
263 321
264 321
265 321
266 322
267 321
268 322
269 321
270 322
271 322
272 321
273 322
274 321
275 321
276 321
277 321
278 321
279 321
280 320
281 321
282 320
283 320
284 320
285 319
286 319
287 319
288 318
289 318
290 318
291 317
292 317
293 316
294 316
295 315
296 315
297 314
298 313
299 313
300 312
301 312
301 311
302 310
303 310
304 309
305 308
306 308
307 309
308 310
309 310
310 311
311 312
312 312
313 313
314 314
315 314
316 315
317 316
318 316
319 317
320 317
321 318
322 318
323 319
324 319
325 320
326 320
327 321
328 321
329 322
330 322
331 323
332 323
333 324
334 324
335 324
336 325
337 325
338 325
339 326
340 326
341 327
342 327
343 327
344 328
345 328
346 328
347 329
348 329
349 329
350 330
351 330
352 330
353 331
354 331
355 331
356 331
357 332
358 332
359 332
360 333
361 333
362 333
363 333
364 333
365 334
366 334
367 334
368 334
369 335
370 334
371 335
372 335
373 335
374 335
375 335
376 336
377 336
378 336
379 336
380 336
381 337
382 337
383 337
384 337
385 337
386 337
387 337
388 337
389 338
390 338
391 338
392 338
393 338
394 338
395 338
396 338
397 338
398 339
399 338
400 339
401 339
402 339
403 339
404 339
405 339
406 339
407 339
408 339
409 339
410 339
411 340
412 339
413 340
414 340
415 339
416 340
417 340
418 340
419 340
420 340
421 340
422 340
423 340
424 340
425 340
426 340
427 340
428 340
429 340
430 340
431 340
432 340
433 340
434 340
435 340
436 340
437 340
438 340
439 340
440 340
441 340
442 340
443 340
444 340
445 340
446 340
447 340
448 340
449 340
450 340
451 340
452 340
453 340
454 340
455 340
456 340
457 339
457 338
456 337
457 336
457 335
457 334
457 333
457 332
457 331
457 330
457 329
457 328
457 327
457 326
458 325
457 324
458 323
458 322
458 321
458 320
458 319
458 318
458 317
458 316
458 315
459 314
458 313
459 312
459 311
459 310
459 309
459 308
459 307
459 306
459 305
459 304
460 303
459 302
460 301
460 300
460 299
460 298
460 297
460 296
460 295
460 294
461 293
460 292
461 291
461 290
461 289
461 288
461 287
461 286
461 285
461 284
461 283
462 282
461 281
462 280
462 279
462 278
462 277
462 276
462 275
462 274
462 273
462 272
463 271
462 270
463 269
463 268
463 267
463 266
463 265
463 264
463 263
463 262
463 261
463 260
463 259
463 258
464 257
464 256
463 255
464 254
464 253
464 252
464 251
464 250
464 249
464 248
463 248
462 248
461 249
460 249
459 250
458 250
457 251
456 252
455 252
454 252
453 253
452 254
451 254
450 255
449 255
448 256
447 256
446 257
445 257
444 258
443 258
442 259
441 259
440 260
439 260
438 261
437 261
436 262
435 262
434 263
433 263
432 264
431 264
430 265
429 265
428 266
427 266
426 266
425 267
424 268
423 268
422 268
421 269
420 269
419 270
418 270
417 270
416 271
415 272
414 272
413 272
412 273
411 273
410 274
409 274
408 274
407 275
406 275
405 275
404 276
403 276
402 277
401 277
400 277
399 278
398 278
397 278
396 279
395 279
394 280
393 280
392 280
391 281
390 281
389 281
388 281
387 282
386 282
385 283
384 283
383 283
382 283
381 284
380 284
379 284
378 284
377 285
376 285
375 285
374 285
373 286
372 286
371 286
370 286
369 287
368 287
367 287
366 287
365 287
364 288
363 288
362 288
361 288
360 288
359 289
358 289
357 289
356 289
355 289
354 289
353 289
352 289
351 290
350 290
349 290
348 290
347 290
346 290
345 290
344 290
343 290
342 290
341 290
340 290
339 290
338 291
337 290
336 290
335 290
334 290
333 290
332 290
331 290
330 290
329 290
328 290
327 290
326 290
325 290
324 290
323 289
322 290
321 289
320 290
319 289
318 289
317 288
317 287
318 286
317 285
318 284
318 283
318 282
318 281
318 280
319 279
318 278
319 277
318 276
319 275
318 274
319 273
318 272
318 271
318 270
318 269
318 268
318 267
318 266
317 265
317 264
317 263
317 262
316 261
316 260
316 259
315 258
315 257
315 256
314 255
314 254
313 253
313 252
312 251
312 250
311 249
310 248
310 247
309 246
308 245
307 244
308 243
309 242
309 241
310 240
310 239
311 238
312 237
312 236
313 235
313 234
314 233
315 232
315 231
316 230
316 229
317 228
317 227
318 226
318 225
319 224
319 223
320 222
320 221
321 220
321 219
321 218
322 217
322 216
322 215
323 214
323 213
324 212
324 211
324 210
325 209
325 208
325 207
326 206
326 205
326 204
327 203
327 202
327 201
328 200
328 199
328 198
328 197
329 196
329 195
329 194
329 193
330 192
330 191
330 190
330 189
331 188
331 187
331 186
331 185
332 184
332 183
332 182
332 181
333 180
332 179
333 178
333 177
333 176
333 175
333 174
334 173
334 172
334 171
334 170
334 169
334 168
334 167
335 166
335 165
335 164
335 163
335 162
335 161
335 160
336 159
335 158
336 157
336 156
336 155
336 154
336 153
336 152
336 151
337 150
336 149
337 148
336 147
337 146
337 145
337 144
337 143
337 142
337 141
337 140
337 139
337 138
337 137
337 136
337 135
338 134
337 133
338 132
337 131
338 130
338 129
338 128
338 127
338 126
338 125
338 124
338 123
338 122
338 121
338 120
338 119
338 118
338 117
338 116
338 115
338 114
338 113
338 112
338 111
338 110
338 109
338 108
339 107
338 106
339 105
338 104
338 103
339 102
338 101
338 100
339 99
339 98
338 97
337 97
336 97
335 97
334 97
333 97
332 96
331 97
330 96
329 96
328 96
327 96
326 96
325 96
324 96
323 96
322 96
321 96
320 96
319 96
318 95
317 96
316 95
315 95
314 95
313 95
312 95
311 95
310 95
309 95
308 95
307 95
306 94
305 95
304 94
303 94
302 94
301 94
300 94
299 94
298 94
297 94
296 94
295 94
294 94
293 93
292 93
291 93
290 93
289 93
288 93
287 93
286 93
285 93
284 93
283 92
282 93
281 92
280 92
279 92
278 92
277 92
276 92
275 92
274 92
273 92
272 92
271 91
270 92
269 91
268 91
267 91
266 91
265 91
264 91
263 91
262 91
261 91
260 91
259 91
258 91
257 90
256 91
255 90
254 90
253 90
252 90
251 90
250 90
249 90
