282 78
282 79
282 80
282 81
282 82
282 83
282 84
282 85
282 86
282 87
282 88
282 89
282 90
282 91
282 92
282 93
282 94
282 95
282 96
282 97
282 98
282 99
282 100
282 101
282 102
282 103
282 104
282 105
282 106
282 107
282 108
282 109
282 110
282 111
282 112
282 113
282 114
282 115
282 116
282 117
282 118
282 119
282 120
282 121
282 122
282 123
282 124
282 125
282 126
282 127
282 128
282 129
282 130
282 131
282 132
282 133
282 134
282 135
282 136
282 137
282 138
282 139
282 140
282 141
282 142
282 143
282 144
282 145
282 146
282 147
282 148
282 149
282 150
282 151
282 152
282 153
282 154
282 155
282 156
282 157
282 158
282 159
282 160
282 161
282 162
282 163
282 164
282 165
282 166
282 167
282 168
282 169
282 170
282 171
282 172
282 173
282 174
282 175
282 176
282 177
282 178
282 179
282 180
282 181
282 182
282 183
282 184
282 185
282 186
282 187
282 188
282 189
282 190
282 191
282 192
282 193
282 194
282 195
282 196
282 197
282 198
282 199
282 200
282 201
282 202
282 203
282 204
282 205
282 206
282 207
282 208
282 209
282 210
282 211
282 212
282 213
282 214
282 215
282 216
282 217
282 218
282 219
282 220
282 221
282 222
282 223
282 224
282 225
282 226
282 227
282 228
282 229
282 230
282 231
282 232
282 233
282 234
282 235
282 236
282 237
282 238
282 239
282 240
282 241
282 242
282 243
282 244
282 245
282 246
282 247
282 248
282 249
282 250
282 251
282 252
282 253
282 254
282 255
282 256
282 257
282 258
282 259
282 260
282 261
282 262
282 263
282 264
282 265
282 266
283 266
284 266
285 266
286 266
287 266
288 266
289 266
290 266
291 266
292 266
293 266
294 266
295 266
296 266
297 266
298 266
299 266
300 266
301 266
302 266
303 266
304 266
305 266
306 266
307 266
308 266
309 266
310 266
311 266
312 266
313 266
314 266
315 266
316 266
317 266
318 266
319 266
320 266
321 266
322 266
323 266
324 266
325 266
326 266
327 266
328 266
329 266
330 266
331 266
332 266
333 266
334 266
335 266
336 266
337 266
338 266
339 266
340 266
341 266
342 266
343 266
344 266
345 266
346 266
347 266
348 266
349 266
350 266
351 266
352 266
353 266
354 266
355 266
356 266
357 266
358 266
359 266
360 266
361 266
362 266
363 266
364 266
365 266
366 266
367 266
368 266
369 266
370 266
371 266
372 266
373 266
374 266
375 266
376 266
377 266
378 266
379 266
380 266
381 266
382 266
383 266
384 266
385 266
386 266
387 266
388 266
389 266
390 266
391 266
392 266
393 266
394 266
395 266
396 266
397 266
398 266
399 266
400 266
401 266
402 266
403 266
404 266
405 266
406 266
407 266
408 266
409 266
410 266
411 266
412 266
413 266
414 266
415 266
416 266
417 266
418 266
419 266
420 266
421 266
422 266
423 266
424 266
425 266
426 266
427 266
428 266
429 266
430 266
431 266
432 266
433 266
434 266
435 266
436 266
437 266
438 266
439 266
440 266
441 266
442 266
443 266
444 266
445 266
446 266
447 266
448 266
449 266
450 266
451 266
452 266
453 266
454 266
455 266
456 266
457 266
458 266
459 266
460 266
461 267
461 268
461 269
461 270
461 271
461 272
461 273
461 274
461 275
461 276
461 277
461 278
460 279
459 279
458 279
457 279
456 279
455 279
454 279
453 279
452 279
451 279
450 279
449 279
448 279
447 279
446 279
445 279
444 279
443 279
442 279
441 279
440 279
439 279
438 279
437 279
436 279
435 279
434 279
433 279
432 279
431 279
430 279
429 279
428 279
427 279
426 279
425 279
424 279
423 279
422 279
421 279
420 279
419 279
418 279
417 279
416 279
415 279
414 279
413 279
412 279
411 279
410 279
409 279
408 279
407 279
406 279
405 279
404 279
403 279
402 279
401 279
400 279
399 279
398 279
397 279
396 279
395 279
394 279
393 279
392 279
391 279
390 279
389 279
388 279
387 279
386 279
385 279
384 279
383 279
382 279
381 279
380 279
379 279
378 279
377 279
376 279
375 279
374 279
373 279
372 279
371 279
370 279
369 279
368 279
367 279
366 279
365 279
364 279
363 279
362 279
361 279
360 279
359 279
358 279
357 279
356 279
355 279
354 279
353 279
352 279
351 279
350 279
349 279
348 279
347 279
346 279
345 279
344 279
343 279
342 279
341 279
340 279
339 279
338 279
337 279
336 279
335 279
334 279
333 279
332 279
331 279
330 279
329 279
328 279
327 279
326 279
325 279
324 279
323 279
322 279
321 279
320 279
319 279
318 279
317 279
316 279
315 279
314 279
313 279
312 279
311 279
310 279
309 279
308 279
307 279
306 279
305 279
304 279
303 279
302 279
301 279
300 279
299 279
298 279
297 279
296 279
295 279
294 279
293 279
292 279
291 279
290 279
289 279
288 279
287 279
286 279
285 279
284 279
283 279
282 279
282 280
282 281
282 282
282 283
282 284
282 285
282 286
282 287
282 288
282 289
282 290
282 291
282 292
282 293
282 294
282 295
282 296
282 297
282 298
282 299
282 300
282 301
282 302
282 303
282 304
282 305
282 306
282 307
282 308
282 309
282 310
282 311
282 312
282 313
282 314
282 315
282 316
282 317
282 318
282 319
282 320
282 321
282 322
282 323
282 324
282 325
282 326
282 327
282 328
282 329
282 330
282 331
282 332
282 333
282 334
282 335
282 336
282 337
282 338
282 339
282 340
282 341
282 342
282 343
282 344
282 345
282 346
282 347
282 348
282 349
282 350
282 351
282 352
282 353
282 354
282 355
282 356
282 357
282 358
282 359
282 360
282 361
282 362
282 363
282 364
282 365
282 366
282 367
282 368
282 369
282 370
282 371
282 372
282 373
282 374
282 375
282 376
282 377
282 378
282 379
282 380
282 381
282 382
282 383
282 384
282 385
282 386
282 387
282 388
282 389
282 390
282 391
282 392
282 393
282 394
282 395
282 396
282 397
282 398
282 399
282 400
282 401
282 402
282 403
282 404
282 405
282 406
282 407
282 408
282 409
282 410
282 411
282 412
282 413
282 414
282 415
282 416
282 417
282 418
282 419
282 420
282 421
282 422
282 423
282 424
282 425
282 426
282 427
282 428
282 429
282 430
282 431
282 432
282 433
282 434
282 435
282 436
282 437
282 438
282 439
282 440
282 441
282 442
282 443
282 444
282 445
282 446
282 447
282 448
282 449
282 450
282 451
282 452
282 453
282 454
282 455
282 456
282 457
282 458
282 459
282 460
282 461
281 462
280 462
279 462
278 462
277 462
276 462
275 462
274 462
273 462
272 462
271 462
270 462
269 462
268 461
268 460
268 459
268 458
268 457
268 456
268 455
268 454
268 453
268 452
268 451
268 450
268 449
268 448
268 447
268 446
268 445
268 444
268 443
268 442
268 441
268 440
268 439
268 438
268 437
268 436
268 435
268 434
268 433
268 432
268 431
268 430
268 429
268 428
268 427
268 426
268 425
268 424
268 423
268 422
268 421
268 420
268 419
268 418
268 417
268 416
268 415
268 414
268 413
268 412
268 411
268 410
268 409
268 408
268 407
268 406
268 405
268 404
268 403
268 402
268 401
268 400
268 399
268 398
268 397
268 396
268 395
268 394
268 393
268 392
268 391
268 390
268 389
268 388
268 387
268 386
268 385
268 384
268 383
268 382
268 381
268 380
268 379
268 378
268 377
268 376
268 375
268 374
268 373
268 372
268 371
268 370
268 369
268 368
268 367
268 366
268 365
268 364
268 363
268 362
268 361
268 360
268 359
268 358
268 357
268 356
268 355
268 354
268 353
268 352
268 351
268 350
268 349
268 348
268 347
268 346
268 345
268 344
268 343
268 342
268 341
268 340
268 339
268 338
268 337
268 336
268 335
268 334
268 333
268 332
268 331
268 330
268 329
268 328
268 327
268 326
268 325
268 324
268 323
268 322
268 321
268 320
268 319
268 318
268 317
268 316
268 315
268 314
268 313
268 312
268 311
268 310
268 309
268 308
268 307
268 306
268 305
268 304
268 303
268 302
268 301
268 300
268 299
268 298
268 297
268 296
268 295
268 294
268 293
268 292
268 291
268 290
268 289
268 288
268 287
268 286
268 285
268 284
268 283
268 282
268 281
268 280
268 279
267 279
266 279
265 279
264 279
263 279
262 279
261 279
260 279
259 279
258 279
257 279
256 279
255 279
254 279
253 279
252 279
251 279
250 279
249 279
248 279
247 279
246 279
245 279
244 279
243 279
242 279
241 279
240 279
239 279
238 279
237 279
236 279
235 279
234 279
233 279
232 279
231 279
230 279
229 279
228 279
227 279
226 279
225 279
224 279
223 279
222 279
221 279
220 279
219 279
218 279
217 279
216 279
215 279
214 279
213 279
212 279
211 279
210 279
209 279
208 279
207 279
206 279
205 279
204 279
203 279
202 279
201 279
200 279
199 279
198 279
197 279
196 279
195 279
194 279
193 279
192 279
191 279
190 279
189 279
188 279
187 279
186 279
185 279
184 279
183 279
182 279
181 279
180 279
179 279
178 279
177 279
176 279
175 279
174 279
173 279
172 279
171 279
170 279
169 279
168 279
167 279
166 279
165 279
164 279
163 279
162 279
161 279
160 279
159 279
158 279
157 279
156 279
155 279
154 279
153 279
152 279
151 279
150 279
149 279
148 279
147 279
146 279
145 279
144 279
143 279
142 279
141 279
140 279
139 279
138 279
137 279
136 279
135 279
134 279
133 279
132 279
131 279
130 279
129 279
128 279
127 279
126 279
125 279
124 279
123 279
122 279
121 279
120 279
119 279
118 279
117 279
116 279
115 279
114 279
113 279
112 279
111 279
110 279
109 279
108 279
107 279
106 279
105 279
104 279
103 279
102 279
101 279
100 279
99 278
99 277
99 276
99 275
99 274
99 273
99 272
99 271
99 270
99 269
99 268
99 267
100 266
101 266
102 266
103 266
104 266
105 266
106 266
107 266
108 266
109 266
110 266
111 266
112 266
113 266
114 266
115 266
116 266
117 266
118 266
119 266
120 266
121 266
122 266
123 266
124 266
125 266
126 266
127 266
128 266
129 266
130 266
131 266
132 266
133 266
134 266
135 266
136 266
137 266
138 266
139 266
140 266
141 266
142 266
143 266
144 266
145 266
146 266
147 266
148 266
149 266
150 266
151 266
152 266
153 266
154 266
155 266
156 266
157 266
158 266
159 266
160 266
161 266
162 266
163 266
164 266
165 266
166 266
167 266
168 266
169 266
170 266
171 266
172 266
173 266
174 266
175 266
176 266
177 266
178 266
179 266
180 266
181 266
182 266
183 266
184 266
185 266
186 266
187 266
188 266
189 266
190 266
191 266
192 266
193 266
194 266
195 266
196 266
197 266
198 266
199 266
200 266
201 266
202 266
203 266
204 266
205 266
206 266
207 266
208 266
209 266
210 266
211 266
212 266
213 266
214 266
215 266
216 266
217 266
218 266
219 266
220 266
221 266
222 266
223 266
224 266
225 266
226 266
227 266
228 266
229 266
230 266
231 266
232 266
233 266
234 266
235 266
236 266
237 266
238 266
239 266
240 266
241 266
242 266
243 266
244 266
245 266
246 266
247 266
248 266
249 266
250 266
251 266
252 266
253 266
254 266
255 266
256 266
257 266
258 266
259 266
260 266
261 266
262 266
263 266
264 266
265 266
266 266
267 266
268 266
268 265
268 264
268 263
268 262
268 261
268 260
268 259
268 258
268 257
268 256
268 255
268 254
268 253
268 252
268 251
268 250
268 249
268 248
268 247
268 246
268 245
268 244
268 243
268 242
268 241
268 240
268 239
268 238
268 237
268 236
268 235
268 234
268 233
268 232
268 231
268 230
268 229
268 228
268 227
268 226
268 225
268 224
268 223
268 222
268 221
268 220
268 219
268 218
268 217
268 216
268 215
268 214
268 213
268 212
268 211
268 210
268 209
268 208
268 207
268 206
268 205
268 204
268 203
268 202
268 201
268 200
268 199
268 198
268 197
268 196
268 195
268 194
268 193
268 192
268 191
268 190
268 189
268 188
268 187
268 186
268 185
268 184
268 183
268 182
268 181
268 180
268 179
268 178
268 177
268 176
268 175
268 174
268 173
268 172
268 171
268 170
268 169
268 168
268 167
268 166
268 165
268 164
268 163
268 162
268 161
268 160
268 159
268 158
268 157
268 156
268 155
268 154
268 153
268 152
268 151
268 150
268 149
268 148
268 147
268 146
268 145
268 144
268 143
268 142
268 141
268 140
268 139
268 138
268 137
268 136
268 135
268 134
268 133
268 132
268 131
268 130
268 129
268 128
268 127
268 126
268 125
268 124
268 123
268 122
268 121
268 120
268 119
268 118
268 117
268 116
268 115
268 114
268 113
268 112
268 111
268 110
268 109
268 108
268 107
268 106
268 105
268 104
268 103
268 102
268 101
268 100
268 99
268 98
268 97
268 96
268 95
268 94
268 93
268 92
268 91
268 90
268 89
268 88
268 87
268 86
268 85
268 84
268 83
268 82
268 81
268 80
268 79
267 79
266 79
265 79
264 79
263 79
262 79
261 79
260 79
259 79
258 79
257 80
256 80
255 80
254 80
253 80
252 80
251 80
250 81
249 80
248 81
247 81
246 81
245 81
244 81
243 81
242 82
241 82
240 82
239 82
238 82
237 83
236 83
235 83
234 83
233 84
232 84
231 84
230 84
229 84
228 85
227 85
226 85
225 86
224 86
223 86
222 86
221 87
220 87
219 87
218 88
217 88
216 88
215 89
214 89
213 89
212 90
211 90
210 91
209 91
208 91
207 92
206 92
205 92
204 93
203 93
202 94
201 94
200 95
199 95
198 96
197 96
196 96
195 97
194 97
193 98
192 98
191 99
190 99
189 100
188 100
187 101
186 101
185 102
184 103
183 103
182 104
181 104
180 105
179 105
178 106
177 107
176 107
175 108
174 108
173 109
172 110
171 110
170 111
169 112
168 112
167 113
166 114
165 114
164 115
163 116
162 117
161 117
160 118
159 119
158 119
157 120
156 121
155 122
154 123
153 124
152 124
151 125
150 126
149 127
148 128
147 129
146 130
145 131
144 132
143 133
142 134
141 134
141 135
140 136
139 136
139 137
138 138
137 138
137 139
136 140
135 141
134 142
133 143
132 144
131 145
130 146
129 147
128 148
128 149
127 150
126 151
125 152
124 153
123 154
123 155
122 156
121 157
120 158
120 159
119 160
118 161
118 162
117 163
116 164
116 165
115 166
114 167
114 168
113 169
112 170
112 171
111 172
110 173
110 174
109 175
109 176
108 177
107 178
107 179
106 180
106 181
105 182
105 183
104 184
104 185
103 186
103 187
102 188
102 189
101 190
101 191
100 192
100 193
99 194
99 195
99 196
98 197
98 198
97 199
97 200
96 201
96 202
95 203
95 204
95 205
94 206
94 207
94 208
93 209
93 210
92 211
92 212
92 213
91 214
91 215
91 216
90 217
90 218
90 219
89 220
89 221
89 222
89 223
88 224
88 225
88 226
87 227
87 228
87 229
87 230
86 231
86 232
86 233
86 234
85 235
85 236
85 237
85 238
84 239
84 240
84 241
84 242
84 243
84 244
84 245
83 246
83 247
83 248
83 249
83 250
83 251
82 252
82 253
82 254
82 255
82 256
82 257
82 258
82 259
82 260
81 261
82 262
81 263
81 264
81 265
81 266
81 267
81 268
81 269
81 270
81 271
81 272
81 273
81 274
81 275
81 276
80 277
81 278
81 279
80 280
81 281
81 282
81 283
81 284
81 285
81 286
81 287
81 288
81 289
81 290
81 291
81 292
81 293
81 294
81 295
82 296
81 297
82 298
82 299
82 300
82 301
82 302
82 303
82 304
82 305
83 306
82 307
83 308
83 309
83 310
83 311
83 312
84 313
84 314
84 315
84 316
84 317
84 318
84 319
85 320
85 321
85 322
85 323
86 324
86 325
86 326
86 327
87 328
87 329
87 330
87 331
88 332
88 333
88 334
88 335
89 336
89 337
89 338
90 339
90 340
90 341
91 342
91 343
91 344
92 345
92 346
92 347
93 348
93 349
94 350
94 351
94 352
95 353
95 354
95 355
96 356
96 357
97 358
97 359
98 360
98 361
98 362
99 363
99 364
100 365
100 366
101 367
101 368
102 369
102 370
103 371
103 372
104 373
104 374
105 375
105 376
106 377
106 378
107 379
107 380
108 381
109 382
109 383
110 384
110 385
111 386
112 387
112 388
113 389
114 390
114 391
115 392
116 393
116 394
117 395
118 396
118 397
119 398
120 399
120 400
121 401
122 402
122 403
123 404
124 405
125 406
126 407
127 408
127 409
128 410
129 411
130 412
131 413
132 414
133 415
134 416
135 417
136 418
137 419
137 420
138 420
139 421
139 422
140 422
141 423
141 424
142 424
143 425
144 426
145 427
146 428
147 429
148 430
149 431
150 432
151 433
152 434
153 434
154 435
155 436
156 437
157 438
158 439
159 439
160 440
161 441
162 442
163 442
164 443
165 444
166 444
167 445
168 446
169 447
170 447
171 448
172 448
173 449
174 450
175 450
176 451
177 452
178 452
179 453
180 453
181 454
182 454
183 455
184 455
185 456
186 457
187 457
188 458
189 458
190 459
191 459
192 460
193 460
194 461
195 461
196 462
197 462
198 462
199 463
200 464
201 464
202 464
203 465
204 465
205 466
206 466
207 466
208 467
209 467
210 467
211 468
212 468
213 469
214 469
215 469
216 470
217 470
218 470
219 471
220 471
221 471
222 472
223 472
224 472
225 472
226 473
227 473
228 473
229 474
230 474
231 474
232 474
233 474
234 475
235 475
236 475
237 475
238 476
239 476
240 476
241 476
242 476
243 477
244 477
245 477
246 477
247 477
248 477
249 478
250 477
251 478
252 478
253 478
254 478
255 478
256 478
257 479
258 479
259 479
260 479
261 479
262 479
263 479
264 479
265 480
266 479
267 480
268 480
269 479
270 480
271 480
272 480
273 480
274 480
275 480
276 480
277 480
278 480
279 480
280 480
281 480
282 480
283 480
284 480
285 480
286 479
287 480
288 480
289 479
290 480
291 479
292 479
293 479
294 479
295 479
296 479
297 479
298 479
299 478
300 478
301 478
302 478
303 478
304 478
305 478
306 478
307 477
308 477
309 477
310 477
311 477
312 477
313 476
314 476
315 476
316 476
317 476
318 476
319 475
320 475
321 475
322 475
323 474
324 474
325 474
326 474
327 473
328 473
329 473
330 473
331 472
332 472
333 472
334 471
335 471
336 471
337 471
338 470
339 470
340 470
341 469
342 469
343 469
344 468
345 468
346 467
347 467
348 467
349 466
350 466
351 465
352 465
353 465
354 464
355 464
356 463
357 463
358 462
359 462
360 461
361 461
362 460
363 460
364 460
365 459
366 459
367 458
368 457
369 457
370 456
371 456
372 455
373 455
374 454
375 454
376 453
377 453
378 452
379 451
380 451
381 450
382 450
383 449
384 448
385 448
386 447
387 446
388 446
389 445
390 444
391 444
392 443
393 442
394 441
395 441
396 440
397 439
398 438
399 438
400 437
401 436
402 435
403 434
404 433
405 432
406 432
407 431
408 430
409 429
410 428
411 427
412 426
413 425
414 424
415 423
416 422
417 421
418 420
419 419
420 418
421 417
422 416
423 415
424 414
425 413
426 412
427 411
427 410
428 409
429 408
430 407
431 406
432 405
432 404
433 403
434 402
435 401
435 400
436 399
437 398
438 397
438 396
439 395
440 394
440 393
441 392
442 391
442 390
443 389
444 388
444 387
445 386
445 385
446 384
447 383
447 382
448 381
448 380
449 379
449 378
450 377
451 376
451 375
452 374
452 373
453 372
453 371
454 370
454 369
455 368
455 367
456 366
456 365
457 364
457 363
457 362
458 361
458 360
459 359
459 358
460 357
460 356
460 355
461 354
461 353
462 352
462 351
462 350
463 349
463 348
463 347
464 346
464 345
464 344
465 343
465 342
465 341
466 340
466 339
466 338
467 337
467 336
467 335
467 334
468 333
468 332
468 331
469 330
469 329
469 328
469 327
470 326
470 325
470 324
470 323
470 322
471 321
471 320
471 319
471 318
472 317
472 316
472 315
472 314
472 313
472 312
472 311
473 310
473 309
473 308
473 307
473 306
473 305
473 304
474 303
474 302
474 301
474 300
474 299
474 298
474 297
474 296
474 295
475 294
475 293
475 292
475 291
475 290
475 289
475 288
475 287
475 286
475 285
475 284
475 283
475 282
475 281
475 280
475 279
475 278
475 277
475 276
475 275
475 274
475 273
475 272
475 271
475 270
475 269
475 268
475 267
475 266
475 265
475 264
475 263
474 262
474 261
474 260
474 259
474 258
474 257
474 256
473 255
474 254
473 253
473 252
473 251
473 250
473 249
472 248
473 247
472 246
472 245
472 244
472 243
472 242
472 241
471 240
471 239
471 238
471 237
470 236
470 235
470 234
470 233
470 232
469 231
469 230
469 229
469 228
468 227
468 226
468 225
467 224
467 223
467 222
467 221
466 220
466 219
466 218
465 217
465 216
465 215
464 214
464 213
464 212
463 211
463 210
463 209
462 208
462 207
462 206
461 205
461 204
460 203
460 202
460 201
459 200
459 199
458 198
458 197
457 196
457 195
457 194
456 193
456 192
455 191
455 190
454 189
454 188
453 187
453 186
452 185
452 184
451 183
451 182
450 181
450 180
449 179
448 178
448 177
447 176
447 175
446 174
445 173
445 172
444 171
444 170
443 169
442 168
442 167
441 166
440 165
440 164
439 163
438 162
438 161
437 160
436 159
436 158
435 157
434 156
433 155
432 154
432 153
431 152
430 151
429 150
428 149
427 148
427 147
426 146
425 145
424 144
423 143
422 142
421 141
420 140
419 139
418 138
417 137
416 136
415 135
414 134
413 133
412 132
411 131
410 130
409 129
408 128
407 127
406 126
405 125
404 125
403 124
402 123
401 122
400 121
399 120
398 120
397 119
396 118
395 117
394 117
393 116
392 115
391 115
390 114
389 113
388 112
387 112
386 111
385 110
384 110
383 109
382 109
381 108
380 107
379 107
378 106
377 105
376 105
375 104
374 104
373 103
372 103
371 102
370 102
369 101
368 100
367 100
366 99
365 99
364 98
363 98
362 97
361 97
360 96
359 96
358 96
357 95
356 95
355 94
354 94
353 93
352 93
351 92
350 92
349 92
348 91
347 91
346 91
345 90
344 90
343 89
342 89
341 89
340 88
339 88
338 88
337 87
336 87
335 87
334 87
333 86
332 86
331 86
330 85
329 85
328 85
327 85
326 84
325 84
324 84
323 84
322 83
321 83
320 83
319 83
318 82
317 82
316 82
315 82
314 82
313 81
312 81
311 81
310 81
309 81
308 81
307 81
306 80
305 80
304 80
303 80
302 80
301 80
300 80
299 80
298 80
297 79
296 79
295 79
294 79
293 79
292 79
291 79
290 79
289 79
288 79
287 79
286 79
285 79
284 79
283 78
