455 85
454 86
453 86
452 86
451 87
450 87
449 87
448 87
447 88
446 88
445 88
444 89
443 89
442 89
441 90
440 90
439 90
438 91
437 91
436 91
435 91
434 92
433 92
432 92
431 93
430 93
429 93
428 94
427 94
426 94
425 94
424 95
423 95
422 95
421 96
420 96
419 96
418 96
417 97
416 97
415 97
414 97
413 98
412 98
411 98
410 99
409 99
408 99
407 99
406 100
405 100
404 100
403 100
402 101
401 101
400 101
399 101
398 102
397 102
396 102
395 102
394 102
393 103
392 103
391 103
390 103
389 104
388 104
387 104
386 104
385 104
384 105
383 105
382 105
381 105
380 106
379 106
378 106
377 106
376 106
375 106
374 107
373 107
372 107
371 107
370 107
369 108
368 108
367 108
366 108
365 109
364 109
363 109
362 109
361 110
360 110
359 110
358 111
357 111
356 111
355 111
354 112
353 112
352 112
351 113
350 113
349 113
348 114
347 114
346 114
345 115
344 115
343 115
342 116
341 116
340 116
339 117
338 117
337 117
336 117
335 117
334 116
333 115
332 115
331 114
330 114
329 114
328 113
327 113
326 112
325 112
324 111
323 111
322 110
321 110
320 110
319 109
318 109
317 108
316 108
315 107
314 107
313 107
312 106
311 106
310 106
309 105
308 105
307 104
306 104
305 104
304 103
303 103
302 103
301 102
300 102
299 102
298 101
297 101
296 101
295 101
294 100
293 100
292 100
291 100
290 100
289 100
288 99
287 99
286 99
285 99
284 99
283 99
282 99
281 99
280 99
279 100
278 100
277 100
276 100
275 100
274 100
273 101
272 101
271 101
270 101
269 101
268 101
267 101
266 101
265 101
264 101
263 102
262 102
261 102
260 102
259 102
258 102
257 103
256 103
255 103
254 103
253 104
252 104
251 104
250 104
249 105
248 105
247 105
246 106
245 106
244 107
243 107
242 108
241 108
240 108
239 109
238 109
237 110
236 110
235 111
234 112
233 112
232 113
231 113
230 114
229 115
228 115
227 115
226 115
225 115
224 115
223 115
222 115
221 115
220 115
219 115
218 115
217 115
216 115
215 115
214 115
213 115
212 115
211 115
210 115
209 115
208 115
207 115
206 115
205 114
204 114
203 114
202 114
201 114
200 114
199 113
198 113
197 113
196 113
195 113
194 112
193 112
192 112
191 112
190 112
189 112
188 111
187 111
186 111
185 111
184 111
183 110
182 110
181 110
180 110
179 110
178 109
177 109
176 109
175 109
174 108
173 108
172 108
171 108
170 108
169 107
168 107
167 107
166 107
165 107
164 107
163 106
162 106
161 106
160 106
159 106
158 106
157 105
156 105
155 105
154 105
153 104
152 104
151 104
150 104
149 104
148 103
147 103
146 103
145 103
144 103
143 102
142 102
141 102
140 102
139 101
138 101
137 101
136 101
135 100
134 100
133 100
132 100
131 99
130 99
129 99
128 99
127 99
126 98
125 98
124 98
123 98
122 97
121 97
120 97
119 96
118 96
117 96
116 96
115 96
114 95
113 95
112 95
111 95
110 94
109 94
108 94
107 93
106 93
105 93
104 93
103 92
102 92
101 92
100 91
99 91
98 91
97 91
96 90
95 90
94 90
93 89
92 89
91 89
90 89
89 88
88 88
87 88
86 87
85 87
84 87
83 87
82 86
81 86
80 86
79 86
79 87
79 88
80 89
80 90
80 91
80 92
81 93
81 94
81 95
81 96
82 97
82 98
82 99
82 100
82 101
83 102
83 103
83 104
83 105
84 106
84 107
84 108
84 109
84 110
85 111
85 112
85 113
85 114
86 115
86 116
86 117
86 118
86 119
87 120
87 121
87 122
87 123
87 124
87 125
88 126
88 127
88 128
88 129
88 130
89 131
89 132
89 133
89 134
89 135
90 136
90 137
90 138
90 139
90 140
90 141
91 142
91 143
91 144
91 145
91 146
91 147
92 148
92 149
92 150
92 151
92 152
92 153
92 154
93 155
93 156
93 157
93 158
93 159
93 160
93 161
94 162
94 163
94 164
94 165
94 166
94 167
94 168
95 169
95 170
95 171
95 172
95 173
95 174
95 175
95 176
96 177
96 178
96 179
96 180
96 181
96 182
96 183
96 184
97 185
97 186
97 187
97 188
97 189
97 190
97 191
97 192
97 193
97 194
98 195
98 196
98 197
98 198
98 199
98 200
98 201
98 202
98 203
98 204
98 205
99 206
99 207
99 208
99 209
99 210
99 211
99 212
99 213
99 214
99 215
99 216
99 217
99 218
100 219
100 220
99 221
99 222
99 223
99 224
99 225
99 226
99 227
99 228
99 229
98 230
98 231
98 232
98 233
98 234
97 235
97 236
96 237
96 238
96 239
95 240
94 241
94 242
93 243
93 244
92 245
92 246
91 247
91 248
90 249
89 250
89 251
88 252
87 253
87 254
86 255
86 256
85 257
85 258
84 259
84 260
83 261
83 262
83 263
83 264
82 265
82 266
82 267
82 268
82 269
82 270
82 271
82 272
82 273
82 274
83 275
83 276
83 277
83 278
84 279
84 280
84 281
85 282
85 283
86 284
86 285
87 286
88 287
88 288
89 289
90 290
90 291
91 292
91 293
92 294
93 295
93 296
94 297
94 298
95 299
96 300
96 301
97 302
97 303
98 304
98 305
99 306
99 307
99 308
99 309
100 310
100 311
100 312
100 313
100 314
100 315
100 316
100 317
100 318
100 319
100 320
100 321
100 322
99 323
100 324
99 325
99 326
99 327
99 328
99 329
99 330
99 331
99 332
98 333
99 334
98 335
98 336
98 337
98 338
98 339
98 340
98 341
97 342
98 343
97 344
97 345
97 346
97 347
97 348
97 349
97 350
97 351
96 352
97 353
96 354
96 355
96 356
96 357
96 358
96 359
96 360
95 361
96 362
95 363
95 364
95 365
95 366
95 367
95 368
95 369
95 370
94 371
95 372
94 373
94 374
94 375
94 376
94 377
94 378
94 379
93 380
93 381
93 382
93 383
93 384
93 385
93 386
93 387
92 388
92 389
92 390
92 391
92 392
91 393
92 394
91 395
91 396
91 397
91 398
91 399
90 400
90 401
90 402
90 403
90 404
90 405
90 406
89 407
89 408
89 409
89 410
89 411
88 412
89 413
88 414
88 415
88 416
88 417
87 418
88 419
87 420
87 421
87 422
87 423
86 424
87 425
86 426
86 427
86 428
86 429
85 430
85 431
85 432
85 433
85 434
84 435
84 436
84 437
84 438
84 439
83 440
83 441
83 442
83 443
82 444
82 445
82 446
82 447
82 448
81 449
81 450
81 451
81 452
80 453
80 454
80 455
80 456
79 457
79 458
79 459
79 460
79 461
78 462
78 463
78 464
79 464
80 464
81 464
82 463
83 463
84 463
85 463
86 462
87 462
88 462
89 462
90 461
91 461
92 461
93 461
94 460
95 460
96 460
97 459
98 459
99 459
100 459
101 459
102 458
103 458
104 458
105 458
106 457
107 457
108 457
109 457
110 456
111 456
112 456
113 456
114 455
115 455
116 455
117 455
118 455
119 454
120 454
121 454
122 454
123 453
124 453
125 453
126 453
127 453
128 452
129 452
130 452
131 452
132 452
133 451
134 451
135 451
136 451
137 451
138 450
139 450
140 450
141 450
142 450
143 449
144 449
145 449
146 449
147 449
148 448
149 448
150 448
151 448
152 448
153 447
154 447
155 447
156 447
157 446
158 446
159 446
160 446
161 446
162 446
163 445
164 445
165 445
166 445
167 445
168 445
169 444
170 444
171 444
172 444
173 444
174 444
175 444
176 443
177 443
178 443
179 443
180 443
181 443
182 442
183 442
184 442
185 442
186 442
187 442
188 442
189 442
190 442
191 441
192 441
193 441
194 441
195 441
196 441
197 441
198 441
199 441
200 440
201 440
202 440
203 440
204 440
205 440
206 440
207 440
208 440
209 440
210 439
211 439
212 439
213 439
214 439
215 439
216 439
217 439
218 439
219 439
220 438
221 439
222 438
223 438
224 438
225 438
226 438
227 438
228 438
229 438
230 439
231 440
232 440
233 441
234 442
235 443
236 443
237 444
238 444
239 445
240 445
241 446
242 447
243 447
244 447
245 448
246 448
247 449
248 449
249 449
250 450
251 450
252 450
253 451
254 451
255 451
256 451
257 452
258 452
259 452
260 452
261 452
262 453
263 453
264 453
265 453
266 453
267 453
268 453
269 453
270 453
271 453
272 453
273 453
274 453
275 453
276 453
277 453
278 453
279 452
280 452
281 452
282 452
283 452
284 451
285 451
286 451
287 451
288 450
289 450
290 450
291 449
292 449
293 449
294 448
295 448
296 447
297 447
298 446
299 446
300 445
301 445
302 444
303 443
304 443
305 442
306 441
307 440
308 440
309 439
310 438
311 438
312 438
313 438
314 438
315 438
316 438
317 438
318 438
319 438
320 439
321 439
322 438
323 439
324 439
325 439
326 439
327 439
328 439
329 439
330 440
331 440
332 440
333 440
334 440
335 440
336 440
337 440
338 441
339 440
340 441
341 441
342 441
343 441
344 441
345 441
346 441
347 442
348 442
349 442
350 442
351 442
352 442
353 442
354 443
355 443
356 443
357 443
358 443
359 443
360 443
361 444
362 444
363 444
364 444
365 444
366 444
367 445
368 445
369 445
370 445
371 445
372 445
373 445
374 445
375 446
376 446
377 446
378 446
379 446
380 446
381 447
382 447
383 447
384 447
385 447
386 447
387 448
388 448
389 448
390 448
391 448
392 448
393 449
394 449
395 449
396 449
397 449
398 450
399 450
400 450
401 450
402 450
403 451
404 451
405 451
406 451
407 451
408 452
409 452
410 452
411 452
412 452
413 453
414 453
415 453
416 453
417 454
418 454
419 454
420 454
421 455
422 455
423 455
424 455
425 455
426 456
427 456
428 456
429 456
430 457
431 457
432 457
433 457
434 458
435 458
436 458
437 459
438 459
439 459
440 459
441 460
442 460
443 460
444 460
445 461
446 461
447 461
448 461
449 462
450 462
451 462
452 463
453 463
454 463
455 464
456 464
457 464
458 464
458 463
457 462
457 461
457 460
456 459
456 458
456 457
455 456
455 455
455 454
455 453
454 452
454 451
454 450
454 449
453 448
453 447
453 446
452 445
452 444
452 443
451 442
451 441
451 440
451 439
450 438
450 437
450 436
449 435
449 434
449 433
449 432
448 431
448 430
448 429
448 428
447 427
447 426
447 425
447 424
446 423
446 422
446 421
446 420
445 419
445 418
445 417
445 416
444 415
444 414
444 413
444 412
444 411
443 410
443 409
443 408
443 407
442 406
442 405
442 404
442 403
442 402
441 401
441 400
441 399
441 398
441 397
440 396
440 395
440 394
440 393
440 392
439 391
439 390
439 389
439 388
439 387
439 386
438 385
438 384
438 383
438 382
438 381
438 380
437 379
437 378
437 377
437 376
437 375
436 374
436 373
436 372
436 371
436 370
435 369
435 368
435 367
435 366
435 365
434 364
434 363
434 362
434 361
433 360
433 359
433 358
432 357
432 356
432 355
432 354
431 353
431 352
431 351
430 350
430 349
430 348
429 347
429 346
429 345
428 344
428 343
428 342
428 341
427 340
427 339
427 338
427 337
427 336
427 335
427 334
427 333
426 332
427 331
427 330
426 329
427 328
427 327
427 326
427 325
427 324
427 323
427 322
427 321
428 320
428 319
428 318
428 317
428 316
428 315
428 314
429 313
429 312
429 311
429 310
429 309
430 308
430 307
430 306
431 305
431 304
431 303
431 302
432 301
432 300
432 299
433 298
433 297
433 296
434 295
434 294
434 293
435 292
435 291
435 290
436 289
436 288
436 287
437 286
437 285
437 284
438 283
438 282
438 281
438 280
438 279
439 278
439 277
439 276
439 275
439 274
440 273
439 272
440 271
440 270
440 269
440 268
440 267
440 266
440 265
440 264
440 263
440 262
440 261
439 260
440 259
440 258
439 257
439 256
439 255
439 254
439 253
439 252
439 251
439 250
439 249
439 248
438 247
438 246
438 245
438 244
438 243
437 242
437 241
437 240
437 239
437 238
436 237
436 236
436 235
435 234
435 233
435 232
434 231
434 230
434 229
433 228
433 227
432 226
432 225
432 224
432 223
431 222
431 221
431 220
431 219
431 218
431 217
431 216
430 215
430 214
430 213
430 212
430 211
430 210
430 209
430 208
430 207
430 206
431 205
431 204
430 203
431 202
431 201
431 200
431 199
431 198
431 197
431 196
431 195
431 194
432 193
432 192
432 191
432 190
432 189
432 188
432 187
433 186
433 185
433 184
433 183
433 182
433 181
434 180
434 179
434 178
434 177
434 176
435 175
435 174
435 173
435 172
435 171
436 170
436 169
436 168
436 167
436 166
437 165
437 164
437 163
437 162
437 161
438 160
438 159
438 158
438 157
439 156
439 155
439 154
439 153
439 152
440 151
440 150
440 149
440 148
441 147
441 146
441 145
441 144
442 143
442 142
442 141
442 140
443 139
443 138
443 137
443 136
444 135
444 134
444 133
444 132
445 131
445 130
445 129
445 128
446 127
446 126
446 125
446 124
447 123
447 122
447 121
448 120
448 119
448 118
448 117
449 116
449 115
449 114
449 113
450 112
450 111
450 110
451 109
451 108
451 107
451 106
452 105
452 104
452 103
453 102
453 101
453 100
454 99
454 98
454 97
454 96
455 95
455 94
455 93
456 92
456 91
456 90
456 89
457 88
457 87
457 86
458 85
457 85
456 85
