329 55
328 56
327 56
326 56
325 56
324 57
323 56
322 57
321 57
320 57
319 58
318 58
317 58
316 59
315 59
314 60
313 60
312 60
311 61
310 62
309 62
308 63
307 64
306 64
305 65
304 66
303 66
302 67
301 68
300 68
300 69
299 70
298 71
297 71
296 72
295 73
294 73
293 74
292 75
291 76
290 76
289 77
288 78
287 79
286 79
285 80
284 80
283 81
282 82
281 82
280 82
279 83
278 84
277 84
276 84
275 84
274 85
273 85
272 85
271 86
270 86
269 86
268 87
267 86
266 87
265 87
264 87
263 88
262 88
261 88
260 89
259 90
258 90
257 91
256 92
255 93
254 94
253 95
252 96
251 96
250 96
249 95
248 94
247 94
246 94
245 93
244 93
243 93
242 92
241 92
240 92
239 92
238 91
237 91
236 91
235 91
234 91
233 90
232 90
231 89
230 88
229 89
228 88
227 87
226 87
225 86
224 85
223 85
222 84
221 84
220 83
221 82
220 82
219 81
218 80
217 80
216 79
215 78
214 77
213 76
212 76
211 75
210 75
209 74
210 73
209 73
208 73
207 73
206 72
207 71
206 71
205 70
204 69
203 69
202 68
201 67
200 67
199 66
198 66
197 65
196 65
195 64
194 64
193 64
192 63
191 63
190 62
189 62
188 62
187 62
186 61
185 61
184 61
183 61
182 61
181 61
180 61
179 61
178 61
177 61
176 62
175 62
174 62
173 62
172 62
171 62
170 62
169 62
168 62
167 62
166 63
165 63
164 63
163 63
162 63
161 63
160 63
159 63
158 63
157 63
156 63
155 63
154 62
153 63
152 63
151 62
150 62
149 62
148 61
147 62
146 61
145 61
144 61
143 61
142 60
141 60
140 59
139 59
138 59
137 59
136 59
135 59
135 60
134 61
133 62
132 62
131 63
130 64
130 65
129 66
128 67
127 68
127 69
126 70
126 71
126 72
125 73
125 74
124 75
124 76
123 77
123 78
123 79
123 80
123 81
123 82
122 83
122 84
122 85
122 86
122 87
121 88
121 89
122 90
122 91
122 92
122 93
121 94
121 95
122 96
122 97
122 98
121 99
121 100
122 101
122 102
121 103
121 104
122 105
122 106
122 107
121 108
122 109
122 110
122 111
122 112
121 113
121 114
121 115
121 116
121 117
121 118
121 119
121 120
121 121
120 122
120 123
120 124
120 125
119 126
119 127
118 128
118 129
118 130
117 131
117 132
116 133
116 134
115 135
115 136
114 137
114 138
114 139
113 140
113 141
112 142
112 143
112 144
112 145
112 146
112 147
112 148
112 149
112 150
112 151
113 152
113 153
112 154
113 155
114 156
114 157
114 158
114 159
114 160
115 161
116 162
116 163
117 164
116 165
117 166
118 167
118 168
118 169
119 170
120 171
121 172
120 173
121 174
122 175
122 176
123 177
124 178
124 179
123 180
123 181
123 182
122 183
121 183
120 183
119 184
118 185
117 185
116 185
115 185
114 185
113 185
112 186
111 187
110 187
109 188
108 187
107 188
106 188
105 188
104 188
103 188
102 189
101 189
100 189
99 189
98 189
97 189
96 190
95 190
94 190
93 190
92 190
91 191
90 191
89 192
88 192
87 192
86 192
85 193
84 193
83 194
82 194
81 194
80 194
80 195
79 196
78 196
77 196
76 197
75 197
74 198
73 199
73 200
72 201
71 201
70 202
70 203
69 204
68 205
67 206
67 207
67 208
66 209
65 210
65 211
64 212
64 213
63 214
62 215
62 216
62 217
61 218
60 219
59 220
59 221
58 222
57 222
57 223
56 224
55 225
54 225
54 226
53 227
52 227
52 228
51 229
50 229
49 230
48 231
47 231
47 232
46 233
45 233
44 234
43 235
42 236
41 236
40 237
39 238
38 238
37 239
36 239
36 240
35 241
34 241
33 242
32 243
31 244
30 244
30 245
29 246
28 247
27 247
27 248
26 249
25 250
24 251
23 252
23 253
22 254
21 254
21 255
20 256
20 257
20 258
21 259
22 260
23 260
24 261
24 262
25 263
26 264
27 264
28 265
28 266
29 266
30 267
31 268
32 269
33 270
34 269
35 270
35 271
36 272
37 273
38 273
39 274
39 275
40 275
41 276
42 277
43 277
44 278
45 279
46 279
47 280
48 281
49 282
50 283
51 284
52 285
53 286
53 287
54 287
55 288
55 289
56 290
57 291
57 292
58 293
59 294
59 295
60 296
60 297
61 298
61 299
62 300
63 301
63 302
64 303
64 304
65 305
65 306
66 307
67 308
68 309
69 310
70 311
71 312
72 312
73 313
74 314
75 315
76 315
77 315
78 316
79 316
80 316
81 317
81 318
82 318
83 318
84 318
85 318
86 318
87 319
88 320
89 320
90 320
91 320
92 320
93 321
94 321
95 321
96 321
97 321
98 321
99 322
100 322
101 322
102 322
103 322
104 323
105 323
106 324
107 324
108 324
109 325
110 325
111 325
112 325
113 325
114 325
115 326
115 327
116 327
117 327
118 328
119 329
120 329
121 330
122 331
123 332
123 333
123 334
123 335
122 336
122 337
121 338
121 339
120 340
120 341
119 342
118 343
119 344
118 345
118 346
117 347
117 348
117 349
116 350
116 351
116 352
115 353
115 354
115 355
115 356
115 357
114 358
114 359
115 360
115 361
114 362
114 363
114 364
115 365
115 366
116 367
116 368
116 369
117 370
117 371
118 372
118 373
119 374
119 375
119 376
120 377
121 378
121 379
121 380
121 381
121 382
122 383
122 384
122 385
122 386
123 387
123 388
123 389
123 390
123 391
123 392
124 393
123 394
123 395
123 396
124 397
124 398
123 399
123 400
123 401
124 402
124 403
123 404
123 405
124 406
124 407
123 408
123 409
123 410
124 411
124 412
123 413
123 414
124 415
124 416
124 417
124 418
123 419
123 420
124 421
124 422
124 423
124 424
124 425
125 426
125 427
125 428
125 429
125 430
126 431
127 432
127 433
127 434
127 435
128 436
129 437
129 438
130 439
130 440
131 440
132 441
132 442
133 443
134 444
134 445
135 446
136 447
137 447
138 448
139 449
140 450
141 451
141 452
142 452
143 452
144 452
145 452
146 451
147 451
148 450
149 451
150 450
151 450
152 450
153 450
154 450
155 450
156 450
157 450
158 450
159 449
160 450
161 449
162 450
163 450
164 450
165 450
166 450
167 450
168 450
169 451
170 451
171 451
172 451
173 451
174 451
175 452
176 452
177 452
178 452
179 452
180 452
181 452
182 452
183 452
184 451
185 452
186 451
187 451
188 451
189 450
190 451
191 450
192 450
193 449
194 449
195 448
196 448
197 447
198 447
199 446
200 445
201 445
202 444
203 443
204 443
205 443
205 442
206 441
207 440
208 440
209 439
210 438
211 438
211 437
212 436
213 436
214 435
215 434
216 434
216 433
217 432
218 432
219 431
220 430
221 430
222 429
223 428
224 428
225 427
226 426
227 426
228 425
229 425
230 424
231 424
232 423
233 423
234 423
235 423
236 422
237 422
238 422
239 422
240 422
241 421
242 421
243 421
244 420
245 420
246 420
247 419
248 418
249 418
250 417
251 416
252 416
253 415
254 414
255 414
256 414
257 415
258 415
259 416
260 417
261 417
262 418
263 418
264 418
265 419
266 419
267 419
268 419
269 420
270 420
271 421
272 421
273 421
274 421
275 421
276 421
277 422
278 423
279 423
280 423
281 424
282 424
283 425
284 426
285 426
286 427
287 428
288 428
289 429
289 430
290 430
291 431
292 432
293 433
294 433
295 434
296 435
297 436
298 437
299 437
300 438
301 439
302 440
303 440
304 441
305 442
306 443
307 443
308 444
309 445
310 445
311 445
312 446
313 447
314 447
315 447
316 448
317 449
318 449
319 449
320 449
321 450
322 450
323 450
324 450
325 450
326 451
327 451
328 451
329 450
330 450
331 450
332 450
333 450
334 450
335 450
336 450
337 450
338 449
339 449
340 449
341 449
342 449
343 449
344 449
345 449
346 449
347 448
348 448
349 448
350 448
351 448
352 448
353 449
354 448
355 448
356 449
357 449
358 449
359 449
360 449
361 450
362 450
363 450
364 450
365 450
366 451
367 451
368 452
369 451
370 452
371 451
372 451
373 450
374 449
374 448
375 447
376 447
377 446
377 445
378 444
379 443
379 442
380 441
381 440
382 439
382 438
383 437
383 436
383 435
384 434
384 433
385 432
385 431
385 430
385 429
385 428
385 427
386 426
386 425
386 424
386 423
386 422
386 421
387 420
387 419
387 418
387 417
386 416
387 415
387 414
387 413
387 412
386 411
387 410
387 409
387 408
387 407
387 406
387 405
387 404
387 403
387 402
387 401
387 400
387 399
387 398
387 397
387 396
387 395
387 394
387 393
388 392
388 391
388 390
388 389
388 388
389 387
389 386
389 385
389 384
389 383
390 382
390 381
390 380
390 379
391 378
391 377
392 376
393 375
393 374
393 373
394 372
394 371
395 370
395 369
395 368
396 367
396 366
397 365
396 364
396 363
396 362
396 361
396 360
396 359
396 358
395 357
396 356
396 355
395 354
395 353
395 352
394 351
394 350
393 349
393 348
393 347
393 346
392 345
391 344
391 343
391 342
390 341
390 340
389 339
389 338
388 337
388 336
387 335
386 334
387 333
386 332
386 331
386 330
387 329
388 328
389 327
390 327
391 327
392 326
393 325
394 325
395 325
396 325
397 324
398 324
399 324
400 324
401 324
401 323
402 322
403 322
404 322
405 322
406 322
407 322
408 321
409 321
410 321
411 321
412 321
413 320
414 320
415 320
416 320
417 320
418 320
419 319
420 319
421 319
422 318
423 318
424 318
425 317
426 317
427 317
428 316
429 316
430 316
431 315
432 315
433 314
434 314
435 313
436 312
437 311
438 311
439 310
440 309
441 308
442 307
442 306
443 305
444 304
445 303
445 302
445 301
446 300
447 299
447 298
447 297
448 296
449 295
449 294
450 293
450 292
451 291
452 290
452 289
453 288
454 287
455 287
455 286
456 285
457 284
458 283
459 282
460 282
460 281
461 280
462 280
463 279
464 278
465 277
466 276
467 276
468 275
469 274
470 274
471 273
472 272
473 271
474 270
475 270
475 269
476 268
477 267
478 267
479 266
480 265
481 264
482 263
483 262
484 262
484 261
485 260
486 260
487 259
488 258
488 257
489 256
490 255
491 254
491 253
491 252
491 251
491 250
490 249
489 248
488 247
487 246
486 246
485 245
485 244
484 244
483 243
482 242
481 241
480 240
479 240
478 239
478 238
477 238
476 237
475 236
474 235
473 234
472 234
471 234
470 233
469 232
468 231
467 230
466 229
465 229
464 228
464 227
463 227
462 226
461 225
460 224
459 223
458 222
457 221
457 220
456 219
455 218
455 217
454 216
453 215
452 214
451 213
452 212
451 211
450 210
450 209
449 208
449 207
449 206
448 205
447 204
446 203
446 202
445 201
444 200
443 199
443 198
442 198
441 197
441 196
440 196
439 196
438 195
438 194
437 194
436 193
435 193
434 193
433 192
432 191
431 191
430 191
429 190
428 190
427 190
426 189
425 189
424 189
423 188
422 188
421 187
420 187
419 187
418 187
417 187
416 187
415 186
414 186
413 186
412 186
411 186
410 186
409 185
408 185
407 185
406 185
405 184
405 183
404 183
403 183
402 183
401 183
400 183
399 182
398 182
397 182
396 181
395 180
394 180
393 179
392 179
391 179
390 178
389 177
388 176
387 176
386 175
386 174
386 173
385 172
385 171
386 170
387 169
387 168
388 167
389 166
388 165
389 164
390 163
390 162
390 161
390 160
391 159
391 158
392 157
392 156
392 155
392 154
392 153
392 152
392 151
393 150
393 149
393 148
393 147
393 146
393 145
392 144
392 143
391 142
391 141
391 140
390 139
389 138
389 137
389 136
388 135
388 134
388 133
387 132
387 131
386 130
386 129
386 128
385 127
385 126
385 125
385 124
385 123
384 122
384 121
384 120
384 119
384 118
384 117
384 116
384 115
384 114
384 113
384 112
384 111
384 110
384 109
384 108
384 107
384 106
384 105
384 104
384 103
384 102
384 101
384 100
384 99
384 98
384 97
384 96
384 95
384 94
384 93
384 92
384 91
384 90
383 89
383 88
383 87
383 86
383 85
383 84
382 83
382 82
382 81
382 80
382 79
381 78
381 77
380 76
380 75
379 74
379 73
378 72
378 71
377 70
377 69
376 69
375 68
374 67
373 66
372 65
372 64
371 63
370 62
369 61
368 61
367 60
366 59
365 58
365 57
364 57
363 56
362 57
361 57
360 57
359 57
358 58
357 58
356 57
355 58
354 58
353 58
352 58
351 58
350 58
349 58
348 58
347 58
346 58
345 58
344 58
343 57
342 58
341 57
340 57
339 57
338 57
337 56
336 56
335 56
334 56
333 56
332 56
331 56
330 56
