94 90
93 91
94 92
93 93
94 94
94 95
94 96
94 97
94 98
94 99
94 100
94 101
94 102
94 103
94 104
94 105
95 106
94 107
95 108
94 109
95 110
95 111
95 112
95 113
95 114
95 115
95 116
95 117
95 118
96 119
95 120
96 121
96 122
96 123
96 124
96 125
96 126
96 127
96 128
97 129
96 130
97 131
97 132
97 133
97 134
97 135
97 136
97 137
97 138
98 139
98 140
97 141
98 142
98 143
98 144
98 145
98 146
99 147
98 148
99 149
99 150
99 151
99 152
99 153
99 154
99 155
100 156
99 157
100 158
100 159
100 160
100 161
100 162
100 163
100 164
101 165
101 166
101 167
101 168
101 169
101 170
101 171
101 172
101 173
102 174
102 175
102 176
102 177
102 178
102 179
102 180
102 181
103 182
102 183
103 184
103 185
103 186
103 187
103 188
103 189
103 190
103 191
104 192
104 193
104 194
104 195
104 196
104 197
104 198
104 199
104 200
105 201
104 202
105 203
105 204
105 205
105 206
105 207
105 208
105 209
105 210
106 211
105 212
106 213
106 214
106 215
106 216
106 217
106 218
106 219
106 220
106 221
106 222
107 223
106 224
107 225
107 226
107 227
107 228
107 229
107 230
107 231
107 232
107 233
107 234
107 235
107 236
108 237
107 238
107 239
108 240
108 241
107 242
108 243
108 244
108 245
108 246
108 247
108 248
108 249
108 250
108 251
108 252
108 253
108 254
108 255
108 256
108 257
108 258
109 259
108 260
108 261
109 262
108 263
109 264
108 265
109 266
108 267
109 268
108 269
109 270
109 271
108 272
109 273
109 274
108 275
109 276
109 277
108 278
109 279
109 280
108 281
109 282
109 283
108 284
109 285
109 286
108 287
109 288
108 289
109 290
108 291
109 292
108 293
109 294
108 295
108 296
109 297
108 298
108 299
108 300
108 301
108 302
108 303
108 304
108 305
108 306
108 307
108 308
108 309
108 310
108 311
108 312
108 313
108 314
108 315
107 316
108 317
107 318
108 319
107 320
107 321
107 322
107 323
107 324
107 325
107 326
107 327
107 328
107 329
107 330
107 331
106 332
107 333
106 334
107 335
106 336
106 337
106 338
106 339
106 340
106 341
106 342
106 343
106 344
105 345
106 346
105 347
105 348
105 349
105 350
105 351
105 352
105 353
105 354
105 355
106 355
107 355
108 354
109 354
110 353
111 353
112 353
113 352
114 352
115 351
116 351
117 351
118 350
119 350
120 350
121 349
122 349
123 348
124 348
125 348
126 347
127 347
128 346
129 346
130 346
131 345
132 345
133 344
134 344
135 344
136 343
137 343
138 343
139 342
140 342
141 341
142 341
143 341
144 340
145 340
146 339
147 339
148 339
149 338
150 338
151 337
152 337
153 337
154 336
155 336
156 335
157 335
158 335
159 334
160 334
161 333
162 333
163 333
164 332
165 332
166 331
167 331
168 331
169 330
170 330
171 330
172 329
173 329
174 328
175 328
176 328
177 327
178 327
179 326
180 326
181 326
182 325
183 325
184 324
185 324
186 324
187 323
188 323
189 323
190 322
191 322
192 321
193 321
194 321
195 320
196 320
197 319
198 319
199 319
200 318
201 318
202 318
203 317
204 317
205 316
206 316
207 316
208 315
209 315
210 315
211 314
212 314
213 313
214 313
215 312
216 312
217 312
218 311
219 311
220 311
221 310
222 310
223 309
224 309
225 309
226 308
227 308
228 308
229 307
230 307
231 306
232 306
233 306
234 305
235 305
236 304
237 304
238 304
239 303
240 303
241 303
242 302
243 302
244 301
245 301
246 301
247 300
248 300
249 299
250 299
251 299
252 298
253 298
254 298
255 297
256 297
257 296
258 296
259 296
260 295
261 295
262 294
263 294
264 294
265 293
266 293
267 293
268 292
269 292
270 291
271 291
272 291
273 290
274 290
275 290
276 289
277 289
278 289
279 288
280 288
281 287
282 287
283 287
284 286
285 286
286 285
287 285
288 285
289 284
290 284
291 284
292 283
293 283
294 282
295 282
296 282
297 281
298 281
299 281
300 280
301 280
302 279
303 279
304 279
305 278
306 278
307 277
308 277
309 277
310 276
311 276
312 276
313 275
314 275
315 275
316 274
317 274
318 273
319 273
320 273
321 272
322 272
323 272
324 271
325 271
326 270
327 270
328 270
329 269
330 269
331 268
332 268
333 268
334 267
335 267
336 267
337 266
338 266
339 266
340 265
341 265
342 264
343 264
344 264
345 263
346 263
347 262
348 262
349 262
350 261
351 261
352 261
353 260
354 260
355 260
356 259
357 259
358 258
359 258
360 258
361 257
362 257
363 257
364 256
365 256
366 255
367 255
368 255
369 254
370 254
371 254
372 253
373 253
374 253
375 252
376 252
377 252
378 251
379 251
380 250
381 250
382 250
383 249
384 249
385 249
386 248
387 248
388 247
389 247
390 247
391 246
392 246
393 245
394 245
395 245
396 244
397 244
398 244
399 243
400 243
401 244
401 245
401 246
401 247
401 248
401 249
401 250
401 251
400 252
401 253
400 254
401 255
400 256
400 257
401 258
400 259
400 260
400 261
400 262
399 263
398 263
397 263
396 264
395 264
394 265
393 265
392 265
391 266
390 266
389 266
388 267
387 267
386 268
385 268
384 268
383 269
382 269
381 269
380 270
379 270
378 270
377 271
376 271
375 271
374 272
373 272
372 272
371 273
370 273
369 274
368 274
367 274
366 275
365 275
364 275
363 276
362 276
361 276
360 277
359 277
358 277
357 278
356 278
355 279
354 279
353 280
352 280
351 280
350 281
349 281
348 281
347 282
346 282
345 282
344 283
343 283
342 284
341 284
340 284
339 285
338 285
337 285
336 286
335 286
334 286
333 287
332 287
331 288
330 288
329 288
328 289
327 289
326 290
325 290
324 290
323 291
322 291
321 291
320 292
319 292
318 293
317 293
316 293
315 294
314 294
313 294
312 295
311 295
310 296
309 296
308 296
307 297
306 297
305 298
304 298
303 298
302 299
301 299
300 299
299 300
298 300
297 301
296 301
295 301
294 302
293 302
292 303
291 303
290 303
289 304
288 304
287 304
286 305
285 305
284 306
283 306
282 306
281 307
280 307
279 307
278 308
277 308
276 309
275 309
274 309
273 310
272 310
271 311
270 311
269 311
268 312
267 312
266 313
265 313
264 313
263 314
262 314
261 315
260 315
259 315
258 316
257 316
256 317
255 317
254 317
253 318
252 318
251 318
250 319
249 319
248 320
247 320
246 321
245 321
244 322
243 322
242 322
241 323
240 323
239 323
238 324
237 324
236 325
235 325
234 325
233 326
232 326
231 327
230 327
229 328
228 328
227 328
226 329
225 329
224 330
223 330
222 330
221 331
220 331
219 332
218 332
217 332
216 333
215 333
214 334
213 334
212 334
211 335
210 335
209 336
208 336
207 336
206 337
205 337
204 338
203 338
202 338
201 339
200 339
199 340
198 340
197 341
196 341
195 341
194 342
193 342
192 343
191 343
190 344
189 344
188 344
187 345
186 345
185 346
184 346
183 346
182 347
181 347
180 348
179 348
178 348
177 349
176 349
175 350
174 350
173 351
172 351
171 351
170 352
169 352
168 353
167 353
166 354
165 354
164 355
163 355
162 355
161 356
160 356
159 357
158 357
157 357
156 358
155 358
154 359
153 359
152 359
151 360
150 360
149 361
148 361
147 362
146 362
145 363
144 363
143 363
142 364
141 364
140 365
139 365
138 365
137 366
136 366
135 367
134 367
133 368
132 368
131 369
130 369
129 369
128 370
127 370
126 370
125 371
124 371
123 372
122 372
121 373
120 373
119 374
118 374
117 374
116 375
115 375
114 376
113 376
112 377
111 377
110 377
109 378
108 378
107 379
106 379
105 379
104 380
103 380
102 381
102 382
102 383
101 384
101 385
101 386
101 387
101 388
101 389
101 390
101 391
100 392
101 393
100 394
100 395
100 396
100 397
100 398
100 399
99 400
100 401
99 402
99 403
99 404
99 405
99 406
99 407
99 408
98 409
99 410
98 411
98 412
98 413
98 414
98 415
98 416
97 417
98 418
97 419
97 420
97 421
97 422
97 423
97 424
97 425
97 426
96 427
97 428
96 429
96 430
96 431
96 432
96 433
96 434
96 435
96 436
95 437
96 438
95 439
95 440
95 441
95 442
95 443
95 444
95 445
95 446
95 447
95 448
94 449
95 450
94 451
94 452
94 453
94 454
94 455
94 456
94 457
94 458
94 459
94 460
94 461
94 462
93 463
94 464
93 465
94 466
93 467
94 467
95 467
96 467
97 467
98 467
99 467
100 467
101 467
102 467
103 466
104 467
105 466
106 467
107 466
108 467
109 466
110 466
111 466
112 466
113 466
114 466
115 466
116 465
117 466
118 466
119 465
120 466
121 465
122 465
123 465
124 465
125 465
126 465
127 465
128 464
129 465
130 464
131 464
132 464
133 464
134 464
135 464
136 464
137 463
138 464
139 463
140 464
141 463
142 463
143 463
144 463
145 463
146 463
147 462
148 463
149 462
150 462
151 462
152 462
153 462
154 462
155 461
156 462
157 461
158 462
159 461
160 461
161 461
162 461
163 461
164 460
165 461
166 460
167 460
168 460
169 459
170 459
171 458
172 458
173 457
174 457
175 456
176 456
177 455
178 455
179 454
180 454
181 453
182 453
183 452
184 452
185 451
186 451
187 450
188 450
189 449
190 449
191 448
192 448
193 447
194 447
195 446
196 446
197 445
198 445
199 444
200 444
201 443
202 443
203 442
204 442
205 442
206 441
207 440
208 440
209 439
210 439
211 438
212 438
213 438
214 437
215 437
216 436
217 436
218 435
219 435
220 434
221 434
222 433
223 433
224 432
225 432
226 431
227 431
228 430
229 430
230 429
231 429
232 428
233 428
234 427
235 427
236 427
237 426
238 426
239 425
240 425
241 424
242 424
243 423
244 423
245 422
246 422
247 421
248 421
249 421
250 420
251 420
252 419
253 419
254 418
255 418
256 417
257 417
258 417
259 416
260 416
261 415
262 415
263 414
264 414
265 414
266 413
267 413
268 412
269 412
270 411
271 411
272 411
273 410
274 410
275 409
276 409
277 408
278 408
279 408
280 407
281 407
282 406
283 406
284 406
285 405
286 405
287 404
288 404
289 404
290 403
291 403
292 402
293 402
294 402
295 401
296 401
297 400
298 400
299 400
300 399
301 399
302 399
303 398
304 398
305 397
306 397
307 397
308 396
309 396
310 396
311 395
312 395
313 394
314 394
315 394
316 393
317 393
318 393
319 392
320 392
321 392
322 391
323 391
324 391
325 390
326 390
327 390
328 389
329 389
330 389
331 388
332 388
333 387
334 387
335 387
336 386
337 386
338 386
339 386
340 385
341 385
342 385
343 384
344 384
345 383
346 383
347 383
348 383
349 382
350 382
351 382
352 381
353 381
354 381
355 380
356 380
357 380
358 379
359 379
360 379
361 379
362 378
363 378
364 378
365 377
366 377
367 377
368 376
369 376
370 376
371 376
372 375
373 375
374 375
375 375
376 374
377 374
378 374
379 373
380 373
381 373
382 373
383 372
384 372
385 372
386 371
387 371
388 371
389 371
390 370
391 370
392 370
393 370
394 369
395 369
396 369
397 369
398 368
399 368
400 368
401 368
402 367
403 367
404 367
405 367
406 366
407 366
408 366
409 365
410 366
411 365
412 365
413 365
414 366
414 367
414 368
414 369
414 370
414 371
414 372
414 373
415 374
415 375
415 376
415 377
415 378
415 379
415 380
415 381
415 382
415 383
416 384
416 385
416 386
416 387
415 388
414 388
413 388
412 388
411 389
410 389
409 389
408 389
407 390
406 390
405 390
404 390
403 391
402 391
401 391
400 392
399 392
398 392
397 392
396 392
395 393
394 393
393 393
392 394
391 394
390 394
389 394
388 395
387 395
386 395
385 395
384 396
383 396
382 397
381 397
380 397
379 398
378 397
377 398
376 398
375 398
374 399
373 399
372 399
371 400
370 400
369 401
368 400
367 401
366 401
365 401
364 402
363 402
362 402
361 403
360 403
359 403
358 404
357 404
356 405
355 404
354 405
353 405
352 405
351 406
350 406
349 407
348 407
347 407
346 408
345 408
344 409
343 408
342 409
341 410
340 409
339 410
338 410
337 411
336 411
335 411
334 412
333 412
332 412
331 413
330 413
329 414
328 414
327 414
326 415
325 415
324 415
323 416
322 416
321 416
320 417
319 417
318 417
317 418
316 418
315 419
314 419
313 419
312 420
311 420
310 421
309 421
308 421
307 422
306 422
305 423
304 423
303 423
302 424
301 424
300 425
299 425
298 426
297 426
296 426
295 427
294 427
293 428
292 428
291 428
290 429
289 429
288 430
287 430
286 431
285 431
284 431
283 432
282 432
281 433
280 433
279 434
278 434
277 434
277 435
276 436
275 435
274 436
273 436
272 437
271 437
270 438
269 438
268 439
267 439
266 440
265 440
264 440
263 441
262 441
261 442
260 442
259 443
258 443
257 444
256 444
255 445
254 445
253 446
252 446
251 447
250 447
249 447
248 448
247 449
246 449
245 450
244 450
243 451
242 451
241 451
240 452
239 452
239 453
240 454
241 453
242 453
243 453
244 453
245 453
246 453
247 453
248 453
249 453
250 453
251 453
252 452
253 453
254 453
255 453
256 452
257 453
258 453
259 452
260 453
261 452
262 453
263 452
264 453
265 452
266 453
267 452
268 453
269 452
270 453
271 452
272 453
273 452
274 453
275 452
276 453
277 452
278 453
279 452
280 453
281 452
282 453
283 452
284 453
285 452
286 453
287 452
288 453
289 452
290 453
291 452
292 453
293 452
294 453
295 452
296 453
297 453
298 452
299 453
300 453
301 453
302 452
303 453
304 453
305 453
306 453
307 453
308 453
309 453
310 453
311 453
312 453
313 453
314 453
315 453
316 454
317 453
318 454
319 453
320 454
321 454
322 453
323 454
324 454
325 454
326 454
327 454
328 454
329 454
330 454
331 454
332 455
333 454
334 455
335 454
336 455
337 455
338 455
339 455
340 455
341 455
342 455
343 455
344 456
345 455
346 456
347 455
348 456
349 456
350 456
351 456
352 456
353 456
354 456
355 456
356 457
357 456
358 457
359 457
360 457
361 457
362 457
363 457
364 457
365 457
366 458
367 457
368 458
369 458
370 458
371 458
372 458
373 458
374 458
375 459
376 458
377 459
378 459
379 459
380 459
381 459
382 459
383 459
384 460
385 459
386 460
387 460
388 460
389 460
390 460
391 460
392 461
393 460
394 461
395 461
396 461
397 461
398 461
399 461
400 461
401 462
402 461
403 462
404 462
405 462
406 462
407 462
408 462
409 462
410 463
411 462
412 463
413 463
414 463
415 463
416 463
417 463
418 464
419 463
420 464
421 464
422 464
423 464
424 464
425 464
426 464
427 464
428 465
429 464
430 465
431 465
432 465
433 465
434 465
435 465
436 465
437 465
438 465
439 466
440 465
441 466
442 466
443 466
444 466
445 466
446 466
447 466
448 466
449 466
450 466
451 467
452 466
453 467
454 467
455 466
456 467
457 467
458 467
459 467
460 467
461 467
462 467
463 467
464 466
463 465
463 464
463 463
463 462
463 461
463 460
463 459
463 458
463 457
463 456
463 455
463 454
463 453
462 452
463 451
462 450
462 449
462 448
462 447
462 446
462 445
462 444
462 443
462 442
462 441
462 440
461 439
461 438
461 437
461 436
461 435
461 434
461 433
461 432
461 431
461 430
460 429
460 428
460 427
460 426
460 425
460 424
460 423
460 422
459 421
460 420
459 419
459 418
459 417
459 416
459 415
459 414
459 413
459 412
458 411
458 410
458 409
458 408
458 407
458 406
458 405
458 404
458 403
457 402
457 401
457 400
457 399
457 398
457 397
457 396
456 395
457 394
456 393
456 392
456 391
456 390
456 389
456 388
456 387
456 386
455 385
455 384
455 383
455 382
455 381
455 380
455 379
454 378
455 377
454 376
454 375
454 374
454 373
454 372
454 371
454 370
453 369
454 368
453 367
453 366
453 365
453 364
453 363
453 362
453 361
453 360
452 359
453 358
452 357
452 356
452 355
452 354
452 353
452 352
452 351
452 350
451 349
452 348
451 347
451 346
451 345
451 344
451 343
451 342
451 341
451 340
451 339
451 338
450 337
451 336
450 335
450 334
450 333
450 332
450 331
450 330
450 329
450 328
450 327
450 326
450 325
449 324
450 323
449 322
450 321
449 320
449 319
449 318
449 317
449 316
449 315
449 314
449 313
449 312
449 311
449 310
449 309
449 308
449 307
449 306
448 305
449 304
449 303
448 302
449 301
448 300
449 299
448 298
448 297
449 296
448 295
448 294
448 293
448 292
448 291
448 290
448 289
448 288
448 287
448 286
448 285
448 284
448 283
448 282
448 281
448 280
448 279
448 278
448 277
448 276
448 275
448 274
448 273
448 272
448 271
448 270
448 269
448 268
448 267
448 266
448 265
448 264
448 263
448 262
448 261
449 260
448 259
449 258
448 257
449 256
448 255
449 254
449 253
448 252
449 251
449 250
449 249
449 248
449 247
449 246
449 245
449 244
449 243
449 242
449 241
449 240
449 239
449 238
449 237
450 236
449 235
450 234
449 233
450 232
450 231
450 230
450 229
450 228
450 227
450 226
450 225
450 224
450 223
450 222
451 221
450 220
451 219
451 218
451 217
451 216
451 215
451 214
451 213
451 212
451 211
451 210
452 209
451 208
452 207
452 206
452 205
452 204
452 203
452 202
452 201
452 200
453 199
452 198
453 197
453 196
453 195
453 194
453 193
453 192
453 191
454 190
453 189
454 188
454 187
454 186
454 185
454 184
454 183
454 182
455 181
454 180
455 179
455 178
455 177
455 176
455 175
455 174
455 173
455 172
456 171
456 170
456 169
456 168
456 167
456 166
456 165
457 164
456 163
457 162
457 161
457 160
457 159
457 158
457 157
457 156
458 155
457 154
458 153
458 152
458 151
458 150
458 149
458 148
459 147
458 146
459 145
459 144
459 143
459 142
459 141
459 140
459 139
460 138
459 137
460 136
460 135
460 134
460 133
460 132
460 131
460 130
461 129
460 128
461 127
461 126
461 125
461 124
461 123
461 122
461 121
461 120
461 119
462 118
461 117
462 116
461 116
460 116
459 117
458 117
457 117
456 118
455 118
454 119
453 119
452 119
451 119
450 120
449 120
448 121
447 121
446 122
445 122
444 122
443 122
442 123
441 123
440 124
439 124
438 125
437 125
436 125
435 125
434 126
433 126
432 127
431 127
430 128
429 128
428 128
427 129
426 129
425 129
424 130
423 130
422 131
421 131
420 131
419 132
418 132
417 133
416 133
415 133
414 134
413 134
412 135
411 135
410 136
409 136
408 136
407 136
406 137
405 137
404 138
403 138
402 139
401 139
400 139
399 140
398 140
397 141
396 141
395 142
394 142
393 142
392 142
391 143
390 143
389 144
388 144
387 145
386 145
385 145
384 146
383 146
382 147
381 147
380 148
379 148
378 148
377 149
376 149
375 149
374 150
373 150
372 151
371 151
370 151
369 152
368 152
367 152
366 153
365 153
364 154
363 154
362 155
361 155
360 155
359 156
358 156
357 156
356 157
355 157
354 157
353 158
352 158
351 159
350 159
349 159
348 160
347 160
346 160
345 161
344 161
343 161
342 162
341 162
340 163
339 163
338 163
337 164
336 164
335 165
334 165
333 165
332 166
331 166
330 166
329 167
328 167
327 167
326 168
325 168
324 168
323 169
322 169
321 169
320 170
319 170
318 170
317 171
316 171
315 171
314 172
313 172
312 173
311 173
310 173
309 174
308 174
307 174
306 175
305 175
304 175
303 176
302 176
301 176
300 177
299 177
298 177
297 178
296 178
295 178
294 179
293 179
292 179
291 180
290 180
289 180
288 180
287 181
286 181
285 181
284 182
283 182
282 182
281 182
280 183
279 183
278 183
277 184
276 184
275 184
274 185
273 185
272 185
271 186
270 186
269 186
268 187
267 187
266 187
265 187
264 188
263 188
262 188
261 189
260 189
259 189
258 189
257 190
256 190
255 190
254 190
253 191
252 191
251 191
250 192
249 192
248 192
247 192
246 193
245 193
244 193
243 194
242 194
241 194
240 194
239 195
238 195
237 195
236 195
235 196
234 196
233 196
232 196
231 197
230 197
229 197
228 198
227 198
226 198
225 199
224 198
223 199
222 199
221 199
220 199
219 200
218 200
217 200
216 201
215 201
214 201
213 201
212 201
211 202
210 202
209 202
208 202
207 203
206 203
205 203
204 203
203 204
202 204
201 204
200 204
199 204
198 205
197 205
196 205
195 205
194 206
193 206
192 206
191 206
190 207
189 207
188 207
187 207
186 207
185 207
184 208
183 208
182 208
181 209
180 209
179 209
178 209
177 209
176 209
175 210
174 210
173 210
172 210
171 211
170 211
169 211
168 211
167 212
166 211
165 212
164 212
163 212
162 212
161 212
160 213
159 213
158 213
157 214
156 213
155 214
154 214
153 214
152 214
151 214
150 215
149 215
148 215
147 215
146 214
146 213
146 212
146 211
146 210
146 209
146 208
146 207
146 206
146 205
145 204
145 203
145 202
145 201
146 200
147 200
148 200
149 199
150 199
151 199
152 199
153 199
154 199
155 198
156 198
157 198
158 198
159 197
160 197
161 197
162 197
163 197
164 196
165 196
166 196
167 196
168 195
169 195
170 195
171 195
172 195
173 194
174 194
175 194
176 194
177 194
178 193
179 193
180 193
181 193
182 192
183 192
184 192
185 192
186 191
187 191
188 191
189 191
190 190
191 190
192 190
193 190
194 190
195 189
196 189
197 189
198 189
199 188
200 188
201 188
202 187
203 187
204 187
205 187
206 187
207 186
208 186
209 186
210 186
211 185
212 185
213 185
214 184
215 184
216 184
217 184
218 183
219 183
220 183
221 183
222 182
223 182
224 182
225 181
226 181
227 181
228 181
229 180
230 180
231 180
232 179
233 179
234 179
235 179
236 178
237 178
238 178
239 177
240 177
241 177
242 176
243 176
244 176
245 176
246 175
247 175
248 175
249 174
250 174
251 174
252 174
253 173
254 173
255 173
256 172
257 172
258 172
259 171
260 171
261 171
262 170
263 170
264 170
265 169
266 169
267 169
268 168
269 168
270 168
271 167
272 167
273 167
274 166
275 166
276 166
277 165
278 165
279 165
280 164
281 164
282 164
283 163
284 163
285 163
286 162
287 162
288 162
289 161
290 161
291 161
292 160
293 160
294 159
295 159
296 159
297 158
298 158
299 158
300 157
301 157
302 156
303 156
304 156
305 155
306 155
307 155
308 154
309 154
310 153
311 153
312 153
313 152
314 152
315 152
316 151
317 151
318 150
319 150
320 150
321 149
322 149
323 148
324 148
325 148
326 147
327 147
328 146
329 146
330 146
331 145
332 145
333 144
334 144
335 144
336 143
337 143
338 142
339 142
340 142
341 141
342 141
343 140
344 140
345 140
346 139
347 139
348 138
349 138
350 137
351 137
352 137
353 136
354 136
355 135
356 135
357 135
358 134
359 134
360 133
361 133
362 132
363 132
364 132
365 131
366 131
367 130
368 130
369 129
370 129
371 129
372 128
373 128
374 127
375 127
376 126
377 126
378 125
379 125
380 125
381 124
382 124
383 123
384 123
385 122
386 122
387 121
388 121
389 121
390 120
391 120
392 119
393 119
394 118
395 118
396 117
397 117
398 117
399 116
400 116
401 115
402 115
403 114
404 114
405 114
406 113
407 113
408 112
409 112
410 111
411 111
412 111
413 110
414 110
415 109
416 109
417 108
418 108
419 108
420 107
421 107
422 106
423 106
424 106
425 105
426 105
427 104
428 104
429 103
430 103
431 103
432 102
433 102
434 101
435 101
436 100
437 100
438 100
439 99
440 99
441 99
442 98
443 98
444 97
445 97
446 97
447 96
448 96
449 96
450 95
451 95
452 94
453 94
454 93
455 93
456 93
457 92
458 92
459 92
460 91
461 91
462 91
463 90
462 90
461 90
460 90
459 90
458 90
457 90
456 90
455 90
454 90
453 90
452 91
451 90
450 91
449 90
448 91
447 91
446 91
445 91
444 91
443 91
442 91
441 91
440 91
439 92
438 91
437 92
436 91
435 92
434 92
433 92
432 92
431 92
430 92
429 92
428 92
427 93
426 92
425 93
424 93
423 93
422 93
421 93
420 93
419 93
418 93
417 94
416 93
415 94
414 94
413 94
412 94
411 94
410 94
409 94
408 95
407 94
406 95
405 95
404 95
403 95
402 95
401 95
400 95
399 96
398 95
397 96
396 96
395 96
394 96
393 96
392 96
391 97
390 96
389 97
388 97
387 97
386 97
385 97
384 97
383 97
382 98
381 97
380 98
379 98
378 98
377 98
376 98
375 98
374 98
373 99
372 98
371 99
370 99
369 99
368 99
367 99
366 99
365 99
364 99
363 100
362 99
361 100
360 100
359 100
358 100
357 100
356 100
355 100
354 100
353 101
352 100
351 101
350 101
349 101
348 101
347 101
346 101
345 101
344 101
343 102
342 101
341 102
340 101
339 102
338 102
337 102
336 102
335 102
334 102
333 102
332 102
331 102
330 103
329 102
328 103
327 103
326 102
325 103
324 103
323 103
322 103
321 103
320 103
319 103
318 103
317 103
316 103
315 104
314 103
313 103
312 104
311 103
310 104
309 103
308 104
307 104
306 103
305 104
304 104
303 104
302 104
301 104
300 104
299 104
298 104
297 104
296 104
295 104
294 104
293 104
292 104
291 104
290 104
289 104
288 104
287 104
286 104
285 104
284 104
283 104
282 104
281 104
280 104
279 104
278 104
277 104
276 104
275 104
274 104
273 104
272 104
271 104
270 104
269 104
268 104
267 104
266 104
265 104
264 104
263 104
262 104
261 104
260 104
259 104
258 104
257 104
256 104
255 104
254 104
253 104
252 104
251 103
250 104
249 104
248 103
247 104
246 103
245 104
244 103
243 103
242 104
241 103
240 103
239 103
238 103
237 103
236 103
235 103
234 103
233 103
232 103
231 103
230 102
229 103
228 102
227 103
226 102
225 102
224 102
223 102
222 102
221 102
220 102
219 102
218 102
217 101
216 102
215 101
214 102
213 101
212 101
211 101
210 101
209 101
208 101
207 101
206 100
205 101
204 100
203 101
202 100
201 100
200 100
199 100
198 100
197 100
196 99
195 100
194 99
193 100
192 99
191 99
190 99
189 99
188 99
187 99
186 99
185 98
184 99
183 98
182 98
181 98
180 98
179 98
178 98
177 98
176 97
175 98
174 97
173 97
172 97
171 97
170 97
169 97
168 97
167 96
166 97
165 96
164 96
163 96
162 96
161 96
160 95
159 96
158 95
157 96
156 95
155 95
154 95
153 95
152 95
151 95
150 94
149 95
148 94
147 94
146 94
145 94
144 94
143 94
142 93
141 94
140 93
139 94
138 93
137 93
136 93
135 93
134 93
133 93
132 92
131 93
130 92
129 93
128 92
127 92
126 92
125 92
124 92
123 92
122 92
121 91
120 92
119 91
118 92
117 91
116 91
115 91
114 91
113 91
112 91
111 91
110 91
109 91
108 90
107 91
106 90
105 90
104 91
103 90
102 90
101 90
100 90
99 90
98 90
97 90
96 90
95 90
