254 43
253 44
252 44
251 45
250 46
249 46
248 47
247 48
246 48
245 49
244 50
243 51
242 51
242 52
241 53
240 53
239 54
238 55
237 56
236 57
235 57
234 58
233 59
232 60
231 61
230 62
229 63
228 64
227 65
226 66
225 67
224 68
223 69
222 70
221 71
220 72
219 73
219 74
218 75
217 76
216 77
215 78
215 79
214 80
213 81
213 82
212 83
211 83
211 84
210 85
209 86
209 87
208 88
207 89
207 90
206 91
206 92
205 93
204 93
205 94
204 95
203 95
203 96
203 97
202 98
201 99
201 100
200 101
200 102
200 103
199 104
198 104
198 105
198 106
197 107
197 108
196 109
196 110
196 111
195 112
194 111
193 111
192 111
191 110
190 110
189 109
188 109
187 109
186 108
185 108
184 108
183 108
182 107
181 107
180 107
179 107
178 106
177 106
176 106
175 106
174 105
173 105
172 105
171 105
170 104
169 104
168 104
167 103
166 104
165 103
164 103
163 103
162 103
161 103
160 102
159 102
158 103
157 102
156 102
155 102
154 102
153 102
152 102
151 102
150 102
149 102
148 102
147 102
146 101
145 102
144 102
143 101
142 101
141 101
140 102
139 102
138 101
137 101
136 102
135 102
134 101
133 101
132 101
131 102
130 102
129 102
128 102
127 102
126 102
125 102
124 102
123 102
122 102
121 103
120 103
119 103
118 103
117 102
116 103
115 103
114 103
113 103
112 103
111 103
110 104
109 104
108 104
107 104
106 104
105 105
104 106
104 107
104 108
104 109
104 110
103 111
103 112
103 113
103 114
103 115
103 116
102 117
103 118
103 119
103 120
103 121
102 122
102 123
102 124
102 125
102 126
102 127
102 128
102 129
102 130
102 131
101 132
101 133
101 134
102 135
102 136
101 137
101 138
102 139
102 140
101 141
101 142
101 143
102 144
102 145
101 146
101 147
102 148
102 149
102 150
102 151
102 152
102 153
102 154
102 155
102 156
102 157
102 158
103 159
102 160
103 161
103 162
102 163
103 164
103 165
104 166
103 167
104 168
104 169
104 170
105 171
104 172
105 173
105 174
106 175
106 176
106 177
106 178
107 179
107 180
107 181
107 182
108 183
108 184
108 185
108 186
109 187
109 188
109 189
110 190
110 191
111 192
111 193
111 194
112 195
111 196
110 196
109 196
108 196
107 197
106 198
105 198
104 198
103 199
102 200
101 200
100 200
99 201
98 201
98 202
97 203
96 203
95 203
94 204
93 204
93 205
92 206
91 206
90 206
89 207
88 208
87 209
86 209
85 210
84 211
83 211
82 212
81 213
80 214
79 215
78 215
78 216
77 217
76 216
76 217
75 218
74 219
73 219
72 220
71 221
70 221
70 222
69 223
68 224
67 225
66 226
65 227
64 228
63 229
62 230
61 231
60 232
59 233
58 234
57 235
57 236
56 237
55 238
54 239
53 240
52 241
51 242
51 243
50 244
49 245
48 246
47 247
47 248
46 249
45 250
45 251
44 252
43 253
43 254
43 255
44 256
44 257
45 258
46 259
46 260
47 261
48 262
48 263
49 264
50 264
51 265
51 266
51 267
52 267
53 268
53 269
54 270
55 271
56 272
57 273
58 274
58 275
59 276
60 277
61 278
62 279
63 280
64 280
65 281
65 282
66 283
67 284
68 285
69 286
70 287
71 288
72 288
73 289
73 290
74 290
75 291
76 292
77 292
78 293
79 294
80 295
81 296
82 296
83 297
84 298
85 299
86 300
87 300
88 301
89 301
90 302
90 303
91 303
92 303
93 304
94 304
95 305
95 306
96 306
97 306
98 307
99 307
100 308
101 309
102 309
103 309
104 310
105 310
106 311
107 312
108 312
109 312
110 312
111 313
111 314
111 315
111 316
110 317
109 318
109 319
109 320
108 321
108 322
108 323
108 324
107 325
107 326
106 327
107 328
106 329
106 330
105 331
106 332
105 333
105 334
104 335
105 336
104 337
104 338
103 339
104 340
103 341
103 342
103 343
103 344
103 345
102 346
102 347
102 348
102 349
102 350
102 351
101 352
102 353
102 354
101 355
101 356
101 357
101 358
101 359
101 360
101 361
101 362
101 363
101 364
101 365
100 366
101 367
101 368
101 369
101 370
101 371
101 372
101 373
101 374
101 375
101 376
101 377
101 378
101 379
101 380
102 381
101 382
101 383
101 384
101 385
102 386
102 387
102 388
102 389
102 390
103 391
102 392
102 393
102 394
102 395
103 396
103 397
103 398
103 399
103 400
103 401
104 402
104 403
104 404
104 405
105 405
106 405
107 405
108 405
109 406
110 406
111 406
112 406
113 406
114 407
115 406
116 407
117 407
118 406
119 406
120 407
121 407
122 407
123 407
124 407
125 408
126 408
127 408
128 407
129 408
130 408
131 408
132 408
133 408
134 408
135 408
136 408
137 408
138 408
139 408
140 408
141 408
142 408
143 408
144 408
145 408
146 408
147 407
148 408
149 408
150 408
151 407
152 408
153 408
154 408
155 407
156 407
157 407
158 407
159 407
160 407
161 407
162 407
163 406
164 406
165 406
166 406
167 406
168 405
169 405
170 405
171 405
172 404
173 404
174 404
175 404
176 403
177 403
178 403
179 403
180 402
181 402
182 402
183 402
184 401
185 401
186 401
187 401
188 400
189 400
190 399
191 399
192 398
193 398
194 398
195 398
196 399
196 400
196 401
196 402
197 403
198 404
198 405
198 406
199 407
200 408
200 409
201 410
201 411
202 412
202 413
203 414
204 415
204 416
204 417
205 417
206 418
206 419
207 420
207 421
208 422
208 423
209 424
210 425
211 426
211 427
212 428
213 429
214 430
215 431
215 432
216 433
217 434
218 435
219 436
220 437
220 438
221 439
222 440
223 440
224 441
224 442
225 443
226 444
227 445
228 446
229 447
230 447
231 448
231 449
232 450
233 451
234 452
235 452
236 453
237 454
238 454
239 455
239 456
240 457
241 457
242 458
242 459
243 459
244 459
245 460
245 461
246 462
247 462
248 463
249 464
250 464
251 465
252 466
253 466
254 467
255 467
256 466
257 465
258 465
259 464
260 463
261 463
262 462
263 461
264 461
264 460
265 459
266 459
267 459
267 458
268 457
269 457
270 456
270 455
271 454
272 454
273 453
274 452
275 452
276 451
277 450
278 449
278 448
279 447
280 447
280 446
281 445
282 445
283 444
284 443
285 442
286 441
287 440
287 439
288 438
289 438
289 437
290 436
291 435
292 434
292 433
293 432
294 431
295 430
296 429
296 428
297 427
298 426
299 425
300 424
300 423
300 422
301 421
302 421
302 420
303 419
303 418
304 417
305 416
305 415
306 414
306 413
307 412
308 411
308 410
309 409
309 408
309 407
310 406
311 406
311 405
311 404
311 403
312 402
313 402
312 401
313 400
313 399
314 398
315 399
316 399
317 399
318 400
319 400
320 400
321 401
322 401
323 402
324 402
325 402
326 402
327 403
328 403
329 403
330 403
331 403
332 404
333 404
334 404
335 405
336 405
337 405
338 405
339 406
340 406
341 406
342 406
343 406
344 407
345 407
346 407
347 407
348 407
349 408
350 407
351 407
352 408
353 408
354 408
355 408
356 408
357 408
358 408
359 408
360 408
361 408
362 408
363 409
364 408
365 408
366 408
367 409
368 409
369 408
370 408
371 409
372 409
373 408
374 408
375 408
376 409
377 409
378 408
379 408
380 408
381 408
382 408
383 408
384 408
385 408
386 408
387 408
388 407
389 407
390 407
391 407
392 407
393 407
394 407
395 407
396 407
397 407
398 406
399 406
400 406
401 406
402 406
403 406
404 405
405 405
405 404
406 403
406 402
406 401
406 400
406 399
406 398
407 397
407 396
407 395
407 394
407 393
407 392
407 391
407 390
407 389
407 388
408 387
408 386
408 385
408 384
408 383
408 382
408 381
408 380
408 379
408 378
409 377
409 376
408 375
408 374
408 373
409 372
409 371
408 370
408 369
409 368
409 367
408 366
408 365
408 364
409 363
408 362
408 361
408 360
408 359
408 358
408 357
408 356
408 355
408 354
408 353
408 352
407 351
407 350
408 349
407 348
407 347
407 346
407 345
407 344
406 343
406 342
406 341
406 340
406 339
405 338
405 337
405 336
405 335
404 334
404 333
404 332
403 331
403 330
403 329
403 328
403 327
402 326
402 325
402 324
402 323
401 322
401 321
400 320
400 319
400 318
399 317
399 316
399 315
398 314
399 313
400 313
401 312
402 312
403 312
404 311
405 311
406 310
407 309
408 309
409 309
410 308
411 308
412 307
413 306
414 306
415 305
416 305
417 304
418 303
419 303
420 302
421 302
421 301
422 300
423 300
424 300
425 299
426 298
427 297
428 296
429 296
430 295
431 294
432 293
433 292
434 292
435 291
436 290
437 289
438 289
438 288
439 287
440 287
441 286
442 285
443 284
444 283
445 282
445 281
446 280
447 280
447 279
448 278
449 278
450 277
451 276
452 275
452 274
453 273
454 272
454 271
455 270
456 270
457 269
457 268
458 267
459 267
459 266
459 265
460 264
461 264
461 263
462 262
463 261
463 260
464 259
465 258
465 257
466 256
467 255
467 254
466 253
466 252
465 251
464 250
464 249
463 248
462 247
462 246
461 245
460 245
459 244
459 243
459 242
458 242
457 241
457 240
456 239
455 239
454 238
454 237
453 236
453 235
452 234
451 233
450 232
449 231
448 230
447 229
446 228
445 227
444 226
443 225
442 224
441 223
440 222
439 221
438 220
437 220
436 219
435 218
434 217
434 216
433 216
432 215
431 215
430 214
429 213
428 212
427 211
426 211
425 210
424 209
423 208
422 208
421 207
420 207
419 206
418 205
417 204
416 204
415 204
414 203
413 202
412 202
411 201
410 201
409 200
409 199
408 200
407 199
406 198
405 198
404 198
403 197
402 196
401 196
400 196
399 196
398 195
398 194
398 193
399 192
399 191
399 190
400 189
400 188
401 187
401 186
401 185
401 184
402 183
402 182
402 181
402 180
403 179
403 178
403 177
403 176
404 175
404 174
405 173
404 172
405 171
405 170
405 169
405 168
406 167
406 166
406 165
406 164
406 163
407 162
407 161
407 160
407 159
407 158
407 157
407 156
407 155
408 154
408 153
408 152
407 151
408 150
408 149
408 148
407 147
408 146
408 145
408 144
408 143
408 142
408 141
408 140
408 139
408 138
408 137
408 136
408 135
408 134
408 133
408 132
408 131
408 130
408 129
407 128
408 127
408 126
408 125
407 124
407 123
407 122
407 121
407 120
407 119
406 118
407 117
407 116
406 115
407 114
406 113
406 112
406 111
406 110
406 109
405 108
405 107
405 106
405 105
405 104
404 104
403 104
402 104
401 103
400 103
399 103
398 103
397 103
396 103
395 102
394 102
393 102
392 102
391 103
390 102
389 102
388 102
387 102
386 102
385 101
384 101
383 101
382 101
381 102
380 101
379 101
378 101
377 101
376 101
375 101
374 101
373 101
372 101
371 101
370 101
369 101
368 101
367 101
366 100
365 101
364 101
363 101
362 101
361 101
360 101
359 101
358 101
357 101
356 101
355 101
354 102
353 102
352 101
351 102
350 102
349 102
348 102
347 102
346 102
345 103
344 103
343 103
342 103
341 103
340 104
339 103
338 104
337 104
336 105
335 104
334 105
333 105
332 106
331 105
330 106
329 106
328 107
327 106
326 107
325 107
324 108
323 108
322 108
321 108
320 109
319 109
318 109
317 110
316 110
315 111
314 111
313 111
312 110
312 109
312 108
312 107
311 107
310 106
311 105
310 104
309 103
309 102
309 101
308 100
307 99
307 98
306 97
306 96
306 95
305 95
304 94
304 93
303 92
303 91
303 90
302 90
301 89
301 88
300 87
300 86
299 85
298 84
297 83
296 82
296 81
295 80
294 79
293 78
292 77
292 76
291 75
290 74
290 73
289 73
288 72
288 71
287 70
286 69
285 68
284 67
283 66
282 65
281 65
280 64
280 63
279 62
278 61
277 60
276 59
275 58
274 58
273 57
272 56
271 55
270 54
269 53
268 53
267 52
267 51
266 51
265 51
264 50
264 49
263 48
262 48
261 47
260 46
259 46
258 45
257 44
256 44
255 43
