293 92
292 93
291 94
290 94
289 95
288 96
287 97
286 98
285 99
284 99
283 100
282 101
281 102
280 102
279 103
278 104
277 105
276 105
275 106
274 107
273 108
272 108
271 109
270 110
269 110
268 111
267 112
266 112
265 113
264 114
263 114
262 115
261 116
260 116
259 117
258 118
257 118
256 119
255 119
254 120
253 121
252 121
251 122
250 122
249 123
248 124
247 124
246 125
245 125
244 126
243 127
242 127
241 128
240 128
239 129
238 129
237 130
236 130
235 131
234 131
233 132
232 133
231 133
230 134
229 134
228 135
227 135
226 136
225 136
224 137
223 137
222 138
221 138
220 139
219 139
218 140
217 140
216 141
215 141
214 142
213 142
212 143
211 143
210 144
209 145
208 145
207 145
206 146
205 147
204 147
203 148
202 148
201 149
200 149
199 150
198 150
197 151
196 151
195 152
194 152
193 153
192 153
191 154
190 154
189 155
188 155
187 156
186 157
185 157
184 158
183 158
182 159
181 159
180 160
179 160
178 161
177 161
176 162
175 162
174 163
173 164
172 164
171 165
170 165
169 166
168 166
167 167
166 167
165 168
164 169
163 169
162 170
161 170
160 171
159 172
158 172
157 173
156 173
155 174
154 175
153 175
152 176
151 176
150 177
149 178
148 178
147 179
146 180
145 180
144 181
143 181
142 182
141 183
140 183
139 184
138 185
137 185
136 186
135 187
134 187
133 188
132 189
131 189
130 190
129 191
128 192
127 192
126 193
125 194
124 194
123 195
122 196
121 196
120 197
119 198
118 199
117 199
116 200
115 201
114 202
115 202
116 202
117 202
118 203
119 202
120 203
121 203
122 203
123 203
124 203
125 203
126 204
127 204
128 204
129 204
130 204
131 204
132 204
133 205
134 204
135 205
136 205
137 205
138 205
139 206
140 205
141 206
142 206
143 205
144 205
145 204
146 203
147 203
148 202
149 201
150 201
151 200
152 199
153 199
154 198
155 198
156 197
157 196
158 196
159 195
160 194
161 194
162 193
163 193
164 192
165 191
166 191
167 190
168 190
169 189
170 189
171 188
172 187
173 187
174 186
175 186
176 185
177 185
178 184
179 184
180 183
181 182
182 182
183 181
184 181
185 180
186 180
187 179
188 179
189 178
190 178
191 177
192 177
193 176
194 176
195 175
196 175
197 174
198 174
199 173
200 173
201 172
202 172
203 171
204 171
205 170
206 170
207 170
208 169
209 169
210 168
211 168
212 167
213 167
214 166
215 166
216 165
217 165
218 164
219 164
220 164
221 163
222 163
223 162
224 162
225 161
226 161
227 160
228 160
229 160
230 159
231 159
232 158
233 158
234 157
235 157
236 156
237 156
238 155
239 155
240 154
241 154
242 154
243 153
244 153
245 152
246 152
247 151
248 151
249 150
250 150
251 149
252 149
253 148
254 148
255 147
256 147
257 146
258 146
259 145
260 145
261 144
262 144
263 143
264 142
265 142
266 141
267 141
268 140
269 140
270 139
271 139
272 138
273 137
274 137
275 136
276 136
277 135
278 134
279 134
280 133
281 132
282 132
283 131
284 130
285 130
286 129
287 128
288 128
289 129
289 130
290 131
290 132
290 133
290 134
290 135
291 136
291 137
291 138
291 139
291 140
292 141
292 142
292 143
292 144
292 145
293 146
293 147
293 148
293 149
293 150
293 151
293 152
294 153
294 154
294 155
294 156
294 157
294 158
295 159
295 160
295 161
295 162
295 163
295 164
295 165
295 166
295 167
296 168
295 169
296 170
296 171
296 172
296 173
296 174
296 175
296 176
296 177
296 178
296 179
296 180
296 181
296 182
296 183
296 184
296 185
297 186
296 187
296 188
296 189
296 190
296 191
296 192
296 193
296 194
296 195
296 196
296 197
296 198
296 199
296 200
296 201
296 202
296 203
295 204
295 205
295 206
295 207
295 208
295 209
295 210
295 211
294 212
294 213
294 214
294 215
294 216
293 217
293 218
293 219
293 220
293 221
292 222
292 223
292 224
292 225
291 226
291 227
291 228
290 229
290 230
290 231
289 232
289 233
289 234
288 235
288 236
288 237
287 238
287 239
286 240
286 241
285 242
285 243
284 244
284 245
284 246
283 247
282 248
282 249
281 250
281 251
280 252
279 253
279 254
278 255
278 256
277 257
276 258
275 259
275 260
274 261
273 262
272 263
271 264
270 263
269 262
268 261
267 260
266 259
265 258
264 257
263 256
262 255
261 254
260 254
259 253
258 252
257 251
256 251
255 250
254 249
253 249
252 248
251 247
250 246
249 246
248 245
247 244
246 244
245 243
244 243
243 242
242 242
241 241
240 241
239 240
238 239
237 239
236 239
235 238
234 237
233 237
232 237
231 236
230 236
229 235
228 235
227 235
226 234
225 234
224 233
223 233
222 233
221 232
220 232
219 232
218 231
217 231
216 231
215 230
214 230
213 230
212 230
211 229
210 229
209 229
208 228
207 228
206 228
205 227
204 227
203 227
202 227
201 226
200 226
199 226
198 226
197 226
196 225
195 225
194 225
193 225
192 224
191 225
190 224
189 224
188 224
187 224
186 223
185 224
184 223
183 223
182 223
181 223
180 223
179 223
178 223
177 223
176 222
175 222
174 222
173 222
172 222
171 221
170 222
169 222
168 221
167 222
166 221
165 221
164 221
163 221
162 221
161 221
160 221
159 221
158 221
157 221
156 221
155 220
154 221
153 221
152 221
151 220
150 221
149 220
148 221
147 220
146 221
145 220
144 220
143 220
142 220
141 220
140 220
139 220
138 220
137 220
136 220
135 220
134 220
133 220
132 220
131 220
130 220
129 220
128 220
127 220
126 221
125 220
124 220
123 220
122 220
121 221
120 220
119 220
118 221
117 221
116 220
115 221
114 220
113 221
112 221
111 220
110 221
109 221
108 221
107 221
106 221
105 221
104 221
103 221
102 221
101 221
100 221
99 221
98 221
97 221
96 221
95 221
94 221
93 221
92 221
91 222
90 221
89 222
88 222
88 223
89 224
89 225
89 226
90 227
90 228
90 229
91 230
91 231
91 232
91 233
92 234
92 235
92 236
93 237
93 238
93 239
93 240
94 241
93 242
94 243
94 244
95 245
95 246
95 247
95 248
96 249
96 250
96 251
96 252
97 253
96 254
97 255
97 256
97 257
98 258
98 259
98 260
98 261
99 262
99 263
99 264
99 265
99 266
99 267
100 268
100 269
100 270
100 271
101 272
101 273
101 274
101 275
101 276
101 277
102 278
102 279
102 280
102 281
103 282
102 283
103 284
103 285
103 286
103 287
104 288
104 289
104 290
104 291
104 292
104 293
105 294
105 295
105 296
105 297
105 298
106 299
105 300
106 301
106 302
106 303
106 304
106 305
107 306
107 307
107 308
107 309
107 310
107 311
108 312
108 313
108 314
108 315
108 316
109 317
109 318
109 319
109 320
109 321
109 322
109 323
110 324
110 325
110 326
110 327
110 328
111 329
111 330
111 331
111 332
111 333
111 334
112 335
112 336
112 337
112 338
112 339
113 340
113 341
113 342
113 343
113 344
113 345
114 346
114 347
114 348
114 349
114 350
115 351
115 352
115 353
115 354
116 355
116 356
116 357
116 358
116 359
116 360
117 361
117 362
117 363
117 364
117 365
118 366
118 367
118 368
118 369
119 370
119 371
119 372
119 373
120 374
120 375
120 376
120 377
121 378
121 379
121 380
121 381
122 382
122 383
122 384
122 385
123 386
123 387
123 388
123 389
124 390
124 391
124 392
124 393
125 394
125 395
125 396
125 397
126 398
126 399
126 400
126 401
127 402
127 403
127 404
127 405
128 406
128 407
128 408
128 409
129 410
129 411
129 412
130 413
130 414
130 415
131 416
131 417
131 418
132 419
132 420
132 421
132 422
133 423
133 424
133 425
134 426
134 427
134 428
135 429
135 430
135 431
135 432
136 433
136 434
136 435
137 436
137 437
138 438
138 439
138 440
138 441
139 442
139 443
139 444
140 445
141 444
141 443
142 442
142 441
143 440
144 439
144 438
145 437
145 436
146 435
146 434
147 433
147 432
148 431
148 430
149 429
149 428
150 427
150 426
151 425
152 424
152 423
152 422
153 421
154 420
154 419
155 418
155 417
156 416
156 415
157 414
157 413
156 412
156 411
156 410
156 409
155 408
155 407
155 406
154 405
154 404
154 403
154 402
153 401
153 400
153 399
152 398
152 397
152 396
152 395
151 394
151 393
151 392
151 391
150 390
150 389
150 388
149 387
149 386
149 385
149 384
148 383
148 382
148 381
148 380
147 379
147 378
147 377
147 376
146 375
146 374
146 373
146 372
145 371
145 370
145 369
145 368
144 367
144 366
144 365
144 364
144 363
143 362
143 361
143 360
143 359
143 358
142 357
142 356
142 355
142 354
142 353
141 352
141 351
141 350
141 349
141 348
140 347
141 346
140 345
140 344
140 343
140 342
139 341
139 340
139 339
139 338
139 337
139 336
139 335
138 334
138 333
138 332
138 331
138 330
137 329
138 328
137 327
137 326
137 325
137 324
137 323
136 322
137 321
136 320
136 319
136 318
136 317
136 316
136 315
136 314
135 313
135 312
135 311
135 310
135 309
135 308
135 307
134 306
134 305
134 304
134 303
134 302
134 301
134 300
134 299
133 298
134 297
133 296
133 295
133 294
133 293
132 292
133 291
133 290
132 289
132 288
132 287
132 286
132 285
132 284
132 283
131 282
131 281
131 280
131 279
131 278
131 277
131 276
130 275
131 274
130 273
130 272
130 271
130 270
130 269
130 268
129 267
129 266
129 265
129 264
129 263
129 262
128 261
128 260
128 259
128 258
128 257
128 256
127 255
127 254
127 253
127 252
126 251
127 250
126 249
126 248
126 247
125 246
126 245
125 244
125 243
126 242
127 241
128 241
129 242
130 241
131 242
132 241
133 241
134 241
135 242
136 241
137 241
138 241
139 241
140 242
141 241
142 241
143 241
144 242
145 241
146 242
147 241
148 242
149 241
150 242
151 242
152 241
153 242
154 242
155 242
156 242
157 242
158 242
159 242
160 242
161 242
162 242
163 242
164 242
165 243
166 243
167 242
168 243
169 243
170 243
171 243
172 243
173 243
174 244
175 243
176 244
177 244
178 244
179 244
180 244
181 244
182 244
183 245
184 245
185 245
186 245
187 245
188 246
189 246
190 246
191 246
192 246
193 247
194 247
195 247
196 247
197 248
198 248
199 248
200 248
201 249
202 249
203 249
204 250
205 250
206 250
207 251
208 251
209 251
210 251
211 252
212 252
213 253
214 253
215 253
216 254
217 254
218 254
219 255
220 256
221 256
222 256
223 257
224 257
225 258
226 258
227 259
228 259
229 260
230 260
231 261
232 262
233 262
234 263
235 263
236 264
237 265
238 265
239 266
240 267
241 267
242 268
243 269
244 270
245 270
246 271
247 272
248 273
249 274
250 275
251 276
252 277
253 278
254 279
255 280
256 281
256 282
255 283
254 284
253 284
252 285
251 285
250 286
249 286
248 287
247 287
246 288
245 289
244 289
243 290
242 291
241 292
240 292
239 293
238 294
237 295
236 295
235 296
234 297
233 298
232 299
231 299
231 300
230 301
229 301
228 302
227 303
226 304
225 305
224 306
223 307
222 308
221 309
221 310
220 311
219 312
218 313
217 314
216 315
215 316
214 317
214 318
213 319
212 320
211 321
211 322
210 323
209 324
208 325
208 326
207 327
206 328
206 329
205 330
204 331
204 332
203 333
202 334
202 335
201 336
200 337
200 338
199 339
199 340
198 341
197 342
197 343
196 344
196 345
195 346
195 347
194 348
194 349
193 350
192 351
192 352
192 353
191 354
191 355
190 356
190 357
189 358
189 359
188 360
188 361
187 362
187 363
186 364
186 365
185 366
185 367
185 368
184 369
184 370
183 371
183 372
183 373
182 374
182 375
181 376
181 377
181 378
180 379
180 380
179 381
179 382
178 383
178 384
178 385
178 386
177 387
177 388
176 389
176 390
175 391
175 392
175 393
175 394
174 395
174 396
173 397
173 398
173 399
173 400
172 401
172 402
171 403
171 404
171 405
170 406
170 407
170 408
169 409
169 410
169 411
168 412
168 413
168 414
167 415
168 416
167 417
167 418
166 419
166 420
166 421
165 422
165 423
165 424
164 425
164 426
164 427
163 428
163 429
163 430
163 431
162 432
162 433
161 434
161 435
161 436
161 437
160 438
160 439
160 440
159 441
159 442
159 443
158 444
158 445
158 446
157 447
157 448
157 449
157 450
156 451
156 452
155 453
155 454
155 455
155 456
154 457
154 458
153 459
153 460
153 461
153 462
154 462
155 462
156 462
157 462
158 462
159 462
160 462
161 462
162 462
163 462
164 461
165 462
166 462
167 461
168 462
169 461
170 461
171 462
172 461
173 461
174 461
175 461
176 461
177 461
178 461
179 461
180 461
181 461
182 461
183 461
184 461
185 461
186 461
187 461
188 461
189 461
190 461
191 461
192 461
193 461
194 461
195 461
196 461
197 461
198 461
199 461
200 461
201 461
202 462
203 461
204 462
205 461
206 462
207 461
208 462
209 462
210 462
211 462
212 462
213 462
214 462
215 462
216 462
217 462
218 462
219 462
220 462
221 462
222 462
223 462
224 462
225 463
226 462
227 463
228 463
229 463
230 463
231 463
232 463
233 463
234 463
235 463
236 463
237 463
238 463
239 464
240 463
241 464
242 464
243 464
244 464
245 464
246 464
247 464
248 464
249 464
250 464
251 464
252 465
253 464
254 465
255 465
256 465
257 465
258 465
259 465
260 465
261 465
262 465
263 465
264 466
265 466
266 466
267 466
268 466
269 466
270 466
271 466
272 466
273 466
274 466
275 466
276 467
277 467
278 467
279 467
280 467
281 467
282 467
283 467
284 467
285 467
286 467
287 467
288 468
289 467
290 468
291 468
292 468
293 468
294 468
295 468
296 468
297 468
298 468
299 468
300 468
301 468
302 469
303 468
304 469
305 469
306 469
307 469
308 469
309 469
310 469
311 469
312 469
313 469
314 469
315 469
316 469
317 469
318 469
319 470
320 469
321 470
322 470
323 470
324 470
325 470
326 470
327 470
328 470
329 470
330 470
331 470
332 470
333 470
334 470
335 470
336 470
337 470
338 470
339 470
340 470
341 470
342 470
343 470
344 470
345 470
346 470
347 470
348 470
349 470
350 470
351 470
352 471
353 470
354 470
355 471
356 470
357 471
358 470
359 471
360 470
361 471
362 470
363 471
364 470
365 470
364 469
363 468
362 467
361 466
360 466
359 465
358 464
357 463
356 462
355 461
354 460
353 460
352 459
352 458
351 458
350 457
349 456
348 455
347 454
346 453
345 452
344 452
343 451
342 450
341 449
340 449
339 449
338 449
337 449
336 448
335 449
334 448
333 448
332 448
331 448
330 448
329 448
328 448
327 448
326 448
325 448
324 448
323 448
322 448
321 448
320 447
319 448
318 447
317 447
316 447
315 447
314 447
313 447
312 447
311 447
310 447
309 447
308 446
307 447
306 446
305 446
304 446
303 446
302 446
301 446
300 446
299 446
298 446
297 445
296 445
295 445
294 445
293 445
292 445
291 445
290 445
289 445
288 444
287 444
286 444
285 444
284 444
283 444
282 444
281 444
280 443
279 443
278 443
277 443
276 443
275 443
274 443
273 443
272 442
271 442
270 442
269 442
268 442
267 442
266 442
265 441
264 441
263 441
262 441
261 441
260 441
259 441
258 440
257 440
256 440
255 440
254 440
253 440
252 440
251 440
250 439
249 439
248 439
247 439
246 439
245 439
244 439
243 438
242 438
241 438
240 438
239 438
238 438
237 438
236 437
235 437
234 437
233 437
232 437
231 437
230 437
229 436
228 437
227 436
226 436
225 436
224 436
223 436
222 436
221 436
220 435
219 436
218 435
217 435
216 435
215 435
214 435
213 435
212 435
211 435
210 434
209 435
208 434
207 434
206 434
205 434
204 434
203 434
202 434
201 434
200 434
199 434
198 434
197 434
196 434
195 434
194 433
193 434
192 433
191 434
190 433
189 433
188 433
187 433
186 433
185 433
184 433
183 433
182 433
181 433
180 433
179 433
178 432
178 431
178 430
179 429
179 428
179 427
180 426
180 425
181 424
181 423
181 422
181 421
182 420
182 419
182 418
183 417
183 416
183 415
184 414
184 413
185 412
185 411
185 410
186 409
186 408
186 407
187 406
187 405
187 404
188 403
188 402
189 401
189 400
189 399
190 398
190 397
191 396
191 395
191 394
192 393
192 392
193 391
193 390
193 389
194 388
194 387
195 386
195 385
195 384
196 383
196 382
197 381
197 380
198 379
198 378
199 377
199 376
199 375
200 374
200 373
201 372
201 371
202 370
203 369
203 368
203 367
204 366
205 365
205 364
205 363
206 362
207 361
207 360
208 359
208 358
209 357
209 356
210 355
211 354
211 353
212 352
213 351
213 350
214 349
214 348
215 347
216 346
216 345
217 344
218 343
219 342
219 341
220 340
221 339
221 338
222 337
223 336
224 335
225 334
225 333
226 332
227 331
228 330
229 329
230 328
231 327
231 326
232 325
233 325
234 324
235 323
236 322
236 321
237 320
238 320
239 319
240 318
241 317
242 316
243 315
244 314
245 314
246 313
247 312
248 311
249 311
250 310
251 309
252 309
253 308
254 307
255 307
256 306
257 305
258 305
259 306
259 307
259 308
259 309
259 310
260 311
260 312
260 313
260 314
260 315
261 316
261 317
261 318
261 319
262 320
262 321
262 322
262 323
263 324
263 325
263 326
263 327
264 328
264 329
265 330
265 331
265 332
266 333
266 334
266 335
267 336
267 337
267 338
268 339
268 340
269 341
269 342
270 343
270 344
271 345
271 346
271 347
272 348
272 349
273 350
273 351
274 352
275 353
275 354
276 355
276 356
277 357
277 358
278 359
278 360
279 361
280 362
280 363
281 364
281 365
282 366
283 367
283 368
284 369
285 370
285 371
286 372
287 373
288 374
288 375
289 376
290 377
291 378
291 379
292 380
293 381
294 382
294 383
295 384
296 385
297 386
298 387
299 388
299 389
300 390
301 391
302 392
303 393
304 394
305 395
305 396
306 397
307 398
308 399
309 400
310 401
311 402
312 403
313 404
314 405
315 406
316 407
317 408
318 409
319 410
320 411
321 412
322 413
323 413
324 414
324 415
325 415
326 416
327 417
328 418
329 419
330 420
331 421
332 422
333 422
334 423
335 424
336 425
337 426
338 427
339 428
340 428
341 429
341 430
342 430
343 431
344 432
345 433
346 434
347 434
348 435
349 436
350 437
351 438
352 439
353 439
354 440
355 441
356 442
357 443
358 443
359 444
360 445
361 446
362 447
363 447
364 448
365 449
366 450
367 451
368 451
369 452
370 453
371 454
372 455
373 455
374 456
375 457
376 458
377 459
378 459
379 460
380 461
381 462
382 463
383 463
384 464
385 465
386 466
387 467
388 467
389 468
390 469
391 470
392 469
392 468
392 467
392 466
393 465
393 464
393 463
393 462
394 461
393 460
394 459
394 458
394 457
394 456
395 455
395 454
395 453
395 452
395 451
396 450
396 449
396 448
396 447
396 446
397 445
397 444
397 443
397 442
398 441
398 440
398 439
398 438
399 437
399 436
399 435
399 434
400 433
400 432
400 431
400 430
401 429
401 428
401 427
401 426
402 425
402 424
402 423
402 422
403 421
403 420
403 419
404 418
404 417
405 416
404 415
405 414
405 413
405 412
406 411
406 410
406 409
407 408
407 407
407 406
408 405
408 404
408 403
409 402
409 401
409 400
410 399
410 398
410 397
411 396
411 395
411 394
412 393
412 392
413 391
413 390
413 389
414 388
414 387
415 386
415 385
415 384
416 383
416 382
416 381
417 380
417 379
418 378
418 377
418 376
419 375
419 374
420 373
420 372
421 371
421 370
421 369
422 368
422 367
422 366
423 365
424 364
424 363
424 362
425 361
425 360
426 359
426 358
426 357
427 356
427 355
428 354
428 353
429 352
429 351
429 350
430 349
430 348
431 347
431 346
432 345
432 344
433 343
433 342
433 341
434 340
434 339
435 338
435 337
436 336
436 335
436 334
437 333
437 332
438 331
438 330
439 329
439 328
439 327
440 326
440 325
441 324
441 323
442 322
442 321
442 320
443 319
443 318
444 317
444 316
444 315
445 314
445 313
446 312
446 311
447 310
447 309
447 308
448 307
448 306
448 305
449 304
449 303
450 302
450 301
451 300
451 299
451 298
452 297
452 296
452 295
453 294
453 293
454 292
454 291
454 290
455 289
455 288
455 287
456 286
456 285
456 284
457 283
457 282
458 281
458 280
458 279
459 278
459 277
459 276
459 275
460 274
460 273
461 272
461 271
461 270
462 269
462 268
462 267
461 268
460 268
459 269
458 270
457 271
456 271
455 272
454 273
453 274
452 274
451 275
450 276
449 277
448 277
447 278
446 279
445 279
444 280
443 281
442 282
441 282
440 283
439 284
438 284
437 285
436 286
435 287
435 288
435 289
434 290
434 291
433 292
433 293
432 294
432 295
432 296
431 297
431 298
430 299
430 300
429 301
429 302
428 303
428 304
427 305
427 306
426 307
426 308
426 309
425 310
424 311
424 312
423 313
423 314
423 315
422 316
421 317
421 318
420 319
420 320
420 321
419 322
418 323
418 324
418 325
417 326
416 327
416 328
415 329
415 330
414 331
414 332
413 333
413 334
412 335
412 336
411 337
410 338
410 339
410 340
409 341
408 342
408 343
407 344
407 345
406 346
405 347
405 348
405 349
404 350
403 351
403 352
402 353
402 354
401 355
401 356
400 357
400 358
399 359
399 360
398 361
398 362
397 363
396 364
396 365
396 366
395 367
395 368
394 369
393 370
393 371
392 372
392 373
392 374
391 375
390 376
390 377
389 378
389 379
389 380
388 381
388 382
387 383
387 384
386 385
385 386
386 387
385 388
384 389
384 390
383 391
383 392
383 393
382 394
382 395
381 396
381 397
381 398
380 399
380 400
379 401
379 402
379 403
378 404
378 405
377 406
377 407
377 408
376 409
376 410
376 411
375 412
375 413
375 414
374 415
374 416
373 417
373 418
373 419
372 420
372 421
372 422
372 423
371 424
371 425
371 426
371 427
370 428
369 427
368 427
367 426
366 425
365 424
364 424
363 423
362 422
361 421
360 421
359 420
358 419
357 418
356 417
355 417
354 416
353 415
352 414
351 414
350 413
349 412
348 411
347 410
346 409
345 409
344 408
343 407
342 406
341 405
340 405
339 404
339 403
338 403
337 402
336 401
335 400
334 399
333 398
332 397
331 396
330 396
329 395
329 394
328 394
327 393
327 392
326 392
325 391
325 390
324 390
323 389
322 388
321 387
320 386
320 385
319 385
318 384
318 383
317 383
316 382
316 381
315 380
314 379
313 378
312 377
311 376
310 375
309 374
308 373
308 372
307 371
306 370
305 369
305 368
304 367
303 366
302 365
301 364
301 363
300 362
299 361
298 360
298 359
297 358
297 357
296 356
295 355
294 354
294 353
293 352
293 351
292 350
291 349
291 348
290 347
290 346
289 345
289 344
288 343
287 342
287 341
287 340
286 339
285 338
285 337
285 336
284 335
284 334
283 333
283 332
282 331
282 330
282 329
281 328
281 327
280 326
280 325
280 324
279 323
279 322
279 321
278 320
278 319
278 318
277 317
277 316
277 315
277 314
276 313
276 312
276 311
276 310
276 309
275 308
275 307
275 306
275 305
274 304
275 303
274 302
274 301
274 300
274 299
274 298
274 297
275 296
276 296
277 297
278 297
279 297
280 298
281 298
282 299
283 299
284 299
285 300
286 300
287 300
288 300
289 301
290 301
291 301
292 302
293 302
294 302
295 302
296 303
297 303
298 303
299 303
300 304
301 304
302 304
303 304
304 304
305 304
306 305
307 305
308 305
309 305
310 305
311 305
312 305
313 305
314 306
315 305
316 306
317 306
318 306
319 306
320 306
321 306
322 306
323 306
324 306
325 306
326 306
327 306
328 306
329 306
330 306
331 306
332 306
333 305
334 306
335 306
336 305
337 305
338 306
339 305
340 305
341 305
342 305
343 305
344 305
345 305
346 304
347 304
348 304
349 304
350 304
351 304
352 303
353 304
354 303
355 303
356 303
357 303
358 302
359 302
360 302
361 302
362 301
363 301
364 301
365 301
366 300
367 300
368 300
369 300
370 299
371 299
372 299
373 298
374 298
375 298
376 298
377 297
378 297
379 297
380 296
381 296
382 296
383 295
384 295
385 295
386 294
387 294
388 293
389 293
390 293
391 292
392 292
393 292
394 291
395 291
396 290
397 290
398 290
399 289
400 289
401 288
402 288
403 287
404 287
405 287
406 286
407 286
408 285
409 285
410 284
411 284
412 283
413 283
414 282
415 282
416 281
417 281
418 280
419 280
420 279
421 279
422 278
423 278
424 277
425 276
426 276
427 275
428 275
429 274
430 274
431 273
432 273
433 272
434 272
435 271
436 271
437 270
438 269
439 269
440 268
441 268
442 267
443 267
444 266
445 265
446 265
447 264
448 263
449 263
450 262
451 262
452 261
453 260
454 260
455 259
456 259
457 258
458 258
459 257
460 256
461 256
462 255
463 254
464 254
465 253
466 253
467 252
468 251
469 251
470 250
471 249
472 249
473 248
474 248
474 247
474 246
473 246
472 245
471 244
470 244
469 243
468 242
467 242
466 241
465 241
464 240
463 239
462 239
461 238
460 238
459 237
458 236
457 235
456 235
455 234
454 234
453 233
452 232
451 231
450 231
449 230
448 229
447 229
446 228
445 227
444 226
443 226
442 225
441 224
440 223
439 223
438 222
437 221
436 220
435 219
434 219
433 218
432 217
431 216
430 216
429 215
429 214
428 214
427 213
426 212
425 211
424 211
423 210
423 209
422 208
421 208
420 207
419 206
418 205
417 204
416 203
415 202
414 201
413 200
412 199
411 198
410 197
409 196
408 196
407 195
407 194
406 193
405 192
404 191
403 191
402 190
402 189
401 189
400 188
400 187
399 186
398 185
397 185
396 184
396 183
395 182
394 182
393 181
393 180
392 179
391 178
390 177
389 176
388 175
387 174
386 173
385 172
384 171
383 170
382 169
381 168
380 167
379 166
378 165
377 164
376 163
375 162
374 161
373 160
372 159
371 158
370 157
369 156
368 155
367 154
366 153
365 152
364 151
363 150
362 149
361 148
360 147
359 146
358 145
357 144
356 143
355 142
354 142
353 141
353 140
352 139
351 138
350 138
349 137
348 136
347 135
346 134
345 133
344 132
343 131
342 130
341 129
340 129
339 128
338 127
337 126
336 125
335 124
334 123
333 123
332 122
331 121
330 120
329 119
328 118
327 117
326 117
325 116
324 115
323 114
322 113
321 113
320 112
319 111
318 110
317 110
316 109
315 108
314 107
313 106
312 106
311 105
310 105
311 106
311 107
311 108
312 109
312 110
312 111
312 112
312 113
313 114
313 115
313 116
313 117
314 118
314 119
314 120
314 121
314 122
315 123
315 124
315 125
315 126
316 127
316 128
316 129
317 130
318 131
319 132
320 133
321 133
322 134
323 135
324 136
325 137
326 138
327 139
328 140
329 140
330 141
330 142
331 142
332 143
333 144
334 145
335 146
336 147
337 148
338 149
339 150
340 151
341 152
342 153
343 154
344 155
345 156
346 157
347 158
348 159
349 160
350 161
351 162
352 163
353 164
354 165
355 166
356 167
356 168
357 168
358 169
358 170
359 171
360 172
361 173
362 174
363 175
364 176
365 177
366 178
366 179
367 179
368 180
368 181
369 182
370 183
371 184
372 185
373 186
374 187
374 188
375 189
376 190
377 191
378 192
379 193
380 194
381 195
381 196
382 197
383 198
384 199
385 200
386 201
387 202
387 203
388 203
389 204
389 205
390 206
391 207
392 208
393 209
394 210
395 211
396 212
397 213
397 214
398 214
399 215
399 216
400 217
401 218
402 219
403 220
404 221
405 222
406 222
407 223
407 224
408 225
409 225
410 226
410 227
411 228
412 228
413 229
413 230
414 230
415 231
416 232
417 233
418 234
419 235
420 236
421 237
422 237
423 238
424 239
425 240
426 241
427 242
428 242
429 243
430 244
431 245
432 245
433 246
434 247
435 248
436 248
437 249
436 250
435 251
434 252
433 252
432 252
431 253
430 254
429 254
428 255
427 256
426 256
425 257
424 257
423 258
422 259
421 259
420 260
419 260
418 261
417 262
416 262
415 263
414 263
413 264
412 265
411 265
410 265
409 266
408 266
407 267
406 268
405 268
404 269
403 269
402 270
401 270
400 271
399 271
398 272
397 272
396 273
395 273
394 274
393 274
392 275
391 275
390 275
389 276
388 276
387 277
386 277
385 277
384 278
383 278
382 279
381 279
380 280
379 280
378 280
377 281
376 281
375 282
374 282
373 282
372 283
371 283
370 283
369 284
368 284
367 284
366 285
365 285
364 285
363 286
362 286
361 286
360 287
359 286
358 287
357 287
356 287
355 287
354 288
353 288
352 288
351 288
350 289
349 289
348 289
347 289
346 289
345 290
344 290
343 290
342 290
341 290
340 290
339 290
338 291
337 291
336 291
335 291
334 291
333 291
332 291
331 291
330 291
329 292
328 291
327 292
326 291
325 292
324 291
323 292
322 292
321 291
320 292
319 292
318 291
317 292
316 291
315 291
314 291
313 291
312 291
311 291
310 291
309 291
308 291
307 291
306 290
305 290
304 290
303 290
302 290
301 290
300 289
299 289
298 289
297 289
296 289
295 288
294 288
293 288
292 287
291 287
290 287
289 287
288 286
287 286
286 286
285 285
284 285
283 284
283 283
284 282
285 281
286 280
286 279
287 278
288 277
289 276
290 275
290 274
291 273
292 272
293 271
293 270
294 269
295 268
295 267
296 266
296 265
297 264
298 263
298 262
298 261
299 260
300 259
300 258
301 257
301 256
301 255
302 254
302 253
303 252
303 251
304 250
304 249
304 248
305 247
305 246
305 245
306 244
306 243
307 242
307 241
307 240
307 239
308 238
308 237
308 236
309 235
309 234
309 233
309 232
309 231
310 230
310 229
310 228
311 227
310 226
311 225
311 224
311 223
311 222
311 221
311 220
312 219
312 218
312 217
312 216
312 215
312 214
313 213
312 212
313 211
313 210
313 209
313 208
313 207
313 206
313 205
313 204
313 203
313 202
314 201
313 200
313 199
313 198
313 197
314 196
313 195
314 194
313 193
313 192
313 191
313 190
313 189
313 188
313 187
313 186
313 185
313 184
313 183
313 182
313 181
313 180
313 179
313 178
313 177
313 176
312 175
312 174
312 173
312 172
312 171
312 170
312 169
312 168
312 167
311 166
311 165
311 164
311 163
311 162
311 161
311 160
310 159
310 158
310 157
310 156
310 155
310 154
309 153
309 152
309 151
309 150
309 149
308 148
308 147
308 146
308 145
308 144
307 143
307 142
307 141
307 140
307 139
307 138
306 137
306 136
306 135
306 134
305 133
305 132
305 131
305 130
305 129
304 128
303 127
304 126
303 125
303 124
303 123
303 122
302 121
302 120
302 119
301 118
301 117
301 116
301 115
301 114
300 113
300 112
300 111
299 110
299 109
299 108
299 107
298 106
298 105
298 104
297 103
297 102
297 101
297 100
296 99
296 98
296 97
296 96
295 95
295 94
294 93
294 92
