291 55
291 56
290 57
290 58
290 59
290 60
290 61
290 62
290 63
290 64
289 65
290 66
289 67
289 68
289 69
289 70
289 71
289 72
289 73
288 74
289 75
288 76
288 77
288 78
288 79
288 80
288 81
288 82
288 83
288 84
288 85
287 86
288 87
287 88
287 89
287 90
287 91
287 92
287 93
287 94
287 95
287 96
286 97
287 98
286 99
286 100
286 101
286 102
286 103
286 104
286 105
286 106
286 107
285 108
285 109
285 110
285 111
285 112
285 113
285 114
285 115
285 116
284 117
284 118
285 119
284 120
284 121
284 122
284 123
284 124
283 125
283 126
283 127
283 128
283 129
283 130
282 131
283 132
282 133
282 134
282 135
282 136
282 137
281 138
281 139
281 140
281 141
281 142
280 143
280 144
280 145
280 146
280 147
279 148
279 149
279 150
279 151
278 152
278 153
278 154
278 155
278 156
277 157
277 158
276 159
276 160
276 161
276 162
275 163
275 164
275 165
275 166
274 167
274 168
273 169
273 170
273 171
272 172
272 173
273 174
274 175
274 176
274 177
275 178
275 179
276 180
276 181
276 182
276 183
277 184
277 185
277 186
277 187
277 188
277 189
277 190
277 191
277 192
277 193
277 194
277 195
277 196
276 197
276 198
276 199
276 200
276 201
275 202
275 203
274 204
274 205
273 206
272 207
272 208
271 209
270 210
269 211
268 212
267 213
266 213
265 214
264 215
263 215
262 215
261 216
260 216
259 217
258 217
257 218
256 218
255 218
254 218
253 219
252 219
251 219
250 219
249 220
248 219
247 220
246 219
245 220
244 220
243 220
242 219
241 220
240 220
239 219
238 219
237 219
236 219
235 219
234 218
233 218
232 218
231 218
230 218
229 217
228 217
227 217
226 217
225 217
224 217
223 218
222 219
221 219
221 220
220 221
219 221
218 222
217 223
216 223
216 224
215 225
214 225
213 226
212 227
211 227
211 228
210 229
209 229
208 230
207 231
206 232
205 233
204 233
204 234
203 235
202 235
201 236
200 237
199 238
198 239
197 240
196 241
195 242
194 243
193 244
192 245
191 246
190 247
189 248
188 249
187 250
186 251
185 252
184 253
183 254
182 255
181 256
180 257
179 258
179 259
178 260
177 261
176 262
175 263
174 264
173 265
173 266
172 267
171 268
170 269
169 270
169 271
168 272
167 273
166 274
166 275
165 276
164 277
163 278
163 279
162 280
161 281
161 282
160 283
159 284
158 285
158 286
157 287
156 288
156 289
155 290
154 291
154 292
153 293
153 294
152 295
151 296
151 297
150 298
149 299
149 300
148 301
148 302
147 303
147 304
146 305
146 306
145 307
144 308
144 309
143 310
143 311
142 312
142 313
141 314
141 315
140 316
140 317
139 318
138 319
138 320
137 321
137 322
137 323
136 324
135 325
135 326
135 327
134 328
134 329
133 330
133 331
132 332
132 333
131 334
131 335
130 336
130 337
130 338
129 339
129 340
128 341
128 342
127 343
127 344
126 345
126 346
126 347
125 348
125 349
124 350
124 351
123 352
123 353
123 354
122 355
122 356
121 357
121 358
121 359
120 360
120 361
120 362
119 363
119 364
118 365
118 366
118 367
117 368
117 369
116 370
116 371
116 372
115 373
115 374
115 375
114 376
114 377
114 378
113 379
113 380
112 381
112 382
112 383
111 384
111 385
111 386
110 387
110 388
110 389
109 390
109 391
108 392
108 393
108 394
107 395
107 396
107 397
106 398
106 399
106 400
105 401
105 402
104 403
104 404
104 405
104 406
103 407
103 408
102 409
102 410
102 411
101 412
101 413
101 414
100 415
100 416
100 417
99 418
99 419
98 420
98 421
98 422
97 423
97 424
97 425
96 426
96 427
95 428
95 429
95 430
94 431
94 432
93 433
93 434
93 435
92 436
92 437
91 438
91 439
91 440
90 441
90 442
89 443
89 444
89 445
88 446
88 447
87 448
87 449
86 450
86 451
85 452
85 453
84 454
84 455
84 456
85 456
86 456
87 456
88 456
89 456
90 456
91 456
92 456
93 456
94 456
95 456
96 456
97 456
98 456
99 455
100 456
101 455
102 456
103 455
104 455
105 455
106 455
107 455
108 455
109 455
110 455
111 455
112 455
113 454
114 455
115 454
116 455
117 454
118 454
119 454
120 454
121 454
122 454
123 454
124 454
125 454
126 453
127 454
128 453
129 453
130 453
131 453
132 453
133 453
134 453
135 453
136 453
137 453
138 453
139 452
140 453
141 452
142 453
143 452
144 452
145 452
146 452
147 452
148 452
149 452
150 452
151 452
152 452
153 452
154 451
155 452
156 452
157 451
158 452
159 451
160 451
161 451
162 451
163 451
164 451
165 451
166 451
167 451
168 451
169 451
170 451
171 451
172 451
173 451
174 451
175 451
176 451
177 451
178 451
179 451
180 451
181 451
182 451
183 451
184 451
185 451
186 451
187 451
188 451
189 451
190 451
191 451
192 451
193 451
194 451
195 451
196 451
197 451
198 451
199 451
200 451
201 451
202 451
203 451
204 451
205 451
206 452
207 451
208 452
209 451
210 452
211 452
212 452
213 452
214 452
215 452
216 453
217 454
218 455
219 456
220 456
221 457
222 458
223 458
224 459
225 460
226 460
227 461
228 462
229 462
230 463
231 464
232 464
233 465
234 465
235 466
236 466
237 467
238 467
239 468
240 468
241 468
242 469
243 469
244 470
245 470
246 470
247 471
248 471
249 471
250 472
251 472
252 472
253 473
254 473
255 473
256 473
257 474
258 474
259 474
260 474
261 474
262 475
263 475
264 475
265 475
266 475
267 476
268 476
269 476
270 476
271 476
272 476
273 476
274 476
275 476
276 476
277 476
278 476
279 476
280 477
281 476
282 477
283 477
284 477
285 477
286 476
287 477
288 476
289 476
290 476
291 476
292 476
293 476
294 476
295 476
296 476
297 476
298 476
299 475
300 475
301 475
302 475
303 475
304 474
305 474
306 474
307 474
308 474
309 473
310 473
311 473
312 472
313 472
314 472
315 471
316 471
317 471
318 470
319 470
320 469
321 469
322 468
323 468
324 468
325 467
326 466
327 466
328 465
329 465
330 464
331 463
332 463
333 462
334 462
335 462
336 462
337 462
338 462
339 462
340 462
341 462
342 462
343 462
344 462
345 462
346 462
347 462
348 462
349 462
350 462
351 462
352 462
353 462
354 462
355 462
356 462
357 462
358 462
359 462
360 462
361 462
362 462
363 462
364 462
365 462
366 462
367 462
368 462
369 462
370 462
371 462
372 462
373 462
374 462
375 462
376 462
377 462
378 462
379 462
380 462
381 462
382 462
383 462
384 462
385 462
386 462
387 462
388 462
389 462
390 462
391 462
392 462
393 462
394 462
395 462
396 462
397 461
398 462
399 462
400 461
401 462
402 461
403 461
404 461
405 461
406 461
407 461
408 461
409 461
410 461
411 461
412 461
413 461
414 461
415 461
416 461
417 460
418 461
419 461
420 460
421 460
422 460
423 460
424 460
425 460
426 460
427 460
428 460
429 460
430 460
431 460
432 460
433 460
434 459
435 460
436 459
437 460
438 459
439 459
440 459
441 459
442 459
443 459
444 459
445 459
446 459
447 459
448 459
449 459
450 458
451 459
452 458
453 459
454 458
455 458
456 458
457 458
458 458
459 458
460 458
461 458
462 458
463 458
464 458
465 458
466 458
467 458
468 457
469 458
470 458
471 457
472 458
473 457
474 457
475 457
476 457
477 457
478 457
479 457
480 457
481 457
482 457
483 457
484 457
484 456
484 455
483 454
482 453
482 452
481 451
480 450
480 449
479 448
478 447
478 446
477 445
476 444
475 443
475 442
474 441
473 440
473 439
472 438
471 437
470 436
470 435
469 434
468 433
467 432
466 431
466 430
465 429
464 428
463 427
462 426
462 425
461 424
460 423
459 422
458 421
457 420
457 419
456 418
455 417
454 416
453 415
452 414
451 413
450 412
450 411
449 410
448 409
447 408
446 407
445 406
444 405
444 404
443 404
442 403
442 402
441 401
440 400
439 399
438 398
437 397
436 396
435 395
434 394
434 393
433 392
432 392
431 391
431 390
430 389
429 388
428 387
427 386
427 385
426 385
425 384
424 383
424 382
423 381
422 380
421 379
420 378
419 377
419 376
418 376
417 375
417 374
416 373
415 372
414 371
413 370
413 369
412 368
411 367
410 366
409 365
409 364
408 363
407 362
406 361
406 360
405 359
404 358
403 357
402 356
402 355
401 354
401 353
400 352
399 351
398 350
398 349
397 348
397 347
396 346
395 345
395 344
394 343
393 342
393 341
392 340
391 339
391 338
391 337
390 336
390 335
389 334
388 333
388 332
387 331
387 330
387 329
386 328
385 327
385 326
385 325
384 324
384 323
383 322
383 321
382 320
382 319
382 318
381 317
381 316
381 315
380 314
380 313
380 312
379 311
379 310
379 309
378 308
378 307
378 306
377 305
377 304
377 303
377 302
376 301
376 300
376 299
376 298
375 297
375 296
375 295
375 294
374 293
374 292
374 291
374 290
373 289
373 288
373 287
373 286
373 285
373 284
372 283
372 282
372 281
372 280
372 279
371 278
371 277
371 276
371 275
371 274
371 273
370 272
370 271
370 270
370 269
370 268
370 267
369 266
369 265
369 264
369 263
369 262
369 261
368 260
368 259
368 258
368 257
367 256
366 256
365 256
364 256
363 256
362 256
361 256
360 255
359 255
358 254
357 254
356 253
355 252
354 252
353 251
352 251
351 250
351 249
350 249
349 248
348 247
348 246
347 245
346 244
345 243
345 242
344 241
343 240
343 239
342 238
342 237
341 236
341 235
340 234
340 233
339 232
339 231
338 230
338 229
337 228
337 227
337 226
336 225
336 224
335 223
335 222
335 221
334 220
334 219
334 218
333 217
333 216
333 215
333 214
332 213
332 212
332 211
331 210
331 209
331 208
331 207
330 206
330 205
330 204
330 203
330 202
329 201
329 200
329 199
329 198
328 197
328 196
328 195
328 194
328 193
328 192
328 191
327 190
328 189
327 188
327 187
327 186
327 185
327 184
327 183
326 182
327 181
326 180
326 179
326 178
326 177
326 176
326 175
326 174
326 173
326 172
326 171
326 170
326 169
326 168
326 167
326 166
326 165
327 164
326 163
327 162
327 161
327 160
327 159
327 158
327 157
328 156
328 155
328 154
328 153
328 152
329 151
329 150
329 149
330 148
330 147
330 146
330 145
330 144
329 143
329 142
329 141
328 140
328 139
328 138
327 137
327 136
326 135
326 134
326 133
325 132
325 131
324 130
324 129
324 128
323 127
323 126
323 125
322 124
322 123
321 122
321 121
321 120
320 119
320 118
319 117
319 116
319 115
318 114
318 113
317 112
317 111
316 110
316 109
315 108
315 107
315 106
314 105
314 104
313 103
313 102
312 101
312 100
311 99
311 98
311 97
310 96
310 95
309 94
309 93
308 92
308 91
307 90
307 89
307 88
306 87
306 86
305 85
305 84
304 83
304 82
303 81
303 80
302 79
302 78
301 77
301 76
300 75
300 74
300 73
299 72
299 71
298 70
298 69
297 68
297 67
296 66
296 65
296 64
295 63
294 62
294 61
294 60
293 59
293 58
292 57
292 56
