269 110
268 111
267 112
266 112
265 113
264 113
263 113
262 114
261 114
260 115
259 116
258 117
258 118
258 119
258 120
257 121
257 122
256 123
255 124
254 124
253 125
252 126
251 127
250 128
250 129
249 130
248 131
247 132
246 132
245 132
244 132
243 133
242 134
242 135
241 136
241 137
240 138
240 139
240 140
239 141
239 142
238 143
237 144
236 144
235 144
234 145
233 145
232 146
232 147
231 148
230 149
230 150
229 151
228 152
227 153
226 154
225 155
224 156
224 157
223 158
222 159
221 160
221 161
220 162
219 162
218 163
217 164
217 165
216 166
215 167
215 168
214 169
213 170
212 171
212 172
211 173
211 174
211 175
210 176
209 177
208 178
207 178
206 179
205 180
204 180
203 181
202 182
201 182
200 183
200 184
200 185
200 186
200 187
199 188
199 189
199 190
198 191
198 192
197 193
197 194
196 195
195 196
194 196
193 196
192 197
191 197
190 198
189 199
188 200
188 201
187 202
187 203
188 204
188 205
188 206
188 207
188 208
188 209
187 210
186 210
185 211
184 211
183 211
182 211
181 211
180 212
179 213
178 214
178 215
178 216
177 217
176 218
176 219
176 220
175 221
175 222
175 223
175 224
175 225
175 226
175 227
174 228
173 228
172 229
171 228
170 229
169 228
168 229
167 229
167 230
166 231
166 232
167 233
167 234
167 235
168 236
168 237
168 238
168 239
167 240
166 241
165 241
164 241
163 241
162 241
161 240
160 240
159 241
158 241
157 242
157 243
157 244
158 245
158 246
159 247
159 248
160 249
160 250
161 251
161 252
161 253
160 254
159 255
158 256
157 256
156 256
155 256
154 255
153 255
152 254
151 254
150 254
149 254
150 255
150 256
150 257
151 258
151 259
151 260
150 261
150 262
149 263
148 264
147 265
146 265
145 266
144 266
143 266
143 267
144 268
144 269
145 270
145 271
146 272
146 273
145 274
145 275
144 276
143 277
142 278
141 279
141 280
141 281
140 282
140 283
140 284
139 285
138 285
138 286
137 287
136 286
135 287
134 286
133 286
132 286
131 287
131 288
131 289
131 290
131 291
131 292
131 293
131 294
131 295
131 296
131 297
131 298
131 299
131 300
131 301
130 302
130 303
130 304
129 305
128 305
127 306
127 307
126 308
125 308
125 309
125 310
124 311
123 312
122 313
121 314
120 315
120 316
120 317
120 318
120 319
120 320
121 321
121 322
121 323
122 324
122 325
122 326
121 327
120 328
119 328
118 328
117 328
116 328
115 328
114 328
113 328
112 329
112 330
111 331
112 332
112 333
112 334
113 335
113 336
114 337
114 338
114 339
114 340
114 341
114 342
113 343
112 344
111 344
110 345
109 345
108 346
108 347
107 348
106 349
106 350
105 351
104 352
103 353
104 354
104 355
104 356
105 357
105 358
105 359
106 360
105 361
105 362
104 363
103 363
102 363
101 364
100 364
99 364
98 365
98 366
99 367
99 368
100 369
100 370
100 371
100 372
100 373
99 374
98 375
97 376
96 376
95 377
94 378
93 379
92 380
93 381
94 382
94 383
94 384
95 385
95 386
95 387
95 388
95 389
94 390
93 391
92 392
91 393
90 394
89 395
89 396
88 397
88 398
87 399
88 400
88 401
88 402
89 403
89 404
90 405
90 406
90 407
90 408
89 409
88 409
87 409
86 410
85 410
84 410
83 411
82 411
83 412
83 413
82 414
83 415
83 416
83 417
82 418
81 419
81 420
80 421
80 422
80 423
80 424
81 425
81 426
81 427
82 428
82 429
82 430
82 431
82 432
83 433
82 434
82 435
81 436
81 437
80 438
79 437
79 438
78 439
77 440
76 441
76 442
75 443
74 444
74 445
73 446
73 447
73 448
73 449
74 450
74 451
75 450
76 450
77 450
78 450
79 450
80 450
81 451
82 451
83 451
84 452
85 452
86 453
87 454
88 454
89 455
90 456
91 456
92 456
93 457
94 457
95 457
96 456
97 456
97 455
98 454
98 453
98 452
99 451
100 451
101 452
101 453
102 454
102 455
103 456
104 457
105 458
106 459
107 459
108 460
109 460
110 460
111 460
112 460
113 460
114 461
115 460
116 461
117 461
118 460
119 460
120 460
121 459
122 459
123 459
124 459
125 460
126 460
127 461
128 462
129 462
130 463
131 464
132 465
133 465
134 466
134 465
135 464
135 463
134 462
134 461
134 460
135 459
136 459
137 459
138 459
139 460
140 460
141 461
142 461
143 462
144 461
145 461
146 461
147 461
148 461
149 460
150 461
151 461
152 461
153 462
154 462
155 463
156 463
157 464
158 464
159 464
160 464
161 465
162 465
163 465
164 465
165 466
166 466
167 467
168 467
169 467
170 466
171 466
172 465
173 465
174 464
175 465
176 465
177 465
178 466
179 467
180 468
181 468
182 469
183 470
184 470
185 471
186 471
187 471
188 470
189 470
190 469
191 469
192 469
193 469
194 469
195 470
196 469
197 470
197 469
197 468
198 467
198 466
199 465
200 464
201 464
202 464
203 465
204 465
205 466
206 466
207 467
208 467
209 467
210 467
211 467
212 468
213 468
214 468
215 469
216 469
217 470
218 470
219 471
220 470
221 470
222 469
223 468
224 467
225 467
226 467
227 467
228 468
229 469
230 469
231 470
232 471
233 471
234 472
235 472
236 473
237 473
238 472
239 472
240 472
241 472
242 471
243 472
244 472
245 472
246 472
247 472
248 472
249 472
250 472
251 471
252 470
253 469
254 469
255 470
256 469
257 470
258 469
259 470
260 469
261 469
262 470
263 470
264 470
265 471
266 472
267 472
268 473
269 473
270 473
270 472
271 471
271 470
272 469
273 468
274 468
275 467
276 468
277 468
278 469
279 469
280 470
281 471
282 472
283 472
284 473
285 473
286 473
287 473
288 473
289 473
290 472
291 472
292 472
293 472
294 472
295 472
296 472
297 472
298 472
299 472
300 471
301 471
301 470
302 469
303 470
304 469
305 469
306 469
307 469
308 469
309 469
310 469
311 469
312 469
313 469
314 470
315 471
316 471
317 472
318 472
319 471
320 470
321 469
322 468
323 467
324 467
325 467
326 467
327 468
328 469
329 469
330 470
331 471
332 471
333 472
334 472
335 472
336 472
337 472
338 471
339 471
340 470
341 471
342 470
343 470
344 471
345 470
346 470
346 469
346 468
346 467
346 466
347 465
348 464
349 464
350 464
351 464
352 465
353 465
354 465
355 466
356 466
357 466
358 466
359 466
360 466
361 466
362 467
363 467
364 467
365 468
366 468
367 468
368 467
369 467
370 466
371 465
372 465
373 464
374 465
375 465
376 466
377 466
378 467
379 468
380 468
381 469
382 469
383 469
384 469
385 469
385 468
386 467
386 466
386 465
386 464
385 463
386 462
387 462
388 462
389 462
390 463
391 462
392 462
393 462
394 461
395 461
396 461
397 461
398 461
399 461
400 461
401 462
402 462
403 462
404 462
405 463
406 463
407 463
408 462
409 463
410 462
411 463
412 462
413 463
414 462
415 462
416 461
417 460
418 460
419 459
420 459
421 459
422 459
423 459
424 460
425 459
426 460
426 459
427 458
427 457
428 456
429 455
430 455
431 455
432 455
433 456
434 456
435 456
436 457
437 457
438 457
439 458
440 458
441 458
442 457
443 457
443 456
444 455
444 454
443 453
443 452
443 451
443 450
444 449
445 449
446 449
447 450
448 451
449 452
450 452
451 453
452 454
453 454
454 454
455 454
456 454
457 453
458 453
459 453
460 452
461 452
462 452
463 453
463 452
462 451
461 450
460 449
459 448
458 447
457 446
456 445
455 444
455 443
454 442
455 441
455 440
456 439
457 438
458 438
459 438
460 439
461 439
462 439
463 440
464 440
464 439
464 438
464 437
463 436
462 435
461 434
460 434
459 434
458 434
457 433
456 433
455 432
454 432
453 431
453 430
452 429
451 428
451 427
451 426
451 425
451 424
451 423
451 422
450 421
450 420
449 419
448 418
447 417
447 416
447 415
447 414
447 413
448 412
448 411
448 410
448 409
447 408
447 407
446 406
445 405
445 404
444 403
443 402
443 401
443 400
442 399
442 398
442 397
442 396
442 395
442 394
441 393
441 392
441 391
440 390
440 389
439 388
439 387
439 386
438 385
438 384
437 383
437 382
437 381
436 380
436 379
436 378
435 377
436 376
435 375
435 374
435 373
435 372
434 371
434 370
433 369
432 368
431 367
431 366
430 365
429 364
428 363
428 362
427 361
427 360
427 359
427 358
428 357
428 356
429 355
428 354
428 353
427 352
427 351
426 350
426 349
425 348
425 347
424 346
424 345
424 344
423 343
422 342
421 341
421 340
420 340
419 339
418 339
417 338
416 338
415 337
414 336
413 336
412 335
411 334
410 333
410 332
410 331
411 330
412 330
413 330
414 330
415 330
416 330
417 330
417 329
417 328
417 327
416 326
416 325
415 324
414 323
413 322
412 321
411 320
411 319
410 318
409 317
408 316
408 315
407 314
407 313
406 312
405 311
404 310
403 309
402 308
401 307
401 306
400 305
399 304
398 303
398 302
398 301
398 300
398 299
398 298
398 297
398 296
398 295
397 294
397 293
396 292
396 291
395 290
394 289
393 288
393 287
392 286
391 285
390 284
389 284
388 283
387 282
386 282
385 281
384 280
384 279
383 278
382 277
382 276
382 275
381 274
382 273
383 272
384 271
385 272
385 273
386 273
387 273
388 273
388 272
387 271
386 270
386 269
385 270
384 269
384 270
383 271
382 270
382 269
381 268
380 268
379 267
379 266
378 265
377 264
377 263
377 262
377 261
377 260
378 259
379 259
380 259
381 259
382 259
382 258
381 257
380 256
379 256
378 255
377 254
376 254
375 253
374 252
373 251
372 250
372 249
372 248
371 247
371 246
371 245
371 244
370 243
370 242
369 241
369 240
368 239
367 238
367 237
366 236
365 235
364 234
364 233
363 232
363 231
363 230
362 229
362 228
362 227
361 226
361 225
360 225
359 224
358 223
357 223
356 223
355 223
354 222
353 222
352 221
351 220
350 220
349 219
349 218
349 217
349 216
349 215
349 214
349 213
349 212
349 211
348 210
348 209
347 208
346 207
345 206
344 205
344 204
343 203
342 202
341 201
341 200
340 199
340 198
340 197
339 196
338 195
339 194
338 194
337 193
337 192
336 191
335 190
334 190
333 189
333 188
332 187
331 186
331 185
331 184
331 183
331 182
330 181
330 180
329 179
328 178
328 177
327 177
326 176
325 176
324 175
323 175
322 174
321 174
320 173
319 172
318 171
317 170
316 169
315 168
314 167
313 166
312 165
311 164
310 163
309 162
309 161
308 161
307 160
306 159
306 158
305 157
305 156
304 155
303 154
303 153
302 152
301 151
301 150
300 149
299 148
299 147
298 146
298 145
297 144
297 143
297 142
296 141
296 140
296 139
295 138
294 137
293 136
292 135
291 135
290 135
289 135
288 135
287 134
286 134
285 133
284 132
283 131
282 130
281 129
280 128
280 127
279 126
279 125
279 124
279 123
279 122
279 121
279 120
278 119
277 118
277 117
276 116
275 115
274 114
273 113
272 112
271 111
270 111
