289 109
288 110
287 111
286 112
285 113
284 114
283 115
282 116
281 117
280 118
279 119
279 120
278 121
277 122
276 123
275 124
274 125
273 126
272 127
271 128
270 129
269 130
268 131
267 132
266 133
265 134
264 135
263 136
262 137
261 138
260 139
259 140
258 141
257 142
256 143
255 144
254 145
253 146
252 147
251 148
250 149
249 150
248 151
247 151
247 152
246 153
245 153
244 154
243 155
242 156
241 157
240 158
239 159
238 160
237 160
236 161
235 162
234 163
233 164
232 165
231 165
230 166
229 167
228 168
227 169
226 170
225 170
224 171
223 172
222 173
221 174
220 175
219 175
218 176
217 177
216 178
215 179
214 179
213 180
212 181
211 182
210 183
209 183
208 184
207 185
206 186
205 187
204 188
203 188
202 189
201 190
200 191
199 192
198 193
197 193
196 194
195 195
194 196
193 197
192 198
191 199
190 199
189 200
189 201
188 202
187 202
186 203
185 204
184 205
183 206
182 207
181 208
180 209
179 210
178 211
177 212
176 213
175 214
174 215
173 216
172 217
171 218
170 219
169 220
168 221
167 222
167 223
166 224
165 225
164 225
164 226
163 227
162 228
161 229
160 230
160 231
159 232
158 232
158 233
157 234
156 235
155 236
154 237
154 238
153 239
152 240
151 241
151 242
150 243
149 244
148 245
147 246
147 247
146 248
145 249
144 250
144 251
143 252
142 253
142 254
141 255
140 256
140 257
139 258
138 259
137 260
137 261
136 262
135 263
135 264
134 265
134 266
133 267
132 268
132 269
131 270
130 271
130 272
129 273
129 274
128 275
128 276
127 277
126 278
126 279
125 280
125 281
124 282
124 283
123 284
122 285
122 286
122 287
121 288
121 289
120 290
119 291
119 292
118 293
118 294
118 295
117 296
117 297
116 298
116 299
115 300
115 301
114 302
114 303
113 304
113 305
112 306
112 307
112 308
111 309
111 310
110 311
110 312
110 313
109 314
109 315
108 316
108 317
108 318
107 319
107 320
106 321
106 322
106 323
105 324
105 325
104 326
104 327
104 328
103 329
103 330
103 331
102 332
102 333
102 334
101 335
101 336
101 337
100 338
100 339
100 340
99 341
99 342
99 343
98 344
98 345
98 346
97 347
97 348
97 349
96 350
96 351
96 352
96 353
95 354
95 355
95 356
95 357
94 358
94 359
94 360
93 361
93 362
93 363
93 364
92 365
92 366
92 367
91 368
91 369
91 370
91 371
90 372
90 373
90 374
90 375
89 376
89 377
89 378
89 379
88 380
88 381
88 382
88 383
88 384
87 385
87 386
87 387
87 388
86 389
86 390
86 391
86 392
85 393
85 394
85 395
85 396
85 397
84 398
84 399
84 400
84 401
84 402
83 403
83 404
83 405
83 406
82 407
82 408
82 409
82 410
82 411
81 412
82 413
81 414
81 415
81 416
81 417
80 418
80 419
80 420
80 421
79 422
80 423
79 424
79 425
79 426
79 427
78 428
79 429
78 430
78 431
78 432
78 433
77 434
77 435
77 436
77 437
76 438
76 439
76 440
76 441
76 442
75 443
76 444
75 445
75 446
75 447
74 448
75 449
74 450
74 451
75 451
76 452
77 451
78 452
79 452
80 452
81 452
82 452
83 452
84 453
85 452
86 453
87 453
88 453
89 453
90 453
91 454
92 454
93 454
94 454
95 454
96 454
97 455
98 455
99 454
100 455
101 455
102 455
103 455
104 455
105 455
106 456
107 455
108 456
109 456
110 456
111 456
112 456
113 456
114 457
115 456
116 457
117 457
118 457
119 457
120 457
121 457
122 457
123 457
124 457
125 458
126 457
127 458
128 458
129 458
130 458
131 458
132 458
133 458
134 459
135 458
136 459
137 458
138 459
139 459
140 459
141 459
142 459
143 459
144 459
145 459
146 460
147 459
148 460
149 460
150 460
151 460
152 460
153 460
154 460
155 460
156 460
157 461
158 460
159 461
160 461
161 461
162 461
163 461
164 461
165 461
166 461
167 462
168 461
169 462
170 461
171 462
172 462
173 462
174 462
175 462
176 462
177 462
178 462
179 463
180 462
181 463
182 463
183 463
184 463
185 463
186 463
187 463
188 463
189 464
190 463
191 464
192 464
193 464
194 464
195 464
196 464
197 464
198 465
199 464
200 465
201 465
202 465
203 465
204 465
205 465
206 465
207 465
208 465
209 466
210 466
211 466
212 466
213 466
214 466
215 466
216 466
217 466
218 466
219 467
220 466
221 467
222 467
223 467
224 467
225 467
226 467
227 467
228 467
229 468
230 468
231 467
232 468
233 468
234 468
235 468
236 468
237 468
238 469
239 468
240 469
241 469
242 469
243 469
244 469
245 469
246 469
247 469
248 469
249 469
250 469
251 469
252 470
253 469
254 470
255 470
256 470
257 470
258 470
259 470
260 470
261 470
262 470
263 470
264 470
265 471
266 470
267 471
268 471
269 471
270 471
271 471
272 471
273 471
274 471
275 471
276 471
277 471
278 472
279 471
280 472
281 472
282 472
283 472
284 472
285 472
286 472
287 472
288 472
289 472
290 472
291 472
292 472
293 472
294 472
295 472
296 472
297 472
298 472
299 472
300 472
301 472
302 472
303 472
304 472
305 472
306 473
307 472
308 473
309 472
310 473
311 473
312 472
313 473
314 472
315 473
316 472
317 472
318 472
319 473
320 472
321 472
322 472
323 472
324 473
325 472
326 472
327 473
328 472
329 472
330 472
331 472
332 472
333 472
334 472
335 472
336 472
337 472
338 472
339 472
340 472
341 472
342 472
343 472
344 472
345 471
346 472
347 471
348 472
349 471
350 471
351 471
352 471
353 471
354 471
355 471
356 471
357 471
358 471
359 470
360 471
361 470
362 471
363 470
364 470
365 470
366 470
367 470
368 470
369 470
370 469
371 470
372 469
373 469
374 469
375 469
376 469
377 469
378 469
379 469
380 468
381 468
382 468
383 468
384 468
385 468
386 468
387 467
388 467
389 467
390 467
391 467
392 467
393 467
394 466
395 466
396 466
397 466
398 466
399 466
400 466
401 465
402 465
403 465
404 465
405 465
406 465
407 465
408 464
409 464
410 464
411 464
412 464
413 463
414 463
415 463
416 463
417 463
418 462
419 462
420 462
421 462
422 462
423 461
424 461
425 461
426 461
427 461
428 460
429 460
430 460
431 460
432 460
433 459
434 459
435 459
436 459
437 458
438 459
439 458
440 458
441 458
442 457
443 457
444 457
445 457
446 456
447 456
448 456
449 456
450 455
451 455
452 455
453 455
454 454
455 454
456 454
457 454
458 453
459 453
460 453
461 453
461 452
461 451
460 450
460 449
459 448
459 447
458 446
458 445
457 444
457 443
456 442
456 441
455 440
455 439
454 438
454 437
453 436
453 435
452 434
452 433
451 432
450 431
450 430
449 429
449 428
448 427
448 426
447 425
446 424
446 423
445 422
445 421
444 420
443 419
443 418
442 417
442 416
441 415
440 414
440 413
439 412
438 411
438 410
437 409
437 408
436 407
435 406
435 405
434 404
433 403
433 402
432 401
432 400
431 399
430 398
430 397
429 396
428 395
428 394
427 393
427 392
426 391
425 390
424 389
424 388
423 387
423 386
422 385
421 384
421 383
420 382
420 381
419 380
418 379
417 378
417 377
416 376
416 375
415 374
414 373
414 372
413 371
413 370
412 369
411 368
411 367
410 366
410 365
409 364
408 363
408 362
407 361
407 360
406 359
406 358
405 357
404 356
404 355
403 354
403 353
402 352
402 351
401 350
401 349
400 348
400 347
399 346
399 345
398 344
397 343
397 342
397 341
396 340
396 339
395 338
395 337
394 336
394 335
393 334
393 333
393 332
392 331
392 330
391 329
391 328
391 327
390 326
390 325
389 324
389 323
389 322
388 321
388 320
387 319
387 318
387 317
386 316
386 315
386 314
386 313
385 312
384 311
385 310
384 309
384 308
384 307
383 306
383 305
383 304
382 303
382 302
382 301
382 300
381 299
381 298
381 297
381 296
380 295
380 294
380 293
380 292
379 291
379 290
379 289
379 288
378 287
378 286
378 285
378 284
377 283
377 282
377 281
377 280
377 279
376 278
376 277
376 276
376 275
375 274
375 273
375 272
375 271
375 270
374 269
374 268
374 267
374 266
373 265
373 264
373 263
373 262
373 261
372 260
372 259
372 258
372 257
371 256
371 255
371 254
371 253
371 252
370 251
370 250
370 249
370 248
369 247
369 246
369 245
369 244
368 243
368 242
368 241
368 240
367 239
367 238
367 237
367 236
366 235
366 234
366 233
365 232
365 231
365 230
365 229
364 228
364 227
364 226
363 225
363 224
363 223
362 222
362 221
362 220
361 219
361 218
361 217
360 216
360 215
360 214
359 213
359 212
359 211
358 210
358 209
358 208
357 207
357 206
356 205
356 204
355 203
355 202
355 201
354 200
354 199
353 198
353 197
352 196
352 195
352 194
351 193
351 192
350 191
350 190
349 189
349 188
348 187
348 186
347 185
347 184
346 183
346 182
345 181
345 180
344 179
344 178
343 177
342 176
342 175
341 174
341 173
340 172
339 171
339 170
338 169
338 168
337 167
336 166
336 165
335 164
335 163
334 162
333 161
333 160
332 159
331 158
331 157
330 156
329 155
328 154
328 153
327 152
326 151
326 150
325 149
324 148
323 147
323 146
322 145
321 144
320 143
319 142
319 141
318 140
317 139
316 138
315 137
315 136
314 135
313 134
312 133
311 132
310 131
309 130
309 129
308 129
307 128
307 127
306 126
305 125
304 124
303 123
302 122
301 121
300 120
299 119
298 118
297 117
296 116
295 115
294 114
293 113
292 112
291 111
290 110
