330 86
329 87
328 87
327 88
327 89
327 90
327 91
327 92
327 93
327 94
327 95
326 96
326 97
326 98
325 99
324 100
323 101
322 101
321 102
320 103
319 104
318 105
317 106
316 106
315 106
314 106
313 105
312 104
311 104
310 103
309 103
309 104
309 105
309 106
308 107
308 108
307 109
307 110
306 111
305 112
304 113
303 114
302 114
301 115
300 114
300 115
300 116
299 117
298 118
297 118
296 119
295 119
294 118
293 118
292 118
291 118
290 117
289 117
288 116
287 116
286 116
285 115
284 116
283 116
282 116
281 116
280 116
279 116
278 116
277 115
276 115
275 114
274 114
273 114
272 113
271 113
270 113
269 112
268 112
267 112
266 111
265 110
265 109
264 108
264 107
263 106
262 105
262 104
261 103
260 102
259 101
258 100
257 100
256 99
255 99
254 100
254 101
254 102
255 103
255 104
256 105
256 106
256 107
255 108
254 108
253 109
252 108
251 108
250 107
249 106
248 105
247 104
246 103
246 102
245 101
245 100
245 99
244 98
244 97
243 96
243 95
242 94
241 93
240 93
239 92
238 91
237 91
236 90
235 89
234 88
233 87
232 87
231 87
230 87
229 87
229 88
229 89
229 90
230 91
230 92
231 93
232 94
232 95
232 96
232 97
233 98
233 99
233 100
233 101
234 102
234 103
235 104
236 105
236 106
237 107
236 108
236 109
235 110
234 111
233 112
233 113
233 114
233 115
234 116
235 117
235 118
236 119
237 120
238 121
239 122
239 123
240 124
240 125
241 126
240 127
240 128
239 129
239 130
239 131
239 132
239 133
240 134
240 135
240 136
240 137
240 138
240 139
240 140
240 141
240 142
240 143
241 144
241 145
241 146
241 147
242 148
241 149
242 150
241 151
242 152
242 153
243 154
243 155
244 156
244 157
245 158
245 159
245 160
246 161
245 162
244 163
243 164
242 164
241 164
240 164
239 164
239 165
238 166
239 167
240 168
240 169
241 169
242 170
243 171
244 172
244 173
245 174
246 175
246 176
247 177
247 178
247 179
248 180
248 181
248 182
249 183
249 184
248 185
248 186
247 187
246 187
245 188
246 189
245 190
246 191
246 192
246 193
247 194
247 195
248 196
248 197
248 198
247 199
247 200
246 201
247 202
247 203
247 204
247 205
248 206
248 207
249 208
249 209
250 210
250 211
250 212
250 213
250 214
249 215
249 216
249 217
249 218
249 219
249 220
250 221
250 222
251 223
251 224
251 225
251 226
251 227
251 228
252 229
252 230
252 231
253 232
253 233
254 234
254 235
255 236
255 237
255 238
254 239
254 240
253 241
253 242
253 243
254 244
254 245
255 246
256 247
257 248
257 249
258 250
259 251
260 252
260 253
261 254
261 255
260 256
259 256
258 257
257 257
256 257
255 258
254 257
253 256
252 255
251 254
250 253
249 252
248 251
247 251
246 250
245 250
244 251
244 252
244 253
244 254
245 255
244 256
244 257
243 258
242 258
241 258
240 258
239 258
238 257
237 257
236 256
235 256
234 255
233 254
232 254
231 253
230 252
229 252
228 252
227 251
226 251
225 251
224 251
223 250
224 251
223 252
222 252
221 253
221 254
220 255
219 254
218 255
217 255
216 254
215 254
214 254
213 253
212 253
211 253
210 253
209 253
208 253
207 254
206 253
205 253
204 253
203 252
202 252
201 251
200 250
199 249
198 248
197 248
196 247
195 247
194 247
193 247
192 248
192 249
192 250
192 251
191 252
192 253
191 254
190 255
189 254
188 254
187 253
186 253
185 252
184 251
183 250
182 250
181 249
180 249
179 248
178 248
177 247
176 247
175 247
174 246
173 245
172 245
171 244
170 244
169 244
168 244
167 244
166 245
167 246
166 247
167 248
167 249
166 250
165 250
164 250
163 250
162 250
161 250
160 249
159 250
158 250
157 250
156 250
155 250
154 250
153 250
152 249
151 248
150 248
149 247
148 246
147 245
146 245
145 244
144 244
143 244
142 244
141 245
140 246
139 246
138 247
137 247
136 247
135 246
134 246
133 246
132 245
131 245
130 245
129 245
128 244
127 244
126 244
125 243
124 243
123 242
122 242
121 242
120 241
119 241
118 241
117 241
116 240
115 241
114 240
113 240
112 240
111 240
110 240
109 240
108 239
107 239
106 239
105 239
105 240
105 241
105 242
106 243
106 244
107 245
106 246
106 247
105 248
104 247
103 247
102 246
101 245
100 244
99 243
98 242
97 241
97 240
96 240
95 239
94 239
93 239
92 240
91 241
90 242
89 242
88 242
87 242
87 243
88 244
88 245
88 246
88 247
88 248
88 249
89 250
89 251
90 252
91 253
92 254
93 255
94 255
95 255
96 255
97 255
98 255
99 256
100 257
101 258
102 259
103 260
103 261
104 262
104 263
104 264
105 265
105 266
105 267
106 268
106 269
107 270
108 271
108 272
108 273
108 274
108 275
107 276
107 277
107 278
106 279
107 280
107 281
107 282
108 283
109 284
110 285
111 286
111 287
112 288
113 289
113 290
113 291
113 292
112 293
111 294
110 294
109 294
108 293
107 293
106 293
105 293
105 294
105 295
105 296
105 297
105 298
105 299
105 300
105 301
105 302
105 303
105 304
105 305
105 306
105 307
106 308
106 309
106 310
106 311
105 312
105 313
105 314
104 315
104 316
103 317
103 318
103 319
102 320
101 321
100 322
99 323
98 323
97 324
96 324
95 325
94 325
93 326
92 327
91 328
90 329
90 330
90 331
90 332
90 333
90 334
90 335
90 336
90 337
90 338
89 339
89 340
88 341
87 342
86 343
87 343
88 342
89 342
90 342
91 341
92 340
93 340
94 340
95 339
96 340
97 340
98 341
99 342
100 342
101 343
102 344
103 344
104 344
104 343
103 342
103 341
103 340
102 339
102 338
103 337
104 337
105 337
106 337
107 337
108 337
109 337
110 337
111 338
112 337
113 337
114 337
115 337
116 336
117 336
118 336
119 337
120 337
121 337
122 338
123 338
124 339
125 339
126 339
127 339
128 338
129 337
130 336
131 335
132 335
133 336
134 336
135 337
136 337
137 338
138 337
139 337
140 336
141 335
142 334
143 333
144 332
145 332
146 332
147 332
148 332
149 332
150 333
151 333
152 333
153 333
154 334
155 334
156 334
157 334
158 334
159 335
160 335
161 334
162 334
163 334
164 333
164 332
164 331
165 330
166 329
167 330
168 330
169 331
169 332
170 332
171 333
172 333
173 334
174 333
175 332
176 331
177 331
178 330
179 330
180 330
181 330
182 330
183 331
184 331
185 332
186 332
187 332
188 331
189 331
190 330
191 329
191 328
192 327
193 326
194 326
195 326
196 327
197 327
198 328
199 329
200 329
201 330
202 330
203 331
204 331
205 331
206 331
207 331
208 331
208 330
209 329
209 328
209 327
210 326
211 325
212 325
213 325
214 325
215 325
216 326
217 326
218 327
219 327
220 328
221 328
222 328
223 328
224 328
225 327
226 326
227 326
228 325
229 326
230 326
231 327
232 327
233 328
234 328
235 329
236 328
237 328
237 327
238 326
238 325
238 324
238 323
238 322
238 321
239 320
240 319
241 320
242 320
243 321
244 321
245 322
246 322
247 323
248 324
249 325
250 325
251 325
252 326
253 326
254 327
253 328
253 329
254 330
254 331
254 332
255 333
255 334
255 335
255 336
254 337
254 338
253 339
253 340
253 341
253 342
253 343
254 344
254 345
255 346
256 347
257 348
257 349
258 350
258 351
258 352
257 353
256 354
255 354
254 354
253 353
252 353
251 352
250 352
249 351
248 352
248 353
249 354
249 355
249 356
250 357
250 358
250 359
250 360
250 361
250 362
249 363
249 364
248 365
247 366
248 367
247 368
248 369
248 370
249 371
249 372
249 373
249 374
249 375
249 376
249 377
249 378
250 379
250 380
250 381
250 382
250 383
250 384
249 385
248 386
247 386
246 387
245 388
245 389
245 390
245 391
245 392
245 393
245 394
245 395
245 396
245 397
244 398
244 399
244 400
244 401
244 402
245 403
245 404
245 405
246 406
246 407
246 408
246 409
246 410
245 411
244 412
243 412
242 412
241 412
240 412
239 412
238 412
238 413
238 414
238 415
239 416
240 417
240 418
241 419
242 420
242 421
243 422
243 423
243 424
242 425
242 426
241 427
241 428
241 429
241 430
241 431
241 432
241 433
240 434
240 435
240 436
240 437
240 438
240 439
240 440
240 441
240 442
239 443
239 444
239 445
239 446
238 447
238 448
239 449
239 450
240 451
240 452
241 453
241 454
241 455
241 456
240 457
239 457
238 457
237 457
236 457
235 458
234 458
234 459
233 460
233 461
234 462
234 463
235 464
236 465
236 466
237 467
238 468
238 469
238 470
238 471
238 472
238 473
237 474
237 475
236 476
236 477
236 478
236 479
236 480
236 481
235 482
234 482
233 483
232 483
231 483
230 483
229 484
229 485
229 486
230 487
230 488
230 489
231 490
231 489
231 488
232 487
233 487
234 487
235 487
236 487
237 486
238 486
239 485
240 485
241 484
242 484
243 483
244 483
245 483
246 483
247 483
248 482
248 481
248 480
249 479
249 478
250 477
250 476
251 475
252 474
253 474
254 473
255 473
256 472
257 472
258 472
258 471
259 470
260 469
261 468
262 468
263 468
264 468
265 468
266 468
267 468
268 467
269 467
270 466
271 465
272 464
273 464
274 464
275 464
276 464
277 464
278 465
279 466
280 466
281 467
282 467
283 468
284 467
284 466
284 465
284 464
284 463
283 462
283 461
284 460
285 459
286 459
287 460
288 460
289 460
290 461
291 461
292 462
293 461
294 462
295 461
296 461
297 461
298 461
299 461
300 461
301 462
302 462
303 463
304 464
305 464
306 465
307 466
308 466
309 467
310 467
311 468
312 468
313 469
314 470
315 470
316 471
316 472
317 473
318 474
319 475
319 476
320 477
320 478
321 479
321 480
322 481
322 482
323 482
324 483
324 484
325 485
326 486
327 487
328 488
329 489
330 490
329 489
329 488
328 487
328 486
327 485
327 484
327 483
328 482
329 481
330 481
331 480
332 481
331 480
332 479
331 478
331 477
331 476
331 475
331 474
332 473
332 472
332 471
333 470
333 469
332 468
332 467
331 466
330 465
330 464
329 463
328 462
327 461
327 460
327 459
326 458
327 457
327 456
328 455
328 454
329 453
329 452
328 451
328 450
328 449
327 448
327 447
327 446
327 445
326 444
326 443
326 442
325 441
325 440
325 439
324 438
323 437
323 436
322 435
322 434
322 433
322 432
323 431
323 430
323 429
323 428
323 427
322 426
322 425
321 424
321 423
320 422
320 421
319 420
319 419
318 418
318 417
318 416
318 415
319 414
319 413
319 412
320 411
320 410
320 409
320 408
319 407
319 406
319 405
319 404
319 403
319 402
318 401
318 400
317 399
317 398
317 397
317 396
316 395
317 394
317 393
317 392
317 391
317 390
316 389
315 388
314 387
313 386
312 385
312 384
311 383
311 382
310 381
310 380
311 379
312 378
313 378
314 378
315 378
316 378
317 379
318 378
318 377
318 376
318 375
318 374
317 373
316 372
316 371
315 370
314 369
313 368
313 367
312 366
312 365
311 364
310 363
310 362
309 361
309 360
308 359
308 358
308 357
308 356
308 355
309 354
310 355
311 354
312 355
313 354
313 353
313 352
313 351
313 350
312 349
312 348
312 347
312 346
312 345
313 344
313 343
313 342
313 341
312 340
312 339
311 338
310 337
310 336
309 335
308 334
307 333
306 332
306 331
306 330
306 329
306 328
307 327
307 326
308 325
309 324
310 323
311 322
312 322
313 323
314 323
315 324
316 325
317 325
318 326
319 326
320 327
321 327
322 327
323 327
324 327
325 326
326 326
327 326
328 326
329 326
330 327
331 328
332 328
333 329
334 329
335 330
336 329
337 329
338 328
338 327
338 326
338 325
338 324
338 323
339 322
340 322
341 322
342 323
343 323
344 324
344 325
345 326
346 327
347 328
348 328
349 329
350 330
351 330
352 331
353 331
354 332
355 332
356 332
357 332
358 331
358 330
358 329
359 328
359 327
360 326
361 326
362 326
363 326
364 327
365 327
366 328
367 329
368 330
369 331
370 332
371 332
372 332
373 331
374 330
375 329
376 329
377 329
378 329
379 330
380 331
381 331
382 332
383 333
384 333
385 333
386 333
387 333
388 332
389 331
390 331
391 330
392 330
393 330
394 330
395 331
396 331
397 332
398 332
399 332
400 333
401 333
402 333
403 334
404 334
405 334
406 335
407 335
408 335
409 335
410 335
411 335
412 335
413 334
414 335
415 335
416 335
417 336
418 336
419 337
420 337
421 338
422 338
423 338
424 338
425 338
426 337
427 337
428 336
429 337
430 337
431 338
432 338
433 339
434 339
435 338
436 339
437 338
438 337
439 338
440 339
440 340
441 341
441 342
442 343
443 344
443 345
444 345
445 346
446 346
447 346
448 346
449 345
450 345
450 344
451 343
451 342
451 341
450 340
450 339
449 338
449 337
450 336
451 336
452 336
453 336
454 337
455 337
456 337
457 337
458 338
459 338
460 337
461 338
462 337
463 337
464 337
465 338
466 338
467 338
468 339
469 339
470 340
471 341
472 341
473 341
474 341
475 341
476 341
477 341
478 341
479 342
480 342
481 342
482 342
481 341
480 340
480 339
479 338
479 337
478 336
478 335
477 334
477 333
476 332
475 331
474 332
474 333
475 334
474 335
474 336
474 337
473 338
472 337
471 337
470 337
469 336
469 335
468 334
467 333
467 332
466 331
466 330
466 329
465 328
465 327
464 326
464 325
463 324
462 323
462 322
461 321
460 320
460 319
459 318
459 317
459 316
459 315
459 314
458 313
459 312
458 311
458 310
458 309
459 308
459 307
459 306
459 305
459 304
459 303
458 302
458 301
457 300
456 299
455 298
454 297
454 296
453 295
452 294
452 293
452 292
452 291
452 290
453 289
454 288
455 287
456 287
457 286
458 286
459 287
458 286
457 285
456 284
455 283
455 282
454 281
455 280
456 279
457 279
458 278
459 277
459 276
460 275
459 274
460 273
459 272
460 271
460 270
460 269
461 268
462 267
463 267
464 266
465 265
465 264
466 263
466 262
467 261
467 260
468 259
468 258
469 257
469 256
470 255
470 254
470 253
469 252
470 251
469 250
469 249
470 248
471 247
472 246
473 245
474 245
475 245
476 245
477 244
478 245
479 244
480 244
481 243
482 243
482 242
481 242
480 241
479 241
478 241
477 241
476 241
475 242
474 242
473 242
472 242
471 242
470 241
469 241
468 241
467 240
466 240
465 240
464 240
463 240
462 240
461 240
460 240
459 240
458 240
457 240
456 240
455 240
454 240
453 239
452 240
452 241
452 242
452 243
453 244
453 245
453 246
453 247
452 248
451 248
450 248
449 247
448 247
447 246
446 245
445 244
444 243
443 243
442 242
441 242
440 242
439 243
438 244
437 244
436 245
435 246
434 246
433 246
432 245
431 245
430 245
429 245
428 245
427 245
426 245
425 245
424 245
423 245
422 244
421 244
420 243
419 243
418 243
417 242
416 242
415 242
414 242
413 243
412 243
411 244
410 244
409 245
408 245
409 246
408 247
408 248
407 249
406 249
405 250
404 250
403 250
402 250
401 250
400 250
399 249
398 248
397 248
396 247
395 246
394 246
393 246
392 245
391 246
390 246
389 247
388 248
388 249
387 250
386 251
385 251
384 251
383 250
382 250
381 249
380 249
379 249
378 248
377 248
376 248
375 247
374 247
373 247
372 246
371 246
370 246
369 246
368 246
367 246
367 247
367 248
367 249
367 250
367 251
366 252
365 252
364 252
363 252
362 252
361 252
360 252
359 252
358 253
357 253
356 253
355 253
354 253
353 253
352 253
351 252
350 251
349 251
348 250
347 249
346 249
345 248
344 248
343 248
342 248
341 249
341 250
341 251
341 252
342 253
341 254
342 255
341 256
340 257
339 257
338 257
337 256
336 256
335 255
334 255
333 254
332 253
331 253
330 253
329 252
328 252
327 252
326 252
325 252
324 251
323 252
322 253
321 254
320 255
319 256
318 256
317 256
316 256
315 256
314 256
313 255
312 255
311 255
310 255
309 255
308 255
307 255
306 256
305 256
304 256
303 255
303 254
303 253
304 252
304 251
305 250
306 249
307 248
308 247
309 246
310 246
311 245
311 244
311 243
312 242
312 241
311 240
311 239
310 238
310 237
309 236
308 235
308 234
308 233
307 232
307 231
307 230
308 229
309 228
310 227
311 227
312 226
313 226
314 226
315 226
314 225
315 224
314 223
313 222
312 221
312 220
311 219
311 218
311 217
310 216
310 215
310 214
310 213
309 212
309 211
309 210
310 209
311 208
312 208
313 208
314 207
315 207
315 206
316 205
316 204
316 203
315 202
316 201
316 200
315 199
316 198
316 197
316 196
316 195
317 194
317 193
316 192
316 191
315 190
314 189
313 188
313 187
312 186
312 185
311 184
311 183
312 182
313 182
314 182
315 182
316 182
317 182
318 182
319 182
320 182
320 181
321 180
321 179
320 178
320 177
320 176
319 175
319 174
318 173
318 172
318 171
318 170
317 169
318 168
318 167
318 166
319 165
320 164
320 163
320 162
321 161
321 160
321 159
321 158
321 157
321 156
322 155
322 154
322 153
323 152
323 151
324 150
324 149
324 148
325 147
325 146
325 145
325 144
325 143
325 142
324 141
324 140
324 139
323 138
323 137
323 136
324 135
324 134
324 133
324 132
324 131
325 130
324 129
324 128
324 127
324 126
324 125
323 124
324 123
325 122
326 123
327 123
328 123
329 124
330 124
331 123
332 123
332 122
332 121
331 120
331 119
330 118
329 117
329 116
328 115
328 114
327 113
328 112
328 111
329 110
329 109
330 108
331 107
331 106
331 105
330 104
330 103
330 102
330 101
330 100
329 99
330 98
330 97
329 96
329 95
329 94
329 93
328 92
328 91
328 90
328 89
328 88
329 87
