86 78
85 79
84 80
83 81
82 81
81 82
81 83
80 84
79 85
78 86
78 87
79 88
79 89
80 90
81 91
81 92
81 93
82 94
83 94
84 95
84 96
85 96
86 97
86 98
87 99
87 100
88 100
89 101
90 102
90 103
90 104
91 104
92 105
93 106
93 107
94 108
94 109
95 109
96 109
97 110
97 111
98 112
98 113
99 114
100 115
101 116
102 117
103 118
103 119
104 120
105 121
106 122
107 123
108 124
108 125
109 126
109 127
110 128
109 129
108 129
107 129
108 130
108 131
109 132
109 133
110 134
111 135
112 136
113 137
113 138
114 139
115 139
116 140
116 141
117 142
118 143
119 143
120 144
121 145
122 146
122 147
123 148
124 148
125 149
125 150
126 151
127 152
128 153
129 154
130 154
131 155
132 156
133 157
134 157
135 158
135 159
136 160
136 161
137 161
138 162
139 163
139 164
140 165
140 166
139 167
138 167
139 168
139 169
140 170
140 171
141 171
142 172
142 173
143 174
144 175
145 175
146 176
147 177
148 178
149 179
149 180
150 180
151 181
152 181
153 182
153 183
154 183
155 184
156 185
157 186
158 187
159 188
159 189
158 190
159 191
158 192
159 193
160 193
161 194
161 195
162 196
163 196
164 197
165 198
166 199
167 200
168 201
169 202
170 202
171 203
172 204
173 204
174 205
175 206
175 207
175 208
175 209
175 210
176 210
177 211
178 212
179 213
180 213
181 214
181 215
182 215
183 216
184 216
185 217
186 218
187 218
188 218
189 219
190 220
191 221
192 221
193 222
192 223
193 224
194 225
195 225
196 226
197 227
198 227
199 228
200 228
201 229
202 229
203 229
204 230
204 231
205 231
206 231
207 231
208 232
208 233
209 233
210 234
211 234
212 235
213 236
213 237
212 238
211 238
210 238
209 238
208 237
207 237
206 237
205 237
204 238
203 238
202 238
201 237
200 237
199 237
198 236
197 236
196 236
195 236
194 236
193 236
192 235
191 235
190 235
190 236
189 237
188 237
187 237
186 237
185 237
184 236
183 237
182 236
181 236
180 236
179 236
178 236
177 235
176 235
175 236
176 237
175 238
174 239
173 239
172 238
171 238
170 238
169 238
168 238
167 238
166 238
165 238
164 237
163 237
162 237
161 237
161 238
161 239
161 240
160 241
159 242
158 241
157 242
156 241
155 242
154 242
153 242
152 242
151 242
150 242
149 242
148 242
147 241
146 242
145 242
144 242
145 242
146 243
146 244
145 245
144 245
143 246
142 247
141 246
140 247
139 246
138 247
137 246
136 247
135 246
134 246
133 247
132 247
131 247
130 247
129 247
128 247
128 248
129 249
129 250
128 251
127 252
126 252
125 253
124 253
123 253
122 253
121 254
120 253
119 254
118 253
117 254
116 254
115 254
114 254
113 254
112 254
111 254
111 255
112 255
113 255
114 255
115 255
116 255
117 255
118 256
119 256
120 256
121 256
122 256
123 257
124 257
125 257
126 257
127 258
128 258
129 259
129 260
129 261
128 262
129 262
130 262
131 262
132 262
133 263
134 263
135 263
136 263
137 263
138 263
139 263
140 263
141 263
142 263
143 263
144 264
145 265
146 266
146 267
145 268
146 268
147 268
148 268
149 268
150 268
151 268
152 268
153 268
154 268
155 268
156 268
157 268
158 268
159 268
160 269
161 270
161 271
160 272
161 272
162 272
163 272
164 272
165 272
166 271
167 272
168 271
169 272
170 272
171 271
172 271
173 271
174 271
175 272
176 273
176 274
177 274
178 274
179 274
180 274
181 273
182 273
183 273
184 273
185 272
186 272
187 272
188 272
189 273
190 274
191 274
192 274
193 274
194 273
195 274
196 274
197 273
198 273
199 272
200 272
201 272
202 271
203 272
204 272
205 272
206 273
207 272
208 272
209 271
210 271
211 271
212 272
213 273
212 274
212 275
211 276
210 275
209 276
208 276
208 277
207 278
206 278
205 278
204 279
203 279
202 280
201 280
200 281
199 281
198 282
197 282
197 283
196 284
195 284
194 285
193 285
192 285
192 286
192 287
192 288
191 289
190 289
189 290
188 291
187 291
186 292
185 292
184 293
183 293
183 294
182 295
181 295
180 296
179 296
179 297
178 298
177 298
176 299
175 300
175 301
175 302
175 303
175 304
174 305
173 305
172 306
171 306
170 307
169 308
168 308
168 309
167 310
166 310
165 311
165 312
164 313
163 313
162 314
161 314
161 315
160 316
159 317
158 318
159 319
159 320
159 321
158 322
157 323
157 324
156 325
155 325
154 326
153 326
153 327
152 328
151 328
151 329
150 330
149 330
149 331
148 332
147 332
146 333
145 334
144 334
144 335
143 336
142 336
142 337
141 338
140 339
139 340
139 341
138 342
139 342
140 343
140 344
140 345
139 346
139 347
138 348
137 348
136 349
136 350
135 351
134 352
133 352
133 353
132 354
131 354
130 355
129 355
128 356
127 357
126 358
125 359
125 360
124 361
123 362
122 363
122 364
121 365
120 365
119 365
118 366
118 367
117 368
116 369
115 370
114 370
114 371
113 372
112 373
111 374
111 375
110 376
109 377
108 378
109 379
110 380
111 381
110 382
110 383
109 384
108 385
107 386
106 387
105 388
104 389
104 390
103 391
102 392
101 393
100 394
99 394
99 395
98 396
97 397
97 398
96 399
95 400
94 401
94 402
93 403
92 403
91 404
91 405
90 406
90 407
89 408
88 408
87 409
87 410
86 411
86 412
85 413
84 412
84 413
83 414
82 415
81 416
81 417
81 418
80 419
79 420
79 421
78 422
78 423
79 424
80 425
81 425
82 426
81 427
82 428
83 427
84 428
84 429
85 430
86 430
87 431
88 430
89 429
90 429
91 428
92 428
93 427
94 427
95 426
95 425
96 424
97 424
97 423
98 422
99 422
100 422
101 421
101 420
102 419
103 418
104 418
105 417
106 416
107 415
108 415
109 414
110 413
111 412
112 411
113 410
114 410
115 409
115 408
116 407
117 407
118 406
119 405
120 404
121 404
122 403
123 402
124 401
125 400
126 399
127 399
128 399
129 398
130 398
131 399
130 400
131 400
132 400
133 399
134 399
135 398
136 397
137 396
138 396
139 395
139 394
140 393
141 392
142 392
143 391
144 390
144 389
145 388
146 387
147 387
148 386
149 385
150 384
151 383
152 383
152 382
153 381
154 380
155 379
155 378
156 377
157 376
158 375
159 374
160 373
161 372
162 372
163 371
164 370
165 369
166 369
167 370
168 371
169 370
170 370
171 369
172 368
173 367
174 367
175 366
175 365
176 364
176 363
177 362
178 361
179 361
180 360
180 359
181 358
182 357
183 357
183 356
183 355
184 354
185 354
185 353
186 352
187 352
188 351
189 351
190 351
191 351
192 351
193 350
194 349
195 349
195 348
196 347
197 346
198 345
198 344
199 343
200 342
201 341
202 341
202 340
202 339
203 338
204 338
204 337
204 336
205 335
206 335
207 334
208 335
209 335
210 334
210 333
211 332
212 332
213 331
213 330
214 329
215 328
216 327
216 326
217 325
217 324
218 323
218 322
219 321
219 320
220 319
221 319
221 318
222 317
223 317
224 317
225 316
225 315
225 314
226 313
227 312
227 311
228 310
228 309
229 308
229 307
230 306
231 305
231 304
231 303
231 302
232 301
233 301
233 300
234 299
234 298
235 297
236 297
237 297
238 298
238 299
238 300
237 301
237 302
236 303
237 304
237 305
238 306
238 307
237 308
237 309
237 310
237 311
236 312
236 313
235 314
236 315
236 316
236 317
235 318
235 319
235 320
236 320
237 321
237 322
237 323
237 324
237 325
236 326
236 327
236 328
236 329
236 330
236 331
236 332
235 333
235 334
236 334
237 334
238 335
238 336
239 337
238 338
238 339
238 340
238 341
238 342
238 343
238 344
238 345
237 346
237 347
237 348
237 349
238 349
239 349
240 349
241 350
241 351
242 352
241 353
242 354
242 355
242 356
242 357
242 358
242 359
242 360
242 361
242 362
242 363
241 364
242 365
243 364
244 364
245 365
246 366
246 367
247 368
246 369
247 370
246 371
247 372
246 373
247 374
246 375
247 376
247 377
247 378
247 379
247 380
247 381
247 382
248 382
248 381
249 380
250 380
251 381
252 382
252 383
253 384
253 385
253 386
253 387
254 388
253 389
254 390
253 391
254 392
254 393
255 394
254 395
254 396
255 397
254 398
255 397
255 396
255 395
255 394
255 393
256 392
256 391
256 390
256 389
256 388
256 387
257 386
257 385
257 384
257 383
258 382
259 381
260 380
261 381
262 382
262 381
262 380
262 379
262 378
262 377
263 376
263 375
263 374
263 373
263 372
263 371
263 370
263 369
263 368
263 367
264 366
264 365
265 364
266 364
267 364
268 365
268 364
268 363
268 362
268 361
268 360
268 359
268 358
268 357
268 356
268 355
268 354
268 353
268 352
268 351
269 350
270 349
271 349
272 350
272 349
272 348
272 347
272 346
272 345
272 344
272 343
271 342
272 341
272 340
272 339
271 338
271 337
271 336
272 335
273 334
274 334
274 333
274 332
274 331
274 330
274 329
273 328
273 327
273 326
273 325
272 324
273 323
272 322
273 321
274 320
274 319
274 318
274 317
274 316
274 315
274 314
273 313
273 312
273 311
272 310
272 309
272 308
272 307
272 306
272 305
273 304
273 303
272 302
272 301
271 300
271 299
271 298
272 297
273 297
274 297
275 298
276 299
276 300
276 301
277 302
278 303
278 304
279 305
279 306
280 307
280 308
281 309
281 310
282 311
283 312
283 313
284 314
284 315
285 316
285 317
286 318
287 317
288 317
289 318
289 319
290 320
290 321
291 321
292 322
292 323
292 324
292 325
293 325
294 326
294 327
295 328
295 329
296 330
297 331
298 332
299 333
300 334
300 335
301 335
302 335
303 335
304 335
305 336
306 337
306 338
307 339
308 340
308 341
308 342
309 341
310 342
310 343
311 344
312 345
313 346
313 347
314 348
315 349
316 350
317 350
318 351
318 352
319 351
320 351
321 351
322 351
323 352
324 353
325 354
326 355
326 356
327 356
328 357
328 358
329 359
330 360
330 361
331 361
332 362
333 363
334 364
334 365
335 365
336 366
336 367
337 367
338 368
339 369
340 370
341 370
342 370
343 369
344 369
345 369
346 370
347 371
348 372
349 373
350 373
351 374
352 375
352 376
353 377
354 378
354 379
355 380
356 380
357 381
357 382
358 382
359 383
360 384
361 385
362 386
363 386
364 387
364 388
364 389
365 390
366 390
367 391
368 392
369 393
370 394
371 395
372 396
373 396
374 397
375 398
376 398
377 399
377 398
378 397
379 397
380 398
381 398
382 398
383 399
384 399
385 400
385 401
386 402
387 402
388 403
389 404
390 405
391 405
392 406
393 407
393 408
394 409
395 409
396 410
397 411
398 412
399 413
400 413
401 414
402 414
403 415
403 416
403 417
404 417
405 418
406 418
407 419
407 420
408 420
409 421
410 421
411 422
412 423
412 424
413 424
414 425
414 426
415 427
416 427
417 427
418 428
419 429
420 429
421 430
422 430
423 430
424 430
424 429
425 428
426 427
427 428
427 427
427 426
428 425
429 424
430 424
430 423
430 422
430 421
429 420
429 419
428 418
427 417
427 416
427 415
426 414
425 413
424 412
423 412
422 411
421 410
421 409
420 408
420 407
419 407
418 406
418 405
417 404
417 403
416 403
415 402
414 401
413 400
413 399
412 398
411 397
410 396
409 395
409 394
408 393
407 392
406 392
405 391
405 390
404 389
403 388
402 387
402 386
401 385
400 385
399 384
399 383
398 382
398 381
398 380
397 379
397 378
398 377
399 378
399 377
398 376
398 375
397 374
396 373
396 372
395 371
394 370
393 369
392 368
391 367
390 366
390 365
389 365
388 364
387 363
386 363
385 362
386 361
385 361
384 360
383 359
382 358
382 357
381 357
380 356
380 355
379 354
378 354
377 353
376 352
375 352
374 351
373 350
373 349
372 348
371 347
370 346
369 345
369 344
369 343
370 342
370 341
370 340
369 339
369 338
368 338
367 337
367 336
366 336
365 335
365 334
364 334
363 333
362 332
361 331
361 330
360 330
359 329
358 328
357 328
356 327
356 326
355 326
354 325
353 324
352 323
351 322
351 321
351 320
351 319
351 318
351 317
350 316
349 315
348 314
347 313
346 313
345 312
344 311
344 310
343 310
342 310
341 309
342 308
341 308
340 308
339 307
338 306
337 306
336 305
335 304
335 303
335 302
335 301
335 300
334 299
333 299
332 298
331 297
330 296
329 295
328 295
327 294
326 294
325 293
325 292
324 292
323 292
322 292
321 291
321 290
320 290
319 289
318 289
317 288
317 287
318 286
317 285
316 285
315 284
314 284
313 283
312 283
311 282
310 281
309 281
308 280
307 280
306 279
305 279
304 278
303 278
302 277
301 276
300 276
299 276
298 275
297 274
297 273
297 272
298 271
299 271
300 271
301 272
302 272
303 273
304 273
305 272
306 272
307 272
308 272
309 272
310 272
311 273
312 273
313 273
314 274
315 274
316 274
317 274
318 274
319 274
320 274
321 273
322 272
323 273
324 272
325 273
326 273
327 273
328 273
329 274
330 274
331 274
332 274
333 274
334 274
334 273
335 272
336 271
337 271
338 271
339 272
340 272
341 272
342 271
343 272
344 272
345 272
346 272
347 272
348 272
349 272
350 272
349 271
349 270
350 269
351 268
352 268
353 268
354 268
355 268
356 268
357 268
358 268
359 268
360 268
361 268
362 268
363 268
364 268
365 268
364 267
364 266
364 265
365 264
366 264
367 263
368 263
369 263
370 263
371 263
372 263
373 263
374 263
375 263
376 263
377 262
378 262
379 262
380 262
381 262
382 262
381 261
380 260
381 259
382 258
383 257
384 257
385 257
386 257
387 256
388 256
389 256
390 256
391 256
392 256
393 255
394 255
395 255
396 255
397 255
398 255
397 254
396 254
395 254
394 254
393 254
392 254
391 253
390 254
389 253
388 254
387 253
386 253
385 253
384 253
383 252
382 252
381 251
380 250
380 249
381 248
382 248
382 247
381 247
380 247
379 247
378 247
377 247
376 247
375 246
374 247
373 246
372 247
371 246
370 247
369 246
368 247
367 246
366 246
365 245
364 244
364 243
365 242
365 241
364 242
363 242
362 241
361 242
360 242
359 242
358 242
357 242
356 242
355 241
354 242
353 241
352 242
351 241
350 241
349 240
349 239
349 238
349 237
348 237
347 237
346 237
345 237
344 238
343 238
342 238
341 238
340 238
339 238
338 238
337 239
336 238
335 238
334 237
334 236
334 235
333 235
332 236
331 236
330 236
329 236
328 236
327 236
326 236
325 236
324 237
323 237
322 237
321 237
320 236
320 235
319 235
318 235
317 236
316 236
315 236
314 235
313 236
312 236
311 237
310 237
309 237
308 237
307 238
306 238
305 237
304 237
303 236
302 237
301 237
300 238
299 238
298 238
297 237
297 236
297 235
298 234
299 234
300 233
301 233
301 232
302 231
303 231
304 231
305 230
306 231
306 230
307 229
308 229
309 228
310 228
311 227
312 227
313 226
314 225
315 225
316 225
317 224
317 223
317 222
318 221
319 220
320 220
321 219
322 218
323 218
324 217
325 217
326 216
327 216
328 215
329 214
330 213
331 213
332 212
332 211
333 210
334 210
335 209
335 208
334 207
335 206
336 205
337 204
338 204
338 203
339 202
340 202
341 202
341 201
342 200
343 199
344 198
345 198
346 197
347 196
348 195
349 195
349 194
350 193
351 192
351 191
351 190
351 189
351 188
352 187
352 186
353 185
354 185
354 184
355 183
356 183
357 182
358 182
358 181
359 180
360 180
361 179
361 178
362 177
363 176
364 176
365 175
366 174
367 174
367 173
368 172
369 171
370 170
370 169
371 168
370 167
369 166
369 165
370 164
371 163
372 162
372 161
373 160
374 159
375 158
376 157
377 156
378 155
379 155
380 154
381 153
382 152
383 152
383 151
384 150
385 149
386 148
387 147
387 146
388 145
389 144
390 144
391 143
392 142
392 141
393 140
394 139
395 139
396 138
396 137
397 136
398 135
399 134
399 133
400 132
400 131
400 130
399 131
398 130
398 129
399 128
399 127
399 126
400 125
401 124
402 123
403 122
404 121
404 120
405 119
406 118
407 117
407 116
408 115
409 115
410 114
410 113
411 112
412 111
413 110
414 109
415 108
415 107
416 106
417 105
418 104
418 103
419 102
420 101
421 101
422 100
422 99
422 98
423 97
424 96
425 96
425 95
426 94
427 94
427 93
428 92
428 91
429 90
429 89
430 88
430 87
431 86
430 85
429 84
428 84
427 83
428 82
427 81
426 82
425 81
425 80
424 79
423 79
422 78
421 79
420 80
419 80
418 81
417 82
416 81
415 82
415 83
414 84
413 84
412 85
412 86
411 87
410 87
409 87
408 88
408 89
407 90
406 90
405 91
404 91
404 92
403 93
402 94
401 94
400 95
399 96
398 97
397 98
396 98
395 99
394 100
394 101
393 102
392 102
391 103
390 104
389 104
388 105
387 106
386 107
385 108
384 109
383 110
382 110
381 111
380 110
379 109
378 108
377 109
376 110
375 111
374 111
373 112
372 113
371 114
370 114
370 115
369 116
368 117
367 118
366 118
366 119
365 120
365 121
364 122
363 122
362 123
361 124
360 125
359 125
358 126
357 127
357 128
356 129
355 129
355 130
355 131
354 132
353 133
352 134
351 135
350 136
349 136
348 137
348 138
347 139
346 139
345 140
344 140
343 140
342 139
342 138
341 139
340 139
339 140
338 141
337 142
336 142
336 143
335 144
334 144
334 145
333 146
332 147
332 148
331 149
330 149
329 150
329 151
328 152
327 153
326 153
326 154
326 155
325 156
324 157
323 157
322 158
321 159
320 159
319 159
318 158
317 159
316 160
315 161
314 161
314 162
313 163
313 164
312 165
311 165
310 166
310 167
309 168
308 168
308 169
307 170
307 171
306 172
305 173
305 174
304 175
303 175
302 175
301 175
300 175
299 176
298 177
298 178
297 179
296 179
296 180
295 181
295 182
294 183
293 183
293 184
292 185
292 186
291 187
291 188
290 189
289 190
288 191
287 192
286 192
285 192
285 193
285 194
284 195
284 196
283 197
282 197
282 198
281 199
281 200
280 201
280 202
280 203
279 204
278 205
278 206
278 207
277 208
276 208
276 209
275 210
276 211
275 212
274 212
273 213
272 212
271 211
271 210
271 209
272 208
273 207
273 206
272 205
272 204
272 203
271 202
272 201
272 200
272 199
273 198
273 197
274 196
274 195
273 194
274 193
274 192
274 191
274 190
273 189
272 188
272 187
272 186
272 185
273 184
273 183
273 182
273 181
274 180
274 179
274 178
274 177
274 176
273 176
272 175
271 174
271 173
271 172
272 171
272 170
272 169
271 168
272 167
271 166
272 165
272 164
272 163
272 162
272 161
272 160
271 161
270 161
269 160
268 159
268 158
268 157
268 156
268 155
268 154
268 153
268 152
268 151
268 150
268 149
268 148
268 147
268 146
268 145
267 145
266 146
265 145
264 144
263 143
263 142
263 141
263 140
263 139
263 138
263 137
263 136
263 135
263 134
263 133
262 132
262 131
262 130
262 129
262 128
261 129
260 129
259 129
258 128
258 127
257 126
257 125
257 124
257 123
256 122
256 121
256 120
256 119
256 118
255 117
255 116
255 115
255 114
255 113
255 112
255 111
254 111
254 112
254 113
255 114
254 115
254 116
254 117
254 118
253 119
254 120
253 121
254 122
253 123
253 124
253 125
252 126
252 127
251 128
250 129
249 129
248 128
247 128
247 129
247 130
247 131
247 132
247 133
246 134
246 135
247 136
246 137
247 138
246 139
247 140
246 141
247 142
246 143
245 144
245 145
244 146
243 146
242 145
242 144
242 145
241 146
242 147
242 148
241 149
242 150
242 151
242 152
242 153
242 154
242 155
241 156
242 157
241 158
242 159
241 160
240 161
239 161
238 161
237 161
237 162
237 163
238 164
238 165
238 166
238 167
238 168
238 169
238 170
238 171
238 172
239 173
239 174
238 175
237 175
236 175
235 176
235 177
236 178
236 179
236 180
236 181
236 182
237 183
236 184
237 185
237 186
237 187
237 188
237 189
236 190
235 190
235 191
235 192
236 193
236 194
236 195
236 196
236 197
236 198
237 199
237 200
237 201
238 202
238 203
238 204
237 205
237 206
237 207
237 208
238 209
238 210
238 211
238 212
237 213
236 213
235 212
234 211
234 210
233 209
233 208
232 208
231 207
231 206
231 205
231 204
230 204
229 203
229 202
228 201
229 200
228 199
227 198
227 197
226 196
225 195
225 194
224 193
224 192
223 192
222 193
221 192
221 191
220 190
219 189
218 188
218 187
217 186
218 185
217 185
216 184
216 183
215 182
215 181
214 181
213 180
214 179
213 179
212 178
211 177
210 176
210 175
209 175
208 175
207 175
206 175
205 174
204 173
204 172
203 171
202 170
202 169
201 168
200 167
199 166
198 165
197 164
196 163
196 162
195 161
194 160
193 159
192 158
191 159
190 159
189 158
188 159
187 158
186 157
185 156
184 155
183 154
183 153
182 153
181 152
181 151
180 150
180 149
179 148
178 148
177 147
176 146
175 145
175 144
174 143
173 142
172 142
171 141
171 140
170 139
169 139
168 139
167 138
167 139
166 140
165 140
164 139
163 138
162 138
161 137
161 136
160 136
159 135
158 135
157 134
157 133
156 132
155 131
154 130
154 129
153 128
152 127
151 126
150 125
149 125
148 124
148 123
147 122
146 122
145 121
144 120
143 119
143 118
142 117
141 116
140 116
139 115
139 114
138 113
137 113
136 112
135 111
134 110
133 109
132 109
131 108
130 108
129 107
129 108
129 109
128 110
127 109
126 109
125 108
124 108
123 107
122 106
121 105
120 104
119 103
118 103
117 102
116 101
115 100
114 99
113 98
112 98
111 97
110 96
109 95
109 94
108 94
107 93
106 93
105 92
104 91
104 90
103 90
102 90
101 89
100 88
99 87
99 86
98 86
97 86
96 85
96 84
95 84
94 83
94 82
93 81
92 81
91 81
90 80
89 79
88 79
87 79
