252 62
253 63
252 64
252 65
251 66
250 67
250 68
249 69
249 70
249 71
249 72
249 73
249 74
249 75
248 76
247 77
246 76
245 76
245 77
245 78
244 79
243 79
243 80
243 81
242 82
242 83
242 84
242 85
242 86
242 87
241 88
240 89
239 90
238 90
237 90
236 90
235 89
234 89
233 89
232 89
231 88
230 89
231 90
230 91
231 92
231 93
232 94
232 95
232 96
232 97
233 98
233 99
233 100
233 101
233 102
233 103
234 104
234 105
234 106
233 107
233 108
232 109
231 108
230 109
229 109
228 109
227 109
227 110
226 111
226 112
227 113
228 114
229 115
229 116
230 117
230 118
231 119
232 120
232 121
232 122
231 123
230 124
229 124
228 123
227 123
226 123
225 123
224 122
225 123
225 124
225 125
225 126
225 127
224 128
224 129
224 130
224 131
224 132
224 133
223 134
223 135
222 136
222 137
223 138
224 139
224 140
225 141
225 142
226 143
227 144
227 145
226 146
225 146
224 146
223 146
222 146
223 147
223 148
222 149
221 150
222 151
222 152
222 153
222 154
222 155
222 156
222 157
223 158
223 159
223 160
224 161
224 162
224 163
225 164
226 165
227 166
228 167
227 168
226 169
225 168
224 168
223 168
222 169
221 170
221 171
221 172
221 173
222 174
223 175
224 176
225 177
225 178
225 179
225 180
225 181
225 182
225 183
224 184
223 184
222 184
221 184
220 183
220 182
221 181
221 180
221 179
220 178
220 177
219 177
218 176
218 175
217 174
217 173
216 172
215 171
214 170
213 169
212 168
211 167
210 166
209 165
209 164
208 164
207 163
207 162
206 161
206 160
205 160
204 159
204 158
204 157
204 156
203 155
203 154
202 153
202 152
201 152
200 151
200 150
199 149
198 148
198 147
197 146
197 145
197 144
196 143
196 142
195 141
194 140
194 139
193 138
193 137
192 138
191 137
190 137
189 137
188 136
187 135
186 135
185 134
184 133
183 132
182 131
182 130
181 130
180 130
179 129
178 128
177 127
176 126
175 126
174 125
174 124
174 123
174 122
174 121
174 122
174 123
174 124
173 125
172 126
171 125
171 124
170 123
169 123
168 122
168 121
168 120
167 119
167 118
167 117
167 116
167 115
166 114
165 113
165 112
164 111
164 110
163 111
162 111
161 111
160 112
159 112
158 113
157 113
156 113
155 113
154 112
153 112
152 111
151 110
150 109
150 108
149 108
148 107
147 106
147 105
146 105
145 104
144 103
144 102
143 102
142 101
143 100
142 101
141 100
140 100
139 100
138 100
137 100
136 99
135 100
134 100
133 100
132 100
131 99
130 98
129 97
129 96
128 95
128 94
127 94
126 93
126 92
125 93
124 92
124 91
123 91
122 90
121 90
120 90
119 90
118 90
117 89
116 88
115 89
114 89
113 88
114 89
114 90
115 91
115 92
116 93
116 94
115 95
114 95
113 95
112 94
112 93
111 92
110 91
109 90
109 89
108 88
107 88
106 87
105 87
104 86
103 87
102 87
102 88
101 89
100 89
99 88
98 88
97 88
96 87
96 86
95 86
94 86
93 85
93 84
92 84
91 84
90 84
89 83
88 82
87 82
86 81
86 80
85 79
84 78
83 77
82 76
81 76
80 76
80 77
80 78
80 79
80 80
80 81
81 82
81 83
81 84
81 85
82 86
82 87
83 88
83 89
84 90
84 91
85 92
85 93
85 94
85 95
85 96
85 97
84 98
84 99
84 100
85 100
86 101
86 102
87 103
88 104
89 105
90 106
91 107
92 108
92 109
92 110
92 111
92 112
91 113
90 114
89 114
88 114
87 114
87 115
88 115
89 116
90 117
90 118
91 118
92 118
93 119
93 120
94 120
95 121
95 122
96 123
97 124
98 125
98 126
99 127
98 128
98 129
98 130
98 131
98 132
97 133
97 134
97 135
97 136
97 137
98 138
98 139
99 140
99 141
100 142
100 143
100 144
101 145
101 146
101 147
102 148
103 149
104 150
104 151
105 152
106 153
107 154
108 154
109 155
109 156
110 157
109 158
109 159
110 160
110 161
110 162
111 163
111 164
112 165
113 166
114 167
115 168
116 168
117 169
118 170
119 171
120 172
121 173
122 173
123 173
124 174
125 173
126 172
127 173
127 174
127 175
127 176
128 177
128 178
128 179
128 180
128 181
128 182
128 183
127 184
127 185
128 184
129 184
130 185
129 186
130 187
131 187
132 187
133 187
134 187
135 188
134 189
133 189
134 189
135 189
136 189
137 189
138 189
139 190
139 191
140 190
141 190
142 191
142 192
143 192
144 193
145 193
146 194
147 195
146 196
147 197
148 198
148 199
148 200
148 201
149 202
150 203
149 204
149 205
150 205
151 206
152 207
153 207
154 208
155 208
156 208
157 208
157 207
158 206
158 205
158 204
157 204
156 205
155 204
155 203
154 202
154 201
153 200
153 199
154 198
155 198
156 199
157 200
158 199
159 199
160 200
161 201
161 202
162 202
163 203
163 204
164 205
165 206
165 207
164 208
165 209
165 210
166 210
167 211
168 211
169 212
169 213
169 214
170 214
171 213
172 213
173 214
174 213
175 214
176 215
177 216
178 217
179 217
180 218
181 219
181 220
181 221
180 222
180 223
180 224
179 225
178 225
177 225
176 224
175 224
174 225
173 226
172 226
171 226
170 227
169 226
168 226
167 225
166 225
165 224
164 223
163 222
162 223
161 223
160 223
159 223
158 224
157 224
156 224
155 224
154 224
153 224
152 224
151 224
150 223
149 222
148 222
147 222
146 222
145 222
144 221
143 221
142 220
141 220
140 220
139 220
138 220
137 220
137 221
137 222
137 223
137 224
137 225
136 226
135 227
134 226
133 226
132 225
131 225
130 224
131 223
132 223
131 223
130 222
129 221
128 221
127 220
126 221
126 222
125 223
125 224
125 225
126 226
126 227
126 228
125 229
124 229
123 229
122 229
121 229
120 228
119 228
118 227
117 226
116 225
115 225
114 225
113 224
112 225
111 225
110 226
109 227
108 228
107 229
107 230
107 231
108 232
108 233
109 234
108 235
107 235
106 235
105 235
104 234
103 234
102 234
101 233
100 233
99 232
98 232
97 231
96 231
95 231
94 231
93 232
92 233
91 234
90 235
90 236
91 236
92 237
93 238
93 239
92 240
91 241
90 242
90 243
89 244
88 244
87 244
86 244
85 244
84 243
83 243
82 243
81 243
80 243
79 243
78 244
77 244
76 243
75 243
74 243
75 244
75 245
74 246
73 246
72 247
71 247
70 248
70 249
70 250
71 251
71 252
70 253
69 253
68 254
67 254
66 254
65 254
64 254
65 255
66 255
67 256
68 256
69 257
70 257
71 257
72 258
73 257
74 258
74 259
75 260
75 261
75 262
75 263
75 264
76 265
77 265
78 266
79 267
80 268
81 269
82 269
83 270
84 271
85 271
86 271
87 271
88 271
88 270
89 269
90 268
91 269
92 269
93 270
94 271
94 272
94 273
93 274
92 275
91 275
90 275
89 276
88 275
87 276
86 275
85 275
86 275
87 276
88 276
89 276
90 276
91 275
92 275
93 275
94 275
95 275
96 275
97 275
98 275
99 275
100 275
101 275
102 275
103 275
104 275
105 275
106 275
107 275
108 276
108 277
108 278
107 279
107 280
108 281
109 281
110 280
111 280
112 280
113 280
114 280
115 280
116 280
117 280
118 281
119 281
120 282
121 282
122 282
123 282
124 282
125 283
126 284
126 285
126 286
127 285
128 284
129 284
130 284
131 283
132 283
133 283
134 284
135 284
136 284
137 284
138 284
139 285
140 285
141 284
142 284
143 285
144 285
145 286
146 287
146 288
147 288
148 288
149 289
150 288
151 288
152 287
153 286
154 285
155 285
156 285
157 284
158 285
159 286
160 287
161 286
162 287
163 288
162 287
162 286
161 285
160 284
161 283
162 282
163 282
164 282
165 281
166 281
167 282
168 282
169 283
170 284
171 284
172 284
173 284
174 284
175 284
176 284
177 283
178 283
178 282
179 281
179 280
179 279
180 278
181 279
182 280
182 281
183 282
183 283
184 284
184 285
184 286
183 287
182 287
181 287
180 287
179 288
178 288
177 289
176 289
175 289
174 289
175 290
174 291
173 292
173 293
172 294
172 295
171 296
170 297
169 297
168 298
167 297
166 297
165 296
164 296
163 295
162 295
161 294
160 294
159 294
158 294
157 293
156 294
157 295
156 296
157 297
157 298
157 299
158 300
158 301
158 302
158 303
158 304
157 305
156 306
155 306
154 306
153 306
152 306
151 305
150 305
149 304
149 305
150 306
149 307
148 308
148 309
148 310
148 311
148 312
147 313
147 314
146 315
145 315
144 315
143 315
142 315
141 314
140 314
139 314
138 314
137 313
137 314
136 315
136 316
136 317
136 318
136 319
137 320
136 321
136 322
136 323
136 324
135 325
134 325
133 325
132 325
131 325
130 324
129 323
128 323
127 324
127 325
127 326
128 327
128 328
128 329
128 330
127 331
126 332
126 333
126 334
125 335
124 335
125 336
125 337
124 338
123 338
122 337
121 337
120 336
119 335
118 335
117 335
116 334
117 335
118 336
117 337
117 338
117 339
116 340
116 341
116 342
116 343
115 344
115 345
115 346
115 347
115 348
114 349
113 349
114 350
115 351
115 352
114 353
113 353
112 353
111 353
110 353
109 353
108 354
108 355
107 356
108 357
108 358
107 359
108 360
108 361
107 362
106 362
105 363
104 363
103 363
102 363
101 363
100 363
99 364
98 364
98 365
98 366
98 367
98 368
99 369
99 370
99 371
100 372
99 373
100 373
101 374
100 375
100 376
99 377
98 377
97 378
96 378
95 379
96 380
95 381
96 382
95 383
94 384
93 385
94 386
94 387
93 388
92 388
92 389
91 390
90 389
90 390
89 391
89 392
88 393
88 394
87 395
86 396
86 397
87 398
88 399
88 400
89 401
89 402
89 403
90 404
90 405
90 406
90 407
89 408
88 409
87 409
86 410
85 409
84 410
83 410
82 410
82 411
81 412
80 413
81 414
80 415
79 416
79 417
79 418
78 419
78 420
78 421
78 422
78 423
78 424
79 425
80 425
81 426
81 427
82 428
83 429
84 430
85 431
85 432
86 433
87 434
86 433
87 432
88 432
88 431
89 430
89 429
90 428
91 427
91 426
92 425
93 424
94 424
95 423
96 423
97 423
98 424
99 423
100 424
101 424
102 424
103 425
104 424
105 423
106 423
107 422
108 421
109 420
110 419
111 419
112 419
113 419
114 420
115 420
116 421
117 422
118 423
119 423
120 423
121 422
121 421
121 420
121 419
122 418
122 417
122 416
123 415
124 414
125 413
126 413
127 413
128 413
128 412
129 411
130 411
131 410
132 409
133 410
134 411
135 410
136 410
137 410
138 410
139 410
140 410
141 411
142 411
143 411
144 411
145 410
145 409
145 408
145 407
145 406
145 405
145 404
145 403
146 402
147 403
147 402
148 401
149 402
150 401
151 402
152 402
153 402
154 403
155 403
156 402
157 401
156 400
156 399
156 398
155 397
155 396
154 395
154 394
154 393
155 392
156 392
157 392
158 392
159 392
160 392
161 392
162 392
163 393
164 393
165 394
166 394
167 394
168 394
169 394
170 393
170 392
171 391
171 390
171 389
170 388
171 387
172 386
171 385
171 384
172 383
173 383
174 383
175 383
176 383
177 383
178 383
179 382
179 381
179 380
179 379
178 378
178 377
178 376
177 375
178 374
179 374
180 375
181 376
180 375
181 374
182 374
183 374
184 374
185 374
186 374
187 374
188 374
189 374
190 374
191 374
192 373
193 373
193 372
194 371
194 370
193 369
194 368
193 367
193 366
193 365
192 364
193 363
194 362
195 361
196 360
197 360
198 360
199 360
200 359
201 358
202 357
203 358
204 359
204 358
203 357
203 356
202 355
203 354
203 353
203 352
204 351
205 351
206 350
207 350
208 349
209 349
210 349
211 349
212 349
212 348
212 347
212 346
213 345
213 344
213 343
213 342
214 341
214 340
213 339
214 338
213 337
213 336
212 335
212 334
212 333
212 332
212 331
213 330
214 329
215 329
216 330
217 330
218 330
219 330
220 330
221 329
222 328
223 327
224 327
225 328
225 329
225 330
225 331
225 332
224 333
223 334
223 335
223 336
222 337
221 336
222 337
223 338
224 339
225 340
226 341
227 342
227 343
226 344
226 345
225 346
224 346
223 347
223 348
222 349
222 350
222 351
222 352
222 353
222 354
222 355
222 356
222 357
222 358
221 359
221 360
220 361
221 361
222 361
223 361
224 362
225 363
225 364
224 365
223 366
222 366
222 367
222 368
221 369
221 370
222 371
222 372
223 373
223 374
223 375
224 376
224 377
224 378
224 379
224 380
223 381
222 382
221 383
222 383
223 383
224 383
225 384
226 385
226 386
226 387
226 388
227 389
227 390
228 391
228 392
228 393
229 394
228 395
228 396
228 397
228 398
229 399
229 400
229 401
230 401
231 400
232 400
233 401
234 402
234 403
235 404
234 405
233 406
233 407
232 408
231 409
232 410
232 411
232 412
233 413
233 414
234 415
235 416
236 415
237 416
238 416
239 417
240 418
241 419
242 420
243 421
243 422
243 423
244 424
243 425
243 426
243 427
242 428
242 429
243 430
243 431
243 432
243 433
242 434
243 434
244 433
245 433
246 433
247 433
248 432
249 433
250 433
251 433
252 434
252 435
253 436
252 437
251 438
250 439
250 440
250 441
251 442
252 443
253 444
254 445
255 445
256 446
256 447
257 448
258 449
259 450
258 449
258 448
257 447
257 446
256 445
255 444
255 443
254 442
254 441
254 440
254 439
255 438
256 437
257 436
258 436
259 436
260 436
261 436
262 436
263 436
264 435
265 434
266 434
267 435
268 436
267 435
267 434
266 433
265 432
265 431
265 430
265 429
265 428
265 427
266 426
266 425
266 424
266 423
267 422
268 423
269 422
270 423
271 422
272 421
272 420
272 419
273 418
274 419
274 420
274 419
274 418
275 417
275 416
275 415
275 414
275 413
274 412
274 411
274 410
274 409
274 408
274 407
274 406
275 405
275 404
276 403
276 402
277 401
278 401
279 401
280 400
281 401
282 401
281 400
281 399
280 398
280 397
280 396
280 395
281 394
282 394
282 393
283 392
283 391
284 390
284 389
284 388
284 387
283 386
283 385
283 384
282 383
283 382
284 382
285 382
284 381
283 380
283 379
282 378
281 377
281 376
281 375
281 374
280 373
281 372
281 371
282 370
283 370
284 370
285 370
286 370
287 369
286 368
285 367
284 366
283 365
283 364
282 363
282 362
283 361
284 360
285 360
286 359
287 360
288 360
289 359
288 358
289 357
288 356
287 355
287 354
286 353
285 352
284 351
283 350
282 349
283 348
283 347
283 346
283 345
284 344
284 343
285 342
285 341
286 340
287 339
287 338
286 337
285 336
285 335
284 334
283 333
282 332
282 331
281 330
281 329
282 328
283 328
284 329
285 330
286 331
287 332
288 333
289 333
290 332
291 333
292 334
293 335
294 336
295 337
295 338
296 339
296 340
296 341
297 342
297 343
298 344
298 345
299 346
299 347
300 348
300 349
301 350
301 351
301 352
302 353
302 354
302 355
303 356
303 357
304 358
305 359
305 360
306 360
307 360
308 361
309 362
310 363
311 364
312 365
313 366
314 367
314 368
315 368
316 369
317 370
317 371
318 371
319 372
320 373
320 374
321 375
322 376
322 377
322 378
323 379
324 380
324 381
324 382
325 381
325 380
325 379
326 378
326 377
326 376
327 375
328 375
329 376
330 376
331 377
332 378
333 379
333 380
334 381
335 382
335 383
335 384
336 384
337 385
337 386
336 387
337 387
338 386
339 387
339 388
340 389
341 389
342 390
341 391
342 391
343 392
343 393
344 394
344 395
345 396
345 397
345 398
345 399
346 400
347 400
348 401
349 401
350 402
351 402
352 402
353 401
353 400
353 399
352 398
352 397
352 396
352 395
352 394
353 393
354 393
355 393
356 394
357 395
358 396
359 397
359 398
360 398
361 399
362 400
362 401
363 402
364 403
365 404
365 405
366 406
366 407
366 408
367 408
368 409
368 410
369 409
370 410
371 410
372 410
373 410
374 409
375 410
376 411
377 411
378 412
379 412
380 413
381 413
382 414
383 414
384 414
385 414
386 414
387 415
388 415
389 416
390 417
391 417
392 418
393 419
394 420
395 421
396 422
397 422
398 423
399 423
400 422
401 422
402 422
403 422
404 421
405 421
406 421
407 421
408 421
409 421
410 421
411 421
412 422
413 423
414 423
415 424
416 425
417 426
418 427
418 428
419 429
419 430
418 431
419 432
420 433
420 434
421 433
422 434
422 435
423 434
423 433
423 432
424 431
424 430
425 429
426 428
427 427
428 428
429 428
430 428
431 428
432 428
433 428
433 427
434 426
433 425
434 424
435 423
435 422
435 421
435 420
434 419
433 418
432 417
431 416
430 416
429 415
429 414
428 414
427 413
427 412
426 412
425 411
424 410
423 409
423 408
422 407
421 406
421 405
420 404
420 403
420 402
420 401
420 400
421 399
422 398
423 398
424 397
424 396
424 395
424 394
424 393
423 392
423 391
422 390
421 389
421 388
420 388
419 387
418 387
417 387
416 387
415 387
414 386
414 385
413 386
412 385
411 384
411 383
410 382
409 382
408 381
407 380
407 379
408 378
407 377
408 376
409 376
410 375
411 375
412 375
413 374
414 374
415 374
415 373
414 372
413 371
413 370
412 369
411 369
410 368
410 367
409 367
408 366
407 366
406 365
406 364
405 363
404 363
403 362
403 361
402 360
402 359
401 359
400 358
400 357
399 356
399 355
399 354
398 353
398 352
397 351
397 350
397 349
398 348
397 347
397 346
396 345
396 344
395 343
394 342
394 341
393 340
392 339
392 338
391 337
390 338
389 337
389 336
388 336
387 337
386 337
385 336
384 335
383 334
382 333
381 332
380 331
380 330
379 329
379 328
378 327
378 326
377 325
377 324
376 323
376 322
376 321
376 320
375 319
376 318
375 318
374 317
374 316
373 316
372 316
371 315
371 314
370 315
369 315
368 314
369 313
368 314
367 314
366 314
365 313
364 313
363 312
363 311
363 310
362 309
362 308
361 307
361 306
361 305
360 304
360 303
360 302
359 301
358 300
357 299
357 298
356 297
355 297
354 297
353 296
353 297
352 298
351 297
352 298
352 299
352 300
353 301
354 302
354 303
354 304
355 305
354 306
353 306
352 306
351 306
350 306
349 305
348 304
348 303
347 303
346 302
345 301
345 300
346 299
345 299
344 298
343 297
343 296
343 295
343 294
342 295
341 295
340 294
341 293
340 292
339 292
338 293
337 292
337 291
336 292
335 292
334 292
333 292
332 292
331 291
330 290
330 289
329 288
328 288
327 288
326 288
325 287
324 286
324 285
324 284
325 283
326 282
326 281
327 280
327 279
328 278
329 279
330 279
331 280
332 281
333 282
334 283
335 284
336 285
337 285
338 285
339 284
340 284
341 285
342 285
343 285
344 286
345 287
346 287
347 286
348 286
349 285
349 284
350 283
351 284
352 284
353 284
354 285
354 286
355 286
356 287
357 287
358 288
358 289
358 290
359 290
360 290
361 291
362 291
363 291
364 291
364 290
363 289
362 288
361 287
361 286
362 285
363 286
363 285
363 284
363 283
364 282
365 282
366 282
367 283
368 284
369 284
370 284
371 285
372 285
373 285
374 285
375 284
376 284
377 283
378 283
379 283
380 283
381 284
382 284
383 285
383 284
382 283
382 282
381 281
381 280
382 279
383 280
384 281
385 282
386 283
387 283
388 283
389 283
390 283
391 283
392 283
393 283
394 283
395 284
395 285
395 284
396 283
396 282
397 281
398 281
399 280
400 280
401 280
401 279
401 278
402 277
403 276
404 276
405 275
406 275
407 275
408 275
409 274
410 274
411 274
412 275
413 275
414 276
415 276
416 277
417 277
418 278
419 277
419 276
419 275
419 274
418 273
418 272
417 271
417 270
418 269
418 268
419 267
420 266
421 266
422 266
423 266
424 266
425 267
426 268
427 268
428 269
429 270
430 270
431 271
432 271
433 271
434 271
433 270
434 269
434 268
434 267
433 266
432 265
432 264
432 263
432 262
433 261
433 260
434 259
435 259
436 259
437 259
438 259
439 260
440 259
441 259
442 259
443 258
442 257
443 256
443 255
442 254
442 253
442 252
442 251
443 250
444 249
445 250
446 250
447 251
448 252
449 252
450 253
449 252
448 251
447 251
446 250
445 249
444 249
443 248
442 248
441 248
440 248
440 249
439 250
440 251
439 252
439 253
438 254
437 254
436 253
435 252
434 251
434 250
433 249
433 248
434 247
435 247
436 246
436 245
437 244
436 245
435 245
434 245
433 245
432 245
431 244
430 244
429 243
428 243
427 243
426 243
425 243
424 243
423 242
422 242
421 241
420 240
419 240
418 239
417 239
416 238
415 238
414 237
413 236
412 235
413 234
414 234
415 234
416 235
417 235
418 236
419 237
418 236
417 235
417 234
416 233
415 232
414 231
413 231
412 230
412 231
412 232
411 233
411 234
410 235
409 235
408 235
407 236
406 235
405 235
404 235
403 234
402 234
401 233
401 232
400 231
401 230
400 229
399 228
398 227
397 226
396 227
395 226
395 225
394 225
393 224
392 223
391 222
390 221
389 220
388 219
387 219
386 219
385 218
384 219
383 219
383 220
382 221
382 222
382 223
382 224
382 225
383 226
383 227
384 228
384 229
383 230
382 230
381 230
380 229
380 228
379 227
379 226
378 225
379 224
379 223
378 222
377 223
376 222
376 221
375 220
375 221
374 222
374 223
374 224
373 225
372 225
371 226
370 227
369 227
368 227
367 226
366 226
365 225
364 224
363 223
362 223
361 222
361 221
360 220
360 219
359 220
359 221
358 222
357 222
356 223
355 223
354 223
353 224
352 224
351 224
350 225
349 224
348 224
347 224
346 223
345 223
344 222
343 222
342 222
341 221
340 221
339 220
338 220
337 220
336 219
335 219
336 220
335 221
336 222
336 223
336 224
335 225
336 226
335 227
334 227
333 228
332 228
331 228
330 227
329 226
328 225
327 224
326 225
325 225
324 225
323 224
323 223
322 222
323 221
324 221
325 221
326 221
327 221
328 222
329 221
330 222
331 221
331 220
331 219
331 218
332 217
332 216
331 215
332 214
333 214
334 213
335 213
336 212
337 212
338 213
339 213
340 214
341 214
342 214
343 214
344 214
344 213
344 212
343 211
343 210
343 209
344 208
345 208
346 207
347 206
348 207
349 206
350 207
351 208
352 208
353 208
354 208
355 207
356 207
356 206
356 205
356 204
356 203
356 202
355 201
355 200
355 199
355 198
355 197
355 196
354 195
355 194
356 193
357 193
358 194
359 194
360 195
361 195
362 195
363 196
364 197
365 197
366 197
367 197
368 196
368 195
369 194
369 193
369 192
369 191
370 190
371 189
371 188
372 187
373 188
374 188
375 187
376 187
377 187
378 187
379 186
379 185
379 184
379 183
379 182
379 181
379 180
379 179
378 178
378 177
377 176
377 175
377 174
378 173
379 174
380 174
381 174
382 175
383 175
384 175
385 175
386 175
387 175
388 174
389 174
390 174
390 173
390 172
391 171
390 170
390 169
390 168
390 167
390 166
391 165
392 165
393 164
394 163
395 163
396 163
397 162
398 162
399 162
400 162
399 161
399 160
398 159
398 158
397 157
396 156
396 155
396 154
395 153
396 152
397 151
398 151
399 151
400 151
401 151
402 151
403 150
404 149
405 148
405 147
405 146
406 145
407 145
408 144
409 144
410 143
411 142
411 141
411 140
410 139
410 138
409 137
408 137
407 136
407 135
407 134
407 133
407 132
407 131
408 130
408 129
409 128
410 128
411 128
412 127
413 128
414 128
415 128
416 128
417 128
418 128
418 127
418 126
418 125
418 124
418 123
417 122
417 121
417 120
417 119
418 118
418 117
419 116
420 116
421 115
421 114
422 113
421 112
420 111
419 110
419 109
420 108
420 107
421 106
422 105
423 104
424 103
425 102
425 101
426 100
425 99
426 98
426 97
426 96
426 95
426 94
426 93
425 92
426 91
426 90
426 89
426 88
427 87
428 86
429 86
430 86
431 86
432 86
433 86
434 86
433 85
433 84
432 83
431 82
430 81
430 80
430 79
429 78
428 77
427 76
426 76
425 75
424 74
423 75
422 74
421 75
421 76
421 77
421 78
422 79
422 80
421 81
420 82
419 83
418 83
417 83
416 83
415 83
414 82
413 82
412 82
411 82
410 82
409 83
408 83
407 84
406 85
407 86
407 87
408 88
409 89
410 90
410 91
410 92
409 93
408 92
407 92
406 91
405 90
404 90
403 89
402 90
401 90
400 91
399 91
398 92
397 91
396 91
395 90
394 90
393 90
392 90
391 90
390 91
389 91
388 91
387 91
386 92
385 93
384 94
384 95
384 96
383 97
382 97
381 97
380 97
379 97
378 98
377 98
376 98
375 99
375 100
374 101
373 101
372 102
371 102
370 101
369 101
368 102
367 102
366 101
365 101
364 101
363 100
362 99
361 99
360 98
359 97
358 97
357 98
357 99
357 100
358 101
359 102
359 103
360 104
360 105
361 106
360 107
360 108
359 109
358 110
357 111
356 112
355 112
354 112
353 112
352 112
351 112
350 112
349 111
348 111
347 110
347 109
346 110
346 111
346 112
346 113
346 114
346 115
345 116
344 116
343 117
342 117
341 117
340 116
339 116
338 116
337 116
336 116
335 117
335 118
335 119
336 120
336 121
336 122
336 123
336 124
336 125
336 126
336 127
335 128
335 129
334 130
333 130
332 131
331 131
330 130
329 129
328 129
327 129
326 128
325 129
324 129
324 130
324 131
323 132
322 133
322 134
321 135
320 135
319 134
318 135
317 135
316 134
315 134
314 134
313 135
313 136
313 137
314 138
314 139
314 140
314 141
315 142
315 143
314 144
314 145
313 146
313 147
313 148
313 149
313 150
312 151
311 151
310 152
309 152
308 152
307 152
306 153
305 154
304 153
303 153
302 152
301 153
301 154
300 155
299 154
299 155
299 156
300 157
301 158
301 159
302 160
301 161
300 161
300 162
299 163
298 163
297 163
296 164
295 165
294 166
293 166
292 167
293 168
293 169
294 170
294 171
295 172
295 173
294 174
295 175
294 176
293 176
292 176
291 176
290 177
289 177
288 177
287 177
286 177
285 177
284 178
283 177
283 178
284 179
283 180
282 180
281 179
280 178
279 177
279 176
279 175
280 174
281 174
281 173
282 172
283 171
284 170
285 171
284 170
283 169
283 168
282 167
282 166
282 165
281 164
281 163
282 162
283 161
284 161
285 161
286 161
287 160
288 159
288 158
288 157
287 156
286 155
286 154
285 153
285 152
285 151
284 150
285 149
284 149
283 148
284 147
284 146
284 145
285 144
285 143
286 142
286 141
286 140
286 139
285 138
285 137
285 136
285 135
286 134
286 133
287 132
287 131
288 130
288 129
288 128
289 127
289 126
289 125
289 124
289 123
289 122
289 121
288 120
288 119
287 118
286 118
285 117
284 118
283 118
282 118
281 118
280 117
279 116
278 115
278 114
279 113
280 112
281 111
282 111
283 110
284 110
285 110
285 109
285 108
284 107
283 107
282 108
281 108
280 108
279 109
278 109
277 109
276 109
275 108
275 107
275 106
274 105
274 104
273 103
273 102
272 101
272 100
272 99
273 98
273 97
273 96
274 95
274 94
274 93
274 92
274 91
273 90
272 89
271 89
270 89
269 89
268 88
268 87
267 87
266 86
266 85
266 84
265 83
265 82
265 81
265 80
265 79
265 78
265 77
265 76
265 75
264 74
264 73
263 73
262 74
261 73
260 73
259 72
258 71
257 71
256 70
256 69
255 68
255 67
254 66
254 65
254 64
254 63
253 62
