334 14
333 15
332 16
331 17
330 18
329 19
328 19
327 20
326 21
325 22
324 23
323 24
322 25
321 26
320 27
319 28
318 29
317 30
316 31
315 32
314 33
313 34
312 35
311 36
310 37
309 38
309 39
308 40
307 41
306 42
305 43
304 44
303 45
302 46
301 47
300 48
299 49
298 50
298 51
297 52
296 53
296 54
295 55
294 56
293 57
292 58
292 59
291 60
290 61
290 62
289 63
288 64
287 65
286 66
286 67
286 68
285 69
284 70
283 71
283 72
282 73
282 74
281 75
280 76
280 77
279 78
278 79
278 80
277 81
277 82
276 83
275 84
275 85
275 86
274 87
273 88
273 89
272 90
271 91
271 92
271 93
270 94
270 95
269 96
269 97
268 98
268 99
267 100
267 101
267 102
266 103
266 104
265 105
264 106
264 107
264 108
263 109
263 110
262 111
262 112
262 113
261 114
261 115
260 116
260 117
260 118
259 119
259 120
259 121
259 122
258 123
258 124
257 125
257 126
257 127
256 128
255 129
254 129
253 129
252 129
251 129
250 129
249 129
248 129
247 129
246 129
245 129
244 130
243 130
242 130
241 130
240 130
239 130
238 130
237 130
236 131
235 131
234 131
233 131
232 131
231 131
230 132
229 132
228 132
227 132
226 133
225 133
224 133
223 133
222 134
221 134
220 134
219 134
218 135
217 135
216 135
215 135
214 135
213 134
212 133
212 132
211 131
210 130
209 129
208 128
207 127
207 126
206 125
205 124
205 123
204 122
203 121
202 120
202 119
201 118
200 117
199 116
198 115
197 114
196 113
195 112
194 111
193 110
192 109
192 108
191 107
190 106
189 105
188 104
187 103
186 102
185 102
184 101
183 100
182 99
181 98
180 97
179 96
178 95
177 95
176 94
175 93
174 92
173 91
172 90
171 90
170 89
169 88
168 87
167 86
166 85
165 84
164 84
163 84
162 83
161 82
160 81
159 80
158 79
157 79
156 79
155 78
154 77
153 76
152 75
151 75
150 75
149 74
148 73
147 72
146 71
145 71
144 71
143 70
142 69
141 68
140 68
139 68
138 67
137 66
136 66
135 65
134 65
133 64
132 63
131 63
130 62
129 62
128 61
127 61
126 60
125 60
124 59
123 59
122 58
121 58
120 57
119 57
118 56
117 56
116 56
115 55
114 54
113 54
112 54
111 53
110 52
109 52
108 52
107 51
106 51
105 51
104 52
103 52
102 53
101 54
100 55
99 56
98 56
97 57
96 57
95 58
95 59
94 60
93 60
92 61
91 62
90 63
89 64
88 64
87 65
86 66
85 67
84 68
83 69
82 70
81 71
80 72
79 73
78 73
77 74
77 75
76 76
75 77
74 77
73 78
73 79
72 80
71 81
70 82
69 83
68 84
67 85
66 86
65 87
64 88
64 89
63 90
62 91
61 92
60 93
60 94
59 95
58 95
57 96
57 97
56 98
56 99
55 100
54 101
53 102
52 103
52 104
51 105
51 106
51 107
52 108
52 109
52 110
53 111
54 112
54 113
54 114
55 115
56 116
56 117
56 118
57 119
57 120
58 121
58 122
59 123
59 124
60 125
60 126
61 127
61 128
62 129
62 130
63 131
63 132
64 133
65 134
65 135
66 136
66 137
67 138
68 139
68 140
68 141
69 142
70 143
71 144
71 145
71 146
72 147
73 148
74 149
75 150
75 151
75 152
76 153
77 154
78 155
79 156
79 157
79 158
80 159
81 160
82 161
83 162
84 163
84 164
84 165
85 166
86 167
87 168
88 169
89 170
90 171
90 172
91 173
92 174
93 175
94 176
95 177
95 178
96 179
97 180
98 181
99 182
100 183
101 184
102 185
102 186
103 187
104 188
105 189
106 190
107 191
108 192
109 192
110 193
111 194
112 195
113 196
114 197
115 198
116 199
117 200
118 201
119 202
120 202
121 203
122 204
123 205
124 205
125 206
126 207
127 207
128 208
129 209
130 210
131 211
132 212
133 212
134 213
135 214
135 215
135 216
135 217
135 218
134 219
134 220
134 221
134 222
133 223
133 224
133 225
133 226
132 227
132 228
132 229
132 230
131 231
131 232
131 233
131 234
131 235
131 236
130 237
130 238
130 239
130 240
130 241
130 242
130 243
130 244
129 245
129 246
129 247
129 248
129 249
129 250
129 251
129 252
129 253
129 254
129 255
129 256
128 257
127 257
126 257
125 257
124 258
123 258
122 259
121 259
120 259
119 260
118 260
117 260
116 260
115 261
114 261
113 262
112 262
111 262
110 263
109 263
108 264
107 264
106 264
105 265
104 266
103 266
102 267
101 267
100 267
99 268
98 268
97 269
96 269
95 270
94 270
93 271
92 271
91 271
90 272
89 273
88 273
87 274
86 275
85 275
84 275
83 276
82 277
81 277
80 278
79 278
78 279
77 280
76 280
75 281
74 282
73 282
72 283
71 283
70 284
69 285
68 286
67 286
66 286
65 287
64 288
63 289
62 290
61 290
60 291
59 292
58 292
57 293
56 294
55 295
54 296
53 296
52 297
51 298
50 298
49 299
48 300
47 301
46 302
45 303
44 304
43 305
42 306
41 307
40 308
39 309
38 309
37 310
36 311
35 312
34 313
33 314
32 315
31 316
30 317
29 318
28 319
27 320
26 321
25 322
24 323
23 324
22 325
21 326
20 327
19 328
19 329
18 330
17 331
16 332
15 333
14 334
15 335
15 336
16 337
16 338
16 339
17 340
17 341
17 342
18 343
18 344
19 345
19 346
19 347
20 348
20 349
21 350
21 351
21 352
22 353
22 354
22 355
23 356
23 357
24 358
24 359
25 360
25 361
26 362
26 363
27 364
27 365
28 366
28 367
29 368
29 369
30 370
30 371
31 372
31 373
32 374
32 375
33 376
33 377
34 378
35 379
35 380
36 381
36 382
37 383
37 384
38 385
39 386
39 387
40 388
41 389
41 390
42 391
42 392
43 393
44 394
44 395
45 396
46 397
46 398
47 399
48 400
49 401
49 402
50 402
51 402
52 402
53 402
54 402
55 402
56 402
57 402
58 401
59 401
60 401
61 401
62 401
63 401
64 401
65 401
66 400
67 400
68 400
69 400
70 400
71 400
72 400
73 400
74 399
75 399
76 399
77 399
78 399
79 399
80 398
81 398
82 398
83 398
84 397
85 397
86 397
87 397
88 396
89 396
90 396
91 396
92 396
93 396
94 395
95 395
96 395
97 394
98 394
99 394
100 394
101 393
102 393
103 393
104 393
105 392
106 392
107 392
108 391
109 391
110 390
111 390
112 390
113 390
114 389
115 389
116 389
117 388
118 388
119 388
120 387
121 387
122 386
123 386
124 386
125 385
126 385
127 384
128 384
129 384
130 383
131 383
132 383
133 382
134 382
135 381
136 380
137 380
138 380
139 379
140 379
141 378
142 378
143 377
144 377
145 376
146 376
147 376
148 375
149 374
150 374
151 373
152 372
153 372
154 372
155 371
156 370
157 370
158 369
159 369
160 368
161 368
162 367
163 366
164 366
165 365
166 364
167 364
168 363
169 363
170 362
171 361
172 360
173 360
174 359
175 358
176 357
177 356
178 356
179 356
180 356
181 356
182 356
183 357
184 358
185 359
186 359
187 360
188 360
189 361
190 362
191 362
192 363
193 363
194 364
195 365
196 365
197 366
198 366
199 367
200 367
201 368
202 368
203 369
204 369
205 370
206 370
207 370
208 371
209 371
210 371
211 372
212 372
213 373
214 373
215 373
216 374
217 375
217 376
217 377
217 378
217 379
217 380
217 381
217 382
217 383
217 384
217 385
217 386
217 387
217 388
217 389
217 390
218 391
218 392
218 393
218 394
218 395
218 396
218 397
218 398
218 399
218 400
218 401
218 402
219 403
219 404
219 405
219 406
219 407
219 408
219 409
219 410
220 411
220 412
220 413
220 414
220 415
220 416
221 417
221 418
221 419
221 420
221 421
222 422
222 423
222 424
222 425
222 426
223 427
223 428
223 429
223 430
223 431
224 432
224 433
224 434
224 435
225 436
225 437
225 438
225 439
226 440
226 441
227 442
227 443
227 444
227 445
228 446
228 447
228 448
229 449
229 450
229 451
230 452
230 453
230 454
230 455
231 456
231 457
231 458
232 459
232 460
233 461
233 462
233 463
234 464
234 465
234 466
235 467
236 468
236 469
236 470
237 471
237 472
238 473
238 474
238 475
239 476
240 477
240 478
240 479
241 480
241 481
241 482
242 483
243 484
243 485
244 486
244 487
245 488
245 489
246 490
246 491
247 492
247 493
248 494
248 495
249 496
250 497
250 498
250 499
251 500
252 501
253 502
253 503
253 504
254 505
255 506
256 507
257 507
258 507
259 507
260 507
261 507
262 507
263 507
264 507
265 507
266 507
267 507
268 507
269 507
270 507
271 507
272 507
273 507
274 507
275 507
276 507
277 506
278 506
279 506
280 506
281 506
282 506
283 506
284 506
285 505
286 505
287 505
288 505
289 505
290 505
291 505
292 505
293 504
294 504
295 504
296 504
297 504
298 504
299 503
300 503
301 503
302 503
303 503
304 502
305 502
306 502
307 502
308 502
309 501
310 501
311 501
312 501
313 500
314 500
315 500
316 500
317 499
318 499
319 499
320 499
321 498
322 498
323 498
324 498
325 497
326 497
327 497
328 496
329 496
330 496
331 496
332 495
332 494
332 493
332 492
333 491
333 490
333 489
333 488
333 487
334 486
334 485
334 484
334 483
335 482
335 481
335 480
335 479
335 478
335 477
336 476
336 475
336 474
336 473
336 472
336 471
337 470
337 469
337 468
337 467
337 466
337 465
337 464
338 463
338 462
338 461
338 460
338 459
338 458
338 457
338 456
338 455
338 454
339 453
339 452
339 451
339 450
339 449
339 448
339 447
339 446
339 445
339 444
339 443
339 442
339 441
339 440
339 439
339 438
339 437
339 436
339 435
339 434
339 433
339 432
339 431
339 430
339 429
339 428
339 427
339 426
339 425
339 424
339 423
339 422
339 421
339 420
339 419
339 418
339 417
339 416
339 415
339 414
339 413
338 412
338 411
338 410
338 409
338 408
338 407
338 406
338 405
338 404
338 403
337 402
337 401
337 400
337 399
337 398
337 397
337 396
336 395
336 394
336 393
336 392
336 391
336 390
335 389
335 388
335 387
335 386
334 385
334 384
334 383
334 382
334 381
334 380
333 379
333 378
333 377
333 376
332 375
332 374
332 373
332 372
331 371
331 370
331 369
330 368
330 367
330 366
329 365
329 364
329 363
329 362
328 361
328 360
327 359
327 358
327 357
328 356
329 355
330 354
331 353
332 353
333 352
334 351
335 350
336 349
337 349
338 348
339 347
340 346
341 345
342 344
343 343
344 342
345 341
346 340
347 339
348 338
349 337
349 336
350 335
351 334
352 333
353 332
353 331
354 330
355 329
356 328
357 327
358 327
359 327
360 328
361 328
362 329
363 329
364 329
365 329
366 330
367 330
368 330
369 331
370 331
371 331
372 332
373 332
374 332
375 332
376 333
377 333
378 333
379 333
380 334
381 334
382 334
383 334
384 334
385 334
386 335
387 335
388 335
389 335
390 336
391 336
392 336
393 336
394 336
395 336
396 337
397 337
398 337
399 337
400 337
401 337
402 337
403 338
404 338
405 338
406 338
407 338
408 338
409 338
410 338
411 338
412 338
413 339
414 339
415 339
416 339
417 339
418 339
419 339
420 339
421 339
422 339
423 339
424 339
425 339
426 339
427 339
428 339
429 339
430 339
431 339
432 339
433 339
434 339
435 339
436 339
437 339
438 339
439 339
440 339
441 339
442 339
443 339
444 339
445 339
446 339
447 339
448 339
449 339
450 339
451 339
452 339
453 339
454 338
455 338
456 338
457 338
458 338
459 338
460 338
461 338
462 338
463 338
464 337
465 337
466 337
467 337
468 337
469 337
470 337
471 336
472 336
473 336
474 336
475 336
476 336
477 335
478 335
479 335
480 335
481 335
482 335
483 334
484 334
485 334
486 334
487 333
488 333
489 333
490 333
491 333
492 332
493 332
494 332
495 332
496 331
496 330
496 329
496 328
497 327
497 326
497 325
498 324
498 323
498 322
498 321
499 320
499 319
499 318
499 317
500 316
500 315
500 314
500 313
501 312
501 311
501 310
501 309
502 308
502 307
502 306
502 305
502 304
503 303
503 302
503 301
503 300
503 299
504 298
504 297
504 296
504 295
504 294
504 293
505 292
505 291
505 290
505 289
505 288
505 287
505 286
505 285
506 284
506 283
506 282
506 281
506 280
506 279
506 278
506 277
507 276
507 275
507 274
507 273
507 272
507 271
507 270
507 269
507 268
507 267
507 266
507 265
507 264
507 263
507 262
507 261
507 260
507 259
507 258
507 257
507 256
506 255
505 254
504 253
503 253
502 253
501 252
500 251
499 250
498 250
497 250
496 249
495 248
494 248
493 247
492 247
491 246
490 246
489 245
488 245
487 244
486 244
485 243
484 243
483 242
482 241
481 241
480 241
479 240
478 240
477 240
476 239
475 238
474 238
473 238
472 237
471 237
470 236
469 236
468 236
467 235
466 234
465 234
464 234
463 233
462 233
461 233
460 232
459 232
458 231
457 231
456 231
455 230
454 230
453 230
452 230
451 229
450 229
449 229
448 228
447 228
446 228
445 227
444 227
443 227
442 227
441 226
440 226
439 225
438 225
437 225
436 225
435 224
434 224
433 224
432 224
431 223
430 223
429 223
428 223
427 223
426 222
425 222
424 222
423 222
422 222
421 221
420 221
419 221
418 221
417 221
416 220
415 220
414 220
413 220
412 220
411 220
410 219
409 219
408 219
407 219
406 219
405 219
404 219
403 219
402 218
401 218
400 218
399 218
398 218
397 218
396 218
395 218
394 218
393 218
392 218
391 218
390 217
389 217
388 217
387 217
386 217
385 217
384 217
383 217
382 217
381 217
380 217
379 217
378 217
377 217
376 217
375 217
374 216
373 215
373 214
373 213
372 212
372 211
371 210
371 209
371 208
370 207
370 206
370 205
369 204
369 203
368 202
368 201
367 200
367 199
366 198
366 197
365 196
365 195
364 194
363 193
363 192
362 191
362 190
361 189
360 188
360 187
359 186
359 185
358 184
357 183
356 182
356 181
356 180
356 179
356 178
356 177
357 176
358 175
359 174
360 173
360 172
361 171
362 170
363 169
363 168
364 167
364 166
365 165
366 164
366 163
367 162
368 161
368 160
368 159
369 158
370 157
370 156
371 155
372 154
372 153
372 152
373 151
374 150
374 149
375 148
376 147
376 146
376 145
377 144
377 143
378 142
378 141
379 140
379 139
380 138
380 137
380 136
381 135
382 134
382 133
383 132
383 131
383 130
384 129
384 128
384 127
385 126
385 125
386 124
386 123
386 122
387 121
387 120
388 119
388 118
388 117
389 116
389 115
389 114
390 113
390 112
390 111
390 110
391 109
391 108
392 107
392 106
392 105
393 104
393 103
393 102
393 101
394 100
394 99
394 98
394 97
395 96
395 95
395 94
396 93
396 92
396 91
396 90
396 89
396 88
397 87
397 86
397 85
397 84
398 83
398 82
398 81
398 80
399 79
399 78
399 77
399 76
399 75
399 74
400 73
400 72
400 71
400 70
400 69
400 68
400 67
400 66
401 65
401 64
401 63
401 62
401 61
401 60
401 59
401 58
402 57
402 56
402 55
402 54
402 53
402 52
402 51
402 50
402 49
401 49
400 48
399 47
398 46
397 46
396 45
395 44
394 44
393 43
392 42
391 42
390 41
389 41
388 40
387 39
386 39
385 38
384 37
383 37
382 36
381 36
380 35
379 35
378 34
377 33
376 33
375 32
374 32
373 31
372 31
371 30
370 30
369 29
368 29
367 28
366 28
365 27
364 27
363 26
362 26
361 25
360 25
359 24
358 24
357 23
356 23
355 22
354 22
353 22
352 21
351 21
350 21
349 20
348 20
347 19
346 19
345 19
344 18
343 18
342 17
341 17
340 17
339 16
338 16
337 16
336 15
335 15
