94 89
93 90
93 91
93 92
93 93
93 94
93 95
93 96
93 97
93 98
93 99
93 100
93 101
93 102
93 103
93 104
93 105
93 106
93 107
93 108
93 109
93 110
93 111
93 112
93 113
93 114
93 115
93 116
93 117
93 118
93 119
93 120
93 121
93 122
93 123
93 124
93 125
93 126
93 127
93 128
93 129
93 130
93 131
93 132
93 133
93 134
93 135
93 136
93 137
93 138
93 139
93 140
93 141
93 142
93 143
93 144
93 145
93 146
93 147
93 148
93 149
93 150
93 151
93 152
93 153
93 154
93 155
93 156
93 157
93 158
93 159
93 160
93 161
93 162
93 163
93 164
93 165
93 166
93 167
93 168
93 169
93 170
93 171
93 172
93 173
93 174
93 175
93 176
93 177
93 178
93 179
93 180
93 181
93 182
93 183
93 184
93 185
93 186
93 187
93 188
93 189
93 190
93 191
93 192
93 193
93 194
93 195
93 196
93 197
93 198
93 199
93 200
93 201
93 202
93 203
93 204
93 205
93 206
93 207
93 208
93 209
93 210
93 211
93 212
93 213
93 214
93 215
93 216
93 217
93 218
93 219
93 220
93 221
93 222
93 223
93 224
93 225
93 226
93 227
93 228
93 229
93 230
93 231
93 232
93 233
93 234
93 235
93 236
93 237
93 238
93 239
93 240
93 241
93 242
93 243
93 244
93 245
93 246
93 247
93 248
93 249
93 250
93 251
93 252
93 253
93 254
93 255
93 256
93 257
93 258
93 259
93 260
93 261
93 262
93 263
93 264
93 265
93 266
93 267
93 268
93 269
93 270
93 271
93 272
93 273
93 274
93 275
93 276
93 277
93 278
93 279
93 280
93 281
93 282
93 283
93 284
93 285
93 286
93 287
93 288
93 289
93 290
93 291
93 292
93 293
93 294
93 295
93 296
93 297
93 298
93 299
93 300
93 301
93 302
93 303
93 304
93 305
93 306
93 307
93 308
93 309
93 310
93 311
93 312
93 313
93 314
93 315
93 316
93 317
93 318
93 319
93 320
93 321
93 322
93 323
93 324
93 325
93 326
93 327
93 328
93 329
93 330
93 331
93 332
93 333
93 334
93 335
93 336
93 337
93 338
93 339
93 340
93 341
93 342
93 343
93 344
93 345
93 346
93 347
93 348
93 349
93 350
93 351
93 352
93 353
93 354
93 355
93 356
93 357
93 358
93 359
93 360
94 360
95 360
96 359
97 359
98 359
99 358
100 358
101 358
102 357
103 357
104 356
105 356
106 356
107 355
108 355
109 355
110 354
111 354
112 353
113 353
114 353
115 352
116 352
117 352
118 351
119 351
120 350
121 350
122 350
123 349
124 349
125 349
126 348
127 348
128 347
129 347
130 347
131 346
132 346
133 346
134 345
135 345
136 344
137 344
138 344
139 343
140 343
141 342
142 342
143 342
144 341
145 341
146 341
147 340
148 340
149 339
150 339
151 339
152 338
153 338
154 338
155 337
156 337
157 336
158 336
159 336
160 335
161 335
162 335
163 334
164 334
165 333
166 333
167 333
168 332
169 332
170 332
171 331
172 331
173 330
174 330
175 330
176 329
177 329
178 328
179 328
180 328
181 327
182 327
183 327
184 326
185 326
186 325
187 325
188 325
189 324
190 324
191 324
192 323
193 323
194 322
195 322
196 322
197 321
198 321
199 321
200 320
201 320
202 319
203 319
204 319
205 318
206 318
207 318
208 317
209 317
210 316
211 316
212 316
213 315
214 315
215 314
216 314
217 314
218 313
219 313
220 313
221 312
222 312
223 311
224 311
225 311
226 310
227 310
228 310
229 309
230 309
231 308
232 308
233 308
234 307
235 307
236 307
237 306
238 306
239 305
240 305
241 305
242 304
243 304
244 304
245 303
246 303
247 302
248 302
249 302
250 301
251 301
252 300
253 300
254 300
255 299
256 299
257 299
258 298
259 298
260 297
261 297
262 297
263 296
264 296
265 296
266 295
267 295
268 294
269 294
270 294
271 293
272 293
273 293
274 292
275 292
276 291
277 291
278 291
279 290
280 290
281 290
282 289
283 289
284 288
285 288
286 288
287 287
288 287
289 286
290 286
291 286
292 285
293 285
294 285
295 284
296 284
297 283
298 283
299 283
300 282
301 282
302 282
303 281
304 281
305 280
306 280
307 280
308 279
309 279
310 279
311 278
312 278
313 277
314 277
315 277
316 276
317 276
318 276
319 275
320 275
321 274
322 274
323 274
324 273
325 273
326 272
327 272
328 272
329 271
330 271
331 271
332 270
333 270
334 269
335 269
336 269
337 268
338 268
339 268
340 267
341 267
342 266
343 266
344 266
345 265
346 265
347 265
348 264
349 264
350 263
351 263
352 263
353 262
354 262
355 262
356 261
357 261
358 260
359 260
360 260
361 259
362 259
363 258
364 258
365 258
366 257
367 257
368 257
369 256
370 256
371 255
372 255
373 255
374 254
375 254
376 254
377 253
378 253
379 252
380 252
381 252
382 251
383 251
384 251
385 250
386 250
387 249
388 249
389 249
390 248
391 248
392 248
393 247
394 247
395 246
396 246
397 246
398 245
399 245
400 244
401 244
402 244
403 243
404 243
405 243
406 242
407 242
408 241
409 241
410 241
411 240
412 240
413 240
414 239
415 239
416 238
417 238
418 238
419 239
419 240
419 241
419 242
419 243
419 244
419 245
419 246
419 247
419 248
419 249
419 250
419 251
419 252
419 253
419 254
419 255
419 256
419 257
419 258
419 259
418 260
417 261
416 261
415 261
414 262
413 262
412 263
411 263
410 263
409 264
408 264
407 264
406 265
405 265
404 266
403 266
402 266
401 267
400 267
399 268
398 268
397 268
396 269
395 269
394 269
393 270
392 270
391 271
390 271
389 271
388 272
387 272
386 273
385 273
384 273
383 274
382 274
381 275
380 275
379 275
378 276
377 276
376 276
375 277
374 277
373 278
372 278
371 278
370 279
369 279
368 280
367 280
366 280
365 281
364 281
363 282
362 282
361 282
360 283
359 283
358 283
357 284
356 284
355 285
354 285
353 285
352 286
351 286
350 287
349 287
348 287
347 288
346 288
345 288
344 289
343 289
342 290
341 290
340 290
339 291
338 291
337 292
336 292
335 292
334 293
333 293
332 294
331 294
330 294
329 295
328 295
327 295
326 296
325 296
324 297
323 297
322 297
321 298
320 298
319 299
318 299
317 299
316 300
315 300
314 300
313 301
312 301
311 302
310 302
309 302
308 303
307 303
306 304
305 304
304 304
303 305
302 305
301 306
300 306
299 306
298 307
297 307
296 307
295 308
294 308
293 309
292 309
291 309
290 310
289 310
288 311
287 311
286 311
285 312
284 312
283 313
282 313
281 313
280 314
279 314
278 314
277 315
276 315
275 316
274 316
273 316
272 317
271 317
270 318
269 318
268 318
267 319
266 319
265 319
264 320
263 320
262 321
261 321
260 321
259 322
258 322
257 323
256 323
255 323
254 324
253 324
252 325
251 325
250 325
249 326
248 326
247 326
246 327
245 327
244 328
243 328
242 328
241 329
240 329
239 330
238 330
237 330
236 331
235 331
234 331
233 332
232 332
231 333
230 333
229 333
228 334
227 334
226 335
225 335
224 335
223 336
222 336
221 337
220 337
219 337
218 338
217 338
216 338
215 339
214 339
213 340
212 340
211 340
210 341
209 341
208 342
207 342
206 342
205 343
204 343
203 344
202 344
201 344
200 345
199 345
198 345
197 346
196 346
195 347
194 347
193 347
192 348
191 348
190 349
189 349
188 349
187 350
186 350
185 350
184 351
183 351
182 352
181 352
180 352
179 353
178 353
177 354
176 354
175 354
174 355
173 355
172 356
171 356
170 356
169 357
168 357
167 357
166 358
165 358
164 359
163 359
162 359
161 360
160 360
159 361
158 361
157 361
156 362
155 362
154 363
153 363
152 363
151 364
150 364
149 364
148 365
147 365
146 366
145 366
144 366
143 367
142 367
141 368
140 368
139 368
138 369
137 369
136 369
135 370
134 370
133 371
132 371
131 371
130 372
129 372
128 373
127 373
126 373
125 374
124 374
123 375
122 375
121 375
120 376
119 376
118 376
117 377
116 377
115 378
114 378
113 378
112 379
111 379
110 380
109 380
108 380
107 381
106 381
105 381
104 382
103 382
102 383
101 383
100 383
99 384
98 384
97 385
96 385
95 385
94 386
93 386
93 387
93 388
93 389
93 390
93 391
93 392
93 393
93 394
93 395
93 396
93 397
93 398
93 399
93 400
93 401
93 402
93 403
93 404
93 405
93 406
93 407
93 408
93 409
93 410
93 411
93 412
93 413
93 414
93 415
93 416
93 417
93 418
93 419
93 420
93 421
93 422
93 423
93 424
93 425
93 426
93 427
93 428
93 429
93 430
93 431
93 432
93 433
93 434
93 435
93 436
93 437
93 438
93 439
93 440
93 441
93 442
93 443
93 444
93 445
93 446
93 447
93 448
93 449
93 450
93 451
93 452
93 453
93 454
93 455
93 456
93 457
93 458
93 459
93 460
93 461
93 462
93 463
93 464
93 465
93 466
93 467
94 468
95 468
96 467
97 468
98 468
99 467
100 468
101 468
102 467
103 468
104 468
105 467
106 468
107 468
108 467
109 468
110 468
111 467
112 468
113 468
114 467
115 468
116 468
117 467
118 468
119 468
120 467
121 468
122 468
123 467
124 468
125 468
126 467
127 468
128 468
129 467
130 468
131 468
132 467
133 468
134 468
135 467
136 468
137 468
138 467
139 468
140 468
141 467
142 468
143 468
144 467
145 468
146 468
147 467
148 468
149 468
150 467
151 468
152 468
153 467
154 468
155 468
156 467
157 468
158 468
159 467
160 468
161 468
162 467
163 468
164 467
165 467
166 466
167 466
168 466
169 465
170 465
171 465
172 464
173 464
174 464
175 463
176 463
177 462
178 462
179 462
180 461
181 461
182 461
183 460
184 460
185 460
186 459
187 459
188 459
189 458
190 458
191 458
192 457
193 457
194 456
195 456
196 456
197 455
198 455
199 455
200 454
201 454
202 454
203 453
204 453
205 453
206 452
207 452
208 451
209 451
210 451
211 450
212 450
213 450
214 449
215 449
216 449
217 448
218 448
219 448
220 447
221 447
222 447
223 446
224 446
225 445
226 445
227 445
228 444
229 444
230 444
231 443
232 443
233 443
234 442
235 442
236 442
237 441
238 441
239 441
240 440
241 440
242 439
243 439
244 439
245 438
246 438
247 438
248 437
249 437
250 437
251 436
252 436
253 436
254 435
255 435
256 434
257 434
258 434
259 433
260 433
261 433
262 432
263 432
264 432
265 431
266 431
267 431
268 430
269 430
270 430
271 429
272 429
273 428
274 428
275 428
276 427
277 427
278 427
279 426
280 426
281 426
282 425
283 425
284 425
285 424
286 424
287 424
288 423
289 423
290 422
291 422
292 422
293 421
294 421
295 421
296 420
297 420
298 420
299 419
300 419
301 419
302 418
303 418
304 417
305 417
306 417
307 416
308 416
309 416
310 415
311 415
312 415
313 414
314 414
315 414
316 413
317 413
318 413
319 412
320 412
321 411
322 411
323 411
324 410
325 410
326 410
327 409
328 409
329 409
330 408
331 408
332 408
333 407
334 407
335 406
336 406
337 406
338 405
339 405
340 405
341 404
342 404
343 404
344 403
345 403
346 403
347 402
348 402
349 402
350 401
351 401
352 400
353 400
354 400
355 399
356 399
357 399
358 398
359 398
360 398
361 397
362 397
363 397
364 396
365 396
366 396
367 395
368 395
369 394
370 394
371 394
372 393
373 393
374 393
375 392
376 392
377 392
378 391
379 391
380 391
381 390
382 390
383 389
384 389
385 389
386 388
387 388
388 388
389 387
390 387
391 387
392 386
393 386
394 386
395 385
396 385
397 385
398 384
399 384
400 383
401 383
402 383
403 382
404 382
405 382
406 381
407 381
408 381
409 380
410 380
411 380
412 379
413 379
414 379
415 378
416 378
417 377
418 377
419 377
420 376
421 376
422 376
423 375
424 375
425 375
426 374
427 374
428 375
428 376
428 377
428 378
428 379
428 380
428 381
428 382
428 383
428 384
428 385
428 386
428 387
428 388
428 389
428 390
428 391
428 392
428 393
428 394
428 395
428 396
427 397
426 398
425 398
424 398
423 399
422 399
421 400
420 400
419 400
418 401
417 401
416 401
415 402
414 402
413 402
412 403
411 403
410 404
409 404
408 404
407 405
406 405
405 405
404 406
403 406
402 406
401 407
400 407
399 408
398 408
397 408
396 409
395 409
394 409
393 410
392 410
391 410
390 411
389 411
388 412
387 412
386 412
385 413
384 413
383 413
382 414
381 414
380 414
379 415
378 415
377 416
376 416
375 416
374 417
373 417
372 417
371 418
370 418
369 418
368 419
367 419
366 420
365 420
364 420
363 421
362 421
361 421
360 422
359 422
358 422
357 423
356 423
355 424
354 424
353 424
352 425
351 425
350 425
349 426
348 426
347 426
346 427
345 427
344 428
343 428
342 428
341 429
340 429
339 429
338 430
337 430
336 430
335 431
334 431
333 432
332 432
331 432
330 433
329 433
328 433
327 434
326 434
325 434
324 435
323 435
322 436
321 436
320 436
319 437
318 437
317 437
316 438
315 438
314 439
313 439
312 439
311 440
310 440
309 440
308 441
307 441
306 441
305 442
304 442
303 443
302 443
301 443
300 444
299 444
298 444
297 445
296 445
295 445
294 446
293 446
292 447
291 447
290 447
289 448
288 448
287 448
286 449
285 449
284 449
283 450
282 450
281 451
280 451
279 451
278 452
277 452
276 452
275 453
274 453
273 453
272 454
271 454
270 455
269 455
268 455
267 456
266 456
265 456
264 457
263 457
262 457
261 458
260 458
259 459
258 459
257 459
256 460
255 460
254 460
253 461
252 461
251 461
250 462
249 462
248 463
247 463
246 463
245 464
244 464
243 464
242 465
241 465
240 465
239 466
238 466
237 467
236 467
235 467
236 468
237 467
238 468
239 468
240 467
241 468
242 467
243 468
244 467
245 468
246 468
247 467
248 468
249 468
250 467
251 468
252 468
253 467
254 468
255 468
256 467
257 468
258 468
259 467
260 468
261 468
262 467
263 468
264 468
265 467
266 468
267 468
268 467
269 468
270 468
271 467
272 468
273 468
274 467
275 468
276 468
277 467
278 468
279 468
280 467
281 468
282 468
283 467
284 468
285 468
286 467
287 468
288 468
289 467
290 468
291 468
292 467
293 468
294 468
295 467
296 468
297 468
298 467
299 468
300 468
301 467
302 468
303 468
304 467
305 468
306 468
307 467
308 468
309 468
310 467
311 468
312 468
313 467
314 468
315 468
316 467
317 468
318 468
319 467
320 468
321 468
322 467
323 468
324 468
325 467
326 468
327 468
328 467
329 468
330 468
331 467
332 468
333 468
334 467
335 468
336 468
337 467
338 468
339 468
340 467
341 468
342 468
343 467
344 468
345 468
346 467
347 468
348 468
349 467
350 468
351 468
352 467
353 468
354 468
355 467
356 468
357 468
358 467
359 468
360 468
361 467
362 468
363 468
364 467
365 468
366 468
367 467
368 468
369 468
370 467
371 468
372 468
373 467
374 468
375 468
376 467
377 468
378 468
379 467
380 468
381 468
382 467
383 468
384 468
385 467
386 468
387 468
388 467
389 468
390 468
391 467
392 468
393 468
394 467
395 468
396 468
397 467
398 468
399 468
400 467
401 468
402 468
403 467
404 468
405 468
406 467
407 468
408 468
409 467
410 468
411 468
412 467
413 468
414 468
415 467
416 468
417 468
418 467
419 468
420 468
421 467
422 468
423 468
424 467
425 468
426 468
427 467
428 468
429 468
430 467
431 468
432 468
433 467
434 468
435 468
436 467
437 468
438 468
439 467
440 468
441 468
442 467
443 468
444 468
445 467
446 468
447 468
448 467
449 468
450 468
451 467
452 468
453 468
454 467
455 468
456 468
457 467
458 468
459 468
460 467
461 468
462 468
463 467
464 467
464 466
464 465
464 464
464 463
464 462
464 461
464 460
464 459
464 458
464 457
464 456
464 455
464 454
464 453
464 452
464 451
464 450
464 449
464 448
464 447
464 446
464 445
464 444
464 443
464 442
464 441
464 440
464 439
464 438
464 437
464 436
464 435
464 434
464 433
464 432
464 431
464 430
464 429
464 428
464 427
464 426
464 425
464 424
464 423
464 422
464 421
464 420
464 419
464 418
464 417
464 416
464 415
464 414
464 413
464 412
464 411
464 410
464 409
464 408
464 407
464 406
464 405
464 404
464 403
464 402
464 401
464 400
464 399
464 398
464 397
464 396
464 395
464 394
464 393
464 392
464 391
464 390
464 389
464 388
464 387
464 386
464 385
464 384
464 383
464 382
464 381
464 380
464 379
464 378
464 377
464 376
464 375
464 374
464 373
464 372
464 371
464 370
464 369
464 368
464 367
464 366
464 365
464 364
464 363
464 362
464 361
464 360
464 359
464 358
464 357
464 356
464 355
464 354
464 353
464 352
464 351
464 350
464 349
464 348
464 347
464 346
464 345
464 344
464 343
464 342
464 341
464 340
464 339
464 338
464 337
464 336
464 335
464 334
464 333
464 332
464 331
464 330
464 329
464 328
464 327
464 326
464 325
464 324
464 323
464 322
464 321
464 320
464 319
464 318
464 317
464 316
464 315
464 314
464 313
464 312
464 311
464 310
464 309
464 308
464 307
464 306
464 305
464 304
464 303
464 302
464 301
464 300
464 299
464 298
464 297
464 296
464 295
464 294
464 293
464 292
464 291
464 290
464 289
464 288
464 287
464 286
464 285
464 284
464 283
464 282
464 281
464 280
464 279
464 278
464 277
464 276
464 275
464 274
464 273
464 272
464 271
464 270
464 269
464 268
464 267
464 266
464 265
464 264
464 263
464 262
464 261
464 260
464 259
464 258
464 257
464 256
464 255
464 254
464 253
464 252
464 251
464 250
464 249
464 248
464 247
464 246
464 245
464 244
464 243
464 242
464 241
464 240
464 239
464 238
464 237
464 236
464 235
464 234
464 233
464 232
464 231
464 230
464 229
464 228
464 227
464 226
464 225
464 224
464 223
464 222
464 221
464 220
464 219
464 218
464 217
464 216
464 215
464 214
464 213
464 212
464 211
464 210
464 209
464 208
464 207
464 206
464 205
464 204
464 203
464 202
464 201
464 200
464 199
464 198
464 197
464 196
464 195
464 194
464 193
464 192
464 191
464 190
464 189
464 188
464 187
464 186
464 185
464 184
464 183
464 182
464 181
464 180
464 179
464 178
464 177
464 176
464 175
464 174
464 173
464 172
464 171
464 170
464 169
464 168
464 167
464 166
464 165
464 164
464 163
464 162
464 161
464 160
464 159
464 158
464 157
464 156
464 155
464 154
464 153
464 152
464 151
464 150
464 149
464 148
464 147
464 146
464 145
464 144
464 143
464 142
464 141
464 140
464 139
464 138
464 137
464 136
464 135
464 134
464 133
464 132
464 131
464 130
464 129
464 128
464 127
464 126
464 125
464 124
464 123
464 122
464 121
464 120
464 119
464 118
464 117
464 116
464 115
464 114
463 114
462 114
461 115
460 115
459 115
458 115
457 116
456 116
455 116
454 117
453 117
452 117
451 117
450 118
449 118
448 118
447 119
446 119
445 119
444 119
443 120
442 120
441 120
440 121
439 121
438 121
437 121
436 122
435 122
434 122
433 122
432 123
431 123
430 123
429 124
428 124
427 124
426 124
425 125
424 125
423 125
422 126
421 126
420 126
419 126
418 127
417 127
416 127
415 128
414 128
413 128
412 128
411 129
410 129
409 129
408 129
407 130
406 130
405 130
404 131
403 131
402 131
401 131
400 132
399 132
398 132
397 133
396 133
395 133
394 133
393 134
392 134
391 134
390 135
389 135
388 135
387 135
386 136
385 136
384 136
383 137
382 137
381 137
380 137
379 138
378 138
377 138
376 138
375 139
374 139
373 139
372 140
371 140
370 140
369 140
368 141
367 141
366 141
365 142
364 142
363 142
362 142
361 143
360 143
359 143
358 144
357 144
356 144
355 144
354 145
353 145
352 145
351 146
350 146
349 146
348 146
347 147
346 147
345 147
344 147
343 148
342 148
341 148
340 149
339 149
338 149
337 149
336 150
335 150
334 150
333 151
332 151
331 151
330 151
329 152
328 152
327 152
326 153
325 153
324 153
323 153
322 154
321 154
320 154
319 155
318 155
317 155
316 155
315 156
314 156
313 156
312 156
311 157
310 157
309 157
308 158
307 158
306 158
305 158
304 159
303 159
302 159
301 160
300 160
299 160
298 160
297 161
296 161
295 161
294 162
293 162
292 162
291 162
290 163
289 163
288 163
287 164
286 164
285 164
284 164
283 165
282 165
281 165
280 165
279 166
278 166
277 166
276 167
275 167
274 167
273 167
272 168
271 168
270 168
269 169
268 169
267 169
266 169
265 170
264 170
263 170
262 171
261 171
260 171
259 171
258 172
257 172
256 172
255 173
254 173
253 173
252 173
251 174
250 174
249 174
248 174
247 175
246 175
245 175
244 176
243 176
242 176
241 176
240 177
239 177
238 177
237 178
236 178
235 178
234 178
233 179
232 179
231 179
230 180
229 180
228 180
227 180
226 181
225 181
224 181
223 182
222 182
221 182
220 182
219 183
218 183
217 183
216 183
215 184
214 184
213 184
212 185
211 185
210 185
209 185
208 186
207 186
206 186
205 187
204 187
203 187
202 187
201 188
200 188
199 188
198 189
197 189
196 189
195 189
194 190
193 190
192 190
191 190
190 191
189 191
188 191
187 192
186 192
185 192
184 192
183 193
182 193
181 193
180 194
179 194
178 194
177 194
176 195
175 195
174 195
173 196
172 196
171 196
170 196
169 197
168 197
167 197
166 198
165 198
164 198
163 198
162 199
161 199
160 199
159 199
158 200
157 200
156 200
155 201
154 201
153 201
152 201
151 202
150 202
149 202
148 203
147 203
146 203
145 203
144 204
143 204
142 204
141 205
140 205
139 205
138 205
137 206
136 206
135 206
134 207
133 207
132 207
131 208
130 207
130 206
130 205
130 204
130 203
130 202
130 201
130 200
130 199
130 198
130 197
130 196
130 195
130 194
130 193
130 192
131 191
132 191
133 191
134 190
135 190
136 190
137 189
138 189
139 189
140 188
141 188
142 188
143 188
144 187
145 187
146 187
147 186
148 186
149 186
150 185
151 185
152 185
153 184
154 184
155 184
156 184
157 183
158 183
159 183
160 182
161 182
162 182
163 181
164 181
165 181
166 181
167 180
168 180
169 180
170 179
171 179
172 179
173 178
174 178
175 178
176 177
177 177
178 177
179 177
180 176
181 176
182 176
183 175
184 175
185 175
186 174
187 174
188 174
189 174
190 173
191 173
192 173
193 172
194 172
195 172
196 171
197 171
198 171
199 170
200 170
201 170
202 170
203 169
204 169
205 169
206 168
207 168
208 168
209 167
210 167
211 167
212 166
213 166
214 166
215 166
216 165
217 165
218 165
219 164
220 164
221 164
222 163
223 163
224 163
225 163
226 162
227 162
228 162
229 161
230 161
231 161
232 160
233 160
234 160
235 159
236 159
237 159
238 159
239 158
240 158
241 158
242 157
243 157
244 157
245 156
246 156
247 156
248 156
249 155
250 155
251 155
252 154
253 154
254 154
255 153
256 153
257 153
258 152
259 152
260 152
261 152
262 151
263 151
264 151
265 150
266 150
267 150
268 149
269 149
270 149
271 149
272 148
273 148
274 148
275 147
276 147
277 147
278 146
279 146
280 146
281 145
282 145
283 145
284 145
285 144
286 144
287 144
288 143
289 143
290 143
291 142
292 142
293 142
294 141
295 141
296 141
297 141
298 140
299 140
300 140
301 139
302 139
303 139
304 138
305 138
306 138
307 138
308 137
309 137
310 137
311 136
312 136
313 136
314 135
315 135
316 135
317 134
318 134
319 134
320 134
321 133
322 133
323 133
324 132
325 132
326 132
327 131
328 131
329 131
330 131
331 130
332 130
333 130
334 129
335 129
336 129
337 128
338 128
339 128
340 127
341 127
342 127
343 127
344 126
345 126
346 126
347 125
348 125
349 125
350 124
351 124
352 124
353 124
354 123
355 123
356 123
357 122
358 122
359 122
360 121
361 121
362 121
363 120
364 120
365 120
366 120
367 119
368 119
369 119
370 118
371 118
372 118
373 117
374 117
375 117
376 116
377 116
378 116
379 116
380 115
381 115
382 115
383 114
384 114
385 114
386 113
387 113
388 113
389 113
390 112
391 112
392 112
393 111
394 111
395 111
396 110
397 110
398 110
399 109
400 109
401 109
402 109
403 108
404 108
405 108
406 107
407 107
408 107
409 106
410 106
411 106
412 106
413 105
414 105
415 105
416 104
417 104
418 104
419 103
420 103
421 103
422 102
423 102
424 102
425 102
426 101
427 101
428 101
429 100
430 100
431 100
432 99
433 99
434 99
435 99
436 98
437 98
438 98
439 97
440 97
441 97
442 96
443 96
444 96
445 95
446 95
447 95
448 95
449 94
450 94
451 94
452 93
453 93
454 93
455 92
456 92
457 92
458 91
459 91
460 91
461 91
462 90
463 90
463 89
462 90
461 89
460 89
459 90
458 89
457 89
456 90
455 89
454 89
453 90
452 89
451 89
450 90
449 89
448 89
447 90
446 89
445 89
444 90
443 89
442 89
441 90
440 89
439 89
438 90
437 89
436 89
435 90
434 89
433 89
432 90
431 89
430 89
429 90
428 89
427 89
426 90
425 89
424 89
423 90
422 89
421 89
420 90
419 89
418 89
417 90
416 89
415 89
414 90
413 89
412 89
411 90
410 89
409 89
408 90
407 89
406 89
405 90
404 89
403 89
402 90
401 89
400 89
399 90
398 89
397 89
396 90
395 89
394 89
393 90
392 89
391 89
390 90
389 89
388 89
387 90
386 89
385 89
384 90
383 89
382 89
381 90
380 89
379 89
378 90
377 89
376 89
375 90
374 89
373 89
372 90
371 89
370 89
369 90
368 89
367 89
366 90
365 89
364 89
363 90
362 89
361 89
360 90
359 89
358 89
357 90
356 89
355 89
354 90
353 89
352 89
351 90
350 89
349 89
348 90
347 89
346 89
345 90
344 89
343 89
342 90
341 89
340 89
339 90
338 89
337 89
336 90
335 89
334 89
333 90
332 89
331 89
330 90
329 89
328 89
327 90
326 89
325 89
324 90
323 89
322 89
321 90
320 89
319 89
318 90
317 89
316 89
315 90
314 89
313 89
312 90
311 89
310 89
309 90
308 89
307 89
306 90
305 89
304 89
303 90
302 89
301 89
300 90
299 89
298 89
297 90
296 89
295 89
294 90
293 89
292 89
291 90
290 89
289 89
288 90
287 89
286 89
285 90
284 89
283 89
282 90
281 89
280 89
279 90
278 89
277 89
276 90
275 89
274 89
273 90
272 89
271 89
270 90
269 89
268 89
267 90
266 89
265 89
264 90
263 89
262 89
261 90
260 89
259 89
258 90
257 89
256 89
255 90
254 89
253 89
252 90
251 89
250 89
249 90
248 89
247 89
246 90
245 89
244 89
243 90
242 89
241 89
240 90
239 89
238 89
237 90
236 89
235 89
234 90
233 89
232 89
231 90
230 89
229 89
228 90
227 89
226 89
225 90
224 89
223 89
222 90
221 89
220 89
219 90
218 89
217 89
216 90
215 89
214 89
213 90
212 89
211 89
210 90
209 89
208 89
207 90
206 89
205 89
204 90
203 89
202 89
201 90
200 89
199 89
198 90
197 89
196 89
195 90
194 89
193 89
192 90
191 89
190 89
189 90
188 89
187 89
186 90
185 89
184 89
183 90
182 89
181 89
180 90
179 89
178 89
177 90
176 89
175 89
174 90
173 89
172 89
171 90
170 89
169 89
168 90
167 89
166 89
165 90
164 89
163 89
162 90
161 89
160 89
159 90
158 89
157 89
156 90
155 89
154 89
153 90
152 89
151 89
150 90
149 89
148 89
147 90
146 89
145 89
144 90
143 89
142 89
141 90
140 89
139 89
138 90
137 89
136 89
135 90
134 89
133 89
132 90
131 89
130 89
129 90
128 89
127 89
126 90
125 89
124 89
123 90
122 89
121 89
120 90
119 89
118 89
117 90
116 89
115 89
114 90
113 89
112 89
111 90
110 89
109 89
108 90
107 89
106 89
105 90
104 89
103 89
102 90
101 89
100 89
99 90
98 89
97 89
96 90
95 89
