175 10
175 11
175 12
175 13
175 14
175 15
175 16
175 17
175 18
175 19
175 20
175 21
175 22
175 23
175 24
175 25
176 26
175 27
176 28
175 29
175 30
175 31
175 32
175 33
175 34
175 35
176 36
176 37
176 38
176 39
176 40
176 41
176 42
177 43
177 44
177 45
177 46
177 47
178 48
178 49
178 50
178 51
177 52
177 53
178 54
178 55
178 56
178 57
179 58
179 59
179 60
179 61
179 62
180 63
180 64
180 65
180 66
181 67
181 68
181 69
181 70
182 71
182 72
182 73
182 74
183 75
183 76
183 77
183 78
184 79
184 80
184 81
184 82
185 83
185 84
185 85
185 86
186 87
186 88
186 89
186 90
187 91
187 92
187 93
187 94
188 95
188 96
188 97
188 98
189 99
189 100
189 101
189 102
190 103
191 104
191 105
191 106
191 107
192 108
192 109
192 110
192 111
192 112
193 113
193 114
193 115
193 116
194 117
195 118
195 119
195 120
195 121
195 122
196 123
196 124
196 125
196 126
197 127
197 128
198 129
198 130
198 131
198 132
199 133
199 134
200 135
200 136
200 137
200 138
200 139
201 140
201 141
202 142
202 143
202 144
202 145
203 146
203 147
203 148
203 149
203 150
204 151
204 152
205 153
205 154
205 155
205 156
205 157
205 158
205 159
206 160
206 161
206 162
206 163
206 164
206 165
206 166
206 167
207 168
207 169
207 170
208 171
208 172
208 173
208 174
208 175
209 176
209 177
209 178
210 179
210 180
210 181
211 182
211 183
212 184
212 185
212 186
212 187
213 188
213 189
214 190
214 191
214 192
215 193
215 194
216 195
216 196
216 197
217 198
217 199
217 200
217 201
218 202
218 203
217 204
216 203
215 202
214 201
213 200
212 200
211 199
211 198
210 197
209 197
208 196
207 195
206 194
205 194
204 193
203 192
202 192
201 191
200 191
199 190
198 191
197 190
197 189
196 189
195 188
194 188
193 187
192 187
191 186
190 185
189 184
188 184
187 183
186 182
185 182
184 181
183 180
182 179
181 178
180 178
179 178
178 177
177 176
176 175
175 175
174 174
173 174
172 173
171 172
170 172
169 171
168 170
167 170
166 170
165 169
164 168
164 167
163 167
162 167
161 166
160 166
159 165
158 164
157 164
156 164
155 163
154 162
153 162
152 161
151 160
150 160
149 159
148 158
147 158
146 158
145 157
144 156
143 156
142 155
141 154
140 154
139 153
138 153
137 152
136 151
135 151
134 150
133 149
132 149
131 148
130 147
129 147
128 146
127 146
126 146
125 145
125 144
124 144
123 143
122 143
121 142
120 141
119 140
118 140
117 139
116 138
115 138
114 137
113 136
112 135
111 135
110 134
109 133
108 132
107 132
106 131
105 131
104 130
103 129
102 129
101 128
100 127
99 126
98 125
97 125
96 125
95 124
94 124
93 123
93 122
92 122
91 121
90 121
89 120
88 119
87 119
86 118
85 117
84 117
83 116
82 116
81 115
80 115
79 115
78 115
77 114
76 113
75 113
74 112
73 111
72 111
71 110
70 109
69 109
68 109
67 109
66 108
65 107
64 107
63 107
62 106
61 106
60 105
59 105
58 105
57 104
56 104
55 104
54 104
53 104
52 103
51 103
50 103
49 103
48 103
47 103
47 104
48 105
48 106
49 106
50 107
50 108
51 109
51 110
52 111
53 112
54 113
54 114
55 115
55 116
56 117
57 117
58 118
58 119
58 120
59 120
60 121
61 122
61 123
62 124
63 125
63 126
64 126
65 127
66 128
67 129
68 130
69 131
70 132
71 133
72 134
73 135
74 136
75 137
75 138
76 139
77 140
78 141
79 142
80 143
81 143
82 144
83 145
84 146
85 147
86 147
87 148
87 149
88 150
89 150
90 151
91 152
92 153
93 154
94 155
95 156
96 156
97 157
98 158
99 159
100 160
101 161
102 161
103 162
104 162
105 163
106 164
107 165
108 166
109 167
110 168
111 168
112 169
112 170
113 170
114 171
115 171
116 172
117 173
118 174
119 175
120 175
121 176
122 177
123 178
124 179
125 179
126 180
127 181
128 182
129 183
130 183
131 183
132 184
132 185
133 186
134 186
135 187
136 188
137 189
138 189
139 190
139 191
140 191
141 192
142 192
143 193
143 194
144 194
145 195
146 195
147 196
148 197
148 198
149 198
150 199
151 200
152 200
153 201
153 202
154 203
155 203
156 204
157 205
158 206
159 207
160 208
161 208
162 209
162 210
163 211
164 212
165 212
166 213
166 214
167 215
168 216
169 216
170 217
171 218
172 219
173 220
174 220
175 221
176 222
177 223
178 223
179 224
180 225
181 225
182 226
183 227
184 227
185 228
186 228
187 229
188 230
189 230
190 231
191 232
192 233
193 233
194 234
194 235
193 236
192 236
191 236
190 236
189 235
188 235
187 235
186 235
185 235
184 235
183 235
182 235
181 235
180 235
179 235
178 235
177 235
176 235
175 235
174 235
173 235
172 236
171 236
170 236
169 236
168 236
167 236
166 236
165 236
164 237
163 237
162 237
161 237
160 237
159 237
158 237
157 237
156 237
155 237
154 237
153 237
152 237
151 237
150 237
149 237
148 237
147 237
146 237
145 237
144 237
143 237
142 237
141 237
140 238
139 238
138 237
137 238
136 237
135 237
134 238
133 238
132 238
131 238
130 239
129 238
128 238
127 238
126 239
125 239
124 239
123 239
122 239
121 239
120 239
119 239
118 239
117 239
116 240
115 240
114 240
113 240
112 240
111 240
110 240
109 240
108 240
107 240
106 240
105 240
104 241
103 241
102 241
101 241
100 241
99 241
98 241
97 241
96 241
95 241
94 241
93 242
92 242
91 242
90 242
89 242
88 241
87 241
86 242
85 242
84 242
83 242
82 242
81 242
80 242
79 242
78 242
77 242
76 242
75 242
74 242
73 242
72 242
71 242
70 242
69 242
68 242
67 242
66 242
65 243
64 243
63 243
62 243
61 243
60 243
59 242
58 243
57 242
56 243
55 242
54 242
53 243
52 243
51 243
50 243
49 243
48 243
47 243
46 243
45 243
44 243
43 243
42 243
41 243
40 244
39 244
38 243
37 244
36 243
35 244
34 243
33 244
32 244
31 244
30 244
29 244
28 244
27 245
26 245
25 245
24 245
23 245
22 245
21 245
20 246
19 246
18 246
17 247
16 247
15 247
14 247
13 247
12 247
11 248
10 248
9 249
8 249
7 249
6 249
5 250
4 250
3 251
4 252
5 252
6 253
6 254
6 255
5 256
4 256
5 257
6 257
7 258
8 258
9 258
10 259
11 259
12 259
13 259
14 259
15 260
16 260
17 261
18 261
19 261
20 262
21 262
22 262
23 262
24 262
25 263
26 263
27 263
28 264
29 264
30 264
31 264
32 264
33 264
34 265
35 265
36 264
37 265
38 265
39 265
40 265
41 265
42 265
43 265
44 266
45 266
46 266
47 266
48 266
49 266
50 266
51 266
52 267
53 267
54 267
55 267
56 267
57 268
58 268
59 268
60 267
61 268
62 267
63 268
64 268
65 268
66 268
67 268
68 268
69 268
70 268
71 269
72 269
73 269
74 269
75 269
76 269
77 268
78 269
79 268
80 269
81 269
82 269
83 269
84 269
85 269
86 269
87 269
88 269
89 270
90 270
91 269
92 270
93 269
94 269
95 270
96 270
97 270
98 270
99 270
100 270
101 270
102 270
103 270
104 270
105 270
106 270
107 270
108 270
109 270
110 270
111 270
112 270
113 270
114 270
115 270
116 271
117 270
118 271
119 270
120 270
121 270
122 270
123 270
124 270
125 271
126 271
127 271
128 271
129 271
130 271
131 271
132 271
133 271
134 271
135 271
136 271
137 271
138 271
139 271
140 271
141 272
142 271
143 271
144 271
145 272
146 272
147 272
148 272
149 272
150 273
151 272
152 272
153 273
154 273
155 273
156 274
157 273
158 274
159 274
160 274
161 274
162 275
163 274
164 275
165 274
166 274
167 275
168 275
169 275
170 275
171 275
172 275
173 275
174 275
175 275
176 275
177 274
178 275
179 274
180 274
181 274
182 274
183 274
184 274
185 274
186 274
187 274
188 274
189 274
190 274
191 274
192 274
193 274
194 275
194 276
193 277
192 277
191 278
190 278
189 279
188 279
187 280
186 281
185 281
184 282
183 283
182 283
181 284
180 285
179 286
178 287
177 288
176 289
175 290
174 290
174 291
173 292
172 292
171 293
170 294
169 295
168 296
167 297
166 297
165 298
164 298
164 299
163 300
162 300
161 301
160 302
159 303
158 303
157 304
156 305
155 306
154 307
153 307
152 308
151 308
151 309
150 310
149 311
148 312
147 312
146 313
145 314
144 315
143 316
142 317
141 318
140 319
139 319
138 320
137 321
136 322
135 323
134 324
133 325
132 326
131 326
130 327
129 328
128 329
127 330
126 331
125 332
124 332
124 333
123 334
122 334
121 335
120 336
119 336
118 337
117 338
116 339
115 340
114 340
114 341
113 342
112 343
111 343
110 343
109 344
108 345
107 346
106 347
105 348
104 348
103 349
102 350
101 351
100 352
99 352
99 353
98 354
97 355
96 355
95 355
94 356
93 357
92 358
91 358
91 359
90 360
89 361
88 361
87 361
86 362
85 363
85 364
84 365
83 365
82 365
81 366
80 366
80 367
79 368
78 369
77 370
76 371
75 372
74 372
73 373
72 374
71 374
70 375
69 376
69 377
68 378
67 378
66 378
65 379
65 380
64 381
63 382
62 383
61 384
61 385
60 386
59 386
58 387
57 388
56 388
56 389
55 390
54 391
54 392
53 393
53 394
52 395
51 396
50 397
50 398
49 399
48 400
48 401
48 402
47 403
47 404
46 405
47 405
48 405
49 405
50 404
51 404
52 404
53 404
54 403
55 403
56 403
57 403
58 402
59 401
60 401
61 401
62 401
63 401
64 400
65 399
66 399
67 399
68 399
69 398
70 397
71 397
72 397
73 396
74 395
75 395
76 394
77 394
78 394
79 393
80 393
81 392
82 391
83 391
84 391
85 390
86 390
87 389
88 389
89 388
90 387
91 387
92 386
93 386
94 386
95 385
96 384
97 383
98 383
99 382
100 382
101 381
102 381
103 380
104 379
105 379
106 378
107 378
108 377
109 376
110 375
111 375
112 374
113 374
114 374
115 373
116 373
116 372
117 371
118 371
119 370
120 370
121 369
122 369
123 368
124 367
125 367
126 366
127 365
128 365
129 364
130 363
131 362
132 362
133 362
134 361
135 361
136 360
137 359
138 359
139 358
140 357
141 357
142 356
143 355
144 354
145 354
146 353
147 352
148 352
149 351
150 350
151 350
152 349
153 348
154 348
155 347
156 346
157 346
158 345
159 344
160 344
161 343
162 342
163 342
164 341
165 340
166 340
167 339
168 338
169 337
170 337
171 336
172 335
173 335
174 334
175 334
176 333
177 333
178 332
179 332
180 331
181 330
182 330
183 329
184 329
185 328
186 328
187 327
188 327
189 326
190 326
191 325
192 324
193 324
194 324
195 323
196 322
197 322
198 321
199 320
200 319
201 318
202 317
203 317
204 316
205 315
206 315
207 314
208 313
209 312
210 311
211 311
212 310
213 309
214 308
215 308
216 307
217 306
218 307
218 308
218 309
217 310
217 311
216 312
216 313
215 314
215 315
214 316
214 317
214 318
213 319
213 320
213 321
212 322
212 323
212 324
212 325
211 326
211 327
211 328
211 329
211 330
211 331
211 332
210 333
210 334
210 335
209 336
209 337
209 338
208 339
208 340
208 341
207 342
207 343
207 344
207 345
206 346
206 347
206 348
206 349
205 350
205 351
205 352
205 353
205 354
204 355
204 356
203 357
203 358
203 359
202 360
202 361
202 362
202 363
202 364
201 365
201 366
201 367
201 368
200 369
200 370
200 371
200 372
199 373
199 374
199 375
199 376
199 377
199 378
198 379
198 380
198 381
198 382
198 383
197 384
197 385
197 386
197 387
197 388
196 389
196 390
196 391
196 392
196 393
195 394
195 395
194 396
194 397
194 398
193 399
193 400
193 401
193 402
193 403
192 404
192 405
192 406
192 407
191 408
191 409
191 410
191 411
190 412
190 413
190 414
189 415
189 416
188 417
188 418
188 419
188 420
187 421
187 422
187 423
187 424
186 425
186 426
186 427
186 428
185 429
185 430
185 431
185 432
184 433
184 434
184 435
184 436
183 437
183 438
182 439
182 440
181 441
181 442
181 443
181 444
181 445
180 446
180 447
180 448
179 449
179 450
179 451
179 452
179 453
178 454
178 455
178 456
178 457
178 458
177 459
177 460
177 461
177 462
177 463
176 464
176 465
176 466
176 467
176 468
175 469
175 470
175 471
175 472
174 473
174 474
173 475
173 476
173 477
174 478
174 479
174 480
174 481
174 482
174 483
173 484
173 485
173 486
173 487
173 488
173 489
173 490
173 491
173 492
174 493
174 494
174 495
174 496
174 497
175 498
176 498
176 497
177 496
178 495
179 495
179 494
180 493
180 492
180 491
181 490
182 489
183 488
183 487
184 486
185 486
185 485
186 484
186 483
186 482
187 481
188 480
189 479
189 478
189 477
190 476
190 475
191 474
192 474
192 473
193 472
194 471
194 470
194 469
194 468
195 467
196 466
196 465
197 464
197 463
198 462
198 461
198 460
199 459
199 458
200 457
200 456
201 455
201 454
202 453
202 452
203 451
203 450
203 449
203 448
204 447
205 446
205 445
206 444
206 443
207 442
207 441
207 440
208 439
208 438
208 437
209 436
209 435
210 434
211 433
211 432
212 431
212 430
213 429
213 428
213 427
214 426
214 425
214 424
214 423
215 422
216 421
216 420
217 419
217 418
217 417
218 416
218 415
218 414
218 413
219 412
219 411
220 410
220 409
221 408
221 407
221 406
222 405
222 404
223 403
223 402
223 401
224 400
224 399
224 398
225 397
225 396
225 395
226 394
226 393
226 392
227 391
227 390
228 389
228 388
228 387
229 386
229 385
229 384
230 383
230 382
231 381
231 380
231 379
232 378
232 377
232 376
233 375
233 374
233 373
234 372
234 371
234 370
235 369
235 368
236 367
236 366
236 365
237 364
237 363
238 362
239 361
239 360
239 359
240 358
241 357
241 356
241 355
242 354
243 353
243 352
244 351
244 350
245 349
245 348
246 347
246 346
246 345
246 344
247 343
247 342
248 341
248 340
248 339
249 338
249 337
249 336
250 335
250 334
250 333
250 332
250 331
251 330
251 329
252 328
252 327
252 326
252 325
253 324
253 323
253 322
253 321
254 320
255 319
256 319
257 320
257 321
257 322
257 323
257 324
257 325
257 326
258 327
258 328
258 329
259 330
259 331
259 332
259 333
260 334
260 335
260 336
261 337
261 338
262 339
262 340
263 341
264 342
264 343
264 344
265 345
266 346
266 347
266 348
266 349
267 350
268 351
268 352
268 353
268 354
269 355
269 356
269 357
270 358
270 359
271 360
271 361
271 362
271 363
272 364
272 365
273 366
273 367
273 368
274 369
274 370
275 371
275 372
276 373
276 374
276 375
277 376
277 377
278 378
278 379
279 380
279 381
279 382
280 383
280 384
281 385
281 386
282 387
283 388
283 389
284 390
284 391
284 392
284 393
285 394
285 395
286 396
286 397
287 398
287 399
287 400
288 401
288 402
289 403
289 404
290 405
290 406
290 407
291 408
291 409
291 410
292 411
292 412
292 413
293 414
293 415
293 416
293 417
294 418
295 419
295 420
295 421
296 422
297 423
297 424
297 425
297 426
298 427
298 428
298 429
299 430
299 431
300 432
300 433
300 434
300 435
301 436
301 437
302 438
302 439
302 440
303 441
303 442
303 443
303 444
304 445
304 446
305 446
306 447
306 448
306 449
306 450
307 451
307 452
308 453
308 454
308 455
308 456
309 457
309 458
310 459
310 460
310 461
311 462
311 463
311 464
311 465
312 466
313 467
314 468
314 469
314 470
315 471
315 472
316 473
316 474
316 475
317 476
317 477
317 478
318 479
319 480
320 481
321 482
321 483
321 484
322 485
322 486
323 487
323 488
324 488
325 489
325 490
326 491
327 492
327 493
328 494
329 495
330 496
331 496
332 497
333 498
334 499
334 498
334 497
334 496
334 495
334 494
334 493
334 492
334 491
334 490
334 489
334 488
333 487
334 486
333 485
333 484
333 483
333 482
333 481
333 480
333 479
334 478
334 477
333 476
333 475
333 474
333 473
333 472
333 471
333 470
332 469
332 468
332 467
332 466
332 465
331 464
331 463
331 462
331 461
331 460
331 459
330 458
330 457
330 456
330 455
329 454
329 453
330 452
330 451
330 450
329 449
329 448
329 447
329 446
328 445
328 444
328 443
328 442
327 441
327 440
327 439
327 438
327 437
326 436
326 435
326 434
326 433
325 432
325 431
325 430
325 429
324 428
324 427
324 426
324 425
323 424
323 423
323 422
323 421
322 420
322 419
322 418
322 417
321 416
321 415
321 414
321 413
321 412
320 411
320 410
320 409
320 408
319 407
319 406
319 405
319 404
318 403
317 402
317 401
317 400
317 399
317 398
316 397
316 396
316 395
316 394
316 393
315 392
315 391
315 390
314 389
314 388
314 387
313 386
313 385
313 384
313 383
313 382
312 381
311 380
311 379
311 378
311 377
311 376
310 375
310 374
310 373
309 372
309 371
309 370
308 369
308 368
308 367
308 366
308 365
307 364
307 363
306 362
306 361
306 360
306 359
305 358
305 357
305 356
305 355
305 354
304 353
304 352
304 351
304 350
304 349
304 348
304 347
304 346
303 345
303 344
303 343
303 342
303 341
302 340
302 339
302 338
302 337
302 336
302 335
301 334
301 333
301 332
300 331
300 330
300 329
299 328
299 327
298 326
298 325
298 324
297 323
297 322
297 321
297 320
296 319
296 318
295 317
295 316
294 315
294 314
294 313
293 312
293 311
293 310
293 309
292 308
292 307
293 306
294 307
295 308
296 309
297 310
298 310
299 311
299 312
300 313
301 313
302 314
303 315
304 316
305 316
306 317
307 317
308 318
309 318
310 319
311 319
312 319
313 320
313 321
314 321
315 322
316 322
317 323
318 323
319 324
320 324
321 325
322 326
323 327
324 327
325 328
326 329
327 330
328 331
329 331
330 331
331 332
332 333
333 334
334 334
335 335
336 335
337 336
338 336
339 337
340 338
341 339
342 339
343 340
344 340
345 341
346 341
347 342
348 343
349 343
350 344
351 344
352 345
353 345
354 346
355 346
356 347
357 348
358 348
359 349
360 349
361 350
362 350
363 351
364 352
365 352
366 353
367 354
368 354
369 355
370 355
371 356
372 357
373 357
374 358
375 359
376 359
377 360
378 360
379 361
380 361
381 362
382 363
383 363
384 364
385 365
386 365
387 366
388 367
389 368
390 368
391 369
392 370
393 370
394 371
395 371
396 372
396 373
397 373
398 374
399 374
400 375
401 376
402 377
403 377
404 378
405 379
406 379
407 380
408 380
409 381
410 381
411 382
412 383
413 384
414 384
415 385
416 386
417 386
418 387
419 388
420 389
421 389
422 390
423 390
424 390
425 391
426 391
427 391
428 392
429 393
430 394
431 394
432 395
433 396
434 396
435 396
436 397
437 398
438 399
439 399
440 399
441 399
442 400
443 401
444 401
445 402
446 402
447 403
448 403
449 403
450 403
451 404
452 404
453 405
454 405
455 405
456 405
457 406
458 406
459 406
460 406
461 406
462 406
462 405
461 404
461 403
460 403
459 402
459 401
458 400
457 399
457 398
456 397
455 396
455 395
454 395
453 394
453 393
453 392
452 392
451 391
450 390
449 389
449 388
448 387
447 387
446 386
446 385
445 384
444 383
443 382
443 381
442 380
441 380
440 379
439 378
438 377
437 377
436 376
436 375
435 374
434 373
433 372
432 372
431 371
430 370
430 369
429 368
428 367
427 366
426 365
425 364
424 363
423 362
422 361
421 361
420 360
419 359
418 359
417 358
417 357
416 356
415 356
414 355
413 354
412 353
411 352
410 351
409 350
408 350
407 349
406 348
405 347
405 346
404 346
403 346
402 345
401 344
400 344
399 343
398 342
398 341
397 341
396 340
395 339
394 338
393 337
392 337
391 336
390 335
389 334
388 333
387 333
386 332
385 331
384 330
383 329
382 329
381 329
380 328
380 327
379 326
378 325
377 325
376 324
375 323
374 323
373 322
373 321
372 321
371 320
370 320
369 319
369 318
368 317
367 317
366 317
365 316
365 315
364 314
363 314
362 313
361 312
360 311
359 311
358 310
357 309
356 308
355 307
354 306
353 306
352 305
352 304
351 304
350 303
349 302
348 301
347 300
346 299
345 298
344 297
343 296
343 295
342 294
341 294
340 293
339 292
338 291
337 290
336 290
335 289
334 288
333 287
332 287
331 286
330 285
329 285
328 284
327 283
326 283
325 282
324 282
323 281
322 280
321 280
320 279
319 279
318 278
317 277
316 276
316 275
317 274
318 274
319 274
320 274
321 275
322 275
323 275
324 275
325 275
326 275
327 275
328 275
329 275
330 275
331 275
332 275
333 275
334 275
335 275
336 274
337 274
338 274
339 274
340 274
341 273
342 274
343 274
344 274
345 273
346 273
347 273
348 273
349 273
350 273
351 273
352 273
353 273
354 273
355 273
356 273
357 273
358 273
359 273
360 273
361 273
362 272
363 273
364 272
365 273
366 273
367 273
368 272
369 272
370 272
371 272
372 272
373 272
374 272
375 272
376 272
377 272
378 271
379 271
380 271
381 271
382 271
383 271
384 271
385 271
386 271
387 271
388 270
389 270
390 270
391 270
392 270
393 270
394 270
395 269
396 269
397 269
398 269
399 269
400 269
401 269
402 269
403 269
404 269
405 269
406 269
407 268
408 268
409 268
410 268
411 268
412 268
413 268
414 268
415 268
416 268
417 268
418 268
419 268
420 267
421 267
422 267
423 267
424 267
425 267
426 267
427 267
428 267
429 267
430 267
431 267
432 267
433 267
434 267
435 267
436 267
437 267
438 267
439 267
440 266
441 266
442 266
443 266
444 266
445 266
446 267
447 266
448 267
449 267
450 266
451 266
452 266
453 266
454 266
455 266
456 266
457 266
458 266
459 266
460 266
461 266
462 266
463 266
464 265
465 265
466 265
467 265
468 265
469 265
470 266
471 265
472 265
473 265
474 264
475 265
476 265
477 265
478 264
479 264
480 264
481 264
482 264
483 264
484 264
485 264
486 264
487 263
488 263
489 263
490 262
491 262
492 262
493 262
494 262
495 262
496 261
497 261
498 261
499 260
500 260
501 260
502 260
503 259
504 259
505 259
506 258
505 258
504 258
503 257
503 256
503 255
504 254
505 254
506 253
505 253
504 252
503 252
502 252
501 251
500 251
499 251
498 250
497 250
496 250
495 250
494 250
493 249
492 249
491 248
490 248
489 248
488 247
487 247
486 247
485 247
484 247
483 247
482 246
481 246
480 246
479 246
478 245
477 245
476 245
475 245
474 245
473 245
472 245
471 244
470 245
469 245
468 245
467 245
466 244
465 244
464 244
463 244
462 244
461 244
460 243
459 243
458 243
457 243
456 243
455 243
454 243
453 243
452 242
451 243
450 243
449 243
448 242
447 242
446 242
445 242
444 242
443 242
442 242
441 241
440 241
439 242
438 241
437 242
436 242
435 241
434 241
433 241
432 241
431 241
430 241
429 241
428 241
427 241
426 241
425 241
424 241
423 241
422 241
421 241
420 241
419 241
418 240
417 240
416 240
415 240
414 240
413 240
412 240
411 240
410 240
409 240
408 240
407 240
406 240
405 240
404 240
403 240
402 240
401 240
400 240
399 240
398 240
397 240
396 240
395 240
394 240
393 240
392 239
391 239
390 240
389 239
388 240
387 240
386 240
385 240
384 239
383 239
382 239
381 239
380 239
379 239
378 239
377 239
376 239
375 239
374 239
373 239
372 239
371 239
370 239
369 239
368 238
367 239
366 239
365 239
364 238
363 238
362 238
361 238
360 238
359 238
358 238
357 237
356 237
355 237
354 237
353 237
352 236
351 236
350 236
349 236
348 236
347 236
346 236
345 236
344 236
343 235
342 235
341 235
340 235
339 235
338 235
337 235
336 236
335 235
334 236
333 236
332 236
331 236
330 236
329 236
328 236
327 236
326 236
325 236
324 236
323 236
322 236
321 236
320 236
319 236
318 236
317 236
316 235
317 234
318 233
319 232
320 232
321 231
322 231
323 230
324 230
325 229
326 228
327 227
328 227
329 226
330 225
331 224
332 224
332 223
333 222
334 221
335 220
336 219
337 218
338 218
339 217
340 216
341 215
342 214
343 213
344 213
345 212
346 211
347 210
348 210
349 209
350 208
351 207
352 207
352 206
353 205
354 205
355 204
356 203
357 203
358 202
359 201
360 200
361 199
362 198
363 197
364 196
365 195
366 195
366 194
367 193
368 193
369 192
370 191
371 190
372 189
373 188
374 188
374 187
375 186
376 185
377 185
378 184
379 183
380 182
381 181
382 180
383 179
384 178
385 178
385 177
386 176
387 175
388 175
389 174
390 174
390 173
391 172
392 172
393 171
394 170
395 169
396 168
397 167
398 167
399 166
400 165
401 165
401 164
402 163
403 162
404 162
405 162
406 161
406 160
407 159
408 159
409 158
409 157
410 156
411 156
412 155
413 155
414 154
415 153
416 153
417 152
417 151
418 150
419 149
420 149
421 149
422 148
423 147
424 146
425 145
426 145
427 144
428 143
429 142
430 141
431 140
432 139
433 138
434 137
435 137
436 136
437 135
438 135
438 134
439 133
440 132
441 132
442 131
443 131
443 130
444 129
445 128
445 127
446 126
447 126
447 125
448 124
449 123
450 123
451 122
452 121
453 120
453 119
454 118
455 117
456 116
456 115
457 114
458 113
459 112
459 111
460 110
461 109
461 108
461 107
462 106
462 105
463 104
462 104
461 104
460 104
459 105
458 105
457 105
456 105
455 106
454 106
453 106
452 106
451 107
450 108
449 108
448 108
447 108
446 108
445 109
444 110
443 110
442 110
441 110
440 111
439 112
438 112
437 112
436 113
435 113
435 114
434 115
433 115
432 115
431 115
430 116
429 116
428 117
427 118
426 118
425 119
424 119
423 119
422 120
421 121
420 122
419 122
418 123
417 123
416 124
415 124
414 124
413 125
412 126
411 127
410 127
409 128
408 128
407 129
406 130
405 131
404 131
403 131
402 132
401 132
401 133
400 134
399 134
398 135
397 135
396 136
395 136
394 137
393 137
392 138
391 139
390 139
389 140
388 140
387 141
386 142
385 143
384 143
383 144
382 145
381 145
380 146
379 147
378 148
377 148
376 148
375 149
374 149
374 150
373 151
372 151
371 152
370 153
369 153
368 154
367 155
366 155
365 156
364 156
363 157
362 158
361 158
360 159
359 160
358 160
358 161
357 162
356 162
355 163
354 163
353 164
352 165
351 165
350 166
349 166
348 167
347 168
346 169
345 170
344 170
343 171
342 171
341 172
340 173
339 174
338 175
337 175
336 176
335 176
334 177
333 177
332 178
331 178
330 179
329 180
328 180
327 181
326 181
325 182
324 182
323 183
322 183
321 184
320 184
319 185
318 186
317 186
316 186
315 187
314 188
313 188
312 189
311 190
310 191
309 192
308 193
307 193
306 194
305 195
304 196
303 196
302 197
301 198
300 199
299 200
298 201
297 201
296 202
295 203
294 204
293 204
292 203
292 202
293 201
293 200
294 199
294 198
294 197
295 196
296 195
296 194
296 193
297 192
297 191
297 190
297 189
298 188
298 187
298 186
298 185
299 184
299 183
299 182
299 181
299 180
299 179
300 178
300 177
300 176
301 175
301 174
301 173
301 172
302 171
302 170
302 169
303 168
303 167
303 166
303 165
304 164
304 163
304 162
304 161
305 160
305 159
305 158
305 157
306 156
306 155
306 154
307 153
307 152
307 151
307 150
308 149
308 148
308 147
308 146
309 145
309 144
309 143
309 142
309 141
310 140
310 139
310 138
311 137
311 136
311 135
311 134
311 133
311 132
312 131
312 130
312 129
312 128
312 127
313 126
313 125
313 124
313 123
313 122
313 121
314 120
314 119
314 118
314 117
314 116
315 115
315 114
315 113
316 112
316 111
317 110
317 109
317 108
317 107
317 106
318 105
318 104
318 103
318 102
319 101
319 100
319 99
319 98
319 97
320 96
320 95
320 94
321 93
321 92
322 91
322 90
322 89
322 88
323 87
323 86
323 85
323 84
324 83
324 82
324 81
324 80
325 79
325 78
325 77
325 76
326 75
326 74
326 73
326 72
326 71
327 70
327 69
328 68
328 67
329 66
329 65
329 64
329 63
329 62
330 61
330 60
330 59
330 58
331 57
331 56
331 55
331 54
331 53
332 52
332 51
332 50
332 49
332 48
333 47
333 46
333 45
333 44
333 43
333 42
334 41
334 40
334 39
334 38
334 37
334 36
335 35
336 34
336 33
336 32
336 31
336 30
335 29
335 28
336 27
335 26
336 25
336 24
336 23
336 22
336 21
336 20
336 19
336 18
336 17
335 16
335 15
335 14
335 13
335 12
334 11
333 11
333 12
332 13
331 14
330 14
330 15
329 16
329 17
328 18
328 19
327 20
326 21
325 22
324 23
323 24
323 25
323 26
322 27
321 28
321 29
321 30
320 31
319 32
319 33
318 34
317 34
317 35
316 36
316 37
316 38
315 39
314 40
314 41
313 42
313 43
312 44
312 45
312 46
311 47
311 48
310 49
310 50
309 51
309 52
308 53
308 54
307 55
307 56
307 57
307 58
306 59
305 60
305 61
304 62
304 63
303 64
303 65
303 66
303 67
302 68
302 69
301 70
301 71
300 72
299 73
299 74
298 75
298 76
297 77
297 78
297 79
297 80
296 81
296 82
296 83
295 84
295 85
294 86
294 87
293 88
293 89
293 90
292 91
292 92
292 93
292 94
291 95
291 96
290 97
290 98
290 99
289 100
289 101
288 102
288 103
288 104
287 105
287 106
287 107
286 108
286 109
286 110
285 111
285 112
285 113
284 114
284 115
284 116
283 117
283 118
283 119
282 120
282 121
282 122
281 123
281 124
280 125
280 126
280 127
279 128
279 129
279 130
278 131
278 132
278 133
277 134
277 135
277 136
276 137
276 138
276 139
275 140
275 141
274 142
274 143
273 144
274 145
273 146
272 147
271 148
271 149
271 150
271 151
270 152
269 153
269 154
268 155
267 156
267 157
266 158
266 159
266 160
265 161
265 162
264 163
264 164
264 165
264 166
263 167
263 168
262 169
262 170
262 171
261 172
261 173
261 174
260 175
260 176
260 177
260 178
260 179
259 180
259 181
259 182
259 183
258 184
258 185
257 186
257 187
257 188
257 189
256 190
255 191
254 190
253 189
253 188
253 187
253 186
253 185
253 184
253 183
252 182
252 181
252 180
251 179
252 178
251 177
250 176
250 175
250 174
249 173
249 172
248 171
248 170
247 169
246 168
246 167
246 166
245 165
244 164
244 163
244 162
244 161
244 160
243 159
242 158
242 157
242 156
242 155
241 154
241 153
241 152
240 151
240 150
239 149
239 148
239 147
238 146
238 145
238 144
237 143
237 142
237 141
236 140
236 139
235 138
235 137
234 136
234 135
234 134
233 133
233 132
232 131
232 130
231 129
231 128
230 127
230 126
230 125
229 124
229 123
228 122
228 121
227 120
226 119
226 118
226 117
226 116
225 115
225 114
224 113
224 112
224 111
223 110
223 109
222 108
222 107
222 106
221 105
220 104
220 103
219 102
219 101
219 100
218 99
218 98
218 97
218 96
217 95
217 94
217 93
216 92
216 91
215 90
215 89
215 88
214 87
214 86
214 85
214 84
213 84
212 83
212 82
212 81
211 80
211 79
210 78
210 77
210 76
210 75
209 74
209 73
208 72
208 71
208 70
208 69
207 68
207 67
206 66
206 65
206 64
206 63
205 62
205 61
205 60
204 59
204 58
203 58
202 57
202 56
202 55
202 54
201 53
201 52
200 51
200 50
200 49
199 48
199 47
198 46
198 45
198 44
197 43
197 42
197 41
196 40
196 39
195 39
194 38
194 37
194 36
194 35
193 34
193 33
192 32
192 31
191 30
191 29
191 28
190 27
189 27
188 26
188 25
188 24
187 23
187 22
186 21
185 20
184 20
183 19
183 18
183 17
182 16
181 15
180 14
179 13
178 13
177 12
176 11
