291 41
291 42
290 43
291 44
290 45
290 46
290 47
290 48
290 49
290 50
290 51
290 52
290 53
289 54
289 55
290 56
289 57
289 58
289 59
289 60
289 61
288 62
288 63
288 64
288 65
288 66
288 67
287 68
287 69
287 70
287 71
287 72
287 73
286 74
286 75
286 76
286 77
286 78
285 79
285 80
285 81
284 82
285 83
284 84
284 85
284 86
283 87
283 88
283 89
282 90
282 91
282 92
282 93
281 94
281 95
281 96
281 97
280 98
280 99
280 100
279 101
279 102
278 103
278 104
278 105
278 106
277 107
277 108
276 109
276 110
276 111
275 112
275 113
275 114
274 115
274 116
273 117
273 118
273 119
272 120
272 121
271 122
271 123
271 124
270 125
270 126
269 127
269 128
269 129
268 130
268 131
267 132
267 133
267 134
266 135
266 136
265 137
265 138
264 139
264 140
263 141
263 142
262 143
262 144
262 145
261 146
261 147
260 148
260 149
259 150
259 151
258 152
258 153
257 154
257 155
256 156
256 157
256 158
256 159
257 160
257 161
257 162
257 163
258 164
258 165
258 166
258 167
258 168
258 169
258 170
258 171
258 172
258 173
258 174
258 175
258 176
258 177
258 178
258 179
257 180
258 181
257 182
257 183
256 184
257 185
256 186
256 187
256 188
255 189
255 190
254 191
254 192
253 193
253 194
253 195
252 196
251 197
250 198
250 199
249 200
249 201
248 202
247 203
246 204
245 205
244 206
243 207
242 208
241 209
240 209
239 210
238 211
237 211
236 212
235 213
234 213
233 214
232 214
231 215
230 215
229 216
228 216
227 216
226 217
225 217
224 217
223 217
222 217
221 217
220 217
219 217
218 218
217 217
216 218
215 217
214 218
213 217
212 218
211 219
210 220
210 221
209 222
209 223
208 224
207 225
206 226
206 227
205 228
205 229
204 230
203 231
203 232
202 233
201 234
201 235
200 236
199 237
199 238
198 239
197 240
197 241
196 242
196 243
195 244
195 245
194 246
193 247
192 248
192 249
191 250
191 251
190 252
190 253
189 254
188 255
188 256
187 257
186 258
186 259
185 260
185 261
184 262
183 263
183 264
182 265
182 266
181 267
181 268
180 269
179 270
179 271
178 272
178 273
177 274
177 275
176 276
175 277
175 278
174 279
174 280
173 281
172 282
172 283
172 284
171 285
170 286
170 287
169 288
168 289
168 290
167 291
167 292
166 293
166 294
165 295
165 296
164 297
163 298
163 299
162 300
162 301
161 302
161 303
160 304
160 305
159 306
159 307
158 308
157 309
157 310
156 311
156 312
155 313
155 314
154 315
154 316
153 317
153 318
152 319
151 320
151 321
150 322
150 323
149 324
149 325
148 326
148 327
147 328
146 329
146 330
145 331
145 332
145 333
144 334
143 335
143 336
142 337
142 338
141 339
141 340
140 341
140 342
139 343
138 344
138 345
137 346
137 347
136 348
136 349
135 350
135 351
134 352
134 353
133 354
133 355
132 356
132 357
131 358
131 359
130 360
130 361
129 362
129 363
128 364
128 365
127 366
127 367
126 368
126 369
125 370
125 371
124 372
124 373
123 374
123 375
122 376
121 377
121 378
121 379
120 380
120 381
119 382
119 383
118 384
118 385
117 386
117 387
116 388
116 389
115 390
115 391
114 392
114 393
113 394
113 395
112 396
112 397
111 398
111 399
111 400
110 401
110 402
109 403
109 404
108 405
108 406
107 407
107 408
106 409
106 410
106 411
105 412
105 413
104 414
104 415
103 416
103 417
103 418
102 419
102 420
101 421
101 422
100 423
100 424
100 425
99 426
99 427
99 428
98 429
98 430
97 431
97 432
96 433
96 434
96 435
95 436
95 437
94 438
94 439
94 440
93 441
93 442
93 443
92 444
92 445
91 446
91 447
91 448
90 449
90 450
90 451
89 452
89 453
88 454
88 455
88 456
88 457
87 458
87 459
86 460
86 461
86 462
85 463
85 464
85 465
84 466
84 467
84 468
83 469
83 470
83 471
83 472
82 473
82 474
81 475
81 476
81 477
81 478
80 479
80 480
79 481
80 482
79 483
79 484
79 485
80 484
81 484
82 484
83 483
84 483
85 483
86 482
87 482
88 481
89 481
90 481
91 480
92 480
93 479
94 479
95 479
96 478
97 478
98 477
99 477
100 476
101 476
102 475
103 475
104 475
105 474
106 474
107 473
108 473
109 472
110 472
111 471
112 471
113 470
114 470
115 469
116 469
117 468
118 468
119 467
120 467
121 466
122 466
123 465
124 465
125 464
126 464
127 463
128 463
129 462
130 462
131 461
132 461
133 460
134 460
135 459
136 459
137 458
138 458
139 457
140 457
141 456
142 456
143 455
144 455
145 454
146 454
147 453
148 453
149 452
150 452
151 451
152 451
153 450
154 450
155 450
156 449
157 449
158 448
159 448
160 447
161 447
162 446
163 446
164 446
165 445
166 445
167 444
168 444
169 444
170 443
171 443
172 442
173 442
174 442
175 441
176 441
177 441
178 440
179 440
180 440
181 439
182 439
183 439
184 438
185 438
186 438
187 438
188 437
189 437
190 437
191 436
192 436
193 436
194 436
195 436
196 435
197 435
198 435
199 435
200 434
201 434
202 434
203 434
204 434
205 434
206 433
207 434
208 433
209 433
210 433
211 433
212 433
213 433
214 432
215 433
216 432
217 433
218 432
219 433
220 434
221 435
222 435
223 436
224 436
225 437
226 438
227 438
228 439
229 439
230 440
231 441
232 441
233 442
234 442
235 443
236 443
237 444
238 444
239 445
240 445
241 446
242 446
243 447
244 447
245 447
246 448
247 448
248 449
249 449
250 450
251 450
252 450
253 451
254 451
255 452
256 452
257 452
258 453
259 453
260 453
261 454
262 454
263 454
264 455
265 455
266 455
267 456
268 456
269 457
270 457
271 457
272 457
273 458
274 458
275 458
276 458
277 459
278 459
279 459
280 460
281 460
282 460
283 460
284 461
285 461
286 461
287 461
288 462
289 462
290 462
291 462
292 462
293 463
294 463
295 463
296 463
297 463
298 464
299 463
300 464
301 464
302 464
303 464
304 464
305 464
306 464
307 464
308 464
309 464
310 464
311 464
312 464
313 464
314 464
315 464
316 464
317 464
318 464
319 463
320 464
321 463
322 463
323 463
324 463
325 462
326 462
327 462
328 462
329 461
330 461
331 460
332 460
333 459
334 459
335 459
336 458
337 457
338 458
339 457
340 458
341 458
342 458
343 459
344 459
345 459
346 459
347 460
348 460
349 460
350 460
351 461
352 461
353 461
354 461
355 461
356 462
357 462
358 462
359 462
360 462
361 463
362 463
363 463
364 463
365 463
366 464
367 463
368 464
369 464
370 464
371 464
372 464
373 465
374 465
375 465
376 465
377 465
378 465
379 465
380 466
381 465
382 466
383 466
384 466
385 466
386 466
387 466
388 466
389 466
390 467
391 466
392 467
393 467
394 467
395 467
396 467
397 467
398 467
399 467
400 467
401 467
402 467
403 467
404 467
405 467
406 467
407 467
408 467
409 467
410 467
411 467
412 467
413 467
414 467
415 467
416 467
417 467
418 467
419 467
420 467
421 467
422 467
423 467
424 467
425 467
426 467
427 467
428 467
429 467
430 467
431 467
432 467
433 467
434 467
435 467
436 466
437 467
438 466
439 467
440 466
441 466
442 466
443 466
444 466
445 466
446 466
447 466
448 466
449 466
450 465
451 466
452 465
453 465
454 465
455 465
456 465
457 465
458 465
459 465
460 465
461 465
462 464
463 465
464 464
465 464
466 464
467 464
468 464
469 464
470 464
471 464
472 463
473 464
474 463
475 463
475 462
474 461
473 460
472 459
472 458
471 457
470 456
469 455
469 454
468 453
467 452
466 451
466 450
465 449
464 448
464 447
463 446
462 445
461 444
461 443
460 442
459 441
459 440
458 439
457 438
457 437
456 436
455 435
454 434
454 433
453 432
452 431
452 430
451 429
451 428
450 427
449 426
449 425
448 424
447 423
447 422
446 421
445 420
445 419
444 418
444 417
443 416
442 415
442 414
441 413
440 412
440 411
439 410
439 409
438 408
438 407
437 406
436 405
436 404
435 403
435 402
434 401
434 400
433 399
432 398
432 397
431 396
431 395
430 394
430 393
429 392
429 391
428 390
428 389
427 388
426 387
426 386
425 385
425 384
424 383
424 382
423 381
423 380
422 379
422 378
421 377
421 376
420 375
420 374
419 373
419 372
418 371
418 370
417 369
417 368
416 367
416 366
415 365
415 364
414 363
414 362
414 361
413 360
412 359
412 358
412 357
411 356
411 355
410 354
410 353
409 352
409 351
408 350
408 349
407 348
407 347
407 346
406 345
406 344
405 343
405 342
404 341
404 340
403 339
403 338
402 337
402 336
402 335
401 334
401 333
400 332
400 331
399 330
399 329
399 328
398 327
398 326
397 325
397 324
396 323
396 322
395 321
395 320
395 319
394 318
394 317
393 316
393 315
392 314
392 313
392 312
391 311
391 310
390 309
390 308
390 307
389 306
389 305
388 304
388 303
387 302
387 301
387 300
386 299
386 298
385 297
385 296
385 295
384 294
384 293
383 292
383 291
382 290
382 289
382 288
381 287
381 286
380 285
380 284
379 283
379 282
379 281
378 280
378 279
378 278
377 277
377 276
376 275
376 274
375 273
375 272
375 271
374 270
374 269
373 268
373 267
373 266
372 265
372 264
371 263
371 262
371 261
370 260
370 259
369 258
369 257
369 256
368 255
368 254
367 253
367 252
367 251
366 250
366 249
365 248
365 247
365 246
364 245
364 244
363 243
363 242
363 241
362 240
362 239
361 238
361 237
361 236
360 235
360 234
359 233
359 232
358 232
357 232
356 232
355 231
354 231
353 231
352 231
351 230
350 230
349 229
348 229
347 229
346 228
345 227
344 227
343 227
342 226
341 225
340 225
339 224
338 223
337 223
336 222
335 221
334 220
333 219
332 218
331 217
330 216
329 215
328 214
327 213
326 212
325 211
325 210
324 209
323 208
322 207
322 206
321 205
320 204
320 203
319 202
318 201
318 200
318 199
317 198
316 197
316 196
316 195
315 194
315 193
314 192
314 191
314 190
313 189
313 188
313 187
312 186
312 185
312 184
312 183
311 182
311 181
311 180
311 179
311 178
310 177
311 176
310 175
310 174
310 173
310 172
310 171
310 170
310 169
310 168
310 167
310 166
310 165
310 164
310 163
310 162
311 161
311 160
311 159
311 158
311 157
311 156
311 155
312 154
312 153
312 152
313 151
313 150
313 149
314 148
314 147
314 146
315 145
315 144
316 143
316 142
317 141
318 140
318 139
319 138
320 137
320 136
321 135
321 134
321 133
321 132
320 131
321 130
320 129
320 128
320 127
320 126
319 125
320 124
319 123
319 122
319 121
318 120
319 119
318 118
318 117
318 116
318 115
317 114
317 113
317 112
317 111
317 110
316 109
316 108
315 107
316 106
315 105
315 104
315 103
314 102
314 101
314 100
314 99
313 98
313 97
313 96
313 95
312 94
312 93
312 92
311 91
311 90
311 89
310 88
310 87
310 86
309 85
309 84
309 83
308 82
308 81
308 80
307 79
307 78
307 77
306 76
306 75
305 74
305 73
305 72
304 71
304 70
304 69
303 68
303 67
302 66
302 65
302 64
301 63
301 62
300 61
300 60
299 59
299 58
299 57
298 56
298 55
297 54
297 53
296 52
296 51
295 50
295 49
295 48
294 47
293 46
293 45
293 44
292 43
292 42
