42 1
41 2
40 2
39 2
38 3
37 3
36 4
35 4
34 4
33 4
32 5
31 5
30 6
29 6
28 7
27 7
27 8
26 9
25 10
25 11
24 12
23 13
22 14
21 15
21 16
20 17
20 18
19 19
18 20
17 20
16 21
15 22
14 22
13 23
12 23
11 24
10 24
9 25
8 25
7 26
6 26
5 27
4 28
3 28
2 28
1 29
1 30
1 31
1 32
1 33
1 34
1 35
1 36
1 37
1 38
1 39
2 40
3 41
4 42
4 43
5 44
5 45
6 45
7 46
8 46
9 46
10 47
11 47
12 47
13 48
14 48
15 48
16 48
17 47
18 47
19 47
20 47
21 48
22 48
23 48
24 48
25 48
26 48
27 47
28 47
29 47
30 47
31 47
32 47
33 47
34 47
35 47
36 47
37 47
38 48
39 49
40 50
41 51
41 52
42 53
43 54
43 55
43 56
44 57
45 58
45 59
45 60
45 61
45 62
45 63
46 64
46 65
47 66
47 67
47 68
48 69
48 70
48 71
49 72
49 73
50 74
50 75
50 76
51 77
51 78
51 79
52 80
53 81
53 82
53 83
53 84
54 85
54 86
54 87
55 88
55 89
56 90
57 91
57 92
57 93
57 94
57 95
58 96
59 97
59 98
59 99
58 100
57 101
57 102
56 103
55 104
54 105
53 106
52 107
51 107
50 108
49 109
48 109
47 110
46 111
45 112
45 113
44 114
44 115
44 116
45 117
45 118
45 119
45 120
45 121
45 122
45 123
44 124
45 125
45 126
45 127
45 128
45 129
45 130
45 131
46 132
46 133
46 134
47 135
47 136
47 137
48 138
48 139
49 140
50 141
51 142
51 143
52 144
53 145
54 145
55 146
56 146
57 146
58 146
59 145
59 144
60 143
60 142
60 141
60 140
61 139
61 138
61 137
61 136
61 135
61 134
62 133
63 133
64 134
64 135
64 136
64 137
64 138
64 139
64 140
64 141
64 142
63 143
63 144
62 145
62 146
62 147
61 148
61 149
60 150
60 151
60 152
60 153
60 154
60 155
60 156
60 157
60 158
60 159
60 160
59 161
59 162
59 163
59 164
58 165
58 166
58 167
58 168
58 169
58 170
57 171
57 172
56 173
55 174
54 175
53 176
52 176
51 177
51 178
51 179
51 180
52 181
53 182
54 183
55 183
56 183
57 183
58 183
59 182
60 181
61 180
62 180
63 179
64 178
64 177
65 176
65 175
66 174
67 173
67 172
68 171
68 170
68 169
69 168
70 167
71 166
72 166
72 165
72 164
72 163
73 162
73 161
73 160
73 159
73 158
74 157
74 156
74 155
74 154
75 153
75 152
75 151
75 150
75 149
76 148
77 147
77 146
77 145
77 144
78 143
78 142
79 141
79 140
79 139
80 138
80 137
80 136
81 135
81 134
81 133
82 132
82 131
82 130
83 129
83 128
83 127
83 126
84 125
84 124
84 123
85 122
85 121
85 120
86 119
86 118
87 117
88 116
89 115
90 115
91 115
92 115
93 115
94 115
95 115
96 115
97 116
98 116
99 117
100 118
101 118
102 118
103 118
104 118
105 118
106 118
107 118
108 118
109 118
110 118
111 118
112 119
113 119
114 119
115 119
116 119
117 119
118 119
119 119
120 119
121 119
122 119
123 119
124 119
125 119
126 119
127 119
128 118
129 118
130 117
131 117
132 117
133 116
134 116
135 116
136 116
137 115
138 115
139 115
140 114
141 113
142 113
143 113
144 113
145 113
146 113
147 113
148 112
149 112
150 112
151 112
152 111
153 111
154 111
155 111
156 111
157 111
158 111
159 111
160 111
161 111
162 111
163 111
164 111
165 112
166 113
167 114
167 115
167 116
168 117
169 118
169 119
169 120
169 121
169 122
169 123
170 124
170 125
170 126
169 127
169 128
169 129
170 130
170 131
170 132
170 133
170 134
170 135
170 136
170 137
170 138
170 139
170 140
170 141
170 142
170 143
170 144
171 145
171 146
172 147
172 148
172 149
172 150
172 151
173 151
174 152
175 153
176 154
177 155
178 156
178 157
179 158
179 159
179 160
179 161
180 162
180 163
181 164
181 165
181 166
181 167
181 168
181 169
181 170
180 171
179 172
178 172
177 172
176 173
175 174
174 175
174 176
174 177
175 178
176 178
177 179
178 179
179 179
180 180
180 181
181 180
182 180
183 180
184 180
185 179
186 179
187 178
187 177
188 176
188 175
189 174
190 173
191 172
191 171
191 170
191 169
192 168
192 167
192 166
192 165
192 164
192 163
192 162
192 161
191 160
191 159
191 158
191 157
191 156
191 155
191 154
191 153
191 152
192 151
192 150
192 149
192 148
193 147
193 146
193 145
192 144
192 143
192 142
191 141
191 140
191 139
192 138
193 137
194 136
195 136
196 136
197 137
198 138
199 139
200 140
200 141
201 142
201 143
201 144
202 145
203 146
204 147
205 148
206 149
207 150
207 151
207 152
208 153
209 154
209 155
210 156
211 157
212 158
213 159
214 160
215 161
215 162
216 163
217 163
218 163
219 163
220 164
221 164
222 164
223 164
224 164
225 165
226 165
227 166
228 167
229 167
230 168
231 169
232 169
233 170
234 171
235 172
236 173
236 174
236 175
236 176
236 177
236 178
236 179
236 180
236 181
237 181
238 181
239 181
240 181
241 181
242 181
243 181
244 181
245 181
246 180
246 179
246 178
246 177
247 176
247 175
247 174
246 173
246 172
246 171
246 170
246 169
246 168
246 167
246 166
246 165
245 164
244 163
243 163
242 162
241 162
240 161
239 161
238 161
237 160
237 159
236 159
235 159
234 158
234 157
233 156
232 155
231 154
230 153
229 152
228 151
228 150
227 149
226 148
226 147
225 146
224 145
223 144
223 143
222 142
221 141
221 140
221 139
221 138
221 137
220 136
220 135
220 134
219 133
219 132
219 131
218 130
218 129
218 128
218 127
217 126
217 125
217 124
216 123
216 122
216 121
216 120
216 119
215 118
215 117
215 116
215 115
215 114
215 113
214 112
214 111
214 110
214 109
214 108
214 107
214 106
214 105
214 104
214 103
214 102
214 101
214 100
214 99
214 98
214 97
214 96
214 95
213 94
213 93
213 92
212 91
212 90
212 89
212 88
212 87
211 86
211 85
210 84
210 83
209 82
208 81
208 80
208 79
208 78
207 77
206 76
205 75
205 74
204 73
203 72
203 71
203 70
204 69
205 68
206 67
207 67
208 66
209 65
210 65
211 64
212 63
213 63
214 62
215 62
216 61
217 61
218 60
219 60
220 60
221 60
222 60
223 60
224 60
225 60
226 60
227 60
228 60
229 61
230 61
231 62
232 63
233 64
233 65
234 66
235 67
236 68
237 69
237 70
238 71
239 72
240 73
241 74
241 75
242 76
242 77
243 78
244 79
245 78
246 78
247 78
247 77
247 76
246 75
246 74
246 73
246 72
245 71
244 70
244 69
243 68
243 67
242 66
241 65
240 64
239 63
238 62
237 61
236 60
235 59
234 58
233 57
232 56
231 55
230 54
229 54
228 54
227 54
226 54
225 54
224 54
223 54
222 54
221 54
220 54
219 54
218 54
217 54
216 55
215 55
214 55
213 55
212 55
211 56
210 57
209 57
208 58
207 58
206 59
205 59
204 60
203 61
202 61
201 62
200 62
199 63
198 64
197 65
196 66
195 66
195 67
194 68
193 69
192 69
191 68
190 68
189 67
188 67
187 67
186 67
185 67
184 67
183 66
182 66
181 66
180 66
179 66
178 66
177 66
176 66
175 66
174 66
173 66
172 66
171 66
170 66
169 66
168 66
167 65
166 65
165 65
164 65
163 65
162 65
161 64
160 64
159 64
158 64
157 64
156 64
155 64
154 64
153 64
152 64
151 64
150 64
149 64
148 64
147 63
146 63
145 63
144 63
143 63
142 63
141 63
140 63
139 63
138 62
137 62
136 62
135 62
134 62
133 62
132 62
131 62
130 62
129 62
128 62
127 62
126 61
125 61
124 61
123 61
122 61
121 60
120 60
119 59
118 59
117 59
116 58
115 58
114 58
113 57
112 56
111 56
110 55
109 54
108 54
107 53
106 52
105 52
104 51
103 50
102 50
101 49
100 49
99 48
98 48
97 47
96 46
95 45
94 44
94 43
93 43
92 42
91 42
90 41
89 40
89 39
89 38
88 37
88 36
87 35
86 34
86 33
85 32
85 31
84 30
84 29
84 28
84 27
83 26
83 25
82 24
81 23
80 22
79 21
78 20
77 19
76 18
75 17
75 16
74 15
73 14
73 13
72 12
71 11
71 10
70 10
69 9
68 8
67 7
66 7
65 6
64 5
64 4
63 4
62 3
61 2
60 1
59 1
58 1
57 1
56 1
55 1
54 1
53 1
52 1
51 1
50 1
49 1
48 1
47 1
46 1
45 1
44 1
43 1
