137 1
136 2
135 2
134 3
133 3
133 4
132 5
131 5
130 5
129 6
128 7
128 8
127 9
126 10
125 11
124 12
124 13
124 14
123 15
122 16
121 17
121 18
120 19
119 20
118 21
117 22
116 22
115 23
114 23
113 23
112 23
111 23
110 23
109 23
108 23
107 23
106 23
105 23
104 23
103 24
102 24
101 24
100 24
99 25
98 25
97 25
96 25
95 25
94 25
93 25
92 25
91 25
90 25
89 25
88 25
87 25
86 25
85 26
84 26
83 26
82 26
81 26
80 25
79 25
78 25
77 24
76 24
75 24
74 23
73 23
72 22
71 22
70 21
69 21
68 20
67 20
66 20
65 19
64 19
63 19
62 18
61 18
60 18
59 18
58 18
57 18
56 18
55 18
54 18
53 18
52 18
51 19
50 19
49 19
48 20
47 20
46 21
45 21
44 22
43 23
42 23
41 24
40 24
39 24
38 25
37 25
36 25
35 26
34 26
33 27
32 27
31 27
30 27
29 27
28 27
27 26
26 26
25 26
24 25
23 25
22 24
21 24
20 23
19 22
18 22
17 21
17 20
17 19
16 18
15 17
14 16
13 15
12 14
11 14
10 13
9 12
8 11
7 11
6 10
5 9
4 9
3 9
2 9
1 9
1 10
1 11
1 12
2 13
2 14
3 14
4 15
5 16
6 17
7 18
8 19
9 20
9 21
9 22
10 23
11 24
12 25
13 26
14 27
15 28
16 29
17 30
18 31
19 32
20 32
21 32
22 33
23 33
24 34
25 34
26 34
27 34
28 34
29 34
30 34
31 34
32 34
33 34
34 34
35 35
35 36
35 37
35 38
35 39
35 40
35 41
35 42
35 43
35 44
35 45
35 46
36 47
36 48
36 49
36 50
36 51
36 52
37 53
38 54
38 55
38 56
39 57
39 58
40 59
40 60
40 61
41 62
41 63
42 64
43 65
43 66
43 67
44 68
43 69
43 70
43 71
42 72
42 73
42 74
42 75
42 76
42 77
41 78
41 79
40 80
40 81
41 82
41 83
41 84
41 85
42 86
43 87
43 88
44 89
44 90
45 90
46 90
47 90
48 90
49 90
50 90
51 89
52 89
52 88
53 87
53 86
52 85
52 84
52 83
51 82
51 81
52 80
52 79
52 78
52 77
53 76
54 75
54 74
54 73
55 72
56 71
56 70
57 69
58 70
59 71
59 72
60 73
61 74
62 75
62 76
63 76
64 77
63 78
64 79
65 80
66 81
67 81
68 82
68 83
68 84
69 85
70 85
71 85
72 85
73 85
74 85
75 84
76 85
77 85
78 85
79 85
80 85
81 85
81 84
81 83
80 82
80 81
80 80
80 79
79 78
78 77
77 76
76 76
75 76
74 75
73 75
72 74
71 73
71 72
70 71
70 70
69 69
69 68
70 67
70 66
71 65
72 64
72 63
73 62
73 61
73 60
74 59
74 58
75 57
76 58
77 58
78 58
79 59
80 59
81 60
82 61
83 61
84 61
85 62
86 62
87 62
88 63
89 63
90 63
91 63
92 63
93 63
94 63
95 64
96 64
97 64
98 64
99 64
100 64
101 64
102 64
103 64
104 64
105 64
106 64
107 64
108 64
109 64
110 65
111 65
112 66
113 67
114 67
115 68
116 69
116 70
115 71
116 72
117 73
118 74
119 75
119 76
120 77
120 78
121 79
121 80
122 81
122 82
122 83
122 84
122 85
122 86
122 87
122 88
122 89
122 90
123 91
123 92
124 92
125 92
126 92
127 92
128 92
129 92
130 92
131 92
132 91
133 91
133 90
133 89
134 88
135 89
136 89
137 89
138 89
139 89
140 89
141 89
142 90
143 90
144 90
145 90
146 90
147 90
148 90
149 91
150 91
151 91
152 91
153 91
154 91
155 90
156 90
157 89
158 89
158 88
158 87
158 86
158 85
158 84
157 83
156 82
155 82
154 81
153 81
152 81
151 81
150 81
149 80
148 80
147 79
147 78
147 77
146 77
145 76
145 75
145 74
145 73
144 72
144 71
144 70
144 69
144 68
144 67
145 66
145 65
145 64
146 63
146 62
146 61
146 60
146 59
146 58
146 57
147 56
147 55
147 54
147 53
146 52
146 51
146 50
145 49
144 48
144 47
144 46
143 45
143 44
143 43
143 42
143 41
143 40
144 39
144 38
145 37
145 36
146 35
147 34
148 34
149 34
150 35
151 35
152 36
153 36
154 36
155 36
156 37
157 37
158 37
159 37
160 37
161 37
162 36
163 36
164 36
165 35
165 34
165 33
166 32
166 31
166 30
167 29
167 28
167 27
167 26
167 25
167 24
167 23
166 23
165 22
165 21
164 21
163 20
162 19
162 18
161 17
162 16
162 15
162 14
162 13
162 12
162 11
162 10
161 10
160 9
159 8
158 7
157 6
156 6
155 5
154 4
153 4
152 3
151 2
150 2
149 2
148 2
147 1
146 1
145 1
144 1
143 1
142 1
141 1
140 1
139 1
138 1
