393 41
394 40
395 41
395 42
395 43
395 44
394 45
394 46
393 47
393 48
393 49
393 50
394 51
394 52
394 53
394 54
394 55
394 56
394 57
394 58
393 59
393 60
393 61
393 62
393 63
393 64
393 65
392 66
391 66
390 65
390 64
389 63
389 62
389 61
389 60
389 59
388 59
387 59
386 59
386 60
386 61
386 62
386 63
386 64
386 65
386 66
386 67
386 68
386 69
387 70
387 71
387 72
387 73
387 74
387 75
386 76
385 76
384 76
383 76
383 77
383 78
383 79
383 80
383 81
383 82
384 83
384 84
384 85
385 86
384 87
383 87
383 88
383 89
383 90
383 91
383 92
383 93
383 94
383 95
383 96
382 97
381 97
380 97
380 98
380 99
380 100
379 101
378 102
378 103
377 104
376 104
375 104
374 105
373 105
373 106
372 107
371 107
370 107
369 107
369 108
368 109
367 109
367 110
367 111
367 112
367 113
367 114
368 114
369 114
370 114
371 113
372 113
373 114
373 115
373 116
373 117
374 118
374 119
374 120
375 120
376 120
377 120
377 119
377 118
377 117
377 116
376 115
377 114
378 114
379 114
379 113
379 112
380 111
381 111
382 111
383 111
384 112
384 113
385 114
385 115
386 115
387 115
388 115
388 114
388 113
388 112
389 111
390 111
391 111
391 110
391 109
391 108
390 107
389 106
389 105
390 104
390 103
391 102
392 102
393 102
393 101
393 100
393 99
392 98
391 97
391 96
390 95
391 94
392 94
393 95
394 96
395 96
396 96
397 96
397 95
397 94
397 93
396 92
395 91
394 90
394 89
393 88
393 87
393 86
392 85
391 85
390 84
390 83
390 82
391 81
392 81
393 81
394 82
394 83
394 84
395 85
396 86
397 86
398 86
399 87
399 88
399 89
399 90
400 91
401 92
401 93
402 94
402 95
403 96
403 97
403 98
403 99
404 100
405 101
405 102
405 103
406 103
407 103
408 103
409 104
409 105
410 106
409 107
408 107
407 106
406 106
405 106
404 106
404 107
404 108
404 109
403 110
402 109
401 109
400 109
399 109
398 109
397 109
397 110
397 111
397 112
398 112
399 113
400 114
401 114
402 115
403 115
404 116
405 117
406 118
407 119
408 119
409 120
409 121
410 121
411 122
411 123
410 124
409 124
409 125
409 126
409 127
410 127
411 128
411 129
412 129
413 130
414 130
415 130
416 130
417 131
418 132
418 133
419 133
420 133
421 134
421 135
421 136
421 137
422 138
422 139
422 140
421 141
421 142
421 143
421 144
421 145
421 146
421 147
421 148
422 149
422 150
423 151
424 152
425 153
426 153
427 153
428 153
428 152
428 151
428 150
427 149
427 148
427 147
428 146
429 146
430 146
430 145
430 144
430 143
429 142
429 141
428 140
428 139
427 138
427 137
426 136
426 135
425 134
424 134
423 134
422 134
421 133
421 132
421 131
421 130
421 129
420 128
419 127
419 126
418 125
417 124
416 123
416 122
415 121
414 120
415 119
415 118
415 117
416 116
417 116
418 115
419 116
419 117
420 118
420 119
421 119
422 119
423 119
423 118
423 117
423 116
422 115
422 114
422 113
422 112
421 111
421 110
420 109
420 108
419 108
418 107
418 106
417 106
416 106
415 105
415 104
415 103
414 102
414 101
414 100
413 99
412 98
411 97
410 96
410 95
410 94
409 93
409 92
408 92
407 92
406 91
405 90
404 89
403 88
402 87
401 87
400 87
399 86
399 85
399 84
399 83
398 82
397 81
397 80
396 79
397 78
398 78
399 79
400 80
401 80
402 81
403 81
404 82
405 82
406 83
407 83
408 84
409 85
410 85
411 85
412 86
413 87
414 88
415 88
416 89
417 89
418 90
419 91
420 91
421 92
420 93
419 93
419 94
419 95
419 96
419 97
419 98
419 99
420 100
420 101
420 102
420 103
421 104
422 104
423 104
424 105
425 106
426 106
427 107
428 107
429 107
430 107
431 108
431 109
430 110
429 110
428 111
427 111
426 111
425 111
424 111
424 112
424 113
424 114
425 114
426 114
427 115
427 116
428 116
429 116
430 116
431 117
432 117
433 117
434 117
435 118
436 119
436 120
435 121
434 121
433 120
432 120
431 120
430 120
430 121
430 122
430 123
430 124
431 124
432 125
433 126
433 127
434 127
435 128
435 129
435 130
435 131
435 132
436 132
437 133
438 134
439 135
439 136
439 137
439 138
439 139
438 140
438 141
438 142
438 143
438 144
438 145
438 146
439 147
439 148
438 149
438 150
438 151
438 152
438 153
438 154
438 155
438 156
438 157
439 158
439 159
439 160
439 161
438 162
437 163
437 164
437 165
437 166
438 167
438 168
439 169
439 170
439 171
440 172
439 173
438 173
437 172
436 171
435 170
434 170
433 170
432 169
431 168
431 167
431 166
431 165
430 164
429 163
429 162
429 161
428 161
427 161
426 161
425 161
424 161
423 161
422 160
422 159
421 159
420 159
419 159
419 160
419 161
419 162
419 163
419 164
419 165
420 166
420 167
421 167
422 167
423 167
424 168
425 168
426 168
427 168
428 169
428 170
428 171
429 172
430 173
431 173
432 174
433 175
434 175
435 176
436 177
437 178
438 179
438 180
439 181
440 182
440 183
440 184
441 185
441 186
442 186
443 186
444 186
445 187
445 188
445 189
446 190
447 190
448 191
449 192
450 192
451 193
450 194
450 195
449 196
448 197
447 198
447 199
446 200
445 199
444 198
443 198
442 198
441 198
440 198
440 199
440 200
440 201
440 202
440 203
439 204
438 204
437 204
437 205
437 206
437 207
436 208
435 208
434 208
434 209
434 210
434 211
435 212
436 213
436 214
435 215
434 215
433 215
432 215
431 215
430 216
430 217
430 218
429 219
429 220
429 221
429 222
429 223
428 224
427 224
427 225
427 226
427 227
427 228
427 229
427 230
427 231
427 232
427 233
426 234
425 234
425 235
424 236
423 236
422 236
422 237
422 238
421 239
420 239
419 239
418 239
417 240
416 240
415 239
414 239
413 239
412 238
412 237
411 237
410 237
409 237
409 238
408 239
408 240
408 241
408 242
407 243
406 244
406 245
406 246
405 247
405 248
404 249
404 250
403 251
403 252
403 253
403 254
404 254
405 254
406 254
406 253
407 252
408 251
409 251
410 251
411 250
411 249
412 248
412 247
413 246
414 246
415 247
414 248
414 249
413 250
413 251
412 252
412 253
411 254
411 255
411 256
411 257
410 258
410 259
409 260
409 261
409 262
409 263
409 264
410 265
410 266
411 267
411 268
411 269
411 270
411 271
412 272
412 273
411 274
410 274
409 275
409 276
409 277
409 278
408 279
407 279
406 279
406 280
405 281
404 281
403 281
402 282
401 282
400 282
399 283
398 283
397 283
396 283
395 283
394 283
393 283
392 284
391 285
390 286
390 287
390 288
390 289
390 290
391 291
391 292
391 293
391 294
391 295
391 296
391 297
392 297
393 297
394 297
394 296
394 295
394 294
394 293
394 292
395 291
395 290
396 289
397 289
398 289
399 289
399 288
400 287
401 286
402 286
403 286
404 286
405 286
406 285
406 284
406 283
407 282
408 283
408 284
408 285
408 286
407 287
407 288
407 289
407 290
407 291
407 292
406 293
406 294
406 295
406 296
406 297
406 298
406 299
405 300
405 301
405 302
405 303
404 304
404 305
404 306
404 307
404 308
404 309
404 310
403 311
403 312
403 313
403 314
403 315
403 316
402 317
402 318
402 319
402 320
402 321
402 322
402 323
402 324
402 325
402 326
402 327
402 328
402 329
403 330
404 331
404 332
404 333
404 334
404 335
404 336
404 337
405 338
405 339
404 340
404 341
404 342
404 343
404 344
404 345
404 346
404 347
404 348
404 349
404 350
404 351
404 352
404 353
404 354
404 355
404 356
404 357
404 358
404 359
404 360
404 361
404 362
404 363
404 364
404 365
405 366
405 367
406 368
407 369
408 370
408 371
409 372
410 373
411 374
411 375
412 375
413 376
413 377
414 378
415 378
416 379
417 379
418 380
419 381
419 382
420 382
421 382
422 383
423 383
424 384
425 384
426 384
427 385
428 385
429 385
430 385
431 386
432 386
433 387
434 387
435 388
436 388
437 389
438 390
439 391
439 392
439 393
438 394
437 394
436 394
435 394
434 394
433 394
433 395
433 396
433 397
433 398
432 399
431 399
430 399
429 399
428 398
428 397
428 396
428 395
427 394
427 393
427 392
427 391
427 390
426 389
425 389
424 388
423 388
422 387
421 387
420 386
420 385
419 385
418 385
417 385
416 386
416 387
416 388
416 389
417 390
418 391
419 391
420 391
421 391
422 392
423 393
424 394
425 395
424 396
423 396
422 396
421 396
421 397
421 398
420 399
419 399
419 400
418 401
417 402
416 402
415 402
414 402
413 402
412 402
411 402
410 402
409 401
408 401
407 400
406 399
405 398
404 398
403 397
403 396
404 395
404 394
404 393
404 392
404 391
403 390
402 389
401 388
401 387
401 386
400 386
399 385
399 384
398 383
398 382
398 381
398 380
397 380
396 379
396 378
396 377
396 376
396 375
396 374
395 374
394 374
393 373
393 372
393 371
393 370
393 369
393 368
393 367
393 366
393 365
392 364
392 363
392 362
392 361
392 360
392 359
391 358
391 357
391 356
391 355
391 354
391 353
391 352
390 351
390 350
389 349
389 348
389 347
389 346
389 345
389 344
388 343
388 342
387 341
387 340
387 339
386 338
386 337
386 336
385 335
385 334
385 333
385 332
384 331
384 330
384 329
383 328
383 327
383 326
383 325
382 324
383 323
383 322
383 321
383 320
383 319
384 318
384 317
384 316
384 315
384 314
384 313
384 312
384 311
384 310
384 309
384 308
384 307
384 306
384 305
384 304
384 303
383 302
383 301
383 300
383 299
382 299
381 299
380 298
380 297
380 296
380 295
379 294
378 293
377 293
376 293
375 293
374 293
373 292
373 291
373 290
372 290
371 289
370 288
371 287
371 286
371 285
371 284
370 284
369 283
368 283
367 283
366 283
365 283
364 282
364 281
365 280
366 279
367 279
368 279
369 279
370 279
371 279
372 279
372 278
372 277
372 276
371 276
370 275
369 275
368 275
367 275
366 274
366 273
367 272
368 272
369 271
370 270
371 270
371 269
371 268
371 267
371 266
370 265
370 264
369 263
369 262
369 261
369 260
368 260
367 259
367 258
367 257
367 256
367 255
367 254
367 253
366 253
365 252
365 251
364 250
364 249
364 248
363 248
362 248
361 247
360 247
359 247
358 246
358 245
359 244
359 243
360 242
360 241
360 240
360 239
360 238
360 237
359 237
358 237
357 237
356 238
355 238
354 237
354 236
353 236
352 236
351 235
351 234
351 233
350 233
349 232
349 231
349 230
349 229
349 228
348 227
348 226
348 225
348 224
348 223
348 222
348 221
349 220
349 219
349 218
349 217
350 216
350 215
350 214
350 213
349 212
348 211
348 210
349 209
349 208
349 207
349 206
348 206
347 205
347 204
346 204
345 203
344 203
343 202
343 201
343 200
343 199
342 199
341 199
340 198
340 197
339 196
338 196
337 195
337 194
336 193
335 192
335 191
335 190
334 190
333 190
332 189
332 188
332 187
331 187
330 187
329 187
328 188
327 188
326 189
326 190
326 191
326 192
325 193
324 193
323 193
322 193
321 192
320 192
319 192
318 192
318 193
318 194
318 195
318 196
319 197
320 197
321 197
322 197
323 198
323 199
324 199
325 199
326 199
327 200
328 200
329 200
330 200
331 201
331 202
331 203
331 204
331 205
331 206
331 207
332 207
333 207
334 208
334 209
335 209
336 209
337 210
337 211
338 211
339 211
340 211
341 212
341 213
342 213
343 214
343 215
343 216
343 217
343 218
344 218
345 219
345 220
344 221
344 222
343 223
343 224
342 225
342 226
341 227
341 228
340 229
339 230
338 231
338 232
338 233
338 234
339 234
340 234
341 235
341 236
342 237
342 238
342 239
342 240
343 240
344 240
345 241
346 241
347 242
347 243
347 244
346 245
346 246
345 247
345 248
344 249
344 250
343 251
343 252
342 253
342 254
341 255
340 256
340 257
340 258
340 259
340 260
340 261
341 261
342 261
343 261
343 260
343 259
344 258
344 257
345 256
346 255
346 254
347 253
347 252
348 251
349 250
349 249
350 248
351 248
352 248
353 249
352 250
351 251
351 252
350 253
349 254
349 255
349 256
349 257
350 257
351 257
352 257
353 256
354 257
354 258
353 259
353 260
353 261
352 262
352 263
352 264
352 265
353 265
354 266
354 267
355 268
356 268
357 268
358 268
358 267
358 266
358 265
359 264
360 265
360 266
360 267
361 267
362 268
362 269
362 270
361 271
361 272
360 273
359 274
358 274
357 274
356 273
356 272
355 271
354 271
353 271
352 271
352 272
352 273
352 274
352 275
353 276
353 277
353 278
353 279
352 280
351 281
350 280
350 279
349 279
348 279
347 279
346 280
345 280
345 281
345 282
344 283
343 282
343 281
342 280
342 279
341 278
341 277
340 276
340 275
339 274
339 273
338 273
337 272
337 271
337 270
336 269
335 268
335 267
334 266
333 266
332 266
331 266
330 267
329 266
329 265
328 264
328 263
327 263
326 263
325 263
325 264
325 265
325 266
324 267
323 266
323 265
322 264
322 263
321 263
320 263
319 263
318 264
317 264
317 265
316 266
315 265
315 264
314 264
313 264
312 264
312 265
312 266
312 267
312 268
313 269
314 270
314 271
315 272
315 273
316 274
317 275
317 276
318 277
317 278
316 278
315 277
315 276
314 276
313 275
312 275
311 274
310 273
309 273
308 272
307 272
306 272
305 272
304 271
303 271
302 270
301 269
300 269
299 269
298 269
297 269
296 269
295 268
294 267
293 266
292 265
291 264
290 264
289 264
288 264
287 264
286 264
285 264
284 264
283 264
282 263
281 262
281 261
280 260
279 260
278 260
277 260
276 260
275 259
274 258
274 257
273 256
272 255
271 254
270 253
270 252
269 251
270 250
271 250
272 250
273 250
274 251
275 251
276 252
276 253
277 253
278 254
279 254
280 254
281 254
281 253
281 252
281 251
280 250
279 249
278 248
277 247
276 246
276 245
275 245
274 245
273 244
273 243
272 243
271 243
270 243
269 243
268 242
268 241
267 240
266 239
266 238
265 237
264 237
263 237
262 237
262 238
262 239
262 240
262 241
263 241
264 242
264 243
265 244
266 245
266 246
267 247
268 248
269 249
269 250
268 251
267 251
266 251
265 251
265 252
265 253
265 254
264 255
263 254
262 253
261 253
260 253
259 253
259 254
259 255
259 256
258 257
257 256
257 255
257 254
256 253
255 253
254 253
253 253
252 252
252 251
252 250
252 249
251 248
251 247
251 246
251 245
251 244
251 243
250 242
249 242
248 242
247 242
247 243
247 244
247 245
247 246
248 247
248 248
248 249
248 250
248 251
249 252
249 253
248 254
247 254
246 254
245 253
245 252
245 251
245 250
245 249
245 248
245 247
245 246
245 245
245 244
245 243
245 242
245 241
245 240
245 239
245 238
245 237
245 236
245 235
244 235
243 235
242 235
241 235
241 236
241 237
241 238
241 239
241 240
241 241
241 242
241 243
241 244
241 245
241 246
241 247
241 248
240 249
240 250
240 251
240 252
240 253
240 254
241 255
241 256
241 257
241 258
241 259
241 260
241 261
241 262
241 263
240 264
239 264
238 264
237 264
236 263
235 262
234 262
233 262
232 262
231 261
230 260
230 259
230 258
230 257
229 257
228 257
227 256
226 255
226 254
227 253
228 253
229 252
230 252
231 252
231 251
231 250
231 249
232 248
232 247
232 246
232 245
232 244
232 243
231 243
230 242
230 241
230 240
230 239
230 238
230 237
230 236
229 236
228 236
227 236
227 237
227 238
227 239
227 240
226 241
226 242
226 243
226 244
226 245
225 246
225 247
225 248
225 249
225 250
225 251
225 252
225 253
224 254
223 254
222 254
221 254
220 253
221 252
221 251
221 250
221 249
221 248
221 247
222 246
222 245
222 244
222 243
223 242
223 241
223 240
223 239
224 238
224 237
224 236
224 235
225 234
225 233
225 232
225 231
225 230
225 229
224 229
223 229
222 229
221 229
220 228
220 227
220 226
220 225
219 225
218 225
217 225
216 225
216 226
216 227
216 228
215 229
214 228
214 227
214 226
214 225
214 224
213 224
212 224
211 224
211 225
210 226
210 227
209 228
209 229
209 230
209 231
209 232
209 233
209 234
210 234
211 234
212 234
212 233
212 232
212 231
213 230
213 229
214 228
215 229
215 230
215 231
214 232
214 233
214 234
214 235
214 236
214 237
213 238
213 239
213 240
213 241
213 242
213 243
213 244
213 245
213 246
213 247
213 248
213 249
213 250
214 251
214 252
214 253
214 254
214 255
215 256
214 257
213 257
213 258
213 259
213 260
212 261
211 260
210 259
210 258
209 257
209 256
208 255
207 254
206 254
205 253
204 252
203 251
202 251
201 251
200 251
199 251
198 251
197 252
196 253
196 254
195 255
195 256
195 257
194 258
193 259
193 260
192 261
192 262
191 263
190 264
190 265
189 266
188 267
188 268
187 269
186 270
186 271
185 272
184 273
183 274
182 274
181 275
180 275
179 276
178 277
177 277
176 278
175 279
174 280
173 280
172 281
172 282
171 283
170 284
169 284
168 285
167 285
166 286
165 287
164 288
163 289
162 290
161 291
160 292
159 292
158 291
159 290
160 289
161 288
162 287
163 286
163 285
164 284
165 283
166 282
166 281
167 280
168 279
168 278
169 277
169 276
169 275
169 274
169 273
169 272
169 271
170 270
170 269
171 268
171 267
171 266
171 265
172 264
172 263
173 262
174 261
174 260
174 259
174 258
174 257
174 256
174 255
175 254
175 253
175 252
175 251
174 251
173 250
173 249
173 248
173 247
172 247
171 247
170 247
170 248
170 249
169 250
169 251
168 252
168 253
167 254
167 255
167 256
167 257
168 258
167 259
166 260
166 261
165 262
165 263
165 264
165 265
165 266
165 267
164 268
164 269
163 270
162 271
162 272
162 273
162 274
161 275
160 276
160 277
160 278
160 279
161 279
162 280
161 281
160 282
160 283
159 284
158 285
157 286
156 287
155 288
155 289
154 290
153 290
153 291
152 292
151 292
151 293
151 294
151 295
152 295
153 295
154 296
153 297
153 298
152 299
151 299
151 300
150 301
149 301
149 302
148 303
147 304
146 305
145 306
144 307
143 308
142 309
142 310
141 311
140 311
140 312
139 313
138 314
137 315
137 316
136 317
136 318
135 319
134 320
133 321
133 322
132 323
132 324
131 325
131 326
130 327
129 328
129 329
128 330
128 331
127 332
127 333
126 334
126 335
126 336
126 337
126 338
126 339
126 340
126 341
126 342
126 343
126 344
126 345
126 346
126 347
126 348
126 349
126 350
126 351
126 352
126 353
126 354
126 355
126 356
126 357
126 358
126 359
126 360
127 361
127 362
127 363
127 364
127 365
127 366
127 367
128 368
128 369
127 370
126 370
125 370
125 371
125 372
125 373
126 374
127 374
128 374
129 375
129 376
130 377
131 377
132 377
133 377
133 376
133 375
133 374
134 373
135 373
136 374
137 374
138 375
139 376
140 377
141 378
142 379
142 380
143 381
143 382
143 383
142 384
141 384
140 384
139 384
138 385
137 385
136 386
135 387
134 388
133 389
132 389
131 390
130 390
129 390
128 389
127 388
127 387
127 386
127 385
126 385
125 385
124 385
123 386
122 387
121 388
120 389
119 390
118 391
117 390
117 389
117 388
117 387
116 386
116 385
115 384
114 383
113 383
112 382
112 381
112 380
112 379
112 378
112 377
112 376
111 376
110 376
109 376
109 377
109 378
109 379
109 380
109 381
109 382
109 383
109 384
110 384
111 385
111 386
110 387
109 387
108 387
107 387
106 386
106 385
106 384
105 383
106 382
106 381
106 380
106 379
106 378
106 377
106 376
106 375
106 374
105 373
106 372
107 372
108 372
109 372
109 371
109 370
109 369
109 368
110 367
110 366
110 365
110 364
111 363
111 362
111 361
111 360
112 359
112 358
112 357
112 356
113 355
113 354
113 353
113 352
113 351
113 350
113 349
113 348
113 347
113 346
114 345
114 344
114 343
114 342
114 341
114 340
114 339
114 338
114 337
115 336
115 335
115 334
115 333
115 332
115 331
116 330
116 329
116 328
116 327
115 327
114 326
114 325
114 324
114 323
114 322
113 322
112 322
111 322
111 323
111 324
111 325
110 326
110 327
110 328
109 329
109 330
109 331
109 332
110 333
110 334
110 335
110 336
110 337
110 338
110 339
110 340
110 341
110 342
110 343
109 344
108 343
108 342
108 341
107 340
107 339
106 338
106 337
106 336
106 335
107 334
107 333
107 332
107 331
107 330
107 329
107 328
107 327
107 326
108 325
108 324
108 323
108 322
108 321
108 320
108 319
108 318
108 317
107 316
107 315
108 314
109 314
110 314
111 315
112 315
113 316
112 317
112 318
112 319
112 320
113 320
114 320
115 320
116 319
116 318
117 317
118 316
119 315
119 314
119 313
119 312
119 311
118 310
118 309
118 308
118 307
118 306
118 305
118 304
117 304
116 304
115 303
116 302
116 301
117 300
117 299
118 298
119 298
120 297
121 296
121 295
121 294
122 293
123 292
124 293
124 294
124 295
124 296
123 297
122 298
122 299
122 300
121 301
120 302
120 303
120 304
120 305
121 305
122 306
122 307
122 308
123 308
124 309
124 310
124 311
125 311
126 311
127 311
127 310
128 309
128 308
128 307
128 306
128 305
128 304
128 303
127 302
128 301
129 301
130 300
131 299
132 298
133 298
133 297
133 296
133 295
133 294
134 293
135 292
136 291
137 291
137 290
137 289
138 288
139 287
139 286
139 285
139 284
140 283
141 282
141 281
141 280
141 279
141 278
140 278
139 278
138 277
139 276
139 275
140 274
141 274
141 273
141 272
141 271
141 270
140 270
139 270
138 270
137 271
136 272
135 271
135 270
136 269
136 268
136 267
137 266
137 265
137 264
138 263
138 262
138 261
139 260
139 259
139 258
139 257
139 256
138 256
137 256
136 256
136 257
136 258
135 259
135 260
135 261
134 262
134 263
133 264
133 265
133 266
132 267
132 268
132 269
132 270
131 271
131 272
131 273
131 274
132 274
133 274
134 275
133 276
133 277
132 278
131 279
130 280
130 281
129 282
128 283
128 284
128 285
128 286
128 287
128 288
127 289
126 290
125 289
125 288
125 287
125 286
125 285
125 284
125 283
125 282
125 281
125 280
124 279
123 278
123 277
123 276
123 275
123 274
124 273
125 273
126 273
126 272
127 271
127 270
128 269
128 268
128 267
129 266
129 265
130 264
130 263
131 262
131 261
132 260
132 259
132 258
132 257
133 256
134 255
134 254
134 253
134 252
133 252
132 252
131 251
132 250
132 249
132 248
132 247
132 246
132 245
132 244
132 243
132 242
132 241
132 240
132 239
132 238
132 237
132 236
132 235
132 234
132 233
132 232
132 231
132 230
131 229
130 229
129 229
128 228
127 227
128 226
128 225
129 224
129 223
129 222
130 221
131 221
132 221
132 220
132 219
133 218
133 217
134 216
134 215
134 214
134 213
134 212
134 211
134 210
133 210
132 210
131 210
131 211
131 212
131 213
130 214
129 214
128 213
129 212
129 211
129 210
129 209
128 208
128 207
128 206
127 206
126 206
125 206
124 207
123 207
122 207
122 208
122 209
121 210
120 210
119 210
118 210
117 211
116 211
115 210
115 209
114 209
113 209
112 209
111 209
111 210
111 211
111 212
112 212
113 213
113 214
113 215
113 216
113 217
114 217
115 218
115 219
115 220
116 221
117 222
117 223
116 224
116 225
116 226
116 227
117 228
117 229
117 230
116 231
115 231
114 231
113 231
112 232
111 231
111 230
111 229
111 228
110 228
109 228
108 228
107 228
106 228
105 228
104 228
103 228
102 229
101 229
100 229
99 229
98 229
97 229
96 229
95 230
94 230
93 231
92 231
91 232
90 231
90 230
89 230
88 230
87 229
87 228
87 227
87 226
88 225
88 224
88 223
88 222
87 222
86 222
85 222
85 223
84 224
84 225
84 226
83 227
83 228
82 229
81 230
80 230
79 230
78 229
77 228
76 227
77 226
78 226
79 226
79 225
80 224
80 223
81 222
81 221
81 220
81 219
82 218
82 217
82 216
82 215
82 214
82 213
82 212
82 211
82 210
81 209
80 208
79 207
79 206
78 206
77 206
76 206
76 207
76 208
76 209
76 210
76 211
76 212
76 213
76 214
76 215
76 216
75 217
75 218
75 219
74 220
74 221
74 222
74 223
75 223
76 224
76 225
76 226
75 227
74 226
73 226
72 226
71 226
70 226
69 226
68 226
67 226
66 226
65 225
65 224
65 223
65 222
65 221
66 220
67 220
68 219
68 218
69 217
70 216
70 215
71 214
71 213
71 212
72 211
72 210
72 209
72 208
72 207
73 206
73 205
73 204
73 203
73 202
73 201
73 200
72 200
71 200
70 200
69 201
69 202
68 203
68 204
68 205
68 206
67 207
67 208
66 209
66 210
66 211
66 212
67 213
66 214
66 215
65 216
64 217
64 218
63 219
62 219
62 220
62 221
61 222
60 222
59 223
58 223
57 223
56 222
55 221
54 221
53 220
53 219
53 218
52 218
51 217
52 216
53 215
54 214
55 214
56 213
56 212
57 211
58 210
59 209
60 208
60 207
61 206
62 205
63 204
64 203
64 202
65 201
66 201
66 200
66 199
66 198
66 197
65 197
64 197
63 197
62 198
61 199
60 199
59 199
58 199
58 200
57 201
56 202
55 203
54 203
53 203
52 203
51 203
50 203
49 203
48 204
47 205
47 206
47 207
47 208
48 209
48 210
49 210
50 211
50 212
49 213
48 214
47 215
46 215
45 214
44 214
43 213
42 213
41 212
40 212
39 212
38 212
37 211
36 211
35 211
34 211
33 211
32 210
32 209
32 208
31 207
30 207
29 206
28 206
27 206
26 205
26 204
25 203
26 202
26 201
27 200
28 200
29 199
30 200
30 201
31 201
32 201
33 201
34 202
34 203
34 204
34 205
35 205
36 205
37 205
38 204
39 203
40 202
41 201
42 201
43 200
44 199
44 198
45 197
45 196
45 195
45 194
44 194
43 194
42 194
41 193
41 192
41 191
41 190
40 190
39 190
38 190
37 191
36 191
35 191
34 191
33 191
32 192
32 193
31 194
30 194
30 195
29 196
28 196
27 196
26 197
25 197
25 198
24 199
23 199
23 200
23 201
23 202
22 203
21 202
21 201
20 200
20 199
19 199
18 198
18 197
17 197
16 196
15 196
14 196
13 196
12 195
12 194
12 193
11 192
10 191
9 190
8 190
7 190
6 189
6 188
7 187
7 186
7 185
7 184
8 183
9 184
9 185
10 185
11 185
12 185
12 184
13 183
14 183
15 182
16 181
17 181
18 180
19 179
20 180
20 181
20 182
20 183
21 183
22 183
23 184
24 184
25 184
26 185
26 186
26 187
27 187
28 187
29 187
29 186
30 185
31 185
31 184
31 183
31 182
31 181
31 180
32 179
33 179
34 178
34 177
34 176
34 175
35 174
36 173
37 173
38 172
39 172
40 172
40 171
40 170
41 169
42 169
43 169
44 169
45 169
46 169
47 168
47 167
48 166
49 166
50 166
51 166
52 166
53 166
54 166
55 166
56 166
57 165
58 165
59 165
60 165
61 165
62 165
63 165
64 165
65 165
66 165
67 165
68 165
69 165
70 165
71 164
72 164
73 164
74 164
75 164
76 165
77 165
78 165
79 165
80 165
81 165
82 165
83 164
84 164
85 164
86 164
87 163
88 164
89 164
90 164
91 164
92 164
93 164
94 163
95 163
96 163
97 163
98 162
99 162
100 162
101 162
102 161
103 161
104 161
105 161
106 160
107 160
108 160
109 160
110 159
111 159
112 159
113 158
114 158
115 158
116 157
117 157
118 157
119 156
120 156
121 155
122 154
123 154
124 153
125 153
126 152
127 151
128 151
129 150
130 150
131 149
132 149
133 148
134 148
135 148
136 147
137 147
138 146
139 146
140 145
141 145
142 144
143 144
144 143
145 143
146 142
147 142
148 141
149 141
150 141
151 140
152 139
153 139
154 139
155 138
156 138
157 138
158 138
159 137
160 137
161 138
160 139
159 140
158 141
158 142
158 143
157 144
157 145
157 146
157 147
158 148
159 148
160 148
161 148
162 148
163 148
164 148
165 147
166 147
166 146
166 145
166 144
167 143
167 142
167 141
167 140
168 139
169 138
170 138
171 138
172 137
173 136
174 136
175 135
175 134
176 133
177 133
178 133
179 133
180 133
181 133
182 132
183 132
184 131
185 131
186 130
187 130
188 130
189 129
190 129
191 129
192 130
191 131
190 131
189 132
188 133
188 134
188 135
188 136
189 137
189 138
188 139
188 140
188 141
188 142
189 143
188 144
187 145
186 146
185 146
184 146
183 145
184 144
185 143
186 143
186 142
186 141
186 140
186 139
186 138
185 138
184 138
183 138
182 139
181 139
180 138
179 138
178 138
177 138
177 139
177 140
177 141
178 141
179 141
180 142
180 143
179 144
178 145
177 146
176 146
175 146
174 146
174 147
174 148
174 149
175 149
176 149
177 149
178 150
177 151
176 151
176 152
175 153
174 154
174 155
173 156
172 157
171 157
170 158
169 157
169 156
169 155
168 155
167 155
166 155
165 156
164 157
163 158
162 157
162 156
162 155
162 154
161 154
160 154
159 154
158 155
157 155
156 156
155 157
154 157
153 158
152 158
151 158
150 158
149 157
150 156
151 155
151 154
152 153
153 152
153 151
153 150
153 149
152 149
151 149
150 149
149 150
148 151
147 152
146 151
145 151
144 151
143 151
143 152
142 153
141 154
140 154
139 155
138 156
137 157
136 158
135 158
134 159
133 159
132 160
131 160
130 160
129 159
128 159
127 159
126 159
126 160
125 161
124 161
123 161
122 161
121 161
120 161
119 161
118 161
117 161
116 161
115 162
114 163
113 163
112 164
111 164
110 164
109 164
108 164
107 165
106 165
105 165
104 164
103 164
102 164
101 164
100 164
99 165
98 165
97 165
96 166
95 166
94 167
93 167
92 167
91 168
90 168
89 169
88 168
88 167
88 166
87 166
86 166
85 166
84 167
83 167
82 167
81 167
80 167
79 168
78 168
77 169
76 169
75 168
75 167
74 167
73 167
72 167
71 167
70 167
69 167
68 167
67 168
66 168
65 168
64 169
63 169
63 170
63 171
63 172
64 172
65 172
66 173
65 174
64 174
63 174
63 175
63 176
63 177
64 177
65 177
66 177
67 177
68 178
68 179
69 179
70 179
71 179
72 178
73 178
73 177
73 176
74 175
75 175
76 175
77 174
78 174
79 173
80 173
81 172
82 172
83 172
84 173
85 173
86 173
87 173
88 172
89 172
90 172
91 172
92 172
93 172
94 172
95 172
96 172
97 172
98 172
99 172
100 171
101 171
102 170
103 170
104 170
105 169
106 170
106 171
107 172
107 173
108 173
109 173
110 174
109 175
108 176
107 177
106 178
106 179
106 180
106 181
107 181
108 181
109 182
109 183
108 184
108 185
108 186
108 187
109 187
110 187
111 187
112 186
113 186
114 187
114 188
113 189
112 189
111 190
110 191
109 191
108 192
107 192
107 193
107 194
107 195
108 195
109 196
109 197
109 198
109 199
108 200
108 201
108 202
108 203
109 203
110 203
111 203
112 202
113 202
114 201
115 201
115 200
115 199
115 198
115 197
114 197
113 196
113 195
113 194
114 193
115 192
116 192
117 191
117 190
117 189
117 188
117 187
118 186
119 186
120 186
121 186
122 186
123 186
124 186
125 186
126 185
127 186
128 186
129 186
130 186
131 186
132 186
132 185
133 184
134 184
135 183
136 182
137 181
138 180
139 179
140 180
140 181
140 182
140 183
140 184
141 184
142 185
141 186
140 187
140 188
140 189
139 190
139 191
138 192
138 193
138 194
138 195
139 196
139 197
139 198
139 199
139 200
139 201
139 202
139 203
138 204
138 205
137 206
137 207
137 208
137 209
138 209
139 209
140 209
141 210
141 211
141 212
140 213
140 214
140 215
140 216
141 216
142 217
142 218
142 219
141 220
141 221
141 222
141 223
141 224
142 225
141 226
141 227
141 228
141 229
141 230
141 231
140 232
140 233
140 234
140 235
139 236
138 236
137 236
136 236
136 237
136 238
136 239
137 239
138 239
139 239
140 238
141 239
141 240
140 241
140 242
140 243
139 244
139 245
139 246
139 247
138 248
138 249
138 250
138 251
139 251
140 251
141 251
141 250
141 249
141 248
142 247
142 246
142 245
143 244
143 243
144 242
144 241
144 240
145 239
145 238
146 237
147 236
148 236
149 236
150 236
151 236
152 236
153 236
154 237
154 238
154 239
154 240
155 241
155 242
156 242
157 243
157 244
157 245
157 246
158 247
158 248
157 249
157 250
157 251
157 252
158 252
159 252
160 252
160 251
161 250
161 249
162 248
162 247
162 246
163 245
163 244
164 243
164 242
165 241
165 240
166 239
166 238
166 237
166 236
165 236
164 235
164 234
163 233
163 232
163 231
163 230
163 229
163 228
163 227
163 226
163 225
163 224
163 223
162 222
162 221
162 220
162 219
161 219
160 219
159 218
159 217
158 217
157 217
156 217
155 218
155 219
154 220
154 221
153 222
153 223
153 224
152 225
151 226
151 227
150 228
150 229
149 230
148 229
148 228
148 227
147 226
147 225
147 224
147 223
147 222
146 221
147 220
147 219
148 218
148 217
148 216
148 215
148 214
148 213
149 212
149 211
149 210
149 209
148 209
147 208
147 207
147 206
147 205
147 204
146 203
147 202
147 201
148 200
148 199
149 198
149 197
149 196
149 195
148 195
147 195
146 194
146 193
146 192
146 191
146 190
147 189
147 188
147 187
147 186
147 185
148 184
149 184
150 185
150 186
150 187
151 188
151 189
151 190
152 190
153 190
154 190
154 189
155 188
156 187
157 186
158 185
159 184
160 185
160 186
160 187
160 188
161 188
162 189
161 190
161 191
161 192
161 193
162 194
162 195
163 195
164 195
165 195
166 196
166 197
166 198
166 199
167 199
168 200
168 201
168 202
169 202
170 203
169 204
169 205
168 206
168 207
168 208
168 209
169 209
170 209
171 209
171 208
172 207
173 206
174 205
175 204
175 203
176 202
177 202
178 201
179 200
179 199
179 198
179 197
178 197
177 196
176 196
175 196
174 195
174 194
173 194
172 194
171 194
170 193
170 192
171 191
172 190
172 189
172 188
172 187
172 186
172 185
172 184
172 183
172 182
172 181
172 180
171 180
170 179
171 178
172 177
173 176
173 175
173 174
173 173
172 173
171 172
171 171
171 170
170 170
169 170
168 169
168 168
168 167
169 166
170 166
170 165
170 164
170 163
171 162
172 162
173 161
174 161
175 160
176 159
177 159
177 158
177 157
178 156
179 156
180 156
181 157
182 158
183 158
184 158
185 158
186 157
187 157
188 156
188 155
188 154
188 153
187 153
186 152
185 152
184 151
185 150
186 149
187 149
188 149
189 149
190 148
191 147
192 146
193 146
193 145
194 144
195 144
196 143
197 142
198 142
199 141
200 141
201 140
201 139
201 138
201 137
200 137
199 137
198 137
197 136
198 135
199 135
200 134
201 134
201 133
201 132
202 131
203 130
204 130
205 130
206 130
207 130
208 129
208 128
208 127
208 126
207 126
206 126
205 126
204 126
203 126
202 125
203 124
204 124
205 124
206 124
207 124
208 124
209 124
210 123
211 123
212 123
213 123
214 123
215 123
216 123
217 123
218 123
219 123
220 123
221 123
222 123
223 123
224 123
225 123
226 123
227 123
228 123
229 123
230 123
231 123
232 123
233 123
234 123
235 123
236 123
237 123
238 123
239 123
240 123
241 123
242 123
243 123
244 123
245 123
246 123
247 123
248 123
249 123
250 123
251 123
252 123
253 123
254 123
255 123
256 122
257 122
258 122
259 122
260 122
261 121
262 121
263 121
264 121
265 121
266 121
267 121
268 121
269 121
270 122
271 122
272 122
273 122
274 121
275 121
276 121
277 121
278 122
279 122
280 122
281 122
282 122
283 122
284 122
285 122
286 122
287 122
288 122
289 122
290 122
291 122
292 122
293 122
294 122
295 122
296 122
297 122
298 122
299 122
300 122
301 122
302 122
303 122
304 121
305 121
306 121
307 121
308 121
309 121
310 121
311 121
312 121
313 120
314 120
315 119
316 119
317 119
318 119
319 118
320 118
321 117
322 117
323 117
324 116
325 116
326 115
327 115
328 115
329 115
330 115
331 115
332 114
333 114
334 114
335 113
336 113
337 113
338 113
339 112
340 112
341 111
342 111
343 111
344 110
345 110
346 110
347 109
348 109
349 108
350 108
351 107
352 107
353 106
354 106
355 105
356 105
357 104
358 104
359 103
360 103
361 102
362 102
363 101
364 100
365 100
366 99
367 99
368 98
369 98
370 97
371 97
372 96
373 96
374 95
375 95
375 94
375 93
376 92
376 91
377 90
378 89
378 88
379 87
379 86
380 85
380 84
380 83
380 82
380 81
380 80
380 79
380 78
381 77
381 76
381 75
381 74
380 73
380 72
380 71
380 70
380 69
380 68
380 67
381 66
381 65
381 64
382 63
382 62
382 61
383 60
383 59
383 58
384 57
384 56
385 55
385 54
386 53
386 52
387 51
387 50
388 49
389 48
389 47
389 46
390 45
391 44
392 43
393 42
