466 23
465 24
464 25
463 25
462 25
461 26
460 27
459 28
458 29
457 30
456 31
456 32
457 33
458 34
458 35
458 36
457 37
456 38
455 38
454 38
454 39
455 40
456 40
457 40
458 41
457 42
456 43
455 44
455 45
454 46
453 47
452 48
451 49
451 50
451 51
450 52
450 53
449 54
448 55
447 56
447 57
447 58
447 59
447 60
447 61
446 62
445 63
444 64
443 65
442 66
441 67
440 68
440 69
440 70
440 71
440 72
440 73
440 74
440 75
440 76
440 77
440 78
439 79
439 80
438 81
437 82
436 83
435 84
435 85
435 86
436 87
437 88
437 89
436 90
435 91
434 92
433 92
432 91
431 91
430 92
429 93
428 93
427 93
426 93
425 93
424 93
423 93
422 93
421 94
420 95
419 95
418 95
417 96
416 97
415 98
414 98
413 98
412 98
411 98
410 98
409 99
408 100
407 100
406 101
405 101
404 102
403 103
402 103
401 103
400 104
399 105
398 105
397 105
396 106
395 107
394 108
393 109
392 110
391 110
390 110
389 111
388 112
387 113
386 113
385 113
384 114
383 115
382 115
381 115
380 115
379 115
378 116
377 117
376 118
375 118
374 118
373 119
372 120
371 120
370 120
369 120
368 120
367 120
366 120
365 120
364 121
363 122
362 123
361 123
360 123
359 124
358 125
357 126
356 127
355 128
354 128
353 128
352 129
351 130
350 130
349 130
348 131
347 132
346 133
345 133
344 133
343 134
342 135
341 136
340 137
339 137
338 136
337 136
336 136
335 137
334 138
333 138
332 138
331 139
330 140
329 140
328 140
327 141
326 142
325 143
324 144
323 145
322 145
321 145
320 145
319 145
318 145
317 145
316 145
315 145
314 145
313 145
312 145
311 146
310 147
309 148
308 148
307 148
306 149
305 150
304 149
303 148
302 148
301 149
300 150
299 150
298 150
297 151
296 152
295 153
294 154
293 155
292 155
291 155
290 155
289 155
288 155
287 155
286 156
285 157
284 157
283 157
282 156
281 156
280 157
279 157
278 156
277 156
276 157
275 157
274 157
273 156
272 156
271 157
270 158
269 158
268 158
267 158
266 158
265 158
264 158
263 158
262 158
261 158
260 157
259 156
258 156
257 157
256 158
255 158
254 158
253 158
252 158
251 157
250 156
249 156
248 157
247 157
246 156
245 156
244 155
243 155
242 155
241 155
240 156
239 157
238 157
237 157
236 156
235 155
234 155
233 155
232 155
231 155
230 155
229 155
228 154
227 153
226 154
225 154
224 155
223 155
222 155
221 155
220 155
219 155
218 155
217 155
216 155
215 155
214 155
213 155
212 156
211 157
210 158
209 158
208 158
207 159
206 160
205 159
204 158
203 159
202 159
201 160
200 160
199 160
198 160
197 160
196 159
195 158
195 157
195 156
195 155
195 154
195 153
194 153
193 154
192 155
191 154
190 153
189 152
188 151
187 150
186 150
185 150
184 149
183 148
182 148
181 148
180 147
179 146
179 145
179 144
178 143
177 143
176 143
175 143
174 143
173 142
172 141
172 140
172 139
172 138
172 137
172 136
171 136
170 137
169 137
168 137
167 136
166 135
166 134
165 133
164 132
163 131
162 130
161 130
160 130
159 129
158 128
158 127
158 126
157 125
156 125
155 125
154 124
153 123
152 123
151 123
150 122
149 121
148 120
147 120
146 120
145 119
144 118
143 119
142 120
141 120
140 120
139 120
138 120
137 120
136 119
135 118
134 119
133 120
132 120
131 119
130 118
129 119
128 120
127 119
126 118
126 117
126 116
125 116
124 117
123 117
122 117
121 116
120 115
119 115
118 115
117 115
116 115
115 115
114 115
113 115
112 115
111 115
110 115
109 115
108 115
107 115
106 114
106 113
106 112
105 111
104 111
103 112
102 113
101 113
100 113
99 113
98 113
97 112
96 111
95 110
94 110
93 110
92 110
91 110
90 111
89 112
88 112
87 111
86 111
85 112
84 113
83 113
82 113
81 114
80 115
79 116
78 117
77 118
76 118
75 118
74 119
73 120
72 120
71 120
70 121
69 122
68 123
67 123
66 123
65 124
66 125
67 126
66 127
65 128
64 128
63 128
62 129
61 130
60 130
59 130
58 131
57 132
56 133
56 134
56 135
56 136
55 137
54 138
53 138
52 138
51 139
51 140
51 141
50 142
49 143
49 144
49 145
49 146
48 147
47 148
46 148
45 148
44 149
43 150
42 151
42 152
42 153
42 154
41 155
40 156
39 157
38 158
37 159
36 160
35 161
35 162
35 163
35 164
34 165
33 166
33 167
34 168
35 169
34 170
33 171
33 172
33 173
33 174
33 175
33 176
33 177
33 178
33 179
34 180
35 181
34 182
33 183
32 184
31 185
31 186
30 187
30 188
31 189
31 190
32 191
33 192
33 193
32 194
31 195
31 196
30 197
30 198
31 199
31 200
32 201
32 202
31 203
30 204
29 205
28 206
27 207
26 208
26 209
27 210
28 211
27 212
26 213
25 213
24 213
23 214
23 215
23 216
23 217
23 218
23 219
22 220
21 221
20 222
20 223
19 224
18 225
17 226
17 227
17 228
16 229
15 230
15 231
14 232
13 232
13 233
12 234
12 235
12 236
12 237
12 238
12 239
11 240
10 240
9 240
8 241
7 242
7 243
7 244
6 245
5 246
6 247
7 247
8 247
9 248
9 249
8 250
8 251
7 252
7 253
8 254
8 255
9 256
10 257
11 258
12 259
12 260
12 261
12 262
12 263
12 264
13 265
14 265
15 265
16 265
17 265
18 265
19 266
20 267
20 268
21 269
22 270
23 270
24 270
25 270
26 270
27 270
28 271
29 272
30 273
31 274
32 275
33 275
34 275
35 275
36 275
37 275
38 275
39 275
40 275
41 274
42 273
43 273
44 274
45 274
46 273
47 273
48 272
49 272
50 272
51 272
52 272
53 272
54 272
55 271
56 270
57 270
58 270
59 269
60 268
60 267
60 266
61 265
62 264
63 263
64 262
65 262
66 262
67 262
68 262
69 262
70 262
71 261
72 260
73 260
74 260
75 259
76 258
77 257
78 257
79 257
80 257
81 256
81 255
82 254
83 253
83 252
83 251
84 250
85 250
86 250
87 249
88 248
89 247
90 246
91 245
92 246
93 247
94 246
95 245
96 245
97 245
98 245
99 245
100 245
101 246
102 247
103 247
104 247
105 247
106 247
107 247
108 248
109 249
110 250
111 250
112 250
113 251
114 252
115 253
116 254
117 255
117 256
118 257
118 258
118 259
118 260
118 261
118 262
119 263
120 264
121 265
122 266
122 267
122 268
122 269
122 270
122 271
123 272
124 273
125 274
126 275
127 275
128 275
129 275
130 275
131 276
132 277
133 278
134 279
134 280
134 281
135 282
135 283
136 284
137 285
138 286
138 287
138 288
138 289
138 290
138 291
139 292
140 292
141 292
142 293
143 294
143 295
143 296
144 297
145 298
146 299
146 300
147 301
148 302
149 303
150 304
150 305
150 306
151 307
152 307
153 307
154 307
155 307
156 308
157 309
158 310
159 311
160 312
161 312
162 312
163 313
164 314
164 315
164 316
164 317
165 318
166 319
167 320
168 320
169 320
170 321
171 322
171 323
171 324
171 325
171 326
171 327
172 328
173 329
174 330
175 330
176 330
177 331
178 332
178 333
178 334
179 335
179 336
180 336
181 337
181 338
182 339
183 340
184 340
185 340
186 341
187 342
187 343
187 344
187 345
187 346
187 347
187 348
187 349
188 350
189 351
188 352
187 353
186 354
185 355
184 355
183 355
182 356
183 357
184 358
184 359
184 360
184 361
184 362
184 363
184 364
183 365
182 366
183 367
184 368
184 369
183 370
182 371
183 372
184 373
184 374
184 375
184 376
184 377
184 378
184 379
184 380
184 381
185 382
186 383
187 384
188 385
189 386
190 387
191 388
192 389
193 390
194 390
195 390
196 391
196 392
196 393
196 394
197 395
198 395
199 395
200 396
201 397
202 397
203 397
204 398
205 399
205 400
205 401
206 402
207 403
208 404
209 405
209 406
210 407
210 408
210 409
211 410
212 411
213 412
214 413
215 414
215 415
216 416
217 417
218 417
219 417
220 418
221 419
221 420
221 421
222 422
223 422
224 422
225 423
226 424
227 425
228 425
229 425
230 426
231 427
232 427
233 427
234 427
235 427
236 428
237 428
238 429
238 430
239 431
240 432
241 432
242 432
243 432
244 432
245 432
246 431
247 430
248 431
249 432
250 432
251 431
252 430
253 430
254 430
255 429
256 428
257 427
257 426
257 425
257 424
257 423
256 422
255 421
256 420
257 419
257 418
257 417
257 416
256 415
255 415
254 415
253 414
253 413
253 412
253 411
254 410
255 409
254 408
253 407
252 406
252 405
251 404
250 403
250 402
250 401
250 400
250 399
250 398
249 398
248 398
247 397
247 396
248 395
249 395
250 395
251 395
252 395
253 395
254 395
255 396
256 397
256 398
256 399
256 400
256 401
256 402
256 403
256 404
257 405
258 405
259 405
260 406
260 407
260 408
261 409
261 410
262 411
262 412
261 413
261 414
261 415
262 416
263 417
263 418
262 419
261 420
261 421
261 422
262 422
263 422
264 423
265 424
265 425
265 426
264 427
263 428
263 429
263 430
263 431
263 432
264 433
265 434
265 435
265 436
265 437
265 438
265 439
265 440
265 441
266 442
267 442
268 442
269 443
270 444
270 445
270 446
270 447
271 448
272 449
272 450
272 451
272 452
273 453
274 454
274 455
274 456
274 457
274 458
274 459
275 460
276 461
276 462
276 463
276 464
276 465
276 466
276 467
276 468
277 469
278 470
278 471
279 472
279 473
279 474
280 475
281 476
281 477
281 478
281 479
282 480
283 481
283 482
282 483
281 484
282 485
283 486
283 487
282 488
281 489
281 490
281 491
281 492
281 493
281 494
280 495
279 496
279 497
279 498
279 499
279 500
279 501
278 502
277 503
276 504
276 505
276 506
277 507
278 508
279 509
280 510
281 511
281 512
281 513
281 514
282 515
283 516
284 517
285 518
286 519
287 519
288 518
289 517
290 516
290 515
290 514
290 513
291 512
292 512
293 512
294 511
295 510
296 510
297 510
298 509
299 508
299 507
299 506
299 505
299 504
299 503
300 502
301 501
301 500
301 499
302 498
303 497
303 496
303 495
303 494
304 493
305 492
306 492
307 492
308 491
308 490
308 489
309 488
310 487
311 486
311 485
312 484
313 483
313 482
312 481
311 480
311 479
310 478
309 477
308 476
308 475
308 474
309 473
310 472
310 471
309 470
308 469
308 468
308 467
308 466
308 465
308 464
309 463
310 462
310 461
309 460
308 459
308 458
308 457
308 456
308 455
308 454
308 453
308 452
308 451
309 450
310 449
310 448
310 447
311 446
311 445
312 444
313 443
313 442
313 441
313 440
313 439
313 438
313 437
313 436
313 435
313 434
312 433
311 432
310 431
310 430
310 429
311 428
312 427
313 426
313 425
313 424
312 423
311 423
310 423
309 422
308 421
308 420
308 419
309 418
310 417
310 416
310 415
310 414
310 413
310 412
311 411
311 410
312 409
313 408
313 407
312 406
311 405
311 404
310 403
309 402
308 401
309 400
310 400
311 400
312 399
313 398
313 397
312 396
311 395
311 394
310 393
309 392
308 391
309 390
310 389
311 388
312 387
312 386
311 385
311 384
310 383
310 382
310 381
309 380
308 379
307 378
306 377
305 376
304 375
304 374
303 373
303 372
303 371
303 370
303 369
303 368
303 367
304 366
304 365
305 364
305 363
304 362
303 361
303 360
303 359
303 358
302 357
301 356
302 355
303 355
304 355
305 354
306 353
307 352
308 352
309 352
310 352
310 351
309 350
308 349
309 348
310 347
311 347
312 347
313 346
314 345
315 344
316 343
316 342
317 341
318 340
319 340
320 340
321 340
322 340
323 340
324 339
325 338
326 337
327 337
328 337
329 336
330 335
331 335
332 335
333 335
334 335
335 335
336 335
337 334
338 334
339 333
340 332
341 332
342 332
342 331
342 330
342 329
342 328
341 327
340 326
340 325
340 324
341 323
342 322
343 322
344 322
345 321
346 320
347 321
348 322
348 323
348 324
349 325
350 325
351 325
352 325
353 325
354 324
355 323
356 322
357 322
358 322
358 321
357 320
356 320
355 320
354 319
355 318
356 317
357 317
358 317
359 317
360 317
361 316
362 315
363 315
364 315
365 314
365 313
364 312
363 311
364 310
365 310
366 310
367 309
368 308
369 308
370 307
371 307
372 307
373 306
374 305
375 305
376 305
377 304
376 303
375 302
375 301
376 300
377 300
378 300
379 300
380 300
381 300
382 300
383 299
384 299
385 298
386 297
387 297
388 297
389 297
390 297
391 297
392 297
393 296
394 295
395 295
396 295
397 294
398 293
399 292
400 291
401 290
402 290
403 290
404 289
405 288
406 287
407 287
408 287
409 286
410 285
411 285
412 285
413 284
414 283
415 282
416 281
417 280
418 279
419 278
420 277
421 277
422 277
423 277
424 277
425 277
426 276
427 275
428 276
429 277
430 276
431 275
432 276
433 277
433 278
433 279
434 280
435 280
436 280
437 281
438 282
439 283
440 284
440 285
440 286
440 287
441 287
442 287
443 287
444 287
445 287
446 288
447 289
448 290
449 290
450 290
451 290
452 290
453 291
454 292
455 291
456 290
457 290
458 291
459 292
460 292
461 292
462 292
463 292
464 292
465 292
466 292
467 292
468 292
469 293
470 294
471 295
472 295
473 295
474 296
475 297
476 297
477 297
478 297
479 297
480 297
481 297
482 297
483 298
484 299
485 300
485 301
486 302
487 302
488 302
489 302
490 302
491 302
492 302
493 302
494 302
495 302
496 303
497 304
498 304
499 305
500 305
501 304
502 303
503 303
504 304
504 305
504 306
505 307
506 307
507 307
508 308
509 309
510 309
511 308
512 308
513 308
514 309
514 310
515 311
516 312
517 312
518 312
519 313
520 314
521 315
522 316
523 317
523 318
523 319
524 320
525 320
526 320
527 321
527 322
527 323
527 324
527 325
527 326
526 327
525 328
525 329
526 330
527 331
526 332
525 333
524 333
523 333
522 334
521 335
520 336
520 337
520 338
520 339
520 340
520 341
520 342
520 343
520 344
519 345
518 346
519 347
519 348
520 349
521 349
522 350
523 350
524 351
525 352
526 352
527 351
528 350
529 351
530 352
531 351
532 350
533 349
534 348
535 348
536 348
537 349
538 350
539 351
539 352
540 352
540 351
539 350
538 349
539 348
540 347
541 347
542 347
543 346
544 345
545 345
546 345
547 344
547 343
547 342
547 341
547 340
547 339
548 338
549 337
549 336
549 335
549 334
549 333
549 332
549 331
549 330
549 329
549 328
548 327
547 326
548 325
549 324
550 323
551 322
551 321
551 320
550 319
550 318
551 317
552 316
553 315
554 314
553 313
552 312
552 311
553 310
554 310
555 310
556 309
557 308
558 307
559 306
560 305
561 304
560 303
559 302
559 301
560 300
561 299
561 298
561 297
561 296
561 295
561 294
561 293
561 292
561 291
560 290
559 289
559 288
559 287
559 286
559 285
559 284
558 283
557 282
556 281
555 280
554 280
553 280
552 279
551 278
550 278
549 278
548 277
547 276
546 276
545 277
544 277
543 277
542 276
541 275
540 275
539 275
538 274
537 273
536 273
535 273
534 272
533 271
532 270
531 269
531 268
531 267
531 266
530 266
529 267
528 267
527 267
526 266
525 265
524 264
525 263
526 262
527 261
528 260
529 261
530 262
531 262
532 262
533 262
534 262
535 262
536 262
537 262
538 262
539 262
540 263
541 264
542 265
543 265
544 265
545 265
546 265
547 265
548 265
549 265
550 266
551 267
552 266
553 265
554 266
555 267
555 268
555 269
556 269
557 268
558 268
559 268
560 269
561 270
562 270
563 270
564 271
565 272
566 272
567 272
568 272
569 272
570 272
571 272
572 272
573 272
574 272
575 271
576 270
577 270
578 270
579 269
580 268
581 267
582 267
583 267
584 267
585 267
586 268
587 269
588 270
589 270
590 270
591 270
592 270
593 269
594 268
595 267
596 267
597 267
598 267
599 267
600 267
601 267
602 267
603 267
604 267
605 267
606 267
607 267
608 267
609 267
610 267
611 267
612 266
613 265
614 266
615 267
616 266
617 265
618 264
619 263
620 263
621 263
622 264
623 264
624 263
625 263
626 264
627 265
628 265
629 265
630 265
631 265
632 265
633 265
634 265
635 265
636 265
637 266
637 267
637 268
638 269
639 270
640 270
641 270
642 271
642 272
642 273
642 274
643 275
644 275
645 275
646 276
647 277
648 278
649 279
649 280
649 281
650 282
651 281
652 280
653 280
654 280
655 279
656 278
657 277
658 277
659 277
660 276
661 275
662 274
663 273
664 272
665 272
666 272
667 271
668 270
669 269
670 268
671 267
671 266
670 265
669 265
668 265
667 264
667 263
667 262
667 261
667 260
667 259
667 258
668 257
669 256
668 255
667 255
666 255
665 254
664 253
664 252
664 251
663 250
662 249
661 248
660 248
659 248
658 247
657 246
657 245
657 244
657 243
657 242
657 241
657 240
657 239
657 238
656 238
655 238
654 237
653 236
653 235
653 234
652 233
651 233
650 233
649 233
648 233
647 232
646 231
645 231
644 232
643 232
642 232
641 231
640 231
639 232
638 232
637 231
636 231
635 231
634 232
633 233
632 233
631 233
630 234
629 235
628 234
628 233
628 232
627 231
626 231
625 232
624 233
623 233
622 232
621 232
620 231
619 230
618 230
617 230
616 230
615 230
614 229
613 228
612 228
611 228
610 228
609 228
608 227
607 226
607 225
607 224
607 223
607 222
607 221
607 220
607 219
606 218
605 218
604 218
603 217
603 216
603 215
604 214
605 213
605 212
604 211
603 210
603 209
602 208
601 208
600 208
599 208
598 208
597 208
596 208
595 208
594 207
593 206
594 205
595 204
596 203
597 202
598 202
599 202
600 201
599 200
598 200
597 200
596 199
595 198
595 197
595 196
595 195
595 194
595 193
594 193
593 194
592 195
591 195
590 195
589 194
589 193
589 192
588 191
587 190
586 190
585 190
584 189
583 188
582 189
581 190
580 189
579 188
579 187
579 186
579 185
579 184
579 183
579 182
579 181
578 181
577 182
576 182
575 182
574 181
574 180
573 179
572 178
572 177
572 176
572 175
572 174
572 173
571 173
570 174
569 175
568 174
567 173
566 172
566 171
566 170
566 169
565 168
564 167
563 166
563 165
563 164
563 163
562 162
561 161
560 160
559 159
559 158
559 157
558 156
557 156
556 157
555 158
554 158
553 158
552 159
551 160
550 160
549 160
548 160
547 160
546 160
545 159
544 158
543 157
543 156
544 155
545 154
544 153
543 152
543 151
544 150
545 149
546 148
547 147
548 147
549 147
549 146
548 145
547 144
546 143
546 142
545 141
545 140
545 139
544 138
543 137
542 136
541 135
541 134
541 133
542 132
543 131
543 130
543 129
542 128
541 127
540 126
539 125
538 125
537 125
536 124
535 123
534 124
533 125
532 125
531 124
530 123
529 124
528 125
527 124
526 123
525 123
524 123
523 122
522 121
521 121
520 121
519 122
518 122
517 121
516 120
515 119
514 118
513 117
512 116
511 116
510 117
509 117
508 116
507 115
506 115
505 115
504 115
503 115
502 115
501 115
500 115
499 114
498 113
497 112
497 111
497 110
497 109
496 108
495 107
494 106
493 105
492 105
491 105
490 104
489 103
488 102
487 101
486 100
485 99
485 98
485 97
485 96
486 95
487 94
488 93
489 92
490 91
490 90
490 89
490 88
490 87
489 86
488 85
488 84
487 83
487 82
487 81
487 80
487 79
487 78
486 77
485 76
485 75
485 74
485 73
485 72
485 71
486 70
487 69
487 68
487 67
487 66
487 65
487 64
487 63
487 62
487 61
486 60
485 59
486 58
487 57
487 56
486 55
485 54
486 53
487 52
487 51
486 50
485 49
485 48
485 47
485 46
484 45
483 44
483 43
483 42
482 41
482 40
481 39
480 38
479 37
478 36
478 35
478 34
477 33
477 32
476 31
475 31
474 30
473 30
472 30
471 30
470 30
469 29
469 28
469 27
469 26
468 25
467 24
