42 1
41 2
40 2
39 2
38 3
37 3
36 4
35 4
34 4
33 4
32 5
31 5
30 6
29 6
28 7
27 7
27 8
26 9
25 10
25 11
24 12
23 13
22 14
21 15
21 16
20 17
20 18
19 19
18 20
17 20
16 21
15 22
14 22
13 23
12 23
11 24
10 24
9 25
8 25
7 26
6 26
5 27
4 28
3 28
2 28
1 29
1 30
1 31
1 32
1 33
1 34
1 35
1 36
1 37
1 38
1 39
2 40
3 41
4 42
4 43
5 44
5 45
6 45
7 46
8 46
9 46
10 47
11 47
12 47
13 48
14 48
15 48
16 48
17 47
18 47
19 47
20 47
21 48
22 48
23 48
24 48
25 48
26 48
27 47
28 47
29 47
30 47
31 47
32 47
33 47
34 47
35 47
36 47
37 47
38 48
39 49
40 50
41 51
41 52
42 53
43 54
43 55
43 56
44 57
45 58
45 59
45 60
45 61
45 62
45 63
46 64
46 65
47 66
47 67
47 68
48 69
48 70
48 71
49 72
49 73
50 74
50 75
50 76
51 77
51 78
51 79
52 80
53 81
53 82
53 83
53 84
54 85
54 86
54 87
55 88
55 89
55 90
55 91
55 92
55 93
55 94
56 95
56 96
57 97
57 98
57 99
56 100
55 101
54 102
53 102
52 103
51 104
50 105
49 106
48 107
47 107
46 108
45 108
44 109
43 109
43 110
42 111
42 112
42 113
41 114
41 115
41 116
41 117
42 118
42 119
43 120
43 121
43 122
44 123
44 124
45 125
45 126
45 127
45 128
45 129
45 130
45 131
46 132
46 133
46 134
47 135
47 136
47 137
48 138
48 139
49 140
50 141
51 142
51 143
52 144
53 145
54 145
55 146
56 146
57 146
58 146
59 145
59 144
60 143
60 142
60 141
60 140
61 139
61 138
61 137
61 136
61 135
61 134
62 133
63 133
64 134
64 135
64 136
64 137
64 138
64 139
64 140
64 141
64 142
63 143
63 144
62 145
62 146
62 147
61 148
61 149
60 150
60 151
60 152
60 153
60 154
60 155
60 156
60 157
60 158
60 159
60 160
59 161
59 162
59 163
59 164
58 165
58 166
58 167
58 168
58 169
58 170
57 171
57 172
56 173
55 174
54 175
53 176
52 176
51 177
51 178
51 179
51 180
51 181
51 182
51 183
51 184
52 184
53 184
54 183
55 183
56 183
57 183
58 183
59 182
60 181
61 180
62 180
63 179
64 179
65 179
66 179
67 178
68 178
68 177
68 176
68 175
68 174
69 173
69 172
70 171
70 170
71 169
71 168
72 167
73 166
74 165
74 164
74 163
75 162
75 161
75 160
76 159
76 158
76 157
77 156
77 155
77 154
77 153
78 152
78 151
78 150
78 149
79 148
79 147
79 146
79 145
80 144
80 143
81 142
81 141
82 140
82 139
83 138
83 137
84 136
84 135
85 134
85 133
86 132
87 131
88 130
89 129
90 128
91 127
92 127
93 126
94 125
95 125
96 124
97 124
98 123
99 123
100 123
101 123
102 123
103 123
104 123
105 123
106 123
107 123
108 123
109 124
110 124
111 125
112 124
113 124
114 124
115 124
116 124
117 124
118 124
119 124
120 124
121 124
122 124
123 124
124 124
125 124
126 124
127 124
128 124
129 124
130 124
131 124
132 123
133 123
134 123
135 123
136 123
137 123
138 122
139 122
140 122
141 121
142 121
143 121
144 120
145 120
146 119
147 119
148 119
149 119
150 119
151 119
152 119
153 119
154 119
155 119
156 119
157 119
158 119
159 119
160 120
161 120
162 121
163 120
164 120
165 120
166 121
167 122
168 122
169 123
170 124
170 125
170 126
169 127
169 128
169 129
170 130
170 131
170 132
170 133
170 134
170 135
170 136
170 137
170 138
170 139
170 140
170 141
170 142
170 143
170 144
171 145
171 146
172 147
172 148
172 149
172 150
172 151
173 151
174 152
175 153
176 154
177 155
178 156
178 157
179 158
179 159
179 160
179 161
180 162
180 163
181 164
181 165
181 166
181 167
181 168
181 169
181 170
180 171
179 172
178 172
177 172
176 173
175 174
174 175
174 176
174 177
175 178
176 178
177 179
178 179
179 179
180 180
180 181
181 180
182 180
183 180
184 180
185 179
186 179
187 178
187 177
188 176
188 175
189 174
190 173
191 172
192 171
193 171
194 170
195 170
196 170
197 169
198 168
199 167
199 166
200 165
200 164
200 163
200 162
200 161
200 160
199 159
198 158
197 157
196 156
195 155
195 154
194 153
194 152
193 151
193 150
192 149
192 148
193 147
194 147
195 148
196 149
197 150
198 150
199 151
199 152
200 152
201 153
201 154
202 154
203 155
203 156
204 157
205 158
206 159
207 160
208 161
209 161
210 161
211 161
212 161
213 161
214 162
215 163
216 164
217 164
218 164
219 165
220 165
221 166
222 166
223 167
224 167
225 168
226 168
227 168
228 168
229 169
230 169
231 170
232 171
233 172
234 173
234 174
235 175
235 176
235 177
236 178
236 179
236 180
236 181
237 181
238 181
239 181
240 181
241 181
242 181
243 181
244 181
245 181
246 180
246 179
246 178
246 177
247 176
247 175
247 174
246 173
246 172
246 171
246 170
246 169
246 168
246 167
246 166
246 165
245 164
244 163
243 163
242 162
241 162
240 161
239 161
238 161
237 160
237 159
236 159
235 159
234 158
234 157
233 156
232 155
231 154
230 153
229 152
228 151
228 150
227 149
226 148
226 147
225 146
224 145
223 144
223 143
222 142
221 141
221 140
221 139
221 138
221 137
220 136
220 135
220 134
220 133
220 132
220 131
220 130
221 129
221 128
220 127
220 126
220 125
220 124
219 123
219 122
218 121
218 120
217 119
216 118
216 117
216 116
215 115
215 114
215 113
214 112
214 111
214 110
214 109
214 108
214 107
214 106
214 105
214 104
214 103
214 102
214 101
214 100
214 99
215 98
215 97
215 96
214 95
213 94
213 93
213 92
212 91
212 90
212 89
212 88
212 87
211 86
211 85
210 84
210 83
210 82
211 81
212 81
213 80
214 79
214 78
214 77
215 76
216 77
217 78
218 78
219 78
220 77
221 78
222 79
222 80
223 81
224 81
225 81
226 81
227 81
228 80
229 81
229 82
229 83
229 84
229 85
229 86
230 87
230 88
231 89
232 89
233 89
234 90
234 91
235 92
236 92
237 92
238 93
238 94
238 95
238 96
238 97
238 98
238 99
239 100
240 100
241 101
242 102
243 102
244 102
245 103
246 104
247 105
248 105
249 105
250 104
250 103
250 102
249 101
249 100
249 99
249 98
249 97
249 96
249 95
249 94
249 93
248 92
248 91
249 90
250 89
250 88
250 87
250 86
249 85
249 84
248 83
248 82
248 81
248 80
248 79
247 78
248 77
248 76
248 75
248 74
248 73
247 72
246 71
246 70
245 69
244 68
243 67
242 66
241 65
240 64
240 63
239 62
238 61
238 60
237 59
237 58
236 57
235 57
234 56
233 55
232 55
231 55
230 54
229 53
228 53
227 53
226 53
225 53
224 53
223 53
222 53
221 53
220 53
219 53
218 52
217 52
216 52
215 52
214 53
213 53
212 53
211 54
211 55
211 56
210 57
209 57
208 58
207 58
206 59
205 59
204 60
203 61
202 61
201 62
200 62
199 63
198 64
197 65
196 66
195 66
195 67
194 68
193 69
192 69
191 68
190 68
189 67
188 67
187 67
186 67
185 67
184 67
183 66
182 66
181 66
180 66
179 66
178 66
177 66
176 66
175 66
174 66
173 66
172 66
171 66
170 66
169 66
168 66
167 65
166 65
165 65
164 65
163 65
162 65
161 64
160 64
159 64
158 64
157 64
156 64
155 64
154 64
153 64
152 64
151 64
150 64
149 64
148 64
147 63
146 63
145 63
144 63
143 63
142 63
141 63
140 63
139 63
138 62
137 62
136 62
135 62
134 62
133 62
132 62
131 62
130 62
129 62
128 62
127 62
126 61
125 61
124 61
123 61
122 61
121 60
120 60
119 59
118 59
117 59
116 58
115 58
114 58
113 57
112 56
111 56
110 55
109 54
108 54
107 53
106 52
105 52
104 51
103 50
102 50
101 49
100 49
99 48
98 48
97 47
96 46
95 45
94 44
94 43
93 43
92 42
91 42
90 41
89 40
89 39
89 38
88 37
88 36
87 35
86 34
86 33
85 32
85 31
84 30
84 29
84 28
84 27
83 26
83 25
82 24
81 23
80 22
79 21
78 20
77 19
76 18
75 17
75 16
74 15
73 14
73 13
72 12
71 11
71 10
70 10
69 9
68 8
67 7
66 7
65 6
64 5
64 4
63 4
62 3
61 2
60 1
59 1
58 1
57 1
56 1
55 1
54 1
53 1
52 1
51 1
50 1
49 1
48 1
47 1
46 1
45 1
44 1
43 1
