140 1
139 2
139 3
138 4
137 4
136 4
135 4
134 5
133 5
132 6
131 6
130 6
129 7
128 8
127 8
126 8
125 8
124 8
123 9
122 9
121 9
120 9
119 9
118 10
117 10
116 10
115 10
114 11
113 11
112 11
111 12
110 12
109 12
108 12
107 12
106 13
105 13
104 13
103 13
102 13
101 14
100 14
99 14
98 14
97 15
96 15
95 16
94 16
93 16
92 16
91 16
90 16
89 17
89 18
88 19
87 19
86 19
86 20
85 21
84 21
83 21
83 22
82 23
81 24
81 25
80 26
79 26
78 26
77 26
76 27
75 27
75 28
75 29
75 30
75 31
74 32
73 32
72 32
71 33
70 33
69 33
68 33
67 34
66 34
65 34
64 34
63 34
62 34
61 34
60 34
59 34
58 35
57 35
56 35
55 34
54 34
53 34
52 34
51 35
50 35
49 34
48 34
47 33
46 33
45 33
44 33
43 33
42 33
41 34
40 34
39 34
38 33
37 33
36 33
35 33
34 34
33 34
32 34
31 34
30 34
29 34
28 34
27 35
26 35
25 35
24 35
23 35
22 36
21 36
20 37
19 37
18 37
17 37
16 37
15 37
14 38
13 38
12 38
11 38
10 38
9 38
8 38
7 39
6 39
5 40
4 40
3 40
3 41
2 42
1 42
1 43
1 44
1 45
1 46
1 47
1 48
2 48
3 49
3 50
3 51
4 52
5 52
6 53
7 54
7 55
8 55
9 55
10 56
11 57
12 57
13 58
13 59
14 60
15 61
16 61
17 62
18 62
19 63
20 64
21 64
22 64
23 64
24 65
25 65
26 65
27 66
28 66
29 66
30 66
31 67
32 67
33 67
34 67
35 67
36 67
37 67
38 68
39 68
40 68
41 68
42 68
43 68
44 69
45 69
46 69
47 69
48 69
49 69
50 70
51 70
52 70
53 70
54 70
55 70
56 70
57 70
58 71
59 71
60 72
61 72
62 73
63 73
64 74
65 75
66 75
67 75
68 75
69 76
70 76
71 76
72 76
73 76
74 76
75 76
76 76
77 75
78 75
79 75
80 75
81 74
82 74
83 74
84 74
85 74
86 74
87 73
88 74
89 74
90 74
91 74
92 74
93 74
94 74
95 75
96 75
97 75
98 75
99 75
100 76
101 76
102 76
103 76
104 76
105 76
106 76
107 76
108 76
109 76
110 76
111 76
112 77
113 77
114 78
114 79
115 80
116 80
117 80
118 81
119 81
120 81
121 82
122 82
123 83
124 83
125 84
126 84
127 85
127 86
128 87
128 88
129 89
130 89
131 90
131 91
131 92
132 93
133 94
133 95
133 96
133 97
134 98
134 99
134 100
134 101
135 102
135 103
135 104
135 105
135 106
136 107
136 108
136 109
136 110
136 111
136 112
136 113
136 114
137 115
137 116
137 117
137 118
137 119
137 120
137 121
137 122
137 123
137 124
138 125
138 126
138 127
138 128
138 129
138 130
138 131
138 132
138 133
138 134
138 135
138 136
138 137
138 138
138 139
138 140
138 141
138 142
138 143
138 144
138 145
138 146
138 147
138 148
138 149
138 150
138 151
139 152
139 153
139 154
139 155
139 156
139 157
139 158
139 159
139 160
139 161
139 162
140 163
140 164
140 165
140 166
140 167
140 168
140 169
140 170
141 171
141 172
141 173
141 174
141 175
141 176
141 177
141 178
141 179
142 180
142 181
142 182
142 183
143 184
143 185
143 186
143 187
144 188
144 189
144 190
144 191
144 192
144 193
144 194
144 195
145 196
145 197
146 198
146 199
147 200
147 201
147 202
147 203
147 204
148 205
148 206
149 207
149 208
149 209
150 210
150 211
150 212
150 213
151 214
152 215
152 216
153 217
153 218
153 219
153 220
153 221
153 222
153 223
154 223
155 223
156 224
156 225
156 226
156 227
157 228
157 229
157 230
158 231
158 232
158 233
158 234
159 235
159 236
159 237
159 238
159 239
159 240
159 241
159 242
159 243
160 244
160 245
160 246
159 247
159 248
159 249
159 250
159 251
159 252
159 253
159 254
159 255
159 256
159 257
159 258
159 259
159 260
159 261
159 262
159 263
160 264
160 265
160 266
160 267
161 268
161 269
162 270
162 271
162 272
162 273
162 274
163 275
163 276
163 277
164 278
164 279
164 280
164 281
164 282
164 283
165 284
165 285
165 286
166 287
166 288
166 289
166 290
166 291
166 292
166 293
166 294
166 295
166 296
166 297
166 298
166 299
166 300
167 301
167 302
167 303
168 304
168 305
168 306
169 307
169 308
169 309
169 310
170 311
170 312
171 313
171 314
172 315
173 316
173 317
173 318
173 319
174 319
175 320
175 321
175 322
175 323
176 324
176 325
176 326
177 327
177 328
177 329
177 330
178 331
178 332
179 333
179 334
180 335
180 336
180 337
181 337
182 338
182 339
182 340
182 341
183 342
183 343
183 344
183 345
184 346
184 347
184 348
183 349
183 350
183 351
183 352
183 353
182 354
182 355
182 356
182 357
181 358
181 359
181 360
181 361
181 362
181 363
180 364
180 365
180 366
180 367
180 368
180 369
180 370
180 371
180 372
180 373
180 374
180 375
180 376
180 377
180 378
180 379
180 380
180 381
180 382
180 383
180 384
180 385
180 386
180 387
180 388
180 389
180 390
180 391
181 392
181 393
181 394
181 395
181 396
181 397
182 398
182 399
182 400
182 401
182 402
182 403
182 404
182 405
182 406
183 407
183 408
183 409
183 410
183 411
183 412
183 413
183 414
183 415
183 416
183 417
184 418
184 419
184 420
184 421
184 422
184 423
184 424
184 425
184 426
184 427
184 428
184 429
185 430
185 431
185 432
185 433
185 434
185 435
185 436
185 437
185 438
185 439
185 440
185 441
185 442
185 443
185 444
185 445
185 446
185 447
185 448
186 449
186 450
186 451
185 452
185 453
185 454
185 455
185 456
185 457
185 458
185 459
185 460
185 461
185 462
185 463
185 464
185 465
185 466
185 467
185 468
185 469
185 470
185 471
185 472
185 473
185 474
185 475
185 476
185 477
185 478
185 479
185 480
185 481
185 482
185 483
185 484
185 485
185 486
185 487
185 488
185 489
185 490
185 491
185 492
184 493
184 494
184 495
184 496
184 497
184 498
184 499
184 500
184 501
184 502
184 503
183 504
183 505
183 506
183 507
183 508
183 509
183 510
183 511
183 512
182 513
182 514
182 515
182 516
182 517
181 518
181 519
181 520
181 521
181 522
181 523
181 524
181 525
181 526
181 527
181 528
181 529
181 530
180 531
180 532
180 533
180 534
180 535
180 536
180 537
180 538
180 539
180 540
180 541
180 542
180 543
180 544
179 545
178 545
178 546
177 547
176 548
176 549
175 550
174 550
173 550
172 550
171 550
170 550
169 550
168 550
167 550
166 550
165 550
164 550
163 550
162 550
161 551
160 551
159 552
158 553
157 554
156 555
155 556
155 557
154 558
153 559
152 560
152 561
151 562
151 563
150 564
150 565
150 566
150 567
150 568
150 569
151 570
151 571
152 572
152 573
153 573
154 573
155 574
154 575
153 576
152 577
151 578
150 579
149 579
149 580
148 581
148 582
147 583
147 584
146 585
146 586
146 587
146 588
145 589
145 590
145 591
144 592
143 593
143 594
143 595
143 596
143 597
144 598
144 599
145 599
146 599
147 599
148 599
149 599
150 599
151 598
152 599
153 600
154 601
154 602
154 603
155 603
156 603
157 603
157 602
158 601
159 602
160 602
161 602
162 602
163 602
164 602
165 601
166 601
167 601
168 601
169 601
170 601
171 601
172 601
173 601
174 601
175 601
176 601
177 601
178 601
179 601
180 600
181 600
182 600
183 599
184 599
185 598
186 598
186 597
187 596
187 595
188 594
189 594
190 593
191 593
192 592
192 591
193 590
193 589
193 588
194 587
194 586
194 585
194 584
195 583
195 582
195 581
195 580
196 579
196 578
196 577
197 576
197 575
197 574
198 573
198 572
198 571
199 570
199 569
200 568
200 567
200 566
201 565
201 564
202 563
202 562
203 561
203 560
204 559
205 558
205 557
206 556
207 555
207 554
208 553
209 552
209 551
209 550
210 549
211 548
211 547
211 546
211 545
211 544
211 543
211 542
211 541
211 540
211 539
211 538
211 537
211 536
211 535
211 534
211 533
211 532
211 531
211 530
212 529
212 528
212 527
212 526
212 525
212 524
212 523
213 522
213 521
213 520
213 519
214 518
214 517
214 516
214 515
214 514
215 513
215 512
215 511
215 510
215 509
216 508
216 507
216 506
216 505
216 504
216 503
217 502
217 501
217 500
217 499
216 498
216 497
217 496
217 495
217 494
217 493
217 492
218 491
218 490
218 489
219 488
219 487
219 486
219 485
220 484
220 483
220 482
220 481
220 480
221 479
221 478
221 477
221 476
221 475
222 474
222 473
223 472
223 471
223 470
223 469
223 468
224 467
224 466
225 465
225 464
226 463
226 462
226 461
227 460
227 459
227 458
228 457
228 456
228 455
229 454
229 453
229 452
230 451
230 450
230 449
231 448
231 447
232 446
232 445
232 444
232 443
233 442
233 441
233 440
233 439
234 438
234 437
235 436
235 435
235 434
235 433
235 432
235 431
236 430
237 429
237 428
237 427
237 426
238 425
238 424
238 423
238 422
238 421
239 420
239 419
239 418
239 417
239 416
240 415
240 414
240 413
240 412
241 411
241 410
241 409
241 408
241 407
242 406
242 405
242 404
242 403
243 402
243 401
244 400
244 399
244 398
245 397
245 396
245 395
246 394
246 393
246 392
247 391
247 390
248 389
248 388
248 387
249 386
249 385
249 384
249 383
250 382
250 381
250 380
250 379
250 378
250 377
250 376
250 375
250 374
250 373
250 372
251 371
251 370
251 369
252 368
252 367
252 366
252 365
252 364
252 363
253 362
253 361
254 360
255 360
256 360
256 359
256 358
256 357
255 356
255 355
256 354
257 354
258 354
259 354
260 354
261 354
262 354
263 354
264 354
265 355
266 355
267 355
268 355
269 354
270 354
271 354
272 355
273 355
274 355
275 355
276 355
277 356
278 356
279 356
280 356
281 356
282 356
283 355
284 355
285 355
286 355
287 355
288 355
289 355
290 355
291 355
292 355
293 355
294 355
295 355
296 355
297 355
298 355
299 355
300 355
301 355
302 355
303 355
304 355
305 355
306 355
307 355
308 355
309 355
310 355
311 355
312 354
313 354
314 354
315 354
316 354
317 354
318 354
319 353
320 353
321 353
322 353
323 353
324 353
325 352
326 352
327 352
328 352
329 351
330 351
331 350
332 351
333 351
334 351
335 351
335 350
336 349
337 349
338 349
339 348
340 348
341 348
342 348
343 347
344 347
345 347
346 347
347 346
348 346
349 346
349 345
350 344
351 344
352 343
353 343
354 342
355 341
356 341
357 341
358 340
359 339
360 338
361 338
362 337
363 337
364 336
365 335
366 334
367 334
368 333
369 332
370 331
371 330
372 329
373 328
374 328
375 327
376 327
377 326
378 325
379 325
380 324
381 323
382 322
383 322
384 321
385 320
386 320
387 319
388 318
389 318
390 317
391 316
392 315
393 315
394 314
395 313
396 313
397 313
397 312
398 311
399 311
400 310
401 309
402 309
403 308
404 308
405 307
406 306
407 306
408 305
409 304
410 304
411 303
412 302
413 302
414 301
415 301
416 300
417 300
418 299
419 298
420 298
421 298
422 297
423 296
424 296
425 296
426 295
427 294
428 294
429 293
430 293
431 292
432 292
433 292
434 291
435 291
436 291
437 290
438 290
439 290
440 290
441 289
442 289
443 289
444 289
445 289
446 289
447 289
448 289
449 289
450 289
451 289
452 289
453 288
454 288
455 288
456 288
457 288
458 288
459 288
460 289
461 289
462 289
463 289
464 289
465 289
466 289
467 290
468 290
469 290
470 290
471 290
472 290
473 291
474 291
475 291
476 291
477 292
478 292
479 293
480 293
481 294
482 294
483 294
484 295
485 295
486 295
487 296
488 297
489 297
490 298
491 299
492 299
493 300
493 301
494 301
495 302
496 303
496 304
497 305
498 306
498 307
498 308
499 309
499 310
499 311
500 312
500 313
500 314
500 315
500 316
499 317
499 318
499 319
499 320
499 321
498 322
498 323
498 324
498 325
498 326
498 327
498 328
498 329
497 330
497 331
496 332
496 333
496 334
496 335
496 336
496 337
496 338
496 339
496 340
496 341
496 342
496 343
496 344
496 345
496 346
496 347
496 348
496 349
497 350
497 351
497 352
497 353
497 354
497 355
497 356
497 357
496 358
496 359
496 360
496 361
496 362
496 363
497 364
497 365
497 366
497 367
497 368
497 369
497 370
497 371
497 372
497 373
497 374
497 375
497 376
497 377
497 378
497 379
497 380
497 381
497 382
497 383
497 384
497 385
497 386
497 387
496 388
496 389
496 390
496 391
496 392
496 393
495 394
495 395
495 396
494 397
494 398
494 399
494 400
493 401
493 402
493 403
493 404
493 405
493 406
492 407
492 408
492 409
492 410
492 411
492 412
492 413
492 414
493 415
493 416
493 417
494 418
494 419
495 420
495 421
496 422
496 423
496 424
497 425
498 426
498 427
498 428
498 429
499 430
499 431
500 432
500 433
500 434
501 435
502 436
502 437
503 437
504 438
505 439
505 440
506 441
507 442
507 443
508 444
509 445
510 446
510 447
511 448
512 449
512 450
513 451
513 452
514 453
514 454
515 455
515 456
515 457
515 458
516 459
516 460
517 461
517 462
517 463
518 464
518 465
519 466
519 467
520 468
520 469
520 470
521 471
521 472
521 473
521 474
521 475
522 476
522 477
523 478
523 479
524 480
524 481
524 482
525 483
525 484
526 485
526 486
527 487
528 488
528 489
528 490
529 491
529 492
530 493
530 494
531 495
531 496
531 497
532 498
533 499
534 500
534 501
535 501
536 502
536 503
537 504
537 505
538 506
539 507
539 508
540 509
541 510
541 511
542 512
543 513
544 514
544 515
545 515
546 516
546 517
547 518
548 519
548 520
549 521
550 522
550 523
551 524
552 525
552 526
552 527
553 527
554 528
554 529
554 530
554 531
555 531
556 532
556 533
557 534
557 535
557 536
558 537
558 538
558 539
558 540
559 541
559 542
559 543
560 544
560 545
560 546
560 547
560 548
560 549
560 550
560 551
560 552
560 553
560 554
559 555
559 556
559 557
559 558
559 559
558 560
558 561
558 562
558 563
558 564
558 565
558 566
557 567
557 568
557 569
557 570
556 571
556 572
556 573
555 574
555 575
555 576
555 577
554 578
553 579
553 580
553 581
553 582
552 583
551 584
550 585
550 586
550 587
549 588
548 589
547 590
547 591
547 592
546 593
545 594
545 595
545 596
544 597
543 597
542 598
542 599
541 600
540 600
540 601
539 602
538 602
537 603
536 603
535 604
534 604
533 604
532 604
531 605
530 605
529 605
528 605
527 605
526 605
525 605
524 606
523 606
522 606
521 606
520 606
519 606
518 607
517 607
516 607
515 607
514 607
513 607
512 608
511 608
510 608
509 609
508 609
507 610
506 610
505 611
504 612
503 613
502 613
502 614
501 615
500 616
500 617
499 618
499 619
499 620
498 621
497 622
496 623
495 624
494 625
494 626
494 627
494 628
494 629
494 630
494 631
495 631
496 631
497 631
498 632
498 633
498 634
499 634
500 634
501 634
502 634
503 634
504 633
505 633
506 634
507 634
508 634
509 634
510 635
511 635
512 635
513 635
514 635
515 635
516 635
517 635
518 635
519 635
520 635
521 635
522 635
523 635
524 635
525 635
526 635
527 635
528 635
529 635
530 635
531 635
532 635
533 635
534 635
535 634
536 634
537 634
538 633
539 633
539 632
540 631
541 631
542 630
543 630
544 629
545 629
546 628
547 628
548 628
548 627
549 626
550 626
551 625
552 624
553 623
554 622
555 621
556 620
557 619
557 618
557 617
558 616
559 616
559 615
560 614
561 613
562 612
562 611
563 610
564 609
564 608
565 607
565 606
566 605
567 604
568 603
569 602
570 601
571 600
571 599
571 598
572 597
573 597
574 596
575 595
575 594
576 593
577 592
578 592
578 591
578 590
579 589
580 588
581 587
581 586
582 585
583 585
584 585
584 584
584 583
585 582
586 581
587 580
588 579
589 578
589 577
590 576
591 576
592 575
593 574
594 573
594 572
595 571
596 571
597 570
597 569
598 568
599 567
600 566
601 565
602 564
603 563
603 562
604 561
604 560
604 559
604 558
604 557
604 556
604 555
604 554
603 553
603 552
603 551
602 550
602 549
601 548
600 547
599 546
599 545
598 544
597 543
597 542
596 541
596 540
595 540
594 539
594 538
594 537
593 536
592 535
592 534
592 533
592 532
591 531
590 530
590 529
590 528
589 527
589 526
588 525
588 524
587 523
587 522
587 521
586 520
586 519
586 518
586 517
586 516
585 515
585 514
584 513
585 512
586 512
587 511
588 512
589 513
589 514
590 515
591 516
591 517
592 518
592 519
593 520
593 521
594 522
594 523
595 524
595 525
595 526
595 527
596 527
597 527
598 528
598 529
599 530
600 531
600 532
600 533
601 534
602 535
602 536
603 537
604 538
604 539
605 540
605 541
606 542
606 543
607 544
607 545
608 546
608 547
609 548
609 549
609 550
610 551
610 552
610 553
610 554
610 555
611 556
611 557
611 558
611 559
611 560
612 561
612 562
612 563
613 564
613 565
614 566
614 567
614 568
615 569
615 570
615 571
616 572
616 573
616 574
617 575
617 576
618 577
618 578
618 579
619 580
619 581
619 582
619 583
620 584
620 585
620 586
620 587
620 588
620 589
620 590
620 591
620 592
620 593
620 594
620 595
620 596
620 597
620 598
620 599
620 600
620 601
620 602
620 603
619 604
619 605
618 606
618 607
617 608
616 608
615 609
614 609
613 609
612 608
611 608
610 608
609 608
608 608
607 608
606 609
605 609
604 609
603 610
602 610
601 610
600 611
599 611
598 612
597 612
596 612
595 613
594 614
593 614
592 615
591 616
590 617
589 618
588 619
587 620
587 621
586 622
586 623
585 624
585 625
585 626
585 627
585 628
585 629
585 630
586 631
586 632
587 633
587 634
588 634
589 635
590 635
591 635
592 635
593 636
594 636
595 636
596 637
597 638
598 638
599 638
600 638
601 638
602 638
603 638
604 638
605 638
606 639
607 639
608 640
609 640
610 640
611 640
612 639
613 639
614 639
615 639
616 639
617 638
618 638
619 638
620 638
621 638
622 637
623 637
624 637
625 636
626 636
627 636
628 636
629 636
630 635
631 635
632 634
633 634
634 633
635 632
636 632
636 631
637 630
638 629
639 628
639 627
639 626
639 625
639 624
639 623
640 622
640 621
640 620
640 619
640 618
640 617
640 616
641 615
641 614
641 613
641 612
641 611
641 610
641 609
641 608
641 607
642 606
642 605
642 604
642 603
642 602
642 601
642 600
641 599
641 598
642 597
642 596
643 595
643 594
643 593
643 592
643 591
643 590
643 589
643 588
644 587
644 586
644 585
644 584
644 583
644 582
644 581
644 580
644 579
645 578
645 577
645 576
645 575
644 574
644 573
645 572
645 571
645 570
645 569
645 568
646 567
646 566
646 565
646 564
647 563
647 562
647 561
648 560
648 559
648 558
648 557
648 556
648 555
648 554
648 553
648 552
648 551
649 550
649 549
649 548
649 547
649 546
649 545
649 544
649 543
649 542
648 541
648 540
647 539
647 538
647 537
646 536
646 535
645 534
644 533
643 533
642 532
642 531
642 530
641 529
641 528
640 528
639 528
638 527
638 526
638 525
638 524
638 523
637 523
636 523
635 522
635 521
635 520
635 519
634 519
633 518
633 517
633 516
632 515
632 514
632 513
631 512
630 511
630 510
629 509
628 508
628 507
627 506
627 505
626 504
626 503
625 502
625 501
624 500
624 499
623 498
623 497
622 496
621 495
621 494
620 493
620 492
620 491
619 490
618 489
618 488
618 487
617 486
617 485
616 484
615 483
615 482
615 481
614 480
614 479
614 478
614 477
613 476
612 475
612 474
612 473
612 472
611 472
610 471
610 470
610 469
610 468
609 467
609 466
608 465
608 464
607 463
607 462
607 461
606 460
606 459
605 458
605 457
604 456
604 455
603 454
603 453
602 452
602 451
602 450
602 449
601 448
601 447
600 446
600 445
600 444
599 443
599 442
598 441
598 440
598 439
597 438
597 437
597 436
597 435
596 434
596 433
596 432
596 431
596 430
596 429
596 428
595 427
596 426
596 425
596 424
596 423
596 422
596 421
597 420
597 419
597 418
598 417
598 416
598 415
598 414
599 413
599 412
599 411
600 410
600 409
600 408
600 407
600 406
600 405
601 404
601 403
601 402
601 401
602 400
602 399
602 398
602 397
602 396
603 395
603 394
603 393
603 392
604 391
604 390
604 389
604 388
605 387
605 386
605 385
605 384
606 383
606 382
606 381
607 380
607 379
607 378
608 377
608 376
608 375
609 374
609 373
609 372
609 371
609 370
610 369
610 368
610 367
611 366
611 365
611 364
612 363
612 362
612 361
612 360
612 359
613 358
613 357
613 356
614 355
614 354
614 353
615 352
615 351
615 350
616 349
617 350
617 351
617 352
617 353
616 354
616 355
616 356
616 357
616 358
616 359
616 360
616 361
615 362
615 363
615 364
615 365
615 366
615 367
615 368
615 369
614 370
614 371
614 372
614 373
614 374
614 375
613 376
613 377
613 378
613 379
613 380
613 381
613 382
613 383
612 384
612 385
612 386
612 387
612 388
612 389
612 390
612 391
612 392
612 393
612 394
612 395
612 396
612 397
612 398
612 399
612 400
612 401
611 402
611 403
611 404
611 405
612 406
611 407
611 408
611 409
611 410
612 411
611 412
611 413
611 414
611 415
612 416
611 417
611 418
611 419
611 420
612 421
612 422
612 423
612 424
612 425
612 426
612 427
612 428
612 429
612 430
612 431
612 432
613 433
613 434
613 435
613 436
613 437
613 438
613 439
613 440
614 441
614 442
614 443
614 444
615 445
615 446
615 447
615 448
615 449
616 450
616 451
617 452
617 453
617 454
617 455
618 456
618 457
619 458
620 459
620 460
621 461
621 462
622 463
622 464
623 465
623 466
623 467
624 468
624 469
625 470
626 471
626 472
626 473
627 474
628 475
628 476
629 477
629 478
630 479
630 480
631 481
632 482
633 483
634 484
634 485
635 485
636 486
637 487
637 488
637 489
638 489
639 489
640 490
640 491
641 492
642 493
642 494
643 495
644 496
644 497
645 498
646 499
647 500
648 501
648 502
649 503
650 504
651 505
652 506
652 507
652 508
653 509
654 510
655 511
655 512
656 513
656 514
657 515
658 516
658 517
659 518
659 519
659 520
660 521
660 522
660 523
661 524
661 525
662 526
662 527
663 528
663 529
663 530
664 531
664 532
664 533
664 534
664 535
665 536
665 537
665 538
665 539
665 540
665 541
665 542
665 543
665 544
665 545
665 546
665 547
665 548
665 549
665 550
665 551
665 552
665 553
665 554
665 555
666 555
667 555
668 555
669 555
670 554
670 553
671 552
672 551
672 550
672 549
673 548
673 547
673 546
673 545
673 544
673 543
673 542
673 541
673 540
673 539
673 538
673 537
673 536
673 535
673 534
673 533
673 532
673 531
672 530
672 529
672 528
671 527
671 526
671 525
671 524
670 523
670 522
669 522
668 521
669 520
669 519
669 518
669 517
668 516
668 515
668 514
668 513
668 512
667 511
667 510
666 509
665 508
664 508
663 507
663 506
663 505
662 504
662 503
662 502
662 501
661 501
660 500
660 499
660 498
659 498
658 498
657 497
657 496
657 495
656 495
655 494
655 493
654 492
653 492
652 491
652 490
652 489
651 488
650 487
649 487
648 486
647 485
647 484
647 483
646 482
646 481
646 480
645 479
645 478
644 478
643 478
642 477
642 476
642 475
641 474
640 473
639 472
638 471
637 471
636 470
636 469
636 468
635 467
635 466
634 465
634 464
634 463
633 462
633 461
633 460
632 459
632 458
631 457
631 456
631 455
630 454
630 453
630 452
629 451
629 450
629 449
628 448
628 447
628 446
627 445
627 444
627 443
627 442
627 441
626 440
626 439
626 438
626 437
626 436
626 435
625 434
625 433
625 432
625 431
625 430
625 429
625 428
624 427
624 426
624 425
624 424
624 423
624 422
624 421
623 420
623 419
623 418
623 417
623 416
623 415
623 414
623 413
623 412
623 411
622 410
622 409
622 408
622 407
621 406
621 405
621 404
621 403
622 402
622 401
622 400
622 399
622 398
622 397
623 396
623 395
623 394
623 393
623 392
623 391
622 390
623 389
624 389
624 388
624 387
624 386
624 385
624 384
624 383
624 382
624 381
624 380
624 379
624 378
624 377
625 376
625 375
625 374
625 373
626 372
626 371
626 370
626 369
627 368
627 367
627 366
628 365
628 364
628 363
628 362
628 361
629 360
629 359
630 358
630 357
630 356
630 355
630 354
630 353
630 352
631 351
631 350
631 349
631 348
631 347
632 346
632 345
632 344
632 343
632 342
633 341
633 340
633 339
633 338
633 337
633 336
634 335
634 334
634 333
634 332
634 331
633 330
633 329
633 328
633 327
633 326
634 325
635 325
635 324
635 323
635 322
635 321
635 320
635 319
635 318
635 317
635 316
635 315
635 314
635 313
634 312
634 311
635 310
635 309
635 308
635 307
635 306
635 305
635 304
635 303
634 302
633 301
633 300
633 299
633 298
633 297
633 296
633 295
633 294
633 293
632 292
632 291
631 290
630 289
630 288
630 287
630 286
629 285
628 284
628 283
628 282
627 281
626 280
626 279
626 278
625 277
625 276
624 275
624 274
623 273
622 272
622 271
622 270
622 269
621 268
621 267
620 266
619 265
619 264
618 264
617 263
617 262
617 261
617 260
617 259
616 258
616 257
616 256
616 255
615 254
615 253
615 252
614 251
614 250
613 249
612 248
612 247
611 246
611 245
610 244
610 243
609 242
608 241
608 240
607 239
607 238
606 237
606 236
605 236
604 235
603 234
602 233
601 232
600 231
599 230
598 230
597 229
597 228
596 228
595 227
594 226
593 225
593 224
592 224
591 223
590 222
589 221
588 221
587 220
587 219
586 218
585 217
585 216
584 216
583 216
582 216
581 215
581 214
580 214
579 213
579 212
578 211
577 211
576 210
576 209
575 208
574 208
573 207
572 206
572 205
571 205
570 205
569 204
569 203
568 202
567 201
566 200
565 200
564 199
563 199
562 198
561 197
560 197
559 196
559 195
558 194
557 193
556 192
555 192
554 192
553 192
552 192
551 191
550 190
549 189
548 189
547 189
546 189
545 188
544 188
543 187
542 187
541 186
540 186
539 186
538 186
537 185
536 185
535 185
534 184
533 184
532 183
531 183
530 182
529 182
528 182
527 181
526 181
525 180
524 180
523 180
522 180
521 179
520 179
519 179
518 178
517 178
516 177
515 177
514 177
513 177
512 176
511 176
510 175
509 175
508 175
507 175
506 174
505 174
504 173
503 173
502 173
501 173
500 173
499 173
498 173
497 173
496 172
495 172
494 172
493 172
492 172
491 172
490 172
489 172
488 172
487 171
486 171
485 170
484 170
483 170
482 170
481 169
480 168
479 168
478 167
477 167
476 166
475 165
474 165
473 165
472 165
471 165
470 165
469 164
468 164
467 164
466 164
465 163
464 163
463 163
462 163
461 163
460 162
459 162
458 162
457 162
456 162
455 162
454 162
453 161
452 161
451 161
450 161
449 161
448 161
447 161
446 161
445 161
444 161
443 160
442 160
441 160
440 160
439 160
438 160
437 160
436 160
435 160
434 160
433 160
432 160
431 159
430 159
429 159
428 159
427 159
426 159
425 159
424 159
423 159
422 159
421 159
420 160
419 160
418 159
417 159
416 159
415 159
414 160
413 159
412 159
411 159
410 159
409 160
408 160
407 160
406 160
405 160
404 160
403 160
402 160
401 160
400 160
399 160
398 160
397 160
396 160
395 160
394 160
393 160
392 160
391 160
390 160
389 160
388 160
387 160
386 160
385 160
384 160
383 160
382 160
381 160
380 161
379 161
378 161
377 161
376 161
375 161
374 161
373 161
372 161
371 161
370 162
369 162
368 162
367 162
366 162
365 162
364 162
363 162
362 162
361 162
360 162
359 162
358 162
357 163
356 163
355 163
354 163
353 163
352 163
351 163
350 163
349 163
348 163
347 163
346 163
345 163
344 163
343 163
342 163
341 163
340 163
339 163
338 163
337 163
336 163
335 163
334 162
333 162
332 162
331 162
330 162
329 162
328 161
327 161
326 161
325 161
324 161
323 161
322 161
321 161
320 160
319 160
318 160
317 160
316 160
315 160
314 159
313 159
312 159
311 158
310 158
309 158
308 158
307 157
306 157
305 157
304 157
303 157
302 156
301 155
300 155
299 154
298 154
297 153
296 153
295 153
294 153
293 152
292 152
291 152
290 151
289 151
288 151
287 151
286 151
285 150
284 150
283 149
282 149
281 149
280 148
279 148
278 147
277 147
276 146
275 146
274 146
273 146
272 146
271 146
270 145
270 144
269 144
268 144
267 144
266 143
265 143
264 143
263 142
262 141
261 140
260 140
259 140
258 139
257 139
256 138
255 137
254 137
253 137
252 136
252 135
251 135
250 134
249 134
248 134
247 133
247 132
247 131
246 131
245 131
244 130
244 129
244 128
244 127
243 126
242 125
241 125
240 125
239 124
238 123
238 122
237 121
236 121
235 121
234 120
234 119
234 118
234 117
234 116
233 115
232 115
231 114
231 113
231 112
231 111
230 110
230 109
230 108
229 107
228 106
228 105
228 104
227 103
226 103
225 102
225 101
224 100
224 99
224 98
224 97
224 96
223 95
223 94
222 94
221 93
221 92
221 91
220 90
219 90
218 90
217 89
217 88
217 87
217 86
216 85
216 84
216 83
215 83
214 82
214 81
213 80
212 80
211 79
211 78
210 77
210 76
210 75
209 75
208 74
208 73
208 72
208 71
207 71
206 70
206 69
206 68
205 67
205 66
204 66
203 65
203 64
203 63
202 62
202 61
201 61
200 60
200 59
200 58
199 58
198 57
198 56
197 55
196 55
195 54
196 53
196 52
196 51
196 50
195 50
194 50
193 49
193 48
193 47
193 46
192 46
191 45
191 44
191 43
190 43
189 42
189 41
189 40
188 39
188 38
188 37
188 36
188 35
188 34
188 33
189 32
189 31
189 30
189 29
189 28
189 27
190 26
190 25
190 24
190 23
190 22
190 21
190 20
190 19
190 18
190 17
189 16
189 15
188 14
187 13
186 13
185 13
184 13
183 12
183 11
183 10
183 9
182 9
181 8
181 7
180 7
179 6
178 5
177 4
176 4
175 4
174 4
174 5
174 6
173 7
172 6
172 5
172 4
171 4
170 4
169 4
168 4
167 5
166 5
166 6
165 7
164 7
163 8
162 9
161 9
160 9
159 10
158 9
157 9
156 9
155 9
155 10
154 11
153 11
152 10
152 9
151 9
150 9
149 8
148 8
147 7
147 6
147 5
146 4
146 3
145 3
144 3
143 2
143 1
142 1
141 1
