47 1
46 2
45 2
44 2
43 3
42 3
41 4
40 4
39 4
38 4
37 4
36 5
35 6
34 6
33 7
32 7
31 8
30 8
29 8
28 9
27 9
26 9
25 10
24 10
23 10
22 11
21 12
20 12
19 13
18 13
17 13
16 13
15 14
14 14
13 14
12 14
11 15
10 16
9 16
9 17
8 18
8 19
8 20
8 21
8 22
8 23
8 24
9 25
9 26
10 27
10 28
11 29
12 30
13 31
14 32
15 33
16 34
17 35
18 35
19 35
20 35
21 35
22 36
23 36
24 36
25 36
26 37
26 38
27 38
28 38
29 38
30 39
31 39
32 40
33 40
34 40
35 40
36 40
37 41
38 41
39 42
40 42
41 43
42 44
42 45
42 46
42 47
43 48
43 49
44 50
44 51
44 52
44 53
45 54
46 55
46 56
46 57
47 57
48 58
47 59
46 59
45 59
44 59
44 60
44 61
44 62
45 63
45 64
45 65
45 66
46 66
47 66
48 66
49 67
49 68
49 69
50 69
51 69
52 69
53 69
54 69
55 70
55 71
54 72
54 73
54 74
54 75
55 75
56 75
57 75
58 74
58 73
58 72
59 71
60 72
61 72
62 72
63 73
63 74
63 75
63 76
63 77
64 78
64 79
64 80
64 81
65 81
66 82
66 83
67 84
68 85
68 86
67 87
66 88
66 89
66 90
66 91
67 91
68 91
69 92
69 93
70 94
70 95
71 96
70 97
70 98
70 99
70 100
71 100
72 101
72 102
72 103
72 104
72 105
72 106
72 107
72 108
72 109
71 110
71 111
71 112
71 113
71 114
71 115
71 116
71 117
71 118
71 119
71 120
71 121
71 122
71 123
71 124
71 125
71 126
71 127
70 128
69 129
69 130
69 131
68 132
68 133
68 134
68 135
67 136
67 137
67 138
67 139
66 140
66 141
65 142
65 143
65 144
64 145
64 146
63 147
63 148
64 149
65 149
66 150
67 151
68 151
69 152
70 152
71 152
72 152
73 151
74 151
75 152
76 152
77 153
78 153
79 154
80 155
81 155
82 155
83 155
84 155
85 155
86 154
87 154
88 154
89 154
90 154
91 153
92 153
92 152
92 151
92 150
93 149
93 148
94 147
95 146
96 145
97 144
98 144
99 143
100 143
101 143
101 142
101 141
101 140
101 139
101 138
101 137
101 136
102 135
102 134
102 133
102 132
103 131
103 130
104 129
105 128
105 127
105 126
105 125
105 124
105 123
105 122
105 121
104 120
104 119
104 118
104 117
104 116
104 115
105 114
105 113
105 112
106 111
107 111
108 111
109 111
109 110
109 109
110 108
110 107
110 106
111 105
112 105
112 104
113 103
114 104
114 105
115 105
116 105
117 105
117 104
118 103
119 103
120 103
121 102
122 102
123 102
124 103
125 103
126 103
127 103
128 102
129 102
130 102
131 102
132 102
133 101
134 100
135 99
136 99
137 99
138 99
139 98
140 99
141 100
141 101
142 101
143 101
144 101
145 101
146 101
147 101
148 101
148 100
148 99
149 98
150 98
151 98
152 98
153 98
154 98
155 98
156 98
157 98
158 98
159 98
159 97
160 96
161 96
162 96
163 96
164 96
165 95
166 96
166 97
167 98
167 99
168 100
168 101
168 102
169 103
169 104
170 105
170 106
171 107
171 108
172 109
173 110
174 111
174 112
175 113
175 114
176 115
177 116
178 117
178 118
178 119
177 120
177 121
177 122
177 123
177 124
177 125
177 126
177 127
177 128
176 129
176 130
175 131
174 132
173 133
172 134
171 135
170 136
169 137
168 137
167 138
166 138
166 139
165 140
165 141
165 142
166 143
167 143
168 144
169 144
170 145
171 146
172 147
173 147
174 148
175 148
176 148
177 148
178 148
179 148
180 148
180 147
180 146
181 145
181 144
182 143
183 142
184 141
184 140
185 139
186 138
187 137
188 136
187 135
188 134
189 133
189 132
189 131
190 130
190 129
191 128
191 127
191 126
191 125
191 124
192 123
193 123
194 123
194 122
194 121
195 120
196 120
197 120
197 119
197 118
197 117
198 116
198 115
198 114
198 113
197 112
197 111
198 110
198 109
198 108
198 107
199 106
200 106
201 107
202 107
203 108
204 108
205 109
206 110
207 110
208 111
209 112
210 113
211 114
212 115
212 116
213 117
214 118
214 119
215 120
215 121
215 122
216 123
216 124
216 125
217 126
218 127
218 128
218 129
218 130
219 131
220 132
220 133
220 134
219 135
218 135
217 134
217 135
216 136
216 137
215 138
215 139
214 140
214 141
213 142
214 143
214 144
214 145
214 146
214 147
215 148
215 149
216 150
216 151
217 151
218 151
219 151
220 151
221 151
222 151
223 151
224 151
225 151
226 150
227 150
227 149
227 148
227 147
227 146
227 145
228 144
228 143
228 142
228 141
229 140
229 139
230 138
231 137
232 136
232 135
233 134
234 133
234 132
234 131
233 130
233 129
233 128
233 127
232 126
232 125
232 124
232 123
232 122
231 121
231 120
230 119
230 118
230 117
230 116
230 115
230 114
230 113
230 112
230 111
230 110
230 109
230 108
230 107
230 106
230 105
230 104
230 103
230 102
230 101
229 101
228 100
227 99
228 98
228 97
228 96
228 95
227 95
226 94
226 93
226 92
225 91
226 90
226 89
226 88
226 87
225 86
225 85
225 84
225 83
226 82
226 81
226 80
226 79
226 78
226 77
226 76
226 75
225 74
225 73
224 72
225 71
225 70
225 69
225 68
225 67
225 66
225 65
225 64
224 63
224 62
223 61
223 60
222 59
222 58
222 57
223 56
224 56
225 56
226 57
227 57
228 58
229 58
230 58
231 58
232 59
232 60
232 61
233 61
234 62
234 63
234 64
235 64
236 64
237 65
238 65
239 65
240 66
240 67
240 68
240 69
241 69
242 69
243 70
243 71
243 72
244 73
244 74
245 75
245 76
246 77
247 77
248 78
249 79
250 80
251 81
252 81
253 82
254 82
255 82
256 82
257 82
258 83
259 83
260 83
261 83
262 83
263 83
264 83
265 83
266 83
266 82
266 81
267 80
268 80
269 80
270 80
271 79
272 78
273 78
274 77
275 76
276 75
277 75
278 74
278 73
278 72
279 71
279 70
279 69
279 68
279 67
279 66
279 65
279 64
279 63
279 62
278 61
278 60
277 59
277 58
276 57
275 56
274 56
273 55
272 55
271 54
270 53
269 53
268 53
267 52
266 52
265 51
264 51
263 50
262 50
261 49
260 49
259 48
258 47
257 47
256 46
255 46
254 45
253 45
252 44
251 44
250 43
249 43
248 43
247 42
246 42
245 42
244 41
243 41
242 41
241 40
240 40
239 40
238 40
237 40
236 40
235 40
234 40
233 40
232 40
231 40
230 40
229 40
228 40
227 40
226 40
225 40
224 40
223 40
222 40
221 40
220 40
219 40
218 40
217 40
216 40
215 40
214 39
213 39
212 39
211 39
210 39
209 38
208 38
207 37
206 37
205 37
204 36
203 36
202 36
201 35
200 35
199 35
198 34
197 34
196 34
195 34
194 34
193 33
192 33
191 33
190 33
189 33
188 33
187 33
186 33
185 33
184 33
183 33
182 33
181 33
180 33
179 33
178 33
177 33
176 33
175 34
174 34
173 34
172 34
171 34
170 34
169 34
168 34
167 35
166 35
165 35
164 35
163 35
162 35
161 35
160 35
159 35
158 35
157 35
156 35
155 35
154 35
153 35
152 35
151 35
150 35
149 35
148 35
147 35
146 35
145 35
144 35
143 35
142 35
141 35
140 36
139 36
138 36
137 36
136 36
135 36
134 36
133 36
132 36
131 36
130 37
129 37
128 37
127 37
126 37
125 36
124 36
123 36
122 36
121 36
120 36
119 36
118 36
117 36
116 36
115 35
114 35
113 35
112 35
111 34
110 34
109 34
108 34
107 34
106 33
105 33
104 33
103 33
102 33
101 32
100 31
99 30
98 29
97 28
96 27
96 26
95 26
94 25
93 24
92 23
91 23
90 22
90 21
89 20
88 19
87 19
86 19
85 18
84 17
83 16
82 16
81 15
80 14
79 13
78 12
77 11
77 10
76 10
75 9
74 8
73 7
72 7
71 6
70 6
69 5
68 5
67 4
66 4
65 3
64 3
63 2
62 2
61 2
60 2
59 1
58 1
57 1
56 1
55 1
54 1
53 1
52 1
51 1
50 1
49 1
48 1
