139 1
138 2
137 2
136 2
136 3
135 4
135 5
135 6
135 7
135 8
135 9
135 10
134 11
134 12
134 13
134 14
134 15
134 16
134 17
135 18
135 19
135 20
135 21
135 22
135 23
135 24
135 25
135 26
135 27
135 28
135 29
135 30
134 31
134 32
133 33
132 34
132 35
131 36
130 37
129 37
128 38
127 39
126 39
125 38
124 38
123 37
122 37
121 36
120 36
119 36
118 36
117 36
116 35
115 35
114 35
113 35
112 35
111 35
110 35
109 35
108 35
107 35
106 35
105 35
104 35
103 35
102 35
101 36
100 36
99 36
98 36
97 36
96 36
95 37
94 37
93 37
92 37
91 37
90 37
89 37
88 38
87 38
86 38
85 38
84 39
83 39
82 39
81 39
80 39
79 39
78 40
77 40
76 40
75 39
74 39
73 39
72 39
71 39
70 39
69 39
68 39
67 39
66 39
65 39
64 39
63 39
62 39
61 38
60 38
59 38
58 37
58 36
57 36
56 36
55 36
54 36
53 35
52 34
51 33
50 32
49 31
48 31
47 30
46 30
45 29
44 28
43 28
42 27
41 27
40 27
39 26
38 25
37 24
36 24
35 23
34 23
33 22
32 22
31 22
30 22
29 23
28 23
27 23
26 23
25 23
25 24
24 25
23 26
22 27
21 27
20 27
19 28
18 28
17 29
17 30
16 31
15 32
14 32
13 33
12 33
11 33
10 34
9 34
8 35
7 35
6 35
6 36
5 37
5 38
5 39
5 40
5 41
6 42
6 43
6 44
7 45
8 46
8 47
8 48
8 49
9 49
10 50
11 51
12 51
13 51
14 51
15 51
16 51
17 51
18 50
19 50
20 50
21 50
22 50
23 50
24 50
25 50
26 51
27 51
28 51
29 51
30 51
31 52
31 53
31 54
32 55
32 56
33 56
34 57
34 58
35 59
35 60
36 61
37 62
37 63
38 64
38 65
38 66
39 67
39 68
39 69
39 70
40 71
40 72
41 73
41 74
42 75
42 76
43 77
44 78
43 79
42 80
42 81
42 82
41 83
41 84
41 85
41 86
40 87
40 88
39 89
39 90
38 91
38 92
38 93
38 94
37 95
36 96
35 97
35 98
34 99
34 100
33 101
33 102
32 103
31 103
30 103
29 104
28 104
27 104
26 104
25 104
24 104
23 105
22 106
21 107
21 108
21 109
22 110
22 111
23 112
24 112
25 113
26 113
27 113
28 113
29 113
30 114
31 115
32 116
33 117
34 117
35 117
36 117
37 117
38 117
39 117
40 116
41 116
42 116
43 116
44 115
45 114
46 113
46 112
47 111
48 110
49 109
50 108
51 107
52 106
53 105
54 104
55 103
56 102
57 101
58 100
58 99
59 98
59 97
60 96
61 95
61 94
62 93
62 92
63 91
64 91
64 90
65 89
65 88
66 87
66 86
67 85
68 84
68 83
69 82
70 81
71 81
72 80
73 80
74 79
75 79
76 79
77 79
78 79
79 79
80 79
81 79
82 79
83 79
84 78
85 78
86 78
87 77
88 76
89 75
90 75
91 74
92 74
93 73
94 73
95 73
96 73
97 73
98 72
99 73
99 74
99 75
99 76
99 77
100 78
100 79
100 80
101 81
101 82
102 83
102 84
103 85
103 86
104 87
104 88
105 89
105 90
105 91
106 92
107 93
107 94
108 95
108 96
108 97
108 98
107 99
107 100
106 101
105 102
104 103
103 104
103 105
102 106
101 107
100 108
99 109
98 109
97 110
97 111
97 112
96 113
97 113
98 112
99 112
100 112
101 112
102 112
103 112
104 111
105 111
106 111
107 111
108 110
109 110
110 110
111 110
112 109
112 108
113 107
114 107
114 106
115 105
116 104
117 103
118 102
119 101
120 101
120 100
121 99
121 98
121 97
121 96
120 95
119 94
119 93
119 92
119 91
118 90
118 89
118 88
117 87
117 86
117 85
117 84
118 83
119 83
120 84
121 85
121 86
122 87
122 88
123 89
124 90
125 91
126 92
126 93
127 94
128 95
129 96
130 97
131 98
131 99
131 100
132 101
132 102
131 103
130 104
129 104
129 105
128 106
127 106
126 107
125 108
124 109
124 110
123 111
123 112
122 113
121 114
120 115
119 116
119 117
120 116
121 116
122 117
123 117
124 116
125 116
126 116
127 116
128 116
129 116
130 117
131 116
132 115
132 114
133 113
134 113
135 112
135 111
135 110
136 109
137 109
137 108
138 107
139 106
140 105
140 104
140 103
140 102
141 101
141 100
142 99
142 98
142 97
142 96
142 95
142 94
142 93
141 92
140 91
139 90
139 89
138 88
137 87
136 86
136 85
135 84
135 83
135 82
134 81
134 80
134 79
134 78
134 77
134 76
134 75
135 74
135 73
135 72
135 71
135 70
135 69
136 68
136 67
136 66
136 65
136 64
136 63
136 62
136 61
136 60
136 59
136 58
136 57
136 56
136 55
135 54
134 53
134 52
134 51
134 50
133 49
134 48
135 47
136 47
136 46
137 45
138 45
139 44
140 43
141 42
142 41
143 40
144 39
144 38
144 37
145 36
145 35
146 34
146 33
147 32
147 31
147 30
148 29
148 28
148 27
148 26
148 25
148 24
148 23
148 22
148 21
148 20
148 19
148 18
148 17
148 16
148 15
148 14
148 13
148 12
148 11
148 10
148 9
148 8
148 7
148 6
147 5
147 4
147 3
146 3
145 2
145 1
144 1
143 1
142 1
141 1
140 1
