42 1
41 2
40 2
39 2
38 3
37 3
36 4
35 4
34 4
33 4
32 5
31 5
30 6
29 6
28 7
27 7
27 8
26 9
25 10
25 11
24 12
23 13
22 14
21 15
21 16
20 17
20 18
19 19
18 20
17 20
16 21
15 22
14 22
13 23
12 23
11 24
10 24
9 25
8 25
7 26
6 26
5 27
4 28
3 28
2 28
1 29
1 30
1 31
1 32
1 33
1 34
1 35
1 36
1 37
1 38
1 39
2 40
3 41
4 42
4 43
5 44
5 45
6 45
7 46
8 46
9 46
10 47
11 47
12 47
13 48
14 48
15 48
16 48
17 47
18 47
19 47
20 47
21 48
22 48
23 48
24 48
25 48
26 48
27 48
28 48
29 47
30 47
31 47
32 47
33 47
34 48
35 48
36 49
37 50
38 51
39 52
39 53
40 54
41 55
40 56
40 57
40 58
40 59
40 60
40 61
40 62
40 63
40 64
40 65
41 65
42 66
42 67
42 68
42 69
42 70
42 71
42 72
42 73
42 74
42 75
42 76
43 77
43 78
43 79
43 80
43 81
44 82
45 83
45 84
46 85
46 86
46 87
46 88
47 89
47 90
47 91
47 92
47 93
47 94
48 95
48 96
48 97
48 98
49 99
49 100
49 101
49 102
49 103
49 104
48 105
47 106
46 106
45 106
45 107
45 108
44 109
43 109
43 110
42 111
42 112
42 113
41 114
41 115
41 116
41 117
42 118
42 119
43 120
43 121
43 122
44 123
44 124
45 125
45 126
45 127
45 128
45 129
45 130
45 131
46 132
46 133
46 134
47 135
47 136
47 137
48 138
48 139
49 140
50 141
51 142
51 143
52 144
53 145
54 145
55 146
56 146
57 146
58 146
59 145
59 144
60 143
60 142
60 141
60 140
61 139
61 138
61 137
61 136
61 135
61 134
62 133
63 133
64 134
64 135
64 136
64 137
64 138
64 139
64 140
64 141
64 142
63 143
63 144
62 145
62 146
62 147
61 148
61 149
60 150
60 151
60 152
60 153
60 154
60 155
60 156
60 157
60 158
60 159
60 160
59 161
59 162
59 163
59 164
58 165
58 166
58 167
58 168
58 169
58 170
57 171
57 172
56 173
55 174
54 175
53 176
52 176
51 177
51 178
51 179
51 180
51 181
51 182
51 183
51 184
52 184
53 184
54 183
55 183
56 183
57 183
58 183
59 182
60 181
61 180
62 180
63 179
64 179
65 179
66 179
67 178
68 178
68 177
68 176
68 175
68 174
69 173
69 172
70 171
70 170
71 169
71 168
72 167
73 166
74 165
75 164
76 164
77 163
77 162
77 161
78 160
78 159
79 158
79 157
79 156
79 155
80 154
81 153
82 153
83 152
83 151
83 150
83 149
84 148
85 148
85 147
85 146
85 145
86 144
87 144
87 143
87 142
87 141
87 140
87 139
87 138
87 137
87 136
88 135
89 135
89 134
89 133
89 132
90 131
91 131
92 131
93 131
94 130
95 130
96 130
97 130
98 129
99 129
100 129
101 130
102 130
103 130
104 130
105 130
106 131
107 131
108 131
109 131
110 131
110 130
110 129
111 128
112 128
113 128
114 129
114 130
114 131
115 131
116 131
117 131
117 130
118 129
119 130
120 130
121 130
122 130
123 129
124 129
125 129
126 129
127 129
128 129
129 128
130 128
131 129
132 129
133 129
134 129
135 130
136 130
137 130
138 130
139 130
140 130
141 130
142 130
143 130
144 130
145 130
146 130
147 130
148 130
149 130
150 129
151 130
152 130
153 131
154 131
155 132
155 133
156 134
156 135
156 136
156 137
157 138
158 139
158 140
159 140
160 141
160 142
161 142
162 143
163 144
164 144
165 145
165 146
166 147
167 148
168 149
169 150
170 151
171 152
171 153
172 154
173 154
174 155
174 156
175 156
176 157
176 158
177 159
178 160
179 161
180 162
180 163
181 164
181 165
181 166
181 167
181 168
181 169
181 170
180 171
179 172
178 172
177 172
176 172
176 173
175 174
174 175
174 176
174 177
175 178
176 178
177 179
178 179
179 179
180 180
180 181
181 180
182 180
183 180
184 180
185 179
186 179
187 178
187 177
188 176
188 175
189 174
190 173
191 172
192 171
193 171
194 170
195 170
196 170
197 169
198 168
199 167
199 166
200 165
200 164
200 163
200 162
200 161
200 160
199 159
198 158
197 157
196 156
195 155
195 154
194 153
194 152
193 151
193 150
192 149
192 148
193 147
194 147
195 148
196 149
197 150
198 150
199 151
199 152
200 152
201 153
201 154
202 154
203 155
203 156
204 157
205 158
206 159
207 160
208 161
209 161
210 161
211 161
212 161
213 161
214 162
215 163
216 164
217 164
218 164
219 165
220 165
221 166
222 166
223 167
224 167
225 168
226 168
227 168
228 168
229 169
230 169
231 170
232 171
233 172
234 173
234 174
235 175
235 176
235 177
236 178
236 179
236 180
236 181
237 181
238 181
239 181
240 181
241 181
242 181
243 181
244 181
245 181
246 180
246 179
246 178
246 177
247 176
247 175
247 174
246 173
246 172
246 171
246 170
246 169
246 168
246 167
246 166
246 165
245 164
244 163
243 163
242 162
241 162
240 161
239 161
238 161
237 160
237 159
236 159
235 159
234 158
234 157
233 156
232 155
231 154
231 153
231 152
231 151
231 150
231 149
232 148
232 147
232 146
232 145
231 145
230 144
229 143
230 142
231 142
232 142
232 141
232 140
232 139
231 139
230 138
230 137
230 136
229 135
228 134
228 133
228 132
228 131
227 130
227 129
227 128
227 127
226 126
226 125
226 124
226 123
226 122
226 121
226 120
226 119
226 118
225 118
224 118
223 118
222 118
221 117
220 116
220 115
221 114
221 113
222 112
223 112
224 112
224 111
224 110
224 109
224 108
224 107
225 106
225 105
225 104
225 103
224 102
223 102
222 101
221 100
220 99
219 98
218 97
217 96
217 95
216 94
215 93
214 92
213 92
212 91
212 90
212 89
212 88
212 87
211 86
211 85
210 84
210 83
210 82
211 81
212 81
213 80
214 79
214 78
214 77
214 76
214 75
215 74
215 73
216 72
217 72
217 71
218 70
218 69
219 68
220 67
221 68
222 68
223 68
224 67
225 66
226 66
227 65
227 64
227 63
227 62
228 61
229 60
230 60
231 59
231 58
231 57
231 56
231 55
232 54
233 53
234 53
235 53
236 52
237 51
238 51
239 50
240 51
241 51
242 52
242 53
243 54
244 54
245 54
246 53
247 52
247 51
247 50
248 49
249 48
249 47
249 46
248 45
247 44
248 43
248 42
248 41
247 40
246 39
246 38
246 37
246 36
246 35
246 34
245 33
245 32
244 31
243 31
242 31
241 31
240 32
239 31
238 31
237 31
236 31
235 32
234 32
233 31
232 31
231 31
230 32
229 33
228 34
227 34
226 34
225 34
224 35
224 36
224 37
223 38
222 38
221 38
220 39
219 40
219 41
218 42
218 43
218 44
217 45
217 46
217 47
216 48
216 49
215 50
214 51
213 52
212 53
211 54
210 55
209 55
208 56
208 57
207 58
206 59
205 59
204 60
203 61
202 61
201 62
200 62
199 63
198 64
197 65
196 66
195 66
195 67
194 68
193 69
192 69
191 68
190 68
189 67
188 67
187 67
186 67
185 67
184 67
183 66
182 66
181 66
180 66
179 66
178 66
177 66
176 66
175 66
174 66
173 66
172 66
171 66
170 66
169 66
168 66
167 65
166 65
165 65
164 65
163 65
162 65
161 64
160 64
159 64
158 64
157 64
156 64
155 64
154 64
153 64
152 64
151 64
150 64
149 64
148 64
147 63
146 63
145 63
144 63
143 63
142 63
141 63
140 63
139 63
138 62
137 62
136 61
135 61
134 61
133 61
132 61
131 60
130 60
129 60
128 60
127 60
126 60
125 59
124 59
123 59
122 58
121 58
120 57
119 57
118 56
117 56
116 55
115 55
114 54
113 53
112 53
111 52
110 51
109 51
108 50
107 49
106 49
105 48
104 47
103 47
102 46
101 45
100 45
99 44
98 44
97 43
96 43
95 43
94 43
93 43
92 42
91 42
90 41
89 40
89 39
89 38
88 37
88 36
87 35
86 34
86 33
85 32
85 31
84 30
84 29
84 28
84 27
83 26
83 25
82 24
82 23
81 22
81 21
81 20
80 19
80 18
79 17
78 16
77 15
76 15
75 14
74 13
73 13
72 12
71 11
71 10
70 10
69 9
68 8
67 7
66 7
65 6
64 5
64 4
63 4
62 3
61 2
60 1
59 1
58 1
57 1
56 1
55 1
54 1
53 1
52 1
51 1
50 1
49 1
48 1
47 1
46 1
45 1
44 1
43 1
