216 1
215 2
214 2
213 2
212 3
211 3
210 3
209 3
208 4
207 4
206 5
205 6
204 6
204 7
203 8
202 9
201 9
201 10
200 11
200 12
200 13
200 14
200 15
200 16
201 17
202 17
203 17
204 18
204 19
204 20
204 21
205 21
206 22
207 22
208 22
209 22
210 22
211 22
212 22
213 22
214 22
214 21
214 20
214 19
214 18
214 17
215 16
215 15
216 14
217 14
218 14
219 13
220 13
221 13
222 12
223 12
224 13
225 13
226 13
227 14
227 15
227 16
228 17
228 18
228 19
228 20
228 21
228 22
228 23
227 24
227 25
227 26
226 27
225 27
224 28
223 29
222 29
222 30
221 31
220 32
219 32
218 33
217 34
216 34
215 34
214 35
213 35
212 36
211 36
210 36
209 36
208 37
207 37
206 37
205 36
204 35
203 34
203 33
202 32
201 31
200 31
199 31
198 31
197 31
196 31
195 31
194 31
193 31
192 31
191 31
190 31
189 31
188 31
187 31
186 31
185 31
184 31
183 30
182 30
181 29
180 29
179 29
178 29
177 29
176 28
175 28
174 28
173 28
172 27
171 27
170 27
169 27
168 27
167 27
166 27
165 26
164 26
163 26
162 26
161 26
160 26
159 26
158 26
157 26
156 26
155 25
154 25
153 25
152 25
151 25
150 24
149 24
148 24
147 23
146 23
145 23
144 23
143 23
142 23
141 23
140 23
139 23
138 24
137 24
136 24
135 25
134 26
134 27
133 28
133 29
133 30
133 31
132 32
131 33
130 34
130 35
129 36
129 37
129 38
129 39
128 40
128 41
128 42
128 43
127 44
126 44
125 45
124 45
123 45
122 45
121 45
120 45
119 45
118 45
117 45
116 45
115 45
114 45
113 44
112 44
111 44
110 44
109 44
108 44
107 44
106 44
105 44
104 44
103 43
102 43
101 42
100 42
99 42
98 42
97 42
96 42
95 42
94 42
93 42
92 42
91 42
90 42
89 42
88 42
87 42
86 42
85 42
84 42
83 42
82 42
81 42
80 42
79 42
78 42
77 42
76 42
75 42
74 42
73 42
72 43
71 43
70 43
69 43
68 43
67 43
66 43
65 43
64 43
63 43
62 43
61 43
60 44
59 44
58 45
57 45
56 45
55 45
54 45
53 45
52 46
51 46
50 46
49 46
48 46
47 46
46 47
45 47
44 48
43 49
42 49
41 50
40 51
39 52
38 53
37 54
36 55
36 56
35 57
34 58
33 59
32 60
32 61
31 62
30 63
29 64
28 64
28 65
27 66
26 67
25 68
24 69
24 70
23 71
23 72
22 73
21 74
21 75
20 76
20 77
19 78
19 79
19 80
19 81
18 82
18 83
18 84
17 85
17 86
17 87
17 88
17 89
17 90
17 91
17 92
17 93
17 94
17 95
17 96
17 97
17 98
17 99
17 100
17 101
16 102
16 103
16 104
16 105
16 106
16 107
16 108
16 109
15 110
15 111
15 112
15 113
14 114
14 115
14 116
14 117
13 118
13 119
13 120
13 121
13 122
13 123
13 124
13 125
13 126
13 127
13 128
12 129
12 130
12 131
12 132
12 133
12 134
12 135
13 136
14 136
15 136
16 135
16 134
16 133
16 132
16 131
17 130
17 129
17 128
17 127
17 126
17 125
17 124
17 123
17 122
17 121
17 120
18 119
18 118
18 117
18 116
19 115
19 114
19 113
19 112
20 111
21 112
21 113
22 114
22 115
22 116
22 117
22 118
23 119
24 119
25 120
26 121
27 122
27 123
27 124
27 125
27 126
27 127
27 128
27 129
27 130
27 131
27 132
27 133
26 134
26 135
26 136
25 137
25 138
25 139
25 140
25 141
25 142
25 143
25 144
25 145
24 146
24 147
24 148
24 149
23 150
23 151
23 152
23 153
23 154
23 155
22 156
22 157
22 158
22 159
22 160
22 161
21 162
21 163
21 164
20 165
20 166
20 167
20 168
20 169
20 170
20 171
19 172
18 172
18 173
18 174
17 175
17 176
17 177
18 178
19 179
20 179
21 179
22 178
23 177
24 177
25 177
26 178
27 179
28 179
29 179
30 179
31 179
32 179
33 179
34 179
35 178
36 177
37 177
38 177
39 177
40 176
41 176
42 177
43 177
44 177
45 177
46 176
47 176
48 175
49 175
50 174
50 173
50 172
49 171
48 170
48 169
48 168
49 167
49 166
49 165
49 164
49 163
49 162
49 161
49 160
49 159
49 158
49 157
50 156
50 155
51 154
51 153
51 152
51 151
52 150
52 149
53 148
54 148
55 148
55 147
56 146
57 146
58 146
58 145
59 144
60 143
61 143
62 143
63 144
63 145
64 145
65 146
66 147
66 148
67 148
68 149
68 150
68 151
68 152
68 153
69 154
69 155
69 156
70 156
71 157
71 158
71 159
72 160
73 160
74 161
74 162
74 163
74 164
74 165
74 166
74 167
74 168
75 169
75 170
76 170
77 171
78 172
79 172
80 172
81 172
82 172
83 172
84 172
85 172
86 172
87 172
88 172
89 173
90 173
91 173
92 173
93 173
94 173
95 172
96 172
97 172
98 172
99 172
100 172
101 172
102 172
103 172
104 172
105 172
106 172
107 172
108 171
109 170
109 169
110 168
110 167
110 166
110 165
109 164
108 163
107 162
107 161
106 161
105 160
104 159
104 158
103 157
103 156
102 155
102 154
102 153
101 152
101 151
101 150
100 149
100 148
100 147
100 146
99 145
99 144
99 143
99 142
99 141
98 140
98 139
98 138
97 137
97 136
97 135
97 134
98 133
99 133
100 133
101 133
102 132
103 132
104 132
105 132
106 132
107 132
108 132
109 132
110 131
111 131
112 131
113 131
114 130
115 130
116 130
117 130
118 130
119 129
120 128
121 128
122 128
123 129
123 130
123 131
123 132
123 133
123 134
123 135
123 136
122 137
122 138
122 139
122 140
122 141
122 142
121 143
120 143
120 144
120 145
119 146
119 147
119 148
119 149
118 150
117 150
117 151
117 152
117 153
117 154
117 155
116 156
116 157
116 158
116 159
116 160
116 161
116 162
116 163
116 164
116 165
115 166
115 167
114 168
114 169
114 170
113 171
113 172
113 173
113 174
114 175
114 176
114 177
114 178
115 178
116 179
117 180
118 180
119 180
120 181
121 181
122 181
123 181
124 181
125 181
126 181
127 181
128 181
129 181
130 181
131 181
132 181
133 181
134 181
135 181
136 181
137 181
138 181
139 181
140 181
141 181
142 181
143 181
144 181
145 181
146 181
147 181
148 181
149 181
150 181
151 181
152 180
153 180
154 180
155 180
156 179
157 179
158 179
159 178
160 178
160 177
160 176
160 175
160 174
160 173
160 172
160 171
159 171
158 170
157 169
156 169
155 168
155 167
155 166
154 166
153 166
152 165
152 164
151 163
151 162
152 161
152 160
152 159
152 158
153 157
154 157
155 156
155 155
155 154
155 153
155 152
155 151
155 150
156 149
157 149
157 148
157 147
157 146
157 145
157 144
157 143
158 142
159 143
159 144
160 144
161 145
161 146
162 147
162 148
163 148
164 149
164 150
165 151
165 152
166 152
167 153
167 154
168 155
168 156
168 157
169 157
170 158
170 159
170 160
170 161
170 162
169 163
168 163
168 164
168 165
168 166
168 167
168 168
168 169
168 170
168 171
169 171
170 172
171 172
172 172
173 173
174 173
175 173
176 173
177 173
178 173
179 174
180 174
181 174
182 174
183 174
184 174
185 174
186 174
187 174
188 174
189 175
190 175
191 175
192 175
193 175
194 175
195 175
196 175
197 175
198 175
199 175
200 174
201 174
202 174
203 174
204 174
205 174
206 174
207 173
208 173
209 172
210 172
211 172
211 171
211 170
211 169
211 168
211 167
211 166
211 165
211 164
210 164
209 163
208 162
208 161
207 161
206 161
205 160
205 159
204 159
203 159
202 158
202 157
202 156
201 156
200 155
200 154
200 153
200 152
200 151
200 150
200 149
199 148
199 147
199 146
198 146
197 145
197 144
197 143
196 142
196 141
196 140
195 140
194 139
194 138
194 137
193 136
193 135
193 134
192 134
191 133
191 132
190 131
190 130
190 129
189 129
188 128
188 127
187 126
187 125
187 124
186 124
185 123
185 122
185 121
184 120
184 119
184 118
183 118
182 117
182 116
182 115
182 114
181 113
181 112
181 111
181 110
181 109
181 108
181 107
181 106
181 105
181 104
181 103
181 102
181 101
181 100
181 99
180 99
179 98
179 97
179 96
179 95
178 94
178 93
178 92
178 91
178 90
178 89
179 88
179 87
180 86
181 86
182 85
183 85
184 85
185 84
186 83
187 83
188 82
189 82
190 82
191 81
191 80
192 79
193 79
194 78
194 77
194 76
195 75
196 75
197 74
197 73
198 72
199 72
200 72
201 71
202 71
203 70
204 70
205 70
206 70
207 70
208 70
209 70
210 69
211 69
212 69
213 69
214 69
215 68
216 68
217 68
218 68
219 67
220 67
221 67
222 66
223 66
224 66
224 65
224 64
224 63
224 62
225 61
226 61
227 61
228 61
229 61
230 60
231 60
232 60
233 59
234 58
235 58
236 58
237 57
238 57
239 56
239 55
240 54
241 54
241 53
241 52
241 51
241 50
240 50
239 50
238 50
237 50
236 50
235 50
234 50
233 50
232 50
231 50
230 49
231 48
232 48
233 48
233 47
234 46
235 46
236 45
236 44
237 43
238 43
239 42
239 41
240 40
241 40
241 39
242 38
243 37
244 37
244 36
244 35
245 34
245 33
246 32
247 32
247 31
247 30
247 29
248 28
248 27
248 26
248 25
248 24
248 23
248 22
248 21
248 20
248 19
248 18
248 17
247 16
247 15
247 14
247 13
246 13
245 12
245 11
244 10
243 10
242 9
242 8
241 7
240 7
239 6
239 5
238 5
237 5
236 4
235 3
234 3
233 2
232 2
231 2
230 2
229 1
228 1
227 1
226 1
225 1
224 1
223 1
222 1
221 1
220 1
219 1
218 1
217 1
