281 33
280 34
279 34
278 34
277 34
276 35
275 34
274 34
273 34
272 34
271 34
270 35
270 36
270 37
269 38
268 38
267 38
266 39
265 39
264 39
263 39
262 39
261 39
260 39
259 40
258 41
257 41
256 41
255 41
254 41
253 41
252 41
251 41
250 41
249 41
248 41
247 41
246 41
245 41
244 42
244 43
244 44
244 45
243 46
242 46
242 47
241 48
240 49
241 50
241 51
242 52
242 53
243 53
244 53
245 54
246 55
247 55
248 55
249 56
250 57
251 58
251 59
251 60
251 61
250 62
250 63
250 64
250 65
250 66
250 67
250 68
250 69
250 70
250 71
250 72
250 73
250 74
250 75
250 76
250 77
249 78
249 79
249 80
249 81
249 82
248 83
247 83
247 84
246 85
246 86
246 87
245 88
245 89
245 90
244 91
244 92
244 93
244 94
243 95
242 95
242 96
242 97
242 98
241 99
241 100
240 101
239 102
238 103
237 103
236 103
236 104
235 105
234 106
233 106
232 106
231 106
230 106
229 106
228 106
227 106
226 106
225 106
224 106
223 106
222 106
221 106
220 106
219 106
218 106
217 106
216 106
215 106
214 106
213 106
212 106
211 106
210 106
209 106
208 106
207 106
206 106
205 106
204 106
203 105
203 104
202 104
201 104
200 104
199 103
198 102
197 101
196 101
195 100
194 99
194 98
194 97
194 96
194 95
194 94
194 93
194 92
194 91
194 90
194 89
194 88
194 87
194 86
194 85
194 84
194 83
194 82
194 81
194 80
194 79
195 78
195 77
195 76
195 75
196 74
197 74
197 73
197 72
198 71
198 70
198 69
199 68
199 67
199 66
199 65
199 64
199 63
199 62
199 61
200 60
200 59
200 58
201 57
202 57
202 56
202 55
202 54
203 53
203 52
203 51
203 50
203 49
203 48
203 47
203 46
203 45
202 44
201 44
200 43
199 43
198 43
197 43
196 43
195 43
194 43
193 42
192 42
191 42
190 42
189 42
188 42
187 42
186 42
186 43
185 44
184 43
184 42
183 42
182 43
181 43
180 43
179 43
178 43
177 43
176 43
175 43
174 43
173 43
172 43
171 43
170 42
169 43
169 44
168 45
167 46
166 46
166 47
165 48
165 49
164 50
164 51
164 52
164 53
164 54
164 55
164 56
164 57
163 58
163 59
163 60
163 61
163 62
163 63
163 64
164 65
165 66
166 67
167 68
168 69
168 70
168 71
168 72
168 73
168 74
168 75
168 76
168 77
168 78
168 79
168 80
168 81
168 82
168 83
167 84
166 84
166 85
166 86
165 87
165 88
165 89
165 90
164 91
164 92
163 93
162 94
161 94
161 95
161 96
160 97
160 98
160 99
160 100
160 101
159 102
158 103
157 103
156 103
155 103
154 102
153 101
153 100
153 99
153 98
153 97
153 96
153 95
153 94
154 93
154 92
155 91
155 90
155 89
155 88
155 87
155 86
155 85
155 84
155 83
154 82
154 81
154 80
154 79
154 78
154 77
154 76
154 75
154 74
155 73
155 72
155 71
156 70
157 70
157 69
157 68
157 67
157 66
158 65
158 64
158 63
158 62
158 61
158 60
158 59
158 58
158 57
158 56
158 55
158 54
158 53
159 52
160 51
160 50
160 49
160 48
160 47
160 46
159 46
158 45
157 45
156 45
155 45
154 45
153 44
152 44
151 44
150 44
149 44
148 44
147 44
146 44
145 44
144 44
143 44
142 44
141 44
140 44
139 44
138 43
137 43
136 43
135 43
134 43
133 43
132 42
131 42
130 42
129 42
128 42
127 42
126 42
125 42
124 42
123 42
122 42
121 42
120 43
119 43
118 44
117 45
116 45
116 46
116 47
116 48
116 49
116 50
116 51
116 52
117 52
118 53
119 54
120 55
121 56
122 56
123 57
124 58
124 59
124 60
124 61
124 62
124 63
124 64
124 65
124 66
124 67
123 68
123 69
123 70
123 71
122 72
121 72
121 73
121 74
120 75
120 76
120 77
119 78
119 79
119 80
119 81
118 82
118 83
117 84
116 84
116 85
115 86
114 87
114 88
114 89
114 90
113 91
112 92
111 92
111 93
111 94
110 95
109 96
109 97
108 98
108 99
108 100
107 101
106 101
106 102
106 103
106 104
105 105
105 106
105 107
105 108
105 109
105 110
104 111
104 112
104 113
104 114
103 115
103 116
103 117
103 118
103 119
103 120
103 121
103 122
103 123
103 124
103 125
103 126
103 127
103 128
103 129
103 130
103 131
102 132
101 132
101 133
101 134
101 135
101 136
101 137
101 138
101 139
101 140
101 141
101 142
101 143
101 144
101 145
101 146
101 147
101 148
101 149
100 150
99 150
98 149
98 148
98 147
97 146
97 145
96 145
95 144
95 143
95 142
95 141
94 140
94 139
94 138
93 137
92 136
92 135
91 134
90 133
89 132
89 131
88 130
88 129
87 128
86 128
85 127
84 127
83 126
83 125
82 124
81 124
80 123
79 123
78 122
77 122
76 122
75 122
74 121
73 121
72 120
71 120
70 119
69 118
69 117
69 116
68 115
68 114
68 113
68 112
68 111
67 110
67 109
67 108
66 108
65 107
65 106
64 105
64 104
64 103
64 102
64 101
63 100
63 99
62 98
61 98
60 97
59 96
59 95
59 94
58 93
58 92
57 91
57 90
56 90
55 89
55 88
55 87
54 86
54 85
54 84
53 83
52 82
52 81
51 81
50 80
50 79
49 78
48 77
48 76
47 75
46 75
45 74
45 73
44 72
43 71
43 70
42 69
41 69
40 68
39 67
38 66
37 65
36 65
35 64
34 63
33 63
32 62
31 62
30 61
29 60
28 60
27 59
26 58
25 58
24 58
23 59
22 60
22 61
22 62
21 63
20 63
19 64
18 64
17 64
17 65
18 66
18 67
18 68
18 69
19 70
20 70
21 70
22 71
23 71
24 71
25 72
26 72
27 73
28 74
29 74
30 75
31 76
32 76
33 77
33 78
34 79
34 80
35 81
36 82
36 83
37 83
38 84
39 85
39 86
40 87
40 88
41 89
41 90
41 91
41 92
42 92
43 93
43 94
44 95
44 96
45 97
46 98
46 99
47 99
48 100
48 101
49 102
49 103
49 104
50 105
50 106
50 107
50 108
50 109
50 110
49 111
48 112
47 112
46 112
45 112
44 111
44 112
44 113
44 114
44 115
43 116
42 116
41 117
40 118
39 118
38 118
37 119
36 120
36 121
36 122
36 123
37 123
38 123
39 123
40 123
41 123
42 123
43 123
44 124
44 125
44 126
45 127
44 128
44 129
44 130
44 131
44 132
44 133
44 134
44 135
43 136
43 137
43 138
43 139
42 140
41 139
40 138
39 137
38 137
37 136
37 135
36 134
35 133
35 132
34 131
33 130
33 129
32 128
31 128
30 127
29 126
29 125
28 124
27 123
26 122
25 121
24 120
23 119
22 119
21 118
20 118
19 117
19 116
18 115
17 115
16 114
15 114
14 113
14 112
13 111
12 111
11 110
10 110
9 110
8 109
7 109
6 109
5 109
4 109
4 110
4 111
4 112
4 113
4 114
5 115
6 116
7 117
7 118
8 118
9 119
10 120
10 121
10 122
11 122
12 123
13 124
14 125
14 126
14 127
14 128
14 129
14 130
15 131
16 131
17 132
18 132
19 132
20 133
20 134
20 135
21 135
22 136
23 137
24 138
24 139
25 140
25 141
26 142
27 143
28 144
28 145
29 146
30 147
30 148
31 148
32 149
31 150
32 150
33 151
33 152
33 153
34 154
35 155
35 156
35 157
36 158
36 159
37 160
38 161
38 162
39 163
39 164
39 165
40 166
40 167
40 168
40 169
40 170
41 171
41 172
42 172
43 173
43 174
43 175
43 176
43 177
43 178
43 179
43 180
44 181
44 182
44 183
44 184
44 185
45 186
45 187
45 188
45 189
45 190
45 191
45 192
45 193
45 194
46 195
46 196
46 197
46 198
46 199
46 200
46 201
46 202
47 203
47 204
48 205
48 206
48 207
48 208
48 209
48 210
48 211
48 212
48 213
48 214
48 215
48 216
48 217
48 218
48 219
47 220
47 221
47 222
47 223
47 224
47 225
47 226
47 227
47 228
47 229
47 230
47 231
47 232
47 233
47 234
47 235
48 236
48 237
49 238
49 239
49 240
50 241
51 242
52 243
52 244
53 245
54 246
55 247
55 248
56 249
57 250
58 251
59 252
60 252
61 253
62 254
63 254
64 255
65 256
66 257
67 257
68 258
69 259
70 260
71 260
72 261
73 262
74 263
75 263
76 264
77 264
78 264
79 265
79 266
80 267
81 268
82 268
83 269
84 269
85 270
86 271
87 271
88 272
89 272
90 273
91 273
92 273
93 273
94 274
95 274
96 275
97 275
98 275
99 275
100 275
101 275
102 275
103 275
104 275
105 275
106 275
107 275
108 275
109 275
110 275
111 275
112 276
113 276
114 276
115 276
116 276
117 277
118 277
119 277
120 278
121 278
122 278
123 278
124 278
125 278
126 278
127 278
128 278
129 279
130 279
131 279
132 279
133 279
134 280
135 280
136 280
137 280
138 281
139 281
140 281
141 281
142 281
143 281
144 281
145 281
146 281
147 281
148 281
149 281
150 280
151 280
152 280
153 280
154 279
154 278
154 277
155 276
156 275
157 274
158 273
158 272
159 271
159 270
160 269
160 268
160 267
161 266
162 265
163 264
164 263
165 262
165 261
165 260
165 259
165 258
166 257
167 256
168 255
169 255
170 255
171 255
172 255
173 255
174 255
175 255
176 255
177 255
178 255
179 255
180 255
181 255
182 255
183 255
184 255
185 255
186 255
187 255
188 255
189 255
190 255
191 256
192 256
193 256
194 256
195 256
196 256
197 256
198 256
199 256
200 256
201 256
202 256
203 256
204 256
205 256
206 256
207 256
208 256
209 256
210 256
211 257
212 257
213 257
214 257
215 257
216 257
217 257
218 257
219 257
220 257
221 257
222 257
223 257
224 257
225 257
226 257
227 257
228 257
229 257
230 257
231 257
232 257
233 257
234 257
235 257
236 257
237 257
238 257
239 257
240 258
241 258
242 258
243 258
244 258
245 258
246 258
247 257
248 257
249 257
250 256
251 256
252 256
253 256
254 255
255 254
256 254
257 254
258 254
259 253
260 253
261 252
262 251
263 251
264 251
265 250
266 249
267 248
268 248
269 248
270 247
271 246
272 245
273 245
274 244
275 243
276 242
277 241
278 241
279 240
280 239
281 238
282 237
283 237
284 236
285 235
286 234
287 233
288 233
289 232
290 231
291 230
291 229
292 228
293 228
294 227
295 226
296 225
297 224
298 224
299 223
299 222
299 221
300 220
300 219
301 218
302 217
303 217
304 216
304 215
305 214
305 213
306 212
307 211
308 211
308 210
309 209
309 208
310 207
310 206
311 205
311 204
311 203
312 202
313 202
314 201
314 200
314 199
315 198
315 197
315 196
315 195
316 194
317 193
318 193
318 192
318 191
319 190
319 189
319 188
320 187
320 186
321 185
321 184
321 183
322 182
323 182
323 181
324 180
325 179
325 178
326 177
326 176
327 175
328 175
328 174
329 173
330 172
330 171
330 170
330 169
330 168
330 167
330 166
330 165
330 164
330 163
330 162
330 161
331 160
331 159
332 158
333 158
333 157
333 156
333 155
333 154
333 153
333 152
333 151
333 150
333 149
333 148
333 147
333 146
333 145
333 144
333 143
333 142
333 141
333 140
333 139
332 139
331 138
331 137
331 136
331 135
330 134
330 133
329 132
329 131
328 130
328 129
327 129
326 128
325 127
325 126
324 125
324 124
323 123
323 122
322 122
321 121
321 120
321 119
321 118
321 117
321 116
321 115
321 114
321 113
321 112
321 111
322 110
323 110
324 109
325 109
326 108
327 108
328 108
329 108
330 107
330 106
330 105
329 104
328 104
327 104
326 104
325 104
324 104
323 104
322 104
321 105
320 105
319 106
318 107
317 107
316 108
316 109
316 110
315 111
315 112
315 113
315 114
315 115
315 116
315 117
315 118
315 119
315 120
315 121
315 122
315 123
316 124
316 125
316 126
316 127
317 128
317 129
317 130
318 130
319 131
319 132
320 133
320 134
320 135
321 136
322 137
322 138
322 139
323 139
324 140
324 141
324 142
324 143
324 144
324 145
324 146
324 147
324 148
324 149
324 150
324 151
324 152
324 153
324 154
324 155
324 156
324 157
324 158
324 159
323 160
322 161
322 162
322 163
322 164
322 165
321 166
321 167
321 168
320 169
320 170
320 171
319 172
318 172
317 172
316 171
316 170
315 169
314 168
314 167
314 166
314 165
313 164
313 163
313 162
313 161
313 160
312 160
311 159
311 158
311 157
311 156
310 155
310 154
310 153
310 152
310 151
309 150
309 149
308 148
308 147
308 146
308 145
307 145
306 144
306 143
306 142
305 141
305 140
305 139
304 138
304 137
304 136
304 135
304 134
304 133
304 132
304 131
304 130
304 129
304 128
304 127
304 126
304 125
304 124
304 123
304 122
304 121
304 120
304 119
304 118
304 117
304 116
304 115
304 114
304 113
304 112
304 111
304 110
304 109
304 108
304 107
304 106
304 105
304 104
304 103
304 102
304 101
304 100
305 99
305 98
305 97
306 96
306 95
306 94
307 93
308 93
308 92
308 91
308 90
309 89
309 88
309 87
309 86
309 85
309 84
309 83
310 82
310 81
310 80
310 79
310 78
311 77
311 76
312 75
313 75
313 74
313 73
314 72
314 71
314 70
314 69
314 68
314 67
315 66
315 65
315 64
315 63
315 62
316 61
316 60
316 59
316 58
317 57
318 57
318 56
318 55
318 54
318 53
318 52
319 51
319 50
319 49
319 48
318 47
319 46
320 45
320 44
320 43
320 42
320 41
320 40
319 39
318 38
317 38
316 37
315 37
314 36
313 36
312 36
311 36
310 36
309 35
308 35
307 35
306 34
305 34
304 34
303 34
302 34
301 34
300 33
299 33
298 33
297 33
296 33
295 33
294 33
293 33
292 33
291 33
290 33
289 33
288 33
287 33
286 33
285 33
284 33
283 33
282 33
