262 6
261 7
260 8
259 8
258 8
257 8
256 8
255 8
254 8
253 8
252 8
251 8
250 8
249 8
248 8
247 8
246 8
245 9
244 10
243 11
242 11
241 12
241 13
240 14
240 15
239 16
239 17
238 18
237 19
236 20
236 21
236 22
236 23
236 24
235 25
234 26
233 27
232 28
231 28
230 28
229 28
228 28
227 27
226 27
225 27
224 28
223 28
222 28
221 28
220 28
219 28
218 29
217 29
216 29
215 29
214 29
213 29
212 29
211 29
210 29
209 28
208 27
207 26
206 26
205 26
204 26
203 26
202 25
201 25
200 24
199 24
198 23
197 23
196 23
195 23
194 23
193 22
192 22
191 22
190 22
189 22
188 22
187 22
186 21
185 21
184 21
183 21
182 21
181 21
180 21
179 21
178 21
177 21
176 21
175 22
174 22
173 22
172 22
171 22
170 22
169 22
168 22
167 22
166 23
165 23
164 23
163 23
162 23
161 23
160 23
159 24
158 24
157 24
156 25
155 25
154 25
153 25
152 25
151 25
150 25
149 25
148 26
147 26
146 26
145 26
144 26
143 26
142 27
141 27
140 28
139 28
138 28
137 28
136 28
135 29
134 29
133 29
132 29
131 29
130 29
129 30
128 30
127 31
126 32
125 33
124 33
123 33
122 34
121 34
120 35
119 36
118 36
117 37
116 37
115 38
114 38
113 38
112 39
111 40
110 40
109 41
108 41
107 42
106 42
105 42
104 43
103 43
102 44
101 44
100 44
99 45
98 45
97 46
96 46
95 46
94 47
93 47
92 48
91 49
90 50
89 51
88 52
87 53
86 54
85 55
84 56
83 56
82 57
81 57
80 58
79 58
78 59
78 60
77 61
77 62
76 63
75 64
74 65
73 66
72 67
71 68
70 69
69 70
68 71
67 72
66 73
66 74
65 75
64 76
63 77
62 78
61 78
60 79
59 80
58 80
57 81
56 82
56 83
56 84
56 85
55 86
54 86
54 87
54 88
54 89
53 90
53 91
53 92
53 93
53 94
53 95
53 96
53 97
53 98
53 99
53 100
53 101
53 102
53 103
53 104
53 105
53 106
53 107
53 108
53 109
53 110
53 111
53 112
53 113
53 114
53 115
53 116
53 117
53 118
53 119
53 120
53 121
53 122
53 123
53 124
53 125
53 126
53 127
53 128
53 129
53 130
53 131
53 132
53 133
53 134
53 135
53 136
53 137
53 138
53 139
53 140
52 141
52 142
52 143
52 144
53 145
53 146
53 147
53 148
53 149
53 150
53 151
53 152
52 153
51 154
51 155
51 156
51 157
51 158
52 159
52 160
52 161
52 162
52 163
52 164
52 165
52 166
52 167
52 168
52 169
52 170
52 171
52 172
52 173
53 174
53 175
53 176
53 177
53 178
54 179
54 180
55 181
55 182
55 183
55 184
55 185
55 186
55 187
55 188
55 189
55 190
55 191
55 192
55 193
55 194
55 195
55 196
56 197
56 198
56 199
56 200
56 201
56 202
56 203
56 204
56 205
56 206
56 207
56 208
55 209
55 210
55 211
55 212
55 213
54 214
54 215
54 216
54 217
54 218
53 219
53 220
53 221
52 222
52 223
52 224
52 225
52 226
51 227
51 228
50 229
50 230
49 231
49 232
49 233
48 234
48 235
47 236
46 237
45 238
45 239
44 240
44 241
43 242
43 243
43 244
43 245
43 246
43 247
44 248
45 249
46 250
47 250
48 250
49 250
50 250
51 249
52 248
53 247
53 246
53 245
54 244
54 243
55 242
56 241
57 240
57 239
58 238
58 237
58 236
59 235
59 234
60 233
60 232
61 231
61 230
61 229
62 228
62 227
62 226
62 225
62 224
63 223
63 222
63 221
64 220
64 219
64 218
64 217
64 216
65 215
65 214
65 213
65 212
65 211
66 210
66 209
66 208
66 207
66 206
66 205
66 204
66 203
66 202
66 201
66 200
66 199
66 198
66 197
66 196
66 195
65 194
65 193
65 192
65 191
65 190
65 189
65 188
65 187
65 186
65 185
65 184
65 183
65 182
65 181
65 180
65 179
64 178
64 177
64 176
63 175
63 174
63 173
63 172
63 171
62 170
62 169
62 168
62 167
62 166
62 165
62 164
62 163
62 162
62 161
62 160
62 159
62 158
62 157
62 156
63 155
64 155
65 156
65 157
66 158
66 159
67 160
68 161
68 162
68 163
68 164
69 165
70 166
71 167
71 168
71 169
71 170
71 171
71 172
71 173
71 174
71 175
71 176
71 177
71 178
71 179
71 180
71 181
71 182
71 183
71 184
71 185
71 186
71 187
71 188
71 189
71 190
72 191
72 192
72 193
72 194
72 195
72 196
72 197
72 198
72 199
72 200
72 201
72 202
72 203
72 204
72 205
72 206
72 207
72 208
72 209
72 210
73 211
74 212
74 213
74 214
74 215
73 216
72 216
72 217
72 218
72 219
72 220
72 221
72 222
72 223
71 224
71 225
71 226
71 227
70 228
69 228
69 229
69 230
69 231
69 232
69 233
68 234
68 235
68 236
67 237
66 237
66 238
66 239
66 240
66 241
65 242
65 243
64 244
63 245
63 246
63 247
63 248
62 249
61 250
60 251
60 252
59 253
59 254
59 255
59 256
59 257
58 258
57 258
57 259
57 260
57 261
57 262
57 263
57 264
57 265
57 266
57 267
56 268
56 269
56 270
55 271
54 272
53 273
53 274
53 275
53 276
52 277
51 278
51 279
51 280
51 281
52 281
53 282
54 283
54 284
54 285
54 286
54 287
54 288
54 289
54 290
54 291
55 292
56 293
57 293
58 293
59 294
60 295
60 296
61 296
62 296
63 297
64 297
65 298
65 299
66 299
67 299
68 299
69 299
70 299
71 299
72 300
73 300
74 300
75 300
76 300
77 301
77 302
78 302
79 302
80 302
81 302
82 302
83 302
84 302
85 302
86 302
87 302
88 302
89 303
90 303
91 303
92 303
93 303
94 303
95 303
96 302
97 302
98 302
99 301
100 300
101 299
101 298
101 297
101 296
101 295
101 294
101 293
101 292
101 291
101 290
101 289
100 288
99 288
98 287
98 286
98 285
97 284
97 283
97 282
96 282
95 281
95 280
95 279
95 278
95 277
95 276
95 275
95 274
95 273
96 272
97 272
97 271
97 270
97 269
97 268
98 267
98 266
98 265
99 264
100 263
100 262
100 261
101 260
101 259
102 258
102 257
102 256
103 255
104 254
105 253
105 252
106 251
107 250
108 249
108 248
109 247
110 246
111 245
111 244
112 243
113 242
114 241
114 240
115 239
115 238
116 237
117 236
118 235
119 235
120 236
120 237
120 238
120 239
121 239
122 240
122 241
122 242
122 243
123 244
123 245
123 246
124 247
125 248
125 249
126 250
126 251
126 252
126 253
126 254
126 255
127 256
128 257
128 258
129 259
129 260
129 261
130 262
131 263
132 264
132 265
132 266
132 267
133 268
134 269
134 270
134 271
134 272
134 273
134 274
134 275
135 276
135 277
135 278
135 279
135 280
135 281
135 282
135 283
135 284
136 284
137 285
137 286
137 287
137 288
137 289
137 290
138 291
139 292
140 293
141 294
142 295
143 296
144 296
145 296
146 296
147 296
148 296
149 296
150 295
151 294
152 294
153 294
154 294
155 293
156 293
157 293
158 293
159 293
160 293
161 293
162 292
163 291
164 291
165 290
166 290
167 290
168 290
169 290
169 289
170 288
171 288
172 288
173 288
174 288
175 288
176 288
177 287
178 287
179 287
180 287
181 287
181 286
182 285
183 285
184 285
185 285
186 284
187 284
187 283
188 282
188 281
189 280
190 279
190 278
190 277
190 276
190 275
190 274
190 273
190 272
189 271
188 270
187 269
186 268
185 267
184 266
183 265
182 264
181 264
180 264
179 264
178 264
177 264
176 263
176 262
176 261
175 260
175 259
175 258
175 257
174 256
173 255
173 254
173 253
173 252
172 251
172 250
172 249
172 248
172 247
172 246
171 246
170 245
170 244
170 243
170 242
169 241
169 240
169 239
169 238
169 237
168 237
167 236
167 235
167 234
166 233
166 232
166 231
165 231
164 230
164 229
164 228
164 227
164 226
164 225
164 224
165 223
166 222
166 221
166 220
166 219
166 218
166 217
166 216
166 215
166 214
166 213
167 212
168 211
169 211
170 211
171 211
172 211
173 211
174 211
175 211
176 211
177 211
178 211
179 211
180 211
181 211
182 211
183 211
184 211
185 211
186 211
187 211
188 211
189 211
190 211
191 211
192 211
193 211
194 211
195 211
196 211
197 211
198 211
199 211
200 211
201 211
202 211
203 211
204 211
205 211
206 211
207 212
208 212
209 212
210 212
211 212
212 212
213 212
214 212
215 212
216 212
217 212
218 212
219 212
220 212
221 213
222 213
223 214
224 214
225 214
226 215
227 216
228 217
229 218
230 219
231 220
232 221
233 222
234 223
235 224
236 225
237 226
237 227
238 228
238 229
239 230
239 231
239 232
240 233
240 234
241 235
241 236
241 237
242 238
242 239
243 240
243 241
243 242
243 243
243 244
244 245
244 246
244 247
245 248
245 249
246 250
247 251
248 252
248 253
248 254
249 255
249 256
250 257
251 258
252 259
252 260
252 261
252 262
252 263
251 264
252 265
252 266
252 267
252 268
252 269
252 270
252 271
252 272
252 273
252 274
252 275
252 276
252 277
252 278
253 278
254 279
254 280
254 281
253 282
253 283
253 284
253 285
253 286
253 287
253 288
253 289
253 290
253 291
253 292
253 293
253 294
253 295
253 296
253 297
254 298
255 299
254 300
253 301
253 302
253 303
253 304
253 305
254 306
255 307
256 308
257 308
258 308
259 308
260 308
261 308
262 308
263 308
264 308
265 308
266 308
267 309
268 309
269 309
270 309
271 309
272 309
273 309
274 309
275 309
276 309
277 309
278 309
279 309
280 309
281 309
282 309
283 309
284 309
285 309
286 309
287 309
288 308
289 308
290 308
291 308
292 308
293 307
294 307
295 307
296 306
297 305
298 304
299 303
300 302
300 301
300 300
300 299
300 298
300 297
300 296
300 295
299 294
299 293
299 292
299 291
299 290
298 289
298 288
297 287
297 286
297 285
296 284
296 283
296 282
296 281
296 280
296 279
296 278
296 277
296 276
296 275
296 274
296 273
296 272
296 271
296 270
296 269
296 268
296 267
296 266
296 265
296 264
296 263
296 262
296 261
297 260
297 259
298 258
299 257
300 258
301 259
301 260
301 261
302 262
302 263
302 264
303 265
303 266
303 267
303 268
303 269
304 270
304 271
304 272
304 273
304 274
305 275
305 276
305 277
305 278
305 279
305 280
305 281
305 282
306 283
306 284
306 285
306 286
306 287
306 288
307 289
307 290
307 291
307 292
307 293
308 294
308 295
308 296
309 297
309 298
310 299
311 300
312 301
313 302
314 303
315 303
316 304
317 304
318 304
319 305
320 305
321 305
322 305
323 305
324 305
325 305
326 305
327 305
328 305
329 304
330 304
331 304
332 304
333 304
334 303
335 302
336 302
337 302
338 302
339 301
340 301
341 300
342 300
343 299
344 298
345 298
346 297
347 297
348 296
349 296
350 295
351 294
352 293
353 292
354 291
354 290
354 289
354 288
354 287
353 286
352 285
351 284
351 283
350 282
349 281
348 280
347 280
346 280
345 279
344 278
344 277
343 276
343 275
343 274
342 273
342 272
341 271
341 270
341 269
341 268
341 267
340 266
340 265
340 264
339 263
339 262
339 261
339 260
339 259
338 258
338 257
337 256
337 255
337 254
336 253
336 252
336 251
336 250
336 249
335 248
335 247
335 246
335 245
335 244
334 243
334 242
334 241
334 240
334 239
334 238
333 237
333 236
333 235
333 234
333 233
332 232
332 231
332 230
331 229
331 228
331 227
331 226
331 225
330 224
330 223
330 222
329 221
329 220
328 219
328 218
328 217
328 216
328 215
327 214
327 213
327 212
327 211
327 210
326 209
326 208
326 207
326 206
326 205
326 204
325 203
325 202
325 201
325 200
325 199
324 198
324 197
323 196
323 195
323 194
323 193
323 192
322 191
321 190
321 189
321 188
321 187
320 186
320 185
320 184
320 183
320 182
320 181
320 180
320 179
320 178
320 177
320 176
320 175
320 174
320 173
320 172
320 171
320 170
320 169
320 168
320 167
320 166
320 165
320 164
320 163
320 162
320 161
320 160
320 159
320 158
320 157
320 156
320 155
320 154
320 153
320 152
320 151
320 150
320 149
319 148
319 147
319 146
318 145
317 144
317 143
317 142
317 141
318 140
319 140
320 139
321 139
322 139
323 139
324 139
325 139
326 140
327 141
327 142
327 143
327 144
327 145
327 146
328 146
329 147
329 148
329 149
329 150
329 151
329 152
329 153
329 154
329 155
329 156
329 157
329 158
329 159
329 160
329 161
329 162
329 163
329 164
329 165
329 166
329 167
329 168
329 169
329 170
330 171
330 172
330 173
331 173
332 174
332 175
333 176
333 177
334 178
335 179
336 180
336 181
336 182
337 182
338 183
338 184
339 185
340 185
341 186
341 187
342 187
343 187
344 188
345 189
346 190
347 191
348 191
349 191
350 192
350 193
351 194
351 195
351 196
351 197
351 198
352 199
353 200
353 201
353 202
353 203
353 204
353 205
353 206
353 207
353 208
353 209
353 210
353 211
353 212
354 213
354 214
354 215
354 216
354 217
354 218
354 219
354 220
354 221
354 222
354 223
354 224
354 225
354 226
354 227
354 228
354 229
354 230
354 231
354 232
354 233
354 234
354 235
354 236
355 236
356 237
356 238
356 239
356 240
356 241
356 242
356 243
356 244
356 245
356 246
356 247
356 248
356 249
356 250
356 251
356 252
356 253
356 254
356 255
356 256
356 257
357 258
357 259
357 260
357 261
356 262
356 263
356 264
356 265
356 266
356 267
356 268
356 269
356 270
356 271
356 272
357 273
358 274
359 275
359 276
359 277
359 278
359 279
359 280
359 281
359 282
359 283
359 284
359 285
359 286
359 287
359 288
360 289
360 290
361 290
362 291
362 292
362 293
362 294
363 295
363 296
363 297
363 298
363 299
364 299
365 300
365 301
365 302
366 303
366 304
366 305
366 306
366 307
366 308
366 309
367 309
368 310
368 311
368 312
369 313
369 314
369 315
370 315
371 316
371 317
371 318
371 319
371 320
372 321
373 321
374 322
374 323
375 323
376 323
377 324
378 324
379 324
380 325
380 326
381 326
382 326
383 326
384 325
385 324
386 324
387 324
388 324
389 324
390 324
391 324
392 324
393 324
394 324
395 324
396 324
397 324
398 324
399 324
400 324
401 323
402 322
403 321
404 320
404 319
404 318
404 317
404 316
404 315
403 314
403 313
402 313
401 312
401 311
402 310
403 309
403 308
403 307
403 306
402 306
401 305
401 304
400 303
399 303
398 303
397 303
396 303
395 304
395 305
394 306
393 306
392 305
392 304
392 303
392 302
392 301
391 300
390 300
389 299
389 298
389 297
389 296
389 295
388 294
388 293
388 292
388 291
387 291
386 290
386 289
385 288
385 287
385 286
385 285
385 284
384 283
383 282
383 281
383 280
383 279
383 278
383 277
383 276
383 275
383 274
383 273
383 272
383 271
383 270
383 269
383 268
383 267
383 266
383 265
383 264
384 263
385 263
385 262
385 261
385 260
385 259
385 258
385 257
385 256
385 255
385 254
385 253
385 252
386 251
386 250
386 249
386 248
386 247
386 246
386 245
386 244
386 243
386 242
386 241
386 240
386 239
386 238
386 237
386 236
386 235
386 234
386 233
387 232
388 231
388 230
388 229
388 228
388 227
388 226
388 225
388 224
388 223
388 222
388 221
388 220
388 219
388 218
388 217
388 216
388 215
388 214
388 213
388 212
388 211
388 210
388 209
388 208
388 207
388 206
388 205
388 204
388 203
388 202
388 201
388 200
389 199
390 199
391 199
392 199
393 200
394 200
395 201
395 202
396 202
397 202
398 202
399 202
400 201
401 200
402 200
403 200
404 200
405 200
406 200
407 199
407 198
408 197
409 197
409 196
409 195
409 194
408 193
407 192
406 192
405 192
404 192
403 192
402 192
401 192
400 191
399 191
398 191
397 191
396 191
395 191
394 191
393 191
392 191
391 190
391 189
391 188
390 187
389 186
390 185
391 185
391 184
391 183
391 182
391 181
391 180
391 179
391 178
391 177
391 176
391 175
391 174
392 173
393 172
394 172
395 173
396 174
397 175
398 175
399 176
399 177
400 178
401 179
401 180
401 181
402 182
403 182
404 183
404 184
405 185
406 185
407 186
407 187
408 188
409 188
410 189
410 190
411 191
412 191
413 192
413 193
414 194
415 194
416 195
416 196
417 196
418 196
419 197
420 198
421 199
422 200
423 201
424 202
425 203
426 204
427 205
428 205
429 206
430 206
431 207
431 208
432 209
433 209
434 210
434 211
435 211
436 211
437 212
438 212
439 212
440 213
440 214
441 214
442 214
443 214
444 214
445 214
445 213
445 212
445 211
445 210
445 209
445 208
445 207
445 206
444 205
443 204
442 204
441 204
440 204
439 203
439 202
439 201
438 201
437 200
436 199
436 198
436 197
435 197
434 197
433 196
433 195
432 195
431 194
431 193
431 192
430 191
429 190
428 189
427 188
427 187
427 186
426 186
425 186
424 185
424 184
424 183
423 183
422 182
421 181
421 180
420 180
419 179
419 178
419 177
418 176
417 175
416 174
416 173
415 172
415 171
415 170
414 169
413 168
413 167
412 166
412 165
411 165
410 164
409 163
409 162
409 161
409 160
409 159
408 159
407 158
407 157
407 156
407 155
407 154
407 153
407 152
406 151
406 150
406 149
406 148
406 147
406 146
405 145
404 144
404 143
404 142
404 141
403 140
403 139
403 138
403 137
403 136
403 135
403 134
403 133
403 132
403 131
402 130
401 129
401 128
401 127
401 126
401 125
401 124
401 123
401 122
401 121
401 120
401 119
401 118
401 117
401 116
401 115
401 114
401 113
400 112
400 111
400 110
400 109
400 108
399 108
398 107
398 106
398 105
398 104
397 103
397 102
397 101
397 100
397 99
397 98
396 97
395 96
394 96
393 96
392 95
391 94
391 93
391 92
390 91
389 90
389 89
389 88
389 87
389 86
389 85
389 84
389 83
389 82
389 81
389 80
389 79
389 78
389 77
389 76
389 75
389 74
389 73
389 72
389 71
389 70
389 69
389 68
389 67
389 66
389 65
389 64
389 63
389 62
388 61
388 60
388 59
387 58
387 57
387 56
386 55
386 54
386 53
386 52
385 51
384 50
383 49
382 48
381 47
381 46
380 45
379 44
378 43
378 42
378 41
377 40
377 39
377 38
377 37
377 36
376 35
376 34
376 33
375 32
375 31
375 30
374 29
374 28
373 27
372 26
371 25
370 24
369 23
368 22
367 21
366 20
365 19
364 18
363 18
362 17
361 16
360 15
359 14
358 14
357 13
356 13
355 13
354 13
353 12
352 12
351 12
350 12
349 12
348 11
347 11
346 10
345 10
344 10
343 9
342 9
341 9
340 9
339 9
338 8
337 8
336 8
335 8
334 8
333 8
332 8
331 8
330 7
329 6
328 6
327 6
326 6
325 6
324 6
323 6
322 6
321 6
320 6
319 6
318 6
317 6
316 6
315 6
314 6
313 6
312 6
311 6
310 6
309 7
308 8
307 8
306 8
305 8
304 7
304 6
303 6
302 6
301 6
300 6
299 6
298 6
297 6
296 6
295 6
294 6
293 6
292 6
291 6
290 6
289 6
288 7
287 8
286 8
285 8
284 8
283 8
282 8
281 7
281 6
280 6
279 6
278 6
277 6
276 6
275 6
274 6
273 6
272 6
271 6
270 7
269 8
268 8
267 8
266 7
266 6
265 6
264 6
263 6
