102 18
101 19
100 19
99 19
98 20
97 20
96 21
95 21
94 22
93 22
92 22
91 22
90 23
89 24
88 24
87 25
86 25
85 26
84 26
83 26
82 27
81 27
80 28
79 28
78 28
77 29
76 29
75 29
74 30
73 30
72 31
71 31
70 31
69 32
68 33
67 33
66 33
65 33
64 33
63 33
62 34
61 34
60 34
59 34
58 35
57 35
56 35
55 36
54 37
53 37
52 37
51 38
50 38
49 39
48 39
47 40
46 40
45 41
44 42
43 43
42 43
41 44
40 45
39 46
38 47
37 48
36 49
35 50
34 51
34 52
33 53
32 54
32 55
31 56
31 57
30 58
29 59
28 60
28 61
28 62
27 63
27 64
26 65
26 66
25 67
25 68
24 69
23 70
23 71
23 72
23 73
22 74
22 75
21 76
21 77
21 78
21 79
21 80
21 81
21 82
21 83
21 84
21 85
21 86
21 87
21 88
21 89
21 90
21 91
21 92
21 93
21 94
21 95
21 96
21 97
22 98
22 99
22 100
22 101
22 102
22 103
22 104
22 105
22 106
22 107
22 108
22 109
23 110
23 111
23 112
23 113
23 114
23 115
23 116
23 117
23 118
23 119
24 120
24 121
24 122
24 123
25 124
25 125
25 126
25 127
25 128
25 129
26 130
26 131
26 132
26 133
26 134
27 135
27 136
27 137
27 138
26 139
25 139
24 139
23 139
22 139
21 140
20 141
19 142
19 143
18 144
17 145
17 146
16 147
16 148
15 149
15 150
15 151
15 152
15 153
14 154
14 155
14 156
14 157
14 158
14 159
14 160
14 161
14 162
14 163
14 164
14 165
15 166
15 167
15 168
15 169
15 170
16 171
16 172
16 173
17 174
17 175
18 176
19 177
19 178
20 179
21 180
21 181
22 182
23 183
23 184
24 185
25 186
25 187
25 188
26 189
26 190
27 191
27 192
27 193
28 194
29 195
30 196
30 197
31 198
31 199
32 199
33 200
34 201
35 202
36 202
37 202
38 203
39 203
40 204
41 205
42 205
43 206
44 207
44 208
44 209
45 210
46 211
47 212
47 213
47 214
48 215
49 216
49 217
49 218
50 219
51 220
52 221
52 222
52 223
52 224
53 225
53 226
53 227
53 228
53 229
53 230
53 231
53 232
53 233
53 234
53 235
53 236
53 237
53 238
53 239
53 240
53 241
53 242
53 243
53 244
53 245
53 246
53 247
53 248
53 249
53 250
53 251
53 252
53 253
53 254
53 255
53 256
53 257
52 258
52 259
52 260
52 261
52 262
51 263
51 264
51 265
51 266
51 267
51 268
51 269
52 270
53 271
54 272
54 273
55 274
56 275
56 276
56 277
56 278
57 279
58 280
58 281
58 282
59 283
59 284
60 285
60 286
60 287
60 288
61 289
62 290
63 291
64 292
65 293
66 294
67 295
68 296
69 297
70 298
71 299
72 300
73 301
74 301
75 302
76 303
76 304
77 305
78 306
79 307
80 308
81 308
82 309
83 310
84 310
85 311
86 311
87 311
88 312
89 312
90 313
91 313
92 314
93 314
94 314
95 314
96 315
97 315
98 316
99 316
100 317
101 317
102 317
103 317
104 318
105 318
106 317
107 317
108 316
109 315
110 315
111 315
112 314
113 314
114 313
115 313
116 312
117 311
118 311
119 310
120 310
121 309
122 309
123 308
124 307
125 306
126 305
127 305
128 304
129 303
130 303
131 302
132 301
133 300
134 300
135 299
136 299
137 298
138 297
139 296
140 296
141 295
142 294
143 294
144 293
145 293
146 292
147 292
148 291
149 290
150 289
151 288
152 287
152 286
153 285
153 284
154 283
154 282
155 281
155 280
155 279
156 278
156 277
157 276
157 275
157 274
158 273
159 272
159 271
159 270
159 269
159 268
160 267
160 266
160 265
160 264
161 263
161 262
161 261
161 260
161 259
161 258
161 257
161 256
162 255
162 254
162 253
162 252
163 251
163 250
163 249
163 248
163 247
163 246
163 245
163 244
163 243
163 242
163 241
164 240
165 239
166 238
167 237
168 236
168 235
169 234
169 233
170 232
170 231
171 230
172 229
173 228
173 227
173 226
174 225
174 224
174 223
175 222
175 221
175 220
175 219
175 218
176 217
176 216
176 215
176 214
176 213
176 212
176 211
176 210
176 209
176 208
176 207
176 206
176 205
177 204
177 203
177 202
178 201
179 200
179 199
180 198
181 197
182 196
183 195
184 195
185 194
186 193
187 192
188 191
189 190
190 189
191 188
191 187
192 186
192 185
192 184
193 183
193 182
193 181
193 180
194 179
194 178
194 177
194 176
195 175
195 174
196 173
196 172
196 171
197 170
197 169
197 168
197 167
197 166
197 165
197 164
197 163
197 162
197 161
197 160
197 159
197 158
197 157
197 156
197 155
197 154
197 153
197 152
197 151
196 150
196 149
196 148
196 147
196 146
195 145
195 144
195 143
194 142
193 141
192 140
192 139
192 138
191 137
190 136
189 136
188 135
188 134
188 133
188 132
188 131
188 130
188 129
188 128
188 127
188 126
188 125
188 124
188 123
188 122
188 121
188 120
188 119
188 118
188 117
188 116
188 115
188 114
188 113
188 112
188 111
188 110
187 109
187 108
187 107
187 106
187 105
187 104
187 103
187 102
187 101
187 100
187 99
187 98
187 97
187 96
187 95
187 94
187 93
187 92
187 91
187 90
187 89
187 88
187 87
187 86
187 85
187 84
187 83
187 82
187 81
187 80
187 79
187 78
187 77
187 76
187 75
187 74
187 73
187 72
186 71
186 70
186 69
186 68
185 67
185 66
185 65
185 64
185 63
184 62
184 61
184 60
184 59
183 58
182 57
182 56
181 55
180 54
180 53
180 52
179 51
179 50
178 49
177 48
176 47
175 46
174 45
173 44
172 44
171 44
170 43
169 42
168 42
167 41
166 40
165 39
164 38
163 37
162 36
161 36
160 36
159 35
158 35
157 34
156 33
155 33
154 32
153 32
152 32
151 32
150 32
149 32
148 32
147 32
146 32
145 32
144 32
143 32
142 32
141 32
140 31
139 30
139 29
138 28
138 27
137 26
136 25
135 24
134 24
133 23
132 22
131 22
130 21
129 21
128 21
127 21
126 20
125 20
124 20
123 20
122 20
121 19
120 19
119 18
118 18
117 18
116 18
115 18
114 18
113 18
112 18
111 18
110 18
109 18
108 18
107 18
106 18
105 18
104 18
103 18
