132 22
131 23
130 23
129 23
128 23
127 24
126 24
125 24
124 25
123 25
122 26
121 26
120 27
119 26
118 27
117 28
116 28
115 29
114 28
113 29
112 29
111 29
110 29
109 29
108 30
108 31
107 32
106 33
105 34
104 35
103 36
102 37
101 38
100 39
99 40
99 41
98 42
97 43
96 44
95 45
94 46
93 47
93 48
92 49
91 50
90 51
89 52
88 53
87 54
86 55
85 56
84 57
83 58
82 59
81 60
80 61
79 62
79 63
78 64
77 65
76 66
76 67
75 68
74 69
73 70
72 71
72 72
71 73
70 74
70 75
69 76
69 77
68 78
67 79
67 80
67 81
67 82
66 83
66 84
65 85
65 86
65 87
64 88
64 89
64 90
64 91
63 92
63 93
63 94
62 95
62 96
61 97
61 98
61 99
61 100
60 101
60 102
60 103
59 104
59 105
59 106
59 107
59 108
59 109
59 110
59 111
59 112
59 113
59 114
59 115
59 116
59 117
59 118
59 119
59 120
59 121
59 122
59 123
59 124
59 125
59 126
59 127
59 128
59 129
59 130
59 131
59 132
59 133
59 134
59 135
59 136
59 137
59 138
59 139
60 140
60 141
60 142
60 143
60 144
61 145
61 146
61 147
61 148
61 149
62 150
62 151
63 152
63 153
64 154
64 155
65 156
65 157
64 158
63 158
62 158
61 157
60 157
59 156
58 156
57 155
56 155
55 154
54 154
54 155
53 156
53 157
52 158
51 159
51 160
50 161
50 162
50 163
50 164
50 165
51 166
51 167
51 168
51 169
52 170
53 171
53 172
53 173
54 174
54 175
54 176
55 177
55 178
55 179
56 180
56 181
57 182
57 183
57 184
58 185
58 186
59 187
59 188
59 189
60 190
60 191
60 192
60 193
61 194
61 195
61 196
62 197
62 198
63 199
63 200
64 200
65 201
65 202
65 203
66 204
67 205
68 206
68 207
69 208
70 209
71 210
72 210
73 211
74 212
75 212
76 213
77 214
77 215
77 216
77 217
77 218
77 219
77 220
77 221
77 222
77 223
77 224
77 225
77 226
77 227
77 228
77 229
77 230
77 231
78 232
78 233
78 234
79 235
80 236
80 237
81 238
81 239
82 240
83 241
83 242
84 243
84 244
85 245
86 245
87 246
88 247
88 248
89 249
90 249
91 250
92 251
93 252
93 253
93 254
93 255
92 256
92 257
92 258
92 259
92 260
91 261
91 262
91 263
91 264
91 265
91 266
91 267
91 268
91 269
91 270
91 271
91 272
91 273
91 274
91 275
92 276
92 277
92 278
93 279
93 280
94 281
94 282
95 283
96 284
97 285
98 286
99 287
100 288
101 289
102 290
103 291
104 292
105 293
106 294
107 295
108 296
109 297
110 298
111 298
112 299
113 300
114 301
115 302
116 303
117 304
118 305
119 305
120 306
121 306
122 307
123 308
124 309
125 310
126 310
127 311
128 311
129 312
129 313
130 313
131 314
132 315
133 315
134 315
135 316
136 317
137 318
138 318
139 319
140 319
141 319
142 319
143 319
144 319
145 319
146 318
147 318
148 318
149 317
150 317
151 317
152 317
153 316
154 315
155 315
156 315
157 314
158 314
159 313
160 313
161 313
162 312
163 311
164 311
165 310
166 309
167 308
168 308
169 307
170 307
171 306
172 306
173 305
174 304
174 303
175 302
176 302
177 301
178 301
178 300
179 299
180 298
181 297
182 296
183 295
183 294
184 293
185 292
186 291
186 290
187 289
188 288
189 287
189 286
190 285
191 284
191 283
192 282
193 281
193 280
194 279
194 278
195 277
196 276
196 275
197 274
197 273
197 272
197 271
198 270
199 269
199 268
199 267
200 266
200 265
200 264
200 263
201 262
201 261
201 260
201 259
201 258
201 257
201 256
201 255
201 254
201 253
201 252
201 251
201 250
201 249
201 248
201 247
201 246
201 245
201 244
201 243
201 242
201 241
201 240
202 239
202 238
202 237
203 236
203 235
204 234
205 233
205 232
206 231
206 230
206 229
207 228
208 227
208 226
209 225
209 224
209 223
210 222
210 221
210 220
210 219
210 218
211 217
211 216
211 215
211 214
211 213
212 212
212 211
212 210
212 209
212 208
212 207
212 206
212 205
212 204
212 203
212 202
213 201
214 201
215 201
216 201
217 201
218 201
219 201
219 200
220 199
221 199
221 198
222 197
222 196
223 195
223 194
224 193
225 192
225 191
225 190
225 189
225 188
226 187
226 186
226 185
226 184
226 183
226 182
226 181
227 180
227 179
227 178
227 177
227 176
227 175
227 174
227 173
227 172
227 171
227 170
227 169
227 168
227 167
227 166
227 165
227 164
227 163
227 162
227 161
228 160
228 159
228 158
228 157
228 156
228 155
228 154
229 153
229 152
229 151
229 150
229 149
229 148
230 147
230 146
230 145
230 144
229 143
228 142
228 141
227 141
226 141
225 141
224 141
223 141
222 140
222 139
221 138
221 137
221 136
221 135
220 134
220 133
220 132
220 131
220 130
220 129
220 128
220 127
220 126
220 125
220 124
220 123
220 122
220 121
220 120
220 119
220 118
220 117
220 116
219 115
219 114
219 113
219 112
219 111
219 110
219 109
219 108
219 107
219 106
219 105
219 104
219 103
219 102
219 101
219 100
219 99
219 98
219 97
219 96
219 95
219 94
219 93
219 92
219 91
219 90
219 89
219 88
219 87
219 86
219 85
219 84
219 83
219 82
219 81
219 80
219 79
219 78
219 77
218 76
217 75
217 74
216 73
216 72
216 71
215 70
215 69
214 68
214 67
213 66
212 65
212 64
211 63
211 62
211 61
210 60
210 59
210 58
209 57
208 56
208 55
207 54
206 53
206 52
205 51
205 50
204 49
203 48
203 47
202 46
201 46
200 45
199 44
198 43
197 42
196 41
195 41
194 40
193 40
192 40
191 39
190 38
189 37
188 36
187 36
186 35
185 35
184 35
183 35
182 34
181 34
180 34
179 34
178 34
177 34
176 34
175 34
174 34
173 34
172 35
171 35
170 36
169 36
168 36
167 35
166 34
166 33
165 32
164 31
163 30
162 30
161 29
160 28
159 28
158 27
157 26
156 26
155 25
154 25
153 25
152 25
151 24
150 24
149 24
148 24
147 23
146 23
145 23
144 23
143 23
142 23
141 22
140 22
139 22
138 22
137 22
136 22
135 22
134 22
133 22
