195 1
194 2
193 3
192 3
191 4
190 3
189 3
188 3
187 3
187 4
186 5
185 6
184 6
184 7
183 8
182 7
181 6
180 7
179 8
178 9
177 10
176 9
175 9
174 10
173 10
173 11
172 12
172 13
171 14
170 14
169 15
169 16
169 17
168 18
168 19
167 20
167 21
167 22
166 23
165 24
164 25
165 26
165 27
165 28
166 29
166 30
165 31
165 32
165 33
165 34
166 35
167 36
166 37
166 38
165 39
164 39
163 39
162 39
161 40
160 40
159 39
158 39
157 38
157 37
156 37
155 36
155 35
154 35
153 34
152 33
151 32
150 32
149 31
148 31
147 30
146 29
145 29
144 28
143 28
142 27
141 26
140 25
139 25
138 25
137 25
136 25
135 25
134 25
133 25
132 25
131 25
130 25
129 25
128 25
127 25
126 25
125 25
124 25
123 25
122 25
121 25
120 24
119 24
118 25
117 25
116 25
115 25
114 25
113 25
112 25
111 25
110 25
109 25
108 25
107 26
106 26
105 26
104 27
103 27
102 27
101 28
100 28
99 29
98 29
97 29
96 29
95 29
94 30
93 30
92 31
91 31
90 31
89 31
88 32
87 33
86 33
85 33
84 34
83 34
82 35
81 36
80 36
79 37
78 38
77 38
76 39
75 39
74 40
73 40
72 41
72 42
71 43
70 44
69 45
68 46
67 47
66 48
66 49
66 50
66 51
65 52
65 53
65 54
65 55
65 56
66 56
67 56
68 57
69 57
70 57
71 57
72 57
73 57
74 57
75 58
76 58
77 58
78 58
79 59
80 59
81 60
82 61
81 62
80 62
79 62
78 62
77 62
76 63
75 63
74 63
73 63
72 63
71 64
70 64
69 64
68 64
67 64
66 64
65 64
64 65
63 65
62 65
61 65
60 65
59 65
58 65
57 66
56 66
55 66
54 66
53 66
52 65
51 65
50 65
49 64
48 64
47 64
46 63
45 63
44 63
43 62
42 62
41 62
40 61
39 61
38 61
37 61
36 61
35 60
34 60
33 60
32 59
31 59
30 59
29 58
28 58
27 58
26 57
25 57
24 57
23 57
22 56
21 56
20 56
19 56
18 55
17 56
16 55
15 55
14 55
13 55
12 55
11 55
10 54
9 54
8 54
7 54
6 55
5 55
4 55
3 55
3 56
3 57
3 58
3 59
3 60
3 61
3 62
2 63
2 64
2 65
2 66
2 67
2 68
1 69
1 70
2 71
2 72
2 73
1 74
1 75
2 76
3 77
2 78
2 79
3 79
4 80
4 81
4 82
5 83
5 84
5 85
6 86
6 87
7 88
7 89
8 90
9 91
9 92
9 93
9 94
10 94
11 94
12 95
12 96
13 96
14 96
15 96
16 96
17 96
18 96
19 96
20 96
21 95
22 95
23 95
24 94
25 94
26 93
27 93
28 92
29 92
30 92
31 91
32 91
33 90
34 90
35 89
36 89
37 89
38 89
39 89
40 88
41 89
42 88
43 87
44 87
45 87
46 86
47 86
48 85
49 85
50 85
51 84
52 84
53 84
54 83
55 83
56 82
57 82
58 82
59 82
60 82
61 82
62 82
63 82
64 81
65 81
66 81
67 81
68 81
69 81
70 81
71 81
72 81
73 81
74 81
75 81
76 81
77 81
78 81
79 81
80 81
81 81
82 81
83 81
84 81
85 81
86 82
85 83
84 83
83 84
82 85
81 86
80 86
79 87
78 87
77 88
76 89
75 90
76 91
76 92
76 93
76 94
76 95
77 96
78 97
78 98
78 99
79 99
80 100
81 100
82 101
82 102
82 103
83 103
84 103
85 104
86 105
86 106
87 106
88 106
89 107
90 107
91 107
92 107
93 108
94 109
95 108
96 108
97 108
98 109
99 109
100 110
101 110
102 109
103 109
104 109
105 109
106 110
107 110
108 109
109 109
110 109
111 110
112 110
113 110
114 109
115 109
116 109
117 110
118 110
119 110
120 109
121 109
122 109
123 109
124 108
125 108
126 108
127 108
128 108
129 108
129 107
130 106
131 107
132 106
133 107
134 106
135 105
136 105
137 105
138 105
139 104
140 103
141 103
142 102
143 101
144 100
145 99
146 98
147 97
148 96
148 95
149 94
149 93
150 92
151 93
152 93
153 93
154 93
155 93
156 94
156 95
157 96
158 97
159 97
160 96
161 96
162 97
163 97
164 98
165 99
166 100
166 101
167 102
168 102
169 101
170 101
171 101
172 102
173 102
174 103
174 104
174 105
175 106
176 105
177 104
178 104
179 103
180 103
181 103
182 104
183 104
184 104
185 105
185 106
186 107
187 106
188 105
189 105
190 104
191 103
192 103
193 104
193 105
194 106
195 105
196 104
197 103
198 103
199 104
199 105
200 104
201 103
202 102
203 102
204 102
205 102
206 103
205 104
205 105
204 106
203 107
203 108
202 109
201 110
201 111
200 112
199 112
199 113
199 114
200 114
201 114
202 113
203 114
203 115
202 116
202 117
201 118
200 119
199 120
199 121
198 122
197 123
196 123
196 124
197 125
198 124
199 123
200 122
201 121
202 120
203 119
204 120
204 121
203 122
203 123
202 124
202 125
203 125
204 124
204 123
205 122
206 121
206 120
207 119
208 118
209 117
209 116
210 115
211 114
211 113
211 112
212 111
212 110
213 109
213 108
213 107
214 106
214 105
215 104
215 103
215 102
215 101
215 100
216 99
217 98
218 97
219 96
220 96
220 95
221 94
221 93
222 92
223 91
224 91
225 90
226 90
227 90
228 89
229 89
230 89
231 89
232 89
233 89
234 89
235 89
236 89
237 89
238 89
239 89
240 89
241 89
242 88
243 88
244 88
245 88
246 88
247 88
248 88
249 87
250 87
251 87
252 87
253 86
254 86
255 86
256 86
257 85
258 85
259 85
260 85
261 85
262 85
263 84
264 84
265 84
266 84
267 84
268 84
269 84
270 84
271 84
272 84
273 83
274 83
275 82
276 82
277 82
278 82
279 82
280 81
281 80
281 79
282 78
282 77
282 76
282 75
282 74
282 73
282 72
281 71
280 70
280 69
279 68
278 67
277 66
277 65
277 64
277 63
276 62
275 61
275 60
274 59
273 58
272 58
271 57
270 56
270 55
269 54
268 54
267 53
266 52
265 52
264 52
263 53
262 52
262 51
261 50
261 49
260 48
259 47
259 46
258 45
257 45
256 44
255 43
254 43
253 42
252 42
251 41
250 40
249 40
248 39
247 38
246 37
245 37
244 37
243 38
243 39
242 40
241 40
240 39
239 38
238 37
238 36
237 35
236 34
236 33
235 32
234 32
233 32
232 32
231 32
230 32
229 32
228 32
227 31
226 31
225 30
224 30
223 29
222 29
221 29
220 30
220 31
219 32
218 32
217 32
216 32
215 31
214 31
213 31
212 30
212 29
211 28
211 27
211 26
211 25
210 24
210 23
209 22
209 21
208 20
208 19
208 18
207 17
207 16
206 15
206 14
205 13
205 12
204 11
203 10
202 9
202 8
201 7
201 6
200 5
199 4
199 3
198 3
197 2
196 1
