193 1
192 2
191 2
190 2
189 3
188 3
187 3
186 3
185 4
184 4
183 4
182 5
181 5
180 5
179 6
178 6
177 6
176 7
175 7
174 7
173 7
172 8
171 8
170 9
169 9
168 9
167 10
166 10
165 10
164 11
163 11
162 11
161 12
160 12
159 13
158 13
157 13
156 14
155 15
154 15
153 15
152 15
151 16
150 16
149 17
148 17
147 18
146 18
145 19
144 19
143 19
142 20
141 21
140 22
139 22
138 22
137 23
136 23
135 24
134 24
133 25
132 26
131 27
130 28
129 28
128 28
127 29
127 30
126 31
125 32
124 33
123 34
122 35
121 34
120 33
119 33
118 32
117 32
116 31
115 31
114 31
113 30
112 30
111 29
110 28
109 28
108 28
107 28
106 27
105 27
104 27
103 26
102 26
101 25
100 25
99 25
98 25
97 24
96 24
95 24
94 24
93 23
92 23
91 23
90 22
89 22
88 22
87 22
86 22
85 22
84 22
83 23
82 23
81 23
80 24
79 24
78 25
77 26
76 27
75 27
74 28
73 29
72 30
72 31
71 32
70 32
69 33
68 34
67 35
66 36
65 36
64 37
63 38
62 39
61 40
60 40
60 41
61 41
62 42
63 43
64 44
63 45
62 45
61 45
60 45
59 45
58 46
57 46
56 46
55 46
54 46
53 45
52 45
51 45
50 45
49 45
48 44
47 44
46 44
45 43
44 43
43 42
42 42
41 42
40 42
39 41
38 41
37 41
36 41
35 40
34 40
33 40
32 40
31 39
30 39
29 39
28 38
27 38
26 38
25 38
24 38
23 37
22 37
21 37
20 37
19 37
18 37
17 36
16 36
15 36
14 36
13 36
12 36
11 37
10 37
9 38
8 39
7 40
6 40
5 41
5 42
4 43
4 44
3 45
3 46
3 47
3 48
3 49
2 50
2 51
1 52
1 53
1 54
1 55
1 56
1 57
1 58
1 59
1 60
1 61
1 62
2 63
3 64
3 65
4 66
5 67
6 68
7 68
8 68
9 69
10 70
11 70
12 70
13 70
14 70
15 70
16 70
17 70
18 70
19 70
20 70
21 70
22 70
23 70
24 70
25 70
26 70
27 69
28 69
29 69
30 69
31 69
32 69
33 69
34 68
35 68
36 68
37 68
38 68
39 68
40 67
41 67
42 67
43 67
44 67
45 66
46 66
47 65
48 65
49 64
50 64
51 64
52 64
53 64
54 64
55 64
56 64
57 64
58 64
59 64
60 64
61 64
62 65
61 66
60 66
59 67
58 68
57 69
57 70
58 71
59 71
60 72
61 72
62 72
63 73
64 73
65 74
66 74
67 74
68 75
69 75
70 76
71 76
72 76
73 77
74 77
75 77
76 77
77 78
78 78
79 79
80 79
81 79
82 79
83 80
84 80
85 80
86 80
87 81
88 81
89 81
90 81
91 81
92 82
93 82
94 82
95 83
96 83
97 83
98 83
99 83
100 84
101 84
102 84
103 84
104 85
105 85
106 85
107 85
108 85
109 85
110 85
111 85
112 86
113 86
114 86
115 86
116 86
117 87
118 87
119 87
120 87
121 87
122 88
123 88
124 88
125 88
126 88
127 89
128 89
129 89
130 89
131 89
132 89
133 89
134 89
135 89
136 89
137 89
138 89
139 89
140 89
141 89
142 89
143 89
144 89
145 89
146 89
147 89
148 89
149 89
150 89
151 89
152 89
153 89
154 90
155 90
156 90
157 90
158 90
159 90
160 90
161 90
162 90
163 90
164 90
165 90
166 90
167 90
168 89
169 89
170 89
171 89
172 89
173 89
174 89
175 89
176 89
177 89
178 89
179 88
180 88
181 88
181 87
182 86
183 85
184 84
185 83
186 82
187 81
188 81
189 82
190 82
191 82
192 82
193 82
194 83
195 83
196 83
197 83
198 83
199 83
200 83
201 83
202 83
203 83
204 83
205 83
206 84
207 84
208 84
209 84
210 84
211 84
212 84
213 84
214 84
215 84
216 83
217 83
218 83
219 83
220 82
221 82
222 81
223 81
224 81
225 80
226 79
227 78
228 77
229 77
230 76
230 75
231 74
232 75
233 74
234 74
235 74
236 74
237 75
237 76
237 77
236 78
236 79
235 80
235 81
235 82
234 83
233 84
233 85
232 86
232 87
231 88
231 89
230 90
229 91
228 92
227 93
226 94
226 95
225 96
224 97
223 98
222 98
222 99
221 100
220 101
220 102
221 102
222 102
223 101
224 101
225 100
226 99
226 98
227 97
228 98
229 99
230 98
231 97
231 96
232 95
233 94
234 93
234 92
235 91
235 90
236 89
236 88
236 87
237 86
238 85
238 84
239 83
239 82
239 81
240 80
240 79
240 78
240 77
241 76
241 75
241 74
242 73
243 72
244 72
245 72
246 72
247 71
248 71
249 71
250 71
251 70
252 70
253 70
254 70
255 69
256 69
257 69
258 69
259 68
260 68
261 68
262 68
263 67
264 67
265 67
266 67
267 66
268 66
269 66
270 66
271 66
272 66
273 66
274 67
275 67
276 67
277 67
278 66
279 66
280 66
280 65
281 64
281 63
281 62
281 61
282 60
283 59
283 58
284 57
284 56
284 55
284 54
283 53
282 52
282 51
281 50
280 49
279 48
278 47
278 46
278 45
277 45
276 45
275 44
274 43
274 42
273 42
272 41
271 40
270 39
269 38
268 38
267 38
266 37
265 36
264 36
263 36
262 35
261 35
260 35
259 34
258 33
257 32
256 33
255 34
254 34
253 33
252 34
251 33
250 33
249 32
248 32
247 32
246 33
245 32
244 31
244 30
244 29
244 28
244 27
244 26
244 25
244 24
244 23
244 22
244 21
244 20
243 19
243 18
242 17
241 17
240 18
239 19
238 19
237 19
236 20
235 20
234 19
233 18
232 18
231 17
231 16
230 17
230 18
230 19
229 20
228 21
227 21
226 21
225 21
224 21
223 21
223 22
223 23
223 24
223 25
223 26
222 27
222 28
221 29
220 29
219 28
218 28
217 28
216 28
215 28
214 27
214 26
213 25
212 24
211 23
210 22
210 21
209 20
209 19
208 19
207 18
206 17
206 16
205 15
205 14
204 13
204 12
203 11
202 10
202 9
201 8
201 7
200 6
199 5
198 4
197 3
196 2
195 1
194 1
