195 1
194 2
194 3
193 4
193 5
193 6
193 7
193 8
192 9
192 10
191 11
191 12
190 13
189 14
188 15
187 16
187 17
186 18
185 18
185 19
184 20
183 21
182 21
181 21
180 21
179 21
178 21
177 21
176 20
175 20
174 20
173 20
172 20
172 21
171 22
170 22
169 22
168 21
167 21
166 20
165 20
164 20
163 19
162 18
161 17
160 17
159 17
158 18
157 17
156 17
155 17
154 16
153 16
152 16
151 15
150 15
149 15
148 15
147 14
146 14
145 14
144 14
143 14
142 13
141 13
140 13
139 13
138 13
137 13
136 12
135 12
134 12
133 12
132 12
131 12
130 12
129 12
128 12
127 12
126 12
125 12
124 12
123 12
122 12
121 12
120 12
119 13
118 13
117 13
116 13
115 13
114 14
113 14
112 14
111 14
110 14
109 15
108 15
107 15
106 15
105 15
104 15
103 16
102 16
101 16
100 16
99 17
98 17
97 17
96 18
95 18
94 18
93 18
92 19
91 19
90 19
89 20
88 21
87 21
86 22
85 22
84 23
84 24
83 25
82 25
81 26
80 26
79 27
78 27
78 28
77 29
76 29
75 30
74 30
73 31
72 32
71 33
70 33
69 34
68 35
67 36
66 36
65 37
64 38
63 39
62 39
61 40
60 41
59 41
59 42
58 43
57 43
56 44
55 45
54 45
54 46
53 47
53 48
54 49
55 49
56 49
57 49
58 50
59 50
60 51
61 51
62 52
61 53
60 53
59 53
58 53
57 53
56 52
55 52
54 52
53 52
52 52
51 52
50 52
49 52
48 51
47 51
46 51
45 51
44 51
43 50
42 50
41 50
40 50
39 49
38 49
37 49
36 49
35 48
34 48
33 48
32 48
31 48
30 48
29 47
28 47
27 47
26 47
25 47
24 46
23 46
22 46
21 46
20 46
19 46
18 46
17 46
16 46
15 46
14 46
13 46
12 46
11 46
10 46
9 46
8 47
7 47
6 48
6 49
5 50
5 51
4 52
4 53
3 54
3 55
3 56
2 57
2 58
2 59
2 60
2 61
2 62
1 63
1 64
1 65
1 66
1 67
1 68
1 69
1 70
1 71
2 72
2 73
2 74
2 75
2 76
3 77
3 78
4 79
4 80
5 81
5 82
6 83
7 84
8 84
9 84
10 84
11 84
12 84
13 84
14 84
15 83
16 83
17 83
18 83
19 83
20 82
21 82
22 82
23 82
24 81
25 81
26 81
27 80
28 80
29 80
30 79
31 79
32 79
33 79
34 78
35 78
36 78
37 77
38 77
39 76
40 76
41 76
42 76
43 76
44 75
45 75
46 75
47 74
48 74
49 74
50 74
51 73
52 73
53 73
54 73
55 72
56 72
57 72
58 72
59 72
60 72
61 73
60 74
59 75
58 75
57 76
57 77
57 78
58 79
59 80
59 81
59 82
60 82
61 82
62 83
63 84
63 85
64 85
65 85
66 86
67 86
68 87
69 88
69 89
70 89
71 89
72 90
73 90
74 91
74 92
75 92
76 92
77 92
78 93
79 94
80 95
81 95
82 95
83 95
84 95
85 96
86 97
87 97
88 96
89 97
90 97
91 97
92 98
92 99
93 99
94 99
95 99
96 99
97 99
98 100
99 100
100 101
101 101
102 102
103 101
104 101
105 102
106 102
107 102
108 103
109 104
110 103
111 103
112 103
113 103
114 103
115 103
116 104
117 104
118 104
119 104
120 104
121 104
122 104
123 104
124 104
125 105
126 104
127 104
128 104
129 103
130 104
131 104
132 105
133 105
134 104
135 103
136 103
137 103
138 103
139 103
140 103
141 103
142 102
143 101
144 101
145 101
146 102
147 102
148 101
149 100
150 100
151 99
152 99
153 99
154 99
155 98
156 97
157 96
158 96
159 95
160 95
161 94
162 94
163 93
164 92
165 91
166 90
167 89
167 88
168 87
169 86
170 86
171 86
172 86
173 86
174 87
175 87
176 87
177 87
178 87
179 87
180 87
181 86
182 87
183 87
184 87
185 87
186 87
187 87
188 87
189 87
190 88
191 89
192 90
193 90
194 90
195 90
196 90
197 90
198 90
199 90
200 90
201 90
202 90
203 91
204 91
205 91
206 91
207 91
208 91
209 91
210 91
211 91
212 91
213 91
214 91
215 91
216 91
217 91
218 91
219 91
220 91
221 91
222 91
223 91
224 90
225 90
226 91
227 91
228 91
229 90
230 90
231 90
232 90
233 90
234 90
235 90
236 90
237 90
238 90
239 90
240 90
241 90
242 90
243 90
244 90
245 90
246 90
247 90
248 90
249 90
250 90
251 89
252 89
253 89
254 89
255 88
256 88
257 88
258 87
259 87
260 87
261 87
262 87
263 87
264 87
265 88
264 89
263 90
263 91
264 91
265 91
266 91
267 91
268 91
269 90
270 90
271 89
272 89
273 89
274 90
273 91
272 91
271 92
270 93
269 93
268 94
267 94
266 94
265 94
265 95
266 95
267 95
268 95
269 95
270 95
271 95
272 94
273 94
274 94
275 93
276 93
277 94
276 95
275 96
274 97
273 98
272 98
271 98
270 99
271 99
272 99
273 99
274 99
275 98
276 98
277 98
278 97
279 97
280 96
281 96
282 95
283 94
284 93
285 92
286 93
286 94
286 95
286 96
286 97
287 96
287 95
288 94
289 93
289 92
290 91
290 90
290 89
290 88
291 87
291 86
291 85
291 84
291 83
292 82
292 81
292 80
293 79
294 79
295 79
296 79
297 78
298 78
299 77
300 77
301 76
302 76
303 75
304 75
305 75
306 74
307 74
308 73
309 73
310 72
311 71
312 70
313 69
314 68
315 67
316 66
317 66
318 65
319 65
320 64
321 64
322 63
323 63
324 62
325 62
326 61
327 60
328 59
328 58
329 57
329 56
329 55
328 54
327 54
326 54
325 53
326 52
327 52
328 51
329 50
328 49
328 48
328 47
327 46
327 45
327 44
326 43
325 42
325 41
324 40
323 39
322 39
321 38
320 37
319 36
318 36
317 35
316 35
315 35
314 34
313 34
312 34
311 33
310 33
309 33
308 32
307 32
306 32
305 32
304 31
303 31
302 31
301 31
300 30
299 30
298 30
297 30
296 30
295 30
294 30
293 29
292 29
291 29
290 29
289 29
288 29
287 29
286 29
285 29
284 29
283 29
282 29
281 28
280 28
279 29
278 28
277 29
276 28
275 28
274 28
273 28
272 28
271 27
270 27
269 27
268 27
267 27
266 27
265 26
264 26
263 26
262 26
261 26
260 26
259 26
258 26
257 25
256 25
255 25
254 25
253 25
252 25
251 25
250 25
249 24
248 25
247 24
246 24
245 24
244 24
243 24
242 24
241 24
240 24
239 24
238 23
237 24
236 23
235 23
234 23
233 23
232 22
231 22
230 22
229 22
228 22
227 22
226 22
225 22
224 22
223 22
222 22
221 22
220 22
219 22
218 21
218 20
217 19
216 18
215 17
215 16
214 16
213 15
212 14
211 13
210 12
209 11
208 10
207 9
206 8
205 7
204 6
203 6
202 5
201 4
200 3
199 2
198 2
197 2
196 1
