116 1
115 2
114 2
113 2
112 2
111 2
110 2
109 2
108 2
107 2
106 2
105 3
104 3
103 3
102 3
101 3
100 3
99 2
98 3
97 3
96 3
95 3
94 4
93 4
92 4
91 4
90 4
89 4
88 4
87 5
86 5
85 5
84 5
83 5
82 5
81 5
80 5
79 6
78 6
77 6
76 6
75 6
74 6
73 6
72 7
71 7
70 7
69 7
68 8
67 8
66 8
65 8
64 8
63 9
62 9
61 9
60 9
59 9
58 10
57 10
56 11
55 11
54 12
53 12
52 12
51 12
50 13
49 13
48 13
47 14
46 14
45 14
44 15
43 15
42 15
41 15
40 16
39 16
38 17
37 17
36 18
36 19
36 20
35 21
35 22
35 23
34 24
33 24
32 25
31 24
30 24
29 24
28 24
27 24
26 23
25 23
24 23
23 23
22 22
21 22
20 22
19 21
18 21
17 21
16 21
15 20
14 19
13 19
12 19
11 20
10 21
9 21
8 21
7 22
6 23
5 23
4 24
3 25
2 26
2 27
1 28
1 29
1 30
1 31
1 32
1 33
2 34
2 35
2 36
3 37
4 38
4 39
5 40
6 40
7 41
8 42
9 42
10 42
11 42
12 42
13 42
14 42
15 41
16 41
17 41
18 41
19 40
20 40
21 40
22 39
23 39
24 39
25 39
26 38
27 38
28 38
29 37
30 37
31 37
32 37
33 36
34 36
35 37
35 38
35 39
35 40
36 41
37 41
38 42
39 42
40 42
41 42
42 43
43 43
44 43
45 43
46 43
47 43
48 44
49 44
50 44
51 44
52 45
53 45
54 45
55 45
56 45
57 46
58 46
59 46
60 46
61 46
62 46
63 46
64 46
65 46
66 46
67 46
68 46
69 46
70 46
71 46
72 47
73 47
74 47
75 47
76 47
77 47
78 47
79 47
80 47
81 47
82 47
83 47
84 47
85 47
86 47
87 47
88 47
89 47
90 47
91 47
92 47
93 48
94 48
95 48
96 48
97 48
98 48
99 48
100 48
101 48
102 48
103 48
104 48
105 48
106 48
107 48
108 48
109 48
110 48
111 48
112 48
113 48
114 48
115 48
116 48
117 47
118 47
118 46
118 45
118 44
118 43
119 42
120 41
121 41
122 41
123 41
124 41
125 41
126 41
127 41
128 41
129 41
130 41
131 42
132 42
133 42
134 42
135 42
136 42
137 42
138 42
139 42
140 42
141 42
142 42
143 42
144 42
145 42
146 42
147 42
148 42
149 42
150 42
151 42
152 41
153 41
154 41
155 41
156 41
157 41
158 42
159 43
159 44
159 45
159 46
159 47
160 48
160 49
159 50
159 51
158 52
157 53
157 54
156 55
156 56
156 57
157 56
158 55
159 54
159 53
160 52
161 51
162 52
162 53
163 53
164 52
165 51
165 50
166 49
166 48
167 47
167 46
168 45
168 44
168 43
169 42
169 41
170 40
171 39
172 39
173 38
174 38
175 38
176 38
177 37
178 37
179 37
180 37
181 36
182 36
183 35
184 35
185 34
186 34
187 34
188 34
189 33
190 33
191 33
192 33
193 33
194 33
195 32
196 32
197 32
198 32
199 32
200 31
201 31
202 31
203 32
204 32
205 33
206 33
207 33
207 32
206 31
205 31
204 30
203 29
202 28
203 27
203 26
203 25
203 24
203 23
203 22
203 21
202 20
202 19
202 18
203 17
204 16
205 15
206 14
206 13
205 13
204 14
203 15
202 14
202 13
201 13
200 14
199 15
199 16
198 17
197 17
196 16
195 16
194 16
193 16
192 15
191 15
190 15
189 15
188 15
187 15
186 14
185 14
184 14
183 14
182 14
181 14
180 14
179 14
178 13
177 13
176 13
175 13
174 13
173 12
172 12
171 11
171 10
171 9
171 8
170 7
170 6
169 5
169 4
169 3
168 3
168 4
168 5
168 6
169 7
169 8
169 9
169 10
168 11
167 11
166 11
165 10
164 10
163 10
162 10
161 9
160 9
159 9
158 9
157 9
156 9
155 9
154 9
153 9
152 9
151 9
150 9
149 9
148 9
147 9
146 9
145 9
144 9
143 9
142 9
141 9
140 9
139 9
138 9
137 9
136 9
135 8
135 7
134 6
133 5
132 4
131 3
130 3
129 2
128 2
127 1
126 1
125 1
124 1
123 1
122 1
121 1
120 1
119 1
118 1
117 1
