169 1
168 2
167 2
166 3
165 4
164 4
163 4
162 5
161 5
160 6
159 6
158 6
157 7
156 8
155 9
154 9
153 9
152 10
151 10
150 10
149 11
148 11
147 12
146 12
145 13
144 14
143 14
142 14
141 15
140 15
139 15
138 16
137 16
136 17
135 17
134 18
133 18
132 19
131 20
130 20
129 20
128 19
127 18
126 18
125 17
124 16
123 16
122 15
121 15
120 14
119 14
118 13
117 13
116 12
115 12
114 12
113 11
112 11
111 12
110 12
109 12
108 13
107 13
106 14
105 14
104 14
103 14
102 15
101 15
100 15
99 16
98 16
97 16
96 17
95 17
94 17
93 18
92 18
91 18
90 18
89 19
88 19
87 19
86 19
85 20
84 20
83 20
82 21
81 21
80 22
79 22
78 23
77 23
76 23
75 24
74 24
73 24
72 25
71 25
70 25
69 26
68 26
67 27
66 28
65 28
64 28
63 29
62 29
61 30
60 30
59 31
58 31
58 32
57 33
56 33
55 34
54 34
54 35
53 36
52 36
51 36
50 36
49 36
48 36
47 36
46 36
45 35
44 35
43 35
42 35
41 35
40 35
39 35
38 35
37 34
36 34
35 34
34 33
33 33
32 33
31 32
30 32
29 31
28 31
27 30
26 30
25 30
24 29
23 29
22 29
21 28
20 28
19 28
18 27
17 27
16 26
15 25
14 25
13 25
12 24
11 24
10 23
9 23
8 23
7 23
6 24
5 25
5 26
4 27
4 28
4 29
3 30
3 31
3 32
3 33
2 34
2 35
2 36
2 37
2 38
1 39
1 40
1 41
1 42
1 43
1 44
1 45
1 46
1 47
1 48
1 49
1 50
1 51
1 52
1 53
1 54
1 55
1 56
1 57
2 58
2 59
2 60
2 61
3 62
3 63
4 64
4 65
4 66
5 67
5 68
6 68
7 68
8 68
9 68
10 68
11 67
12 67
13 67
14 67
15 66
16 65
17 65
18 64
19 64
20 64
21 63
22 63
23 63
24 62
25 62
26 62
27 61
28 60
29 60
30 59
31 59
32 59
33 58
34 58
35 58
36 57
37 57
38 57
39 57
40 57
41 57
42 57
43 57
44 57
45 57
46 57
47 57
48 57
49 57
50 58
50 59
49 60
48 60
48 61
48 62
48 63
49 63
50 63
51 63
52 63
53 63
54 63
55 64
56 64
57 64
58 65
59 66
60 66
61 67
62 67
63 67
64 68
65 68
66 68
67 69
68 69
69 69
70 70
71 70
72 71
73 71
74 72
75 72
76 72
77 73
78 73
79 73
80 73
81 73
82 73
83 74
84 74
85 74
86 74
87 74
88 74
89 75
90 75
91 75
92 75
93 75
94 76
95 76
96 76
97 76
98 76
99 77
100 77
101 77
102 77
103 77
104 77
105 77
106 77
107 77
108 77
109 77
110 77
111 77
112 77
113 77
114 77
115 77
116 77
117 77
118 76
119 76
120 76
121 76
122 76
123 76
124 76
125 76
126 75
127 75
128 75
129 75
130 75
131 74
132 74
133 74
134 73
135 73
136 72
136 71
137 70
137 69
138 68
138 67
138 66
138 65
139 64
140 64
141 64
142 64
143 65
144 65
145 65
146 65
147 66
148 66
149 66
150 67
151 67
152 67
153 67
154 67
155 67
156 67
157 67
158 67
159 68
160 68
161 68
162 68
163 68
164 68
165 68
166 68
167 68
168 67
169 67
170 67
171 67
172 67
173 67
174 67
175 67
176 66
177 66
178 66
179 65
180 65
181 64
182 64
183 64
184 63
185 63
186 63
187 62
188 62
189 62
190 62
191 61
192 61
193 61
194 62
194 63
193 64
192 64
191 65
190 66
190 67
189 68
188 68
187 69
186 70
187 71
188 70
189 69
190 69
191 68
192 67
193 68
193 69
192 70
192 71
191 72
191 73
190 74
189 75
188 76
188 77
187 78
188 78
189 78
190 77
190 76
190 75
191 74
192 74
193 73
193 72
194 71
194 70
194 69
195 68
195 67
195 66
196 65
196 64
196 63
196 62
196 61
196 60
197 59
198 58
199 57
200 57
201 57
202 57
203 57
204 57
205 57
206 57
207 57
208 57
209 57
210 57
211 57
212 57
213 56
214 55
215 55
216 55
217 54
218 54
219 54
220 54
221 54
222 54
223 54
224 53
225 53
226 53
227 53
228 53
229 53
230 52
231 52
232 52
233 52
234 51
235 50
236 49
236 48
236 47
236 46
236 45
236 44
235 43
235 42
234 41
234 40
233 39
232 38
232 37
232 36
231 35
230 34
229 33
228 32
228 31
227 30
227 29
226 28
225 27
225 26
224 25
223 24
222 23
221 22
220 21
219 20
218 20
217 19
216 18
215 17
214 16
213 15
212 15
212 16
211 17
210 16
209 16
208 17
207 16
206 16
205 16
204 17
203 16
202 16
202 17
201 18
200 18
199 18
198 18
197 18
196 18
195 18
194 18
193 17
192 16
191 15
190 14
189 13
189 12
188 11
187 10
186 9
185 8
184 7
183 6
182 5
181 4
180 4
179 3
178 2
177 1
176 1
175 1
174 1
173 1
172 1
171 1
170 1
