192 1
191 2
190 3
189 3
188 4
187 5
186 5
185 6
184 6
183 7
182 7
181 8
180 9
179 9
178 9
177 10
176 10
175 11
174 12
173 12
172 13
171 13
170 14
169 15
168 15
167 16
166 17
165 17
164 18
163 18
162 19
161 19
160 20
159 21
158 22
157 23
156 23
155 24
154 25
153 25
152 26
151 27
150 27
149 27
148 27
147 28
146 28
145 28
144 29
143 30
142 31
141 32
140 33
139 34
138 34
137 35
136 35
135 36
134 36
133 37
132 37
131 38
130 39
129 39
128 40
127 41
126 42
125 43
124 44
123 45
122 46
121 47
120 47
119 48
118 48
117 48
116 49
115 49
114 50
113 50
112 51
111 52
110 53
109 53
108 54
107 55
106 56
105 56
104 57
103 58
102 58
101 59
100 60
99 61
98 62
97 63
96 64
95 65
95 66
94 67
94 68
93 69
93 70
92 71
92 72
92 73
91 74
91 75
91 76
90 77
90 78
89 79
89 80
88 81
87 82
86 82
85 83
84 83
83 83
82 83
81 83
80 83
79 83
78 83
77 83
76 82
75 82
74 81
73 81
72 80
71 80
70 80
69 79
68 79
67 78
66 78
65 77
64 77
63 76
62 75
61 75
60 74
59 74
58 73
57 73
56 72
55 72
54 71
53 71
52 71
51 70
50 70
49 69
48 69
47 68
46 68
45 67
44 67
43 66
42 66
41 65
40 65
39 64
38 64
37 64
36 63
35 63
34 62
33 62
32 61
31 61
30 61
29 61
28 60
27 60
26 59
25 59
24 59
23 58
22 58
21 58
20 58
19 58
18 58
17 58
16 58
15 59
14 59
13 60
12 61
11 62
10 63
10 64
10 65
10 66
10 67
10 68
10 69
10 70
10 71
9 72
9 73
8 74
7 75
7 76
6 77
6 78
5 79
5 80
4 81
4 82
3 83
3 84
3 85
3 86
3 87
3 88
3 89
3 90
3 91
4 92
4 93
4 94
4 95
4 96
4 97
3 98
3 99
3 100
2 101
2 102
2 103
2 104
2 105
2 106
2 107
2 108
1 109
1 110
1 111
1 112
1 113
2 114
2 115
2 116
2 117
2 118
3 119
3 120
3 121
4 122
4 123
4 124
5 125
6 126
6 127
7 128
8 129
8 130
9 131
9 132
10 133
10 134
11 135
11 136
12 137
13 138
14 139
15 140
15 141
16 142
16 143
17 144
17 145
17 146
18 147
18 148
18 149
19 150
19 151
20 151
21 152
22 152
23 152
24 152
25 152
26 152
27 151
28 151
29 150
30 150
31 149
32 148
33 147
34 147
35 146
36 145
37 145
38 144
39 143
40 143
41 142
42 141
43 140
44 139
45 138
46 137
47 136
48 136
49 135
50 135
51 134
52 133
53 132
54 131
55 131
56 130
57 129
58 128
59 128
60 127
61 126
62 126
63 125
64 124
65 124
66 123
67 122
68 122
69 121
70 120
71 120
72 119
73 118
74 118
75 117
76 116
77 116
78 116
79 115
80 115
81 115
82 115
83 115
84 115
85 116
86 116
87 117
88 118
88 119
89 120
89 121
89 122
89 123
89 124
89 125
89 126
89 127
89 128
90 129
90 130
90 131
91 132
91 133
92 134
92 135
93 136
93 137
94 138
94 139
95 140
95 141
96 142
97 143
98 144
99 145
100 146
100 147
101 148
102 149
102 150
103 151
104 152
105 153
105 154
106 155
107 156
108 157
109 158
110 159
111 160
112 161
113 162
114 162
115 163
116 164
117 165
118 166
119 167
120 168
120 169
121 170
122 171
123 172
124 173
125 174
125 175
126 176
127 177
127 178
128 179
129 180
130 181
131 182
132 183
133 184
134 185
135 185
136 186
137 187
138 187
139 188
140 189
141 189
142 190
143 191
144 192
144 193
145 194
146 195
147 196
148 197
149 198
150 199
151 200
152 201
153 202
154 203
155 204
156 205
157 205
158 206
159 207
160 207
161 208
162 209
163 209
164 210
165 211
166 212
167 213
168 213
169 214
170 215
171 215
172 216
173 216
174 217
175 217
176 218
177 219
178 219
179 219
180 220
181 220
182 220
183 221
184 221
185 222
186 222
187 223
188 224
189 224
190 225
191 225
192 226
193 226
194 226
195 226
196 227
197 227
198 227
199 227
200 227
201 227
202 227
203 228
204 228
205 228
206 228
207 228
208 228
209 228
210 228
211 228
212 228
213 228
214 228
215 228
216 228
217 228
218 228
219 228
220 228
221 228
222 228
223 228
224 228
225 228
226 228
227 228
228 228
229 228
230 228
231 228
232 228
233 228
234 228
235 228
236 228
237 228
238 228
239 228
240 228
241 228
242 228
243 228
244 228
245 228
246 228
247 228
248 228
249 228
250 228
251 228
252 228
253 228
254 228
255 228
256 227
257 227
258 227
259 227
260 226
261 226
262 226
263 226
264 225
265 225
266 224
267 224
268 223
269 223
270 222
271 222
272 222
273 221
274 221
275 220
276 220
277 219
278 218
279 218
280 217
281 216
282 216
283 215
284 215
285 214
286 214
287 214
288 213
289 213
290 212
291 211
292 211
293 211
294 210
295 210
296 209
297 209
298 208
299 208
300 208
301 208
302 208
303 207
304 207
305 206
306 206
307 205
308 205
309 205
310 204
311 204
312 203
313 203
314 202
315 202
316 202
317 202
318 201
319 201
320 200
321 199
322 199
323 199
324 198
325 198
326 197
327 196
328 196
329 195
330 195
331 194
332 193
333 192
334 192
335 191
336 190
337 189
338 189
339 188
340 188
341 187
342 187
343 187
344 188
345 188
346 189
347 189
348 189
349 190
350 190
351 190
352 190
353 190
354 190
355 189
356 189
357 188
358 187
359 186
360 185
360 184
361 183
361 182
361 181
362 180
362 179
363 178
363 177
364 176
365 175
365 174
366 173
366 172
367 171
368 170
369 169
370 168
371 168
372 167
373 166
374 166
375 165
376 165
377 164
378 164
379 163
380 163
381 162
382 162
383 162
384 162
385 162
386 161
387 161
388 160
389 160
390 159
391 159
392 158
393 158
394 157
395 157
396 156
397 156
398 155
399 155
400 154
401 153
402 153
403 152
404 151
405 151
406 150
407 149
408 148
409 147
410 147
411 146
412 145
413 144
414 143
415 142
416 141
417 140
418 139
418 138
418 137
418 136
418 135
418 134
418 133
418 132
418 131
418 130
417 129
417 128
417 127
416 126
416 125
415 124
415 123
414 122
414 121
413 120
412 119
411 118
410 117
409 116
408 115
407 114
406 113
405 112
404 112
403 111
402 110
401 110
400 109
399 108
398 107
397 106
396 105
395 104
394 103
394 102
393 101
393 100
392 99
391 98
391 97
390 96
389 95
389 94
388 93
388 92
387 91
386 90
385 89
385 88
384 87
383 86
383 85
382 84
381 83
381 82
380 81
380 80
379 79
379 78
378 77
377 76
376 75
376 74
375 73
374 73
373 72
373 71
372 71
371 70
370 69
370 68
369 67
368 66
367 65
366 64
365 63
364 62
363 61
362 60
361 59
360 59
359 58
358 57
357 57
356 56
355 55
354 55
353 54
352 53
351 52
350 52
349 51
348 50
347 50
346 49
345 48
344 47
343 46
342 45
341 44
340 44
339 43
338 42
337 41
336 40
335 40
334 39
333 38
332 38
331 37
330 36
329 36
328 35
327 34
326 34
325 33
324 32
323 32
322 31
321 30
320 30
319 29
318 29
317 28
316 28
315 27
314 27
313 26
312 26
311 25
310 25
309 24
308 23
307 22
306 22
305 21
304 21
303 20
302 20
301 19
300 18
299 18
298 17
297 16
296 16
295 15
294 15
293 14
292 14
291 14
290 13
289 13
288 13
287 12
286 12
285 12
284 11
283 11
282 10
281 10
280 10
279 9
278 9
277 9
276 8
275 8
274 7
273 7
272 7
271 6
270 6
269 6
268 5
267 5
266 4
265 4
264 4
263 3
262 3
261 3
260 3
259 3
258 3
257 3
256 3
255 3
254 3
253 3
252 2
251 2
250 2
249 2
248 2
247 2
246 2
245 2
244 2
243 2
242 2
241 2
240 2
239 2
238 2
237 2
236 2
235 2
234 2
233 2
232 2
231 2
230 2
229 2
228 2
227 2
226 2
225 2
224 2
223 2
222 2
221 2
220 2
219 2
218 2
217 2
216 2
215 1
214 1
213 1
212 1
211 1
210 1
209 1
208 1
207 1
206 1
205 1
204 1
203 1
202 1
201 1
200 1
199 1
198 1
197 1
196 1
195 1
194 1
193 1
