207 1
206 2
205 3
204 4
204 5
203 6
203 7
203 8
202 9
202 10
201 11
200 11
199 11
198 11
197 10
196 9
195 8
194 7
193 7
192 6
191 6
190 6
189 6
188 6
187 6
186 7
185 7
184 8
183 9
182 9
181 10
180 10
179 11
178 12
177 13
176 14
175 15
174 16
173 16
172 17
171 18
170 18
169 19
168 19
167 20
166 21
165 22
164 23
163 24
162 24
161 25
160 25
159 25
158 26
157 26
156 26
155 27
154 27
153 28
152 28
152 29
151 30
151 31
151 32
151 33
150 34
149 35
148 36
147 36
146 36
145 36
144 36
143 36
142 36
141 36
140 36
139 36
138 36
137 37
136 38
135 38
134 39
133 39
132 40
131 41
130 42
129 43
129 44
128 45
127 46
126 46
125 47
124 48
123 49
122 49
121 50
120 50
119 51
118 51
117 52
116 52
115 53
114 54
113 55
112 56
111 57
111 58
110 59
110 60
109 61
108 62
107 62
106 63
105 64
104 65
103 66
102 67
101 68
100 68
99 69
98 70
97 71
96 72
95 73
95 74
94 75
94 76
93 77
93 78
92 79
91 80
90 80
89 81
88 81
87 81
86 81
85 81
84 81
83 81
82 81
81 81
80 81
79 81
78 81
77 81
76 81
75 81
74 81
73 81
72 81
71 81
70 81
69 81
68 81
67 81
66 81
65 81
64 80
63 80
62 80
61 80
60 80
59 80
58 80
57 80
56 80
55 80
54 80
53 80
52 80
51 80
50 80
49 80
48 80
47 80
46 80
45 79
44 79
43 79
42 78
41 78
40 78
39 78
38 78
37 78
36 78
35 78
34 78
33 78
32 78
31 78
30 78
29 77
28 77
27 77
26 77
25 77
24 77
23 77
22 77
21 77
20 77
19 77
18 77
17 77
16 77
15 77
14 77
13 77
12 78
11 78
10 79
10 80
9 81
8 82
7 83
7 84
6 85
6 86
5 87
5 88
4 89
4 90
4 91
4 92
3 93
3 94
2 95
2 96
1 97
1 98
1 99
1 100
1 101
1 102
1 103
1 104
1 105
1 106
1 107
1 108
2 109
3 110
4 111
4 112
5 113
6 114
6 115
7 116
7 117
8 118
9 119
10 120
11 121
12 121
13 122
14 122
15 123
16 123
17 123
18 123
19 123
20 123
21 123
22 123
23 123
24 123
25 122
26 122
27 122
28 122
29 122
30 122
31 122
32 122
33 122
34 122
35 122
36 123
37 123
38 123
39 123
40 122
41 122
42 122
43 122
44 122
45 121
46 121
47 121
48 120
49 120
50 120
51 120
52 120
53 120
54 120
55 119
56 119
57 119
58 119
59 119
60 119
61 119
62 119
63 119
64 119
65 119
66 119
67 119
68 119
69 118
70 118
71 117
72 117
73 117
74 117
75 117
76 117
77 117
78 117
79 117
80 117
81 117
82 117
83 117
84 117
85 117
86 117
87 117
88 117
89 117
90 117
91 117
92 117
93 118
94 118
95 119
96 119
97 120
98 120
99 121
100 122
101 122
102 123
103 124
104 125
105 125
106 126
107 127
108 128
108 129
108 130
108 131
109 132
109 133
110 133
111 134
112 134
113 135
114 135
115 136
116 137
117 137
118 138
119 138
120 139
121 139
122 140
123 141
124 142
125 143
126 143
127 144
128 144
129 144
130 144
131 144
132 145
133 145
134 146
135 147
136 148
137 149
138 150
139 151
140 151
141 151
142 152
143 152
144 153
145 154
146 155
147 156
148 157
149 157
150 157
151 157
152 157
153 158
154 158
155 158
156 159
157 158
158 158
159 158
160 157
161 157
162 157
163 158
164 159
165 160
165 161
165 162
165 163
165 164
166 165
167 165
168 165
169 165
170 165
171 165
172 165
173 166
174 167
175 168
176 169
176 170
177 171
178 171
179 172
180 172
181 172
182 172
183 172
184 172
185 171
186 171
187 171
188 172
189 173
190 173
191 174
192 175
193 175
194 175
195 175
196 175
197 175
198 175
199 175
200 174
201 174
202 174
203 174
204 175
205 176
205 177
205 178
206 179
206 180
207 180
208 181
209 182
210 183
211 183
212 184
213 184
214 184
215 185
216 185
217 185
218 185
219 185
220 185
221 185
222 185
223 185
224 185
225 185
226 185
227 185
228 186
229 186
230 186
231 186
232 186
233 186
234 185
235 185
236 185
237 185
238 185
239 185
240 185
241 185
242 185
243 185
244 185
245 184
246 184
247 184
248 184
249 184
250 184
251 184
252 184
253 184
254 184
255 184
256 184
257 184
258 184
259 184
260 184
261 183
262 183
263 183
264 183
265 183
266 183
267 182
268 182
269 182
270 181
271 181
272 181
273 180
274 180
275 180
276 180
277 179
278 179
279 179
280 178
281 178
282 178
283 177
284 177
285 177
286 177
287 177
288 176
289 176
290 176
291 175
292 175
293 175
294 174
295 174
296 174
297 173
298 173
299 173
300 172
301 172
302 172
303 171
304 171
305 171
306 170
307 170
308 169
309 169
310 168
311 168
312 167
313 167
314 166
315 166
316 165
317 165
318 164
319 164
320 163
321 162
322 161
323 160
324 159
325 158
326 157
327 157
328 156
329 156
330 156
331 156
332 156
333 156
334 156
335 156
336 156
337 156
338 156
339 156
340 155
341 155
342 155
343 154
344 154
345 154
346 153
347 153
348 153
349 153
350 153
351 152
352 152
353 151
354 151
355 150
356 149
357 148
358 147
359 146
360 145
361 144
362 143
363 142
364 141
365 140
366 140
367 139
368 138
369 138
370 137
371 136
372 135
373 135
374 134
375 133
376 132
377 131
378 130
379 129
380 128
381 128
382 127
383 126
384 125
385 124
386 123
387 123
388 122
389 121
390 121
391 120
392 119
393 118
394 117
395 116
396 116
397 115
398 114
399 114
400 113
401 112
402 112
403 111
404 110
405 109
406 108
406 107
407 106
408 105
409 104
410 103
411 102
412 101
413 100
413 99
414 98
415 97
415 96
416 95
416 94
416 93
416 92
416 91
416 90
416 89
416 88
416 87
416 86
416 85
415 84
415 83
415 82
414 81
413 80
413 79
412 78
411 77
410 76
409 75
408 74
407 73
406 73
405 72
404 71
403 71
402 71
401 70
400 70
399 69
398 69
397 68
396 68
395 68
394 67
393 67
392 66
391 65
390 65
389 64
388 63
387 62
386 61
385 60
384 59
383 58
382 57
381 56
380 55
379 54
378 53
377 52
376 51
375 50
374 49
373 48
372 47
371 46
370 45
369 44
368 43
367 43
366 42
365 41
364 41
363 41
362 40
361 39
360 39
359 38
358 37
357 37
356 37
355 36
354 36
353 36
352 35
351 35
350 34
349 34
348 33
347 33
346 33
345 32
344 32
343 31
342 31
341 31
340 30
339 30
338 29
337 29
336 28
335 28
334 28
333 27
332 27
331 26
330 26
329 25
328 25
327 25
326 24
325 24
324 24
323 23
322 22
321 22
320 21
319 21
318 21
317 20
316 20
315 19
314 19
313 19
312 18
311 18
310 17
309 17
308 16
307 16
306 15
305 15
304 15
303 15
302 15
301 15
300 15
299 15
298 15
297 14
296 14
295 13
294 13
293 12
292 12
291 12
290 12
289 12
288 13
287 13
286 13
285 13
284 13
283 13
282 12
281 12
280 11
279 10
278 9
277 9
276 8
275 8
274 7
273 7
272 7
271 6
270 6
269 6
268 6
267 6
266 6
265 6
264 6
263 6
262 6
261 5
260 5
259 4
258 4
257 4
256 4
255 4
254 4
253 5
252 6
251 7
250 8
249 8
248 8
247 8
246 7
246 6
245 5
244 4
244 3
243 2
242 1
241 1
240 1
239 1
238 1
237 1
236 1
235 1
234 1
233 1
232 1
231 1
230 1
229 1
228 1
227 1
226 1
225 1
224 1
223 1
222 1
221 1
220 1
219 1
218 1
217 1
216 1
215 1
214 1
213 1
212 1
211 1
210 1
209 1
208 1
