205 3
204 4
203 4
202 4
201 4
200 4
199 4
198 5
197 5
196 5
195 6
194 6
193 6
192 6
191 7
190 7
189 7
188 8
187 8
186 9
185 9
184 9
183 10
182 10
181 11
180 11
179 12
178 12
177 12
176 13
175 13
174 13
173 14
172 15
171 15
170 16
169 16
168 16
167 17
166 17
165 18
164 18
163 18
162 19
161 19
160 19
159 20
158 20
157 21
156 22
155 22
154 23
153 24
152 24
151 24
150 25
149 25
148 26
147 27
146 27
145 27
144 28
143 28
142 29
141 29
140 30
139 30
138 30
137 31
136 31
135 32
134 32
133 33
132 34
131 34
130 35
129 36
128 36
127 37
126 37
125 38
124 38
123 39
122 40
121 41
120 41
119 42
118 42
117 43
116 43
115 44
114 44
113 45
112 45
111 46
110 46
109 47
108 48
107 48
106 49
105 50
104 50
103 51
102 52
101 53
100 54
99 55
98 55
97 56
96 57
95 58
94 59
94 60
93 61
92 62
91 63
91 64
90 65
89 66
89 67
88 68
87 69
86 70
86 71
85 72
84 73
83 74
82 75
81 76
80 77
80 78
79 79
78 80
78 81
77 82
76 83
75 84
74 85
73 85
72 86
71 86
70 86
69 86
68 86
67 86
66 86
65 86
64 86
63 86
62 86
61 86
60 86
59 86
58 86
57 85
56 85
55 85
54 84
53 84
52 84
51 83
50 83
49 83
48 83
47 83
46 83
45 82
44 82
43 82
42 81
41 81
40 81
39 80
38 80
37 80
36 80
35 80
34 79
33 79
32 78
31 78
30 78
29 78
28 78
27 78
26 78
25 78
24 77
23 77
22 77
21 77
20 77
19 77
18 77
17 76
16 76
15 76
14 76
13 76
12 76
11 77
10 78
9 79
9 80
8 81
8 82
7 83
7 84
7 85
6 86
6 87
6 88
6 89
6 90
6 91
5 92
5 93
5 94
4 95
4 96
4 97
3 98
3 99
3 100
3 101
3 102
2 103
2 104
2 105
2 106
2 107
1 108
1 109
1 110
1 111
1 112
1 113
1 114
1 115
1 116
1 117
1 118
1 119
1 120
1 121
1 122
2 123
3 124
4 125
5 126
5 127
6 128
7 129
8 130
9 131
9 132
10 133
10 134
10 135
11 136
11 137
12 138
12 139
12 140
13 141
14 142
15 143
16 144
17 144
18 144
19 144
20 144
21 144
22 144
23 144
24 144
25 144
26 144
27 144
28 144
29 144
30 143
31 143
32 142
33 142
34 141
35 141
36 141
37 140
38 140
39 139
40 139
41 138
42 138
43 138
44 137
45 137
46 136
47 136
48 135
49 135
50 134
51 134
52 133
53 133
54 132
55 132
56 131
57 131
58 131
59 130
60 130
61 129
62 129
63 129
64 128
65 128
66 127
67 127
68 126
69 126
70 126
71 126
72 126
73 126
74 126
75 126
76 126
77 126
78 126
79 127
80 127
81 128
82 128
83 129
84 130
85 131
86 132
87 133
88 134
89 135
90 136
91 137
92 138
92 139
93 140
94 141
94 142
95 143
96 144
96 145
97 146
98 147
99 148
100 149
101 150
102 151
103 152
104 153
105 154
106 155
107 155
108 156
109 156
110 157
111 157
112 158
113 159
114 160
115 160
116 161
117 161
118 162
119 162
120 163
121 163
122 164
123 164
124 165
125 165
126 165
127 165
128 166
129 166
130 167
131 167
132 168
133 168
134 168
135 169
136 169
137 170
138 170
139 171
140 171
141 171
142 172
143 172
144 172
145 172
146 172
147 172
148 172
149 173
150 173
151 174
152 174
153 174
154 174
155 174
156 175
157 175
158 175
159 175
160 175
161 175
162 175
163 175
164 175
165 176
166 176
167 176
168 177
169 177
170 177
171 177
172 177
173 177
174 178
175 178
176 178
177 178
178 178
179 178
180 178
181 178
182 178
183 178
184 178
185 178
186 179
187 179
188 179
189 180
190 180
191 180
192 180
193 180
194 180
195 180
196 180
197 180
198 180
199 180
200 180
201 180
202 180
203 181
204 181
205 181
206 181
207 181
208 182
209 182
210 182
211 183
212 183
213 183
214 183
215 183
216 183
217 184
218 184
219 184
220 185
221 185
222 186
223 186
224 186
225 186
226 186
227 186
228 186
229 186
230 186
231 186
232 186
233 186
234 186
235 186
236 186
237 186
238 186
239 186
240 186
241 186
242 186
243 186
244 186
245 186
246 186
247 186
248 186
249 186
250 186
251 186
252 186
253 186
254 186
255 186
256 186
257 186
258 186
259 186
260 186
261 186
262 186
263 186
264 186
265 186
266 186
267 186
268 185
269 185
270 184
271 184
272 184
273 184
274 184
275 184
276 184
277 184
278 184
279 184
280 184
281 184
282 183
283 183
284 182
285 181
286 181
287 181
288 180
289 180
290 180
291 180
292 180
293 180
294 179
295 179
296 179
297 178
298 178
299 177
300 177
301 176
302 175
303 174
304 173
305 172
306 171
307 170
308 169
309 169
310 168
311 168
312 168
313 168
314 167
315 167
316 167
317 167
318 167
319 168
320 168
321 168
322 168
323 168
324 168
325 168
326 168
327 168
328 167
329 167
330 166
331 165
332 165
333 164
334 164
335 164
336 163
337 164
338 164
339 164
340 164
341 164
342 163
342 162
343 161
343 160
344 159
344 158
345 157
345 156
346 155
346 154
347 153
348 152
349 151
349 150
350 149
351 148
352 148
353 147
354 146
355 146
356 145
357 144
358 144
359 144
360 144
361 143
362 143
363 143
364 143
365 142
366 142
367 142
368 141
369 141
370 141
371 141
372 141
373 141
374 141
375 141
376 141
377 141
378 141
379 141
380 140
381 140
382 140
383 140
384 139
385 139
386 138
387 137
388 136
389 135
390 134
391 133
391 132
392 131
392 130
393 129
393 128
394 127
395 126
396 125
397 124
398 123
399 122
400 121
401 120
402 119
403 118
404 117
405 116
406 115
407 114
408 113
409 112
410 111
411 110
412 109
412 108
413 107
414 106
414 105
415 104
415 103
416 102
416 101
416 100
415 99
415 98
415 97
414 96
414 95
413 94
413 93
413 92
412 91
412 90
411 89
410 88
410 87
409 87
408 86
407 86
406 85
405 84
404 84
403 83
402 83
401 83
400 82
399 82
398 81
397 81
396 81
395 80
394 80
393 79
392 79
391 78
390 78
389 78
388 77
387 77
386 77
385 77
384 77
383 77
382 76
381 76
380 76
379 76
378 76
377 76
376 75
375 75
374 74
373 73
372 73
371 72
370 71
369 71
368 70
367 70
366 69
365 68
364 68
363 67
362 66
361 65
360 64
359 63
358 62
357 61
356 60
355 59
354 58
354 57
353 56
352 55
351 54
350 53
349 52
348 51
347 50
346 50
345 49
344 48
343 48
342 47
341 47
340 46
339 46
338 46
337 45
336 45
335 44
334 44
333 43
332 42
331 41
330 40
329 39
328 38
327 38
326 37
325 37
324 36
323 36
322 36
321 36
320 36
319 36
318 36
317 36
316 36
315 35
314 35
313 34
312 34
311 33
310 33
309 32
308 32
307 31
306 30
305 30
304 29
303 28
302 27
301 27
300 26
299 26
298 25
297 25
296 25
295 25
294 24
293 24
292 24
291 23
290 23
289 22
288 22
287 22
286 22
285 21
284 21
283 21
282 20
281 20
280 19
279 19
278 19
277 18
276 18
275 18
274 18
273 17
272 17
271 16
270 16
269 15
268 15
267 14
266 14
265 13
264 13
263 13
262 12
261 12
260 12
259 12
258 11
257 11
256 10
255 10
254 9
253 9
252 9
251 8
250 8
249 8
248 7
247 7
246 7
245 6
244 6
243 6
242 6
241 5
240 5
239 5
238 4
237 4
236 4
235 3
234 3
233 3
232 3
231 3
230 3
229 3
228 3
227 3
226 3
225 3
224 3
223 3
222 3
221 3
220 3
219 3
218 3
217 3
216 3
215 3
214 3
213 3
212 3
211 3
210 3
209 3
208 3
207 3
206 3
