164 1
163 2
162 2
161 3
160 3
159 4
158 4
157 5
156 6
155 7
154 7
153 8
152 8
151 9
150 9
149 10
148 10
147 11
146 11
145 12
144 12
143 13
142 13
141 14
140 15
139 16
138 17
137 18
136 18
135 19
134 20
133 20
132 21
131 22
130 23
129 24
128 25
127 26
126 27
125 28
124 29
123 30
122 31
121 32
120 33
119 34
118 35
117 36
116 37
115 38
114 39
114 40
113 41
112 42
112 43
111 44
110 45
109 46
108 47
107 48
107 49
106 50
105 51
105 52
104 53
104 54
103 55
103 56
102 57
102 58
102 59
101 60
101 61
100 62
99 63
99 64
98 65
98 66
98 67
98 68
97 69
97 70
96 71
95 72
95 73
94 74
94 75
94 76
94 77
94 78
94 79
94 80
94 81
94 82
93 83
93 84
93 85
92 86
92 87
92 88
92 89
92 90
92 91
92 92
92 93
92 94
92 95
91 96
90 97
89 97
88 98
87 98
86 98
85 98
84 98
83 98
82 98
81 98
80 98
79 98
78 98
77 98
76 98
75 98
74 98
73 97
72 97
71 97
70 97
69 96
68 96
67 95
66 95
65 95
64 94
63 94
62 94
61 93
60 93
59 92
58 92
57 92
56 92
55 92
54 92
53 92
52 92
51 92
50 91
49 91
48 91
47 91
46 91
45 91
44 91
43 91
42 91
41 90
40 90
39 89
38 89
37 89
36 88
35 88
34 87
33 87
32 86
31 86
30 86
29 86
28 86
27 86
26 86
25 86
24 85
23 85
22 85
21 85
20 85
19 85
18 86
17 86
16 87
15 88
14 89
13 90
12 91
11 92
10 93
9 94
8 95
8 96
7 97
7 98
7 99
6 100
6 101
6 102
6 103
7 104
7 105
7 106
7 107
7 108
7 109
7 110
7 111
6 112
6 113
6 114
5 115
5 116
5 117
4 118
4 119
4 120
4 121
4 122
4 123
4 124
4 125
4 126
4 127
4 128
3 129
3 130
3 131
3 132
3 133
3 134
3 135
3 136
3 137
3 138
3 139
3 140
4 141
4 142
4 143
4 144
4 145
5 146
6 147
7 148
8 149
9 150
10 151
11 152
11 153
12 154
12 155
13 156
14 157
15 158
16 159
16 160
17 161
18 162
19 163
20 163
21 164
22 164
23 164
24 164
25 164
26 164
27 163
28 163
29 162
30 162
31 161
32 161
33 161
34 161
35 161
36 160
37 160
38 159
39 159
40 158
41 158
42 158
43 158
44 158
45 158
46 158
47 158
48 158
49 158
50 157
51 157
52 156
53 156
54 155
55 154
56 154
57 153
58 152
59 152
60 152
61 151
62 151
63 150
64 150
65 149
66 149
67 149
68 148
69 148
70 148
71 147
72 146
73 146
74 145
75 145
76 145
77 145
78 145
79 145
80 145
81 145
82 144
83 144
84 143
85 143
86 143
87 143
88 143
89 143
90 144
91 145
92 146
92 147
92 148
92 149
92 150
92 151
91 152
91 153
91 154
92 155
92 156
92 157
92 158
93 159
93 160
93 161
94 162
94 163
95 164
96 165
97 166
98 167
99 168
100 169
101 170
102 171
102 172
103 173
104 174
104 175
105 176
105 177
106 178
107 179
107 180
108 181
108 182
108 183
109 184
110 185
110 186
111 187
112 188
113 189
114 190
115 191
116 191
117 192
118 193
119 194
120 195
120 196
121 197
122 198
123 199
124 200
125 201
126 202
127 203
128 204
129 205
130 206
131 206
132 207
133 208
134 209
135 210
135 211
136 212
137 213
138 213
139 214
140 215
141 215
142 216
143 216
144 217
145 217
146 217
147 218
148 218
149 218
150 218
151 218
152 219
153 219
154 219
155 219
156 219
157 220
158 220
159 220
160 220
161 220
162 220
163 220
164 220
165 220
166 220
167 220
168 220
169 220
170 220
171 220
172 221
173 221
174 221
175 221
176 221
177 221
178 221
179 221
180 221
181 221
182 221
183 221
184 220
185 220
186 220
187 220
188 220
189 220
190 220
191 220
192 220
193 220
194 220
195 220
196 220
197 220
198 219
199 219
200 219
201 219
202 219
203 219
204 219
205 219
206 219
207 219
208 219
209 219
210 219
211 219
212 219
213 219
214 219
215 218
216 218
217 218
218 218
219 218
220 218
221 218
222 218
223 218
224 218
225 217
226 217
227 217
228 216
229 216
230 216
231 216
232 216
233 216
234 216
235 216
236 216
237 215
238 215
239 215
240 215
241 215
242 215
243 214
244 214
245 214
246 213
247 213
248 213
249 213
250 213
251 212
252 212
253 212
254 212
255 211
256 211
257 211
258 210
259 210
260 210
261 210
262 210
263 209
264 209
265 209
266 209
267 209
268 209
269 209
270 209
271 209
272 209
273 208
274 208
275 207
276 207
277 206
278 206
279 206
280 205
281 205
282 204
283 204
284 204
285 204
286 203
287 203
288 203
289 202
290 202
291 201
292 201
293 201
294 201
295 201
296 201
297 201
298 201
299 201
300 200
301 200
302 200
303 200
304 200
305 200
306 200
307 200
308 200
309 200
310 199
311 199
312 198
313 197
314 197
315 196
316 195
317 195
318 194
319 193
320 192
321 191
321 190
322 189
323 188
323 187
324 186
325 185
326 184
327 183
328 182
329 182
330 181
331 181
332 180
333 180
334 180
335 179
336 178
337 178
338 177
339 177
340 176
341 176
342 175
343 175
344 174
345 174
346 173
347 173
348 172
349 172
350 171
351 171
352 170
353 170
354 169
355 168
356 168
357 167
358 167
359 166
360 165
361 165
362 164
363 164
364 164
365 164
366 164
367 164
368 163
369 163
370 163
371 162
372 162
373 162
374 161
375 161
376 161
377 161
378 160
379 160
380 160
381 160
382 160
383 159
384 159
385 159
386 158
387 158
388 158
389 157
390 157
391 156
392 155
393 155
394 154
395 154
396 153
397 152
398 151
399 151
400 150
401 149
402 148
403 148
404 147
405 146
406 146
407 145
408 144
409 143
410 142
411 141
412 140
413 139
414 138
415 137
416 136
417 135
418 134
418 133
418 132
418 131
418 130
418 129
418 128
417 127
416 127
415 126
414 125
414 124
413 123
413 122
413 121
414 120
414 119
413 118
413 117
413 116
412 115
412 114
411 113
410 112
409 111
408 110
407 109
406 108
405 107
404 107
403 106
402 106
401 105
400 105
399 104
398 103
397 102
396 101
395 100
394 100
393 99
392 98
391 97
390 96
389 95
388 94
387 94
386 93
385 92
384 91
383 90
383 89
382 88
382 87
381 86
381 85
380 84
380 83
379 82
379 81
378 80
378 79
377 78
377 77
376 76
375 75
374 74
373 73
373 72
372 71
371 70
370 70
369 69
368 68
367 67
366 66
365 66
364 65
363 64
362 64
361 63
360 62
359 61
358 60
357 59
356 59
355 58
354 57
353 56
352 55
351 54
350 54
349 53
348 53
347 52
346 52
345 51
344 51
343 50
342 50
341 49
340 48
339 48
338 47
337 46
336 45
335 45
334 44
333 43
332 43
331 42
330 42
329 41
328 40
327 40
326 39
325 38
324 37
323 37
322 36
321 35
320 35
319 34
318 33
317 33
316 32
315 31
314 31
313 30
312 30
311 29
310 28
309 27
308 27
307 26
306 25
305 25
304 24
303 24
302 23
301 22
300 22
299 21
298 21
297 20
296 20
295 19
294 18
293 18
292 17
291 16
290 16
289 15
288 15
287 14
286 13
285 13
284 12
283 11
282 11
281 10
280 10
279 9
278 9
277 9
276 8
275 8
274 8
273 7
272 7
271 8
270 8
269 8
268 8
267 8
266 8
265 7
264 7
263 7
262 6
261 6
260 6
259 5
258 5
257 4
256 4
255 4
254 4
253 3
252 3
251 3
250 3
249 3
248 3
247 3
246 3
245 3
244 3
243 2
242 2
241 2
240 2
239 2
238 1
237 1
236 1
235 1
234 1
233 1
232 1
231 1
230 1
229 1
228 1
227 1
226 1
225 1
224 1
223 1
222 1
221 1
220 1
219 1
218 1
217 1
216 1
215 2
214 2
213 2
212 2
211 2
210 2
209 2
208 2
207 2
206 2
205 2
204 2
203 2
202 2
201 2
200 2
199 2
198 3
197 3
196 3
195 3
194 3
193 3
192 3
191 3
190 3
189 3
188 3
187 3
186 3
185 3
184 3
183 3
182 3
181 3
180 2
179 1
178 1
177 1
176 1
175 1
174 1
173 1
172 1
171 1
170 1
169 1
168 1
167 1
166 1
165 1
