302 82
301 83
300 83
299 83
298 84
297 84
296 84
295 85
294 85
293 85
292 86
291 86
290 87
289 87
288 87
287 88
286 88
285 89
284 89
283 89
282 90
281 91
280 92
279 93
279 94
278 95
277 95
276 95
275 96
274 97
273 98
272 99
271 99
270 99
269 100
268 100
267 101
266 101
265 101
264 102
263 102
262 102
261 103
260 103
259 104
258 104
257 105
256 105
255 106
254 107
253 108
252 108
251 108
250 109
249 109
248 109
247 109
246 110
245 110
244 110
244 111
244 112
244 113
243 114
242 115
241 116
240 117
239 117
238 117
237 118
236 119
236 120
236 121
235 122
234 123
233 123
232 123
231 124
230 124
229 124
228 125
227 125
226 126
225 126
224 126
223 127
222 128
221 129
220 130
219 131
218 132
217 133
216 134
215 134
214 134
214 135
213 136
212 137
211 137
210 138
209 138
208 138
207 139
206 140
206 141
205 142
204 142
203 143
202 144
201 145
200 146
199 147
198 148
197 149
196 150
196 151
195 152
194 153
193 153
192 154
191 154
190 155
189 156
188 157
187 158
186 159
185 160
184 160
183 161
182 161
181 161
180 162
179 162
178 162
177 163
176 163
175 164
174 164
173 164
172 165
171 166
170 166
169 167
168 167
167 168
166 168
165 169
164 169
163 169
162 170
161 170
160 171
159 171
158 171
157 172
156 173
156 174
156 175
156 176
155 177
154 178
153 178
152 178
152 179
151 180
150 181
149 182
149 183
148 184
147 185
146 185
145 186
145 187
145 188
144 189
143 189
143 190
143 191
142 192
142 193
141 194
140 195
140 196
140 197
140 198
140 199
139 200
138 201
138 202
137 203
137 204
136 205
137 206
137 207
137 208
136 209
135 210
135 211
134 212
134 213
133 214
133 215
132 216
132 217
132 218
131 219
130 220
129 221
128 222
127 223
126 224
125 225
124 226
123 227
122 228
121 229
120 230
119 231
119 232
119 233
118 234
117 235
116 235
116 236
115 237
114 238
113 238
112 239
112 240
112 241
111 242
111 243
110 244
110 245
110 246
110 247
109 248
108 249
107 250
107 251
106 252
106 253
106 254
105 255
104 256
103 257
103 258
102 259
102 260
101 261
100 261
99 262
98 263
97 264
97 265
96 266
96 267
95 268
94 268
93 269
92 270
92 271
91 272
90 273
89 274
88 275
87 276
86 277
85 278
85 279
85 280
84 281
83 281
82 282
81 283
81 284
80 285
79 286
79 287
79 288
79 289
78 290
77 291
76 292
75 293
74 294
73 295
73 296
72 297
72 298
71 299
70 299
69 300
68 301
68 302
67 303
66 304
66 305
65 306
64 307
63 308
63 309
62 310
62 311
62 312
62 313
61 314
61 315
60 316
60 317
61 318
61 319
61 320
61 321
62 322
62 323
62 324
62 325
62 326
61 327
60 328
59 328
58 329
58 330
57 331
56 332
56 333
56 334
56 335
56 336
55 337
55 338
55 339
55 340
56 341
57 342
57 343
57 344
58 345
59 345
60 346
60 347
61 348
62 349
63 350
64 351
65 352
66 353
67 353
68 353
69 353
70 354
71 355
72 355
73 356
74 356
75 356
76 357
77 357
78 358
79 358
80 358
81 359
82 359
83 359
84 360
85 361
86 361
87 361
88 361
89 362
90 363
91 363
92 363
93 363
94 363
95 364
96 364
97 365
98 365
99 365
100 365
101 365
102 365
103 366
104 366
105 367
106 367
107 367
108 367
109 367
110 368
111 368
112 368
113 369
114 370
115 371
116 371
117 372
118 372
119 372
120 372
121 373
122 373
123 373
124 373
125 373
126 374
127 374
128 373
129 374
130 375
131 375
132 375
133 375
134 375
135 375
136 375
137 375
138 375
139 376
140 376
141 377
142 377
143 377
144 377
145 378
146 378
147 379
148 379
149 378
150 378
151 378
152 379
153 380
154 379
155 379
156 379
157 380
158 379
159 379
160 380
161 380
162 380
163 380
164 381
165 381
166 381
167 380
168 380
169 380
170 380
171 380
172 380
173 381
174 381
175 381
176 381
177 381
178 381
179 381
180 381
181 381
182 382
183 382
184 383
185 383
186 383
187 383
188 383
189 383
190 383
191 384
192 385
193 385
194 386
195 386
196 386
197 386
198 386
199 387
200 387
201 386
202 386
203 387
204 388
205 388
206 388
207 388
208 388
209 388
210 388
211 388
212 388
213 388
214 388
215 388
216 388
217 387
218 387
219 387
220 386
221 386
222 386
223 387
224 387
225 387
226 388
227 388
228 388
229 387
230 387
231 387
232 387
233 387
234 387
235 387
236 388
237 388
238 388
239 388
240 388
241 388
242 388
243 388
244 388
245 389
246 389
247 389
248 389
249 389
250 389
251 390
252 390
253 391
254 392
255 392
256 392
257 391
258 391
259 391
260 391
261 392
262 392
263 392
264 392
265 391
266 391
267 391
268 391
269 391
270 391
271 392
272 393
273 393
274 394
275 395
276 396
277 396
278 396
279 396
280 396
281 397
282 397
283 397
284 397
285 396
286 396
287 396
288 396
289 396
290 396
291 396
292 397
293 397
294 397
295 398
296 398
297 398
298 398
299 397
300 397
301 397
302 398
303 398
304 398
305 398
306 398
307 398
308 398
309 398
310 398
311 398
312 398
313 399
314 399
315 398
316 399
317 399
318 399
319 398
320 398
321 398
322 397
323 397
324 397
325 397
326 397
327 397
328 396
329 396
330 395
331 395
332 395
333 396
334 396
335 396
336 395
337 395
338 395
339 395
340 394
341 394
342 394
343 393
344 393
345 393
346 392
347 392
348 391
349 391
350 391
351 390
352 390
353 390
354 389
355 389
356 388
357 387
357 386
357 385
358 384
359 383
360 382
360 381
359 380
359 379
360 378
361 377
362 377
363 377
364 376
365 376
366 376
367 375
368 375
369 374
370 374
371 374
372 373
373 373
374 372
375 371
376 370
377 369
378 369
379 368
380 367
380 366
381 365
382 364
383 364
384 363
385 362
386 361
386 360
387 359
388 358
389 357
389 356
390 355
391 355
392 355
393 354
394 353
395 352
395 351
396 350
396 349
396 348
397 347
398 346
399 345
399 344
400 343
401 342
402 342
403 341
403 340
403 339
404 338
405 337
406 336
406 335
406 334
407 333
408 332
409 332
410 331
411 330
412 329
413 328
413 327
414 326
415 325
415 324
416 323
416 322
417 321
417 320
418 319
419 318
419 317
418 316
419 315
420 314
420 313
421 312
422 311
423 310
423 309
423 308
424 307
425 306
426 306
427 305
427 304
427 303
427 302
428 301
429 300
429 299
429 298
430 297
430 296
431 295
432 295
432 294
432 293
431 292
432 291
433 290
434 289
434 288
435 287
435 286
435 285
435 284
436 283
436 282
436 281
437 280
438 279
439 278
439 277
439 276
440 275
440 274
441 273
441 272
441 271
441 270
440 269
441 268
442 267
443 266
443 265
444 264
443 263
443 262
443 261
444 260
445 259
446 258
447 257
448 257
449 256
449 255
449 254
448 253
449 252
450 251
451 251
452 250
453 249
453 248
454 247
454 246
454 245
454 244
453 243
453 242
454 241
454 240
455 239
455 238
456 237
456 236
457 235
458 234
459 233
459 232
458 231
458 230
459 229
460 228
461 227
462 227
463 226
463 225
464 224
465 223
466 224
467 224
468 225
469 225
470 224
471 224
472 224
473 224
474 224
475 224
476 224
477 224
478 225
479 225
480 225
481 225
482 225
483 225
484 225
485 225
486 224
487 224
488 224
489 225
490 225
491 225
492 225
493 225
494 225
495 225
496 225
497 226
498 226
499 226
500 227
501 227
502 226
503 226
504 227
505 227
506 227
507 228
508 228
509 228
510 228
511 228
512 228
513 228
514 228
515 228
516 229
517 229
518 229
519 229
520 229
521 229
522 229
523 230
524 230
525 230
526 230
527 230
528 231
529 231
530 232
531 232
532 232
533 231
534 231
535 231
536 232
537 232
538 232
539 232
540 232
541 232
542 232
543 232
544 233
545 232
546 232
547 232
548 232
549 232
550 232
551 231
552 231
553 232
554 233
555 233
556 232
557 232
558 232
559 232
560 232
561 232
562 232
563 233
564 233
565 233
566 233
567 232
568 232
569 232
570 231
571 231
572 230
573 229
573 228
574 227
574 226
574 225
575 224
575 223
574 222
573 221
573 220
572 219
572 218
572 217
572 216
572 215
571 214
571 213
572 212
572 211
572 210
572 209
572 208
572 207
571 206
570 205
570 204
570 203
570 202
570 201
570 200
570 199
570 198
569 197
569 196
570 195
571 194
572 193
573 193
573 192
574 191
574 190
575 189
575 188
574 187
574 186
574 185
573 184
573 183
573 182
572 181
572 180
571 179
571 178
571 177
571 176
571 175
570 174
570 173
569 172
569 171
568 170
568 169
568 168
568 167
567 166
567 165
566 164
566 163
566 162
566 161
566 160
565 159
564 158
564 157
563 156
563 155
563 154
563 153
563 152
563 151
562 150
561 149
561 148
561 147
561 146
561 145
560 144
559 144
558 143
557 142
556 141
556 140
556 139
555 138
554 137
553 136
552 135
552 134
552 133
552 132
552 131
552 130
551 129
551 128
550 127
549 126
548 125
547 124
547 123
547 122
547 121
546 120
545 119
545 118
545 117
545 116
545 115
544 114
544 113
543 112
543 111
542 110
542 109
542 108
542 107
541 107
540 106
539 106
538 105
537 105
536 105
535 106
534 106
533 106
532 107
531 107
530 107
529 108
528 109
527 109
526 109
525 110
524 110
523 110
522 111
521 111
520 111
519 112
518 113
517 113
516 113
515 114
514 115
514 116
513 117
512 117
511 118
510 118
509 119
508 119
507 119
507 120
506 121
505 122
504 122
503 123
503 124
502 125
501 126
500 127
499 127
498 128
497 128
496 129
495 130
494 130
493 131
492 131
491 131
490 132
489 133
488 134
488 135
487 136
486 137
485 138
484 139
483 140
482 140
481 141
481 142
480 143
479 144
478 145
477 146
476 146
475 147
474 148
473 149
473 150
472 151
471 152
470 152
469 152
468 153
467 153
466 154
465 154
464 154
463 155
462 156
461 157
460 157
459 158
458 158
457 158
456 158
455 158
454 158
453 158
452 158
451 158
450 157
449 156
449 155
449 154
449 153
448 152
447 152
446 151
445 151
444 150
444 149
443 148
442 147
441 147
440 147
439 146
438 145
438 144
437 144
436 143
435 143
434 142
433 142
432 141
431 141
430 141
429 140
428 139
427 139
426 138
425 137
424 137
423 137
422 136
421 136
420 135
419 134
418 133
417 132
416 132
415 131
414 130
413 129
413 128
412 128
411 127
410 126
409 126
408 126
407 125
406 125
405 124
404 123
403 122
403 121
402 121
401 121
400 121
399 121
398 120
397 119
396 118
395 118
394 117
393 116
392 115
391 116
390 116
389 115
388 114
387 113
386 113
385 112
384 112
383 111
382 111
381 111
380 111
379 111
378 110
378 109
377 109
376 108
375 108
374 107
373 107
372 106
371 106
370 106
369 105
369 104
368 104
367 103
366 103
365 102
364 101
363 100
362 100
361 99
360 98
359 97
358 97
357 96
356 96
355 96
354 96
353 96
352 95
351 94
350 93
349 93
348 92
347 92
346 91
345 91
344 90
343 90
342 89
341 89
340 90
339 90
338 90
337 90
336 89
335 88
334 88
333 88
332 88
331 87
330 87
329 86
328 86
327 85
326 85
325 84
324 83
323 83
322 84
321 84
320 83
319 83
318 83
317 82
316 83
315 83
314 84
313 84
312 84
311 84
310 84
309 84
308 84
307 84
306 84
305 83
304 83
303 82
