136 1
135 2
134 3
134 4
133 5
132 6
132 7
132 8
131 9
130 10
129 11
129 12
128 13
128 14
128 15
127 16
127 17
126 18
126 19
126 20
126 21
125 22
125 23
125 24
125 25
125 26
124 27
124 28
123 29
123 30
123 31
123 32
122 33
122 34
122 35
122 36
122 37
122 38
122 39
121 40
121 41
121 42
121 43
121 44
121 45
121 46
120 47
119 47
118 47
117 47
116 47
115 47
114 47
113 48
112 49
111 50
111 51
110 52
110 53
110 54
110 55
109 56
109 57
109 58
109 59
109 60
109 61
109 62
109 63
109 64
108 65
108 66
108 67
108 68
109 69
109 70
109 71
109 72
109 73
109 74
109 75
109 76
109 77
109 78
109 79
109 80
109 81
109 82
109 83
109 84
109 85
109 86
109 87
109 88
109 89
109 90
109 91
109 92
108 93
108 94
108 95
107 96
106 95
105 94
104 94
103 93
102 93
101 93
100 92
99 91
98 91
97 90
96 90
95 89
94 88
93 88
92 87
91 87
90 87
89 86
88 86
87 85
86 85
85 84
84 84
83 84
82 83
81 83
80 82
79 82
78 81
77 81
76 81
75 80
74 80
73 79
72 79
71 79
70 78
69 78
68 78
67 78
66 77
65 77
64 76
63 76
62 75
61 75
60 75
59 74
58 74
57 74
56 74
55 73
55 72
54 72
53 71
52 71
51 71
50 71
49 71
48 71
48 72
48 73
48 74
48 75
49 75
50 75
51 76
50 77
49 77
49 78
49 79
49 80
50 80
51 80
52 80
53 80
54 80
55 80
56 80
57 80
58 81
59 81
60 81
61 82
62 82
63 82
64 82
65 83
66 84
67 84
68 84
69 84
70 84
71 85
71 86
72 86
73 86
74 86
75 86
76 86
77 87
78 88
78 89
79 89
80 89
81 90
82 90
83 90
84 91
85 91
86 92
87 92
88 92
89 93
90 93
91 93
92 94
93 95
94 95
95 95
96 96
95 97
94 97
93 97
93 98
93 99
93 100
94 100
95 100
96 100
97 100
98 100
99 100
100 101
101 101
102 101
103 102
104 102
105 102
106 102
107 103
108 103
109 104
109 105
110 106
110 107
111 108
111 109
112 110
113 111
113 112
114 112
115 113
116 114
117 115
118 115
119 116
120 116
121 117
120 118
119 118
118 118
117 118
116 119
115 119
114 119
113 120
112 119
112 118
111 118
110 118
109 117
109 116
109 115
108 115
107 115
106 114
105 114
104 114
103 114
102 115
101 115
100 115
99 114
98 114
97 114
96 114
95 114
94 114
93 114
92 113
91 113
90 113
89 113
88 113
87 113
86 113
85 113
84 113
83 112
82 112
81 112
80 112
79 112
78 112
77 112
76 111
75 111
74 111
73 111
72 111
71 111
70 111
69 111
68 111
67 112
66 112
65 112
64 112
63 112
62 112
61 112
60 112
59 112
58 112
57 112
56 112
55 112
54 112
53 112
52 112
51 112
50 112
49 112
48 112
47 112
46 112
45 112
44 112
43 112
42 113
41 113
40 113
39 113
38 113
37 113
36 112
35 112
34 112
33 112
32 112
31 112
30 112
29 113
28 113
27 113
26 113
25 113
24 113
23 114
22 114
21 114
20 114
19 114
18 114
17 114
16 114
15 114
14 113
13 113
12 113
11 113
10 113
9 114
8 114
7 113
6 113
5 113
4 113
4 114
4 115
4 116
5 116
6 117
6 118
6 119
6 120
6 121
7 121
8 121
9 121
10 120
11 120
12 120
13 119
14 119
15 120
15 121
16 121
17 121
18 121
19 120
20 120
21 119
22 119
23 119
24 119
25 119
26 119
27 119
28 119
29 119
30 119
31 119
32 119
33 119
34 119
35 119
36 118
37 118
38 118
39 118
40 119
41 119
42 119
43 119
44 118
45 118
46 118
47 118
48 118
49 118
50 117
51 117
52 117
53 117
54 117
55 117
56 117
57 117
58 117
59 117
60 117
61 117
62 117
63 117
64 117
65 117
66 117
67 118
67 119
67 120
67 121
68 121
69 121
70 121
71 120
72 119
73 119
74 119
75 119
76 119
77 119
78 119
79 119
80 119
81 119
82 119
83 119
84 119
85 119
86 119
87 119
88 119
89 119
90 119
91 119
92 119
93 119
94 119
95 120
96 120
97 120
98 120
99 120
100 121
100 122
99 123
98 123
97 124
96 124
95 124
94 124
93 124
92 124
91 124
90 125
89 125
88 125
87 125
86 125
85 125
84 125
83 125
82 125
81 125
80 126
79 126
78 126
77 126
76 126
75 126
74 126
73 126
72 126
71 126
70 126
69 126
68 126
67 126
66 127
65 127
64 127
63 127
62 127
61 127
60 127
59 127
58 126
57 126
56 126
55 126
54 126
53 126
52 126
51 126
50 126
49 126
48 126
47 126
46 126
45 127
44 127
43 127
42 127
41 127
40 127
39 127
38 127
37 128
36 128
35 128
34 128
33 129
32 129
31 129
30 129
29 130
28 130
27 131
26 131
26 132
26 133
26 134
27 135
26 136
25 136
24 136
23 136
22 135
21 135
20 135
19 134
18 134
17 133
16 133
15 133
14 132
13 132
12 132
11 132
10 131
9 131
8 130
7 129
6 129
5 129
4 129
3 129
2 129
1 129
1 130
1 131
1 132
1 133
2 134
3 134
4 135
4 136
5 136
6 137
7 137
8 137
9 138
10 138
11 138
12 139
13 140
14 140
15 140
16 140
17 140
18 141
19 142
20 142
21 142
22 142
23 143
24 143
25 143
26 143
27 143
28 143
29 143
30 144
31 144
32 144
33 145
34 145
35 145
36 145
37 145
38 145
39 145
40 146
41 147
42 147
43 148
44 149
45 149
46 149
47 149
48 150
49 150
50 150
51 151
52 151
53 152
54 152
55 152
56 152
57 153
58 153
59 153
60 154
61 154
62 154
63 154
64 154
65 154
66 154
67 154
68 154
69 155
69 156
69 157
70 158
69 159
68 159
67 159
66 159
65 159
64 159
63 159
62 159
61 159
60 159
59 159
58 160
57 160
56 160
55 160
54 160
53 160
52 161
51 161
51 162
50 163
49 163
48 163
47 163
46 163
45 163
44 164
43 164
42 163
41 163
40 163
39 163
38 164
37 164
36 163
35 163
34 163
33 163
32 163
31 163
30 163
29 163
28 163
27 162
26 161
25 161
24 161
23 161
23 162
23 163
23 164
22 165
21 165
21 166
21 167
21 168
22 168
23 168
24 168
25 168
26 168
27 169
28 169
29 169
30 169
31 169
32 169
33 169
34 169
35 169
36 169
37 169
38 169
39 169
40 169
41 169
42 169
43 169
44 169
45 169
46 169
47 169
48 169
49 169
50 169
51 169
52 169
53 169
54 168
55 168
56 168
57 167
58 167
59 167
60 167
61 166
62 166
63 166
64 166
65 165
66 164
67 164
68 164
69 164
70 164
71 164
72 164
73 163
74 163
75 163
76 163
77 163
78 163
79 163
80 163
81 163
82 163
83 163
84 163
85 163
86 163
87 163
88 163
89 163
90 163
91 162
92 162
93 162
94 161
95 161
96 161
97 161
98 160
99 160
100 159
101 159
102 159
103 158
104 158
105 157
106 157
107 157
108 156
109 156
110 156
111 156
112 156
113 156
113 155
114 154
115 154
116 154
116 153
116 152
117 151
118 150
119 150
119 149
120 148
120 147
120 146
121 145
122 146
122 147
123 148
122 149
122 150
122 151
122 152
122 153
122 154
122 155
122 156
123 157
124 158
123 159
123 160
122 161
121 161
120 162
119 163
118 164
118 165
117 166
116 167
115 168
114 169
113 170
112 171
111 172
110 173
109 174
108 175
107 176
106 177
105 178
104 179
103 179
102 179
102 180
101 181
100 182
99 183
98 184
97 184
96 185
95 185
94 186
93 186
92 187
91 187
90 188
89 188
88 189
87 189
86 190
85 190
85 191
84 192
83 192
82 193
81 194
80 194
79 194
78 194
77 194
77 195
77 196
77 197
78 197
79 197
80 197
81 198
80 199
79 199
79 200
79 201
79 202
80 202
81 202
82 202
83 201
84 201
85 200
85 199
86 198
87 198
88 198
89 197
90 197
91 196
92 195
93 194
94 194
95 193
96 192
97 191
98 191
99 190
100 189
101 189
102 188
103 187
104 187
105 186
106 185
107 184
108 184
109 184
109 183
110 182
111 181
112 180
112 179
113 178
114 178
115 177
115 176
116 175
117 175
117 174
118 173
119 173
119 172
120 171
121 170
122 169
123 168
124 168
125 167
126 167
127 168
127 169
128 170
128 171
129 172
129 173
129 174
130 175
130 176
130 177
130 178
131 179
132 180
132 181
132 182
133 183
133 184
134 185
134 186
135 187
135 188
136 189
136 190
137 191
137 192
138 193
139 194
140 194
141 195
141 196
142 197
143 198
144 199
145 199
146 200
147 200
148 200
149 200
150 200
151 200
152 200
153 200
154 199
155 199
156 200
157 201
157 202
158 203
158 204
159 205
159 206
160 207
160 208
161 209
162 210
162 211
162 212
163 212
164 213
165 214
165 215
166 216
167 217
167 218
168 219
169 220
170 221
171 221
172 222
172 223
173 224
174 225
174 226
175 226
176 227
177 228
178 229
179 230
180 230
181 231
182 232
183 232
184 233
185 233
186 233
187 234
188 234
189 234
190 234
191 234
192 234
193 234
194 234
195 234
196 234
197 233
197 232
198 231
198 230
198 229
198 228
198 227
198 226
198 225
198 224
198 223
198 222
198 221
198 220
198 219
198 218
197 217
197 216
197 215
197 214
197 213
196 212
196 211
196 210
195 209
195 208
195 207
195 206
194 205
194 204
193 203
193 202
193 201
193 200
192 199
192 198
191 197
191 196
190 195
190 194
190 193
189 192
189 191
188 190
188 189
187 188
187 187
186 186
186 185
185 184
185 183
184 182
183 181
183 180
183 179
182 178
181 177
181 176
180 175
180 174
179 173
178 172
178 171
178 170
177 169
176 168
176 167
175 166
175 165
174 164
174 163
173 162
173 161
172 160
172 159
171 158
171 157
170 156
170 155
169 154
169 153
168 152
168 151
167 150
167 149
166 148
166 147
165 146
165 145
166 144
167 145
168 145
169 145
170 145
171 145
172 144
173 144
174 145
175 145
176 146
177 146
178 146
179 146
180 147
181 147
182 147
183 147
184 147
185 147
186 147
187 148
188 148
189 149
190 149
191 150
192 150
193 151
194 151
195 152
196 152
197 152
198 152
199 153
200 153
201 153
202 153
203 153
204 154
205 154
206 154
207 154
208 154
209 154
210 154
211 155
212 155
213 155
214 155
215 156
216 156
217 156
218 156
219 155
220 156
221 156
222 156
223 156
224 155
225 155
226 155
227 155
228 155
229 155
230 155
230 154
230 153
230 152
229 152
228 151
228 150
228 149
228 148
227 148
226 148
225 148
224 149
223 149
222 150
221 150
220 150
219 150
218 150
217 150
216 150
215 149
214 149
213 149
212 148
211 147
210 147
209 147
208 147
207 148
206 148
205 148
204 148
203 147
202 147
201 146
200 146
199 146
198 145
197 145
196 145
195 145
194 145
193 145
192 145
191 145
190 144
189 143
190 142
191 141
192 141
192 140
192 139
192 138
191 138
190 138
189 138
188 138
187 138
186 139
185 139
184 139
183 139
182 139
181 140
180 140
179 140
178 140
177 140
176 140
175 140
174 139
173 139
172 138
171 138
170 138
169 138
168 137
167 137
166 136
165 136
164 136
163 135
164 134
165 134
165 133
166 132
167 132
168 131
169 130
170 130
171 130
172 130
173 130
174 130
175 130
176 130
177 130
178 130
179 130
180 130
181 130
181 129
182 128
183 128
184 128
184 127
185 126
186 125
187 125
187 124
188 123
189 123
190 123
191 123
192 123
193 124
194 124
195 124
196 125
197 125
198 126
199 126
200 126
201 127
202 127
203 128
204 128
205 128
206 129
207 129
208 130
209 130
210 130
211 131
212 131
213 131
214 132
215 132
216 132
217 132
218 133
219 133
220 133
221 133
222 133
223 133
224 133
225 134
226 134
227 134
228 134
229 134
230 134
231 134
232 134
233 134
234 133
235 133
236 133
237 133
238 133
238 132
238 131
238 130
237 129
236 129
235 129
234 129
233 130
232 130
231 130
230 130
229 130
228 129
227 129
226 129
225 129
224 129
223 129
222 128
221 128
220 128
219 128
218 127
217 127
216 127
215 127
214 126
213 126
212 126
211 125
210 124
209 124
208 124
207 123
206 123
205 123
204 122
203 122
202 122
201 121
200 121
199 121
198 120
197 120
196 120
195 120
194 119
193 119
192 118
191 118
190 117
191 116
191 115
191 114
191 113
190 112
190 111
190 110
189 109
189 108
190 107
191 106
192 105
192 104
193 103
194 102
194 101
195 100
196 99
196 98
197 97
198 96
198 95
198 94
199 93
200 93
200 92
201 91
201 90
202 89
203 88
203 87
204 86
205 86
206 86
206 85
206 84
207 83
208 83
208 82
209 81
210 81
211 80
212 79
213 78
214 77
215 76
216 76
217 76
218 76
218 75
218 74
218 73
217 73
216 73
215 73
214 73
213 73
212 73
211 74
210 74
209 75
208 75
207 76
206 76
206 77
205 78
204 79
203 80
202 81
201 82
200 83
200 84
199 85
198 86
197 87
197 88
196 89
196 90
195 91
194 92
193 93
192 94
192 95
192 96
191 97
190 97
190 98
190 99
189 100
188 100
188 101
187 102
187 103
186 104
185 104
184 105
183 104
182 104
181 104
180 104
179 104
178 103
177 103
176 103
175 103
174 103
173 103
172 103
171 103
170 103
169 103
168 104
167 104
166 105
165 105
164 105
164 106
164 107
164 108
163 109
162 108
161 107
161 106
160 106
159 106
158 106
157 107
156 106
156 105
157 104
158 103
159 102
159 101
159 100
160 99
161 99
162 99
163 98
164 98
165 98
166 97
167 97
168 97
169 96
170 96
171 96
171 95
171 94
171 93
172 92
173 91
173 90
174 89
175 89
175 88
176 87
177 87
178 86
179 85
180 85
180 84
181 83
182 82
183 81
184 80
185 79
185 78
186 77
187 77
187 76
188 75
189 75
190 75
191 75
192 75
193 75
194 75
194 74
194 73
194 72
195 71
196 71
196 70
196 69
196 68
196 67
195 67
194 67
193 67
192 68
191 69
190 69
189 69
188 69
187 69
186 69
185 70
184 71
183 72
182 73
181 73
180 74
179 75
178 76
177 77
176 78
175 79
174 80
173 81
172 82
171 83
170 84
169 85
169 86
168 87
168 88
167 89
166 90
165 90
164 90
163 91
162 91
161 92
160 92
159 93
158 93
157 94
156 95
155 95
154 96
154 97
153 98
152 98
151 99
150 100
149 99
149 98
149 97
149 96
149 95
149 94
150 93
150 92
150 91
150 90
149 89
149 88
149 87
149 86
149 85
149 84
149 83
150 82
150 81
150 80
150 79
150 78
150 77
150 76
150 75
150 74
150 73
150 72
150 71
150 70
150 69
150 68
150 67
150 66
150 65
150 64
150 63
151 62
151 61
151 60
151 59
151 58
152 57
152 56
152 55
152 54
152 53
152 52
152 51
152 50
152 49
152 48
152 47
152 46
152 45
153 44
153 43
153 42
153 41
153 40
153 39
153 38
153 37
153 36
153 35
153 34
153 33
153 32
153 31
153 30
153 29
153 28
153 27
153 26
152 25
152 24
152 23
152 22
152 21
152 20
151 19
151 18
151 17
151 16
150 15
150 14
150 13
149 12
149 11
149 10
148 9
148 8
147 7
147 6
146 5
146 4
145 3
144 2
143 2
142 1
141 1
140 1
139 1
138 1
137 1
