177 1
177 2
177 3
177 4
178 5
179 6
179 7
178 8
177 9
177 10
177 11
177 12
176 13
175 13
175 14
175 15
175 16
174 17
173 18
173 19
173 20
173 21
173 22
172 23
171 23
171 24
171 25
171 26
171 27
171 28
170 29
170 30
169 31
169 32
169 33
169 34
169 35
168 36
167 36
166 36
165 36
165 37
165 38
165 39
166 39
167 40
167 41
167 42
167 43
166 44
166 45
166 46
165 47
165 48
165 49
164 50
164 51
164 52
163 53
162 54
162 55
162 56
161 57
161 58
160 59
160 60
159 61
159 62
159 63
158 64
157 65
156 66
155 65
155 64
154 64
153 63
153 62
153 61
152 60
153 59
154 59
155 59
156 59
156 58
157 57
158 56
158 55
158 54
158 53
158 52
158 51
158 50
158 49
158 48
158 47
157 46
157 45
156 44
155 43
154 42
153 41
152 40
151 40
150 40
149 40
148 39
147 38
146 38
145 37
144 37
143 36
142 35
142 34
142 33
143 32
144 31
145 31
146 31
147 31
148 31
149 31
150 31
151 31
152 31
153 31
153 30
153 29
153 28
152 28
151 28
150 28
149 28
148 28
147 28
146 28
145 28
144 28
143 28
142 28
141 28
140 29
139 30
138 31
137 31
136 30
136 29
135 29
134 29
133 29
132 29
131 29
130 29
129 29
129 30
128 31
127 32
126 31
125 30
124 29
123 28
123 27
122 26
121 26
120 26
119 26
118 26
117 26
116 26
115 26
114 25
113 25
112 24
111 24
110 24
109 24
109 25
109 26
109 27
110 27
111 28
112 28
113 29
114 29
115 29
116 29
117 29
118 29
119 29
120 30
121 31
121 32
122 33
122 34
122 35
122 36
121 37
120 38
120 39
119 40
118 40
117 40
116 41
115 41
114 41
113 41
112 42
111 43
110 44
109 45
108 46
108 47
108 48
108 49
108 50
108 51
108 52
108 53
108 54
108 55
108 56
109 57
110 58
111 59
112 60
113 61
114 61
115 62
114 63
114 64
114 65
114 66
113 67
112 67
111 66
110 65
109 64
109 63
108 62
107 61
106 60
106 59
105 58
104 57
103 56
103 55
103 54
102 53
101 52
101 51
101 50
100 49
100 48
99 47
99 46
98 45
99 44
99 43
100 42
100 41
100 40
100 39
99 39
98 39
97 39
96 40
95 39
95 38
96 37
96 36
96 35
96 34
95 34
94 33
94 32
94 31
94 30
94 29
93 28
92 28
91 27
91 26
91 25
91 24
91 23
91 22
90 22
89 21
89 20
89 19
89 18
88 17
87 16
86 15
86 14
86 13
86 12
86 11
87 10
87 9
87 8
87 7
86 7
85 7
84 7
84 8
83 9
83 10
82 11
81 11
80 11
79 10
78 10
77 10
76 10
75 11
75 12
75 13
75 14
76 14
77 14
78 15
79 16
79 17
79 18
79 19
80 20
80 21
80 22
81 23
81 24
81 25
82 26
83 27
83 28
83 29
84 30
85 31
85 32
85 33
85 34
86 35
87 36
87 37
87 38
87 39
87 40
88 41
88 42
88 43
89 44
88 45
87 45
86 45
86 46
86 47
86 48
87 48
88 48
89 48
90 48
91 49
91 50
92 51
92 52
92 53
92 54
93 55
94 56
95 57
95 58
96 59
96 60
97 61
98 62
98 63
99 64
100 65
100 66
101 66
102 67
102 68
103 69
103 70
104 70
105 71
106 72
107 72
108 73
108 74
108 75
109 76
110 77
110 78
111 79
112 80
113 81
113 82
114 83
114 84
114 85
114 86
114 87
114 88
113 89
112 89
111 88
110 88
109 88
108 88
107 88
106 88
105 88
104 88
103 88
102 88
101 87
100 87
99 87
98 87
97 87
96 87
95 87
94 87
93 87
92 87
91 87
90 86
89 85
88 85
87 84
87 83
86 83
85 82
84 81
83 80
82 79
81 79
80 78
79 77
78 76
77 76
76 76
75 75
74 75
73 74
72 74
71 73
70 73
69 72
68 72
67 71
66 71
65 70
64 70
63 69
63 68
62 68
61 67
60 66
59 66
58 66
57 65
56 64
55 64
54 63
53 62
52 62
51 61
50 60
50 59
49 59
48 59
47 58
46 57
46 56
45 56
44 56
43 55
43 54
42 53
43 52
43 51
43 50
43 49
42 49
41 49
40 49
40 50
39 51
39 52
39 53
38 54
37 54
36 55
35 56
34 57
33 57
33 58
33 59
33 60
34 60
35 60
36 60
37 60
38 60
39 61
40 62
40 63
41 63
42 63
43 63
44 63
45 64
45 65
45 66
46 66
47 66
48 67
48 68
49 68
50 69
51 70
51 71
52 72
53 72
54 72
55 73
55 74
56 74
57 75
58 76
59 76
60 77
61 77
62 78
63 78
64 79
65 79
66 79
67 80
68 80
69 80
70 81
71 81
72 81
73 82
74 83
75 84
76 85
77 86
78 87
79 88
78 89
77 89
76 89
75 89
74 89
73 89
72 89
71 89
70 89
69 89
68 89
67 90
66 90
65 90
64 90
63 90
62 91
61 91
60 91
59 91
58 91
57 91
56 92
55 92
54 92
53 92
52 93
51 93
50 93
49 93
48 94
47 94
46 94
45 95
44 95
43 95
42 96
41 96
40 96
39 97
38 97
37 97
36 98
35 99
34 99
33 99
32 99
31 100
30 100
29 101
28 101
27 101
26 102
25 103
24 103
24 104
23 105
22 105
21 105
20 105
19 105
18 106
17 106
16 107
15 108
14 108
13 109
12 110
11 111
10 112
9 112
8 113
7 113
6 114
6 115
5 116
4 117
4 118
3 119
3 120
2 121
2 122
1 123
1 124
1 125
1 126
1 127
1 128
2 129
2 130
2 131
3 132
4 133
5 133
6 133
7 133
8 134
8 135
9 136
10 136
11 137
12 137
13 137
14 138
15 138
16 138
17 139
18 139
19 139
20 139
21 139
22 140
23 140
24 140
25 140
26 140
27 141
28 141
29 141
30 141
31 142
31 143
32 143
33 144
34 145
35 145
36 146
37 146
38 147
39 147
40 148
41 148
42 148
43 148
44 148
45 148
46 148
47 148
48 148
49 148
50 148
51 148
52 148
53 148
54 148
55 148
56 147
57 147
58 147
59 147
60 146
61 146
62 146
63 146
64 146
65 146
66 146
67 146
68 146
69 146
70 146
71 146
72 146
73 146
74 146
75 146
76 146
77 146
78 146
79 146
80 147
81 147
82 147
83 147
84 147
85 147
86 147
87 146
88 146
89 145
90 144
91 143
92 143
92 142
93 141
94 141
95 141
96 141
97 142
98 143
98 144
99 145
100 146
100 147
101 147
102 148
102 149
103 150
104 151
105 152
106 152
107 153
107 154
108 155
109 155
110 156
110 157
110 158
109 159
109 160
108 161
107 162
106 163
106 164
105 165
104 166
104 167
104 168
103 169
102 169
101 170
100 171
99 172
99 173
99 174
98 175
97 175
97 176
96 177
96 178
96 179
95 180
94 180
93 181
93 182
93 183
92 184
92 185
91 186
91 187
90 188
90 189
89 190
89 191
88 192
87 192
86 192
85 192
85 193
85 194
85 195
86 195
87 195
88 195
89 195
90 195
91 195
92 194
93 194
94 193
95 193
95 192
96 191
96 190
97 189
97 188
98 187
99 186
99 185
100 184
101 183
102 182
103 181
103 180
104 179
105 178
106 178
106 177
106 176
107 175
107 174
108 173
109 172
110 172
111 171
111 170
112 169
112 168
113 167
114 166
115 167
115 168
115 169
115 170
116 171
116 172
116 173
116 174
117 175
117 176
118 177
118 178
119 179
119 180
119 181
120 182
120 183
121 184
122 185
122 186
123 187
124 188
124 189
125 190
126 191
127 192
128 193
129 194
130 195
131 195
132 196
133 196
134 196
135 196
136 196
137 196
138 196
139 196
140 196
141 195
142 195
143 195
144 195
144 194
145 193
146 192
147 192
148 191
148 190
149 189
149 188
150 187
151 187
151 186
152 185
153 184
153 183
153 182
154 181
154 180
155 179
155 178
156 177
156 176
156 175
157 174
157 173
157 172
158 171
158 170
158 169
158 168
158 167
159 166
159 165
159 164
160 163
161 164
162 165
162 166
162 167
163 168
164 169
164 170
164 171
164 172
165 172
166 172
167 173
167 174
167 175
168 176
168 177
169 178
170 179
171 180
172 181
172 182
173 183
174 183
175 184
175 185
176 185
177 186
177 187
178 187
179 188
180 189
181 189
182 189
183 190
183 191
183 192
184 192
185 192
186 192
186 191
187 190
188 190
189 190
189 189
190 188
190 187
190 186
190 185
189 185
188 185
187 185
186 186
185 185
185 184
184 184
183 183
183 182
182 181
181 181
180 180
179 179
179 178
178 178
177 177
177 176
176 175
176 174
176 173
175 173
174 172
173 171
173 170
173 169
173 168
172 167
171 166
170 166
169 165
169 164
168 163
167 162
167 161
166 160
166 159
167 158
167 157
168 156
168 155
169 154
169 153
170 152
170 151
171 150
171 149
172 148
172 147
173 146
173 145
174 144
174 143
175 142
175 141
175 140
176 139
177 139
178 140
179 140
180 140
181 140
182 140
183 140
184 141
185 141
186 141
187 141
188 141
189 141
190 141
191 141
192 141
193 142
194 142
195 142
196 142
197 142
198 142
199 142
200 142
201 142
202 142
203 142
204 142
205 142
206 142
207 142
208 142
209 141
210 141
211 141
212 141
213 141
214 141
215 141
216 141
217 141
218 141
219 140
220 140
221 140
222 140
223 140
224 140
225 140
226 139
227 139
228 139
229 139
230 138
231 138
232 138
233 138
234 137
235 137
236 136
237 136
238 136
239 135
240 135
241 134
242 134
243 134
244 134
245 134
246 133
247 133
248 132
249 131
250 130
251 129
252 129
253 128
254 128
255 128
256 127
257 126
258 126
259 125
260 125
261 124
262 123
263 122
264 121
265 120
266 119
266 118
266 117
267 116
267 115
267 114
267 113
267 112
267 111
267 110
267 109
267 108
267 107
267 106
267 105
266 104
266 103
265 102
264 101
263 100
262 99
261 98
260 98
259 97
258 97
257 96
256 96
255 96
254 95
253 95
252 94
251 94
250 94
249 94
248 93
247 93
246 93
245 92
244 92
243 92
242 92
241 92
240 91
239 91
238 91
237 91
236 90
235 90
234 90
233 90
232 89
231 89
230 89
229 89
228 89
227 89
226 89
225 88
224 88
223 88
222 88
221 88
220 88
219 88
218 88
217 87
216 87
215 87
214 87
213 87
212 87
211 87
210 87
209 86
208 86
207 86
206 86
205 86
204 86
203 86
202 86
201 86
200 86
199 86
198 86
197 86
196 86
195 86
194 86
193 86
192 86
191 86
190 86
189 86
188 86
187 86
186 86
185 86
184 85
185 84
186 83
187 82
188 81
189 81
189 80
190 79
191 78
192 77
193 76
194 75
195 75
196 74
197 74
198 73
199 72
200 72
201 71
202 70
203 70
204 69
205 69
206 68
206 67
207 66
208 65
209 65
210 65
211 65
212 65
212 64
213 63
214 62
215 62
216 62
217 62
218 61
219 60
220 60
221 60
222 59
223 59
224 59
224 58
225 57
226 57
227 57
228 57
229 56
230 56
231 55
232 55
233 55
234 55
234 54
234 53
234 52
233 52
232 51
232 50
231 49
231 48
230 48
229 48
228 48
227 49
226 49
225 49
224 49
223 49
222 49
221 50
221 51
220 52
219 53
218 53
217 53
216 54
215 55
214 56
213 56
212 56
211 56
210 57
209 58
208 58
207 58
206 58
206 59
205 60
204 61
203 62
202 62
201 63
200 63
199 63
198 64
197 65
196 65
196 66
195 67
194 67
193 68
192 69
191 70
190 70
190 71
189 72
188 72
187 73
186 73
185 74
184 75
183 75
182 76
181 76
180 77
179 78
178 79
177 80
176 80
175 81
175 82
174 83
173 84
172 84
172 85
171 86
170 86
169 86
168 86
167 87
166 87
165 87
164 87
163 87
162 87
161 87
160 87
159 87
158 87
157 88
156 88
155 88
154 87
154 86
154 85
154 84
155 83
156 82
156 81
157 80
158 79
159 78
160 77
160 76
161 75
161 74
162 73
162 72
163 71
163 70
164 69
165 68
165 67
166 66
166 65
167 64
167 63
168 62
169 61
169 60
170 59
170 58
171 57
172 56
172 55
172 54
172 53
173 52
173 51
173 50
174 49
174 48
174 47
174 46
174 45
174 44
174 43
175 42
176 41
177 40
178 39
179 38
179 37
179 36
179 35
178 35
177 34
178 33
179 33
179 32
179 31
179 30
179 29
180 28
181 27
181 26
181 25
181 24
181 23
181 22
182 21
182 20
182 19
182 18
183 17
184 16
184 15
184 14
184 13
184 12
185 11
185 10
185 9
186 8
187 7
188 7
189 7
189 6
189 5
189 4
188 4
187 4
186 4
185 4
184 4
183 5
182 4
181 3
181 2
180 1
179 1
178 1
