140 1
139 2
138 2
137 2
136 2
135 3
134 4
133 4
133 5
132 6
131 7
130 8
130 9
129 10
128 11
128 12
128 13
127 14
126 15
126 16
126 17
125 18
125 19
125 20
124 21
124 22
124 23
124 24
123 25
123 26
123 27
122 28
122 29
122 30
122 31
121 32
121 33
121 34
120 35
120 36
120 37
120 38
120 39
120 40
119 41
119 42
119 43
119 44
119 45
118 46
118 47
118 48
118 49
118 50
118 51
118 52
118 53
117 54
117 55
117 56
117 57
117 58
117 59
116 60
116 61
116 62
116 63
116 64
116 65
116 66
116 67
116 68
116 69
116 70
115 71
115 72
115 73
115 74
115 75
115 76
115 77
114 78
114 79
114 80
114 81
114 82
114 83
114 84
114 85
113 86
113 87
113 88
113 89
113 90
113 91
113 92
113 93
112 94
112 95
112 96
112 97
112 98
112 99
112 100
112 101
112 102
111 103
111 104
111 105
111 106
111 107
111 108
111 109
111 110
110 111
110 112
110 113
110 114
110 115
110 116
110 117
110 118
109 119
108 118
108 117
108 116
108 115
107 114
106 113
106 112
105 112
104 111
104 110
103 110
102 110
101 109
100 108
99 107
98 106
97 105
96 104
95 103
94 102
93 102
92 101
91 101
90 100
89 100
88 100
87 99
87 98
86 98
85 97
85 96
84 95
84 94
83 93
82 92
81 91
80 90
80 89
80 88
79 88
78 87
78 86
77 86
76 85
76 84
76 83
75 83
74 82
73 81
72 81
71 80
71 79
70 79
69 78
68 78
67 77
67 76
66 75
65 74
64 74
63 74
62 73
62 72
61 71
61 70
60 70
59 70
58 70
58 71
58 72
58 73
58 74
59 75
58 76
57 76
56 77
56 78
56 79
56 80
57 80
58 80
59 80
60 80
61 80
62 81
63 81
64 82
64 83
65 83
66 84
67 85
68 85
69 86
70 87
71 88
71 89
72 90
73 91
73 92
73 93
74 93
75 94
75 95
76 96
77 96
78 97
78 98
79 98
80 99
81 100
81 101
82 101
83 102
84 103
83 104
82 104
82 105
82 106
82 107
83 107
84 107
85 107
86 107
87 108
88 108
89 109
90 109
91 110
92 111
93 111
94 112
94 113
94 114
94 115
94 116
95 117
96 118
96 119
95 120
94 119
93 119
92 119
91 119
90 120
89 119
88 118
87 118
86 117
85 117
84 116
83 116
82 116
81 116
80 116
79 116
78 116
77 116
76 117
75 117
74 117
73 117
72 117
71 117
70 117
69 116
68 115
68 114
67 113
66 112
66 111
66 110
65 109
64 108
64 107
64 106
63 105
62 104
62 103
62 102
61 101
60 100
60 99
60 98
59 97
58 96
58 95
58 94
57 93
57 92
56 91
56 90
55 89
54 88
54 87
53 86
53 85
52 84
52 83
52 82
51 82
50 81
49 80
49 79
49 78
48 77
47 76
47 75
46 74
45 74
44 73
44 72
43 72
42 72
41 72
40 72
39 72
39 73
39 74
39 75
40 76
41 77
42 78
42 79
43 79
44 80
44 81
44 82
45 83
45 84
46 84
47 85
48 86
48 87
49 88
49 89
49 90
50 91
51 92
51 93
51 94
52 94
53 95
53 96
53 97
53 98
54 98
55 99
55 100
55 101
55 102
56 103
57 104
57 105
57 106
58 107
58 108
58 109
59 110
60 111
60 112
61 113
61 114
62 115
63 116
63 117
63 118
64 119
64 120
64 121
63 122
62 122
61 123
60 124
60 125
59 126
59 127
59 128
59 129
59 130
59 131
59 132
58 133
57 133
56 133
55 133
54 133
53 133
52 133
51 133
50 133
49 133
48 133
47 133
46 134
45 134
44 134
43 134
42 134
41 134
40 135
39 135
38 135
37 135
36 135
35 135
34 135
33 135
32 135
31 135
30 135
29 135
28 135
27 135
26 135
25 135
24 135
23 135
22 136
21 136
20 136
19 136
18 136
17 136
16 136
15 136
14 136
13 136
12 136
12 137
12 138
12 139
12 140
13 140
14 140
15 140
16 140
17 140
18 140
19 140
20 140
21 140
22 140
23 140
24 140
25 140
26 140
27 140
28 140
29 140
30 140
31 139
32 139
33 139
34 139
35 139
36 139
37 139
38 139
39 139
40 139
41 139
42 139
43 139
44 139
45 139
46 139
47 138
48 138
49 138
50 138
51 138
52 138
53 138
54 138
55 138
56 138
57 138
58 137
59 137
60 138
60 139
61 140
61 141
61 142
62 142
63 142
64 143
64 144
65 144
66 145
67 146
67 147
67 148
68 148
69 148
70 148
71 148
72 149
72 150
73 150
74 150
75 150
76 149
77 149
78 149
79 149
80 150
80 151
79 152
79 153
79 154
78 155
77 155
76 155
75 155
74 156
73 156
72 156
72 157
72 158
72 159
71 160
70 161
69 162
68 162
67 162
66 162
65 161
64 161
63 161
62 161
61 161
60 160
59 160
58 160
57 160
56 159
55 159
54 159
53 159
52 159
51 159
51 160
51 161
51 162
50 163
49 163
48 163
47 163
46 163
45 164
44 164
43 164
42 164
41 165
40 165
39 165
38 165
37 166
36 167
35 167
34 168
33 168
32 169
31 169
30 169
29 169
28 169
28 170
27 171
26 171
25 171
24 171
23 171
22 171
21 171
20 171
19 171
18 172
17 172
16 172
15 172
14 172
13 172
12 173
11 173
10 173
9 173
8 174
7 173
6 173
5 173
4 173
3 174
2 174
1 174
1 175
1 176
1 177
2 177
3 178
3 179
4 179
5 179
6 179
7 180
8 180
9 180
10 180
11 180
12 180
13 180
14 179
15 179
16 179
17 179
18 178
19 178
20 178
21 177
22 177
23 177
24 177
25 177
26 177
27 177
28 177
29 176
30 176
31 175
32 175
33 175
34 175
35 174
36 174
37 173
38 173
39 172
40 172
41 172
42 172
43 171
44 171
45 170
46 170
47 169
48 169
49 169
50 168
51 168
52 167
53 167
54 167
55 167
56 167
57 167
58 167
59 167
60 167
61 167
62 167
63 167
64 167
65 167
66 167
67 167
68 167
69 167
70 167
71 167
72 166
73 166
74 166
75 166
76 166
77 166
78 166
79 167
79 168
78 169
77 170
76 171
75 172
74 173
74 174
73 175
72 175
72 176
71 177
70 178
69 179
69 180
68 181
67 181
67 182
66 183
65 184
64 185
63 186
62 187
61 188
60 189
59 190
58 191
57 192
57 193
56 194
55 194
55 195
54 196
53 197
52 197
52 198
51 199
50 200
49 200
49 201
48 202
47 203
46 204
45 205
44 206
43 207
42 208
41 209
41 210
40 211
39 212
38 213
38 214
37 215
36 216
35 217
34 218
34 219
33 220
32 221
32 222
31 223
31 224
30 225
29 226
29 227
28 228
28 229
27 230
27 231
26 232
26 233
25 234
25 235
25 236
24 237
24 238
23 239
23 240
23 241
22 242
22 243
22 244
21 245
21 246
21 247
20 248
20 249
20 250
20 251
20 252
20 253
21 254
21 255
22 255
23 256
24 256
25 256
26 256
27 256
28 256
29 256
30 256
31 256
32 256
33 256
34 256
35 255
36 254
37 254
38 254
38 253
39 252
40 251
41 251
42 251
43 251
43 250
44 249
45 248
46 248
47 248
48 247
49 247
49 246
50 245
51 245
52 244
53 243
54 243
54 242
55 241
55 240
56 239
57 239
57 238
58 237
59 237
60 237
61 237
61 236
62 235
63 235
63 234
64 233
65 233
65 232
66 231
67 231
68 230
69 229
69 228
70 227
71 227
71 226
71 225
72 224
73 225
74 226
75 226
76 226
77 227
77 228
77 229
78 229
79 229
80 229
81 229
82 229
83 228
84 227
85 227
86 227
87 226
87 225
88 224
89 224
90 224
90 223
90 222
91 221
92 220
93 220
94 220
94 219
94 218
95 217
95 216
95 215
96 214
97 214
97 213
97 212
97 211
97 210
98 209
99 209
99 208
100 207
100 206
100 205
101 204
102 203
102 202
102 201
102 200
102 199
102 198
103 197
104 196
104 195
104 194
105 193
105 192
106 191
106 190
107 189
108 188
109 188
110 187
111 187
111 186
112 185
112 184
112 183
113 182
114 182
115 182
116 181
117 182
117 183
118 183
119 184
119 185
120 186
121 187
121 188
122 189
123 190
124 191
125 192
126 193
126 194
127 195
128 195
129 196
130 197
131 197
132 198
132 199
133 200
134 201
135 202
136 203
136 204
137 205
138 206
138 207
139 207
140 208
140 209
140 210
141 210
142 211
143 212
144 213
145 214
145 215
146 216
147 217
148 217
149 218
150 219
150 220
151 221
152 222
153 223
154 224
154 225
155 226
155 227
156 228
156 229
157 230
157 231
158 232
159 233
159 234
159 235
159 236
159 237
160 238
160 239
161 239
162 239
163 239
163 238
163 237
163 236
163 235
164 234
165 235
166 235
167 235
168 235
168 234
168 233
168 232
167 231
166 230
165 230
164 229
164 228
163 227
162 226
161 225
161 224
161 223
161 222
160 221
159 220
158 219
157 218
157 217
156 216
155 216
154 215
154 214
153 213
153 212
152 211
151 211
150 210
149 209
148 208
148 207
148 206
147 206
146 205
145 204
144 203
144 202
143 202
142 201
142 200
141 200
140 199
140 198
139 197
138 196
138 195
138 194
138 193
138 192
137 192
136 191
135 191
134 190
133 190
132 189
131 188
130 187
129 186
128 185
127 184
126 183
125 182
124 181
123 180
123 179
122 178
122 177
123 176
123 175
123 174
123 173
124 172
125 172
125 171
126 170
127 170
128 170
129 170
130 169
131 170
132 170
133 170
134 171
135 172
135 173
135 174
135 175
134 176
134 177
134 178
134 179
135 180
135 181
136 181
137 182
137 183
137 184
138 185
138 186
139 187
140 188
141 188
142 189
143 189
144 189
145 190
146 190
147 191
148 191
149 192
150 192
151 192
152 193
153 194
154 194
155 194
156 195
157 195
158 196
159 196
160 197
161 197
162 198
163 198
164 199
165 199
166 200
167 200
168 201
169 201
170 201
171 201
172 201
173 201
174 202
175 202
176 203
177 203
178 204
179 204
180 205
181 206
182 206
183 207
184 207
185 207
186 208
187 208
188 209
189 209
190 209
191 210
192 210
193 210
194 211
195 211
196 212
197 212
198 213
199 213
200 213
201 213
202 213
203 214
204 214
205 214
206 214
207 215
208 215
209 215
210 216
211 216
212 216
213 216
214 217
215 217
216 217
217 217
218 218
219 218
220 218
221 219
222 219
223 219
224 219
225 219
226 219
227 219
228 219
229 219
230 219
231 218
232 218
233 218
234 218
235 218
236 218
237 218
238 218
239 217
239 216
239 215
239 214
238 214
237 214
236 214
235 213
235 212
235 211
234 210
233 210
232 210
231 210
231 211
231 212
230 213
229 213
228 213
227 213
226 212
225 211
224 211
223 211
222 211
221 212
220 212
219 211
219 210
218 210
217 210
216 210
215 210
214 210
213 210
212 210
211 209
210 209
209 209
208 208
207 208
206 208
205 208
204 208
203 208
202 207
202 206
201 206
200 206
199 205
198 205
197 205
196 204
195 204
194 203
193 203
192 202
191 202
190 202
189 201
188 201
187 200
186 200
185 200
184 199
183 199
182 199
181 198
180 198
179 197
178 197
177 196
177 195
177 194
176 194
175 194
174 194
173 194
172 193
171 193
170 193
169 192
168 192
167 192
166 191
165 191
164 191
163 190
162 190
161 190
160 189
159 189
158 189
157 188
156 188
155 187
154 187
153 187
152 186
151 186
150 185
149 185
148 184
147 184
146 183
146 182
146 181
147 180
147 179
148 178
149 178
150 177
151 178
152 178
153 178
154 179
155 179
156 180
157 180
158 180
159 181
160 181
161 182
162 182
163 183
164 183
165 183
166 184
167 185
168 185
169 186
170 186
171 186
172 187
173 188
174 188
175 188
176 188
177 189
178 189
179 190
180 190
181 191
182 191
183 191
184 191
185 191
186 192
187 192
188 192
189 193
190 193
191 193
192 194
193 194
194 194
195 195
196 195
197 195
198 195
199 196
200 197
201 197
202 197
203 197
204 197
205 197
206 198
207 198
208 198
209 198
210 198
211 198
212 198
213 198
214 198
215 199
216 199
217 199
218 199
219 199
220 199
221 199
222 199
223 199
224 198
225 198
226 198
227 198
228 198
229 198
230 198
231 198
232 198
233 198
234 199
235 199
236 199
237 200
238 200
239 200
240 200
241 200
242 201
243 201
244 201
245 201
246 201
247 201
248 201
249 201
250 201
251 201
252 201
253 201
254 201
255 201
256 201
257 201
258 201
259 201
260 201
261 201
262 201
263 201
264 201
265 201
266 201
267 201
268 201
269 201
270 201
271 200
272 200
272 199
272 198
272 197
272 196
272 195
271 195
270 195
269 195
268 195
267 195
266 195
265 195
264 195
263 195
262 195
261 195
260 195
259 195
258 195
257 195
256 195
255 195
254 195
253 195
252 195
251 195
250 195
249 195
248 195
247 194
248 193
248 192
248 191
248 190
247 190
246 189
245 189
244 188
243 188
242 187
241 186
240 186
239 185
238 185
237 184
236 184
235 183
234 183
233 182
232 182
231 181
230 181
229 180
229 179
229 178
228 177
227 177
226 176
225 175
224 175
223 174
222 174
221 173
220 173
219 172
218 172
217 172
216 171
215 171
214 170
213 170
212 170
211 170
210 169
209 169
208 169
207 169
206 169
205 168
204 168
203 168
202 168
201 168
200 167
199 167
198 167
197 166
196 166
195 166
194 165
193 165
192 165
191 164
190 164
189 164
188 163
187 163
186 163
185 162
184 161
183 161
182 161
181 161
180 160
179 160
178 160
177 159
176 159
175 158
174 158
173 158
172 157
171 157
170 157
169 156
168 156
167 156
166 155
165 155
164 154
163 154
162 154
161 153
161 152
161 151
162 150
163 150
163 149
163 148
164 147
165 148
166 148
167 148
168 149
169 149
170 149
171 149
172 149
173 150
174 150
175 150
176 151
177 151
178 151
179 152
180 152
181 152
182 152
183 153
184 153
185 153
186 154
187 154
188 155
189 155
190 156
191 156
192 157
193 157
194 158
195 158
196 158
197 158
198 158
199 158
200 158
201 158
202 157
203 157
204 157
205 157
206 157
207 157
208 157
209 158
210 158
211 158
212 158
213 158
214 159
215 159
216 159
217 159
218 160
219 160
220 160
221 161
222 161
223 162
224 162
225 163
226 163
227 163
228 163
229 163
230 163
231 164
232 165
233 165
234 165
235 165
236 165
237 164
238 165
239 165
240 165
241 166
242 166
243 166
244 166
245 167
246 167
247 168
248 168
249 169
250 169
251 170
252 170
253 171
254 171
255 171
256 171
256 170
257 169
258 170
259 170
260 170
261 170
261 169
261 168
261 167
260 166
259 166
258 166
257 165
256 164
255 164
254 163
253 163
252 163
251 163
250 162
249 161
248 161
247 161
246 161
245 160
244 160
243 160
242 160
241 159
240 159
239 159
238 159
237 159
236 158
235 158
234 157
233 157
232 157
231 157
230 157
229 157
228 156
227 156
226 155
225 155
224 154
223 154
222 154
221 154
220 154
219 153
218 153
217 153
216 153
215 152
214 152
213 152
212 152
211 152
210 151
209 151
208 151
207 151
206 151
205 151
204 151
203 151
202 151
201 150
200 150
199 150
198 150
197 149
196 149
195 149
194 149
193 148
192 148
191 148
190 148
189 147
188 147
187 147
186 146
185 146
184 146
183 146
182 145
181 145
180 145
179 144
178 144
177 144
176 144
175 143
174 143
173 143
172 143
171 143
170 142
169 142
168 142
167 142
166 142
165 142
164 142
163 142
162 142
161 142
160 142
159 142
158 142
157 142
156 141
156 140
155 140
154 140
153 140
152 141
151 141
151 142
150 143
149 143
149 144
148 145
148 146
147 147
146 147
145 146
145 145
145 144
145 143
145 142
145 141
145 140
144 139
144 138
144 137
143 136
143 135
142 134
143 133
144 132
145 131
145 130
146 129
146 128
147 127
148 127
149 127
150 127
151 126
152 126
153 126
154 125
155 125
156 125
157 125
158 125
159 125
160 125
161 125
162 125
163 125
164 125
165 125
166 125
166 124
166 123
167 122
168 121
169 121
170 121
171 121
172 121
173 121
174 121
175 121
176 121
177 121
178 121
179 121
180 121
181 121
182 122
183 122
184 122
185 122
186 122
187 122
188 123
189 123
190 123
191 123
192 123
193 123
194 123
195 123
196 123
197 123
198 124
199 124
200 124
201 124
202 124
203 124
204 125
205 125
206 125
207 125
208 126
209 127
210 128
210 129
210 130
211 130
212 130
213 130
214 129
215 129
216 129
216 128
216 127
216 126
216 125
215 124
214 123
214 122
213 121
212 120
211 119
210 119
209 119
208 118
207 118
206 118
205 118
204 119
203 119
202 119
201 119
200 118
199 118
198 118
197 118
196 118
195 118
194 118
193 118
192 117
191 117
190 117
189 116
188 116
187 116
186 116
185 116
184 116
183 115
182 115
181 115
180 115
179 115
178 115
177 115
176 115
175 115
174 115
173 115
172 115
171 115
170 116
169 116
168 116
167 116
166 117
165 117
164 117
163 117
162 117
161 117
160 117
159 117
158 118
157 118
156 118
155 119
154 119
153 119
152 119
151 120
150 120
149 121
148 121
147 120
148 119
148 118
148 117
149 116
149 115
149 114
150 113
150 112
151 111
151 110
152 109
152 108
153 107
153 106
153 105
154 104
154 103
155 102
155 101
155 100
156 99
156 98
156 97
157 96
157 95
157 94
157 93
157 92
158 91
158 90
159 89
159 88
159 87
159 86
159 85
159 84
160 83
160 82
160 81
160 80
159 79
160 78
161 78
161 77
161 76
161 75
161 74
161 73
161 72
161 71
161 70
161 69
161 68
161 67
161 66
160 65
160 64
159 63
159 62
159 61
158 60
157 59
157 58
156 58
155 58
154 58
153 58
152 58
151 57
151 56
151 55
151 54
151 53
151 52
152 51
152 50
152 49
152 48
152 47
152 46
152 45
152 44
152 43
152 42
152 41
151 40
152 39
152 38
152 37
152 36
151 35
151 34
152 33
152 32
152 31
152 30
152 29
152 28
152 27
152 26
151 25
151 24
151 23
151 22
151 21
151 20
151 19
151 18
151 17
150 16
150 15
150 14
150 13
150 12
149 11
149 10
149 9
148 8
148 7
147 6
147 5
147 4
146 3
145 3
144 2
144 1
143 1
142 1
141 1
