215 67
214 68
213 68
212 69
211 70
211 71
210 72
210 73
210 74
210 75
210 76
210 77
210 78
210 79
210 80
210 81
210 82
210 83
210 84
210 85
210 86
210 87
210 88
210 89
210 90
210 91
210 92
210 93
210 94
210 95
210 96
210 97
210 98
210 99
210 100
210 101
210 102
211 103
211 104
211 105
211 106
211 107
211 108
211 109
211 110
211 111
211 112
211 113
211 114
211 115
211 116
211 117
211 118
211 119
211 120
211 121
211 122
211 123
211 124
211 125
211 126
211 127
211 128
211 129
211 130
211 131
211 132
211 133
210 134
210 135
210 136
210 137
210 138
210 139
210 140
210 141
210 142
210 143
210 144
210 145
210 146
210 147
210 148
210 149
210 150
209 151
209 152
209 153
209 154
209 155
209 156
209 157
209 158
209 159
208 160
208 161
208 162
208 163
208 164
208 165
208 166
207 167
207 168
207 169
207 170
207 171
207 172
208 173
208 174
209 175
210 176
211 176
212 177
213 177
214 177
215 177
216 177
217 177
218 177
219 177
220 177
221 177
222 178
223 178
224 179
225 179
226 179
227 179
228 178
229 178
230 178
231 178
232 179
233 179
234 179
235 179
236 180
237 180
238 181
239 181
240 181
241 181
242 180
243 180
244 180
245 180
246 181
247 181
248 181
249 181
250 182
251 182
252 183
253 183
254 183
255 184
255 185
255 186
254 187
254 188
254 189
254 190
254 191
254 192
253 193
253 194
252 195
252 196
251 197
251 198
250 199
250 200
249 201
249 202
249 203
249 204
249 205
248 206
248 207
248 208
248 209
248 210
248 211
248 212
248 213
248 214
248 215
248 216
248 217
248 218
248 219
247 220
247 221
246 222
246 223
246 224
246 225
246 226
246 227
246 228
246 229
246 230
246 231
245 232
245 233
244 234
244 235
244 236
244 237
244 238
244 239
244 240
243 241
243 242
242 243
242 244
242 245
242 246
242 247
242 248
242 249
241 250
241 251
240 252
240 253
240 254
240 255
240 256
240 257
239 258
239 259
238 260
238 261
238 262
238 263
237 264
237 265
236 266
236 267
236 268
236 269
237 270
236 271
235 272
235 273
234 274
234 275
234 276
234 277
235 278
234 279
233 280
233 281
232 282
232 283
232 284
232 285
231 286
231 287
230 288
230 289
230 290
230 291
231 292
230 293
229 294
229 295
228 296
228 297
228 298
228 299
229 300
228 301
227 302
227 303
226 304
226 305
226 306
226 307
227 308
226 309
225 310
225 311
224 312
224 313
224 314
224 315
223 316
223 317
222 318
222 319
222 320
222 321
221 322
221 323
220 324
220 325
220 326
220 327
219 328
219 329
218 330
218 331
218 332
217 333
217 334
216 335
216 336
216 337
216 338
215 339
215 340
215 341
215 342
214 343
214 344
214 345
213 346
213 347
213 348
213 349
212 350
212 351
212 352
212 353
212 354
212 355
212 356
211 357
211 358
211 359
211 360
211 361
211 362
211 363
211 364
211 365
211 366
211 367
211 368
211 369
211 370
211 371
211 372
211 373
211 374
211 375
211 376
211 377
210 378
210 379
210 380
210 381
210 382
210 383
210 384
210 385
209 386
209 387
209 388
209 389
209 390
209 391
209 392
209 393
209 394
209 395
209 396
210 397
210 398
211 399
211 400
211 401
211 402
211 403
212 404
212 405
213 406
213 407
214 408
215 409
216 409
217 410
218 410
219 410
220 410
221 411
221 412
222 413
223 414
224 414
225 415
226 415
227 415
228 415
229 414
230 414
231 413
232 412
233 411
233 410
234 409
234 408
234 407
234 406
235 405
236 405
237 404
238 403
238 402
239 401
239 400
240 399
241 398
242 397
242 396
243 395
243 394
243 393
243 392
244 391
245 390
246 389
246 388
247 387
247 386
247 385
247 384
246 383
247 382
248 381
248 380
249 379
249 378
249 377
249 376
248 375
248 374
248 373
249 372
250 371
250 370
251 369
251 368
251 367
251 366
250 365
250 364
251 363
251 362
252 361
252 360
253 359
253 358
253 357
253 356
253 355
253 354
253 353
253 352
252 351
252 350
253 349
253 348
253 347
253 346
252 345
252 344
251 343
251 342
252 341
252 340
253 339
253 338
253 337
253 336
252 335
252 334
252 333
252 332
253 331
253 330
253 329
253 328
252 327
252 326
252 325
252 324
253 323
253 322
253 321
253 320
252 319
252 318
252 317
252 316
253 315
253 314
253 313
253 312
253 311
253 310
253 309
252 308
252 307
252 306
252 305
253 304
253 303
253 302
253 301
252 300
253 299
254 298
254 297
255 296
255 295
255 294
255 293
254 292
254 291
254 290
254 289
255 288
255 287
255 286
255 285
254 284
255 283
255 282
255 281
255 280
255 279
256 278
256 277
257 276
257 275
257 274
257 273
258 272
258 271
258 270
258 269
258 268
259 267
259 266
259 265
259 264
259 263
260 262
260 261
260 260
260 259
261 258
261 257
261 256
261 255
261 254
261 253
262 252
263 251
263 250
264 249
264 248
264 247
264 246
265 245
265 244
266 243
266 242
266 241
266 240
267 239
267 238
267 237
267 236
268 235
268 234
269 233
269 232
269 231
269 230
270 229
270 228
271 227
271 226
271 225
271 224
272 223
272 222
272 221
273 220
273 219
273 218
273 217
273 216
274 215
274 214
274 213
274 212
275 211
275 210
275 209
275 208
276 207
276 206
277 205
277 204
277 203
277 202
277 201
277 200
277 199
277 198
278 197
278 196
278 195
278 194
278 193
279 192
279 191
280 190
281 190
282 191
283 191
284 191
285 191
286 192
287 192
288 193
289 193
290 193
291 193
292 192
293 193
294 194
295 194
296 195
297 195
298 195
299 195
300 195
301 195
302 196
303 196
304 197
305 197
306 197
307 197
308 197
309 198
310 198
311 198
312 199
313 199
314 199
315 199
316 199
317 200
318 200
319 200
320 200
321 200
322 200
323 200
324 200
325 200
326 200
327 199
328 199
329 198
330 197
330 196
331 195
331 194
331 193
331 192
332 191
332 190
332 189
332 188
332 187
332 186
332 185
333 184
333 183
334 182
334 181
334 180
334 179
335 178
335 177
336 176
336 175
336 174
336 173
335 172
336 171
337 170
337 169
338 168
338 167
338 166
338 165
338 164
338 163
338 162
338 161
338 160
338 159
337 158
338 157
339 156
339 155
340 154
340 153
340 152
340 151
339 150
339 149
339 148
339 147
340 146
340 145
340 144
340 143
339 142
339 141
339 140
339 139
340 138
340 137
340 136
340 135
339 134
339 133
339 132
340 131
341 130
341 129
342 128
342 127
342 126
342 125
341 124
341 123
341 122
341 121
342 120
342 119
342 118
342 117
342 116
342 115
342 114
343 113
343 112
344 111
344 110
344 109
344 108
344 107
344 106
344 105
345 104
345 103
346 102
346 101
346 100
346 99
347 98
347 97
347 96
347 95
347 94
347 93
347 92
347 91
347 90
347 89
348 88
348 87
348 86
349 85
349 84
349 83
350 82
351 81
352 80
352 79
353 78
353 77
353 76
353 75
353 74
352 73
352 72
351 71
350 70
349 70
348 69
347 69
346 69
345 69
344 69
343 70
342 70
341 71
340 72
340 73
339 74
339 75
338 76
338 77
337 78
337 79
336 80
336 81
335 82
335 83
335 84
334 85
334 86
334 87
334 88
334 89
334 90
334 91
334 92
334 93
334 94
334 95
334 96
333 97
333 98
333 99
333 100
333 101
333 102
332 103
332 104
331 105
331 106
331 107
331 108
331 109
331 110
331 111
330 112
330 113
329 114
329 115
329 116
329 117
329 118
329 119
329 120
330 121
330 122
330 123
330 124
329 125
329 126
329 127
329 128
330 129
330 130
330 131
329 132
328 133
328 134
327 135
327 136
327 137
327 138
328 139
328 140
328 141
328 142
327 143
327 144
327 145
327 146
328 147
328 148
328 149
328 150
327 151
327 152
327 153
327 154
328 155
327 156
326 157
326 158
325 159
325 160
325 161
325 162
325 163
325 164
325 165
325 166
325 167
325 168
326 169
325 170
324 171
324 172
323 173
323 174
323 175
323 176
322 177
322 178
321 179
321 180
321 181
321 182
320 183
320 184
319 185
318 186
317 186
316 186
315 186
314 186
313 185
312 185
311 185
310 184
309 184
308 184
307 184
306 184
305 184
304 184
303 183
302 183
301 182
300 182
299 182
298 182
297 182
296 182
295 183
294 182
293 181
292 181
291 180
290 180
289 180
288 180
287 179
288 178
289 177
289 176
290 175
290 174
291 173
291 172
292 171
292 170
293 169
293 168
293 167
293 166
293 165
293 164
293 163
294 162
294 161
294 160
294 159
294 158
294 157
294 156
294 155
294 154
295 153
295 152
296 151
296 150
296 149
296 148
296 147
296 146
296 145
296 144
296 143
297 142
297 141
298 140
298 139
298 138
298 137
298 136
298 135
299 134
299 133
300 132
300 131
301 130
301 129
301 128
301 127
302 126
302 125
302 124
303 123
303 122
303 121
303 120
303 119
303 118
303 117
303 116
304 115
304 114
304 113
304 112
304 111
304 110
304 109
304 108
304 107
304 106
305 105
305 104
306 103
306 102
306 101
306 100
306 99
306 98
306 97
307 96
307 95
307 94
307 93
307 92
307 91
307 90
306 89
306 88
306 87
306 86
306 85
306 84
306 83
305 82
305 81
305 80
304 79
304 78
303 77
302 76
301 76
300 75
299 75
298 75
297 75
296 76
295 76
294 77
293 78
293 79
292 80
292 81
292 82
292 83
292 84
292 85
293 86
293 87
293 88
293 89
293 90
293 91
294 92
294 93
294 94
293 95
293 96
293 97
293 98
293 99
293 100
293 101
293 102
293 103
292 104
292 105
291 106
291 107
291 108
291 109
291 110
291 111
291 112
291 113
290 114
290 115
290 116
290 117
290 118
290 119
290 120
289 121
289 122
289 123
289 124
288 125
288 126
288 127
288 128
287 129
287 130
287 131
287 132
286 133
286 134
285 135
285 136
285 137
285 138
285 139
285 140
284 141
284 142
283 143
283 144
283 145
283 146
283 147
283 148
283 149
283 150
283 151
282 152
282 153
281 154
281 155
281 156
281 157
281 158
281 159
280 160
280 161
280 162
280 163
280 164
280 165
280 166
279 167
279 168
278 169
277 170
276 171
275 172
274 173
273 174
273 175
272 176
271 175
270 175
269 174
268 174
267 174
266 174
265 173
264 173
263 172
262 172
261 172
260 172
259 173
258 172
257 171
256 171
255 170
254 169
254 168
254 167
254 166
254 165
254 164
254 163
254 162
254 161
254 160
254 159
254 158
254 157
254 156
254 155
254 154
254 153
254 152
255 151
255 150
255 149
255 148
255 147
255 146
255 145
255 144
256 143
256 142
257 141
257 140
257 139
257 138
257 137
257 136
257 135
257 134
258 133
258 132
258 131
258 130
258 129
258 128
258 127
259 126
259 125
259 124
259 123
259 122
259 121
259 120
260 119
260 118
261 117
261 116
261 115
261 114
262 113
262 112
263 111
263 110
263 109
263 108
264 107
264 106
265 105
265 104
265 103
265 102
266 101
266 100
267 99
267 98
267 97
267 96
268 95
268 94
269 93
269 92
269 91
269 90
269 89
269 88
269 87
270 86
270 85
271 84
271 83
271 82
271 81
271 80
271 79
271 78
270 77
270 76
269 75
268 74
267 74
266 73
265 73
264 73
263 73
262 74
261 74
260 75
259 76
259 77
258 78
258 79
258 80
258 81
258 82
258 83
258 84
257 85
257 86
256 87
256 88
256 89
256 90
256 91
256 92
256 93
255 94
255 95
254 96
254 97
254 98
254 99
253 100
253 101
252 102
252 103
252 104
252 105
251 106
251 107
250 108
250 109
250 110
250 111
249 112
249 113
248 114
248 115
248 116
248 117
247 118
247 119
246 120
246 121
246 122
246 123
245 124
245 125
245 126
245 127
245 128
245 129
245 130
244 131
244 132
244 133
244 134
244 135
244 136
244 137
244 138
244 139
244 140
244 141
243 142
243 143
242 144
242 145
242 146
242 147
242 148
242 149
241 150
241 151
241 152
241 153
241 154
241 155
241 156
241 157
241 158
241 159
241 160
241 161
241 162
241 163
241 164
241 165
241 166
240 167
239 168
238 168
237 167
236 167
235 166
234 166
233 166
232 166
231 167
230 167
229 167
228 167
227 166
226 166
225 166
224 166
223 165
222 165
221 164
221 163
221 162
222 161
222 160
222 159
222 158
222 157
222 156
222 155
222 154
223 153
223 152
223 151
223 150
223 149
223 148
223 147
223 146
223 145
223 144
223 143
223 142
223 141
223 140
223 139
223 138
223 137
223 136
224 135
224 134
224 133
224 132
224 131
224 130
224 129
224 128
224 127
224 126
224 125
224 124
224 123
224 122
224 121
224 120
224 119
224 118
224 117
224 116
224 115
224 114
224 113
224 112
224 111
224 110
224 109
224 108
224 107
224 106
224 105
224 104
224 103
224 102
224 101
223 100
223 99
223 98
223 97
223 96
223 95
223 94
223 93
223 92
223 91
223 90
223 89
223 88
223 87
223 86
223 85
223 84
223 83
223 82
223 81
223 80
223 79
223 78
223 77
223 76
223 75
223 74
223 73
223 72
222 71
222 70
221 69
220 68
219 68
218 67
217 67
216 67
