236 23
236 24
235 25
234 25
233 25
232 26
232 27
231 28
230 28
230 29
230 30
229 31
228 31
228 32
228 33
227 34
227 35
227 36
227 37
227 38
227 39
227 40
227 41
227 42
227 43
227 44
227 45
227 46
227 47
227 48
227 49
227 50
227 51
227 52
227 53
227 54
226 55
225 55
225 56
225 57
225 58
225 59
225 60
225 61
225 62
225 63
225 64
225 65
225 66
225 67
225 68
225 69
225 70
225 71
225 72
225 73
224 74
224 75
224 76
224 77
224 78
224 79
224 80
224 81
224 82
224 83
224 84
224 85
224 86
224 87
224 88
224 89
224 90
224 91
224 92
224 93
224 94
224 95
224 96
224 97
224 98
224 99
224 100
224 101
224 102
224 103
224 104
224 105
224 106
224 107
224 108
224 109
224 110
224 111
224 112
224 113
224 114
224 115
224 116
224 117
223 118
222 118
222 119
222 120
222 121
222 122
222 123
222 124
222 125
222 126
221 127
220 127
220 128
220 129
220 130
220 131
220 132
220 133
220 134
219 135
219 136
219 137
219 138
219 139
219 140
219 141
218 142
217 142
217 143
217 144
217 145
217 146
217 147
216 148
216 149
216 150
216 151
216 152
215 153
214 153
214 154
214 155
213 156
212 156
212 157
212 158
211 159
211 160
211 161
211 162
211 163
210 164
209 164
209 165
209 166
208 167
208 168
208 169
208 170
207 171
206 171
205 172
204 172
204 173
204 174
203 175
203 176
203 177
203 178
202 179
201 179
200 180
200 181
199 182
198 182
198 183
198 184
197 185
196 185
196 186
196 187
195 188
195 189
194 190
193 190
192 191
192 192
191 193
190 193
190 194
189 195
188 195
187 196
187 197
186 198
185 198
184 198
184 199
183 200
182 200
181 201
180 201
179 201
178 200
178 199
178 198
178 197
178 196
178 195
178 194
178 193
178 192
178 191
179 190
179 189
179 188
179 187
179 186
179 185
179 184
179 183
180 182
181 182
181 181
181 180
181 179
181 178
181 177
182 176
183 176
183 175
183 174
183 173
183 172
183 171
183 170
183 169
183 168
183 167
183 166
184 165
184 164
184 163
184 162
184 161
184 160
184 159
184 158
184 157
184 156
184 155
184 154
184 153
184 152
184 151
185 150
186 150
186 149
186 148
186 147
186 146
186 145
186 144
186 143
186 142
186 141
186 140
186 139
187 138
187 137
187 136
187 135
187 134
187 133
187 132
187 131
187 130
188 129
189 129
189 128
189 127
189 126
189 125
189 124
189 123
189 122
190 121
191 121
191 120
191 119
191 118
191 117
191 116
191 115
191 114
191 113
192 112
192 111
192 110
192 109
192 108
192 107
192 106
192 105
191 104
191 103
191 102
190 102
189 101
189 100
190 99
191 99
191 98
192 97
192 96
192 95
193 94
194 94
194 93
194 92
194 91
194 90
195 89
195 88
195 87
195 86
195 85
195 84
195 83
195 82
195 81
195 80
195 79
195 78
196 77
197 77
197 76
197 75
197 74
197 73
197 72
197 71
197 70
197 69
197 68
197 67
197 66
197 65
197 64
197 63
197 62
197 61
197 60
197 59
197 58
197 57
198 56
199 56
199 55
199 54
199 53
199 52
199 51
199 50
199 49
199 48
199 47
199 46
199 45
199 44
199 43
199 42
199 41
199 40
199 39
199 38
199 37
198 37
197 36
197 35
197 34
196 34
195 33
194 32
194 31
193 31
192 31
191 30
191 29
190 29
189 29
188 29
187 29
186 29
185 29
185 30
184 31
183 31
182 31
182 32
181 33
180 33
179 34
179 35
179 36
178 37
177 37
177 38
177 39
177 40
177 41
177 42
177 43
177 44
177 45
177 46
177 47
177 48
177 49
177 50
177 51
176 52
175 52
175 53
175 54
175 55
175 56
175 57
175 58
175 59
175 60
175 61
175 62
175 63
175 64
175 65
175 66
175 67
175 68
175 69
175 70
175 71
175 72
174 73
174 74
174 75
174 76
174 77
174 78
174 79
174 80
174 81
174 82
174 83
174 84
174 85
174 86
173 87
172 87
172 88
172 89
172 90
172 91
172 92
172 93
172 94
173 94
174 95
174 96
174 97
175 98
175 99
174 100
174 101
173 102
172 102
172 103
172 104
171 105
171 106
171 107
170 108
169 108
169 109
169 110
169 111
169 112
169 113
169 114
169 115
169 116
169 117
168 118
167 118
167 119
167 120
167 121
167 122
167 123
167 124
167 125
166 126
166 127
166 128
166 129
166 130
166 131
166 132
166 133
166 134
165 135
164 135
164 136
164 137
164 138
164 139
164 140
164 141
164 142
164 143
164 144
164 145
164 146
163 147
163 148
163 149
163 150
163 151
163 152
163 153
163 154
163 155
163 156
163 157
163 158
163 159
163 160
162 161
161 161
161 162
161 163
161 164
161 165
161 166
161 167
161 168
161 169
161 170
161 171
160 172
159 172
159 173
159 174
159 175
159 176
159 177
159 178
158 179
158 180
158 181
158 182
158 183
158 184
158 185
158 186
157 187
156 187
156 188
156 189
156 190
156 191
156 192
156 193
156 194
156 195
156 196
156 197
156 198
156 199
156 200
156 201
156 202
156 203
155 204
155 205
154 206
153 206
153 207
152 208
151 208
150 209
149 209
148 209
147 209
146 209
145 209
144 209
143 209
142 209
141 209
140 209
139 208
139 207
139 206
139 205
139 204
139 203
139 202
139 201
139 200
139 199
139 198
139 197
139 196
139 195
138 194
138 193
138 192
138 191
138 190
138 189
138 188
138 187
138 186
138 185
138 184
138 183
138 182
138 181
138 180
138 179
138 178
138 177
138 176
138 175
138 174
138 173
138 172
138 171
138 170
138 169
138 168
138 167
139 166
139 165
139 164
139 163
139 162
139 161
139 160
139 159
139 158
139 157
139 156
139 155
139 154
139 153
140 152
141 152
141 151
141 150
141 149
141 148
141 147
141 146
141 145
141 144
141 143
141 142
141 141
141 140
141 139
141 138
141 137
141 136
141 135
141 134
141 133
141 132
141 131
141 130
141 129
141 128
141 127
141 126
141 125
141 124
141 123
141 122
141 121
141 120
141 119
141 118
141 117
141 116
141 115
141 114
141 113
141 112
141 111
141 110
141 109
141 108
142 107
142 106
142 105
142 104
142 103
142 102
142 101
142 100
142 99
142 98
142 97
142 96
142 95
143 94
144 94
144 93
144 92
144 91
144 90
144 89
144 88
144 87
144 86
144 85
144 84
144 83
144 82
144 81
144 80
144 79
144 78
144 77
144 76
144 75
144 74
144 73
144 72
144 71
144 70
145 69
146 69
146 68
146 67
146 66
146 65
146 64
146 63
146 62
146 61
146 60
146 59
146 58
146 57
146 56
146 55
146 54
146 53
146 52
146 51
146 50
146 49
146 48
146 47
146 46
146 45
146 44
146 43
146 42
146 41
146 40
146 39
145 39
144 38
144 37
144 36
143 36
142 35
142 34
141 33
140 33
139 33
138 32
138 31
137 31
136 31
135 31
134 31
133 31
132 31
132 32
131 33
130 33
129 33
128 34
127 34
127 35
126 36
126 37
126 38
125 39
124 39
124 40
124 41
124 42
124 43
124 44
124 45
124 46
124 47
124 48
124 49
124 50
124 51
124 52
124 53
124 54
124 55
124 56
124 57
124 58
124 59
124 60
124 61
124 62
124 63
124 64
123 65
123 66
123 67
123 68
123 69
123 70
123 71
123 72
123 73
123 74
123 75
123 76
123 77
123 78
123 79
123 80
123 81
123 82
123 83
123 84
123 85
123 86
123 87
123 88
122 89
121 89
121 90
121 91
121 92
121 93
121 94
121 95
121 96
121 97
121 98
121 99
121 100
121 101
121 102
120 103
119 103
119 104
119 105
119 106
119 107
119 108
119 109
119 110
119 111
119 112
119 113
119 114
119 115
119 116
119 117
119 118
119 119
119 120
119 121
119 122
119 123
119 124
119 125
119 126
119 127
119 128
119 129
119 130
119 131
119 132
119 133
119 134
119 135
119 136
119 137
119 138
119 139
119 140
119 141
119 142
119 143
119 144
119 145
119 146
119 147
118 148
118 149
118 150
118 151
118 152
118 153
118 154
118 155
118 156
118 157
118 158
118 159
118 160
118 161
118 162
117 163
116 163
116 164
116 165
116 166
116 167
116 168
116 169
116 170
116 171
116 172
116 173
116 174
116 175
116 176
116 177
116 178
116 179
116 180
116 181
116 182
116 183
116 184
116 185
116 186
116 187
116 188
116 189
116 190
116 191
116 192
116 193
116 194
116 195
116 196
116 197
116 198
116 199
116 200
117 200
118 201
118 202
117 203
116 203
115 203
114 203
113 202
113 201
112 200
111 200
110 199
110 198
109 198
108 198
107 197
107 196
106 196
105 195
104 194
104 193
103 193
102 192
102 191
101 190
100 190
99 190
98 190
97 189
97 188
96 188
95 188
94 187
93 186
93 185
93 184
93 183
92 183
91 182
90 182
89 181
89 180
88 179
88 178
88 177
87 177
86 176
86 175
85 174
85 173
85 172
85 171
84 171
83 170
83 169
83 168
83 167
83 166
82 166
81 165
81 164
81 163
81 162
81 161
81 160
81 159
81 158
80 157
80 156
80 155
80 154
80 153
80 152
80 151
80 150
80 149
80 148
80 147
80 146
80 145
80 144
80 143
80 142
80 141
80 140
80 139
80 138
80 137
80 136
80 135
80 134
80 133
80 132
80 131
80 130
80 129
80 128
80 127
80 126
80 125
80 124
80 123
80 122
80 121
80 120
80 119
80 118
80 117
80 116
80 115
80 114
80 113
81 112
81 111
81 110
81 109
81 108
81 107
81 106
81 105
81 104
81 103
81 102
81 101
81 100
81 99
81 98
81 97
81 96
81 95
81 94
82 93
83 93
83 92
83 91
83 90
83 89
83 88
83 87
83 86
83 85
83 84
83 83
83 82
83 81
83 80
83 79
83 78
83 77
83 76
83 75
83 74
83 73
83 72
83 71
83 70
83 69
83 68
83 67
83 66
83 65
83 64
83 63
83 62
83 61
83 60
83 59
83 58
83 57
84 56
85 56
85 55
85 54
85 53
85 52
85 51
85 50
85 49
85 48
85 47
85 46
85 45
85 44
85 43
85 42
85 41
85 40
85 39
85 38
85 37
84 37
83 36
83 35
83 34
82 34
81 33
80 32
80 31
79 31
78 31
77 30
77 29
76 29
75 29
74 29
73 29
72 29
71 29
71 30
70 31
69 31
68 31
68 32
67 33
66 33
65 34
65 35
65 36
64 37
63 37
63 38
63 39
63 40
63 41
63 42
63 43
63 44
63 45
63 46
63 47
63 48
63 49
63 50
63 51
62 52
62 53
62 54
62 55
62 56
62 57
62 58
62 59
62 60
62 61
62 62
62 63
62 64
62 65
62 66
62 67
62 68
62 69
62 70
62 71
62 72
62 73
62 74
62 75
62 76
62 77
62 78
62 79
62 80
62 81
62 82
62 83
62 84
62 85
62 86
62 87
62 88
61 89
60 89
60 90
60 91
60 92
60 93
60 94
60 95
60 96
60 97
60 98
60 99
60 100
60 101
60 102
60 103
60 104
60 105
60 106
60 107
59 108
58 108
58 109
58 110
58 111
58 112
58 113
58 114
58 115
58 116
58 117
58 118
58 119
58 120
58 121
58 122
58 123
58 124
58 125
58 126
58 127
58 128
58 129
58 130
58 131
58 132
58 133
58 134
58 135
58 136
58 137
58 138
58 139
58 140
58 141
58 142
58 143
58 144
58 145
58 146
58 147
58 148
58 149
58 150
58 151
58 152
58 153
58 154
58 155
58 156
58 157
58 158
58 159
58 160
58 161
58 162
59 162
60 163
60 164
60 165
60 166
60 167
60 168
60 169
60 170
61 170
62 171
62 172
62 173
62 174
63 175
63 176
63 177
63 178
63 179
64 179
65 180
65 181
65 182
66 183
66 184
66 185
66 186
67 186
68 187
68 188
68 189
69 189
70 190
71 191
71 192
72 192
73 193
73 194
74 195
74 196
74 197
75 197
76 198
76 199
77 199
78 200
78 201
78 202
79 203
80 203
81 204
81 205
82 206
82 207
83 207
84 208
85 208
86 209
86 210
87 210
88 210
89 211
90 211
91 211
92 212
92 213
93 213
94 214
94 215
94 216
95 217
95 218
96 218
97 219
98 220
98 221
99 221
100 222
100 223
101 223
102 223
103 224
104 224
105 224
106 225
106 226
107 226
108 226
109 226
110 227
111 227
112 227
113 228
113 229
114 229
115 229
116 230
116 231
116 232
116 233
116 234
116 235
116 236
116 237
116 238
116 239
116 240
116 241
116 242
116 243
116 244
116 245
116 246
116 247
116 248
116 249
116 250
116 251
116 252
116 253
116 254
116 255
116 256
117 256
118 257
118 258
118 259
118 260
118 261
118 262
118 263
117 264
116 264
116 265
116 266
116 267
116 268
116 269
116 270
116 271
116 272
115 273
114 273
114 274
114 275
114 276
114 277
114 278
114 279
113 280
113 281
113 282
113 283
113 284
113 285
113 286
113 287
112 288
111 288
111 289
111 290
111 291
111 292
111 293
110 294
110 295
110 296
110 297
110 298
110 299
110 300
110 301
109 302
108 302
108 303
108 304
108 305
108 306
108 307
108 308
108 309
108 310
108 311
108 312
108 313
108 314
108 315
108 316
107 317
106 317
106 318
106 319
106 320
106 321
106 322
106 323
106 324
106 325
106 326
106 327
106 328
106 329
106 330
106 331
106 332
106 333
106 334
106 335
106 336
106 337
106 338
106 339
106 340
106 341
106 342
106 343
106 344
106 345
106 346
106 347
106 348
106 349
106 350
106 351
106 352
106 353
107 353
108 354
108 355
108 356
108 357
108 358
108 359
108 360
108 361
108 362
108 363
108 364
108 365
108 366
108 367
108 368
108 369
108 370
108 371
108 372
108 373
108 374
108 375
108 376
108 377
108 378
108 379
108 380
108 381
108 382
108 383
108 384
108 385
108 386
108 387
108 388
108 389
108 390
108 391
108 392
108 393
108 394
108 395
108 396
108 397
108 398
108 399
108 400
108 401
108 402
108 403
108 404
108 405
108 406
108 407
108 408
108 409
108 410
108 411
108 412
108 413
108 414
108 415
108 416
108 417
108 418
108 419
108 420
108 421
108 422
108 423
108 424
108 425
108 426
108 427
108 428
107 429
106 429
106 430
106 431
106 432
106 433
106 434
106 435
106 436
106 437
106 438
106 439
105 440
105 441
105 442
105 443
105 444
105 445
105 446
105 447
105 448
105 449
105 450
105 451
105 452
105 453
105 454
105 455
105 456
105 457
105 458
105 459
105 460
105 461
105 462
105 463
105 464
105 465
105 466
105 467
105 468
105 469
105 470
105 471
105 472
105 473
105 474
105 475
105 476
105 477
105 478
105 479
105 480
105 481
105 482
105 483
105 484
105 485
105 486
105 487
105 488
105 489
105 490
105 491
105 492
105 493
105 494
105 495
105 496
105 497
105 498
105 499
105 500
105 501
105 502
105 503
105 504
105 505
105 506
105 507
105 508
105 509
105 510
105 511
105 512
105 513
105 514
105 515
105 516
105 517
105 518
105 519
105 520
105 521
105 522
105 523
105 524
105 525
105 526
105 527
105 528
105 529
105 530
105 531
105 532
105 533
105 534
105 535
105 536
105 537
104 538
103 538
103 539
103 540
103 541
103 542
103 543
103 544
103 545
103 546
103 547
103 548
103 549
103 550
102 551
102 552
102 553
102 554
102 555
102 556
102 557
102 558
102 559
102 560
102 561
102 562
102 563
102 564
102 565
102 566
101 567
100 567
100 568
100 569
100 570
100 571
100 572
100 573
100 574
100 575
100 576
100 577
100 578
100 579
100 580
100 581
100 582
100 583
100 584
100 585
100 586
100 587
100 588
100 589
100 590
101 590
102 591
102 592
102 593
102 594
102 595
102 596
102 597
102 598
103 599
103 600
104 600
105 601
106 602
106 603
107 603
108 604
108 605
109 605
110 606
111 607
111 608
112 608
113 608
114 609
115 609
116 609
117 609
118 609
119 609
120 609
121 609
122 609
123 608
124 608
125 608
125 607
126 606
127 605
128 605
128 604
129 603
130 603
130 602
131 601
131 600
131 599
132 598
133 598
133 597
133 596
134 595
134 594
134 593
135 592
136 592
136 591
136 590
136 589
136 588
136 587
136 586
136 585
136 584
136 583
136 582
136 581
136 580
136 579
136 578
136 577
135 577
134 576
134 575
134 574
134 573
134 572
134 571
134 570
134 569
134 568
134 567
134 566
134 565
134 564
134 563
134 562
134 561
135 560
136 560
136 559
136 558
136 557
136 556
136 555
136 554
136 553
137 552
138 552
138 551
138 550
138 549
138 548
138 547
138 546
138 545
139 544
139 543
139 542
139 541
139 540
139 539
139 538
140 537
141 537
141 536
141 535
141 534
141 533
141 532
142 531
142 530
142 529
142 528
142 527
143 526
144 526
144 525
144 524
144 523
144 522
145 521
146 521
146 520
146 519
146 518
146 517
146 516
147 515
147 514
147 513
147 512
147 511
148 510
149 510
149 509
149 508
150 507
150 506
150 505
150 504
150 503
150 502
150 501
151 500
152 500
152 499
152 498
152 497
152 496
153 495
154 495
154 494
154 493
154 492
154 491
154 490
154 489
154 488
154 487
154 486
154 485
155 484
155 483
155 482
155 481
155 480
155 479
156 478
157 478
157 477
157 476
157 475
157 474
157 473
157 472
157 471
157 470
157 469
158 468
158 467
158 466
158 465
158 464
158 463
159 462
160 462
160 461
160 460
160 459
160 458
160 457
160 456
160 455
160 454
160 453
160 452
160 451
160 450
160 449
160 448
160 447
160 446
160 445
161 444
162 444
162 443
162 442
163 441
163 440
163 439
163 438
163 437
163 436
163 435
164 434
165 434
165 433
165 432
165 431
165 430
165 429
165 428
165 427
165 426
165 425
165 424
165 423
166 422
166 421
166 420
166 419
166 418
166 417
166 416
166 415
166 414
166 413
167 412
168 412
168 411
168 410
168 409
168 408
168 407
168 406
168 405
168 404
168 403
168 402
169 401
170 401
170 400
170 399
170 398
170 397
170 396
170 395
170 394
170 393
170 392
170 391
170 390
170 389
170 388
170 387
170 386
170 385
170 384
170 383
170 382
170 381
170 380
170 379
170 378
171 377
171 376
171 375
171 374
171 373
171 372
171 371
171 370
171 369
171 368
171 367
171 366
171 365
171 364
171 363
171 362
171 361
171 360
172 359
173 359
173 358
173 357
173 356
173 355
173 354
173 353
173 352
173 351
173 350
173 349
173 348
173 347
173 346
173 345
173 344
173 343
173 342
173 341
174 340
174 339
174 338
174 337
174 336
174 335
174 334
174 333
174 332
174 331
174 330
174 329
174 328
174 327
174 326
174 325
174 324
174 323
175 322
176 322
176 321
176 320
176 319
176 318
176 317
177 316
178 316
178 315
178 314
178 313
178 312
178 311
178 310
178 309
178 308
178 307
178 306
178 305
178 304
179 303
179 302
179 301
179 300
179 299
179 298
179 297
179 296
180 295
181 295
181 294
181 293
181 292
181 291
181 290
181 289
181 288
181 287
181 286
181 285
182 284
183 284
183 283
183 282
183 281
183 280
183 279
183 278
183 277
183 276
183 275
184 274
184 273
184 272
184 271
184 270
184 269
184 268
184 267
184 266
184 265
184 264
185 263
186 263
186 262
186 261
186 260
186 259
186 258
186 257
186 256
186 255
186 254
186 253
186 252
186 251
186 250
186 249
186 248
186 247
186 246
186 245
186 244
186 243
186 242
186 241
186 240
186 239
186 238
186 237
186 236
186 235
186 234
186 233
186 232
186 231
186 230
186 229
186 228
186 227
186 226
186 225
186 224
187 223
187 222
188 221
189 221
189 220
190 219
191 219
192 219
193 218
194 218
194 217
195 216
196 216
197 216
198 215
199 215
199 214
200 213
200 212
201 211
202 211
203 211
204 210
205 210
205 209
206 208
207 208
208 207
208 206
209 205
210 205
210 204
211 203
211 202
211 201
212 200
213 200
214 199
215 199
215 198
215 197
215 196
216 195
217 194
218 194
218 193
219 192
219 191
219 190
220 189
221 189
221 188
221 187
222 186
223 186
223 185
223 184
223 183
224 182
225 181
226 181
226 180
226 179
227 178
227 177
227 176
227 175
228 174
229 174
229 173
229 172
230 171
231 171
231 170
231 169
232 168
232 167
232 166
233 165
234 165
234 164
234 163
235 162
235 161
235 160
235 159
235 158
236 157
237 157
237 156
237 155
237 154
237 153
238 152
239 152
239 151
239 150
239 149
239 148
239 147
240 146
240 145
240 144
240 143
240 142
240 141
240 140
241 139
242 139
242 138
242 137
242 136
242 135
242 134
242 133
242 132
243 131
244 131
244 130
244 129
244 128
244 127
244 126
244 125
244 124
244 123
244 122
245 121
245 120
245 119
245 118
245 117
245 116
245 115
245 114
245 113
245 112
245 111
245 110
245 109
245 108
245 107
245 106
245 105
245 104
245 103
245 102
245 101
245 100
245 99
245 98
245 97
245 96
245 95
245 94
245 93
245 92
245 91
245 90
245 89
245 88
245 87
245 86
245 85
245 84
245 83
245 82
245 81
245 80
245 79
246 78
247 78
247 77
247 76
247 75
247 74
247 73
247 72
247 71
247 70
247 69
247 68
247 67
247 66
247 65
247 64
247 63
247 62
247 61
248 60
248 59
248 58
248 57
248 56
248 55
248 54
248 53
248 52
248 51
248 50
248 49
248 48
248 47
248 46
248 45
249 44
250 44
250 43
250 42
250 41
250 40
250 39
250 38
250 37
250 36
250 35
250 34
250 33
250 32
250 31
249 31
248 30
248 29
248 28
247 27
247 26
246 26
245 25
244 25
243 25
242 24
242 23
241 23
240 23
239 23
238 23
237 23
