174 121
173 122
172 122
171 123
170 123
169 123
168 123
167 123
166 123
165 123
164 123
163 123
162 123
161 123
160 123
159 123
158 123
157 123
156 123
155 124
154 124
153 125
152 125
151 125
150 125
149 125
148 125
147 125
146 125
145 126
144 126
143 127
142 127
141 128
140 129
139 130
139 131
138 132
138 133
138 134
138 135
139 136
139 137
140 138
141 139
142 139
143 140
144 140
145 140
146 140
147 140
148 139
149 139
150 138
151 138
152 138
153 138
154 137
155 137
156 136
157 136
158 136
159 136
160 136
161 136
162 136
163 136
164 136
165 136
166 136
167 136
168 136
169 136
170 136
171 136
172 135
173 135
174 134
175 134
176 134
177 134
178 134
179 134
180 134
181 134
182 134
183 134
184 134
185 134
186 134
187 134
188 134
189 134
190 134
191 134
192 134
193 134
194 134
195 134
196 134
197 134
198 134
199 134
200 135
201 135
202 135
203 135
204 135
205 135
206 135
207 135
208 135
209 135
210 135
211 135
212 135
213 135
214 135
215 135
216 135
217 135
218 135
219 134
220 134
221 134
222 134
223 134
224 134
225 134
226 134
227 134
228 134
229 134
230 134
231 134
232 134
233 134
234 134
235 134
236 134
237 134
238 134
239 134
240 135
241 135
242 136
243 136
244 137
245 137
246 138
247 139
248 140
248 141
248 142
249 143
249 144
249 145
250 146
250 147
250 148
251 149
251 150
251 151
251 152
251 153
252 154
252 155
252 156
252 157
253 158
253 159
253 160
254 161
254 162
254 163
255 164
255 165
256 166
256 167
257 168
257 169
258 170
258 171
259 172
259 173
259 174
259 175
258 176
257 176
256 176
255 176
254 175
253 175
252 175
251 175
250 175
249 175
248 175
247 175
246 175
245 175
244 174
243 174
242 174
241 174
240 174
239 174
238 174
237 174
236 174
235 174
234 174
233 174
232 174
231 174
230 174
229 174
228 174
227 174
226 174
225 174
224 174
223 174
222 174
221 174
220 174
219 174
218 174
217 174
216 174
215 174
214 174
213 174
212 174
211 174
210 174
209 174
208 174
207 175
206 175
205 175
204 175
203 175
202 175
201 175
200 175
199 175
198 175
197 175
196 175
195 175
194 175
193 175
192 175
191 175
190 175
189 175
188 175
187 175
186 175
185 175
184 175
183 175
182 175
181 175
180 175
179 175
178 175
177 175
176 175
175 175
174 175
173 175
172 175
171 175
170 175
169 175
168 175
167 175
166 175
165 175
164 175
163 175
162 175
161 175
160 175
159 175
158 175
157 175
156 175
155 175
154 175
153 175
152 175
151 175
150 175
149 175
148 175
147 175
146 176
145 176
144 177
143 178
143 179
142 180
142 181
142 182
142 183
143 184
143 185
144 186
145 187
146 187
147 188
148 188
149 188
150 188
151 188
152 188
153 188
154 188
155 188
156 188
157 188
158 188
159 188
160 188
161 188
162 188
163 188
164 188
165 188
166 188
167 188
168 188
169 188
170 188
171 188
172 188
173 188
174 188
175 188
176 188
177 188
178 188
179 188
180 188
181 188
182 188
183 188
184 188
185 188
186 188
187 188
188 188
189 188
190 188
191 188
192 188
193 188
194 188
195 188
196 188
197 188
198 188
199 188
200 188
201 188
202 188
203 188
204 188
205 188
206 188
207 188
208 188
209 188
210 188
211 187
212 187
213 187
214 188
215 188
216 188
217 188
218 187
219 187
220 187
221 187
222 187
223 187
224 187
225 187
226 187
227 187
228 188
229 188
230 188
231 188
232 187
233 187
234 187
235 187
236 187
237 187
238 187
239 187
240 188
241 188
242 188
243 188
244 188
245 188
246 188
247 188
248 189
249 189
250 190
251 190
252 190
253 190
254 189
255 189
256 189
257 189
258 189
259 189
260 190
261 190
262 190
263 190
264 191
264 192
264 193
265 194
265 195
265 196
265 197
266 198
266 199
266 200
266 201
266 202
267 203
267 204
267 205
267 206
267 207
267 208
267 209
267 210
267 211
267 212
267 213
267 214
267 215
267 216
267 217
267 218
267 219
267 220
266 221
265 221
264 221
263 221
262 221
261 221
260 221
259 221
258 221
257 221
256 221
255 221
254 221
253 221
252 221
251 221
250 221
249 221
248 221
247 221
246 221
245 221
244 221
243 221
242 221
241 221
240 221
239 221
238 221
237 221
236 221
235 221
234 221
233 221
232 221
231 221
230 221
229 221
228 221
227 221
226 221
225 221
224 221
223 221
222 221
221 221
220 221
219 221
218 221
217 221
216 221
215 221
214 221
213 221
212 221
211 221
210 221
209 221
208 221
207 221
206 221
205 221
204 221
203 221
202 220
201 220
200 220
199 220
198 220
197 220
196 220
195 220
194 220
193 220
192 220
191 220
190 220
189 220
188 220
187 220
186 220
185 220
184 220
183 220
182 220
181 220
180 220
179 220
178 220
177 220
176 220
175 220
174 220
173 220
172 220
171 220
170 220
169 220
168 221
167 221
166 221
165 221
164 221
163 221
162 221
161 221
160 221
159 221
158 222
157 222
156 222
155 222
154 223
153 223
152 223
151 223
150 224
149 224
148 224
147 225
146 225
145 226
144 227
144 228
143 229
143 230
143 231
143 232
144 233
144 234
145 235
146 236
147 236
148 237
149 237
150 237
151 237
152 237
153 237
154 236
155 236
156 236
157 235
158 235
159 235
160 235
161 234
162 234
163 234
164 234
165 234
166 234
167 234
168 234
169 234
170 234
171 234
172 233
173 233
174 233
175 233
176 233
177 233
178 233
179 233
180 233
181 233
182 233
183 233
184 233
185 233
186 233
187 233
188 233
189 233
190 233
191 233
192 233
193 233
194 233
195 233
196 233
197 233
198 233
199 233
200 233
201 234
202 234
203 234
204 234
205 234
206 234
207 234
208 234
209 234
210 234
211 234
212 234
213 234
214 234
215 234
216 234
217 234
218 234
219 234
220 234
221 234
222 234
223 234
224 234
225 234
226 234
227 234
228 234
229 234
230 234
231 234
232 234
233 234
234 234
235 234
236 234
237 234
238 234
239 234
240 234
241 234
242 234
243 234
244 234
245 234
246 234
247 234
248 234
249 234
250 234
251 234
252 234
253 234
254 234
255 234
256 234
257 234
258 234
259 234
260 234
261 234
262 234
263 234
264 235
264 236
263 237
263 238
263 239
262 240
262 241
261 242
261 243
261 244
260 245
260 246
260 247
259 248
259 249
258 250
258 251
258 252
257 253
257 254
256 255
256 256
255 257
255 258
255 259
254 260
254 261
254 262
254 263
253 264
253 265
253 266
252 267
252 268
252 269
251 270
251 271
251 272
250 273
250 274
250 275
249 276
248 277
248 278
247 279
246 280
245 281
244 282
244 283
243 284
242 285
241 286
241 287
240 288
239 289
238 290
238 291
237 292
236 293
235 294
234 294
233 294
232 294
231 294
230 294
229 294
228 294
227 294
226 294
225 294
224 294
223 294
222 294
221 294
220 294
219 294
218 294
217 294
216 294
215 294
214 294
213 294
212 294
211 294
210 294
209 294
208 294
207 294
206 294
205 294
204 294
203 294
202 294
201 294
200 294
199 294
198 294
197 294
196 294
195 294
194 294
193 293
192 293
191 293
190 293
189 293
188 293
187 293
186 293
185 293
184 293
183 293
182 293
181 293
180 293
179 293
178 293
177 293
176 293
175 293
174 293
173 293
172 293
171 293
170 293
169 293
168 293
167 293
166 293
165 293
164 293
163 293
162 292
161 292
160 291
159 291
158 291
157 291
156 291
155 291
154 291
153 291
152 291
151 291
150 291
149 291
148 291
147 291
146 292
145 292
144 293
143 294
143 295
142 296
142 297
142 298
142 299
143 300
143 301
144 302
145 303
146 303
147 304
148 304
149 304
150 304
151 304
152 304
153 304
154 304
155 304
156 304
157 304
158 304
159 304
160 304
161 305
162 305
163 306
164 306
165 306
166 306
167 306
168 306
169 306
170 306
171 306
172 306
173 306
174 306
175 306
176 306
177 306
178 306
179 306
180 306
181 306
182 306
183 306
184 306
185 306
186 306
187 306
188 306
189 306
190 306
191 306
192 307
193 307
194 307
195 307
196 307
197 307
198 307
199 307
200 307
201 307
202 307
203 307
204 307
205 307
206 307
207 307
208 307
209 307
210 307
211 307
212 307
213 307
214 307
215 307
216 307
217 307
218 307
219 307
220 307
221 307
222 307
223 307
224 307
225 307
226 307
227 307
228 307
229 307
230 307
231 307
232 307
233 307
234 307
235 308
236 308
237 309
238 309
239 309
240 309
241 308
242 308
243 308
244 308
245 308
246 307
247 307
248 306
249 305
249 304
250 303
250 302
250 301
250 300
250 299
249 298
250 297
251 297
252 296
253 295
254 294
255 293
255 292
256 291
256 290
257 289
257 288
258 287
259 286
259 285
260 284
260 283
261 282
262 281
262 280
263 279
264 278
264 277
265 276
266 275
266 274
267 273
267 272
268 271
269 270
269 269
270 268
270 267
271 266
271 265
272 264
272 263
273 262
273 261
274 260
274 259
274 258
275 257
276 256
276 255
277 254
277 253
277 252
277 251
278 250
278 249
278 248
279 247
279 246
279 245
279 244
280 243
280 242
280 241
280 240
280 239
281 238
281 237
281 236
281 235
282 234
283 234
284 234
285 234
286 234
287 234
288 234
289 234
290 234
291 234
292 234
293 234
294 234
295 234
296 234
297 233
298 233
299 232
300 231
301 230
302 230
303 230
304 230
305 230
306 230
307 230
308 230
309 230
310 230
311 230
312 230
313 230
314 230
315 230
316 230
317 230
318 230
319 230
320 230
321 230
322 230
323 230
324 230
325 230
326 230
327 230
328 230
329 230
330 230
331 230
332 230
333 230
334 230
335 230
336 230
337 230
338 230
339 230
340 230
341 230
342 230
343 230
344 230
345 230
346 230
347 230
348 230
349 230
350 230
351 230
352 230
353 230
354 230
355 230
356 230
357 230
358 230
359 230
360 230
361 230
362 230
363 230
364 230
365 230
366 230
367 230
368 230
369 230
370 230
371 230
372 230
373 230
374 230
375 230
376 230
377 230
378 230
379 230
380 230
381 230
382 230
383 230
384 230
385 230
386 230
387 230
388 230
389 230
390 230
391 230
392 230
393 230
394 230
395 230
396 230
397 230
398 230
399 230
400 230
401 230
402 230
403 230
404 230
405 230
406 230
407 230
408 230
409 230
410 230
411 230
412 230
413 230
414 230
415 230
416 230
417 230
418 230
419 230
420 230
421 230
422 230
423 230
424 230
425 230
426 230
427 230
428 230
429 230
430 230
431 230
432 230
433 230
434 230
435 230
436 230
437 230
438 230
439 230
440 230
441 230
442 230
443 230
444 230
445 230
446 230
447 230
448 230
449 230
450 230
451 230
452 230
453 230
454 230
455 230
456 230
457 230
458 230
459 230
460 230
461 230
462 230
463 230
464 230
465 230
466 230
467 230
468 230
469 230
470 230
471 230
472 230
473 230
474 230
475 230
476 230
477 230
478 230
479 230
480 230
481 230
482 230
483 230
484 230
485 230
486 230
487 230
488 230
489 230
490 230
491 230
492 230
493 230
494 230
495 230
496 230
497 230
498 230
499 230
500 230
501 230
502 230
503 230
504 230
505 230
506 230
507 230
508 230
509 230
510 230
511 230
512 230
513 230
514 230
515 230
516 230
517 230
518 230
519 230
520 230
521 230
522 230
523 230
524 230
525 230
526 230
527 230
528 230
529 230
530 230
531 230
532 230
533 230
534 230
535 230
536 230
537 230
538 230
539 230
540 230
541 230
542 230
543 230
544 230
545 230
546 230
547 231
547 232
547 233
547 234
547 235
547 236
547 237
548 237
549 237
550 237
551 237
552 237
553 237
554 237
555 237
556 237
557 237
558 237
559 237
560 237
561 237
562 237
563 237
564 237
565 237
566 237
567 237
568 237
569 237
570 237
571 237
571 236
571 235
571 234
571 233
571 232
571 231
571 230
571 229
571 228
571 227
571 226
571 225
571 224
571 223
571 222
571 221
571 220
571 219
571 218
571 217
571 216
571 215
571 214
571 213
571 212
571 211
571 210
571 209
571 208
571 207
571 206
571 205
571 204
571 203
571 202
571 201
571 200
571 199
571 198
571 197
571 196
571 195
571 194
571 193
571 192
571 191
571 190
571 189
571 188
571 187
571 186
571 185
571 184
571 183
571 182
571 181
571 180
571 179
571 178
570 178
569 178
568 178
567 178
566 178
565 178
564 178
563 178
562 178
561 178
560 178
559 178
558 178
557 178
556 178
555 178
554 178
553 178
552 178
551 178
550 178
549 178
548 178
547 178
547 179
547 180
547 181
547 182
547 183
547 184
546 185
545 185
544 185
543 185
542 185
541 185
540 185
539 185
538 185
537 185
536 185
535 185
534 185
533 185
532 185
531 185
530 185
529 185
528 185
527 185
526 185
525 185
524 185
523 185
522 185
521 185
520 185
519 185
518 185
517 185
516 185
515 185
514 185
513 185
512 185
511 185
510 185
509 185
508 185
507 185
506 185
505 185
504 185
503 185
502 185
501 185
500 185
499 185
498 185
497 185
496 185
495 185
494 185
493 185
492 185
491 185
490 185
489 185
488 185
487 185
486 185
485 185
484 185
483 185
482 185
481 185
480 185
479 185
478 185
477 185
476 185
475 185
474 185
473 185
472 185
471 185
470 185
469 185
468 185
467 185
466 185
465 185
464 185
463 185
462 185
461 185
460 185
459 185
458 185
457 185
456 185
455 185
454 185
453 185
452 185
451 185
450 185
449 185
448 185
447 185
446 185
445 185
444 185
443 185
442 185
441 185
440 185
439 185
438 185
437 185
436 185
435 185
434 185
433 185
432 185
431 185
430 185
429 185
428 185
427 185
426 185
425 185
424 185
423 185
422 185
421 185
420 185
419 185
418 185
417 185
416 185
415 185
414 185
413 185
412 185
411 185
410 185
409 185
408 185
407 185
406 185
405 185
404 185
403 185
402 185
401 185
400 185
399 185
398 185
397 185
396 185
395 185
394 185
393 185
392 185
391 185
390 185
389 185
388 185
387 185
386 185
385 185
384 185
383 185
382 185
381 185
380 185
379 185
378 185
377 185
376 185
375 185
374 185
373 185
372 185
371 185
370 185
369 185
368 185
367 185
366 185
365 185
364 185
363 185
362 185
361 185
360 185
359 185
358 185
357 185
356 185
355 185
354 185
353 185
352 185
351 185
350 185
349 185
348 185
347 185
346 185
345 185
344 185
343 185
342 185
341 185
340 185
339 185
338 185
337 185
336 185
335 185
334 185
333 185
332 185
331 185
330 185
329 185
328 185
327 185
326 185
325 185
324 185
323 185
322 185
321 185
320 185
319 185
318 185
317 185
316 185
315 185
314 185
313 185
312 185
311 185
310 185
309 185
308 185
307 185
306 185
305 185
304 185
303 185
302 185
301 185
300 185
299 185
298 185
297 185
296 185
295 185
294 185
293 184
293 183
293 182
293 181
292 180
292 179
291 178
290 177
289 177
288 176
287 176
286 176
285 176
284 176
283 176
282 175
282 174
282 173
281 172
281 171
280 170
280 169
279 168
279 167
279 166
278 165
278 164
277 163
277 162
277 161
276 160
276 159
275 158
275 157
275 156
274 155
274 154
274 153
273 152
273 151
272 150
272 149
272 148
271 147
271 146
270 145
270 144
269 143
269 142
268 141
268 140
267 139
267 138
266 137
266 136
265 135
264 134
263 133
262 132
261 131
260 130
259 130
258 129
257 128
256 128
255 127
254 126
253 126
252 125
251 125
250 124
249 124
248 123
247 123
246 122
245 122
244 121
243 121
242 121
241 121
240 121
239 121
238 121
237 121
236 121
235 121
234 121
233 121
232 121
231 121
230 121
229 121
228 121
227 121
226 121
225 121
224 121
223 121
222 121
221 121
220 121
219 121
218 121
217 121
216 121
215 122
214 122
213 122
212 122
211 122
210 122
209 122
208 122
207 122
206 122
205 122
204 122
203 122
202 122
201 121
200 121
199 121
198 121
197 121
196 121
195 121
194 121
193 121
192 121
191 121
190 121
189 121
188 121
187 121
186 121
185 121
184 121
183 121
182 121
181 121
180 121
179 121
178 121
177 121
176 121
175 121
