332 47
331 48
330 48
329 49
328 50
328 51
327 52
327 53
327 54
327 55
328 56
328 57
328 58
328 59
328 60
328 61
328 62
328 63
328 64
328 65
328 66
328 67
328 68
328 69
328 70
328 71
328 72
328 73
328 74
328 75
328 76
328 77
328 78
328 79
328 80
328 81
329 82
329 83
329 84
329 85
329 86
329 87
329 88
329 89
329 90
329 91
329 92
329 93
329 94
328 95
328 96
328 97
328 98
328 99
328 100
327 101
327 102
327 103
327 104
327 105
327 106
326 107
326 108
326 109
326 110
325 111
325 112
324 113
324 114
324 115
324 116
324 117
324 118
323 119
323 120
322 121
321 121
320 122
319 123
319 124
318 125
318 126
317 127
317 128
316 129
316 130
315 131
314 131
313 132
312 133
312 134
311 135
311 136
310 137
309 137
308 138
307 139
307 140
306 141
305 142
305 143
304 144
303 144
302 145
301 146
300 147
299 148
299 149
298 150
297 151
296 152
295 153
294 154
293 154
292 155
291 156
290 157
290 158
289 159
288 159
287 160
286 161
285 161
284 162
283 163
282 164
281 165
280 165
279 166
278 166
277 166
276 166
275 166
274 167
273 167
272 167
271 167
270 167
269 168
268 168
267 168
266 168
265 167
266 166
267 165
268 164
268 163
269 162
269 161
270 160
270 159
271 158
271 157
272 156
272 155
273 154
273 153
273 152
273 151
274 150
274 149
274 148
275 147
275 146
275 145
275 144
275 143
275 142
276 141
276 140
276 139
276 138
276 137
277 136
277 135
277 134
277 133
277 132
278 131
278 130
278 129
278 128
278 127
278 126
279 125
279 124
279 123
279 122
279 121
279 120
280 119
280 118
280 117
280 116
280 115
281 114
281 113
281 112
281 111
282 110
282 109
282 108
282 107
283 106
283 105
283 104
283 103
284 102
284 101
284 100
285 99
285 98
285 97
285 96
285 95
286 94
286 93
286 92
286 91
286 90
286 89
286 88
286 87
287 86
287 85
287 84
287 83
287 82
287 81
287 80
287 79
287 78
287 77
287 76
287 75
287 74
287 73
286 72
286 71
286 70
286 69
286 68
286 67
286 66
286 65
286 64
286 63
286 62
286 61
285 60
285 59
284 58
283 57
282 57
281 56
280 56
279 56
278 56
277 57
276 57
275 58
274 59
274 60
273 61
273 62
273 63
273 64
273 65
273 66
273 67
273 68
273 69
273 70
273 71
273 72
273 73
273 74
273 75
274 76
274 77
274 78
274 79
274 80
274 81
274 82
274 83
273 84
273 85
273 86
273 87
273 88
273 89
273 90
273 91
273 92
272 93
272 94
272 95
272 96
271 97
271 98
271 99
270 100
270 101
270 102
270 103
270 104
269 105
269 106
269 107
268 108
268 109
268 110
268 111
268 112
267 113
267 114
267 115
267 116
267 117
266 118
266 119
266 120
266 121
266 122
266 123
265 124
265 125
265 126
265 127
265 128
264 129
264 130
264 131
264 132
264 133
264 134
263 135
263 136
263 137
263 138
263 139
262 140
262 141
262 142
262 143
261 144
261 145
261 146
261 147
260 148
260 149
260 150
259 151
259 152
258 153
258 154
257 155
257 156
256 157
255 158
254 159
253 160
252 160
251 160
250 161
249 161
248 161
247 161
246 160
245 159
245 158
244 157
243 156
243 155
243 154
242 153
242 152
241 151
241 150
241 149
240 148
240 147
240 146
240 145
239 144
239 143
239 142
239 141
239 140
238 139
238 138
238 137
238 136
238 135
237 134
237 133
237 132
237 131
237 130
237 129
236 128
236 127
236 126
236 125
235 124
235 123
235 122
235 121
234 120
234 119
234 118
233 117
233 116
233 115
233 114
233 113
233 112
233 111
233 110
233 109
232 108
232 107
232 106
232 105
232 104
232 103
231 102
231 101
231 100
231 99
231 98
231 97
231 96
231 95
231 94
230 93
230 92
230 91
230 90
230 89
230 88
230 87
230 86
230 85
230 84
230 83
230 82
230 81
230 80
230 79
230 78
230 77
230 76
230 75
230 74
230 73
230 72
230 71
230 70
230 69
230 68
230 67
230 66
230 65
230 64
230 63
230 62
230 61
229 60
229 59
228 58
227 57
226 57
225 56
224 56
223 56
222 56
221 57
220 57
219 58
218 59
218 60
217 61
217 62
217 63
217 64
217 65
217 66
217 67
217 68
217 69
217 70
217 71
217 72
217 73
217 74
217 75
217 76
217 77
217 78
217 79
217 80
217 81
217 82
217 83
217 84
217 85
217 86
217 87
217 88
217 89
217 90
217 91
217 92
217 93
217 94
217 95
217 96
218 97
218 98
218 99
218 100
218 101
218 102
218 103
218 104
218 105
219 106
219 107
219 108
219 109
219 110
219 111
220 112
220 113
220 114
220 115
220 116
220 117
220 118
220 119
220 120
221 121
221 122
221 123
222 124
222 125
222 126
222 127
223 128
223 129
223 130
223 131
223 132
224 133
224 134
224 135
224 136
224 137
224 138
225 139
225 140
225 141
225 142
225 143
226 144
226 145
226 146
226 147
226 148
227 149
227 150
227 151
228 152
228 153
228 154
228 155
229 156
229 157
230 158
230 159
231 160
231 161
232 162
232 163
233 164
232 165
231 165
230 165
229 164
228 164
227 163
226 162
225 162
224 161
223 161
222 160
222 159
221 158
220 157
219 156
218 156
217 155
216 154
215 153
214 152
213 151
212 150
211 149
210 148
210 147
209 146
208 145
207 145
206 144
206 143
205 142
205 141
204 140
203 139
202 138
201 138
200 137
200 136
199 135
199 134
198 133
198 132
197 131
196 130
196 129
195 128
195 127
194 126
194 125
194 124
193 123
193 122
193 121
193 120
192 119
192 118
192 117
191 116
191 115
191 114
191 113
190 112
190 111
190 110
189 109
189 108
189 107
189 106
189 105
189 104
188 103
188 102
188 101
188 100
187 99
187 98
187 97
187 96
187 95
187 94
187 93
187 92
187 91
186 90
186 89
186 88
186 87
186 86
186 85
186 84
186 83
186 82
186 81
186 80
186 79
186 78
186 77
186 76
186 75
186 74
186 73
186 72
186 71
186 70
186 69
186 68
186 67
186 66
187 65
187 64
187 63
187 62
187 61
187 60
187 59
187 58
186 57
186 56
185 55
184 54
183 54
182 53
181 53
180 53
179 53
178 54
177 54
176 55
175 56
175 57
174 58
174 59
174 60
174 61
174 62
174 63
173 64
173 65
173 66
173 67
173 68
173 69
173 70
173 71
173 72
173 73
173 74
173 75
173 76
173 77
173 78
173 79
173 80
173 81
173 82
173 83
173 84
173 85
173 86
173 87
173 88
173 89
173 90
173 91
173 92
174 93
174 94
174 95
174 96
174 97
174 98
174 99
174 100
174 101
175 102
175 103
175 104
175 105
176 106
176 107
176 108
176 109
176 110
176 111
177 112
177 113
177 114
178 115
178 116
178 117
178 118
179 119
179 120
179 121
180 122
180 123
180 124
180 125
181 126
181 127
181 128
181 129
182 130
182 131
183 132
184 133
184 134
185 135
185 136
186 137
186 138
187 139
188 140
188 141
189 142
189 143
190 144
191 145
192 145
193 146
193 147
194 148
195 149
195 150
196 151
197 152
198 152
199 153
199 154
200 155
200 156
201 157
202 158
202 159
203 160
204 161
205 162
206 163
207 164
208 164
209 165
210 166
211 166
212 167
213 168
214 168
215 169
215 170
216 171
217 172
218 172
219 173
220 174
221 174
222 175
223 175
224 176
225 176
226 177
227 177
228 178
229 178
230 178
231 178
232 179
233 179
234 180
235 180
236 180
237 180
238 180
239 180
240 180
241 180
242 180
243 180
244 180
245 181
245 182
245 183
245 184
245 185
246 186
246 187
246 188
246 189
246 190
246 191
246 192
246 193
246 194
246 195
246 196
246 197
246 198
246 199
246 200
246 201
246 202
246 203
246 204
246 205
246 206
246 207
246 208
246 209
246 210
246 211
246 212
246 213
246 214
246 215
246 216
245 217
245 218
245 219
245 220
245 221
245 222
245 223
244 224
244 225
244 226
244 227
244 228
244 229
244 230
244 231
243 232
243 233
243 234
243 235
243 236
243 237
243 238
243 239
243 240
243 241
243 242
243 243
243 244
243 245
243 246
242 247
242 248
242 249
242 250
242 251
242 252
242 253
242 254
242 255
242 256
241 257
241 258
241 259
241 260
241 261
241 262
240 263
240 264
240 265
240 266
240 267
240 268
239 269
239 270
239 271
239 272
239 273
238 274
238 275
238 276
238 277
238 278
238 279
238 280
238 281
238 282
237 283
237 284
236 285
236 286
236 287
236 288
236 289
236 290
235 291
235 292
234 293
234 294
234 295
234 296
234 297
234 298
234 299
234 300
234 301
233 302
233 303
233 304
233 305
233 306
233 307
233 308
232 309
232 310
231 311
231 312
231 313
231 314
231 315
231 316
231 317
230 318
230 319
230 320
230 321
230 322
230 323
229 324
229 325
229 326
229 327
229 328
229 329
229 330
229 331
229 332
229 333
229 334
229 335
229 336
229 337
229 338
229 339
229 340
229 341
229 342
229 343
229 344
229 345
229 346
229 347
229 348
229 349
229 350
229 351
229 352
229 353
229 354
229 355
229 356
229 357
229 358
229 359
230 360
230 361
231 362
231 363
231 364
231 365
231 366
231 367
232 368
232 369
232 370
232 371
232 372
232 373
232 374
233 375
233 376
233 377
233 378
233 379
233 380
233 381
233 382
234 383
234 384
234 385
234 386
234 387
234 388
234 389
234 390
234 391
234 392
234 393
233 394
232 394
231 395
230 395
229 396
228 397
228 398
227 399
227 400
227 401
227 402
228 403
228 404
229 405
230 406
231 406
232 407
233 407
234 407
235 407
236 407
237 407
238 406
239 406
240 406
241 406
242 405
243 405
244 404
245 403
246 402
246 401
247 400
247 399
247 398
247 397
247 396
247 395
247 394
247 393
247 392
247 391
247 390
247 389
247 388
247 387
247 386
247 385
247 384
247 383
247 382
247 381
247 380
246 379
246 378
246 377
246 376
246 375
246 374
246 373
245 372
245 371
245 370
245 369
245 368
245 367
245 366
244 365
244 364
244 363
244 362
243 361
243 360
242 359
242 358
242 357
242 356
242 355
242 354
242 353
242 352
242 351
242 350
242 349
242 348
242 347
242 346
242 345
242 344
242 343
242 342
242 341
242 340
242 339
242 338
242 337
242 336
242 335
242 334
242 333
242 332
242 331
242 330
242 329
242 328
242 327
242 326
243 325
243 324
243 323
243 322
243 321
243 320
244 319
244 318
244 317
244 316
244 315
244 314
244 313
244 312
244 311
245 310
245 309
246 308
246 307
246 306
246 305
246 304
247 303
247 302
247 301
247 300
247 299
247 298
247 297
247 296
247 295
247 294
247 293
248 292
248 291
249 290
249 289
249 288
249 287
249 286
249 285
250 284
250 283
251 282
251 281
251 280
251 279
251 278
251 277
251 276
252 275
252 274
252 273
252 272
252 271
253 270
253 269
253 268
253 267
253 266
253 265
254 264
254 263
254 262
254 261
254 260
254 259
255 258
255 257
255 256
255 255
255 254
255 253
255 252
255 251
255 250
255 249
256 248
256 247
256 246
256 245
256 244
256 243
256 242
256 241
256 240
256 239
256 238
256 237
256 236
256 235
256 234
257 233
257 232
257 231
257 230
257 229
257 228
257 227
258 226
258 225
258 224
258 223
258 222
258 221
258 220
258 219
259 218
259 217
259 216
259 215
259 214
259 213
259 212
259 211
259 210
259 209
259 208
259 207
259 206
259 205
259 204
259 203
259 202
259 201
259 200
259 199
259 198
259 197
259 196
259 195
259 194
259 193
259 192
259 191
259 190
259 189
259 188
259 187
259 186
259 185
259 184
259 183
259 182
260 181
261 181
262 181
263 181
264 181
265 181
266 181
267 181
268 181
269 181
270 181
271 181
272 181
273 180
274 180
275 180
276 180
277 180
278 179
279 179
280 179
281 179
282 179
283 178
284 178
285 177
286 177
287 176
288 176
289 175
290 174
290 173
291 172
292 172
293 171
294 171
295 170
296 169
297 168
297 167
298 166
299 166
300 165
301 164
302 164
303 163
304 162
305 161
306 160
307 159
308 158
309 157
309 156
310 155
311 154
312 153
312 152
313 151
314 151
315 150
316 149
317 148
317 147
318 146
318 145
319 144
320 144
321 143
322 142
322 141
323 140
323 139
324 138
325 138
326 137
327 136
327 135
328 134
328 133
329 132
329 131
330 130
330 129
331 128
332 128
333 127
334 126
334 125
335 124
335 123
335 122
335 121
336 120
336 119
337 118
337 117
337 116
337 115
338 114
338 113
339 112
339 111
339 110
339 109
340 108
340 107
340 106
340 105
340 104
341 103
341 102
341 101
341 100
341 99
341 98
341 97
342 96
342 95
342 94
342 93
342 92
342 91
342 90
342 89
342 88
342 87
342 86
342 85
342 84
342 83
342 82
342 81
342 80
342 79
341 78
341 77
341 76
341 75
341 74
341 73
341 72
341 71
341 70
341 69
341 68
341 67
341 66
341 65
341 64
341 63
341 62
341 61
341 60
341 59
341 58
341 57
341 56
341 55
341 54
341 53
341 52
340 51
340 50
339 49
338 48
337 48
336 47
335 47
334 47
333 47
