243 47
242 48
241 48
240 49
239 50
239 51
238 52
238 53
238 54
238 55
238 56
238 57
238 58
238 59
238 60
238 61
238 62
238 63
237 64
237 65
237 66
237 67
237 68
237 69
237 70
237 71
237 72
237 73
237 74
237 75
237 76
237 77
237 78
237 79
237 80
237 81
237 82
237 83
237 84
236 85
236 86
236 87
236 88
236 89
236 90
236 91
236 92
236 93
236 94
236 95
236 96
236 97
236 98
236 99
236 100
235 101
235 102
235 103
235 104
235 105
235 106
235 107
235 108
235 109
235 110
235 111
235 112
235 113
235 114
235 115
235 116
235 117
235 118
235 119
234 120
234 121
234 122
234 123
234 124
234 125
234 126
234 127
234 128
234 129
234 130
234 131
233 132
233 133
233 134
233 135
233 136
233 137
233 138
233 139
233 140
233 141
232 142
232 143
232 144
232 145
232 146
232 147
232 148
232 149
231 150
230 151
229 150
228 149
227 148
226 147
226 146
225 145
225 144
224 143
224 142
224 141
223 140
223 139
222 138
222 137
222 136
222 135
221 134
221 133
221 132
221 131
221 130
221 129
221 128
221 127
221 126
221 125
221 124
221 123
221 122
221 121
221 120
221 119
221 118
221 117
221 116
221 115
221 114
221 113
221 112
221 111
221 110
221 109
221 108
221 107
221 106
221 105
221 104
221 103
221 102
221 101
221 100
221 99
221 98
221 97
221 96
222 95
222 94
222 93
222 92
222 91
222 90
222 89
222 88
222 87
222 86
222 85
222 84
222 83
222 82
222 81
222 80
222 79
222 78
222 77
222 76
222 75
223 74
222 73
222 72
221 71
221 70
221 69
221 68
222 67
222 66
223 65
223 64
223 63
222 62
222 61
222 60
222 59
222 58
221 57
221 56
221 55
221 54
220 53
220 52
219 51
218 50
217 49
216 49
215 48
214 48
213 48
212 48
211 48
210 49
209 49
208 50
207 50
206 51
205 51
204 52
203 53
203 54
202 55
202 56
202 57
202 58
202 59
202 60
202 61
202 62
202 63
201 64
201 65
201 66
201 67
201 68
201 69
201 70
201 71
201 72
201 73
201 74
201 75
201 76
201 77
201 78
201 79
201 80
201 81
201 82
201 83
201 84
201 85
201 86
200 87
200 88
200 89
200 90
200 91
200 92
200 93
200 94
200 95
200 96
200 97
200 98
199 99
199 100
199 101
199 102
199 103
199 104
199 105
199 106
199 107
199 108
199 109
199 110
199 111
199 112
199 113
199 114
199 115
199 116
199 117
199 118
199 119
199 120
199 121
199 122
199 123
199 124
199 125
199 126
199 127
199 128
199 129
199 130
199 131
199 132
200 133
200 134
200 135
200 136
200 137
201 138
201 139
201 140
202 141
202 142
202 143
203 144
203 145
204 146
204 147
205 148
205 149
206 150
207 151
208 152
209 153
209 154
210 155
211 156
211 157
212 158
213 159
214 160
215 161
216 162
217 162
218 163
219 164
219 165
219 166
219 167
219 168
220 169
220 170
221 171
221 172
222 173
222 174
223 175
223 176
223 177
224 178
224 179
224 180
224 181
224 182
224 183
224 184
224 185
224 186
224 187
224 188
223 189
223 190
223 191
223 192
223 193
223 194
223 195
223 196
223 197
223 198
223 199
223 200
223 201
223 202
223 203
223 204
223 205
223 206
223 207
223 208
223 209
223 210
223 211
223 212
223 213
223 214
223 215
223 216
223 217
223 218
223 219
223 220
223 221
223 222
223 223
223 224
223 225
223 226
223 227
223 228
223 229
223 230
223 231
223 232
223 233
223 234
223 235
223 236
223 237
222 238
222 239
222 240
222 241
222 242
222 243
222 244
222 245
222 246
222 247
221 248
221 249
221 250
221 251
221 252
221 253
220 254
220 255
220 256
220 257
220 258
219 259
219 260
219 261
219 262
218 263
218 264
218 265
218 266
218 267
218 268
217 269
217 270
217 271
217 272
217 273
217 274
216 275
216 276
216 277
216 278
216 279
215 280
215 281
215 282
215 283
215 284
214 285
214 286
214 287
214 288
213 289
213 290
213 291
213 292
213 293
213 294
213 295
213 296
213 297
213 298
213 299
213 300
213 301
213 302
213 303
213 304
213 305
213 306
213 307
213 308
213 309
212 310
212 311
212 312
212 313
212 314
212 315
212 316
212 317
212 318
212 319
212 320
212 321
212 322
212 323
212 324
212 325
212 326
212 327
212 328
212 329
212 330
212 331
212 332
212 333
212 334
212 335
212 336
211 337
211 338
211 339
211 340
211 341
211 342
211 343
211 344
211 345
211 346
211 347
211 348
211 349
211 350
211 351
211 352
211 353
211 354
211 355
211 356
211 357
211 358
210 359
210 360
210 361
210 362
210 363
210 364
210 365
210 366
210 367
210 368
210 369
210 370
210 371
210 372
210 373
210 374
210 375
210 376
210 377
210 378
210 379
210 380
210 381
210 382
210 383
210 384
210 385
210 386
210 387
210 388
210 389
210 390
210 391
210 392
210 393
210 394
210 395
210 396
210 397
210 398
210 399
210 400
210 401
210 402
210 403
210 404
210 405
210 406
210 407
210 408
210 409
210 410
210 411
210 412
210 413
210 414
210 415
210 416
210 417
210 418
210 419
210 420
210 421
210 422
209 423
209 424
209 425
209 426
209 427
209 428
209 429
209 430
209 431
209 432
209 433
209 434
209 435
209 436
210 437
210 438
210 439
210 440
210 441
210 442
210 443
210 444
210 445
210 446
210 447
210 448
210 449
210 450
210 451
210 452
210 453
210 454
210 455
210 456
210 457
210 458
210 459
210 460
211 461
211 462
211 463
212 464
212 465
213 466
214 467
214 468
215 469
216 470
217 471
218 472
219 472
220 473
221 473
222 473
223 473
224 473
225 473
226 473
227 473
228 473
229 473
230 473
231 473
232 473
233 472
234 472
235 471
236 471
237 470
238 469
239 468
240 467
241 466
241 465
242 464
242 463
243 462
243 461
244 460
244 459
245 458
245 457
245 456
246 455
246 454
247 453
247 452
247 451
248 450
248 449
249 448
249 447
250 446
250 445
251 444
251 443
251 442
252 441
252 440
253 439
253 438
253 437
254 436
254 435
254 434
254 433
255 432
255 431
255 430
255 429
255 428
256 427
256 426
256 425
256 424
256 423
256 422
257 421
257 420
257 419
257 418
257 417
257 416
257 415
257 414
257 413
257 412
257 411
257 410
257 409
258 408
258 407
258 406
258 405
258 404
258 403
258 402
258 401
258 400
258 399
258 398
258 397
258 396
258 395
258 394
258 393
258 392
259 391
259 390
259 389
259 388
259 387
259 386
259 385
259 384
259 383
259 382
260 381
260 380
260 379
260 378
260 377
260 376
260 375
260 374
260 373
260 372
260 371
260 370
260 369
260 368
260 367
260 366
260 365
260 364
261 363
261 362
261 361
261 360
261 359
261 358
261 357
261 356
261 355
261 354
261 353
261 352
261 351
261 350
261 349
261 348
261 347
261 346
261 345
261 344
261 343
261 342
261 341
261 340
261 339
261 338
261 337
261 336
261 335
261 334
261 333
261 332
261 331
261 330
261 329
261 328
261 327
261 326
261 325
261 324
261 323
261 322
261 321
261 320
261 319
261 318
262 317
262 316
262 315
262 314
262 313
263 312
263 311
263 310
263 309
264 308
264 307
264 306
265 305
265 304
265 303
265 302
266 301
266 300
266 299
266 298
266 297
266 296
266 295
267 294
267 293
267 292
267 291
268 290
268 289
268 288
268 287
268 286
269 285
269 284
269 283
270 282
270 281
270 280
270 279
271 278
271 277
271 276
272 275
272 274
272 273
272 272
273 271
273 270
273 269
274 268
274 267
275 266
275 265
275 264
276 263
276 262
276 261
276 260
276 259
277 258
277 257
277 256
277 255
278 254
278 253
278 252
278 251
279 250
279 249
280 248
280 247
281 246
281 245
282 244
282 243
282 242
283 241
283 240
284 239
284 238
285 237
285 236
285 235
285 234
286 233
286 232
286 231
287 230
287 229
288 228
288 227
288 226
289 225
289 224
289 223
290 222
290 221
291 220
291 219
292 218
292 217
292 216
293 215
293 214
294 213
294 212
295 211
295 210
296 209
296 208
296 207
297 206
297 205
298 204
299 203
300 202
301 201
302 200
302 199
303 198
304 197
304 196
305 195
306 194
307 193
307 192
308 191
309 190
309 189
310 188
310 187
311 186
311 185
312 184
313 183
314 182
314 181
315 180
315 179
316 178
317 177
317 176
318 175
318 174
319 173
319 172
320 171
321 170
321 169
322 168
322 167
323 166
323 165
324 164
324 163
325 162
325 161
326 160
326 159
326 158
327 157
327 156
327 155
328 154
328 153
328 152
329 151
329 150
329 149
329 148
330 147
330 146
330 145
331 144
331 143
331 142
331 141
332 140
332 139
332 138
332 137
333 136
333 135
333 134
333 133
333 132
334 131
334 130
334 129
334 128
334 127
335 126
335 125
335 124
335 123
336 122
336 121
336 120
336 119
336 118
336 117
336 116
337 115
337 114
337 113
337 112
337 111
338 110
338 109
338 108
338 107
338 106
338 105
338 104
338 103
338 102
339 101
339 100
339 99
340 98
340 97
340 96
340 95
340 94
341 93
341 92
341 91
341 90
341 89
342 88
342 87
342 86
342 85
343 84
343 83
343 82
344 81
344 80
344 79
344 78
344 77
345 76
345 75
345 74
345 73
345 72
345 71
346 70
346 69
346 68
346 67
346 66
346 65
346 64
346 63
346 62
346 61
346 60
346 59
345 58
345 57
345 56
345 55
345 54
344 53
344 52
343 52
342 52
341 52
340 51
339 51
338 52
338 53
337 54
337 55
337 56
336 57
336 58
336 59
336 60
336 61
335 62
335 63
335 64
335 65
334 66
334 67
334 68
334 69
333 70
333 71
333 72
332 73
332 74
332 75
332 76
331 77
331 78
331 79
331 80
330 81
330 82
330 83
330 84
330 85
329 86
329 87
329 88
329 89
328 90
328 91
328 92
327 93
327 94
327 95
327 96
326 97
326 98
326 99
325 100
325 101
324 102
324 103
324 104
324 105
323 106
323 107
323 108
323 109
322 110
322 111
322 112
321 113
321 114
321 115
320 116
320 117
320 118
320 119
319 120
319 121
319 122
319 123
318 124
318 125
317 126
317 127
317 128
316 129
316 130
315 131
315 132
314 133
314 134
313 135
313 136
312 137
311 138
311 139
311 140
311 141
310 142
310 143
309 144
308 145
308 146
308 147
307 148
307 149
306 150
305 151
305 152
305 153
304 154
304 155
303 156
303 157
302 158
302 159
301 160
301 161
300 162
299 163
298 164
297 165
296 166
295 167
294 167
294 168
293 169
292 170
291 171
290 172
289 173
288 174
288 175
287 176
286 177
285 178
284 178
283 179
282 180
281 180
280 181
279 181
278 181
277 181
276 180
275 180
274 179
273 178
272 177
272 176
271 175
271 174
271 173
271 172
271 171
272 170
272 169
272 168
272 167
272 166
272 165
272 164
273 163
273 162
273 161
273 160
273 159
273 158
273 157
273 156
274 155
274 154
274 153
274 152
274 151
274 150
274 149
274 148
274 147
275 146
275 145
275 144
275 143
275 142
275 141
275 140
275 139
276 138
276 137
276 136
276 135
276 134
276 133
276 132
276 131
277 130
277 129
277 128
277 127
277 126
277 125
277 124
277 123
277 122
277 121
277 120
277 119
278 118
278 117
278 116
278 115
278 114
278 113
278 112
279 111
279 110
279 109
279 108
280 107
280 106
280 105
280 104
280 103
280 102
280 101
281 100
281 99
281 98
281 97
281 96
281 95
282 94
282 93
282 92
282 91
282 90
282 89
283 88
283 87
283 86
283 85
283 84
283 83
283 82
283 81
283 80
283 79
284 78
284 77
284 76
284 75
284 74
284 73
284 72
284 71
284 70
284 69
284 68
284 67
284 66
284 65
284 64
284 63
284 62
284 61
284 60
284 59
284 58
284 57
284 56
284 55
284 54
284 53
284 52
283 51
283 50
282 49
281 48
280 48
279 47
278 47
277 47
276 47
275 48
274 48
273 49
272 50
272 51
271 52
271 53
271 54
271 55
271 56
271 57
271 58
271 59
271 60
271 61
271 62
271 63
271 64
271 65
271 66
271 67
271 68
271 69
271 70
271 71
271 72
271 73
271 74
271 75
270 76
270 77
270 78
270 79
270 80
270 81
270 82
270 83
270 84
270 85
269 86
269 87
269 88
269 89
269 90
269 91
269 92
268 93
268 94
268 95
268 96
268 97
268 98
267 99
267 100
267 101
267 102
267 103
267 104
266 105
266 106
266 107
266 108
266 109
265 110
265 111
265 112
265 113
265 114
265 115
264 116
264 117
264 118
264 119
264 120
264 121
264 122
264 123
264 124
264 125
264 126
264 127
264 128
263 129
263 130
263 131
263 132
263 133
263 134
263 135
262 136
262 137
262 138
262 139
262 140
262 141
262 142
262 143
261 144
261 145
261 146
261 147
261 148
261 149
261 150
261 151
261 152
261 153
260 154
260 155
260 156
260 157
260 158
260 159
260 160
260 161
259 162
259 163
259 164
259 165
259 166
259 167
259 168
259 169
259 170
259 171
258 172
258 173
258 174
258 175
258 176
257 177
256 176
255 176
254 175
253 175
252 174
251 174
250 173
249 173
248 172
247 171
246 171
245 170
244 169
243 168
242 167
242 166
242 165
243 164
243 163
243 162
243 161
243 160
243 159
244 158
244 157
244 156
244 155
244 154
244 153
245 152
245 151
245 150
245 149
245 148
245 147
245 146
245 145
245 144
246 143
246 142
246 141
246 140
246 139
246 138
246 137
246 136
246 135
247 134
247 133
247 132
247 131
247 130
247 129
247 128
247 127
247 126
247 125
247 124
247 123
248 122
248 121
248 120
248 119
248 118
248 117
248 116
248 115
248 114
248 113
248 112
248 111
248 110
248 109
248 108
248 107
248 106
248 105
248 104
248 103
249 102
249 101
249 100
249 99
249 98
249 97
249 96
249 95
249 94
249 93
249 92
249 91
249 90
249 89
249 88
250 87
250 86
250 85
250 84
250 83
250 82
250 81
250 80
250 79
250 78
250 77
250 76
250 75
250 74
250 73
250 72
250 71
250 70
250 69
250 68
250 67
251 66
251 65
251 64
251 63
251 62
251 61
251 60
251 59
251 58
251 57
251 56
251 55
251 54
251 53
251 52
250 51
250 50
249 49
248 48
247 48
246 47
245 47
244 47
