334 82
333 83
332 83
331 84
330 85
330 86
329 87
329 88
329 89
329 90
328 91
328 92
327 93
327 94
327 95
326 96
326 97
326 98
326 99
325 100
325 101
324 102
324 103
324 104
324 105
323 106
323 107
322 108
322 109
321 110
321 111
320 112
319 113
318 114
318 115
317 116
317 117
317 118
317 119
316 120
316 121
315 122
315 123
314 124
314 125
314 126
314 127
313 128
313 129
312 130
312 131
312 132
312 133
312 134
312 135
312 136
311 137
311 138
310 139
310 140
310 141
310 142
309 143
309 144
308 145
308 146
307 147
307 148
307 149
307 150
306 151
306 152
305 153
305 154
305 155
305 156
305 157
304 158
304 159
304 160
304 161
303 162
303 163
302 164
302 165
302 166
302 167
301 168
301 169
300 170
300 171
299 172
299 173
299 174
299 175
300 176
299 177
298 178
298 179
297 180
297 181
297 182
297 183
297 184
297 185
297 186
296 187
296 188
295 189
295 190
295 191
295 192
296 193
295 194
294 195
294 196
293 197
293 198
293 199
293 200
294 201
293 202
292 203
292 204
291 205
291 206
291 207
291 208
292 209
291 210
290 211
290 212
289 213
289 214
289 215
289 216
290 217
290 218
290 219
289 220
288 221
288 222
287 223
287 224
287 225
287 226
286 227
285 228
284 229
284 230
283 231
283 232
283 233
283 234
284 235
283 236
282 237
282 238
281 239
281 240
281 241
281 242
282 243
281 244
280 245
280 246
279 247
279 248
279 249
279 250
280 251
279 252
278 253
278 254
277 255
277 256
277 257
277 258
278 259
278 260
278 261
277 262
276 263
276 264
275 265
275 266
275 267
275 268
276 269
275 270
274 271
274 272
273 273
273 274
273 275
273 276
274 277
273 278
272 279
272 280
271 281
271 282
271 283
271 284
272 285
271 286
270 287
270 288
269 289
269 290
269 291
269 292
270 293
270 294
270 295
270 296
269 297
269 298
269 299
269 300
270 301
269 302
268 303
268 304
267 305
267 306
267 307
267 308
266 309
266 310
265 311
265 312
265 313
265 314
265 315
264 316
264 317
263 318
262 317
261 317
260 317
259 317
258 318
257 317
256 316
255 316
254 315
253 315
252 315
251 315
250 315
249 315
248 315
247 314
246 314
245 313
244 313
243 313
242 313
241 313
240 313
239 313
238 313
237 312
236 312
235 312
234 312
233 313
232 313
231 314
230 314
229 315
228 316
227 316
226 317
225 317
224 317
223 318
222 318
221 319
220 319
219 320
218 321
217 321
216 322
215 323
214 323
213 324
212 325
211 326
210 326
209 327
208 328
207 328
206 329
205 330
205 331
204 332
204 333
204 334
204 335
204 336
204 337
204 338
204 339
203 340
203 341
203 342
203 343
203 344
203 345
203 346
203 347
203 348
203 349
203 350
203 351
202 352
202 353
202 354
202 355
202 356
202 357
202 358
201 359
201 360
201 361
201 362
201 363
201 364
201 365
201 366
201 367
200 368
200 369
199 370
199 371
199 372
199 373
199 374
199 375
199 376
199 377
199 378
199 379
199 380
199 381
199 382
199 383
199 384
199 385
199 386
199 387
199 388
199 389
199 390
199 391
199 392
199 393
199 394
199 395
198 396
198 397
198 398
198 399
198 400
198 401
198 402
198 403
198 404
198 405
198 406
198 407
198 408
198 409
198 410
198 411
198 412
198 413
198 414
198 415
198 416
198 417
198 418
197 419
197 420
197 421
197 422
197 423
197 424
197 425
197 426
197 427
197 428
197 429
197 430
197 431
197 432
197 433
197 434
197 435
198 436
198 437
199 438
200 439
201 440
202 440
203 441
204 441
205 441
206 441
207 440
208 440
209 439
210 438
210 437
211 436
211 435
211 434
211 433
210 432
210 431
210 430
210 429
210 428
210 427
210 426
210 425
210 424
210 423
211 422
211 421
211 420
211 419
211 418
211 417
211 416
211 415
211 414
211 413
211 412
211 411
211 410
211 409
211 408
211 407
211 406
211 405
211 404
211 403
211 402
211 401
211 400
211 399
211 398
212 397
212 396
212 395
212 394
212 393
212 392
212 391
212 390
212 389
212 388
212 387
212 386
212 385
212 384
212 383
212 382
212 381
212 380
212 379
212 378
212 377
212 376
212 375
212 374
212 373
212 372
212 371
212 370
213 369
213 368
214 367
214 366
214 365
214 364
214 363
214 362
214 361
215 360
215 359
215 358
215 357
215 356
215 355
215 354
216 353
216 352
216 351
216 350
216 349
216 348
216 347
216 346
216 345
216 344
216 343
217 342
217 341
217 340
217 339
217 338
218 337
219 336
220 336
221 335
222 334
223 333
224 332
225 331
226 331
227 330
228 330
229 330
230 330
231 329
232 329
233 328
234 328
235 327
236 327
237 326
238 326
239 326
240 326
241 327
241 328
241 329
241 330
241 331
241 332
241 333
241 334
241 335
240 336
240 337
240 338
240 339
240 340
240 341
240 342
240 343
240 344
240 345
240 346
240 347
240 348
240 349
241 350
241 351
241 352
241 353
241 354
241 355
241 356
241 357
240 358
240 359
240 360
240 361
240 362
240 363
240 364
239 365
239 366
239 367
239 368
239 369
239 370
239 371
238 372
238 373
238 374
238 375
238 376
237 377
237 378
237 379
237 380
236 381
236 382
236 383
236 384
236 385
235 386
235 387
234 388
234 389
234 390
234 391
235 392
235 393
234 394
234 395
234 396
234 397
234 398
235 399
234 400
234 401
234 402
234 403
233 404
233 405
232 406
232 407
232 408
232 409
233 410
233 411
234 412
235 413
236 413
237 414
238 414
239 414
240 414
241 414
242 413
243 413
244 412
245 411
245 410
246 409
246 408
247 407
247 406
247 405
247 404
247 403
248 402
248 401
248 400
248 399
248 398
248 397
248 396
248 395
247 394
247 393
247 392
248 391
248 390
248 389
249 388
249 387
249 386
249 385
250 384
250 383
250 382
250 381
250 380
250 379
251 378
251 377
251 376
251 375
252 374
252 373
252 372
252 371
252 370
252 369
252 368
253 367
253 366
253 365
253 364
253 363
253 362
253 361
254 360
254 359
254 358
254 357
254 356
254 355
254 354
254 353
254 352
254 351
254 350
254 349
254 348
253 347
253 346
253 345
253 344
253 343
253 342
253 341
253 340
253 339
254 338
254 337
254 336
254 335
254 334
254 333
254 332
254 331
254 330
254 329
254 328
255 327
256 328
257 329
258 329
259 330
260 330
261 330
262 330
263 329
264 329
265 329
266 329
267 330
268 330
269 330
270 330
271 331
272 331
273 332
273 333
273 334
273 335
273 336
273 337
273 338
273 339
273 340
273 341
273 342
273 343
272 344
272 345
271 346
271 347
271 348
271 349
271 350
270 351
270 352
270 353
270 354
270 355
269 356
269 357
269 358
268 359
268 360
268 361
267 362
267 363
266 364
266 365
266 366
266 367
265 368
265 369
265 370
265 371
264 372
264 373
263 374
263 375
262 376
262 377
262 378
262 379
262 380
262 381
261 382
261 383
261 384
261 385
261 386
261 387
261 388
261 389
261 390
262 391
262 392
262 393
262 394
263 395
263 396
263 397
263 398
264 399
264 400
265 401
265 402
265 403
265 404
265 405
265 406
265 407
264 408
264 409
264 410
264 411
264 412
263 413
263 414
263 415
263 416
264 417
264 418
265 419
266 420
267 420
268 421
269 421
270 421
271 421
272 421
273 420
274 420
275 419
276 418
276 417
277 416
277 415
277 414
277 413
277 412
277 411
278 410
278 409
278 408
278 407
278 406
278 405
278 404
279 403
279 402
279 401
279 400
279 399
279 398
279 397
279 396
279 395
279 394
278 393
278 392
277 391
276 390
276 389
275 388
274 387
274 386
274 385
275 384
275 383
275 382
275 381
275 380
276 379
276 378
277 377
277 376
277 375
278 374
278 373
278 372
278 371
279 370
279 369
279 368
279 367
280 366
280 365
281 364
281 363
281 362
282 361
282 360
282 359
282 358
283 357
283 356
283 355
283 354
283 353
284 352
284 351
284 350
284 349
284 348
284 347
284 346
285 345
285 344
286 343
286 342
286 341
286 340
286 339
286 338
286 337
286 336
287 335
288 336
289 336
290 336
291 336
292 336
293 337
294 337
295 337
296 337
297 338
298 338
299 339
300 339
301 340
301 341
301 342
301 343
300 344
300 345
300 346
300 347
299 348
299 349
299 350
299 351
298 352
298 353
297 354
297 355
296 356
296 357
295 358
295 359
294 360
294 361
293 362
293 363
293 364
293 365
292 366
292 367
291 368
291 369
291 370
290 371
290 372
290 373
290 374
289 375
289 376
289 377
289 378
289 379
288 380
288 381
288 382
288 383
288 384
288 385
288 386
288 387
288 388
288 389
288 390
288 391
288 392
289 393
289 394
289 395
290 396
290 397
290 398
290 399
289 400
289 401
289 402
289 403
289 404
289 405
289 406
289 407
289 408
289 409
289 410
289 411
289 412
289 413
289 414
289 415
288 416
288 417
288 418
288 419
288 420
288 421
289 422
289 423
290 424
291 425
292 425
293 426
294 426
295 426
296 426
297 425
298 425
299 424
300 423
300 422
301 421
301 420
302 419
302 418
302 417
302 416
302 415
302 414
302 413
302 412
302 411
302 410
302 409
302 408
302 407
302 406
302 405
302 404
302 403
302 402
302 401
302 400
303 399
303 398
303 397
303 396
303 395
303 394
303 393
303 392
302 391
302 390
302 389
301 388
301 387
301 386
301 385
301 384
301 383
302 382
302 381
302 380
302 379
302 378
302 377
303 376
303 375
303 374
304 373
304 372
304 371
305 370
305 369
306 368
306 367
306 366
306 365
306 364
307 363
307 362
308 361
308 360
309 359
309 358
310 357
310 356
310 355
310 354
311 353
311 352
312 351
312 350
313 349
313 348
313 347
314 346
314 345
314 344
314 343
315 342
316 343
317 343
318 343
319 343
320 343
321 343
322 343
323 344
324 344
325 345
326 346
327 347
328 348
329 349
330 350
331 351
332 352
333 353
334 354
334 355
335 356
335 357
336 358
336 359
337 360
337 361
338 362
339 363
340 364
340 365
341 366
342 367
342 368
342 369
342 370
342 371
342 372
342 373
342 374
342 375
341 376
341 377
340 378
340 379
340 380
340 381
339 382
339 383
338 384
338 385
338 386
338 387
338 388
337 389
337 390
337 391
336 392
336 393
336 394
336 395
336 396
336 397
336 398
336 399
336 400
336 401
336 402
336 403
335 404
335 405
335 406
335 407
335 408
334 409
334 410
334 411
334 412
334 413
334 414
334 415
334 416
334 417
334 418
334 419
334 420
334 421
334 422
334 423
334 424
334 425
333 426
333 427
333 428
333 429
333 430
332 431
332 432
332 433
332 434
332 435
332 436
332 437
332 438
332 439
332 440
332 441
332 442
332 443
332 444
332 445
332 446
332 447
332 448
332 449
332 450
332 451
332 452
332 453
332 454
332 455
333 456
333 457
334 458
335 459
336 459
337 460
338 460
339 460
340 460
341 459
342 459
343 458
344 457
344 456
345 455
345 454
345 453
345 452
345 451
345 450
345 449
345 448
345 447
345 446
345 445
345 444
345 443
345 442
345 441
345 440
345 439
345 438
345 437
345 436
345 435
345 434
346 433
346 432
346 431
346 430
346 429
347 428
347 427
347 426
347 425
347 424
347 423
347 422
347 421
347 420
347 419
347 418
347 417
347 416
347 415
347 414
347 413
347 412
347 411
348 410
348 409
348 408
348 407
349 406
349 405
349 404
349 403
349 402
349 401
349 400
349 399
349 398
349 397
349 396
349 395
350 394
350 393
350 392
350 391
351 390
351 389
351 388
351 387
351 386
351 385
351 384
352 383
352 382
353 381
353 380
353 379
353 378
354 377
354 376
355 375
355 374
355 373
355 372
355 371
355 370
355 369
355 368
355 367
355 366
354 365
354 364
353 363
352 362
352 361
352 360
352 359
351 358
351 357
350 356
350 355
349 354
348 353
348 352
347 351
347 350
346 349
346 348
345 347
344 346
343 345
342 344
341 343
341 342
340 341
339 340
338 339
337 338
336 337
335 337
334 336
333 336
332 335
331 335
330 334
329 333
328 332
327 331
326 331
325 330
324 330
323 330
322 330
321 330
320 330
319 330
318 329
317 329
316 329
315 329
314 329
313 329
312 329
311 329
310 329
309 328
308 328
307 328
306 327
305 327
304 327
303 326
302 326
301 325
300 325
299 325
298 324
297 324
296 324
295 324
294 323
293 323
292 323
291 323
290 323
289 323
288 323
287 322
286 322
285 321
284 320
284 319
284 318
285 317
285 316
285 315
285 314
285 313
285 312
286 311
286 310
286 309
286 308
287 307
287 306
287 305
287 304
288 303
288 302
288 301
289 300
289 299
289 298
289 297
289 296
289 295
290 294
291 293
291 292
292 291
292 290
292 289
293 288
293 287
293 286
293 285
293 284
294 283
294 282
294 281
294 280
295 279
295 278
295 277
295 276
295 275
296 274
296 273
296 272
297 271
297 270
297 269
297 268
298 267
298 266
298 265
298 264
298 263
299 262
299 261
299 260
299 259
300 258
300 257
300 256
300 255
301 254
301 253
301 252
301 251
301 250
302 249
302 248
302 247
302 246
303 245
303 244
304 243
304 242
305 241
305 240
305 239
305 238
306 237
306 236
307 235
307 234
307 233
307 232
308 231
308 230
309 229
309 228
310 227
310 226
310 225
310 224
310 223
310 222
311 221
311 220
312 219
312 218
312 217
312 216
313 215
313 214
314 213
314 212
315 211
315 210
315 209
315 208
316 207
316 206
317 205
317 204
317 203
317 202
318 201
318 200
319 199
319 198
319 197
319 196
318 195
319 194
320 193
320 192
321 191
321 190
321 189
321 188
322 187
322 186
323 185
323 184
323 183
323 182
323 181
324 180
324 179
324 178
324 177
325 176
325 175
326 174
326 173
326 172
326 171
326 170
326 169
327 168
327 167
328 166
328 165
329 164
329 163
330 162
330 161
330 160
330 159
331 158
331 157
332 156
332 155
332 154
332 153
333 152
333 151
334 150
334 149
334 148
334 147
335 146
335 145
336 144
336 143
336 142
336 141
337 140
337 139
338 138
338 137
338 136
338 135
339 134
339 133
340 132
340 131
340 130
340 129
341 128
341 127
342 126
342 125
342 124
342 123
343 122
343 121
343 120
343 119
344 118
344 117
344 116
344 115
345 114
345 113
345 112
346 111
346 110
346 109
347 108
347 107
347 106
348 105
348 104
348 103
348 102
349 101
349 100
350 99
350 98
351 97
351 96
352 95
352 94
352 93
352 92
352 91
352 90
351 89
351 88
350 87
349 86
348 86
347 85
346 85
345 85
344 85
343 84
342 83
341 83
340 82
339 82
338 82
337 82
336 82
335 82
