217 48
216 49
215 49
214 50
213 51
213 52
212 53
212 54
212 55
212 56
212 57
211 58
210 59
209 59
208 60
207 61
207 62
206 63
206 64
206 65
206 66
206 67
206 68
207 69
207 70
208 71
209 72
210 73
210 74
210 75
210 76
210 77
210 78
210 79
210 80
210 81
210 82
210 83
210 84
209 85
209 86
208 87
208 88
208 89
208 90
207 91
207 92
206 93
206 94
206 95
206 96
206 97
205 98
205 99
205 100
205 101
205 102
205 103
205 104
205 105
205 106
205 107
205 108
205 109
205 110
204 111
204 112
204 113
204 114
204 115
204 116
204 117
204 118
204 119
204 120
203 121
203 122
203 123
203 124
203 125
203 126
203 127
203 128
203 129
203 130
203 131
203 132
202 133
202 134
202 135
202 136
201 137
200 137
199 138
198 139
198 140
197 141
197 142
197 143
197 144
198 145
198 146
199 147
200 148
201 149
201 150
200 151
200 152
200 153
200 154
200 155
200 156
200 157
200 158
200 159
200 160
200 161
200 162
200 163
200 164
200 165
200 166
200 167
201 168
201 169
201 170
202 171
202 172
203 173
204 174
205 174
206 175
207 175
208 175
209 175
210 176
211 176
212 177
213 177
214 177
215 177
216 177
217 177
218 177
219 177
220 177
221 177
222 178
223 178
224 179
225 179
226 179
227 179
228 178
229 178
230 178
231 178
232 179
233 179
234 179
235 179
236 180
237 181
237 182
237 183
236 184
236 185
235 186
235 187
235 188
235 189
235 190
235 191
235 192
234 193
234 194
233 195
233 196
233 197
233 198
233 199
233 200
233 201
232 202
232 203
231 204
231 205
231 206
231 207
231 208
231 209
231 210
231 211
231 212
231 213
231 214
231 215
231 216
231 217
231 218
231 219
231 220
231 221
231 222
231 223
231 224
231 225
231 226
231 227
231 228
232 229
232 230
233 231
234 232
233 233
232 234
232 235
231 236
231 237
231 238
231 239
231 240
231 241
231 242
231 243
231 244
231 245
231 246
230 247
230 248
230 249
230 250
230 251
230 252
230 253
230 254
230 255
229 256
229 257
229 258
229 259
228 260
228 261
228 262
228 263
227 264
227 265
227 266
227 267
226 268
226 269
226 270
225 271
225 272
225 273
225 274
225 275
225 276
224 277
224 278
224 279
224 280
224 281
224 282
223 283
223 284
223 285
223 286
223 287
222 288
222 289
222 290
221 291
221 292
221 293
221 294
221 295
221 296
221 297
221 298
220 299
220 300
220 301
220 302
220 303
220 304
220 305
220 306
220 307
220 308
220 309
220 310
220 311
220 312
220 313
220 314
220 315
220 316
220 317
220 318
220 319
220 320
220 321
220 322
220 323
220 324
220 325
219 326
219 327
219 328
219 329
218 330
218 331
218 332
217 333
217 334
216 335
216 336
216 337
216 338
215 339
215 340
215 341
215 342
214 343
214 344
214 345
213 346
213 347
213 348
213 349
212 350
212 351
212 352
212 353
212 354
212 355
212 356
211 357
211 358
211 359
211 360
211 361
211 362
211 363
211 364
211 365
211 366
211 367
211 368
210 369
209 369
208 370
207 371
206 372
206 373
205 374
205 375
205 376
205 377
205 378
206 379
206 380
207 381
208 382
209 382
210 383
210 384
210 385
209 386
209 387
209 388
209 389
209 390
209 391
209 392
209 393
209 394
209 395
209 396
210 397
210 398
211 399
211 400
211 401
211 402
211 403
212 404
212 405
213 406
213 407
214 408
215 409
216 409
217 410
218 410
219 410
220 411
221 412
222 413
223 414
224 414
225 415
226 415
227 415
228 415
229 415
230 414
231 414
232 414
233 414
234 413
235 413
236 412
237 412
238 412
239 412
240 411
241 411
242 411
243 410
244 410
245 409
246 408
247 407
248 407
249 406
250 405
251 404
252 403
253 402
253 401
254 400
255 399
256 398
256 397
257 396
257 395
258 394
258 393
259 392
259 391
259 390
259 389
260 388
260 387
260 386
260 385
260 384
261 383
261 382
261 381
261 380
261 379
262 378
262 377
262 376
262 375
262 374
262 373
263 372
263 371
263 370
263 369
263 368
263 367
263 366
263 365
263 364
263 363
263 362
263 361
263 360
263 359
263 358
263 357
263 356
263 355
263 354
263 353
263 352
263 351
263 350
263 349
262 348
262 347
262 346
262 345
262 344
262 343
262 342
261 341
261 340
261 339
261 338
261 337
260 336
260 335
260 334
260 333
260 332
260 331
260 330
260 329
260 328
260 327
260 326
260 325
260 324
260 323
260 322
260 321
260 320
260 319
260 318
260 317
260 316
260 315
260 314
260 313
260 312
260 311
260 310
261 309
261 308
261 307
261 306
262 305
262 304
263 303
263 302
263 301
263 300
263 299
263 298
263 297
264 296
264 295
265 294
265 293
265 292
265 291
266 290
266 289
267 288
267 287
267 286
267 285
268 284
268 283
269 282
269 281
270 280
270 279
271 278
271 277
271 276
271 275
272 274
272 273
273 272
273 271
273 270
273 269
273 268
273 267
274 266
274 265
275 264
275 263
276 262
276 261
277 260
277 259
277 258
277 257
278 256
278 255
279 254
279 253
279 252
279 251
280 250
280 249
280 248
280 247
281 246
281 245
281 244
282 243
282 242
282 241
283 240
283 239
284 238
284 237
284 236
284 235
284 234
284 233
285 232
285 231
286 230
286 229
287 228
287 227
287 226
287 225
288 224
288 223
288 222
288 221
288 220
288 219
288 218
289 217
289 216
289 215
289 214
290 213
290 212
290 211
290 210
291 209
291 208
291 207
291 206
291 205
291 204
291 203
292 202
292 201
292 200
292 199
292 198
292 197
292 196
292 195
292 194
293 193
294 194
295 194
296 195
297 195
298 195
299 195
300 195
301 195
302 196
303 196
304 197
305 197
306 197
307 197
308 197
309 198
310 198
311 198
312 199
313 199
314 199
315 199
316 199
317 200
318 200
319 200
320 200
321 200
322 200
323 200
324 200
325 200
326 200
327 199
328 199
329 198
330 197
330 196
331 195
331 194
331 193
331 192
332 191
332 190
332 189
332 188
332 187
332 186
332 185
333 184
333 183
334 182
334 181
334 180
334 179
335 178
335 177
336 176
336 175
336 174
336 173
335 172
336 171
337 170
337 169
338 168
338 167
338 166
338 165
338 164
338 163
338 162
338 161
338 160
338 159
337 158
338 157
339 156
339 155
340 154
340 153
340 152
340 151
339 150
339 149
339 148
339 147
340 146
340 145
340 144
340 143
339 142
339 141
339 140
339 139
340 138
340 137
340 136
340 135
339 134
339 133
339 132
340 131
341 130
341 129
342 128
342 127
342 126
342 125
341 124
341 123
341 122
341 121
342 120
342 119
342 118
342 117
342 116
342 115
342 114
343 113
343 112
344 111
344 110
344 109
344 108
344 107
344 106
344 105
345 104
345 103
346 102
346 101
346 100
346 99
347 98
347 97
347 96
347 95
347 94
347 93
347 92
347 91
347 90
347 89
348 88
348 87
348 86
349 85
349 84
349 83
350 82
351 81
352 80
352 79
353 78
353 77
353 76
353 75
353 74
352 73
352 72
351 71
350 70
349 70
348 69
347 69
346 68
347 67
347 66
347 65
347 64
346 63
346 62
345 61
344 60
343 59
342 58
341 57
340 57
339 56
338 56
337 55
336 55
335 55
334 55
333 55
332 56
331 56
330 57
329 58
329 59
328 60
328 61
327 62
327 63
327 64
326 65
325 66
324 67
323 68
323 69
322 70
321 71
321 72
320 73
319 74
319 75
318 76
317 77
317 78
316 79
316 80
316 81
316 82
315 83
315 84
315 85
314 86
314 87
314 88
314 89
313 90
313 91
313 92
313 93
312 94
312 95
312 96
312 97
311 98
311 99
311 100
311 101
312 102
312 103
312 104
312 105
311 106
311 107
311 108
311 109
312 110
312 111
312 112
312 113
311 114
311 115
311 116
311 117
312 118
312 119
313 120
313 121
312 122
312 123
311 124
311 125
311 126
311 127
312 128
312 129
313 130
313 131
312 132
312 133
311 134
311 135
311 136
311 137
310 138
309 138
308 138
307 138
306 138
305 138
304 138
303 138
302 137
301 137
300 137
299 137
298 136
298 135
299 134
299 133
300 132
300 131
301 130
301 129
301 128
301 127
302 126
302 125
302 124
303 123
303 122
303 121
303 120
303 119
303 118
303 117
303 116
304 115
304 114
304 113
304 112
304 111
304 110
304 109
304 108
304 107
304 106
305 105
305 104
306 103
306 102
306 101
306 100
306 99
306 98
306 97
307 96
307 95
307 94
307 93
307 92
307 91
307 90
306 89
306 88
306 87
306 86
306 85
306 84
306 83
305 82
305 81
305 80
305 79
305 78
305 77
305 76
305 75
305 74
305 73
305 72
305 71
305 70
305 69
305 68
305 67
305 66
305 65
304 64
304 63
304 62
304 61
304 60
304 59
304 58
303 57
303 56
303 55
302 54
302 53
301 52
300 51
299 51
298 50
297 50
296 50
295 50
294 51
293 51
292 52
291 53
291 54
290 55
290 56
290 57
289 58
289 59
289 60
288 61
288 62
288 63
288 64
288 65
287 66
287 67
287 68
287 69
287 70
287 71
286 72
286 73
286 74
286 75
286 76
285 77
285 78
285 79
284 80
284 81
284 82
284 83
283 84
283 85
283 86
283 87
282 88
282 89
282 90
282 91
281 92
281 93
281 94
281 95
280 96
280 97
280 98
279 99
279 100
279 101
279 102
280 103
279 104
278 105
278 106
277 107
277 108
277 109
277 110
278 111
277 112
276 113
276 114
275 115
275 116
274 117
274 118
273 119
273 120
273 121
273 122
273 123
273 124
272 125
272 126
272 127
272 128
272 129
271 130
270 131
269 130
268 129
267 129
266 128
265 128
264 127
264 126
264 125
264 124
264 123
264 122
265 121
265 120
265 119
265 118
265 117
265 116
265 115
265 114
266 113
266 112
267 111
267 110
267 109
267 108
268 107
268 106
268 105
268 104
268 103
269 102
269 101
269 100
269 99
269 98
269 97
269 96
269 95
269 94
270 93
270 92
270 91
270 90
270 89
270 88
270 87
270 86
270 85
271 84
271 83
271 82
271 81
271 80
271 79
271 78
271 77
271 76
272 75
272 74
272 73
272 72
272 71
272 70
273 69
273 68
273 67
273 66
273 65
273 64
273 63
274 62
274 61
274 60
274 59
274 58
274 57
274 56
274 55
273 54
273 53
272 52
271 51
270 51
269 50
268 50
267 50
266 50
265 50
264 50
263 49
262 49
261 49
260 49
259 50
258 50
257 51
256 52
256 53
255 54
255 55
255 56
255 57
255 58
255 59
255 60
254 61
254 62
254 63
254 64
254 65
254 66
254 67
254 68
254 69
254 70
254 71
254 72
254 73
254 74
254 75
254 76
254 77
254 78
254 79
254 80
254 81
254 82
254 83
254 84
253 85
253 86
253 87
253 88
253 89
253 90
253 91
253 92
252 93
252 94
252 95
252 96
252 97
251 98
251 99
251 100
251 101
251 102
250 103
250 104
250 105
249 106
249 107
249 108
249 109
248 110
248 111
248 112
247 113
247 114
247 115
246 116
246 117
246 118
245 119
245 120
245 121
244 122
243 122
242 121
241 121
240 121
239 121
238 121
237 121
236 121
235 120
234 120
233 120
232 119
231 119
230 118
230 117
230 116
230 115
230 114
230 113
230 112
230 111
230 110
230 109
230 108
230 107
230 106
230 105
230 104
230 103
230 102
230 101
230 100
230 99
230 98
230 97
230 96
230 95
230 94
230 93
230 92
230 91
230 90
230 89
230 88
230 87
230 86
230 85
230 84
230 83
230 82
230 81
230 80
230 79
230 78
230 77
230 76
230 75
230 74
230 73
230 72
230 71
230 70
230 69
230 68
230 67
230 66
230 65
230 64
230 63
230 62
230 61
230 60
230 59
230 58
229 57
229 56
228 55
227 54
226 53
225 53
224 52
224 51
223 50
222 49
221 49
220 48
219 48
218 48
