183 79
182 80
181 80
181 81
180 82
180 83
179 84
179 85
179 86
178 87
178 88
178 89
178 90
178 91
178 92
178 93
178 94
178 95
178 96
178 97
178 98
178 99
178 100
178 101
178 102
177 103
176 103
175 103
174 103
173 103
172 103
171 103
170 103
169 103
168 104
167 104
166 104
165 104
164 104
163 104
162 105
161 105
160 105
159 105
158 105
157 106
156 106
155 106
154 107
153 108
153 109
153 110
154 111
154 112
155 112
156 113
157 113
158 114
159 114
160 114
161 115
162 115
163 115
164 115
165 115
166 115
167 115
168 115
169 115
170 115
171 115
172 115
173 115
174 115
175 115
176 116
176 117
176 118
176 119
176 120
176 121
176 122
176 123
176 124
176 125
176 126
176 127
176 128
176 129
176 130
176 131
176 132
176 133
176 134
176 135
176 136
176 137
176 138
176 139
176 140
176 141
176 142
176 143
176 144
176 145
176 146
176 147
175 148
174 148
173 148
172 148
171 148
170 148
169 148
168 148
167 148
166 148
165 148
164 148
163 148
162 148
161 148
160 148
159 148
158 148
157 148
156 148
155 148
154 148
153 148
152 148
151 148
150 149
149 149
148 149
147 149
146 149
145 149
144 149
143 149
142 149
141 150
140 150
139 150
138 151
137 151
136 152
135 152
134 153
133 154
132 155
131 156
130 157
129 158
128 159
127 160
126 161
125 162
124 163
123 164
122 165
121 166
121 167
120 168
120 169
119 170
119 171
118 172
117 173
116 173
115 174
114 174
113 174
112 175
111 175
110 175
109 176
108 176
107 176
106 177
105 177
104 178
103 178
102 179
101 179
100 180
99 180
98 181
97 182
96 182
95 183
94 184
93 185
92 185
91 186
90 187
89 188
88 189
88 190
87 191
86 192
86 193
85 194
85 195
84 196
84 197
84 198
83 199
83 200
83 201
82 202
82 203
82 204
82 205
82 206
83 207
83 208
84 209
84 210
85 211
86 212
87 213
88 214
89 215
90 216
91 217
92 218
93 218
94 219
95 219
96 219
97 220
98 220
99 220
100 221
101 221
102 221
103 221
104 222
105 222
106 223
107 223
108 224
109 224
110 224
111 224
112 224
113 224
114 224
115 224
116 224
117 224
118 224
119 224
120 224
121 224
122 224
123 224
124 224
125 224
126 225
127 225
128 225
129 225
130 226
131 226
132 226
133 226
134 226
135 226
136 226
137 226
138 227
139 227
140 227
141 228
142 228
143 228
144 228
145 228
146 228
147 228
148 228
149 229
150 229
151 229
152 229
153 229
154 229
155 229
156 229
157 229
158 229
159 229
160 230
161 230
162 230
163 230
164 230
165 230
166 230
167 230
168 231
169 231
170 231
171 231
172 231
173 231
174 231
175 231
176 231
177 231
178 231
179 232
180 232
181 232
182 232
183 232
184 232
185 232
186 233
187 233
188 233
189 233
190 233
191 233
192 233
193 233
194 233
195 233
196 233
197 233
198 233
199 233
200 233
201 233
202 233
203 233
204 233
205 233
206 233
207 233
208 233
209 233
210 233
211 233
212 233
213 233
214 233
215 233
216 233
217 233
218 232
219 232
220 232
221 232
222 232
223 232
224 231
225 231
226 230
227 230
228 230
229 230
230 230
231 229
232 229
233 228
234 227
235 227
236 227
237 226
238 226
239 225
240 224
241 223
242 222
243 222
244 222
245 221
246 221
247 221
248 220
249 220
250 220
251 220
252 220
253 219
254 219
255 219
256 218
257 218
258 218
259 217
260 217
261 217
262 216
263 216
264 215
265 214
266 214
267 213
268 213
269 213
270 212
271 212
272 211
273 211
274 210
275 209
276 208
277 208
278 207
279 206
280 205
281 204
282 204
283 203
284 202
285 201
286 200
286 199
287 198
287 197
287 196
287 195
288 194
288 193
288 192
288 191
288 190
288 189
288 188
287 187
286 186
285 186
284 185
283 185
282 184
281 184
280 184
279 183
278 183
277 182
276 182
275 182
274 181
273 181
272 180
271 180
270 179
269 179
268 178
267 178
266 177
265 177
264 176
263 176
262 176
261 175
260 175
259 175
258 174
257 174
256 174
255 174
254 173
253 173
252 173
251 172
251 171
251 170
251 169
251 168
251 167
251 166
250 165
250 164
250 163
249 162
249 161
249 160
249 159
249 158
248 157
248 156
247 155
247 154
246 154
245 153
244 152
243 152
242 151
241 151
240 151
239 151
238 151
237 150
236 150
235 149
234 149
233 149
232 149
231 149
230 149
229 149
228 149
227 149
226 149
225 149
224 149
223 149
222 149
221 149
220 149
219 149
218 149
217 149
216 149
215 149
214 149
213 149
212 149
211 149
210 149
209 149
208 149
207 149
206 149
205 149
204 149
203 149
202 149
201 149
200 149
199 149
198 149
197 148
196 148
195 148
194 147
193 147
192 147
191 146
191 145
191 144
191 143
190 142
190 141
190 140
190 139
190 138
190 137
190 136
190 135
190 134
190 133
190 132
190 131
190 130
190 129
190 128
190 127
190 126
190 125
190 124
190 123
190 122
190 121
190 120
190 119
190 118
190 117
190 116
191 115
192 114
193 114
194 114
195 114
196 114
197 114
198 114
199 113
200 113
201 113
202 113
203 113
204 113
205 113
206 113
207 112
208 112
209 112
210 111
211 111
211 110
212 109
212 108
212 107
212 106
212 105
212 104
211 103
210 102
209 102
208 102
207 102
206 102
205 102
204 102
203 102
202 102
201 102
200 102
199 102
198 102
197 102
196 102
195 103
194 103
193 103
192 103
191 102
191 101
191 100
191 99
191 98
190 97
190 96
190 95
190 94
190 93
190 92
190 91
190 90
190 89
189 88
189 87
189 86
189 85
189 84
189 83
189 82
188 81
188 80
187 80
186 79
185 79
184 79
