180 82
179 83
178 83
177 84
176 85
176 86
175 87
175 88
176 89
176 90
177 91
177 92
178 93
178 94
179 95
179 96
179 97
179 98
179 99
179 100
179 101
179 102
179 103
178 104
178 105
177 106
176 106
175 106
174 106
173 106
172 106
171 106
170 106
169 106
168 106
167 106
166 105
165 105
164 105
163 105
162 105
161 104
160 104
159 104
158 104
157 104
156 105
155 105
155 106
154 107
154 108
153 109
154 110
155 111
156 111
157 111
158 111
159 111
160 111
161 111
162 111
163 111
164 111
165 112
166 112
167 112
168 112
169 113
170 114
171 114
172 115
173 116
173 117
174 117
175 118
176 118
177 119
177 120
177 121
177 122
177 123
177 124
177 125
177 126
177 127
177 128
177 129
177 130
177 131
177 132
177 133
177 134
177 135
176 136
176 137
176 138
176 139
176 140
175 141
175 142
175 143
175 144
174 145
174 146
174 147
174 148
174 149
173 150
172 150
171 150
170 150
169 150
168 150
167 150
166 150
165 150
164 150
163 150
162 150
161 150
160 150
159 150
158 151
157 151
156 152
155 153
154 153
153 153
152 153
151 154
150 154
149 154
148 155
147 155
146 155
145 156
144 156
143 156
142 156
141 157
140 157
139 157
138 158
137 158
136 158
135 159
134 159
133 160
132 160
131 160
130 161
129 161
128 162
127 162
126 163
125 163
124 164
123 164
122 165
121 166
120 167
120 168
120 169
119 170
118 170
117 170
116 170
115 171
114 171
113 171
112 172
111 172
110 172
109 173
108 173
107 174
106 174
105 175
104 175
103 176
102 176
101 177
100 177
99 178
98 178
97 179
96 179
95 180
94 181
93 182
92 183
92 184
91 185
90 186
90 187
89 188
88 189
88 190
87 191
87 192
86 193
85 194
85 195
84 196
84 197
84 198
83 199
83 200
83 201
83 202
83 203
83 204
83 205
83 206
84 207
84 208
85 209
85 210
86 211
86 212
87 213
87 214
88 215
89 216
90 217
91 217
92 218
93 218
94 219
95 219
96 219
97 219
98 219
99 220
100 220
101 221
102 221
103 221
104 221
105 222
106 222
107 222
108 222
109 222
110 222
111 223
112 223
113 223
114 223
115 223
116 223
117 223
118 224
119 224
120 224
121 224
122 225
123 225
124 226
125 226
126 226
127 226
128 227
129 227
130 227
131 227
132 228
133 228
134 228
135 229
136 229
137 229
138 229
139 229
140 229
141 230
142 230
143 230
144 230
145 231
146 231
147 231
148 231
149 231
150 231
151 232
152 232
153 232
154 232
155 232
156 232
157 232
158 233
159 233
160 233
161 233
162 233
163 233
164 233
165 234
166 234
167 234
168 234
169 234
170 234
171 235
172 235
173 235
174 235
175 235
176 235
177 235
178 235
179 236
180 236
181 236
182 237
183 237
184 237
185 237
186 237
187 238
188 238
189 238
190 238
191 238
192 238
193 238
194 238
195 238
196 238
197 238
198 238
199 238
200 238
201 238
202 238
203 238
204 237
205 237
206 237
207 236
208 236
209 236
210 236
211 235
212 235
213 234
214 234
215 233
216 233
217 232
218 232
219 231
220 231
221 230
222 230
223 230
224 229
225 229
226 229
227 228
228 228
229 228
230 227
231 227
232 227
233 227
234 227
235 226
236 226
237 226
238 226
239 225
240 225
241 225
242 225
243 224
244 224
245 223
246 222
247 222
248 221
249 221
250 220
251 219
252 218
253 218
254 217
255 217
256 217
257 216
258 216
259 216
260 215
261 215
262 215
263 215
264 215
265 214
266 214
267 214
268 214
269 214
270 214
271 214
272 214
273 214
274 214
275 214
276 213
277 213
278 212
279 212
280 211
281 210
281 209
282 208
282 207
282 206
283 205
283 204
283 203
284 202
284 201
284 200
284 199
284 198
284 197
284 196
284 195
284 194
284 193
284 192
284 191
284 190
283 189
283 188
282 187
282 186
281 185
280 185
279 184
278 183
277 183
276 182
275 182
274 181
273 180
272 180
271 179
270 178
269 178
268 177
267 177
266 177
265 176
264 176
263 176
262 175
261 175
260 175
259 174
258 174
257 173
256 173
255 172
254 172
253 172
252 171
251 171
250 170
250 169
250 168
250 167
250 166
250 165
250 164
250 163
250 162
249 161
249 160
248 160
247 159
246 158
245 158
244 157
243 157
242 157
241 156
240 156
239 155
238 155
237 154
236 154
235 154
234 154
233 153
232 153
231 153
230 152
229 152
228 151
227 151
226 151
225 151
224 151
223 150
222 150
221 150
220 150
219 149
218 149
217 149
216 149
215 149
214 148
213 148
212 148
211 148
210 148
209 148
208 148
207 148
206 148
205 147
204 147
203 147
202 147
201 147
200 147
199 147
198 147
197 147
196 147
195 146
195 145
195 144
195 143
195 142
195 141
195 140
195 139
195 138
195 137
194 136
194 135
194 134
193 133
193 132
193 131
192 130
192 129
191 128
191 127
191 126
191 125
190 124
190 123
190 122
190 121
190 120
190 119
190 118
190 117
191 116
192 115
193 115
194 115
195 114
196 114
197 114
198 114
199 114
200 114
201 114
202 114
203 114
204 114
205 113
206 113
207 113
208 113
209 113
210 113
211 112
212 111
212 110
213 109
213 108
213 107
212 106
212 105
211 104
210 104
209 103
208 103
207 102
206 102
205 101
204 101
203 101
202 101
201 101
200 101
199 101
198 101
197 101
196 101
195 101
194 101
193 101
192 101
191 101
190 100
190 99
190 98
190 97
189 96
189 95
189 94
189 93
189 92
188 91
188 90
187 89
187 88
187 87
187 86
187 85
186 84
186 83
185 82
184 82
183 82
182 82
181 82
