182 85
181 86
180 87
180 88
180 89
180 90
180 91
180 92
180 93
180 94
180 95
180 96
180 97
180 98
180 99
180 100
180 101
180 102
179 103
178 103
177 104
176 104
175 104
174 104
173 104
172 105
171 105
170 105
169 105
168 105
167 105
166 105
165 105
164 105
163 105
162 106
161 106
160 106
159 107
158 107
157 107
156 108
155 108
155 109
154 110
154 111
154 112
155 113
155 114
156 114
157 115
158 115
159 116
160 116
161 117
162 117
163 117
164 117
165 117
166 117
167 117
168 117
169 117
170 118
171 118
172 119
173 119
174 120
175 121
175 122
175 123
175 124
175 125
175 126
175 127
175 128
175 129
175 130
175 131
175 132
175 133
175 134
175 135
175 136
175 137
175 138
175 139
175 140
175 141
175 142
175 143
175 144
175 145
175 146
174 147
173 147
172 147
171 147
170 147
169 148
168 148
167 148
166 148
165 148
164 148
163 148
162 148
161 148
160 149
159 149
158 149
157 149
156 149
155 150
154 150
153 150
152 150
151 151
150 151
149 151
148 151
147 151
146 152
145 152
144 152
143 152
142 153
141 153
140 153
139 154
138 154
137 154
136 154
135 155
134 155
133 156
132 156
131 157
130 157
129 157
128 158
127 158
126 159
125 160
125 161
124 162
124 163
124 164
124 165
123 166
123 167
123 168
122 169
121 170
120 170
119 171
118 171
117 171
116 171
115 172
114 172
113 172
112 173
111 173
110 173
109 173
108 174
107 174
106 174
105 175
104 175
103 176
102 176
101 177
100 177
99 178
98 178
97 179
96 180
96 181
95 182
95 183
95 184
94 185
94 186
93 187
93 188
92 189
92 190
91 191
91 192
91 193
90 194
90 195
89 196
89 197
89 198
88 199
88 200
88 201
87 202
87 203
87 204
86 205
86 206
86 207
86 208
86 209
86 210
87 211
88 212
89 213
90 213
91 214
92 214
93 214
94 215
95 215
96 215
97 216
98 216
99 217
100 218
101 219
102 219
103 220
104 221
105 221
106 222
107 223
108 223
109 224
110 224
111 224
112 225
113 225
114 226
115 226
116 226
117 226
118 227
119 227
120 227
121 228
122 228
123 228
124 228
125 228
126 229
127 229
128 229
129 230
130 230
131 230
132 230
133 230
134 230
135 230
136 230
137 230
138 230
139 230
140 230
141 230
142 231
143 231
144 231
145 231
146 231
147 231
148 231
149 231
150 231
151 231
152 231
153 231
154 231
155 231
156 231
157 231
158 231
159 231
160 231
161 231
162 231
163 232
164 232
165 232
166 232
167 232
168 232
169 232
170 232
171 232
172 232
173 232
174 232
175 232
176 232
177 232
178 233
179 233
180 233
181 233
182 233
183 233
184 233
185 233
186 233
187 233
188 233
189 233
190 233
191 233
192 233
193 233
194 233
195 233
196 233
197 233
198 233
199 233
200 233
201 233
202 233
203 233
204 233
205 233
206 233
207 233
208 233
209 233
210 233
211 233
212 233
213 233
214 233
215 232
216 232
217 232
218 232
219 232
220 232
221 231
222 231
223 231
224 231
225 231
226 231
227 231
228 230
229 230
230 230
231 230
232 229
233 229
234 229
235 229
236 229
237 229
238 229
239 229
240 229
241 228
242 228
243 228
244 228
245 227
246 227
247 226
248 226
249 225
250 224
251 224
252 223
253 223
254 222
255 222
256 221
257 221
258 220
259 220
260 220
261 219
262 219
263 218
264 218
265 218
266 217
267 217
268 217
269 217
270 216
271 216
272 215
273 215
274 214
275 214
276 213
277 212
278 212
279 211
280 211
281 210
282 209
283 208
284 207
285 206
285 205
286 204
286 203
286 202
286 201
287 200
287 199
288 198
288 197
288 196
288 195
288 194
287 193
287 192
286 191
285 191
284 190
283 189
282 189
281 188
280 188
279 187
278 187
277 187
276 186
275 186
274 186
273 186
272 186
271 185
270 185
269 184
268 184
267 183
266 182
265 182
264 181
263 180
262 180
261 179
260 179
259 179
258 179
257 179
256 178
255 178
254 178
253 177
252 177
251 177
250 176
249 176
248 176
247 175
247 174
247 173
247 172
247 171
247 170
247 169
247 168
247 167
247 166
247 165
247 164
247 163
246 162
245 161
244 161
243 161
242 161
241 161
240 161
239 161
238 161
237 161
236 161
235 161
234 161
233 161
232 161
231 161
230 161
229 161
228 161
227 161
226 161
225 161
224 160
223 160
222 160
221 159
220 159
219 159
218 158
217 158
216 158
215 157
214 157
213 156
212 156
211 156
210 155
209 155
208 155
207 155
206 154
205 154
204 154
203 154
202 153
201 153
200 153
199 153
198 153
197 152
196 152
195 151
195 150
195 149
195 148
195 147
195 146
195 145
195 144
194 143
194 142
194 141
194 140
193 139
193 138
193 137
193 136
193 135
193 134
193 133
193 132
193 131
193 130
193 129
193 128
193 127
193 126
193 125
193 124
193 123
193 122
193 121
193 120
193 119
193 118
193 117
194 116
195 116
196 116
197 116
198 115
199 115
200 115
201 115
202 114
203 114
204 114
205 113
206 113
207 113
208 113
209 112
210 112
211 112
212 111
213 111
214 110
214 109
215 108
215 107
214 106
213 105
212 105
211 105
210 105
209 105
208 105
207 105
206 105
205 105
204 105
203 105
202 105
201 105
200 105
199 105
198 105
197 105
196 105
195 105
194 106
193 106
192 106
191 106
190 105
190 104
190 103
190 102
190 101
190 100
190 99
190 98
190 97
190 96
190 95
190 94
190 93
190 92
190 91
190 90
190 89
190 88
190 87
189 86
188 85
187 85
186 85
185 85
184 85
183 85
