177 82
176 83
175 84
175 85
175 86
175 87
175 88
175 89
175 90
175 91
175 92
175 93
175 94
175 95
175 96
175 97
175 98
175 99
175 100
175 101
175 102
174 103
173 103
172 103
171 103
170 103
169 103
168 103
167 103
166 103
165 103
164 103
163 103
162 103
161 104
160 104
159 105
158 105
157 106
156 106
155 107
154 108
154 109
154 110
155 110
156 111
157 111
158 111
159 111
160 112
161 112
162 112
163 112
164 113
165 113
166 113
167 113
168 113
169 113
170 114
170 115
170 116
170 117
170 118
170 119
170 120
170 121
170 122
170 123
170 124
170 125
170 126
170 127
170 128
170 129
170 130
170 131
170 132
170 133
170 134
170 135
170 136
170 137
170 138
170 139
170 140
170 141
170 142
170 143
170 144
170 145
170 146
170 147
170 148
169 149
168 149
167 149
166 149
165 149
164 149
163 149
162 149
161 149
160 149
159 149
158 149
157 149
156 149
155 150
154 150
153 150
152 150
151 150
150 150
149 150
148 150
147 151
146 151
145 151
144 151
143 152
142 152
141 152
140 152
139 153
138 153
137 153
136 153
135 154
134 154
133 154
132 155
131 155
130 156
129 156
128 157
127 157
127 158
126 159
126 160
125 161
124 162
124 163
123 164
123 165
123 166
123 167
122 168
122 169
122 170
121 171
120 172
119 173
118 173
117 173
116 173
115 174
114 174
113 174
112 175
111 175
110 175
109 176
108 176
107 177
106 177
105 178
104 178
103 179
102 179
101 180
100 181
99 181
98 182
97 183
96 183
95 184
94 185
93 186
92 187
91 188
90 189
89 190
88 191
88 192
87 193
87 194
86 195
86 196
85 197
85 198
85 199
85 200
84 201
84 202
84 203
84 204
84 205
84 206
84 207
85 208
85 209
86 209
87 210
88 211
89 212
90 213
91 213
92 214
93 214
94 215
95 215
96 216
97 216
98 216
99 217
100 217
101 218
102 218
103 218
104 219
105 219
106 219
107 219
108 220
109 220
110 220
111 221
112 221
113 221
114 221
115 221
116 222
117 222
118 222
119 222
120 222
121 223
122 223
123 223
124 224
125 224
126 224
127 224
128 224
129 225
130 225
131 225
132 225
133 226
134 226
135 226
136 226
137 227
138 227
139 227
140 227
141 228
142 228
143 228
144 229
145 229
146 229
147 230
148 230
149 230
150 230
151 231
152 231
153 231
154 231
155 231
156 232
157 232
158 232
159 232
160 232
161 232
162 232
163 232
164 232
165 233
166 233
167 233
168 233
169 233
170 233
171 233
172 233
173 234
174 234
175 234
176 234
177 234
178 234
179 235
180 235
181 235
182 235
183 235
184 236
185 236
186 236
187 236
188 236
189 236
190 236
191 236
192 236
193 236
194 236
195 236
196 236
197 236
198 236
199 236
200 237
201 237
202 237
203 237
204 237
205 237
206 237
207 237
208 237
209 237
210 237
211 237
212 237
213 237
214 237
215 237
216 237
217 237
218 237
219 237
220 236
221 236
222 236
223 236
224 236
225 235
226 235
227 235
228 235
229 234
230 234
231 233
232 233
233 233
234 233
235 232
236 232
237 232
238 231
239 231
240 231
241 230
242 230
243 229
244 229
245 228
246 228
247 227
248 227
249 226
250 225
251 224
252 223
253 223
254 222
255 221
256 220
257 219
258 218
259 217
260 216
261 215
262 214
263 214
264 214
265 213
266 213
267 213
268 212
269 212
270 211
271 211
272 210
273 210
274 209
275 208
276 207
277 206
278 205
278 204
279 203
279 202
280 201
280 200
281 199
281 198
282 197
282 196
283 195
283 194
283 193
283 192
283 191
283 190
283 189
282 188
281 187
280 187
279 187
278 187
277 186
276 186
275 185
274 185
273 185
272 185
271 184
270 184
269 184
268 184
267 183
266 182
265 182
264 181
263 181
262 181
261 180
260 180
259 179
258 179
257 179
256 178
255 178
254 177
253 177
252 177
251 176
251 175
250 174
250 173
250 172
250 171
250 170
250 169
250 168
250 167
250 166
250 165
250 164
250 163
250 162
250 161
250 160
249 159
249 158
248 157
247 156
246 156
245 156
244 156
243 156
242 156
241 156
240 155
239 155
238 155
237 155
236 155
235 154
234 154
233 154
232 153
231 153
230 152
229 152
228 152
227 152
226 152
225 152
224 152
223 151
222 151
221 151
220 151
219 151
218 151
217 151
216 150
215 150
214 150
213 150
212 150
211 150
210 149
209 149
208 149
207 149
206 149
205 149
204 149
203 148
202 148
201 148
200 148
199 148
198 147
197 147
196 147
195 147
194 146
194 145
193 144
193 143
193 142
193 141
193 140
193 139
193 138
193 137
193 136
193 135
193 134
193 133
193 132
192 131
192 130
192 129
192 128
192 127
192 126
192 125
192 124
192 123
192 122
192 121
192 120
193 119
194 119
195 119
196 119
197 119
198 119
199 119
200 119
201 119
202 119
203 119
204 118
205 118
206 118
207 118
208 117
209 117
210 116
211 115
212 114
213 113
214 113
215 112
216 111
216 110
217 109
217 108
216 107
215 106
214 106
213 106
212 106
211 106
210 106
209 106
208 106
207 106
206 106
205 106
204 106
203 106
202 106
201 106
200 106
199 106
198 106
197 106
196 106
195 106
194 106
193 106
192 106
191 105
191 104
191 103
191 102
191 101
191 100
191 99
191 98
191 97
191 96
191 95
191 94
191 93
191 92
190 91
190 90
190 89
190 88
189 87
189 86
189 85
188 84
188 83
187 83
186 82
185 82
184 82
183 82
182 82
181 82
180 82
179 82
178 82
