175 69
174 70
173 71
173 72
173 73
173 74
173 75
173 76
173 77
173 78
173 79
173 80
173 81
173 82
173 83
173 84
173 85
173 86
173 87
173 88
173 89
173 90
173 91
173 92
173 93
173 94
173 95
173 96
173 97
173 98
173 99
172 100
171 100
170 100
169 100
168 100
167 100
166 100
165 100
164 100
163 100
162 100
161 100
160 100
159 100
158 100
157 100
156 101
155 101
154 102
153 103
153 104
154 105
154 106
155 107
156 108
157 109
158 110
159 110
160 111
161 111
162 112
163 112
164 113
165 113
166 113
167 113
168 113
169 113
170 114
171 114
172 115
172 116
172 117
172 118
172 119
172 120
172 121
172 122
172 123
171 124
171 125
171 126
171 127
171 128
171 129
171 130
171 131
170 132
170 133
170 134
170 135
169 136
169 137
169 138
169 139
169 140
168 141
167 142
166 142
165 142
164 142
163 142
162 142
161 142
160 142
159 142
158 142
157 142
156 142
155 143
154 143
153 143
152 143
151 143
150 143
149 143
148 144
147 144
146 145
145 145
144 145
143 146
142 146
141 146
140 147
139 147
138 148
137 148
136 149
135 149
134 149
133 150
132 150
131 151
130 152
129 152
128 153
127 153
126 154
125 154
124 155
123 155
122 156
121 156
120 157
119 157
119 158
118 159
118 160
117 161
116 162
115 162
114 163
113 163
112 164
111 164
110 164
109 165
108 165
107 166
106 166
105 167
104 167
103 168
102 168
101 169
100 169
99 170
98 170
97 171
96 172
95 173
94 173
94 174
93 175
92 176
92 177
91 178
90 179
89 179
88 180
87 180
86 181
85 181
84 182
83 183
82 184
82 185
82 186
82 187
83 188
83 189
83 190
83 191
83 192
84 193
84 194
84 195
85 196
85 197
86 198
86 199
87 200
87 201
88 202
88 203
89 204
89 205
90 206
90 207
91 207
92 208
93 208
94 208
95 209
96 209
97 209
98 209
99 210
100 210
101 211
102 211
103 211
104 212
105 212
106 213
107 213
108 214
109 215
110 216
111 216
112 217
113 217
114 218
115 218
116 219
117 219
118 220
119 220
120 220
121 221
122 221
123 221
124 222
125 222
126 223
127 223
128 224
129 224
130 224
131 225
132 225
133 226
134 226
135 226
136 227
137 227
138 227
139 228
140 228
141 228
142 229
143 229
144 229
145 229
146 230
147 230
148 230
149 230
150 230
151 230
152 230
153 230
154 230
155 230
156 230
157 230
158 230
159 230
160 230
161 230
162 230
163 230
164 230
165 230
166 230
167 230
168 230
169 230
170 230
171 230
172 230
173 230
174 230
175 230
176 230
177 230
178 230
179 230
180 230
181 230
182 230
183 230
184 230
185 230
186 230
187 230
188 230
189 230
190 230
191 230
192 230
193 230
194 230
195 230
196 230
197 230
198 230
199 230
200 230
201 230
202 230
203 230
204 230
205 230
206 230
207 230
208 230
209 230
210 230
211 230
212 230
213 230
214 230
215 230
216 230
217 229
218 229
219 229
220 229
221 229
222 229
223 229
224 229
225 228
226 228
227 228
228 228
229 228
230 228
231 227
232 227
233 227
234 226
235 226
236 226
237 225
238 225
239 224
240 224
241 224
242 223
243 223
244 222
245 222
246 221
247 221
248 221
249 220
250 220
251 219
252 218
253 218
254 217
255 216
256 216
257 215
258 214
259 214
260 213
261 213
262 212
263 212
264 211
265 211
266 210
267 210
268 209
269 209
270 208
271 208
272 207
273 206
274 206
275 205
276 204
277 204
278 203
279 202
279 201
280 200
280 199
280 198
280 197
280 196
280 195
280 194
280 193
280 192
279 191
279 190
278 189
277 188
276 187
275 186
274 185
273 184
272 183
271 183
270 182
269 181
268 180
267 179
266 178
265 177
264 176
263 176
262 175
261 174
261 173
260 172
259 171
258 170
257 169
256 169
255 168
254 168
253 167
252 166
251 166
250 165
249 165
248 165
247 164
246 163
246 162
246 161
245 160
245 159
244 158
243 157
242 156
242 155
241 154
240 153
239 152
238 152
237 151
236 150
235 149
234 149
233 148
232 148
231 147
230 147
229 146
228 146
227 146
226 146
225 145
224 145
223 145
222 145
221 144
220 144
219 144
218 144
217 144
216 144
215 144
214 144
213 144
212 143
211 143
210 143
209 143
208 143
207 143
206 143
205 142
204 142
203 142
202 142
201 142
200 142
199 141
198 141
197 141
196 141
195 141
194 141
193 141
192 141
191 141
190 141
189 140
189 139
189 138
189 137
189 136
189 135
190 134
190 133
190 132
190 131
190 130
190 129
190 128
190 127
190 126
190 125
190 124
190 123
190 122
190 121
190 120
190 119
190 118
190 117
191 116
191 115
191 114
192 113
193 113
194 113
195 112
196 112
197 112
198 111
199 111
200 110
201 110
202 109
203 109
204 108
205 108
206 107
207 107
208 106
209 106
210 105
211 104
212 104
212 103
212 102
211 102
210 101
209 101
208 101
207 101
206 101
205 101
204 101
203 101
202 101
201 101
200 101
199 101
198 100
197 100
196 100
195 100
194 100
193 99
192 99
191 99
190 99
189 99
188 98
188 97
188 96
188 95
188 94
188 93
188 92
188 91
188 90
188 89
188 88
188 87
188 86
188 85
188 84
188 83
188 82
188 81
188 80
188 79
188 78
188 77
188 76
188 75
188 74
187 73
187 72
186 71
185 70
184 70
183 69
182 69
181 69
180 69
179 69
178 69
177 69
176 69
