181 84
180 85
179 85
179 86
178 87
178 88
178 89
177 90
177 91
177 92
177 93
176 94
176 95
176 96
176 97
176 98
176 99
176 100
176 101
176 102
176 103
176 104
176 105
175 106
174 106
173 106
172 106
171 106
170 105
169 105
168 104
167 104
166 104
165 104
164 105
163 105
162 105
161 106
160 107
160 108
160 109
161 110
161 111
161 112
162 113
162 114
163 115
163 116
164 117
165 118
166 119
167 119
168 120
169 120
170 121
171 121
172 121
173 121
174 121
175 121
176 122
177 123
177 124
177 125
177 126
177 127
177 128
177 129
177 130
177 131
177 132
177 133
177 134
177 135
177 136
177 137
177 138
177 139
177 140
177 141
177 142
177 143
176 144
176 145
175 146
174 146
173 146
172 146
171 146
170 146
169 146
168 146
167 146
166 146
165 146
164 146
163 146
162 146
161 146
160 146
159 146
158 147
157 147
156 147
155 147
154 147
153 147
152 148
151 148
150 148
149 148
148 149
147 149
146 149
145 149
144 150
143 150
142 151
141 151
140 152
139 152
138 153
137 154
136 154
135 155
134 155
133 155
132 156
131 156
130 157
129 157
128 157
127 157
126 157
125 158
124 158
123 159
122 159
121 159
120 159
119 160
118 161
118 162
118 163
118 164
118 165
118 166
118 167
118 168
118 169
117 170
116 171
115 171
114 172
113 172
112 172
111 173
110 173
109 173
108 174
107 174
106 175
105 175
104 176
103 176
102 177
101 178
100 178
99 179
98 180
97 180
96 181
95 181
94 182
93 182
92 183
91 183
90 184
89 184
88 184
87 185
86 185
85 186
84 187
83 188
83 189
82 190
82 191
82 192
82 193
82 194
82 195
83 196
83 197
83 198
83 199
83 200
84 201
84 202
84 203
85 204
85 205
86 206
86 207
87 208
87 209
88 210
88 211
89 212
90 213
91 214
92 214
93 215
94 215
95 216
96 216
97 217
98 217
99 218
100 219
101 219
102 220
103 220
104 221
105 221
106 222
107 222
108 222
109 223
110 223
111 223
112 223
113 224
114 224
115 224
116 225
117 225
118 225
119 225
120 225
121 225
122 225
123 226
124 226
125 226
126 226
127 226
128 227
129 227
130 227
131 228
132 228
133 229
134 229
135 229
136 229
137 230
138 230
139 230
140 231
141 231
142 231
143 231
144 231
145 231
146 232
147 232
148 232
149 232
150 232
151 232
152 232
153 232
154 232
155 232
156 232
157 232
158 232
159 232
160 232
161 232
162 232
163 232
164 232
165 232
166 232
167 232
168 232
169 232
170 232
171 232
172 232
173 232
174 232
175 232
176 232
177 232
178 232
179 232
180 232
181 232
182 232
183 232
184 232
185 232
186 232
187 232
188 232
189 232
190 232
191 232
192 232
193 232
194 232
195 232
196 232
197 231
198 231
199 231
200 231
201 231
202 231
203 231
204 231
205 231
206 231
207 231
208 231
209 231
210 230
211 230
212 230
213 230
214 230
215 230
216 230
217 230
218 230
219 230
220 230
221 230
222 229
223 229
224 229
225 228
226 228
227 228
228 228
229 228
230 227
231 227
232 227
233 227
234 227
235 227
236 227
237 226
238 226
239 226
240 226
241 226
242 225
243 225
244 224
245 224
246 224
247 223
248 223
249 223
250 222
251 222
252 222
253 221
254 221
255 220
256 220
257 220
258 219
259 219
260 219
261 218
262 218
263 217
264 217
265 217
266 217
267 216
268 216
269 216
270 216
271 216
272 215
273 215
274 214
275 214
276 214
277 213
278 213
279 212
280 211
280 210
281 209
281 208
282 207
282 206
282 205
283 204
283 203
283 202
283 201
283 200
283 199
283 198
283 197
283 196
283 195
282 194
282 193
281 192
281 191
280 190
280 189
279 188
279 187
278 186
277 185
276 184
275 183
274 182
273 181
272 180
271 180
270 179
269 178
268 178
267 177
266 176
265 175
264 174
263 173
262 172
261 172
260 171
259 170
258 170
257 169
256 169
255 169
254 168
253 168
252 168
251 167
250 167
249 167
248 167
247 167
246 167
245 166
245 165
245 164
245 163
245 162
245 161
245 160
244 159
244 158
243 158
242 157
241 156
240 156
239 155
238 155
237 155
236 155
235 154
234 154
233 153
232 153
231 153
230 152
229 152
228 152
227 151
226 151
225 151
224 151
223 151
222 151
221 151
220 151
219 151
218 151
217 151
216 151
215 151
214 151
213 151
212 151
211 151
210 151
209 151
208 151
207 151
206 151
205 151
204 151
203 151
202 151
201 151
200 151
199 151
198 151
197 151
196 151
195 151
194 151
193 151
192 151
191 150
190 149
190 148
190 147
190 146
190 145
189 144
189 143
189 142
189 141
189 140
189 139
189 138
189 137
189 136
189 135
189 134
189 133
189 132
189 131
189 130
189 129
189 128
189 127
189 126
189 125
189 124
189 123
189 122
189 121
189 120
189 119
189 118
189 117
189 116
190 115
191 115
192 115
193 115
194 115
195 115
196 115
197 115
198 115
199 115
200 114
201 114
202 114
203 113
204 113
205 113
206 112
207 112
208 111
209 111
210 110
211 110
211 109
211 108
210 107
210 106
209 106
208 105
207 105
206 105
205 105
204 106
203 106
202 106
201 106
200 106
199 106
198 106
197 106
196 106
195 106
194 106
193 106
192 106
191 106
190 106
189 106
188 105
188 104
188 103
188 102
188 101
188 100
188 99
188 98
188 97
188 96
188 95
188 94
188 93
188 92
188 91
189 90
189 89
189 88
189 87
190 86
189 85
188 84
187 84
186 84
185 84
184 84
183 84
182 84
