185 78
184 79
183 79
182 79
181 80
180 80
179 81
178 82
177 82
177 83
176 84
176 85
175 86
175 87
175 88
175 89
174 90
174 91
174 92
175 93
175 94
175 95
176 96
176 97
176 98
176 99
176 100
176 101
176 102
175 103
174 104
173 104
172 104
171 104
170 104
169 104
168 104
167 104
166 104
165 105
164 105
163 105
162 106
161 106
160 107
159 107
158 108
157 108
157 109
156 110
156 111
155 112
155 113
155 114
156 115
157 116
158 116
159 116
160 116
161 116
162 116
163 116
164 116
165 116
166 116
167 116
168 116
169 116
170 116
171 116
172 116
173 116
174 116
175 117
175 118
176 119
176 120
176 121
177 122
177 123
177 124
177 125
177 126
177 127
177 128
177 129
177 130
177 131
177 132
177 133
177 134
177 135
177 136
176 137
176 138
176 139
176 140
175 141
175 142
174 143
174 144
173 145
173 146
173 147
172 148
171 149
170 149
169 149
168 149
167 149
166 149
165 149
164 149
163 149
162 149
161 149
160 149
159 149
158 149
157 149
156 149
155 149
154 149
153 149
152 149
151 149
150 149
149 149
148 149
147 149
146 149
145 150
144 150
143 150
142 150
141 151
140 151
139 151
138 152
137 152
136 153
135 153
134 153
133 154
132 154
131 155
130 156
129 156
128 157
127 157
126 158
125 159
124 160
123 161
122 162
122 163
121 164
121 165
120 166
120 167
120 168
120 169
120 170
119 171
118 171
117 171
116 172
115 172
114 172
113 173
112 173
111 174
110 175
109 175
108 176
107 177
106 178
105 179
104 180
103 181
102 182
101 183
100 184
99 185
98 185
97 186
96 187
95 188
94 188
93 189
92 190
91 191
90 192
89 193
89 194
88 195
88 196
87 197
87 198
87 199
87 200
87 201
87 202
87 203
87 204
87 205
87 206
88 207
88 208
89 209
89 210
90 211
91 211
92 212
93 212
94 213
95 214
96 214
97 215
98 215
99 215
100 216
101 216
102 216
103 217
104 217
105 218
106 218
107 219
108 219
109 220
110 220
111 220
112 221
113 221
114 222
115 223
116 224
117 224
118 225
119 225
120 226
121 226
122 226
123 227
124 227
125 227
126 228
127 228
128 228
129 228
130 229
131 229
132 229
133 229
134 229
135 229
136 229
137 229
138 230
139 230
140 230
141 230
142 230
143 230
144 231
145 231
146 231
147 231
148 232
149 232
150 232
151 232
152 232
153 233
154 233
155 233
156 233
157 233
158 233
159 233
160 234
161 234
162 234
163 234
164 234
165 234
166 234
167 234
168 234
169 234
170 234
171 234
172 234
173 234
174 235
175 235
176 235
177 235
178 235
179 235
180 235
181 235
182 235
183 235
184 235
185 235
186 235
187 235
188 235
189 235
190 235
191 235
192 235
193 235
194 235
195 235
196 235
197 235
198 235
199 235
200 235
201 235
202 235
203 235
204 235
205 235
206 235
207 235
208 235
209 235
210 235
211 235
212 235
213 235
214 235
215 235
216 235
217 235
218 235
219 235
220 235
221 235
222 235
223 235
224 235
225 235
226 235
227 234
228 234
229 234
230 233
231 233
232 233
233 232
234 232
235 231
236 231
237 231
238 230
239 230
240 229
241 229
242 229
243 228
244 228
245 227
246 227
247 226
248 226
249 225
250 225
251 224
252 224
253 223
254 223
255 222
256 222
257 222
258 221
259 221
260 220
261 219
262 219
263 218
264 217
265 216
266 215
267 215
268 214
269 214
270 213
271 212
272 212
273 212
274 211
275 211
276 210
277 210
278 209
279 208
280 207
281 207
282 206
283 205
283 204
284 203
284 202
285 201
285 200
286 199
286 198
286 197
286 196
286 195
286 194
286 193
286 192
286 191
286 190
285 189
285 188
284 187
283 186
282 185
281 184
280 183
279 183
278 182
277 182
276 181
275 181
274 180
273 180
272 179
271 179
270 178
269 178
268 178
267 178
266 177
265 177
264 177
263 176
262 176
261 175
260 175
259 175
258 174
257 174
256 174
255 173
254 173
253 173
252 173
251 172
250 172
249 171
249 170
249 169
248 168
248 167
248 166
248 165
248 164
248 163
247 162
247 161
246 160
245 159
244 158
243 158
242 157
241 157
240 157
239 157
238 157
237 156
236 156
235 156
234 156
233 155
232 155
231 155
230 155
229 155
228 154
227 154
226 154
225 154
224 154
223 154
222 153
221 153
220 153
219 152
218 152
217 152
216 152
215 152
214 152
213 151
212 151
211 151
210 151
209 151
208 151
207 151
206 151
205 151
204 151
203 151
202 151
201 151
200 151
199 151
198 150
197 150
196 150
195 150
194 149
193 148
193 147
192 146
192 145
191 144
191 143
191 142
191 141
191 140
191 139
190 138
190 137
190 136
190 135
190 134
190 133
190 132
190 131
190 130
190 129
190 128
190 127
190 126
190 125
190 124
190 123
190 122
190 121
191 120
192 119
193 119
194 118
195 118
196 118
197 118
198 117
199 117
200 117
201 116
202 116
203 116
204 115
205 115
206 115
207 114
208 114
209 114
210 114
211 113
212 113
213 112
214 112
214 111
215 110
215 109
215 108
214 107
213 106
212 106
211 106
210 106
209 106
208 106
207 106
206 106
205 106
204 106
203 106
202 106
201 106
200 106
199 106
198 106
197 106
196 106
195 106
194 106
193 106
192 106
191 105
191 104
191 103
191 102
191 101
191 100
191 99
191 98
191 97
191 96
191 95
191 94
191 93
190 92
190 91
190 90
190 89
189 88
189 87
189 86
188 85
188 84
188 83
187 82
187 81
187 80
186 79
