182 81
181 82
180 83
180 84
180 85
180 86
180 87
180 88
180 89
180 90
180 91
181 92
181 93
181 94
181 95
182 96
182 97
182 98
182 99
182 100
181 101
180 101
179 102
178 102
177 102
176 102
175 102
174 102
173 102
172 102
171 102
170 102
169 102
168 103
167 103
166 103
165 103
164 103
163 103
162 104
161 104
160 105
159 105
158 106
157 107
156 108
156 109
156 110
157 111
158 111
159 112
160 112
161 113
162 113
163 113
164 114
165 114
166 114
167 115
168 115
169 115
170 115
171 115
172 115
173 116
174 116
175 116
176 116
177 116
178 117
178 118
178 119
178 120
178 121
178 122
178 123
178 124
178 125
178 126
178 127
178 128
178 129
178 130
178 131
178 132
178 133
178 134
177 135
177 136
177 137
177 138
176 139
176 140
176 141
176 142
176 143
176 144
176 145
176 146
176 147
175 148
174 148
173 148
172 148
171 148
170 149
169 149
168 149
167 149
166 149
165 149
164 150
163 150
162 150
161 150
160 150
159 150
158 150
157 150
156 150
155 150
154 150
153 150
152 150
151 150
150 150
149 150
148 150
147 150
146 151
145 151
144 151
143 152
142 152
141 152
140 153
139 153
138 153
137 154
136 154
135 155
134 155
133 155
132 155
131 156
130 156
129 156
128 157
127 157
126 158
125 158
124 159
123 159
123 160
122 161
122 162
122 163
121 164
121 165
121 166
121 167
121 168
121 169
121 170
121 171
120 172
119 172
118 172
117 172
116 172
115 173
114 173
113 174
112 175
111 175
110 176
109 176
108 176
107 177
106 177
105 177
104 177
103 178
102 178
101 179
100 179
99 180
98 180
97 181
96 181
95 182
94 183
93 184
92 184
91 185
91 186
90 187
89 188
89 189
88 190
88 191
88 192
88 193
87 194
87 195
87 196
86 197
86 198
86 199
85 200
85 201
85 202
85 203
85 204
85 205
85 206
85 207
85 208
85 209
86 210
86 211
87 211
88 212
89 212
90 212
91 212
92 213
93 213
94 213
95 214
96 214
97 215
98 216
99 217
100 218
101 219
102 220
103 220
104 221
105 221
106 222
107 222
108 223
109 223
110 223
111 223
112 224
113 224
114 225
115 225
116 225
117 225
118 225
119 225
120 226
121 226
122 226
123 226
124 226
125 226
126 226
127 226
128 227
129 227
130 227
131 228
132 228
133 228
134 228
135 228
136 229
137 229
138 229
139 229
140 229
141 229
142 229
143 229
144 230
145 230
146 230
147 230
148 230
149 231
150 231
151 231
152 231
153 232
154 232
155 232
156 232
157 232
158 232
159 232
160 232
161 233
162 233
163 233
164 233
165 233
166 233
167 233
168 233
169 234
170 234
171 234
172 234
173 234
174 234
175 234
176 234
177 234
178 234
179 234
180 234
181 234
182 234
183 234
184 234
185 234
186 234
187 234
188 234
189 234
190 234
191 234
192 234
193 234
194 234
195 234
196 234
197 234
198 234
199 234
200 234
201 234
202 234
203 234
204 234
205 234
206 234
207 234
208 234
209 234
210 234
211 234
212 234
213 234
214 234
215 234
216 234
217 233
218 233
219 233
220 233
221 232
222 232
223 231
224 231
225 231
226 231
227 230
228 230
229 230
230 230
231 230
232 230
233 229
234 229
235 228
236 228
237 227
238 227
239 227
240 226
241 226
242 225
243 225
244 225
245 224
246 224
247 223
248 223
249 223
250 223
251 222
252 222
253 222
254 222
255 221
256 221
257 221
258 221
259 221
260 220
261 220
262 220
263 220
264 219
265 219
266 219
267 219
268 219
269 218
270 218
271 217
272 217
273 216
274 216
275 215
275 214
276 213
277 212
278 212
279 211
279 210
280 209
280 208
281 207
281 206
282 205
282 204
283 203
283 202
284 201
284 200
285 199
285 198
285 197
285 196
285 195
285 194
284 193
283 192
282 192
281 191
280 190
279 189
278 189
277 188
276 188
275 187
274 186
274 185
273 185
272 184
271 184
270 183
269 183
268 182
267 181
266 181
265 180
264 180
263 180
262 179
261 179
260 178
259 178
258 178
257 177
256 177
255 177
254 177
253 177
252 176
251 176
250 176
249 175
249 174
249 173
249 172
249 171
249 170
249 169
249 168
249 167
249 166
249 165
249 164
249 163
249 162
249 161
249 160
248 159
247 158
246 158
245 158
244 158
243 157
242 157
241 157
240 156
239 156
238 156
237 156
236 156
235 156
234 156
233 156
232 156
231 156
230 156
229 156
228 156
227 156
226 156
225 155
224 155
223 155
222 155
221 155
220 154
219 154
218 154
217 154
216 153
215 153
214 153
213 153
212 152
211 152
210 152
209 152
208 152
207 152
206 152
205 152
204 152
203 151
202 151
201 151
200 151
199 151
198 151
197 150
196 150
195 150
194 150
193 150
192 150
191 150
190 150
189 149
189 148
189 147
189 146
189 145
189 144
189 143
189 142
189 141
189 140
189 139
189 138
189 137
189 136
189 135
189 134
189 133
189 132
189 131
189 130
189 129
189 128
189 127
189 126
190 125
190 124
190 123
190 122
191 121
192 120
193 120
194 119
195 119
196 118
197 118
198 118
199 117
200 117
201 117
202 117
203 116
204 116
205 115
206 115
207 115
208 114
209 114
210 113
211 113
212 113
213 112
214 112
215 112
216 111
217 111
216 110
215 109
214 109
213 109
212 109
211 109
210 109
209 109
208 109
207 109
206 109
205 109
204 109
203 109
202 109
201 109
200 109
199 109
198 109
197 109
196 109
195 109
194 109
193 108
192 108
191 107
190 106
189 105
189 104
189 103
189 102
189 101
189 100
189 99
189 98
189 97
189 96
189 95
189 94
189 93
189 92
189 91
189 90
189 89
189 88
189 87
189 86
189 85
189 84
189 83
188 82
187 81
186 81
185 81
184 81
183 81
