183 81
182 82
181 83
181 84
181 85
181 86
181 87
181 88
181 89
181 90
181 91
181 92
181 93
181 94
181 95
181 96
181 97
181 98
181 99
181 100
181 101
180 102
179 103
178 103
177 104
176 104
175 104
174 104
173 104
172 104
171 104
170 104
169 104
168 104
167 104
166 104
165 104
164 104
163 104
162 104
161 104
160 104
159 105
158 105
157 106
156 106
155 107
155 108
154 109
154 110
153 111
154 112
154 113
155 114
156 114
157 115
158 115
159 115
160 116
161 116
162 116
163 116
164 116
165 117
166 117
167 117
168 118
169 118
170 118
171 118
172 119
173 119
174 119
175 119
176 119
177 120
177 121
177 122
177 123
177 124
177 125
177 126
177 127
177 128
177 129
177 130
177 131
177 132
177 133
177 134
177 135
177 136
177 137
176 138
176 139
176 140
176 141
175 142
175 143
175 144
174 145
174 146
173 147
173 148
172 149
172 150
171 151
170 151
169 151
168 151
167 151
166 151
165 151
164 151
163 151
162 151
161 151
160 151
159 151
158 151
157 151
156 151
155 151
154 151
153 151
152 151
151 151
150 151
149 151
148 151
147 151
146 151
145 151
144 151
143 151
142 151
141 151
140 151
139 151
138 151
137 151
136 152
135 152
134 152
133 153
132 153
131 154
130 154
129 155
128 156
127 156
126 157
125 158
125 159
124 160
124 161
123 162
122 163
122 164
121 165
121 166
120 167
119 168
118 169
117 169
116 170
115 170
114 170
113 171
112 171
111 171
110 172
109 172
108 173
107 173
106 174
105 174
104 175
103 175
102 176
101 176
100 177
99 178
98 179
97 180
96 181
95 182
94 183
93 184
92 185
91 186
90 187
89 188
88 189
88 190
87 191
86 192
86 193
85 194
85 195
85 196
85 197
85 198
85 199
85 200
85 201
85 202
85 203
85 204
85 205
85 206
85 207
85 208
85 209
86 210
86 211
87 212
88 213
88 214
89 214
90 215
91 215
92 216
93 216
94 217
95 217
96 218
97 219
98 219
99 220
100 220
101 221
102 221
103 221
104 221
105 221
106 222
107 222
108 222
109 223
110 223
111 223
112 223
113 223
114 224
115 224
116 225
117 225
118 225
119 225
120 226
121 226
122 227
123 227
124 227
125 228
126 228
127 228
128 228
129 229
130 229
131 230
132 230
133 231
134 231
135 232
136 232
137 232
138 232
139 232
140 233
141 233
142 233
143 234
144 234
145 234
146 234
147 234
148 234
149 234
150 234
151 234
152 234
153 234
154 234
155 234
156 234
157 234
158 234
159 234
160 234
161 234
162 234
163 234
164 234
165 234
166 235
167 235
168 235
169 235
170 235
171 236
172 236
173 236
174 236
175 236
176 236
177 236
178 237
179 237
180 237
181 237
182 237
183 237
184 237
185 237
186 237
187 237
188 237
189 237
190 237
191 237
192 237
193 237
194 237
195 237
196 237
197 237
198 237
199 237
200 237
201 237
202 237
203 237
204 237
205 237
206 237
207 237
208 237
209 237
210 237
211 237
212 237
213 237
214 237
215 237
216 237
217 237
218 237
219 237
220 237
221 237
222 237
223 236
224 236
225 236
226 236
227 236
228 236
229 235
230 235
231 234
232 234
233 234
234 234
235 233
236 233
237 233
238 232
239 232
240 232
241 231
242 231
243 230
244 230
245 230
246 230
247 229
248 229
249 229
250 229
251 228
252 228
253 228
254 228
255 227
256 227
257 227
258 227
259 227
260 226
261 226
262 226
263 225
264 225
265 224
266 223
267 223
268 223
269 222
270 222
271 221
272 220
273 219
274 219
275 218
275 217
276 216
277 215
278 214
279 213
280 212
280 211
281 210
281 209
282 208
282 207
283 206
283 205
284 204
284 203
285 202
285 201
285 200
286 199
286 198
286 197
287 196
287 195
287 194
287 193
288 192
288 191
288 190
288 189
288 188
287 187
286 186
285 186
284 186
283 186
282 186
281 186
280 185
279 185
278 184
277 184
276 184
275 183
274 183
273 182
272 182
271 182
270 182
269 181
268 181
267 180
266 180
265 180
264 180
263 179
262 179
261 179
260 178
259 178
258 177
257 177
256 176
255 176
254 176
253 175
252 175
251 174
250 174
249 174
248 173
247 173
246 173
245 172
244 172
243 171
242 170
241 169
241 168
241 167
241 166
241 165
241 164
241 163
241 162
241 161
241 160
241 159
241 158
241 157
241 156
241 155
241 154
241 153
241 152
240 151
239 150
238 150
237 150
236 150
235 150
234 150
233 150
232 150
231 150
230 150
229 150
228 150
227 150
226 150
225 150
224 150
223 150
222 150
221 150
220 150
219 150
218 150
217 150
216 150
215 150
214 150
213 150
212 150
211 150
210 150
209 150
208 150
207 150
206 150
205 150
204 150
203 150
202 150
201 150
200 150
199 150
198 150
197 150
196 150
195 150
194 150
193 150
192 149
192 148
192 147
192 146
192 145
192 144
192 143
192 142
192 141
192 140
192 139
192 138
192 137
192 136
192 135
192 134
192 133
192 132
192 131
192 130
192 129
192 128
192 127
192 126
192 125
192 124
192 123
193 122
193 121
194 120
195 120
196 119
197 119
198 119
199 118
200 118
201 118
202 118
203 118
204 117
205 117
206 117
207 116
208 116
209 115
210 115
211 114
212 114
213 113
214 112
214 111
215 110
215 109
216 108
216 107
216 106
215 105
214 104
213 104
212 104
211 104
210 104
209 104
208 104
207 104
206 105
205 105
204 105
203 105
202 105
201 105
200 105
199 106
198 106
197 106
196 106
195 106
194 106
193 106
192 105
191 104
190 103
190 102
190 101
190 100
189 99
189 98
189 97
188 96
188 95
188 94
188 93
188 92
188 91
188 90
188 89
188 88
188 87
188 86
188 85
188 84
188 83
188 82
187 81
186 81
185 81
184 81
