128 7
127 8
126 8
125 9
124 10
124 11
123 12
122 12
122 13
121 14
120 15
119 16
119 17
118 18
117 18
117 19
116 20
115 20
114 21
113 22
112 22
112 23
111 24
110 24
109 25
108 25
107 26
107 27
106 28
105 28
104 29
103 30
102 30
102 31
101 32
100 32
99 33
98 34
97 35
96 36
95 37
94 38
93 38
92 39
91 40
90 41
89 41
88 42
87 43
86 44
85 44
84 45
83 46
82 46
81 47
80 47
79 48
78 49
77 50
76 50
75 51
74 52
73 52
72 51
71 50
70 50
69 50
68 50
67 50
66 50
65 50
64 50
63 50
62 51
61 51
60 52
59 52
58 53
57 54
56 54
55 55
54 56
53 57
52 58
51 58
51 59
50 60
49 60
48 61
47 62
46 63
45 64
44 65
43 66
42 67
41 68
40 69
39 70
39 71
38 72
37 72
37 73
36 74
35 74
35 75
34 76
33 77
32 78
32 79
31 80
30 81
29 82
29 83
28 84
27 85
26 86
26 87
25 88
24 89
24 90
23 91
23 92
22 93
21 94
20 95
20 96
19 97
18 98
18 99
17 100
17 101
16 102
16 103
15 104
14 105
14 106
14 107
13 108
13 109
12 110
12 111
11 112
11 113
10 114
10 115
10 116
9 117
9 118
8 119
8 120
8 121
7 122
7 123
6 124
6 125
5 126
5 127
4 128
4 129
3 130
3 131
2 132
2 133
1 134
1 135
1 136
1 137
1 138
1 139
1 140
1 141
1 142
1 143
1 144
1 145
1 146
2 147
2 148
3 149
4 149
5 150
6 150
7 150
8 151
9 151
10 151
11 151
12 151
13 151
14 151
15 151
16 150
17 150
18 150
19 151
19 152
19 153
18 154
18 155
18 156
18 157
18 158
18 159
18 160
19 161
20 162
20 163
21 164
22 165
23 166
24 167
25 167
26 168
27 168
28 169
29 169
30 170
31 170
32 170
33 171
34 171
35 172
36 172
37 173
38 173
39 173
40 174
41 174
42 174
43 175
44 175
45 176
46 176
47 176
48 176
49 176
50 176
51 177
52 177
53 177
54 178
55 178
56 178
57 178
58 179
59 179
60 179
61 179
62 180
63 180
64 180
65 180
66 180
67 180
68 180
69 180
70 180
71 180
72 180
73 180
74 180
75 180
76 180
77 180
78 180
79 180
80 180
81 180
82 180
83 179
84 179
85 179
86 179
87 179
88 179
89 178
90 178
91 178
92 178
93 177
94 177
95 177
96 177
97 176
98 176
99 176
100 176
101 175
102 175
103 175
104 175
105 175
106 175
107 175
108 174
109 174
110 174
111 174
112 174
113 174
114 174
115 174
116 174
117 174
118 174
119 174
120 174
121 174
122 174
123 173
124 173
125 173
126 173
127 174
128 174
129 174
130 174
131 174
132 174
133 174
134 175
135 176
136 176
137 176
138 177
139 177
140 177
141 177
142 177
143 177
144 176
145 176
145 175
146 174
146 173
146 172
146 171
146 170
146 169
146 168
145 168
144 168
143 168
142 167
141 167
140 167
139 167
138 166
139 165
140 165
141 164
142 164
143 164
144 164
145 163
146 163
147 163
148 163
149 163
150 163
151 163
152 163
153 163
154 163
155 163
156 163
157 163
158 163
159 164
160 164
161 164
162 164
163 164
164 164
165 165
165 166
166 167
167 168
168 168
169 169
170 169
171 169
172 169
173 168
174 168
175 167
175 166
175 165
175 164
175 163
175 162
175 161
175 160
174 159
173 159
172 159
171 159
170 158
169 158
168 157
167 157
166 157
165 157
164 156
163 156
162 156
161 155
162 154
163 154
164 154
165 154
166 154
167 154
168 153
168 152
168 151
168 150
168 149
168 148
168 147
168 146
168 145
167 144
166 144
165 144
164 144
163 144
162 144
161 144
160 145
159 145
158 145
157 144
156 144
155 144
154 144
153 143
152 143
151 143
150 143
149 143
148 143
147 142
146 142
145 142
144 142
143 141
144 140
144 139
145 138
146 138
146 137
147 136
148 135
148 134
149 133
149 132
150 131
150 130
151 129
151 128
152 127
152 126
153 125
153 124
154 123
155 122
156 121
157 121
158 121
159 121
160 121
161 121
162 121
163 121
164 121
165 121
166 121
167 121
168 121
169 121
170 121
171 121
172 121
173 121
174 121
175 120
176 120
177 120
178 119
179 119
180 119
181 119
182 119
183 118
184 118
185 117
186 117
187 116
188 116
189 116
190 115
191 114
192 114
193 113
194 113
195 112
196 111
197 110
198 109
198 108
199 107
200 107
201 106
202 105
203 104
204 103
205 102
206 102
207 102
208 101
209 101
210 101
211 101
212 101
213 101
214 101
215 100
216 99
217 98
217 97
218 96
218 95
218 94
218 93
217 93
216 93
215 93
214 92
213 92
212 92
211 92
210 92
209 92
208 93
207 93
206 93
205 94
204 94
203 94
202 94
201 93
202 92
203 92
203 91
204 90
205 89
205 88
206 87
207 86
208 85
209 84
210 84
211 84
211 83
211 82
211 81
211 80
211 79
211 78
210 77
210 76
209 76
208 76
207 76
206 77
206 78
205 79
204 79
203 79
202 79
201 80
200 81
199 81
198 82
197 83
196 84
195 84
194 83
194 82
194 81
193 80
192 79
191 78
190 78
189 78
188 78
188 79
187 80
186 81
186 82
185 83
185 84
185 85
184 86
184 87
183 88
183 89
183 90
182 91
181 90
180 90
179 90
178 90
177 90
176 90
175 90
174 90
173 91
173 92
173 93
173 94
173 95
174 95
175 96
175 97
174 98
173 98
172 98
171 99
170 99
169 99
168 99
167 98
167 97
167 96
168 95
168 94
168 93
168 92
169 91
169 90
169 89
169 88
169 87
169 86
169 85
169 84
169 83
169 82
169 81
169 80
169 79
170 78
170 77
170 76
170 75
170 74
170 73
170 72
170 71
171 70
172 69
172 68
172 67
173 66
174 65
174 64
175 63
176 62
176 61
177 60
177 59
177 58
178 57
179 56
179 55
179 54
180 53
180 52
180 51
181 50
181 49
181 48
182 47
182 46
182 45
182 44
183 43
183 42
183 41
183 40
184 39
184 38
184 37
184 36
184 35
184 34
184 33
185 32
185 31
185 30
185 29
184 28
184 27
184 26
184 25
184 24
184 23
184 22
183 21
182 20
182 19
182 18
181 17
181 16
181 15
180 15
179 14
178 13
177 12
176 12
175 11
174 11
173 10
172 10
171 10
170 10
169 9
168 9
167 9
166 9
165 9
164 9
163 9
162 9
161 9
160 9
159 9
158 9
157 9
156 9
155 9
154 9
153 9
152 10
151 10
150 10
149 10
148 10
147 10
146 10
145 9
144 8
143 8
142 8
141 8
140 7
139 7
138 7
137 7
136 7
135 7
134 7
133 7
132 7
131 7
130 7
129 7
