132 1
131 2
130 2
129 3
128 3
128 4
127 5
126 6
126 7
126 8
125 9
125 10
125 11
125 12
125 13
125 14
125 15
125 16
124 17
124 18
124 19
123 20
122 21
121 22
120 23
119 23
118 24
117 25
116 26
115 26
114 27
113 28
112 29
111 30
110 31
109 32
109 33
108 34
107 35
106 36
105 37
105 38
104 39
103 40
102 41
101 42
100 43
99 44
98 45
97 45
96 45
95 46
94 46
93 46
92 47
91 47
90 48
89 48
88 49
87 49
86 50
85 50
84 51
83 51
82 52
81 52
80 53
79 53
78 54
77 54
76 55
75 56
74 56
73 57
72 57
71 58
70 59
69 60
68 61
67 62
66 63
65 64
64 64
64 65
63 66
62 66
61 67
60 68
59 69
58 70
57 71
56 72
55 73
54 74
53 75
52 74
51 73
51 72
51 71
51 70
50 69
50 68
49 67
49 66
48 65
47 65
46 64
45 64
44 63
43 63
42 63
41 63
40 63
39 63
38 63
37 64
36 64
35 64
34 65
33 66
32 66
31 67
30 68
29 69
28 70
28 71
27 72
27 73
26 74
26 75
25 76
25 77
25 78
24 79
24 80
23 81
23 82
22 83
22 84
21 85
21 86
20 87
20 88
19 89
18 90
17 91
16 92
15 93
15 94
14 95
13 95
12 96
12 97
11 98
10 99
9 100
9 101
8 102
7 103
7 104
6 105
6 106
5 107
5 108
5 109
4 110
4 111
3 112
3 113
2 114
2 115
2 116
1 117
1 118
1 119
1 120
1 121
1 122
1 123
1 124
1 125
2 126
2 127
2 128
3 129
3 130
3 131
3 132
4 133
5 134
5 135
5 136
6 137
7 138
7 139
8 140
9 141
9 142
10 143
11 144
12 145
13 146
14 147
14 148
14 149
14 150
14 151
14 152
14 153
14 154
15 155
15 156
15 157
15 158
15 159
15 160
16 161
16 162
16 163
16 164
16 165
17 166
17 167
18 168
18 169
18 170
19 171
19 172
20 173
21 174
21 175
22 176
22 177
23 178
24 179
24 180
25 180
26 181
26 182
27 182
28 183
29 184
30 184
31 185
32 185
33 186
34 186
35 186
36 186
37 187
38 187
39 187
40 187
41 187
42 187
43 187
44 187
45 187
46 187
47 187
48 188
49 188
50 189
51 189
52 189
53 190
54 190
55 191
56 191
57 191
58 192
59 192
60 192
61 192
62 193
63 193
64 193
65 194
66 194
67 194
68 194
69 194
70 195
71 195
72 195
73 195
74 195
75 196
76 196
77 196
78 196
79 196
80 196
81 196
82 196
83 196
84 197
85 197
86 197
87 197
88 197
89 197
90 197
91 197
92 198
93 198
94 198
95 199
96 199
97 199
98 200
99 200
100 200
101 201
102 202
103 202
104 203
105 203
106 204
107 204
108 205
109 205
110 206
111 206
112 207
113 208
114 208
115 208
116 209
117 209
118 209
119 209
120 209
121 209
122 209
123 209
123 208
123 207
122 206
122 205
121 205
120 204
119 203
118 202
118 201
117 200
117 199
118 198
119 197
120 197
121 196
122 197
123 197
124 198
125 198
126 199
127 199
128 200
129 201
130 201
131 202
132 203
132 204
133 204
134 204
135 205
136 205
137 205
138 205
139 205
139 204
139 203
139 202
139 201
139 200
138 199
138 198
137 198
136 197
135 196
134 196
133 195
132 194
131 194
130 193
129 193
128 192
129 191
130 191
131 191
132 191
133 191
134 190
134 189
134 188
134 187
133 186
133 185
132 185
131 184
130 183
129 182
128 182
127 181
126 180
125 179
124 179
123 178
122 178
121 178
120 178
119 177
118 176
119 175
119 174
119 173
119 172
119 171
118 171
117 171
116 171
115 171
114 171
113 171
112 171
111 170
111 169
111 168
111 167
110 167
109 167
108 167
107 166
106 165
106 164
105 163
104 162
103 161
104 160
105 160
106 160
107 159
108 159
109 158
110 158
111 157
112 157
113 157
114 156
115 156
116 155
117 155
118 154
119 154
120 153
121 153
122 152
123 151
124 150
125 149
126 148
127 148
128 147
128 146
129 145
130 144
131 143
131 142
132 141
133 141
134 142
134 143
134 144
135 145
135 146
136 147
136 148
137 149
138 150
138 151
139 152
140 153
141 154
142 155
142 156
143 156
144 157
144 158
145 158
146 159
146 160
147 160
148 161
149 162
149 163
150 164
150 165
151 166
152 166
153 167
153 168
154 168
155 169
156 170
157 170
158 171
159 171
160 171
161 171
162 171
163 171
164 171
165 171
166 171
167 171
168 171
169 171
170 171
171 171
172 171
173 171
174 170
175 169
176 168
177 168
178 167
179 166
180 165
181 165
182 164
183 163
184 163
185 162
186 162
187 162
188 162
189 162
190 162
191 162
192 162
193 162
194 162
195 162
196 162
196 161
196 160
196 159
196 158
196 157
196 156
195 156
194 156
193 156
192 155
191 155
190 155
189 155
188 155
187 155
186 155
185 155
184 155
183 155
182 155
181 154
181 153
182 152
183 152
184 151
185 150
186 149
187 149
188 149
189 148
190 148
191 148
192 148
193 148
194 147
194 146
194 145
194 144
194 143
194 142
193 142
192 141
191 141
190 141
189 141
188 142
187 142
186 142
185 142
184 142
183 143
182 143
181 143
180 144
179 145
178 145
177 144
177 143
177 142
177 141
177 140
176 140
175 139
174 139
173 139
172 139
171 140
170 141
169 141
168 142
167 143
167 144
166 145
165 146
164 146
163 145
163 144
162 143
162 142
161 141
161 140
161 139
160 138
159 137
158 136
158 135
157 134
157 133
156 132
155 131
155 130
155 129
154 128
154 127
154 126
154 125
154 124
155 123
155 122
155 121
155 120
155 119
155 118
155 117
155 116
155 115
156 114
156 113
156 112
156 111
156 110
156 109
157 108
157 107
158 106
158 105
158 104
159 103
160 103
160 102
160 101
160 100
161 99
162 98
163 98
164 97
165 96
166 96
167 95
168 94
169 93
169 92
170 91
171 91
171 90
172 89
173 88
173 87
174 86
175 85
175 84
176 83
176 82
177 81
177 80
178 79
178 78
179 77
179 76
180 75
181 74
181 73
181 72
182 71
183 70
183 69
184 68
184 67
184 66
185 65
185 64
186 63
186 62
186 61
186 60
186 59
187 58
187 57
187 56
187 55
187 54
187 53
187 52
187 51
187 50
187 49
187 48
187 47
188 46
188 45
189 44
189 43
189 42
189 41
189 40
189 39
189 38
189 37
189 36
190 35
190 34
190 33
190 32
190 31
190 30
191 29
191 28
191 27
191 26
191 25
190 24
190 23
190 22
189 21
189 20
189 19
188 18
187 17
187 16
186 15
185 14
185 13
184 12
183 11
182 11
181 11
180 10
179 10
178 10
177 10
176 9
175 9
174 9
173 9
172 9
171 9
170 9
169 9
168 8
167 8
166 8
165 8
164 9
163 9
162 9
161 9
160 9
159 9
158 9
157 9
156 9
155 8
154 8
153 8
152 8
151 7
151 6
150 5
149 4
148 4
147 3
146 2
145 2
144 1
143 1
142 1
141 1
140 1
139 1
138 1
137 1
136 1
135 1
134 1
133 1
