79 4
78 5
77 6
76 7
75 8
74 9
73 10
72 10
71 10
70 10
69 10
68 10
67 10
66 9
65 9
64 9
63 9
62 9
61 9
60 9
59 9
58 9
57 9
56 9
55 9
54 9
53 9
52 9
51 9
50 9
49 10
48 10
47 10
46 10
45 11
44 11
43 12
42 12
41 13
40 14
39 15
38 15
38 16
38 17
37 18
37 19
37 20
36 21
35 22
35 23
35 24
35 25
35 26
35 27
35 28
34 29
34 30
34 31
34 32
35 33
35 34
35 35
35 36
35 37
35 38
35 39
36 40
36 41
36 42
36 43
37 44
37 45
37 46
37 47
38 48
38 49
38 50
39 51
39 52
39 53
40 54
40 55
40 56
41 57
42 58
42 59
42 60
43 61
43 62
44 63
45 64
45 65
46 66
47 67
47 68
47 69
48 70
49 71
49 72
49 73
49 74
49 75
49 76
49 77
49 78
50 79
50 80
50 81
50 82
50 83
50 84
50 85
50 86
50 87
51 88
51 89
51 90
51 91
51 92
51 93
51 94
51 95
52 96
52 97
52 98
51 99
50 99
49 99
48 99
47 99
46 99
45 98
44 97
44 96
44 95
45 94
45 93
45 92
44 91
43 90
42 90
41 90
40 90
39 90
38 90
37 91
36 90
36 89
36 88
35 87
35 86
34 85
34 84
34 83
33 82
33 81
32 80
31 79
31 78
30 78
29 78
28 78
27 79
26 80
25 81
25 82
25 83
24 84
23 84
22 83
21 82
20 81
19 81
18 80
17 79
16 79
15 79
14 79
13 79
12 79
11 79
10 79
10 80
9 81
9 82
9 83
10 84
11 85
12 86
13 87
14 88
14 89
15 90
16 91
16 92
17 92
18 93
17 94
16 94
15 94
14 94
13 93
12 93
11 93
10 92
9 92
8 92
7 92
6 92
6 93
5 94
5 95
5 96
6 97
7 98
8 99
9 100
10 101
11 101
12 102
13 102
14 102
15 103
16 104
17 105
18 106
19 107
20 107
21 108
21 109
22 110
23 111
24 112
25 113
26 113
27 114
28 114
29 115
30 116
31 116
32 116
33 117
34 117
35 118
36 118
37 119
38 119
39 119
40 119
41 119
42 120
43 120
44 120
45 121
46 121
47 121
48 121
49 121
50 121
51 121
52 121
53 121
54 121
55 121
56 121
57 121
58 121
59 121
60 121
61 121
62 121
63 121
64 122
65 123
66 124
66 125
67 126
67 127
68 128
68 129
69 130
69 131
70 132
70 133
71 134
71 135
72 136
73 137
73 138
74 138
75 139
75 140
76 141
75 142
74 142
73 142
72 142
71 143
70 143
69 143
68 143
67 143
66 143
65 144
64 144
63 144
62 144
61 145
60 145
59 145
58 144
57 144
56 144
55 144
54 144
53 144
52 144
51 145
50 146
49 146
48 146
47 146
46 146
45 146
44 147
43 147
42 147
41 148
40 148
39 149
38 149
37 150
37 151
37 152
37 153
37 154
38 155
39 155
40 155
41 155
42 155
43 155
44 155
45 155
46 155
47 155
48 155
49 155
50 155
51 154
52 154
53 154
54 154
55 154
56 154
57 154
58 155
57 156
56 156
55 156
54 157
53 157
52 157
51 157
50 158
49 158
48 159
47 160
46 160
45 161
44 162
44 163
44 164
44 165
45 166
46 166
47 166
48 166
49 166
50 166
51 166
52 166
53 165
54 165
55 165
56 165
57 164
58 164
59 164
60 164
61 163
62 163
63 163
64 163
65 163
66 163
67 163
68 163
69 163
70 163
71 163
72 163
73 163
74 163
75 164
76 164
77 164
78 164
79 165
80 165
81 166
80 167
79 167
78 167
77 167
76 167
75 167
74 167
73 168
72 168
71 168
70 168
69 168
68 169
67 169
66 169
65 169
64 170
63 170
62 170
61 171
60 172
59 172
58 173
57 174
57 175
57 176
58 177
59 177
60 177
61 177
62 177
63 177
64 177
65 177
66 177
67 177
68 177
69 177
70 177
71 177
72 176
73 176
74 176
75 176
76 177
77 177
78 177
79 177
80 177
81 177
82 176
83 176
84 176
85 175
86 174
87 174
88 174
89 174
90 174
91 174
92 174
93 173
94 173
95 173
96 173
97 174
98 174
99 174
100 174
101 174
102 174
103 174
104 174
105 174
106 174
107 174
108 174
109 174
110 174
111 174
112 175
113 175
114 175
115 175
116 175
117 175
118 175
119 176
120 176
121 176
122 176
123 177
124 177
125 177
126 177
127 178
128 178
129 178
130 178
131 179
132 179
133 179
134 179
135 179
136 179
137 180
138 180
139 180
140 180
141 180
142 180
143 180
144 180
145 180
146 180
147 180
148 180
149 180
150 180
151 180
152 180
153 180
154 180
155 180
156 180
157 180
158 179
159 179
160 179
161 179
162 178
163 178
164 178
165 178
166 177
167 177
168 177
169 176
170 176
171 176
172 176
173 176
174 176
175 175
176 175
177 174
178 174
179 174
180 173
181 173
182 173
183 172
184 172
185 171
186 171
187 170
188 170
189 170
190 169
191 169
192 168
193 168
194 167
195 167
196 166
197 165
198 164
199 163
199 162
200 161
201 160
201 159
201 158
201 157
201 156
201 155
201 154
200 153
200 152
200 151
201 150
202 150
203 150
204 151
205 151
206 151
207 151
208 151
209 151
210 151
211 151
212 150
213 150
214 150
215 149
216 149
217 148
217 147
218 146
218 145
218 144
218 143
218 142
218 141
218 140
218 139
218 138
218 137
218 136
218 135
218 134
217 133
217 132
216 131
216 130
215 129
215 128
214 127
213 126
213 125
212 124
211 123
210 122
210 121
209 120
208 119
208 118
207 117
206 116
206 115
205 114
205 113
204 112
203 111
202 110
202 109
201 108
201 107
201 106
200 105
199 104
199 103
198 102
198 101
197 100
196 99
196 98
195 97
195 96
195 95
194 94
194 93
193 92
193 91
192 90
192 89
191 88
191 87
191 86
190 85
189 84
189 83
188 82
187 81
187 80
186 79
185 78
184 77
184 76
183 75
182 74
181 73
180 72
179 71
178 70
178 69
177 68
176 67
176 66
175 65
174 64
173 63
172 62
171 61
170 60
169 60
168 59
168 58
167 58
166 57
165 56
164 55
163 54
162 54
161 53
160 52
159 52
158 51
157 51
156 50
155 50
154 50
153 50
152 50
151 50
150 50
149 50
148 50
147 51
146 52
145 52
144 51
143 50
142 50
141 49
140 48
139 47
138 47
137 46
136 46
135 45
134 44
133 44
132 43
131 42
130 41
129 41
128 40
127 39
126 38
125 38
124 37
123 36
122 35
121 34
120 33
119 32
118 32
117 31
117 30
116 30
115 29
114 28
113 28
112 27
112 26
111 25
110 25
109 24
108 24
107 23
107 22
106 22
105 21
104 20
103 20
102 19
102 18
101 18
100 17
100 16
99 15
98 14
97 13
97 12
96 12
95 11
95 10
94 9
93 8
92 8
91 7
91 6
90 5
89 5
88 5
87 5
86 5
85 4
84 4
83 4
82 4
81 4
80 4
