116 1
115 2
114 2
113 2
112 3
111 4
110 4
109 5
108 6
107 7
106 8
106 9
105 10
105 11
105 12
105 13
105 14
105 15
105 16
105 17
104 18
104 19
104 20
104 21
103 22
102 22
101 23
100 24
99 25
98 26
98 27
97 28
96 29
95 30
95 31
94 32
94 33
93 34
92 35
91 35
90 35
89 36
88 36
87 36
86 37
85 37
84 38
83 38
82 38
81 39
80 40
79 40
78 41
77 41
76 42
75 42
74 43
73 44
72 44
71 45
70 46
69 47
68 47
67 48
66 49
65 50
64 51
63 52
62 53
61 54
60 55
59 56
58 56
57 57
56 57
55 56
54 55
53 55
52 54
51 54
50 54
49 54
48 54
47 54
46 54
45 54
44 55
43 55
42 55
41 56
40 57
39 58
38 59
37 59
36 60
35 61
34 62
34 63
33 64
32 65
32 66
31 67
30 68
30 69
29 70
28 71
28 72
27 73
26 74
26 75
26 76
25 77
24 78
24 79
24 80
23 81
22 82
22 83
21 84
21 85
20 86
20 87
20 88
19 89
19 90
19 91
19 92
19 93
18 94
18 95
18 96
18 97
17 98
17 99
17 100
17 101
17 102
16 103
16 104
15 105
15 106
15 107
15 108
14 109
14 110
14 111
14 112
14 113
14 114
14 115
15 116
15 117
15 118
15 119
15 120
16 121
17 122
18 123
19 123
20 124
21 125
21 126
21 127
20 128
20 129
19 130
19 131
18 132
17 133
16 134
16 135
15 136
14 137
13 138
13 139
12 140
12 141
11 142
11 143
10 144
9 145
9 146
8 147
7 148
7 149
6 150
5 151
4 152
4 153
3 154
2 155
2 156
1 157
1 158
1 159
1 160
1 161
1 162
1 163
1 164
1 165
1 166
1 167
2 167
3 167
4 167
5 167
6 167
7 167
8 167
9 167
10 167
11 167
12 166
13 166
14 165
15 165
16 165
17 164
18 164
19 163
20 163
21 162
22 162
23 161
24 161
25 160
26 160
27 159
28 159
29 158
30 158
31 157
32 157
33 156
34 156
35 156
36 155
37 155
38 154
39 154
40 154
41 153
42 153
43 152
44 152
45 151
46 151
47 150
48 150
49 151
49 152
49 153
50 154
50 155
51 156
51 157
52 158
53 158
54 159
54 160
55 160
56 161
57 161
58 162
59 163
60 163
61 163
62 164
63 164
64 165
65 165
66 165
67 166
68 166
69 166
70 167
71 167
72 167
73 167
74 168
75 168
76 168
77 168
78 168
79 169
80 169
81 169
82 169
83 169
84 169
85 170
86 170
87 170
88 170
89 170
90 170
91 170
92 170
93 169
94 169
95 169
96 169
97 169
98 169
99 169
100 169
101 169
102 169
103 169
104 169
105 169
106 169
107 169
108 169
109 169
110 169
111 169
112 169
113 169
114 170
115 170
116 171
117 171
118 171
119 172
120 173
121 173
122 173
123 173
124 173
125 173
126 173
127 173
128 172
128 171
128 170
128 169
127 168
127 167
126 167
125 167
124 166
123 165
122 165
121 164
120 164
119 163
120 162
121 161
122 161
123 160
124 160
125 159
126 159
127 159
128 159
129 159
130 158
131 158
132 158
133 158
134 158
135 158
136 158
137 158
138 158
139 158
140 158
141 158
142 158
143 158
144 158
145 158
146 158
147 158
148 158
149 158
150 158
151 158
152 158
153 158
154 158
155 158
156 157
157 156
157 155
157 154
157 153
156 152
155 152
154 151
153 151
152 151
151 151
150 150
149 150
148 150
147 150
146 150
145 150
144 150
143 149
142 149
141 149
140 149
139 149
138 149
137 148
138 147
139 147
139 146
140 145
140 144
140 143
140 142
139 141
138 141
137 140
136 140
135 140
134 140
133 140
132 140
131 140
130 140
129 140
128 140
127 140
126 139
127 138
127 137
127 136
127 135
127 134
127 133
126 133
125 133
124 133
123 133
122 133
121 132
121 131
121 130
120 130
119 130
118 130
117 130
116 129
117 128
118 127
119 127
120 126
120 125
121 124
122 124
123 123
124 123
124 122
125 121
126 120
127 120
127 119
128 118
129 117
130 116
131 115
131 114
132 113
133 112
134 111
134 110
134 109
135 108
136 107
136 106
137 105
137 104
137 103
138 102
139 102
140 103
141 103
142 103
143 104
144 104
145 104
146 104
147 103
148 103
149 103
150 103
151 103
152 103
153 103
154 102
155 102
156 102
157 102
158 101
159 101
160 101
161 100
162 100
163 99
164 99
165 99
166 98
167 98
168 97
169 97
170 96
171 95
172 95
173 94
174 93
175 93
176 92
177 91
178 90
179 89
180 88
180 87
181 86
181 85
182 84
183 83
183 82
183 81
183 80
184 79
184 78
185 77
185 76
186 75
187 74
187 73
188 72
189 71
190 70
191 69
192 68
193 68
193 67
194 66
195 66
196 65
196 64
196 63
196 62
196 61
196 60
196 59
195 59
194 59
193 59
192 59
191 60
190 60
189 61
188 62
187 63
186 64
185 64
184 65
183 64
183 63
184 62
184 61
185 60
186 59
186 58
187 57
187 56
188 55
189 54
189 53
189 52
189 51
189 50
189 49
188 48
187 48
186 48
185 48
185 49
184 50
183 51
182 52
181 53
181 54
180 55
180 56
179 57
178 58
177 59
177 60
176 61
175 61
174 61
173 61
172 60
173 59
174 59
175 59
175 58
175 57
175 56
176 55
176 54
176 53
176 52
176 51
176 50
176 49
175 49
174 49
173 49
172 49
171 49
171 50
170 51
170 52
170 53
170 54
170 55
169 56
169 57
169 58
169 59
169 60
169 61
169 62
169 63
168 64
167 63
167 62
166 61
166 60
165 59
164 59
163 59
162 59
162 60
161 61
161 62
161 63
161 64
162 65
162 66
162 67
163 68
164 69
164 70
164 71
165 71
166 72
166 73
166 74
166 75
166 76
166 77
165 78
164 79
163 79
162 79
161 79
160 79
159 80
158 80
157 80
156 80
155 80
154 81
153 80
152 79
152 78
152 77
152 76
152 75
152 74
152 73
153 72
153 71
153 70
154 69
154 68
154 67
154 66
155 65
155 64
155 63
155 62
155 61
155 60
156 59
156 58
156 57
156 56
156 55
157 54
157 53
157 52
157 51
157 50
157 49
158 48
158 47
158 46
158 45
159 44
159 43
159 42
159 41
159 40
160 39
160 38
160 37
160 36
161 35
161 34
162 33
162 32
162 31
163 30
163 29
164 28
164 27
164 26
164 25
165 24
165 23
165 22
165 21
165 20
165 19
165 18
165 17
164 16
164 15
164 14
164 13
163 12
163 11
162 10
162 9
161 9
160 8
160 7
159 6
158 5
157 4
156 4
155 3
154 3
153 2
152 2
151 2
150 2
149 1
148 1
147 1
146 1
145 2
144 2
143 2
142 2
141 2
140 2
139 2
138 2
137 2
136 3
135 3
134 3
133 3
132 2
131 2
130 2
129 2
128 2
127 2
126 1
125 1
124 1
123 1
122 1
121 1
120 1
119 1
118 1
117 1
