25 1
25 2
25 3
25 4
25 5
25 6
26 7
26 8
26 9
27 10
27 11
26 12
25 12
24 12
24 13
24 14
23 15
22 15
21 15
20 14
19 14
18 14
17 14
16 14
16 15
16 16
16 17
17 17
18 18
18 19
19 20
20 20
21 21
22 22
22 23
23 23
24 23
25 23
26 23
27 24
28 24
29 25
30 26
30 27
31 27
32 28
32 29
33 29
34 30
35 31
36 32
37 32
38 33
39 34
40 35
41 35
42 36
42 37
42 38
41 39
41 40
41 41
40 42
40 43
39 44
39 45
39 46
39 47
39 48
39 49
39 50
39 51
39 52
39 53
39 54
39 55
39 56
39 57
39 58
39 59
39 60
40 61
40 62
40 63
40 64
40 65
41 66
42 67
42 68
42 69
43 70
43 71
44 72
44 73
45 74
45 75
46 76
46 77
47 78
48 79
48 80
48 81
48 82
49 83
50 84
50 85
51 86
51 87
52 88
52 89
53 90
53 91
54 92
55 93
56 94
56 95
56 96
56 97
56 98
56 99
57 100
57 101
57 102
57 103
57 104
57 105
57 106
57 107
57 108
57 109
57 110
58 111
58 112
58 113
58 114
58 115
58 116
58 117
58 118
57 119
57 120
57 121
57 122
57 123
57 124
57 125
56 126
56 127
56 128
56 129
56 130
55 131
55 132
55 133
54 134
54 135
54 136
54 137
54 138
53 139
53 140
52 141
51 142
50 143
49 144
48 145
47 146
46 145
46 144
46 143
46 142
46 141
46 140
46 139
45 138
44 138
43 138
42 138
41 139
40 140
39 141
39 142
38 143
37 144
37 145
36 146
36 147
35 148
34 149
33 150
32 151
31 152
30 153
29 153
28 152
28 151
28 150
28 149
28 148
28 147
28 146
28 145
28 144
28 143
27 142
27 141
27 140
27 139
26 138
26 137
26 136
26 135
25 134
25 133
24 132
24 131
24 130
24 129
23 129
22 128
21 128
20 128
19 128
18 128
18 129
18 130
18 131
17 132
17 133
17 134
17 135
18 136
18 137
18 138
18 139
18 140
18 141
18 142
18 143
18 144
18 145
18 146
18 147
17 148
17 149
17 150
17 151
17 152
17 153
17 154
16 155
16 156
16 157
15 158
14 159
13 158
13 157
12 156
12 155
12 154
11 153
10 152
10 151
10 150
9 149
8 148
8 147
7 147
6 146
6 145
5 145
4 145
3 144
2 144
1 144
1 145
1 146
1 147
1 148
1 149
1 150
1 151
1 152
1 153
2 154
3 155
3 156
3 157
3 158
3 159
4 160
4 161
5 162
5 163
5 164
6 165
6 166
7 167
7 168
7 169
7 170
7 171
7 172
8 173
8 174
8 175
8 176
9 177
9 178
9 179
10 180
11 181
11 182
12 183
13 184
14 184
15 185
16 186
17 186
18 186
19 187
20 187
21 187
22 187
23 187
24 187
25 187
26 188
27 188
28 188
29 188
30 188
31 188
32 187
33 187
34 187
35 187
36 187
37 186
38 186
39 186
40 185
41 185
42 185
43 184
44 184
45 184
46 184
47 183
48 183
49 182
50 182
51 182
52 181
53 181
54 180
55 180
56 180
57 180
58 180
59 179
60 179
61 179
62 179
63 179
64 178
65 178
66 178
67 177
67 176
67 175
67 174
66 174
65 173
65 172
64 172
63 171
64 170
65 169
66 168
66 167
67 166
68 166
69 166
69 165
70 164
71 163
72 162
73 163
73 164
74 165
74 166
74 167
74 168
74 169
75 170
75 171
76 172
76 173
77 174
77 175
77 176
78 177
79 178
79 179
79 180
80 181
80 182
81 183
81 184
82 185
83 186
84 186
85 187
86 187
87 188
87 189
88 189
89 190
89 191
88 192
87 193
86 193
85 193
84 193
83 193
82 193
81 193
80 193
79 194
78 194
77 193
76 193
75 193
74 193
73 193
72 192
71 192
70 192
69 192
68 192
67 192
66 192
65 192
64 192
63 192
62 193
62 194
62 195
62 196
62 197
61 198
60 198
59 197
58 197
57 197
56 197
55 197
54 197
53 197
52 196
51 196
50 196
49 196
48 196
47 196
46 196
45 195
44 195
43 195
42 195
41 195
40 195
39 195
38 195
37 195
36 195
35 195
34 196
33 196
32 197
32 198
32 199
32 200
33 201
34 202
35 203
36 203
37 203
38 204
39 204
40 204
41 204
42 204
43 204
44 204
45 204
46 204
47 205
48 205
49 205
50 205
51 205
52 205
53 206
54 206
55 207
56 207
57 207
58 208
59 209
60 209
61 210
61 211
62 212
62 213
62 214
62 215
62 216
61 217
60 218
59 219
58 219
57 220
57 221
56 222
56 223
56 224
56 225
57 225
58 225
59 225
60 226
61 226
62 226
63 226
64 226
65 226
66 226
67 226
68 226
69 226
70 226
71 227
72 227
73 227
74 228
75 228
76 228
77 229
78 229
79 229
80 229
81 229
82 230
83 230
84 231
85 232
86 232
87 233
88 233
89 233
90 233
91 234
92 234
93 234
94 235
95 235
96 235
97 235
98 236
99 236
100 237
101 237
102 237
103 238
104 238
105 238
106 238
107 238
108 239
109 239
110 239
111 239
112 239
113 240
114 240
115 240
116 240
117 240
118 240
119 240
120 241
121 241
122 241
123 241
124 241
125 241
126 242
127 242
128 242
129 242
130 242
131 242
132 242
133 242
134 242
135 242
136 242
137 242
138 242
139 242
140 242
141 242
142 242
143 242
144 242
145 242
146 242
147 242
148 242
149 242
150 242
151 242
152 242
153 242
154 242
155 242
156 242
157 242
158 242
159 242
160 242
161 242
162 242
163 242
164 242
165 242
166 242
167 242
168 242
169 242
170 242
171 242
172 242
173 242
174 242
175 242
176 242
177 242
178 241
179 241
180 241
181 241
182 240
183 240
183 239
184 238
185 238
186 237
187 237
188 237
189 237
190 237
191 237
192 237
193 237
194 236
195 236
196 236
197 236
198 236
199 236
200 236
201 235
202 235
203 234
204 234
205 233
206 233
207 233
208 232
209 232
210 232
211 232
212 231
213 231
214 231
215 230
216 230
217 229
218 229
219 228
220 228
221 228
221 227
222 226
223 225
224 225
225 224
226 224
227 223
228 223
229 222
230 222
231 222
232 221
233 221
234 220
235 219
236 218
237 218
238 217
239 216
240 215
241 215
242 215
243 214
244 214
245 214
246 214
247 214
248 214
249 214
249 213
250 212
251 212
252 211
253 210
254 210
254 209
255 208
256 208
257 207
258 206
258 205
258 204
258 203
258 202
258 201
258 200
258 199
258 198
258 197
258 196
258 195
258 194
258 193
258 192
258 191
258 190
258 189
258 188
258 187
258 186
258 185
258 184
258 183
257 182
257 181
256 180
256 179
256 178
256 177
255 176
255 175
255 174
255 173
254 172
254 171
254 170
254 169
254 168
254 167
254 166
254 165
254 164
254 163
254 162
254 161
254 160
254 159
254 158
254 157
254 156
254 155
254 154
254 153
254 152
254 151
254 150
253 149
253 148
253 147
253 146
253 145
252 144
252 143
252 142
252 141
251 140
251 139
251 138
251 137
250 136
250 135
249 134
249 133
248 132
248 131
247 130
246 129
246 128
245 127
245 126
244 125
243 124
242 123
242 122
241 121
240 120
239 119
238 118
237 117
236 116
235 115
234 114
234 113
233 112
232 111
232 110
231 109
230 108
230 107
229 106
229 105
228 105
227 104
226 103
225 103
224 102
223 102
222 102
221 101
220 101
219 101
218 101
217 101
216 101
215 101
214 102
213 102
212 102
211 102
210 103
209 104
208 105
207 106
206 107
206 108
205 109
204 108
204 107
204 106
204 105
203 104
202 103
202 102
201 101
201 100
200 99
200 98
199 97
198 96
197 96
196 95
195 94
194 94
193 94
192 94
191 94
190 93
189 93
188 93
187 93
186 93
185 92
184 92
183 92
182 91
181 91
180 91
179 90
178 90
177 89
176 89
175 88
174 88
173 87
172 87
171 87
170 86
169 86
168 85
167 85
166 85
165 85
164 84
163 84
162 83
161 83
160 82
160 81
159 81
158 80
157 80
156 79
155 79
154 79
153 78
152 77
151 77
150 76
149 75
148 74
148 73
147 72
147 71
146 70
146 69
145 68
144 67
144 66
143 65
143 64
142 63
141 63
140 62
140 61
139 60
138 59
137 58
137 57
136 57
135 56
135 55
134 55
133 54
133 53
132 52
131 52
130 51
129 50
128 49
127 48
126 47
125 47
124 46
123 45
122 44
121 44
120 43
119 42
118 42
117 41
116 40
116 39
115 39
114 39
113 38
112 37
112 36
111 35
110 34
111 33
111 32
111 31
111 30
111 29
111 28
111 27
110 26
110 25
109 24
109 23
108 22
107 21
106 20
105 19
104 18
103 18
102 17
101 17
100 17
99 17
98 17
97 17
96 17
95 17
94 17
93 17
92 18
91 18
90 18
89 18
88 19
87 19
86 20
85 20
84 21
83 21
82 21
81 20
80 20
79 20
78 19
77 19
76 18
75 18
74 18
73 18
72 18
71 18
70 18
69 18
68 18
67 18
66 18
65 18
64 18
63 18
62 18
61 19
60 19
59 19
58 19
57 20
56 20
55 21
54 21
53 22
52 23
51 23
51 24
50 25
49 25
48 24
48 23
47 22
47 21
46 21
45 20
45 19
45 18
44 17
43 16
43 15
42 15
41 14
41 13
41 12
40 11
40 10
39 9
39 8
38 8
37 7
37 6
36 6
35 5
34 4
33 4
32 3
31 3
30 2
29 1
28 1
27 1
26 1
