1 1
1 2
1 3
1 4
1 5
1 6
1 7
1 8
1 9
1 10
1 11
1 12
1 13
1 14
1 15
1 16
1 17
1 18
1 19
2 20
2 21
2 22
2 23
2 24
2 25
2 26
2 27
2 28
2 29
2 30
2 31
2 32
2 33
2 34
3 35
3 36
3 37
3 38
3 39
3 40
3 41
3 42
3 43
3 44
3 45
3 46
3 47
3 48
3 49
4 50
4 51
4 52
4 53
4 54
4 55
4 56
4 57
4 58
4 59
4 60
4 61
4 62
4 63
4 64
4 65
5 66
5 67
5 68
5 69
5 70
6 70
7 71
8 71
9 72
10 73
11 73
12 74
13 74
14 75
15 76
16 76
17 77
18 77
19 78
20 79
21 79
22 80
23 81
24 81
25 82
26 82
27 83
28 84
29 84
30 85
31 85
32 86
33 87
34 87
35 88
36 88
37 89
38 90
39 90
40 91
41 91
42 92
43 93
44 93
45 94
46 95
47 95
48 96
49 96
50 97
51 98
52 98
53 99
54 99
55 99
56 99
57 100
58 100
59 100
60 100
61 101
62 101
63 101
64 101
65 101
66 102
67 102
68 102
69 102
70 103
71 103
72 103
73 103
74 104
75 104
76 104
77 104
78 105
79 105
80 105
81 105
82 106
83 106
84 106
85 106
86 106
87 107
88 107
89 107
90 107
91 108
92 108
93 108
94 108
95 109
96 109
97 109
98 109
99 110
100 110
101 110
102 110
103 111
104 111
105 111
106 111
107 111
108 112
109 112
110 112
111 112
112 113
113 113
114 113
115 113
116 114
117 114
118 114
119 114
120 115
121 115
122 115
123 115
124 116
125 116
126 116
127 116
128 116
129 117
130 117
131 117
132 117
133 118
134 118
135 118
136 118
137 119
137 120
137 121
137 122
137 123
137 124
137 125
137 126
137 127
137 128
137 129
137 130
137 131
138 132
138 133
138 134
138 135
138 136
138 137
138 138
138 139
138 140
138 141
138 142
138 143
138 144
138 145
139 146
139 147
139 148
139 149
139 150
139 151
139 152
139 153
139 154
139 155
139 156
139 157
139 158
139 159
140 160
140 161
140 162
140 163
140 164
140 165
140 166
140 167
140 168
140 169
140 170
140 171
140 172
140 173
141 174
141 175
141 176
141 177
141 178
141 179
141 180
141 181
141 182
141 183
141 184
141 185
141 186
141 187
142 188
142 189
142 190
142 191
142 192
142 193
142 194
142 195
142 196
142 197
142 198
142 199
142 200
142 201
143 202
143 203
143 204
143 205
143 206
143 207
143 208
143 209
143 210
143 211
143 212
143 213
143 214
143 215
144 216
144 217
144 218
144 219
144 220
144 221
144 222
144 223
144 224
144 225
144 226
144 227
144 228
144 229
145 230
145 231
145 232
145 233
145 234
145 235
145 236
145 237
145 238
145 239
145 240
145 241
145 242
145 243
146 244
146 245
146 246
145 247
144 246
143 247
142 247
141 247
140 248
139 248
138 248
137 248
136 249
135 249
134 249
133 250
132 250
131 250
130 251
129 251
128 251
127 251
126 252
125 252
124 252
123 253
122 253
121 253
120 253
119 254
118 254
117 254
116 255
115 255
114 255
113 255
112 256
111 256
110 256
109 257
108 257
107 257
106 258
105 258
104 258
103 258
102 259
101 259
100 259
99 260
98 260
97 260
96 260
95 261
94 261
93 261
92 262
91 262
90 262
89 262
88 263
87 263
86 263
85 264
84 264
83 264
82 265
81 265
80 265
79 265
78 266
77 266
76 266
75 267
74 267
73 267
72 267
71 268
70 268
69 268
68 269
67 269
66 269
65 270
64 270
63 270
62 270
61 271
60 271
59 271
58 272
57 272
56 272
55 272
54 273
53 273
52 273
51 274
50 274
49 274
48 274
47 275
46 275
45 275
44 276
43 276
42 276
41 277
40 277
39 277
38 277
37 278
36 278
35 278
34 279
33 279
32 279
31 279
30 280
29 280
28 280
27 281
26 281
25 281
24 281
23 282
22 282
21 282
20 283
19 283
18 283
17 284
16 284
15 284
14 284
13 285
12 285
11 285
10 286
9 286
8 286
7 286
6 287
5 287
4 287
5 287
6 287
7 287
8 287
9 287
10 287
11 287
12 287
13 287
14 287
15 287
16 287
17 287
18 287
19 287
20 287
21 287
22 287
23 287
24 287
25 287
26 287
27 287
28 287
29 287
30 287
31 287
32 287
33 287
34 287
35 287
36 287
37 287
38 287
39 287
40 287
41 287
42 287
43 287
44 287
45 287
46 287
47 287
48 287
49 287
50 287
51 287
52 287
53 287
54 287
55 287
56 287
57 287
58 287
59 287
60 287
61 287
62 287
63 287
64 287
65 287
66 287
67 287
68 287
69 287
70 287
71 287
72 287
73 287
74 287
75 287
76 287
77 287
78 287
79 287
80 287
81 287
82 287
83 287
84 287
85 287
86 287
87 287
88 287
89 287
90 287
91 287
92 287
93 287
94 287
95 287
96 287
97 287
98 287
99 287
100 287
101 287
102 287
103 287
104 287
105 287
106 287
107 287
108 287
109 287
110 287
111 287
112 287
113 287
114 287
115 287
116 287
117 287
118 287
119 287
120 287
121 287
122 287
123 287
124 287
125 287
126 287
127 287
128 287
129 287
130 287
131 287
132 287
133 287
134 287
135 287
136 287
137 287
138 287
139 287
140 287
141 287
142 287
143 287
144 287
145 287
146 287
147 287
148 287
149 287
150 287
151 287
152 287
153 287
154 287
155 287
156 287
157 287
158 287
159 287
160 287
161 287
162 287
163 287
164 287
165 287
166 287
167 287
168 287
169 287
170 287
171 287
172 287
173 287
174 287
175 287
176 287
177 287
178 287
179 287
180 287
181 287
182 287
183 287
184 287
185 287
186 287
187 287
188 287
189 287
190 287
191 287
192 287
193 287
194 287
195 287
196 287
197 287
198 287
199 287
200 287
201 287
202 287
203 287
204 287
205 287
206 287
207 287
208 287
209 287
210 287
211 287
212 287
213 287
214 287
215 287
216 287
217 287
218 287
219 287
220 287
221 287
222 287
223 287
224 287
225 287
226 287
227 287
228 287
229 287
230 287
231 287
232 287
233 287
234 287
235 287
236 287
237 287
238 287
239 287
240 287
241 287
242 287
243 287
244 287
245 287
246 287
247 287
248 287
249 287
250 287
251 287
252 287
253 287
254 287
255 287
256 287
257 287
258 287
259 287
260 287
261 287
262 287
263 287
264 287
265 287
266 287
267 287
268 287
269 287
270 287
271 287
272 287
273 287
274 287
275 287
276 287
277 287
278 287
279 287
280 287
281 287
282 287
283 287
284 287
285 287
286 287
287 287
288 287
289 287
290 287
291 287
292 287
293 287
294 287
295 287
296 287
297 287
298 287
299 287
300 287
301 287
302 287
303 287
304 287
305 287
306 287
307 287
308 287
309 287
310 287
311 287
312 287
313 287
314 287
315 287
316 287
317 287
318 287
319 287
320 287
321 287
320 287
319 286
318 286
317 286
316 285
315 285
314 285
313 284
312 284
311 284
310 283
309 283
308 283
307 282
306 282
305 282
304 281
303 281
302 281
301 280
300 280
299 280
298 279
297 279
296 279
295 278
294 278
293 278
292 277
291 277
290 277
289 276
288 276
287 276
286 275
285 275
284 275
283 274
282 274
281 274
280 273
279 273
278 273
277 272
276 272
275 272
274 271
273 271
272 271
271 270
270 270
269 270
268 269
267 269
266 269
265 268
264 268
263 268
262 267
261 267
260 267
259 266
258 266
257 266
256 265
255 265
254 265
253 264
252 264
251 264
250 263
249 263
248 263
247 262
246 262
245 262
244 261
243 261
242 261
241 260
240 260
239 260
238 259
237 259
236 259
235 258
234 258
233 258
232 257
231 257
230 257
229 256
228 256
227 256
226 255
225 255
224 255
223 254
222 254
221 254
220 253
219 253
218 253
217 252
216 252
215 252
214 251
213 251
212 251
211 250
210 250
209 250
208 249
207 249
206 249
205 248
204 248
203 248
202 247
201 247
200 247
199 246
198 245
198 244
198 243
198 242
198 241
198 240
198 239
198 238
198 237
198 236
198 235
198 234
198 233
198 232
198 231
198 230
198 229
198 228
198 227
198 226
198 225
198 224
198 223
198 222
198 221
198 220
198 219
198 218
198 217
198 216
198 215
198 214
199 213
199 212
199 211
199 210
199 209
199 208
199 207
199 206
199 205
199 204
199 203
199 202
199 201
199 200
199 199
199 198
199 197
199 196
199 195
199 194
199 193
199 192
199 191
199 190
199 189
199 188
199 187
199 186
199 185
199 184
199 183
199 182
199 181
199 180
199 179
199 178
199 177
199 176
199 175
199 174
199 173
199 172
199 171
199 170
199 169
199 168
199 167
199 166
199 165
199 164
199 163
199 162
199 161
199 160
199 159
199 158
199 157
200 156
200 155
200 154
200 153
200 152
200 151
200 150
200 149
200 148
200 147
200 146
200 145
200 144
200 143
200 142
200 141
200 140
200 139
200 138
200 137
200 136
200 135
200 134
200 133
200 132
200 131
200 130
200 129
200 128
200 127
200 126
200 125
200 124
200 123
200 122
200 121
200 120
200 119
200 118
200 117
200 116
201 115
202 114
203 114
204 113
205 113
206 113
207 112
208 112
209 111
210 111
211 111
212 110
213 110
214 109
215 109
216 109
217 108
218 108
219 107
220 107
221 107
222 106
223 106
224 105
225 105
226 105
227 104
228 104
229 103
230 103
231 103
232 102
233 102
234 101
235 101
236 101
237 100
238 100
239 99
240 99
241 99
242 98
243 98
244 97
245 97
246 97
247 96
248 96
249 95
250 95
251 95
252 94
253 94
254 93
255 93
256 93
257 92
258 92
259 91
260 91
261 91
262 90
263 90
264 89
265 88
266 88
267 87
268 86
269 85
270 84
271 84
272 83
273 82
274 81
275 80
276 80
277 79
278 78
279 77
280 76
281 76
282 75
283 74
284 73
285 72
286 72
287 71
288 70
289 69
290 68
291 67
292 66
293 65
294 64
294 63
295 62
295 61
296 60
297 59
297 58
297 57
298 56
298 55
299 54
299 53
299 52
300 51
300 50
300 49
300 48
300 47
301 46
301 45
301 44
301 43
301 42
301 41
301 40
301 39
301 38
301 37
301 36
301 35
301 34
301 33
301 32
301 31
301 30
301 29
301 28
300 27
300 26
300 25
300 24
300 23
300 22
300 21
300 20
299 19
299 18
299 17
299 16
299 15
299 14
299 13
299 12
298 11
298 10
298 9
298 8
298 7
298 6
298 5
298 4
298 3
298 2
298 1
297 1
296 1
295 1
294 1
293 1
292 1
291 1
290 1
289 1
288 1
287 1
286 1
285 1
284 1
283 1
282 1
281 1
280 1
279 1
278 1
277 1
276 1
275 1
274 1
273 1
272 1
271 1
270 1
269 1
268 1
267 1
266 1
265 1
264 1
263 1
262 1
261 1
260 1
259 1
258 1
257 2
256 2
255 2
254 2
253 2
252 2
251 2
250 2
249 2
248 2
247 2
246 2
245 2
244 2
243 2
242 2
241 2
240 2
239 2
238 2
237 2
236 2
235 2
234 2
233 2
232 2
231 2
230 2
229 2
228 2
227 2
226 2
225 2
224 2
223 2
222 2
221 2
220 2
219 2
218 2
217 2
216 2
215 2
214 2
213 2
212 2
211 2
210 2
209 2
208 2
207 2
206 2
205 2
204 3
203 3
202 3
201 3
200 3
199 3
198 3
197 3
196 3
195 3
194 3
193 3
192 3
191 3
190 3
189 3
188 3
187 3
186 3
185 3
184 3
183 3
182 3
181 3
180 3
179 3
178 3
177 3
176 3
175 3
174 3
173 3
172 3
171 3
170 3
169 3
168 3
167 3
166 3
165 3
164 3
163 3
162 3
161 3
160 3
159 3
158 3
157 3
156 3
155 3
154 3
153 3
152 3
151 3
150 3
149 3
148 3
147 3
146 3
145 3
144 2
143 2
142 2
141 2
140 2
139 2
138 2
137 2
136 2
135 2
134 2
133 2
132 2
131 2
130 2
129 2
128 2
127 2
126 2
125 2
124 2
123 2
122 2
121 2
120 2
119 2
118 2
117 2
116 2
115 2
114 2
113 2
112 2
111 2
110 2
109 2
108 2
107 2
106 2
105 2
104 2
103 2
102 2
101 2
100 2
99 2
98 2
97 2
96 2
95 2
94 2
93 2
92 2
91 2
90 2
89 1
88 1
87 1
86 1
85 1
84 1
83 1
82 1
81 1
80 1
79 1
78 1
77 1
76 1
75 1
74 1
73 1
72 1
71 1
70 1
69 1
68 1
67 1
66 1
65 1
64 1
63 1
62 1
61 1
60 1
59 1
58 1
57 1
56 1
55 1
54 1
53 1
52 1
51 1
50 1
49 1
48 1
47 1
46 1
45 1
44 1
43 1
42 1
41 1
40 1
39 1
38 1
37 1
36 1
35 1
34 1
33 1
32 1
31 1
30 1
29 1
28 1
27 1
26 1
25 1
24 1
23 1
22 1
21 1
20 1
19 1
18 1
17 1
16 1
15 1
14 1
13 1
12 1
11 1
10 1
9 1
8 1
7 1
6 1
5 1
4 1
3 1
2 1
