1 1
1 2
1 3
1 4
1 5
1 6
1 7
1 8
1 9
1 10
1 11
1 12
1 13
1 14
1 15
1 16
1 17
1 18
1 19
1 20
1 21
1 22
1 23
1 24
2 25
2 26
2 27
2 28
2 29
2 30
2 31
2 32
2 33
2 34
2 35
2 36
2 37
2 38
2 39
2 40
2 41
2 42
2 43
3 44
3 45
3 46
3 47
3 48
3 49
3 50
3 51
3 52
3 53
3 54
3 55
3 56
3 57
3 58
3 59
3 60
3 61
3 62
4 63
4 64
4 65
4 66
4 67
4 68
4 69
4 70
4 71
4 72
4 73
4 74
4 75
4 76
4 77
4 78
4 79
4 80
4 81
5 82
5 83
5 84
5 85
5 86
5 87
6 88
7 88
8 89
9 90
10 91
11 91
12 92
13 93
14 94
15 95
16 95
17 96
18 97
19 98
20 98
21 99
22 100
23 101
24 101
25 102
26 103
27 104
28 104
29 105
30 106
31 107
32 107
33 108
34 109
35 110
36 111
37 111
38 112
39 113
40 114
41 114
42 115
43 116
44 117
45 117
46 118
47 119
48 120
49 120
50 121
51 122
52 123
53 123
54 124
55 124
56 124
57 124
58 125
59 125
60 125
61 126
62 126
63 126
64 127
65 127
66 127
67 127
68 128
69 128
70 128
71 129
72 129
73 129
74 130
75 130
76 130
77 130
78 131
79 131
80 131
81 132
82 132
83 132
84 132
85 133
86 133
87 133
88 134
89 134
90 134
91 135
92 135
93 135
94 135
95 136
96 136
97 136
98 137
99 137
100 137
101 138
102 138
103 138
104 138
105 139
106 139
107 139
108 140
109 140
110 140
111 141
112 141
113 141
114 141
115 142
116 142
117 142
118 143
119 143
120 143
121 144
122 144
123 144
124 144
125 145
126 145
127 145
128 146
129 146
130 146
131 146
132 147
133 147
134 147
135 148
136 148
137 149
137 150
137 151
137 152
137 153
137 154
137 155
137 156
137 157
137 158
137 159
137 160
137 161
137 162
137 163
137 164
138 165
138 166
138 167
138 168
138 169
138 170
138 171
138 172
138 173
138 174
138 175
138 176
138 177
138 178
138 179
138 180
138 181
138 182
139 183
139 184
139 185
139 186
139 187
139 188
139 189
139 190
139 191
139 192
139 193
139 194
139 195
139 196
139 197
139 198
139 199
140 200
140 201
140 202
140 203
140 204
140 205
140 206
140 207
140 208
140 209
140 210
140 211
140 212
141 213
141 214
142 215
142 216
143 217
143 218
144 219
144 220
144 221
145 222
145 223
146 224
146 225
147 226
147 227
148 228
148 229
148 230
149 231
149 232
150 233
150 234
151 235
151 236
152 237
152 238
152 239
153 240
153 241
154 242
154 243
155 244
155 245
156 246
156 247
156 248
157 249
157 250
158 251
158 252
159 253
159 254
160 255
160 256
160 257
161 258
161 259
162 260
162 261
163 262
163 263
164 264
164 265
164 266
165 267
165 268
166 269
166 270
167 271
167 272
168 273
168 274
168 275
169 276
169 277
170 278
170 279
171 280
171 281
172 282
172 283
172 284
173 285
173 286
174 287
174 288
175 289
175 290
176 291
176 292
176 293
177 294
177 295
178 296
178 297
179 298
179 299
180 300
180 301
180 302
181 303
181 304
182 305
181 306
180 306
179 307
178 307
177 307
176 307
175 308
174 308
173 308
172 309
171 309
170 309
169 310
168 310
167 310
166 310
165 311
164 311
163 311
162 312
161 312
160 312
159 313
158 313
157 313
156 313
155 314
154 314
153 314
152 315
151 315
150 315
149 316
148 316
147 316
146 316
145 317
144 317
143 317
142 318
141 318
140 318
139 319
138 319
137 319
136 320
135 320
134 320
133 320
132 321
131 321
130 321
129 322
128 322
127 322
126 323
125 323
124 323
123 323
122 324
121 324
120 324
119 325
118 325
117 325
116 326
115 326
114 326
113 326
112 327
111 327
110 327
109 328
108 328
107 328
106 329
105 329
104 329
103 329
102 330
101 330
100 330
99 331
98 331
97 331
96 332
95 332
94 332
93 332
92 333
91 333
90 333
89 334
88 334
87 334
86 335
85 335
84 335
83 335
82 336
81 336
80 336
79 337
78 337
77 337
76 338
75 338
74 338
73 339
72 339
71 339
70 339
69 340
68 340
67 340
66 341
65 341
64 341
63 342
62 342
61 342
60 342
59 343
58 343
57 343
56 344
55 344
54 344
53 345
52 345
51 345
50 345
49 346
48 346
47 346
46 347
45 347
44 347
43 348
42 348
41 348
40 348
39 349
38 349
37 349
36 350
35 350
34 350
33 351
32 351
31 351
30 351
29 352
28 352
27 352
26 353
25 353
24 353
23 354
22 354
21 354
20 354
19 355
18 355
17 355
16 356
15 356
14 356
13 357
12 357
11 357
10 358
9 358
8 358
7 358
6 359
5 359
4 359
5 359
6 359
7 359
8 359
9 359
10 359
11 359
12 359
13 359
14 359
15 359
16 359
17 359
18 359
19 359
20 359
21 359
22 359
23 359
24 359
25 359
26 359
27 359
28 359
29 359
30 359
31 359
32 359
33 359
34 359
35 359
36 359
37 359
38 359
39 359
40 359
41 359
42 359
43 359
44 359
45 359
46 359
47 359
48 359
49 359
50 359
51 359
52 359
53 359
54 359
55 359
56 359
57 359
58 359
59 359
60 359
61 359
62 359
63 359
64 359
65 359
66 359
67 359
68 359
69 359
70 359
71 359
72 359
73 359
74 359
75 359
76 359
77 359
78 359
79 359
80 359
81 359
82 359
83 359
84 359
85 359
86 359
87 359
88 359
89 359
90 359
91 359
92 359
93 359
94 359
95 359
96 359
97 359
98 359
99 359
100 359
101 359
102 359
103 359
104 359
105 359
106 359
107 359
108 359
109 359
110 359
111 359
112 359
113 359
114 359
115 359
116 359
117 359
118 359
119 359
120 359
121 359
122 359
123 359
124 359
125 359
126 359
127 359
128 359
129 359
130 359
131 359
132 359
133 359
134 359
135 359
136 359
137 359
138 359
139 359
140 359
141 359
142 359
143 359
144 359
145 359
146 359
147 359
148 359
149 359
150 359
151 359
152 359
153 359
154 359
155 359
156 359
157 359
158 359
159 359
160 359
161 359
162 359
163 359
164 359
165 359
166 359
167 359
168 359
169 359
170 359
171 359
172 359
173 359
174 359
175 359
176 359
177 359
178 359
179 359
180 359
181 359
182 359
183 359
184 359
185 359
186 359
187 359
188 359
189 359
190 359
191 359
192 359
193 359
194 359
195 359
196 359
197 359
198 359
199 359
200 359
201 359
202 359
203 359
204 359
205 359
206 359
207 359
208 359
209 359
210 359
211 359
212 359
213 359
214 359
215 359
216 359
217 359
218 359
219 359
220 359
221 359
222 359
223 359
224 359
225 359
226 359
227 359
228 359
229 359
230 359
231 359
232 359
233 359
234 359
235 359
236 359
237 359
238 359
239 359
240 359
241 359
242 359
243 359
244 359
245 359
246 359
247 359
248 359
249 359
250 359
251 359
252 359
253 359
254 359
255 359
256 359
257 359
258 359
259 359
260 359
261 359
262 359
263 359
264 359
265 359
266 359
267 359
268 359
269 359
270 359
271 359
272 359
273 359
274 359
275 359
276 359
277 359
278 359
279 359
280 359
281 359
282 359
283 359
284 359
285 359
286 359
287 359
288 359
289 359
290 359
291 359
292 359
293 359
294 359
295 359
296 359
297 359
298 359
299 359
300 359
301 359
302 359
303 359
304 359
305 359
306 359
307 359
308 359
309 359
310 359
311 359
312 359
313 359
314 359
315 359
316 359
317 359
318 359
319 359
320 359
321 359
320 358
319 357
318 356
317 356
316 355
315 354
314 354
313 353
312 352
311 352
310 351
309 350
308 350
307 349
306 348
305 348
304 347
303 346
302 346
301 345
300 344
299 344
298 343
297 342
296 342
295 341
294 340
293 339
292 339
291 338
290 337
289 337
288 336
287 335
286 335
285 334
284 333
283 333
282 332
281 331
280 331
279 330
278 329
277 329
276 328
275 327
274 327
273 326
272 325
271 325
270 324
269 323
268 322
267 322
266 321
265 320
264 320
263 319
262 318
261 318
260 317
259 316
258 316
257 315
256 314
255 314
254 313
253 312
252 312
251 311
250 310
249 310
248 309
247 308
246 308
245 307
244 306
243 305
242 305
241 304
240 303
239 303
238 302
237 301
236 301
235 300
234 299
233 299
232 298
232 297
232 296
231 295
231 294
230 293
230 292
230 291
229 290
229 289
229 288
228 287
228 286
227 285
227 284
227 283
226 282
226 281
225 280
225 279
225 278
224 277
224 276
224 275
223 274
223 273
222 272
222 271
222 270
221 269
221 268
220 267
220 266
220 265
219 264
219 263
219 262
218 261
218 260
217 259
217 258
217 257
216 256
216 255
216 254
215 253
215 252
214 251
214 250
214 249
213 248
213 247
212 246
212 245
212 244
211 243
211 242
211 241
210 240
210 239
209 238
209 237
209 236
208 235
208 234
207 233
207 232
207 231
206 230
206 229
206 228
205 227
205 226
204 225
204 224
204 223
203 222
203 221
203 220
202 219
202 218
201 217
201 216
201 215
200 214
200 213
199 212
199 211
199 210
199 209
199 208
199 207
199 206
199 205
199 204
199 203
199 202
199 201
199 200
199 199
199 198
199 197
199 196
199 195
199 194
199 193
200 192
200 191
200 190
200 189
200 188
200 187
200 186
200 185
200 184
200 183
200 182
200 181
200 180
200 179
200 178
200 177
200 176
200 175
200 174
200 173
200 172
200 171
200 170
200 169
200 168
200 167
200 166
200 165
200 164
200 163
200 162
200 161
200 160
200 159
200 158
200 157
200 156
200 155
200 154
200 153
200 152
200 151
200 150
200 149
200 148
200 147
200 146
200 145
200 144
201 143
202 143
203 142
204 142
205 141
206 141
207 140
208 140
209 139
210 139
211 138
212 138
213 137
214 137
215 136
216 136
217 135
218 135
219 134
220 134
221 133
222 133
223 132
224 132
225 131
226 131
227 130
228 130
229 129
230 129
231 128
232 128
233 127
234 127
235 126
236 126
237 125
238 125
239 124
240 124
241 123
242 123
243 122
244 122
245 121
246 121
247 120
248 120
249 119
250 119
251 118
252 118
253 117
254 117
255 116
256 116
257 115
258 115
259 114
260 114
261 113
262 113
263 112
264 111
265 111
266 110
267 109
268 108
269 107
270 106
271 105
272 104
273 103
274 102
275 101
276 100
277 99
278 98
279 97
280 96
281 95
282 94
283 93
284 92
285 91
286 90
287 89
288 88
288 87
289 86
290 85
291 84
292 83
292 82
293 81
293 80
294 79
294 78
295 77
296 76
296 75
296 74
297 73
297 72
298 71
298 70
298 69
298 68
299 67
299 66
299 65
300 64
300 63
300 62
300 61
300 60
300 59
300 58
301 57
301 56
301 55
301 54
301 53
301 52
301 51
301 50
301 49
301 48
301 47
301 46
301 45
301 44
301 43
301 42
301 41
301 40
301 39
301 38
301 37
301 36
301 35
300 34
300 33
300 32
300 31
300 30
300 29
300 28
300 27
300 26
300 25
299 24
299 23
299 22
299 21
299 20
299 19
299 18
299 17
299 16
299 15
298 14
298 13
298 12
298 11
298 10
298 9
298 8
298 7
298 6
298 5
298 4
298 3
298 2
298 1
297 1
296 1
295 1
294 1
293 1
292 1
291 1
290 1
289 1
288 1
287 1
286 1
285 1
284 1
283 1
282 1
281 1
280 1
279 1
278 1
277 1
276 1
275 1
274 1
273 1
272 1
271 2
270 2
269 2
268 2
267 2
266 2
265 2
264 2
263 2
262 2
261 2
260 2
259 2
258 2
257 2
256 2
255 3
254 3
253 3
252 3
251 3
250 3
249 3
248 3
247 3
246 3
245 3
244 3
243 3
242 3
241 3
240 3
239 3
238 3
237 3
236 3
235 3
234 3
233 3
232 3
231 3
230 3
229 3
228 3
227 3
226 3
225 3
224 3
223 3
222 3
221 3
220 3
219 3
218 3
217 3
216 3
215 3
214 3
213 3
212 3
211 3
210 3
209 3
208 3
207 3
206 3
205 3
204 3
203 3
202 3
201 3
200 3
199 3
198 3
197 3
196 3
195 3
194 3
193 3
192 3
191 3
190 3
189 3
188 3
187 3
186 3
185 3
184 3
183 3
182 3
181 3
180 2
179 2
178 2
177 2
176 2
175 2
174 2
173 2
172 2
171 2
170 2
169 2
168 2
167 2
166 2
165 2
164 2
163 2
162 2
161 2
160 2
159 2
158 2
157 2
156 2
155 2
154 2
153 2
152 2
151 2
150 2
149 2
148 2
147 2
146 2
145 2
144 2
143 2
142 2
141 2
140 2
139 2
138 2
137 2
136 2
135 2
134 2
133 2
132 2
131 2
130 2
129 2
128 2
127 2
126 2
125 2
124 2
123 2
122 2
121 2
120 2
119 2
118 2
117 2
116 1
115 1
114 1
113 1
112 1
111 1
110 1
109 1
108 1
107 1
106 1
105 1
104 1
103 1
102 1
101 1
100 1
99 1
98 1
97 1
96 1
95 1
94 1
93 1
92 1
91 1
90 1
89 1
88 1
87 1
86 1
85 1
84 1
83 1
82 1
81 1
80 1
79 1
78 1
77 1
76 1
75 1
74 1
73 1
72 1
71 1
70 1
69 1
68 1
67 1
66 1
65 1
64 1
63 1
62 1
61 1
60 1
59 1
58 1
57 1
56 1
55 1
54 1
53 1
52 1
51 1
50 1
49 1
48 1
47 1
46 1
45 1
44 1
43 1
42 1
41 1
40 1
39 1
38 1
37 1
36 1
35 1
34 1
33 1
32 1
31 1
30 1
29 1
28 1
27 1
26 1
25 1
24 1
23 1
22 1
21 1
20 1
19 1
18 1
17 1
16 1
15 1
14 1
13 1
12 1
11 1
10 1
9 1
8 1
7 1
6 1
5 1
4 1
3 1
2 1
