1 1
1 2
1 3
1 4
1 5
1 6
1 7
1 8
1 9
1 10
1 11
1 12
1 13
1 14
1 15
1 16
1 17
1 18
1 19
1 20
1 21
1 22
1 23
1 24
2 25
2 26
2 27
2 28
2 29
2 30
2 31
2 32
2 33
2 34
2 35
2 36
2 37
2 38
2 39
2 40
2 41
2 42
2 43
3 44
3 45
3 46
3 47
3 48
3 49
3 50
3 51
3 52
3 53
3 54
3 55
3 56
3 57
3 58
3 59
3 60
3 61
3 62
4 63
4 64
4 65
4 66
4 67
4 68
4 69
4 70
4 71
4 72
4 73
4 74
4 75
4 76
4 77
4 78
4 79
4 80
4 81
5 82
5 83
5 84
5 85
5 86
5 87
6 88
7 88
8 89
9 90
10 91
11 91
12 92
13 93
14 94
15 95
16 95
17 96
18 97
19 98
20 98
21 99
22 100
23 101
24 101
25 102
26 103
27 104
28 104
29 105
30 106
31 107
32 107
33 108
34 109
35 110
36 111
37 111
38 112
39 113
40 114
41 114
42 115
43 116
44 117
45 117
46 118
47 119
48 120
49 120
50 121
51 122
52 123
53 123
54 124
55 125
56 125
57 126
58 127
59 127
60 128
61 128
62 129
63 130
64 130
65 131
66 132
67 132
68 133
69 133
70 134
71 135
72 135
73 136
74 136
75 137
76 138
77 138
78 139
79 140
80 140
81 141
82 141
83 142
84 143
85 143
86 144
87 145
88 145
89 146
90 146
91 147
92 148
93 148
94 149
95 150
96 150
97 151
98 151
99 152
100 153
101 153
102 154
103 154
104 155
105 156
106 156
107 157
108 158
108 159
108 160
108 161
109 162
109 163
109 164
109 165
110 166
110 167
110 168
110 169
111 170
111 171
111 172
111 173
112 174
112 175
112 176
112 177
113 178
113 179
113 180
114 181
114 182
114 183
114 184
115 185
115 186
115 187
115 188
116 189
116 190
116 191
116 192
117 193
117 194
117 195
117 196
118 197
118 198
118 199
118 200
119 201
119 202
119 203
119 204
120 205
120 206
120 207
120 208
121 209
121 210
121 211
121 212
122 213
122 214
122 215
122 216
123 217
123 218
123 219
123 220
124 221
124 222
124 223
124 224
125 225
125 226
125 227
125 228
126 229
126 230
126 231
126 232
127 233
127 234
127 235
127 236
128 237
128 238
128 239
129 240
129 241
129 242
129 243
130 244
130 245
130 246
130 247
131 248
131 249
131 250
131 251
132 252
132 253
132 254
132 255
133 256
133 257
133 258
133 259
134 260
134 261
134 262
134 263
135 264
135 265
135 266
135 267
136 268
136 269
136 270
136 271
137 272
137 273
137 274
137 275
138 276
138 277
138 278
138 279
139 280
139 281
139 282
139 283
140 284
140 285
140 286
140 287
141 288
141 289
141 290
141 291
142 292
142 293
142 294
143 295
143 296
143 297
143 298
144 299
144 300
144 301
144 302
145 303
145 304
145 305
145 306
146 307
145 308
144 308
143 308
142 309
141 309
140 310
139 310
138 310
137 311
136 311
135 311
134 312
133 312
132 312
131 313
130 313
129 314
128 314
127 314
126 315
125 315
124 315
123 316
122 316
121 316
120 317
119 317
118 318
117 318
116 318
115 319
114 319
113 319
112 320
111 320
110 320
109 321
108 321
107 322
106 322
105 322
104 323
103 323
102 323
101 324
100 324
99 324
98 325
97 325
96 326
95 326
94 326
93 327
92 327
91 327
90 328
89 328
88 329
87 329
86 329
85 330
84 330
83 330
82 331
81 331
80 331
79 332
78 332
77 333
76 333
75 333
74 334
73 334
72 334
71 335
70 335
69 335
68 336
67 336
66 337
65 337
64 337
63 338
62 338
61 338
60 339
59 339
58 339
57 340
56 340
55 341
54 341
53 341
52 342
51 342
50 342
49 343
48 343
47 344
46 344
45 344
44 345
43 345
42 345
41 346
40 346
39 346
38 347
37 347
36 348
35 348
34 348
33 349
32 349
31 349
30 350
29 350
28 350
27 351
26 351
25 352
24 352
23 352
22 353
21 353
20 353
19 354
18 354
17 354
16 355
15 355
14 356
13 356
12 356
11 357
10 357
9 357
8 358
7 358
6 358
5 359
4 359
5 359
6 359
7 359
8 359
9 359
10 359
11 359
12 359
13 359
14 359
15 359
16 359
17 359
18 359
19 359
20 359
21 359
22 359
23 359
24 359
25 359
26 359
27 359
28 359
29 359
30 359
31 359
32 359
33 359
34 359
35 359
36 359
37 359
38 359
39 359
40 359
41 359
42 359
43 359
44 359
45 359
46 359
47 359
48 359
49 359
50 359
51 359
52 359
53 359
54 359
55 359
56 359
57 359
58 359
59 359
60 359
61 359
62 359
63 359
64 359
65 359
66 359
67 359
68 359
69 359
70 359
71 359
72 359
73 359
74 359
75 359
76 359
77 359
78 359
79 359
80 359
81 359
82 359
83 359
84 359
85 359
86 359
87 359
88 359
89 359
90 359
91 359
92 359
93 359
94 359
95 359
96 359
97 359
98 359
99 359
100 359
101 359
102 359
103 359
104 359
105 359
106 359
107 359
108 359
109 359
110 359
111 359
112 359
113 359
114 359
115 359
116 359
117 359
118 359
119 359
120 359
121 359
122 359
123 359
124 359
125 359
126 359
127 359
128 359
129 359
130 359
131 359
132 359
133 359
134 359
135 359
136 359
137 359
138 359
139 359
140 359
141 359
142 359
143 359
144 359
145 359
146 359
147 359
148 359
149 359
150 359
151 359
152 359
153 359
154 359
155 359
156 359
157 359
158 359
159 359
160 359
161 359
162 359
163 359
164 359
165 359
166 359
167 359
168 359
169 359
170 359
171 359
172 359
173 359
174 359
175 359
176 359
177 359
178 359
179 359
180 359
181 359
182 359
183 359
184 359
185 359
186 359
187 359
188 359
189 359
190 359
191 359
192 359
193 359
194 359
195 359
196 359
197 359
198 359
199 359
200 359
201 359
202 359
203 359
204 359
205 359
206 359
207 359
208 359
209 359
210 359
211 359
212 359
213 359
214 359
215 359
216 359
217 359
218 359
219 359
220 359
221 359
222 359
223 359
224 359
225 359
226 359
227 359
228 359
229 359
230 359
231 359
232 359
233 359
234 359
235 359
236 359
237 359
238 359
239 359
240 359
241 359
242 359
243 359
244 359
245 359
246 359
247 359
248 359
249 359
250 359
251 359
252 359
253 359
254 359
255 359
256 359
257 359
258 359
259 359
260 359
261 359
262 359
263 359
264 359
265 359
266 359
267 359
268 359
269 359
270 359
271 359
272 359
273 359
274 359
275 359
276 359
277 359
278 359
279 359
280 359
281 359
282 359
283 359
284 359
285 359
286 359
287 359
288 359
289 359
290 359
291 359
292 359
293 359
294 359
295 359
296 359
297 359
298 359
299 359
300 359
301 359
302 359
303 359
304 359
305 359
306 359
307 359
308 359
309 359
310 359
311 359
312 359
313 359
314 359
315 359
316 359
317 359
318 359
319 359
320 359
321 359
320 359
319 358
318 358
317 357
316 357
315 356
314 356
313 356
312 355
311 355
310 354
309 354
308 354
307 353
306 353
305 352
304 352
303 351
302 351
301 351
300 350
299 350
298 349
297 349
296 349
295 348
294 348
293 347
292 347
291 346
290 346
289 346
288 345
287 345
286 344
285 344
284 343
283 343
282 343
281 342
280 342
279 341
278 341
277 341
276 340
275 340
274 339
273 339
272 338
271 338
270 338
269 337
268 337
267 336
266 336
265 336
264 335
263 335
262 334
261 334
260 333
259 333
258 333
257 332
256 332
255 331
254 331
253 330
252 330
251 330
250 329
249 329
248 328
247 328
246 328
245 327
244 327
243 326
242 326
241 325
240 325
239 325
238 324
237 324
236 323
235 323
234 323
233 322
232 322
231 321
230 321
229 320
228 320
227 320
226 319
225 319
224 318
223 318
222 318
221 317
220 317
219 316
218 316
217 315
216 315
215 315
214 314
213 314
212 313
211 313
210 312
209 312
208 312
207 311
206 311
205 310
204 310
203 310
202 309
201 309
200 308
199 308
198 307
198 306
198 305
199 304
199 303
199 302
199 301
200 300
200 299
200 298
200 297
200 296
201 295
201 294
201 293
201 292
202 291
202 290
202 289
202 288
202 287
203 286
203 285
203 284
203 283
204 282
204 281
204 280
204 279
204 278
205 277
205 276
205 275
205 274
206 273
206 272
206 271
206 270
206 269
207 268
207 267
207 266
207 265
208 264
208 263
208 262
208 261
208 260
209 259
209 258
209 257
209 256
210 255
210 254
210 253
210 252
210 251
211 250
211 249
211 248
211 247
212 246
212 245
212 244
212 243
212 242
213 241
213 240
213 239
213 238
214 237
214 236
214 235
214 234
214 233
215 232
215 231
215 230
215 229
216 228
216 227
216 226
216 225
216 224
217 223
217 222
217 221
217 220
218 219
218 218
218 217
218 216
218 215
219 214
219 213
219 212
219 211
220 210
220 209
220 208
220 207
220 206
221 205
221 204
221 203
221 202
222 201
222 200
222 199
222 198
222 197
223 196
223 195
223 194
223 193
224 192
224 191
224 190
224 189
225 188
225 187
225 186
225 185
225 184
226 183
226 182
226 181
226 180
227 179
227 178
227 177
227 176
227 175
228 174
228 173
228 172
228 171
229 170
229 169
229 168
229 167
229 166
230 165
230 164
230 163
230 162
231 161
231 160
231 159
231 158
232 157
233 156
233 155
234 154
235 153
235 152
236 151
237 150
238 149
238 148
239 147
240 146
240 145
241 144
242 143
243 142
243 141
244 140
245 139
245 138
246 137
247 136
247 135
248 134
249 133
250 132
250 131
251 130
252 129
252 128
253 127
254 126
254 125
255 124
256 123
257 122
257 121
258 120
259 119
259 118
260 117
261 116
262 115
262 114
263 113
264 112
265 111
266 110
267 109
268 108
269 107
270 106
271 105
272 104
273 103
274 102
275 101
276 100
277 99
278 98
279 97
280 96
281 95
282 94
283 93
284 92
285 91
286 90
287 89
288 88
289 87
290 86
290 85
291 84
292 83
292 82
293 81
293 80
294 79
295 78
295 77
296 76
296 75
296 74
297 73
297 72
298 71
298 70
298 69
299 68
299 67
299 66
299 65
300 64
300 63
300 62
300 61
300 60
300 59
301 58
301 57
301 56
301 55
301 54
301 53
301 52
301 51
301 50
301 49
301 48
301 47
301 46
301 45
301 44
301 43
301 42
301 41
301 40
301 39
301 38
301 37
301 36
301 35
300 34
300 33
300 32
300 31
300 30
300 29
300 28
300 27
300 26
300 25
299 24
299 23
299 22
299 21
299 20
299 19
299 18
299 17
299 16
299 15
298 14
298 13
298 12
298 11
298 10
298 9
298 8
298 7
298 6
298 5
298 4
298 3
298 2
298 1
297 1
296 1
295 1
294 1
293 1
292 1
291 1
290 1
289 1
288 1
287 1
286 1
285 1
284 1
283 1
282 1
281 1
280 1
279 1
278 1
277 1
276 1
275 1
274 1
273 1
272 1
271 1
270 1
269 1
268 1
267 1
266 2
265 2
264 2
263 2
262 2
261 2
260 2
259 2
258 2
257 2
256 2
255 2
254 2
253 2
252 2
251 2
250 2
249 2
248 2
247 2
246 2
245 2
244 2
243 2
242 2
241 2
240 2
239 2
238 2
237 2
236 2
235 2
234 2
233 3
232 3
231 3
230 3
229 3
228 3
227 3
226 3
225 3
224 3
223 3
222 3
221 3
220 3
219 3
218 3
217 3
216 3
215 3
214 3
213 3
212 3
211 3
210 3
209 3
208 3
207 3
206 3
205 3
204 3
203 3
202 3
201 3
200 3
199 3
198 3
197 3
196 3
195 3
194 3
193 3
192 3
191 3
190 3
189 3
188 3
187 3
186 3
185 3
184 3
183 3
182 3
181 3
180 3
179 3
178 3
177 3
176 3
175 3
174 3
173 3
172 3
171 3
170 3
169 3
168 3
167 3
166 3
165 3
164 3
163 3
162 3
161 3
160 3
159 3
158 3
157 3
156 3
155 3
154 3
153 3
152 3
151 3
150 3
149 3
148 3
147 3
146 3
145 3
144 3
143 3
142 3
141 3
140 3
139 3
138 3
137 3
136 3
135 3
134 3
133 3
132 3
131 3
130 3
129 3
128 3
127 3
126 3
125 3
124 3
123 3
122 3
121 3
120 3
119 3
118 3
117 3
116 3
115 2
114 2
113 2
112 2
111 2
110 2
109 2
108 2
107 2
106 2
105 2
104 2
103 2
102 2
101 2
100 2
99 2
98 2
97 2
96 2
95 2
94 2
93 2
92 2
91 2
90 2
89 2
88 2
87 2
86 2
85 2
84 2
83 2
82 2
81 2
80 2
79 2
78 1
77 1
76 1
75 1
74 1
73 1
72 1
71 1
70 1
69 1
68 1
67 1
66 1
65 1
64 1
63 1
62 1
61 1
60 1
59 1
58 1
57 1
56 1
55 1
54 1
53 1
52 1
51 1
50 1
49 1
48 1
47 1
46 1
45 1
44 1
43 1
42 1
41 1
40 1
39 1
38 1
37 1
36 1
35 1
34 1
33 1
32 1
31 1
30 1
29 1
28 1
27 1
26 1
25 1
24 1
23 1
22 1
21 1
20 1
19 1
18 1
17 1
16 1
15 1
14 1
13 1
12 1
11 1
10 1
9 1
8 1
7 1
6 1
5 1
4 1
3 1
2 1
