50 1
49 2
48 3
47 4
47 5
47 6
47 7
47 8
47 9
47 10
48 11
48 12
47 13
46 13
45 13
44 13
43 13
42 14
41 15
41 16
41 17
41 18
40 19
40 20
40 21
40 22
41 23
41 24
41 25
41 26
42 27
43 28
44 29
45 30
45 31
44 32
44 33
44 34
44 35
44 36
44 37
45 38
45 39
45 40
45 41
46 42
46 43
46 44
47 45
48 46
49 46
50 47
49 48
49 49
48 50
48 51
48 52
48 53
49 54
49 55
49 56
50 57
50 58
50 59
51 60
52 61
53 61
54 62
55 62
56 62
57 62
58 62
59 61
60 61
61 62
62 63
62 64
62 65
62 66
62 67
62 68
62 69
62 70
62 71
62 72
62 73
62 74
62 75
62 76
62 77
62 78
62 79
62 80
62 81
62 82
62 83
62 84
62 85
62 86
62 87
62 88
62 89
62 90
62 91
62 92
62 93
62 94
62 95
62 96
62 97
62 98
62 99
62 100
62 101
62 102
62 103
62 104
62 105
62 106
62 107
62 108
62 109
62 110
62 111
62 112
62 113
62 114
62 115
62 116
62 117
62 118
62 119
62 120
62 121
62 122
62 123
62 124
62 125
62 126
62 127
62 128
62 129
62 130
62 131
62 132
62 133
62 134
62 135
62 136
62 137
62 138
62 139
62 140
62 141
62 142
62 143
62 144
62 145
62 146
62 147
62 148
62 149
62 150
62 151
62 152
62 153
62 154
62 155
62 156
62 157
62 158
62 159
62 160
62 161
62 162
62 163
62 164
62 165
61 166
60 166
59 166
58 166
57 167
56 167
55 167
55 168
54 169
54 170
53 171
53 172
52 173
52 174
52 175
52 176
51 177
50 178
49 179
48 179
47 179
46 179
45 179
44 179
43 179
42 179
41 179
40 180
39 180
38 180
37 180
36 180
35 180
34 181
33 181
32 182
31 182
30 182
29 183
28 183
27 184
26 184
25 185
24 185
23 186
22 187
21 188
20 189
19 189
19 190
18 191
17 192
16 193
15 194
14 195
14 196
13 197
12 198
12 199
11 200
11 201
11 202
10 203
9 204
9 205
9 206
8 207
8 208
8 209
7 210
7 211
7 212
6 213
6 214
6 215
6 216
6 217
6 218
5 219
5 220
5 221
5 222
5 223
5 224
5 225
5 226
5 227
5 228
5 229
5 230
6 231
6 232
6 233
6 234
7 235
7 236
7 237
7 238
8 239
8 240
8 241
8 242
9 243
9 244
10 245
10 246
10 247
11 248
11 249
12 250
12 251
13 252
13 253
14 254
14 255
15 256
15 257
15 258
16 259
17 260
17 261
17 262
18 263
19 264
19 265
19 266
20 267
20 268
20 269
20 270
20 271
21 272
21 273
21 274
21 275
21 276
21 277
21 278
20 279
20 280
20 281
20 282
19 283
19 284
18 285
18 286
17 287
17 288
16 289
16 290
15 291
15 292
14 293
14 294
14 295
13 296
13 297
12 298
11 299
11 300
11 301
10 302
10 303
10 304
9 305
9 306
8 307
8 308
7 309
7 310
7 311
6 312
6 313
5 314
5 315
5 316
4 317
4 318
4 319
3 320
3 321
3 322
3 323
2 324
2 325
2 326
2 327
2 328
1 329
1 330
1 331
1 332
1 333
1 334
1 335
1 336
1 337
1 338
1 339
1 340
1 341
1 342
1 343
1 344
1 345
2 346
2 347
2 348
2 349
2 350
2 351
3 352
3 353
4 354
4 355
4 356
4 357
5 358
5 359
5 360
6 361
6 362
6 363
7 364
8 365
8 366
9 367
9 368
10 369
11 370
12 371
13 372
13 373
14 373
15 374
16 375
17 376
18 377
19 378
20 378
21 379
22 380
23 380
24 380
25 380
26 381
27 381
28 381
29 382
30 382
31 382
32 382
33 382
34 383
35 384
36 384
37 384
38 384
39 384
40 385
41 385
42 385
43 385
44 386
45 386
46 386
47 386
48 386
49 386
50 386
51 386
52 386
53 386
54 386
55 386
56 386
57 386
58 386
59 386
60 386
61 386
62 386
63 386
64 386
65 386
66 386
67 386
68 386
69 386
70 386
71 386
72 386
73 386
74 386
75 386
76 386
77 386
78 386
79 386
80 386
81 386
82 386
83 386
84 386
85 386
86 386
87 386
88 386
89 386
90 386
91 385
92 385
93 385
94 385
95 384
96 384
97 384
98 383
99 383
100 383
101 383
102 382
103 382
104 381
105 381
106 381
107 380
108 380
109 379
110 378
111 378
112 377
113 376
114 376
115 375
116 374
117 373
118 372
119 371
120 370
121 369
121 368
122 367
123 366
123 365
124 364
125 363
125 362
126 361
126 360
127 359
128 358
128 357
128 356
129 355
129 354
129 353
129 352
130 351
130 350
131 349
131 348
131 347
131 346
131 345
131 344
131 343
131 342
131 341
131 340
131 339
131 338
131 337
131 336
131 335
131 334
131 333
131 332
131 331
131 330
131 329
131 328
131 327
131 326
131 325
131 324
131 323
131 322
130 321
130 320
130 319
130 318
129 317
129 316
129 315
129 314
128 313
128 312
128 311
128 310
127 309
127 308
126 307
126 306
126 305
125 304
125 303
125 302
124 301
124 300
123 299
123 298
123 297
122 296
121 295
121 294
121 293
120 292
119 291
119 290
119 289
118 288
117 287
117 286
116 285
116 284
115 283
115 282
114 281
114 280
113 279
113 278
112 277
112 276
111 275
111 274
110 273
110 272
110 271
110 270
110 269
110 268
110 267
110 266
110 265
110 264
110 263
110 262
111 261
111 260
111 259
112 258
112 257
112 256
113 255
113 254
113 253
114 252
114 251
114 250
115 249
115 248
116 247
116 246
116 245
116 244
116 243
117 242
117 241
118 240
118 239
118 238
119 237
119 236
119 235
119 234
119 233
120 232
120 231
120 230
120 229
121 228
121 227
121 226
121 225
121 224
122 223
122 222
122 221
122 220
121 219
121 218
121 217
121 216
121 215
121 214
121 213
121 212
120 211
120 210
120 209
119 208
119 207
119 206
118 205
118 204
118 203
117 202
117 201
116 200
116 199
115 198
114 197
114 196
113 195
112 194
111 193
110 192
109 191
108 191
107 190
107 189
106 189
105 188
104 187
103 187
102 186
101 185
100 185
99 185
98 184
97 184
96 183
95 183
94 183
93 182
92 182
91 182
90 181
89 181
88 181
87 180
87 179
87 178
87 177
87 176
87 175
87 174
87 173
87 172
87 171
87 170
87 169
87 168
87 167
87 166
87 165
87 164
87 163
87 162
87 161
87 160
87 159
87 158
87 157
87 156
87 155
87 154
87 153
87 152
87 151
87 150
87 149
87 148
88 147
88 146
88 145
88 144
88 143
88 142
88 141
88 140
88 139
88 138
88 137
88 136
88 135
88 134
88 133
88 132
88 131
88 130
88 129
88 128
88 127
88 126
88 125
88 124
88 123
88 122
88 121
88 120
88 119
88 118
88 117
88 116
88 115
88 114
88 113
88 112
88 111
88 110
88 109
88 108
88 107
88 106
88 105
88 104
88 103
88 102
88 101
88 100
88 99
88 98
88 97
88 96
88 95
88 94
88 93
88 92
88 91
88 90
88 89
88 88
88 87
88 86
88 85
88 84
88 83
88 82
88 81
88 80
88 79
88 78
88 77
88 76
88 75
88 74
88 73
88 72
88 71
88 70
88 69
88 68
88 67
88 66
88 65
88 64
88 63
88 62
88 61
89 60
89 59
89 58
90 57
90 56
91 55
92 55
93 54
94 53
94 52
94 51
94 50
94 49
94 48
94 47
94 46
94 45
94 44
93 43
93 42
93 41
93 40
93 39
93 38
93 37
93 36
93 35
93 34
93 33
93 32
93 31
93 30
92 29
92 28
91 27
91 26
91 25
91 24
92 23
92 22
92 21
92 20
91 19
91 18
91 17
91 16
90 15
90 14
89 13
88 12
87 12
86 12
85 11
85 10
85 9
85 8
85 7
84 6
84 5
84 4
83 3
82 3
81 3
80 3
79 3
78 3
77 3
76 3
75 3
74 3
73 2
72 2
71 2
70 2
69 2
68 2
67 2
66 2
65 2
64 2
63 2
62 2
61 2
60 2
59 2
58 1
57 1
56 1
55 1
54 1
53 1
52 1
51 1
