40 1
39 2
38 2
37 3
36 3
35 3
34 4
33 4
32 4
31 5
30 5
29 5
28 5
27 5
26 6
25 6
24 6
23 6
22 7
21 7
20 7
19 8
18 9
17 10
16 11
15 12
14 13
13 14
12 14
11 15
10 16
9 16
8 17
7 17
6 18
5 18
4 19
4 20
3 21
2 21
2 22
2 23
2 24
2 25
2 26
2 27
2 28
2 29
2 30
2 31
2 32
2 33
3 33
4 34
5 35
6 35
7 36
8 37
9 37
10 38
11 38
12 39
13 40
14 40
15 41
16 41
17 42
18 42
19 43
18 44
17 44
16 44
15 44
14 44
13 45
12 45
11 46
10 47
9 48
9 49
8 50
8 51
8 52
8 53
9 54
10 55
11 56
12 56
13 57
14 57
15 57
16 57
17 57
18 57
19 58
20 59
20 60
20 61
20 62
21 63
22 64
23 64
24 65
25 65
26 65
27 65
28 65
29 65
30 65
31 66
31 67
31 68
31 69
32 70
33 71
33 72
34 72
35 72
36 72
37 73
38 73
39 73
40 73
41 72
42 72
43 73
43 74
43 75
43 76
43 77
44 78
45 79
45 80
46 80
47 80
48 80
49 80
50 79
51 79
52 79
53 78
54 78
55 77
56 76
57 76
58 75
58 74
59 73
60 72
61 72
62 72
63 72
64 72
65 73
66 73
67 73
68 73
69 73
70 73
71 73
72 73
73 73
74 73
75 74
76 74
77 74
78 74
79 74
80 74
81 74
82 74
83 75
84 76
85 77
86 77
87 78
88 79
89 80
90 81
91 81
92 82
92 83
93 84
94 85
95 86
96 86
97 87
98 88
98 89
99 90
100 91
101 92
102 93
103 94
103 95
104 95
105 96
105 97
106 98
107 99
108 100
109 101
110 102
111 103
111 104
112 104
113 105
113 106
114 107
115 107
116 108
116 109
117 109
118 110
118 111
119 112
120 113
121 114
122 115
123 116
123 117
124 118
125 119
126 120
127 121
128 122
129 123
130 124
131 125
131 126
132 126
133 127
133 128
134 129
135 130
136 131
137 132
138 133
139 134
140 135
140 136
141 137
142 138
143 139
144 139
145 140
145 141
146 142
147 143
148 144
149 145
149 146
150 147
151 148
152 149
153 150
154 151
155 152
156 153
157 154
158 155
159 156
159 157
160 158
161 159
162 160
162 161
163 162
164 163
165 164
166 165
166 166
167 167
167 168
167 169
168 170
168 171
168 172
169 173
169 174
169 175
169 176
168 177
168 178
168 179
167 180
167 181
167 182
167 183
167 184
166 185
166 186
166 187
166 188
166 189
165 190
165 191
165 192
165 193
165 194
164 195
164 196
164 197
164 198
163 199
163 200
163 201
163 202
163 203
163 204
163 205
163 206
162 207
161 207
160 208
159 209
158 210
157 210
156 211
155 212
154 213
153 214
152 215
152 216
151 217
151 218
150 219
150 220
150 221
150 222
149 223
149 224
149 225
149 226
149 227
148 228
148 229
148 230
148 231
147 232
147 233
147 234
147 235
146 236
146 237
146 238
146 239
146 240
146 241
146 242
145 243
145 244
145 245
145 246
144 247
144 248
144 249
144 250
144 251
144 252
145 253
145 254
145 255
145 256
146 257
147 258
148 259
148 260
149 260
150 261
151 261
152 262
152 263
153 263
154 264
155 265
156 266
157 267
158 268
159 269
159 270
160 270
161 271
161 272
162 272
163 273
163 274
163 275
164 276
165 277
166 278
166 279
167 280
167 281
168 282
169 283
169 284
169 285
169 286
170 287
170 288
170 289
170 290
170 291
171 292
171 293
172 294
172 295
172 296
172 297
172 298
173 299
173 300
173 301
173 302
173 303
173 304
173 305
173 306
173 307
174 308
174 309
174 310
174 311
174 312
174 313
175 314
175 315
175 316
175 317
175 318
175 319
176 320
176 321
176 322
176 323
176 324
177 325
177 326
177 327
177 328
177 329
178 330
178 331
178 332
178 333
179 334
179 335
179 336
179 337
179 338
180 339
181 340
181 341
181 342
182 343
182 344
182 345
183 346
183 347
183 348
184 349
185 350
185 351
185 352
186 353
187 354
187 355
188 356
188 357
188 358
189 359
190 360
191 361
191 362
191 363
192 364
193 365
193 366
194 366
195 367
195 368
195 369
196 370
197 371
198 372
198 373
199 374
200 375
201 376
202 377
203 378
204 379
204 380
205 380
206 381
207 382
208 383
208 384
209 384
210 384
211 385
211 386
212 386
213 387
214 388
215 388
216 389
217 390
218 390
219 391
219 392
220 392
221 393
222 394
223 395
224 396
225 396
226 397
227 398
228 398
229 399
230 400
231 400
232 401
233 401
234 402
235 402
236 403
237 403
238 404
239 404
240 405
241 406
242 406
243 406
244 407
245 407
246 408
247 408
248 408
249 409
250 409
251 409
252 410
253 410
254 411
255 411
256 412
257 412
258 412
259 413
260 413
261 413
262 413
263 414
264 414
265 414
266 414
267 414
268 415
269 415
270 415
271 415
272 415
273 416
274 416
275 416
276 416
277 416
278 416
279 416
280 416
281 416
282 416
283 416
284 416
285 416
286 416
287 416
288 416
289 416
290 416
291 416
292 416
293 416
294 416
295 416
296 416
297 416
298 416
299 416
300 416
301 416
302 416
303 416
304 416
305 416
306 416
307 416
308 416
309 416
310 415
311 415
312 415
313 415
314 415
315 415
316 415
317 414
318 414
319 414
320 413
321 413
322 413
323 413
324 413
325 412
326 412
327 412
328 411
329 411
330 411
331 410
332 410
333 410
334 410
335 410
336 409
337 408
338 408
339 408
340 407
341 407
342 406
343 406
344 406
345 405
346 405
347 404
348 404
349 403
350 403
351 402
352 402
353 401
354 401
355 400
356 400
357 399
358 399
359 398
360 397
361 397
362 396
363 396
364 395
365 394
366 394
367 393
368 393
369 392
370 391
371 391
372 390
373 390
373 389
374 388
375 388
376 387
377 386
378 386
379 385
380 384
381 383
382 382
383 381
384 380
385 379
386 378
387 377
388 376
389 375
389 374
390 373
391 373
391 372
392 371
393 371
393 370
394 369
394 368
395 367
396 366
397 365
398 364
398 363
399 362
400 361
400 360
401 359
402 358
402 357
403 356
403 355
404 354
404 353
405 352
405 351
406 350
407 349
407 348
408 347
408 346
409 345
410 344
410 343
411 342
411 341
412 340
413 339
413 338
414 337
414 336
415 335
415 334
416 333
417 332
418 331
418 330
419 329
419 328
419 327
420 326
420 325
421 324
421 323
422 322
422 321
422 320
423 319
423 318
424 317
424 316
424 315
425 314
425 313
425 312
426 311
426 310
426 309
426 308
427 307
427 306
427 305
427 304
427 303
427 302
427 301
427 300
427 299
427 298
427 297
427 296
427 295
427 294
427 293
427 292
427 291
427 290
427 289
427 288
427 287
427 286
427 285
427 284
427 283
427 282
427 281
427 280
427 279
427 278
427 277
427 276
426 275
426 274
426 273
426 272
425 271
425 270
425 269
424 268
424 267
424 266
423 265
423 264
423 263
422 262
422 261
421 260
420 259
420 258
420 257
419 256
418 255
418 254
418 253
417 252
416 251
416 250
416 249
415 248
415 247
414 246
413 245
413 244
412 243
412 242
411 241
410 240
410 239
409 238
408 237
407 236
407 235
406 234
406 233
405 232
404 231
403 230
402 229
402 228
401 228
400 227
399 226
398 226
397 225
397 224
396 224
395 223
394 222
393 221
392 221
391 220
390 219
389 218
388 218
387 217
386 216
385 216
384 215
383 214
382 213
381 213
380 212
379 211
378 211
377 210
376 210
375 209
374 208
373 208
372 207
371 207
370 206
369 205
368 205
367 204
366 204
365 203
364 203
363 202
362 202
361 201
360 201
359 200
358 200
357 199
356 199
355 198
354 198
353 197
352 197
351 196
350 196
349 195
348 195
347 194
346 194
345 194
344 193
343 193
342 192
341 192
340 192
339 191
338 191
337 190
336 190
335 190
334 189
333 189
332 189
331 188
330 188
329 188
328 188
327 187
326 187
325 187
324 186
323 186
322 186
321 185
320 185
319 184
318 184
317 184
316 183
315 183
314 183
313 182
312 182
311 181
310 181
309 180
308 180
307 180
306 179
305 178
304 178
303 178
302 177
301 177
300 176
299 175
298 175
297 174
296 174
295 173
295 172
294 172
293 171
292 170
291 169
290 168
289 167
288 166
287 165
286 164
286 163
285 162
284 161
283 160
282 159
282 158
281 158
280 157
279 156
279 155
278 155
277 154
276 153
275 152
274 152
273 151
272 151
271 151
270 151
269 151
268 151
267 150
266 150
265 150
264 150
263 150
262 150
261 151
260 151
259 151
258 151
257 151
256 151
255 152
254 152
253 153
252 153
251 153
250 154
249 154
248 155
247 156
246 156
245 157
244 157
243 157
242 158
241 158
240 158
239 158
238 158
237 159
236 158
235 158
234 158
233 158
232 158
231 157
230 157
229 157
228 157
227 157
226 156
225 156
224 156
223 156
222 155
221 154
220 153
219 153
218 152
217 152
216 151
215 151
214 150
213 150
212 150
211 150
210 150
209 150
208 150
207 150
206 150
205 150
204 149
204 148
203 147
202 147
201 146
201 145
200 145
199 144
199 143
198 143
197 142
197 141
196 141
195 140
194 139
193 138
193 137
192 137
191 136
191 135
190 135
189 134
188 133
187 132
186 131
185 130
184 130
183 129
183 128
182 127
181 126
180 126
179 125
179 124
178 124
177 123
177 122
176 121
175 121
174 120
174 119
173 119
172 118
171 117
171 116
170 116
169 115
168 114
167 113
166 112
165 111
164 110
164 109
163 109
162 108
161 107
160 106
159 105
158 104
157 103
156 102
156 101
155 101
154 100
153 99
153 98
152 98
151 97
150 96
149 95
148 94
147 93
146 93
145 92
145 91
144 90
143 89
142 88
141 87
140 87
139 86
139 85
138 84
137 84
136 83
135 82
135 81
134 81
133 80
132 79
131 78
130 77
129 76
128 75
127 74
126 73
125 72
124 71
123 70
122 69
121 68
120 67
119 67
118 66
117 65
116 64
115 63
114 62
113 61
112 60
111 59
110 58
109 58
108 57
107 57
106 57
105 56
104 55
105 54
106 53
107 52
107 51
107 50
107 49
107 48
107 47
107 46
106 45
105 44
105 43
104 43
103 42
102 42
101 41
100 41
99 41
98 41
97 40
97 39
97 38
97 37
97 36
96 35
95 34
94 33
93 32
92 32
91 32
90 32
89 32
88 32
87 33
86 33
85 34
84 33
83 33
82 32
83 31
83 30
83 29
83 28
82 27
82 26
82 25
81 25
80 24
79 24
78 23
77 23
76 23
75 23
74 24
73 24
72 23
71 22
71 21
71 20
72 19
72 18
72 17
72 16
71 15
70 14
69 13
68 13
67 13
66 13
65 13
64 13
63 13
62 12
61 11
61 10
60 9
59 8
59 7
58 7
57 6
56 5
56 4
55 4
54 3
53 2
52 2
51 1
50 1
49 1
48 1
47 1
46 1
45 1
44 1
43 1
42 1
41 1
