46 1
45 2
44 2
43 3
42 4
42 5
42 6
42 7
42 8
42 9
42 10
42 11
43 12
43 13
43 14
44 15
44 16
45 17
46 18
47 19
47 20
47 21
47 22
48 23
48 24
48 25
48 26
48 27
48 28
48 29
48 30
48 31
48 32
48 33
48 34
48 35
48 36
48 37
48 38
48 39
48 40
48 41
48 42
48 43
48 44
48 45
48 46
48 47
48 48
49 49
49 50
49 51
49 52
49 53
49 54
49 55
49 56
49 57
49 58
49 59
49 60
49 61
49 62
49 63
49 64
48 65
48 66
47 67
46 67
46 68
46 69
46 70
45 71
44 72
43 72
42 72
41 72
40 72
39 73
38 74
37 75
36 75
35 76
34 77
34 78
33 79
33 80
32 81
32 82
32 83
32 84
32 85
32 86
32 87
32 88
33 89
33 90
33 91
34 92
34 93
34 94
34 95
35 96
35 97
36 98
36 99
37 100
37 101
38 102
38 103
39 104
39 105
39 106
39 107
39 108
39 109
38 110
38 111
37 112
36 113
35 114
34 115
33 116
32 117
31 118
30 119
29 120
28 121
28 122
28 123
28 124
28 125
27 126
27 127
27 128
27 129
27 130
27 131
27 132
27 133
27 134
27 135
27 136
27 137
28 138
28 139
28 140
29 141
30 142
31 143
32 144
33 145
34 146
35 146
36 147
37 148
38 148
39 148
40 148
41 148
42 148
43 148
44 148
45 148
46 148
47 148
48 148
49 148
50 148
51 148
52 148
53 148
54 148
55 148
56 148
57 148
58 148
59 148
60 148
61 148
62 148
63 148
64 148
65 148
66 148
67 148
68 148
69 148
70 148
71 147
72 147
73 146
74 145
75 144
76 143
77 142
78 141
78 140
79 139
79 138
79 137
79 136
79 135
80 134
80 133
80 132
80 131
80 130
80 129
80 128
80 127
80 126
79 125
79 124
78 123
78 122
78 121
78 120
77 119
77 118
76 117
76 116
75 115
74 114
74 113
73 112
72 111
72 110
72 109
71 108
70 107
70 106
70 105
69 104
69 103
70 102
70 101
70 100
71 99
71 98
71 97
72 96
73 95
73 94
73 93
74 92
74 91
74 90
75 89
75 88
75 87
75 86
75 85
74 84
74 83
74 82
74 81
74 80
73 79
73 78
73 77
72 76
72 75
71 74
70 74
69 73
68 72
67 72
66 72
65 71
64 71
63 71
62 70
61 69
61 68
61 67
61 66
61 65
61 64
61 63
61 62
60 61
60 60
60 59
60 58
60 57
60 56
60 55
60 54
60 53
60 52
60 51
60 50
60 49
60 48
60 47
60 46
60 45
60 44
60 43
60 42
60 41
60 40
60 39
60 38
60 37
60 36
59 35
59 34
59 33
59 32
59 31
59 30
59 29
59 28
59 27
59 26
59 25
59 24
59 23
59 22
59 21
59 20
58 19
58 18
58 17
57 16
57 15
57 14
57 13
57 12
56 11
56 10
56 9
55 8
55 7
55 6
55 5
54 4
54 3
53 2
52 2
51 1
50 1
49 1
48 1
47 1
