31 31
31 32
31 33
31 34
31 35
31 36
31 37
31 38
31 39
31 40
31 41
31 42
31 43
31 44
31 45
31 46
31 47
31 48
31 49
31 50
31 51
31 52
31 53
31 54
31 55
31 56
31 57
31 58
31 59
31 60
31 61
31 62
31 63
31 64
31 65
31 66
31 67
31 68
31 69
31 70
31 71
31 72
31 73
32 73
33 73
34 73
35 73
36 73
37 73
38 73
39 73
40 73
41 73
42 73
43 73
44 73
45 73
46 73
47 73
48 73
49 73
50 73
51 73
52 73
53 73
54 73
55 73
56 73
57 73
58 73
59 73
60 73
60 72
60 71
60 70
60 69
60 68
61 67
62 68
63 68
64 69
65 69
66 70
67 70
68 71
68 72
68 73
68 74
68 75
68 76
68 77
68 78
68 79
68 80
68 81
68 82
68 83
68 84
68 85
68 86
68 87
68 88
68 89
68 90
68 91
68 92
68 93
68 94
68 95
68 96
68 97
68 98
68 99
68 100
68 101
68 102
68 103
68 104
68 105
68 106
68 107
68 108
68 109
68 110
68 111
68 112
68 113
68 114
68 115
68 116
68 117
68 118
68 119
68 120
68 121
68 122
68 123
68 124
68 125
68 126
68 127
68 128
68 129
68 130
68 131
68 132
68 133
68 134
68 135
68 136
68 137
68 138
68 139
68 140
68 141
68 142
68 143
68 144
68 145
68 146
68 147
68 148
68 149
68 150
68 151
68 152
68 153
68 154
68 155
68 156
68 157
68 158
68 159
68 160
68 161
68 162
68 163
68 164
68 165
68 166
68 167
68 168
68 169
68 170
68 171
68 172
68 173
68 174
68 175
68 176
68 177
68 178
68 179
68 180
68 181
68 182
68 183
68 184
68 185
68 186
68 187
68 188
68 189
68 190
68 191
68 192
68 193
68 194
68 195
68 196
68 197
68 198
68 199
68 200
68 201
68 202
68 203
68 204
68 205
68 206
68 207
68 208
68 209
68 210
68 211
68 212
68 213
68 214
68 215
68 216
68 217
68 218
68 219
68 220
68 221
68 222
68 223
68 224
68 225
68 226
68 227
68 228
69 228
70 228
71 228
72 228
73 228
74 228
75 228
76 228
77 228
78 228
79 228
80 228
81 228
82 228
83 228
84 228
85 228
86 228
87 228
88 228
88 227
88 226
88 225
88 224
88 223
88 222
88 221
88 220
88 219
88 218
88 217
88 216
88 215
88 214
88 213
88 212
88 211
88 210
88 209
88 208
88 207
88 206
88 205
88 204
88 203
88 202
88 201
88 200
88 199
88 198
88 197
88 196
88 195
88 194
88 193
88 192
88 191
88 190
88 189
88 188
88 187
88 186
88 185
88 184
88 183
88 182
88 181
88 180
88 179
88 178
88 177
88 176
88 175
88 174
88 173
88 172
88 171
88 170
88 169
88 168
88 167
88 166
88 165
88 164
88 163
88 162
88 161
88 160
88 159
88 158
88 157
88 156
88 155
88 154
88 153
88 152
88 151
88 150
88 149
88 148
88 147
88 146
88 145
88 144
88 143
88 142
88 141
88 140
88 139
88 138
88 137
88 136
88 135
88 134
88 133
88 132
88 131
88 130
88 129
88 128
88 127
88 126
88 125
88 124
88 123
88 122
88 121
88 120
88 119
88 118
88 117
88 116
88 115
88 114
88 113
88 112
88 111
88 110
88 109
88 108
88 107
88 106
88 105
88 104
88 103
88 102
88 101
88 100
88 99
88 98
88 97
88 96
88 95
88 94
88 93
88 92
88 91
88 90
88 89
88 88
88 87
88 86
88 85
88 84
88 83
88 82
88 81
88 80
88 79
88 78
88 77
88 76
88 75
88 74
88 73
88 72
88 71
89 70
90 70
91 69
92 69
93 68
94 68
95 67
96 67
97 66
98 65
99 64
100 63
101 63
102 62
103 62
104 61
105 61
106 61
107 61
108 61
109 61
110 61
111 60
112 60
113 60
114 60
115 60
116 60
117 60
118 60
119 60
120 60
121 60
122 61
123 61
124 61
125 61
126 62
127 62
128 63
129 63
130 64
131 64
132 64
133 64
134 65
135 66
136 66
137 67
138 67
139 68
140 69
141 69
141 68
140 67
140 66
139 65
139 64
138 63
138 62
137 61
137 60
136 59
135 58
135 57
134 56
134 55
133 54
132 53
132 52
131 51
130 50
129 49
128 48
127 47
127 46
126 45
125 45
124 44
123 43
122 43
121 42
120 42
119 41
118 41
117 40
116 40
115 39
114 39
113 39
112 38
111 38
110 38
109 38
108 37
107 37
106 36
105 36
104 36
103 36
102 35
101 35
100 34
99 34
98 34
97 34
96 33
95 33
94 33
93 33
92 33
91 33
90 33
89 32
88 32
87 32
86 32
85 32
84 32
83 32
82 32
81 32
80 32
79 32
78 32
77 32
76 32
75 32
74 32
73 32
72 33
71 33
70 33
69 33
68 34
67 34
66 34
65 35
64 35
63 36
62 36
61 37
60 36
60 35
60 34
60 33
60 32
60 31
59 31
58 31
57 31
56 31
55 31
54 31
53 31
52 31
51 31
50 31
49 31
48 31
47 31
46 31
45 31
44 31
43 31
42 31
41 31
40 31
39 31
38 31
37 31
36 31
35 31
34 31
33 31
32 31
