201 24
201 25
201 26
201 27
200 28
199 28
198 28
197 28
196 28
195 28
194 28
193 28
192 28
191 28
190 28
189 28
188 28
187 28
186 28
185 28
184 28
183 28
182 28
181 28
180 28
179 28
178 28
177 28
176 28
175 28
174 28
173 28
172 29
171 29
170 29
169 29
168 29
167 30
166 30
165 31
164 31
163 32
162 32
161 32
160 32
159 33
158 34
157 34
156 35
155 36
154 36
153 37
152 38
151 38
150 39
149 40
148 40
147 41
146 41
145 42
144 43
143 43
142 44
141 45
140 46
139 47
138 48
138 49
137 50
136 51
135 52
135 53
135 54
134 55
134 56
133 57
132 58
132 59
131 60
130 61
130 62
130 63
129 64
129 65
128 66
128 67
128 68
127 69
127 70
127 71
126 72
126 73
126 74
126 75
127 74
128 74
129 73
130 73
131 72
132 72
133 72
134 72
135 71
136 71
137 71
138 70
139 70
140 70
141 70
142 70
143 70
144 69
145 69
146 69
147 69
148 68
149 68
150 68
151 68
152 68
153 68
154 67
155 67
156 67
157 67
158 67
159 67
160 67
161 67
162 66
163 66
164 66
165 66
166 66
167 66
168 66
169 66
170 66
171 66
172 67
172 68
172 69
172 70
172 71
172 72
172 73
172 74
172 75
172 76
172 77
172 78
172 79
172 80
172 81
172 82
172 83
172 84
172 85
172 86
172 87
172 88
172 89
172 90
172 91
172 92
172 93
172 94
172 95
172 96
172 97
172 98
172 99
172 100
172 101
172 102
172 103
172 104
172 105
172 106
172 107
172 108
172 109
172 110
172 111
172 112
172 113
172 114
172 115
172 116
172 117
172 118
172 119
172 120
172 121
172 122
172 123
172 124
172 125
172 126
172 127
172 128
172 129
172 130
172 131
172 132
172 133
172 134
172 135
172 136
172 137
172 138
172 139
172 140
172 141
172 142
172 143
172 144
172 145
172 146
172 147
172 148
172 149
172 150
172 151
172 152
172 153
172 154
172 155
172 156
172 157
172 158
172 159
172 160
172 161
172 162
172 163
172 164
172 165
172 166
172 167
172 168
172 169
172 170
172 171
172 172
172 173
172 174
172 175
172 176
172 177
172 178
172 179
172 180
172 181
172 182
172 183
172 184
172 185
172 186
172 187
172 188
172 189
172 190
172 191
172 192
172 193
172 194
172 195
172 196
172 197
172 198
172 199
172 200
172 201
172 202
172 203
172 204
172 205
172 206
172 207
172 208
172 209
172 210
172 211
172 212
172 213
172 214
172 215
172 216
172 217
172 218
172 219
172 220
172 221
172 222
172 223
172 224
172 225
172 226
172 227
172 228
172 229
172 230
172 231
172 232
172 233
172 234
172 235
172 236
172 237
172 238
172 239
173 239
174 239
175 239
176 239
177 239
178 239
179 239
180 239
181 239
182 239
183 239
184 239
185 239
186 239
187 239
188 239
189 239
190 239
191 239
192 239
193 239
194 239
195 239
195 238
195 237
195 236
195 235
195 234
195 233
195 232
195 231
195 230
195 229
195 228
195 227
195 226
195 225
195 224
195 223
195 222
195 221
195 220
195 219
195 218
195 217
195 216
195 215
195 214
195 213
195 212
195 211
195 210
195 209
195 208
195 207
195 206
195 205
195 204
195 203
195 202
195 201
195 200
195 199
195 198
195 197
195 196
195 195
195 194
195 193
195 192
195 191
195 190
195 189
195 188
195 187
195 186
195 185
195 184
195 183
195 182
195 181
195 180
195 179
195 178
195 177
195 176
195 175
195 174
195 173
195 172
195 171
195 170
195 169
195 168
195 167
195 166
195 165
195 164
195 163
195 162
195 161
195 160
195 159
195 158
195 157
195 156
195 155
195 154
195 153
195 152
195 151
195 150
195 149
195 148
195 147
195 146
195 145
195 144
195 143
195 142
195 141
195 140
195 139
195 138
195 137
195 136
195 135
195 134
195 133
195 132
195 131
195 130
195 129
195 128
195 127
195 126
195 125
195 124
195 123
195 122
195 121
195 120
195 119
195 118
195 117
195 116
195 115
195 114
195 113
195 112
195 111
195 110
195 109
195 108
195 107
195 106
195 105
195 104
195 103
195 102
195 101
195 100
195 99
195 98
195 97
195 96
195 95
195 94
195 93
195 92
195 91
195 90
195 89
195 88
195 87
195 86
195 85
195 84
195 83
195 82
195 81
195 80
195 79
195 78
195 77
195 76
195 75
195 74
195 73
195 72
195 71
195 70
195 69
195 68
196 67
197 67
198 67
199 67
200 67
201 68
201 69
201 70
201 71
202 71
203 71
204 71
205 71
206 71
207 71
208 71
209 71
210 71
211 71
212 71
213 71
214 71
215 71
216 71
217 71
218 71
219 71
220 71
221 71
222 71
223 71
224 71
225 71
226 71
226 70
226 69
226 68
226 67
226 66
226 65
226 64
226 63
226 62
226 61
226 60
226 59
226 58
226 57
226 56
226 55
226 54
226 53
226 52
226 51
226 50
226 49
226 48
226 47
226 46
226 45
226 44
226 43
226 42
226 41
226 40
226 39
226 38
226 37
226 36
226 35
226 34
226 33
226 32
226 31
226 30
226 29
226 28
226 27
226 26
226 25
226 24
225 24
224 24
223 24
222 24
221 24
220 24
219 24
218 24
217 24
216 24
215 24
214 24
213 24
212 24
211 24
210 24
209 24
208 24
207 24
206 24
205 24
204 24
203 24
202 24
