24 29
24 30
24 31
24 32
24 33
24 34
24 35
24 36
24 37
24 38
24 39
24 40
24 41
24 42
24 43
24 44
24 45
24 46
24 47
24 48
24 49
24 50
24 51
24 52
24 53
24 54
25 54
26 54
27 54
28 55
28 56
28 57
28 58
28 59
28 60
28 61
28 62
28 63
28 64
28 65
28 66
28 67
28 68
28 69
28 70
28 71
28 72
28 73
28 74
28 75
28 76
28 77
28 78
28 79
28 80
28 81
28 82
29 83
29 84
29 85
29 86
29 87
30 88
30 89
31 90
31 91
32 92
32 93
32 94
32 95
33 96
34 97
34 98
35 99
36 100
36 101
37 102
38 103
38 104
39 105
40 106
40 107
41 108
41 109
42 110
43 111
43 112
44 113
45 114
46 115
47 116
48 117
49 117
50 118
51 119
52 120
53 120
54 120
55 121
56 121
57 122
58 123
59 123
60 124
61 125
62 125
63 125
64 126
65 126
66 127
67 127
68 127
69 128
70 128
71 128
72 129
73 129
74 129
75 129
74 128
74 127
73 126
73 125
72 124
72 123
72 122
72 121
71 120
71 119
71 118
70 117
70 116
70 115
70 114
70 113
70 112
69 111
69 110
69 109
69 108
68 107
68 106
68 105
68 104
68 103
68 102
67 101
67 100
67 99
67 98
67 97
67 96
67 95
67 94
66 93
66 92
66 91
66 90
66 89
66 88
66 87
66 86
66 85
66 84
67 83
68 83
69 83
70 83
71 83
72 83
73 83
74 83
75 83
76 83
77 83
78 83
79 83
80 83
81 83
82 83
83 83
84 83
85 83
86 83
87 83
88 83
89 83
90 83
91 83
92 83
93 83
94 83
95 83
96 83
97 83
98 83
99 83
100 83
101 83
102 83
103 83
104 83
105 83
106 83
107 83
108 83
109 83
110 83
111 83
112 83
113 83
114 83
115 83
116 83
117 83
118 83
119 83
120 83
121 83
122 83
123 83
124 83
125 83
126 83
127 83
128 83
129 83
130 83
131 83
132 83
133 83
134 83
135 83
136 83
137 83
138 83
139 83
140 83
141 83
142 83
143 83
144 83
145 83
146 83
147 83
148 83
149 83
150 83
151 83
152 83
153 83
154 83
155 83
156 83
157 83
158 83
159 83
160 83
161 83
162 83
163 83
164 83
165 83
166 83
167 83
168 83
169 83
169 82
169 81
169 80
169 79
169 78
169 77
169 76
169 75
169 74
169 73
169 72
169 71
169 70
169 69
169 68
169 67
169 66
169 65
169 64
169 63
169 62
169 61
169 60
168 60
167 60
166 60
165 60
164 60
163 60
162 60
161 60
160 60
159 60
158 60
157 60
156 60
155 60
154 60
153 60
152 60
151 60
150 60
149 60
148 60
147 60
146 60
145 60
144 60
143 60
142 60
141 60
140 60
139 60
138 60
137 60
136 60
135 60
134 60
133 60
132 60
131 60
130 60
129 60
128 60
127 60
126 60
125 60
124 60
123 60
122 60
121 60
120 60
119 60
118 60
117 60
116 60
115 60
114 60
113 60
112 60
111 60
110 60
109 60
108 60
107 60
106 60
105 60
104 60
103 60
102 60
101 60
100 60
99 60
98 60
97 60
96 60
95 60
94 60
93 60
92 60
91 60
90 60
89 60
88 60
87 60
86 60
85 60
84 60
83 60
82 60
81 60
80 60
79 60
78 60
77 60
76 60
75 60
74 60
73 60
72 60
71 60
70 60
69 60
68 60
67 59
67 58
67 57
67 56
67 55
68 54
69 54
70 54
71 54
71 53
71 52
71 51
71 50
71 49
71 48
71 47
71 46
71 45
71 44
71 43
71 42
71 41
71 40
71 39
71 38
71 37
71 36
71 35
71 34
71 33
71 32
71 31
71 30
71 29
70 29
69 29
68 29
67 29
66 29
65 29
64 29
63 29
62 29
61 29
60 29
59 29
58 29
57 29
56 29
55 29
54 29
53 29
52 29
51 29
50 29
49 29
48 29
47 29
46 29
45 29
44 29
43 29
42 29
41 29
40 29
39 29
38 29
37 29
36 29
35 29
34 29
33 29
32 29
31 29
30 29
29 29
28 29
27 29
26 29
25 29
