53 12
52 13
51 13
50 14
49 15
48 16
47 17
47 18
46 19
46 20
46 21
46 22
46 23
46 24
46 25
46 26
46 27
46 28
46 29
46 30
46 31
46 32
46 33
46 34
46 35
46 36
46 37
46 38
46 39
46 40
46 41
46 42
47 43
47 44
48 45
49 46
50 47
51 47
52 48
53 48
54 48
55 48
56 49
57 49
58 49
59 49
60 49
61 49
62 49
63 49
64 48
65 48
66 48
67 47
68 47
69 46
70 45
71 44
72 43
73 42
74 42
75 42
76 42
77 42
78 43
78 44
78 45
78 46
78 47
78 48
78 49
78 50
78 51
78 52
78 53
78 54
78 55
78 56
78 57
78 58
78 59
78 60
78 61
78 62
78 63
78 64
78 65
78 66
78 67
78 68
78 69
78 70
78 71
78 72
78 73
78 74
78 75
78 76
78 77
78 78
78 79
78 80
78 81
78 82
78 83
78 84
78 85
78 86
78 87
78 88
78 89
78 90
78 91
78 92
78 93
78 94
78 95
78 96
78 97
78 98
78 99
78 100
78 101
78 102
78 103
78 104
78 105
78 106
78 107
78 108
78 109
78 110
78 111
78 112
78 113
78 114
78 115
78 116
78 117
78 118
78 119
78 120
78 121
78 122
78 123
78 124
78 125
78 126
78 127
78 128
78 129
78 130
78 131
78 132
78 133
78 134
78 135
78 136
78 137
78 138
78 139
78 140
78 141
78 142
78 143
78 144
78 145
78 146
78 147
78 148
78 149
78 150
78 151
78 152
78 153
78 154
78 155
78 156
78 157
78 158
78 159
78 160
78 161
78 162
78 163
78 164
78 165
78 166
78 167
78 168
78 169
78 170
78 171
78 172
78 173
78 174
78 175
78 176
78 177
78 178
78 179
78 180
78 181
78 182
78 183
78 184
78 185
78 186
78 187
78 188
78 189
78 190
78 191
78 192
78 193
78 194
78 195
78 196
78 197
78 198
78 199
78 200
78 201
78 202
78 203
78 204
78 205
78 206
78 207
78 208
78 209
78 210
78 211
78 212
78 213
78 214
78 215
78 216
78 217
78 218
78 219
78 220
78 221
78 222
78 223
78 224
78 225
78 226
78 227
78 228
78 229
78 230
78 231
78 232
78 233
78 234
78 235
78 236
78 237
79 238
80 239
81 239
82 239
83 239
84 239
85 239
86 239
87 239
88 239
89 239
90 239
91 238
92 237
93 236
93 235
93 234
93 233
93 232
93 231
93 230
93 229
93 228
93 227
93 226
93 225
93 224
93 223
93 222
93 221
93 220
93 219
93 218
93 217
93 216
93 215
93 214
93 213
93 212
93 211
93 210
93 209
93 208
93 207
93 206
93 205
93 204
93 203
93 202
93 201
93 200
93 199
93 198
93 197
93 196
93 195
93 194
93 193
93 192
93 191
93 190
93 189
93 188
93 187
93 186
93 185
93 184
93 183
93 182
93 181
93 180
93 179
93 178
93 177
93 176
93 175
93 174
93 173
93 172
93 171
93 170
93 169
93 168
93 167
93 166
93 165
93 164
93 163
93 162
93 161
93 160
93 159
93 158
93 157
93 156
93 155
93 154
93 153
93 152
93 151
93 150
93 149
93 148
93 147
93 146
93 145
93 144
93 143
93 142
93 141
93 140
93 139
93 138
93 137
93 136
93 135
93 134
93 133
93 132
93 131
93 130
93 129
93 128
93 127
93 126
93 125
93 124
93 123
93 122
93 121
93 120
93 119
93 118
93 117
93 116
93 115
93 114
93 113
93 112
93 111
93 110
93 109
93 108
93 107
93 106
93 105
93 104
93 103
93 102
93 101
93 100
93 99
93 98
93 97
93 96
93 95
93 94
93 93
93 92
93 91
93 90
93 89
93 88
93 87
93 86
93 85
93 84
93 83
93 82
93 81
93 80
93 79
93 78
93 77
93 76
93 75
93 74
93 73
93 72
93 71
93 70
93 69
93 68
93 67
93 66
93 65
93 64
93 63
93 62
93 61
93 60
93 59
93 58
93 57
93 56
93 55
93 54
93 53
93 52
93 51
93 50
93 49
93 48
93 47
93 46
93 45
93 44
93 43
94 42
95 42
96 43
97 43
98 43
99 44
100 44
101 44
102 44
103 44
104 45
105 46
106 46
107 46
108 47
109 47
110 47
111 48
112 49
113 49
114 50
115 51
116 51
117 52
118 53
119 53
120 54
121 54
122 54
123 53
123 52
123 51
122 50
122 49
122 48
122 47
122 46
122 45
122 44
122 43
121 42
121 41
121 40
120 39
119 38
118 37
118 36
118 35
117 34
116 33
115 32
114 31
113 30
112 29
111 28
110 27
109 26
108 25
107 24
106 23
105 22
104 21
103 20
102 20
101 20
100 19
99 19
98 19
97 18
96 18
95 18
94 18
93 18
92 18
91 18
90 18
89 17
88 17
87 17
86 17
85 17
84 17
83 17
82 17
81 17
80 17
79 17
78 17
77 17
76 17
75 17
74 17
73 17
72 17
71 16
70 15
69 14
68 13
67 13
66 12
65 12
64 12
63 12
62 12
61 12
60 12
59 12
58 12
57 12
56 12
55 12
54 12
