26 1
25 2
24 2
23 2
22 2
21 2
20 2
19 2
18 2
17 2
16 3
15 3
14 3
13 3
12 3
12 4
11 5
11 6
11 7
11 8
11 9
11 10
11 11
11 12
12 13
12 14
12 15
12 16
12 17
12 18
12 19
12 20
13 21
13 22
13 23
13 24
13 25
13 26
13 27
13 28
13 29
13 30
13 31
13 32
13 33
13 34
13 35
13 36
13 37
13 38
13 39
13 40
13 41
13 42
13 43
12 44
12 45
12 46
12 47
12 48
12 49
12 50
11 51
10 51
9 52
8 53
7 53
6 54
5 55
4 55
3 56
2 57
1 57
1 58
1 59
1 60
1 61
1 62
2 62
3 62
4 62
5 62
6 62
7 62
8 62
9 62
10 61
11 61
12 61
13 60
14 60
15 60
16 60
17 59
18 59
19 59
20 59
21 59
22 58
23 58
24 58
25 58
26 58
27 58
28 57
29 57
30 57
31 57
32 57
33 56
34 57
35 57
36 57
37 57
38 57
39 57
40 57
41 57
42 57
43 57
44 57
45 57
46 57
47 57
48 57
49 57
50 57
51 57
52 57
53 58
54 58
55 58
56 58
57 58
58 59
59 59
60 59
61 59
62 59
63 60
64 60
65 60
66 60
67 60
68 61
69 61
70 62
71 62
72 62
73 62
74 62
75 62
76 62
77 62
77 61
77 60
77 59
77 58
77 57
76 56
76 55
75 55
74 54
73 54
72 53
71 52
70 52
69 51
68 51
67 50
67 49
66 48
66 47
65 46
65 45
65 44
65 43
65 42
65 41
64 40
64 39
64 38
64 37
64 36
64 35
64 34
64 33
64 32
64 31
64 30
64 29
64 28
64 27
64 26
64 25
64 24
64 23
64 22
64 21
64 20
64 19
64 18
64 17
64 16
64 15
64 14
64 13
64 12
65 11
65 10
65 9
65 8
65 7
65 6
65 5
65 4
65 3
64 2
63 2
62 2
61 2
60 2
59 1
58 1
57 1
56 1
55 1
54 1
53 1
52 1
51 1
50 1
49 1
48 1
47 1
46 1
45 1
44 1
43 1
42 1
41 1
40 1
39 1
38 1
37 1
36 1
35 1
34 1
33 1
32 1
31 1
30 1
29 1
28 1
27 1
