126 1
125 2
124 2
123 2
122 2
121 2
120 2
119 2
118 2
117 2
116 2
115 2
114 2
113 2
112 3
111 3
110 3
109 3
108 3
107 3
106 3
105 3
104 3
103 3
102 4
101 4
100 4
99 4
98 4
97 4
96 4
95 5
94 5
93 5
92 5
91 6
90 6
89 6
88 6
87 7
86 7
85 7
84 7
83 7
82 8
81 8
80 9
79 9
78 10
77 10
76 10
75 10
74 10
73 10
72 11
71 11
70 11
69 11
68 12
67 12
66 13
65 13
64 14
63 14
62 15
61 15
60 16
59 16
58 17
57 17
56 18
55 19
54 20
53 21
53 22
52 23
51 24
51 25
51 26
51 27
51 28
51 29
51 30
51 31
51 32
51 33
51 34
51 35
51 36
51 37
51 38
51 39
51 40
51 41
51 42
51 43
51 44
51 45
51 46
51 47
51 48
51 49
51 50
52 51
52 52
52 53
52 54
52 55
52 56
52 57
52 58
52 59
52 60
52 61
52 62
52 63
52 64
51 65
51 66
51 67
51 68
52 69
52 70
52 71
52 72
52 73
52 74
52 75
52 76
52 77
52 78
52 79
52 80
52 81
52 82
52 83
52 84
52 85
52 86
52 87
52 88
52 89
52 90
52 91
51 92
50 92
49 92
48 92
47 92
46 92
45 92
44 92
43 92
42 92
41 93
40 93
39 93
38 93
37 93
36 94
35 94
34 94
33 94
32 94
31 95
30 95
29 95
28 95
27 96
26 96
25 96
24 96
23 96
22 97
21 97
20 98
19 98
18 98
17 99
16 99
15 100
14 100
13 101
12 101
11 102
10 102
9 103
8 104
7 105
6 105
5 106
4 107
4 108
3 109
2 110
2 111
1 112
1 113
1 114
1 115
1 116
1 117
1 118
1 119
2 120
2 121
2 122
2 123
2 124
2 125
3 126
4 127
4 128
5 129
6 130
7 130
8 131
9 132
9 133
10 134
11 135
12 136
13 137
14 138
15 138
16 139
16 140
17 140
18 140
19 141
20 142
21 142
22 143
23 143
24 143
25 144
26 144
27 145
28 146
29 146
30 147
31 147
32 147
33 148
34 148
35 149
36 149
37 149
38 150
39 150
40 150
41 150
42 150
43 151
44 152
45 152
46 152
47 152
48 153
49 153
50 153
51 153
52 154
53 154
54 154
55 154
56 154
57 155
58 155
59 155
60 155
61 155
62 155
63 156
64 156
65 156
66 156
67 156
68 156
69 156
70 157
71 157
72 157
73 157
74 158
75 158
76 158
77 158
78 158
79 158
80 158
81 158
82 159
83 159
84 159
85 159
86 159
87 159
88 159
89 160
90 160
91 160
92 160
93 160
94 160
95 160
96 160
97 160
98 160
99 160
100 160
101 161
102 161
103 161
104 161
105 161
106 161
107 161
108 161
109 161
110 161
111 161
112 161
113 161
114 161
115 161
116 161
117 161
118 161
119 161
120 161
121 161
122 161
123 161
124 161
125 161
126 161
127 161
128 161
129 161
130 161
131 161
132 161
133 161
134 161
135 161
136 161
137 161
138 161
139 161
140 161
141 161
142 161
143 161
144 161
145 161
146 161
147 161
148 161
149 161
150 161
151 161
152 161
153 161
154 161
155 161
156 161
157 161
158 161
159 161
160 161
161 161
162 161
163 161
164 161
165 161
166 161
167 161
168 161
169 161
170 161
171 161
172 161
173 161
174 161
175 161
176 161
177 161
178 161
179 161
180 161
181 161
182 161
183 161
184 161
185 160
186 160
187 160
188 160
189 160
190 160
191 160
192 160
193 160
194 160
195 160
196 160
197 160
198 160
199 160
200 160
201 160
202 160
203 160
204 160
205 160
206 159
207 159
208 159
209 159
210 159
211 159
212 159
213 159
214 159
215 159
216 159
217 159
218 159
219 159
220 158
221 158
222 158
223 158
224 158
225 157
226 157
227 157
228 157
229 157
230 157
231 157
232 156
233 156
234 156
235 156
236 156
237 155
238 155
239 155
240 155
241 155
242 154
243 154
244 154
245 154
246 153
247 153
248 153
249 153
250 153
251 152
252 152
253 152
254 151
255 151
256 151
257 151
258 151
259 150
260 150
261 149
262 149
263 149
264 149
265 148
266 148
267 147
268 147
269 147
270 146
271 146
272 145
273 145
274 145
275 144
276 144
277 143
278 142
279 142
280 141
281 140
282 140
283 139
284 138
285 138
286 137
287 137
288 136
288 135
289 134
290 134
291 133
292 132
293 131
294 130
294 129
295 128
295 127
295 126
296 125
296 124
296 123
296 122
296 121
296 120
296 119
295 118
295 117
295 116
295 115
294 114
294 113
293 112
292 111
292 110
292 109
291 109
290 108
290 107
290 106
289 105
288 104
287 103
286 102
285 101
285 100
284 100
283 100
282 99
282 98
281 98
280 97
279 96
278 96
277 95
276 94
275 94
274 94
273 93
272 93
271 93
270 92
269 92
268 92
267 92
266 91
265 91
264 91
263 91
262 91
261 91
260 90
259 90
258 90
257 90
256 90
255 90
254 89
253 89
252 89
251 89
250 89
249 88
248 88
247 87
246 86
247 85
247 84
247 83
247 82
247 81
247 80
247 79
247 78
246 77
246 76
246 75
246 74
246 73
246 72
246 71
246 70
246 69
246 68
246 67
246 66
246 65
246 64
246 63
246 62
246 61
246 60
246 59
246 58
246 57
246 56
246 55
246 54
246 53
246 52
246 51
246 50
246 49
246 48
246 47
246 46
246 45
246 44
246 43
246 42
246 41
246 40
246 39
246 38
246 37
246 36
246 35
246 34
246 33
246 32
246 31
245 30
245 29
245 28
245 27
245 26
245 25
245 24
245 23
245 22
245 21
245 20
245 19
244 19
243 18
243 17
242 17
241 16
240 16
239 15
238 15
237 14
236 13
235 13
234 13
233 12
232 12
231 11
230 11
229 11
228 10
227 10
226 10
225 10
224 9
223 9
222 9
221 9
220 8
219 8
218 8
217 7
216 7
215 7
214 7
213 7
212 6
211 6
210 6
209 6
208 6
207 6
206 6
205 5
204 5
203 5
202 5
201 5
200 5
199 4
198 4
197 4
196 4
195 4
194 4
193 4
192 4
191 3
190 3
189 3
188 3
187 3
186 3
185 3
184 3
183 3
182 2
181 2
180 2
179 2
178 2
177 2
176 2
175 2
174 2
173 2
172 2
171 2
170 2
169 1
168 1
167 1
166 1
165 1
164 1
163 1
162 1
161 1
160 1
159 1
158 1
157 1
156 1
155 1
154 1
153 1
152 1
151 1
150 1
149 1
148 1
147 1
146 1
145 1
144 1
143 1
142 1
141 1
140 1
139 1
138 1
137 1
136 1
135 1
134 1
133 1
132 1
131 1
130 1
129 1
128 1
127 1
