96 1
95 2
94 2
93 2
92 2
91 2
90 2
89 2
88 2
87 2
86 2
85 2
84 2
83 2
82 2
81 2
80 2
79 2
78 3
77 3
76 3
75 3
74 3
73 3
72 3
71 3
70 3
69 3
68 4
67 4
66 4
65 4
64 4
63 4
62 5
61 5
60 5
59 5
58 5
57 5
56 6
55 6
54 6
53 6
52 7
51 7
50 7
49 7
48 7
47 8
46 8
45 8
44 9
43 9
42 9
41 10
40 10
39 10
38 11
37 12
36 12
35 13
34 14
33 14
33 15
32 16
31 17
31 18
30 19
30 20
29 21
29 22
29 23
29 24
29 25
29 26
28 27
28 28
28 29
28 30
28 31
28 32
28 33
28 34
28 35
28 36
28 37
28 38
28 39
28 40
28 41
28 42
28 43
28 44
28 45
28 46
27 47
27 48
27 49
27 50
27 51
27 52
27 53
27 54
27 55
27 56
27 57
27 58
27 59
27 60
27 61
27 62
27 63
27 64
27 65
27 66
27 67
27 68
27 69
27 70
27 71
27 72
27 73
27 74
27 75
27 76
27 77
27 78
27 79
27 80
27 81
27 82
27 83
27 84
26 85
26 86
26 87
26 88
26 89
26 90
26 91
26 92
26 93
26 94
25 95
24 95
23 95
22 95
21 95
20 95
19 95
18 95
17 95
16 95
15 95
14 95
13 95
12 95
11 96
10 96
9 97
8 97
7 97
6 98
5 98
5 99
4 100
3 101
2 102
2 103
1 104
1 105
1 106
1 107
1 108
1 109
1 110
1 111
1 112
1 113
1 114
2 115
2 116
2 117
3 118
4 119
4 120
5 121
6 122
7 123
8 124
9 125
10 125
11 126
12 127
13 128
14 128
15 129
16 130
17 130
18 130
19 131
20 131
21 132
22 132
23 132
24 133
25 133
26 134
27 134
28 134
29 134
30 135
31 135
32 135
33 136
34 136
35 136
36 136
37 137
38 137
39 137
40 137
41 138
42 138
43 138
44 138
45 138
46 138
47 138
48 138
49 138
50 138
51 138
52 138
53 138
54 138
55 138
56 138
57 138
58 138
59 138
60 138
61 138
62 138
63 138
64 138
65 138
66 138
67 138
68 138
69 138
70 138
71 138
72 138
73 138
74 138
75 138
76 138
77 138
78 138
79 138
80 138
81 138
82 137
83 137
84 137
85 137
86 137
87 137
88 136
89 136
90 136
91 136
92 135
93 135
94 135
95 135
96 134
97 134
98 135
99 135
100 135
101 135
102 136
103 136
104 136
105 136
106 136
107 136
108 136
109 136
110 137
111 137
112 137
113 137
114 137
115 137
116 137
117 137
118 137
119 137
120 137
121 137
122 137
123 137
124 137
125 137
126 137
127 138
128 138
129 138
130 138
131 138
132 138
133 138
134 138
135 138
136 138
137 138
138 138
139 138
140 138
141 138
142 138
143 137
144 137
145 137
146 137
147 137
148 137
149 137
150 137
151 137
152 137
153 137
154 137
155 136
156 136
157 136
158 136
159 136
160 136
161 135
162 135
163 135
164 135
165 135
166 135
167 135
168 135
169 135
170 134
171 134
172 133
173 133
174 133
175 133
176 132
177 132
178 132
179 131
180 131
181 131
182 130
183 130
184 130
185 129
186 129
187 128
188 127
189 127
190 127
191 126
192 126
193 125
194 124
195 124
196 123
197 123
197 122
198 121
199 121
200 120
200 119
201 118
202 118
202 117
203 116
204 116
204 115
205 114
205 113
205 112
206 111
206 110
207 109
207 108
207 107
207 106
207 105
207 104
207 103
207 102
207 101
207 100
207 99
207 98
207 97
206 96
206 95
205 94
205 93
204 92
203 92
202 91
201 91
200 90
199 90
198 90
197 89
196 89
195 89
194 88
193 88
192 88
191 88
190 88
189 88
188 88
187 87
186 87
185 87
184 87
183 87
182 87
181 87
180 86
180 85
180 84
180 83
180 82
180 81
180 80
180 79
180 78
179 77
179 76
179 75
179 74
179 73
179 72
179 71
179 70
179 69
179 68
179 67
179 66
179 65
178 64
178 63
178 62
178 61
178 60
178 59
178 58
178 57
178 56
178 55
178 54
177 53
177 52
177 51
177 50
177 49
177 48
177 47
177 46
177 45
177 44
177 43
177 42
177 41
177 40
176 39
176 38
176 37
176 36
176 35
176 34
176 33
176 32
176 31
176 30
175 29
175 28
175 27
175 26
175 25
175 24
175 23
175 22
175 21
174 20
174 19
174 18
174 17
173 16
173 15
173 14
172 13
171 12
170 11
170 10
169 10
168 9
167 8
166 7
165 7
164 6
163 6
162 6
161 5
160 5
159 5
158 4
157 4
156 4
155 3
154 3
153 3
152 3
151 3
150 3
149 3
148 2
147 2
146 2
145 2
144 2
143 2
142 2
141 2
140 2
139 2
138 2
137 2
136 1
135 1
134 1
133 1
132 1
131 1
130 1
129 1
128 1
127 1
126 1
125 1
124 1
123 1
122 1
121 1
120 1
119 1
118 1
117 1
116 1
115 1
114 1
113 1
112 1
111 1
110 1
109 1
108 1
107 1
106 1
105 1
104 1
103 1
102 1
101 1
100 1
99 1
98 1
97 1
