25 1
24 2
23 2
22 2
21 2
20 2
19 3
18 3
17 3
16 3
15 4
14 4
13 4
12 5
11 5
10 6
9 7
8 8
8 9
8 10
8 11
8 12
8 13
8 14
8 15
9 16
9 17
9 18
9 19
9 20
9 21
9 22
9 23
9 24
10 25
10 26
10 27
10 28
10 29
10 30
10 31
10 32
10 33
10 34
11 35
11 36
10 37
9 36
8 36
7 36
6 36
5 36
4 37
3 37
2 38
1 38
1 39
1 40
1 41
1 42
1 43
1 44
1 45
1 46
1 47
1 48
1 49
1 50
2 51
2 52
2 53
3 54
3 55
4 56
4 57
4 58
5 59
6 60
6 61
7 62
8 63
9 64
10 65
11 66
12 67
12 68
13 68
14 69
15 70
16 71
17 72
18 72
19 72
20 73
21 74
22 74
23 74
24 75
25 75
26 75
27 75
28 75
29 75
30 75
31 75
32 75
33 75
34 75
35 75
36 75
37 75
38 75
39 75
40 75
41 75
42 75
43 75
44 74
45 74
46 73
47 73
48 73
49 72
50 72
51 71
52 71
52 70
53 69
54 69
55 68
56 67
57 66
58 65
59 64
59 63
60 62
61 61
61 60
62 59
63 58
63 57
63 56
64 55
64 54
64 53
64 52
64 51
64 50
64 49
64 48
64 47
64 46
64 45
64 44
64 43
64 42
64 41
64 40
64 39
64 38
63 37
62 37
61 36
60 36
59 36
58 35
57 35
56 34
56 33
56 32
56 31
56 30
56 29
56 28
56 27
56 26
56 25
56 24
56 23
56 22
56 21
56 20
56 19
56 18
57 17
57 16
57 15
58 14
58 13
58 12
58 11
58 10
58 9
57 8
57 7
56 6
55 5
54 5
53 4
52 4
51 3
50 3
49 3
48 2
47 2
46 2
45 1
44 1
43 1
42 1
41 1
40 1
39 1
38 1
37 1
36 1
35 1
34 1
33 1
32 1
31 1
30 1
29 1
28 1
27 1
26 1
