147 1
146 2
145 2
144 3
143 3
142 3
141 3
140 3
139 4
138 4
137 4
136 5
135 5
134 5
133 5
132 5
131 5
130 6
129 6
128 6
127 7
126 7
125 7
124 7
123 7
122 8
121 8
120 8
119 8
118 9
117 9
116 9
115 9
114 9
113 10
112 10
111 10
110 11
109 11
108 11
107 11
106 12
105 12
104 12
103 12
102 12
101 12
100 13
99 13
98 13
97 14
96 14
95 14
94 14
93 15
92 15
91 15
90 15
89 16
88 16
87 17
86 17
85 17
84 18
83 18
82 18
81 19
80 20
79 20
78 21
77 22
76 22
75 23
74 24
73 25
72 26
71 27
70 27
69 28
69 29
68 30
67 31
67 32
66 33
65 34
65 35
65 36
65 37
64 38
64 39
64 40
64 41
64 42
63 43
63 44
63 45
63 46
63 47
63 48
63 49
63 50
63 51
63 52
63 53
63 54
63 55
63 56
63 57
63 58
63 59
64 60
64 61
63 62
63 63
63 64
63 65
64 66
64 67
64 68
64 69
64 70
64 71
64 72
64 73
64 74
64 75
64 76
64 77
64 78
64 79
64 80
64 81
64 82
64 83
64 84
64 85
64 86
64 87
64 88
64 89
64 90
64 91
64 92
64 93
64 94
64 95
63 96
62 96
61 96
60 96
59 96
58 96
57 96
56 96
55 96
54 96
53 96
52 96
51 96
50 96
49 96
48 95
47 95
46 95
45 95
44 95
43 95
42 96
41 96
40 96
39 96
38 96
37 96
36 96
35 96
34 96
33 96
32 96
31 96
30 96
29 96
28 97
27 97
26 97
25 97
24 97
23 97
22 97
21 97
20 97
19 98
18 98
17 98
16 98
15 99
14 99
13 99
12 100
11 100
10 101
9 101
8 101
7 102
6 102
5 103
5 104
4 105
3 106
3 107
2 108
2 109
2 110
2 111
2 112
1 113
1 114
1 115
1 116
1 117
1 118
2 119
2 120
2 121
2 122
3 123
3 124
4 125
4 126
5 127
5 128
6 129
7 130
7 131
8 132
9 133
10 134
11 135
12 136
13 137
13 138
14 138
15 139
16 140
17 141
18 142
19 143
20 143
21 144
22 145
23 146
24 146
25 147
26 147
27 148
28 149
29 150
30 150
31 151
32 151
33 152
34 152
35 153
36 153
37 154
38 154
39 155
40 155
41 156
42 156
43 156
44 157
45 157
46 158
47 158
48 158
49 158
50 159
51 159
52 160
53 160
54 160
55 160
56 161
57 161
58 161
59 162
60 162
61 162
62 163
63 163
64 163
65 163
66 163
67 163
68 164
69 164
70 164
71 164
72 165
73 165
74 165
75 165
76 165
77 165
78 166
79 166
80 166
81 166
82 166
83 166
84 167
85 167
86 167
87 167
88 167
89 167
90 168
91 168
92 168
93 168
94 168
95 168
96 169
97 169
98 169
99 169
100 169
101 169
102 170
103 170
104 170
105 170
106 170
107 170
108 170
109 170
110 170
111 171
112 171
113 171
114 171
115 171
116 171
117 171
118 171
119 172
120 172
121 172
122 172
123 172
124 172
125 172
126 172
127 172
128 172
129 172
130 172
131 172
132 172
133 172
134 172
135 172
136 172
137 172
138 172
139 172
140 172
141 172
142 172
143 172
144 172
145 172
146 172
147 172
148 172
149 172
150 172
151 172
152 172
153 172
154 172
155 172
156 172
157 172
158 172
159 172
160 172
161 172
162 172
163 172
164 172
165 172
166 172
167 172
168 172
169 172
170 172
171 172
172 172
173 172
174 172
175 172
176 172
177 172
178 172
179 172
180 172
181 172
182 172
183 172
184 172
185 172
186 172
187 172
188 172
189 172
190 172
191 172
192 172
193 172
194 171
195 171
196 171
197 171
198 171
199 171
200 171
201 171
202 170
203 170
204 170
205 170
206 170
207 170
208 169
209 169
210 169
211 169
212 169
213 169
214 168
215 168
216 168
217 168
218 168
219 167
220 167
221 167
222 167
223 167
224 166
225 166
226 166
227 166
228 165
229 165
230 165
231 165
232 165
233 164
234 164
235 164
236 164
237 163
238 163
239 163
240 163
241 162
242 162
243 162
244 161
245 161
246 161
247 161
248 160
249 160
250 160
251 159
252 159
253 158
254 158
255 158
256 157
257 157
258 157
259 156
260 156
261 155
262 155
263 155
264 154
265 154
266 154
267 153
268 153
269 152
270 152
271 151
272 151
273 150
274 150
275 149
276 149
277 149
278 148
279 147
280 147
281 146
282 146
283 145
284 144
285 144
286 143
287 143
287 142
288 141
289 141
290 140
291 139
292 138
293 137
294 136
294 135
295 134
296 134
297 133
297 132
298 131
298 130
299 129
300 128
300 127
300 126
301 125
301 124
301 123
301 122
301 121
301 120
301 119
301 118
301 117
301 116
301 115
301 114
301 113
301 112
301 111
301 110
301 109
301 108
300 107
300 106
300 105
300 104
299 103
299 102
298 101
298 100
297 99
296 98
296 97
295 96
294 96
293 95
293 94
292 94
291 93
290 92
289 92
288 91
287 90
286 90
285 90
284 89
283 89
282 88
281 88
280 87
279 87
278 87
277 86
276 86
275 86
274 85
273 85
272 85
271 84
270 84
269 84
268 84
267 84
266 83
265 83
264 83
263 82
262 82
261 82
260 82
259 82
258 82
257 82
256 82
255 81
254 81
253 81
252 81
251 81
250 81
249 81
248 80
247 80
246 80
245 80
244 80
243 80
242 80
241 80
240 80
239 80
238 80
237 80
236 80
235 80
234 80
233 80
232 79
231 79
230 79
229 79
228 78
227 77
227 76
227 75
227 74
227 73
227 72
227 71
227 70
227 69
227 68
226 67
226 66
226 65
226 64
226 63
226 62
225 61
225 60
225 59
224 58
224 57
224 56
224 55
224 54
224 53
224 52
223 51
223 50
222 49
222 48
222 47
222 46
221 45
221 44
221 43
221 42
220 41
220 40
220 39
219 38
219 37
219 36
218 35
218 34
217 33
217 32
216 31
216 30
215 29
215 28
214 27
214 26
213 25
213 24
212 23
212 22
211 22
210 21
210 20
209 20
208 19
208 18
207 18
206 17
205 16
204 15
203 14
202 13
201 13
200 12
199 11
198 11
197 10
196 10
195 9
194 9
193 8
192 8
191 7
190 7
189 6
188 6
187 6
186 5
185 5
184 4
183 4
182 4
181 3
180 3
179 3
178 2
177 2
176 2
175 2
174 2
173 1
172 1
171 1
170 1
169 1
168 1
167 1
166 1
165 1
164 1
163 1
162 1
161 1
160 2
159 2
158 2
157 2
156 2
155 2
154 2
153 1
152 1
151 1
150 1
149 1
148 1
