85 1
84 2
83 2
82 2
81 2
80 2
79 2
78 2
77 2
76 2
75 2
74 3
73 3
72 3
71 3
70 3
69 3
68 3
67 4
66 4
65 4
64 4
63 4
62 5
61 5
60 5
59 5
58 5
57 6
56 6
55 6
54 6
53 7
52 7
51 7
50 7
49 8
48 8
47 9
46 9
45 9
44 10
43 10
42 11
41 11
40 12
39 12
38 13
37 13
36 14
35 14
34 15
33 16
32 16
31 17
30 17
30 18
30 19
30 20
30 21
30 22
31 23
31 24
31 25
31 26
32 27
32 28
33 29
33 30
33 31
34 32
34 33
34 34
34 35
34 36
34 37
34 38
35 39
35 40
35 41
35 42
35 43
35 44
36 45
36 46
36 47
36 48
36 49
36 50
36 51
36 52
36 53
36 54
36 55
36 56
36 57
36 58
36 59
36 60
36 61
36 62
36 63
36 64
36 65
36 66
36 67
36 68
37 69
37 70
36 71
36 72
36 73
36 74
36 75
36 76
36 77
36 78
36 79
36 80
36 81
36 82
36 83
36 84
36 85
36 86
36 87
35 88
35 89
35 90
35 91
35 92
35 93
35 94
35 95
34 96
34 97
34 98
33 99
32 100
31 100
30 101
29 102
28 102
27 103
26 104
25 104
24 105
23 105
22 106
21 107
20 108
19 109
18 109
17 110
16 111
15 112
14 113
13 114
12 115
11 116
10 117
10 118
9 119
8 119
8 120
7 121
7 122
6 123
5 124
5 125
4 126
4 127
3 128
3 129
3 130
2 131
2 132
2 133
1 134
1 135
1 136
1 137
1 138
1 139
1 140
2 141
2 142
2 143
3 144
4 144
5 144
6 144
7 144
8 144
9 144
10 144
11 144
12 144
13 144
14 144
15 144
16 144
17 144
18 144
19 144
20 144
21 143
22 143
23 143
24 143
25 143
26 143
27 142
28 142
29 142
30 142
31 141
32 141
33 141
34 141
35 141
36 140
37 140
38 140
39 139
40 139
41 139
42 139
43 138
44 138
45 138
46 137
47 137
48 137
49 137
50 137
51 136
52 136
53 136
54 135
55 135
56 135
57 135
58 135
59 134
60 134
61 134
62 134
63 133
64 133
65 133
66 133
67 133
68 132
69 132
70 132
71 132
72 132
73 132
74 131
75 131
76 131
77 131
78 131
79 131
80 131
81 131
82 131
83 130
84 130
85 130
86 130
87 130
88 130
89 130
90 130
91 130
92 130
93 130
94 130
95 129
96 129
97 129
98 129
99 129
100 129
101 129
102 129
103 129
104 129
105 129
106 130
107 130
108 130
109 130
110 130
111 130
112 130
113 131
114 131
115 131
116 131
117 131
118 131
119 131
120 131
121 132
122 132
123 132
124 132
125 132
126 132
127 132
128 132
129 133
130 133
131 134
132 134
133 134
134 134
135 134
136 134
137 135
138 135
139 135
140 135
141 135
142 136
143 136
144 136
145 136
146 136
147 136
148 137
149 137
150 137
151 137
152 137
153 138
154 138
155 138
156 138
157 138
158 139
159 139
160 139
161 140
162 140
163 140
164 140
165 141
166 141
167 141
168 141
169 141
170 142
171 142
172 142
173 142
174 142
175 143
176 143
177 143
178 143
179 143
180 143
181 143
182 143
183 143
184 143
185 143
186 143
187 143
188 143
189 143
190 143
191 143
192 143
193 143
194 143
195 143
196 143
196 142
197 141
198 140
199 139
199 138
199 137
199 136
199 135
199 134
199 133
199 132
199 131
199 130
198 129
198 128
197 127
196 126
196 125
195 124
194 123
194 122
193 122
192 121
192 120
191 119
190 118
189 117
188 116
187 115
186 114
185 113
184 112
183 111
182 111
181 110
180 109
179 108
178 108
177 107
176 106
175 105
174 105
173 104
172 103
171 102
170 102
169 102
168 101
167 100
166 99
166 98
166 97
166 96
166 95
166 94
166 93
165 92
165 91
165 90
165 89
165 88
165 87
165 86
165 85
165 84
165 83
165 82
165 81
165 80
165 79
165 78
165 77
165 76
165 75
165 74
164 73
164 72
164 71
164 70
164 69
164 68
164 67
164 66
164 65
164 64
164 63
164 62
164 61
164 60
164 59
164 58
164 57
164 56
164 55
164 54
164 53
164 52
165 51
165 50
165 49
165 48
165 47
165 46
165 45
165 44
165 43
165 42
165 41
165 40
165 39
165 38
165 37
165 36
166 35
166 34
166 33
166 32
167 31
167 30
167 29
167 28
168 27
168 26
168 25
168 24
168 23
168 22
169 21
169 20
169 19
170 18
170 17
170 16
170 15
170 14
170 13
169 12
168 11
167 10
166 10
165 10
164 9
163 9
162 8
161 8
160 8
159 7
158 7
157 7
156 7
155 6
154 6
153 6
152 6
151 5
150 5
149 5
148 5
147 5
146 5
145 4
144 4
143 4
142 4
141 4
140 4
139 4
138 4
137 4
136 4
135 4
134 3
133 3
132 3
131 3
130 3
129 3
128 3
127 2
126 2
125 2
124 2
123 2
122 2
121 2
120 2
119 2
118 2
117 2
116 2
115 1
114 1
113 1
112 1
111 1
110 1
109 1
108 1
107 1
106 1
105 1
104 1
103 1
102 1
101 1
100 1
99 1
98 1
97 1
96 1
95 1
94 1
93 1
92 1
91 1
90 1
89 1
88 1
87 1
86 1
