135 8
134 9
133 9
132 9
131 9
130 9
129 9
128 9
127 9
126 9
125 9
124 9
123 9
122 10
121 10
120 10
119 10
118 10
117 10
116 10
115 10
114 10
113 10
112 10
111 10
110 10
109 10
108 10
107 10
106 10
105 11
104 11
103 11
102 11
101 11
100 11
99 11
98 11
97 11
96 11
95 11
94 11
93 12
92 12
91 12
90 12
89 12
88 12
87 12
86 12
85 12
84 13
83 13
82 13
81 13
80 13
79 13
78 14
77 14
76 14
75 14
74 14
73 14
72 14
71 15
70 15
69 15
68 15
67 16
66 16
65 16
64 16
63 16
62 17
61 17
60 17
59 17
58 18
57 18
56 18
55 19
54 19
53 19
52 19
51 20
50 20
49 21
48 21
47 21
46 22
45 22
44 23
43 23
42 23
41 24
40 24
40 25
41 26
41 27
41 28
41 29
42 30
42 31
42 32
42 33
42 34
43 35
43 36
43 37
43 38
44 39
44 40
44 41
44 42
44 43
45 44
45 45
45 46
45 47
46 48
46 49
46 50
46 51
47 52
47 53
47 54
47 55
47 56
48 57
48 58
48 59
48 60
48 61
49 62
49 63
49 64
49 65
49 66
49 67
49 68
49 69
49 70
50 71
50 72
50 73
50 74
50 75
50 76
50 77
50 78
50 79
50 80
50 81
50 82
50 83
50 84
51 85
51 86
51 87
51 88
52 89
52 90
52 91
52 92
52 93
52 94
52 95
51 96
51 97
51 98
51 99
51 100
52 101
52 102
52 103
52 104
52 105
52 106
52 107
52 108
52 109
52 110
53 111
53 112
53 113
53 114
53 115
53 116
53 117
53 118
53 119
53 120
53 121
53 122
53 123
53 124
53 125
53 126
53 127
53 128
54 129
53 130
53 131
53 132
53 133
54 134
53 135
53 136
53 137
53 138
54 139
54 140
54 141
54 142
54 143
54 144
54 145
54 146
54 147
54 148
54 149
54 150
53 151
52 152
51 152
50 153
49 153
48 153
47 153
46 154
45 154
44 154
43 154
42 155
41 155
40 155
39 156
38 156
37 157
36 157
35 158
34 158
33 159
32 159
31 160
30 161
29 161
28 162
27 163
26 164
25 165
24 166
23 166
23 167
22 168
22 169
21 170
20 171
19 172
19 173
18 174
17 175
16 176
15 177
15 178
14 179
14 180
14 181
14 182
14 183
14 184
14 185
14 186
14 187
14 188
14 189
14 190
14 191
14 192
14 193
14 194
14 195
14 196
14 197
14 198
15 199
15 200
15 201
15 202
15 203
16 204
16 205
17 206
18 207
18 208
19 209
20 210
21 211
21 212
22 213
23 214
24 215
24 216
25 217
26 218
27 219
28 220
29 221
30 222
31 223
32 224
33 225
34 226
35 227
36 228
37 229
38 229
39 230
40 230
41 231
42 231
43 232
44 233
45 234
46 235
47 236
48 237
49 237
50 238
51 238
52 239
53 239
54 240
55 240
56 240
57 241
58 241
59 242
60 242
61 243
62 243
63 244
64 244
65 245
66 245
67 246
68 246
69 247
70 248
71 249
72 249
73 250
74 250
75 250
76 250
77 251
78 251
79 251
80 251
81 251
82 251
83 251
84 251
85 251
86 252
87 252
88 252
89 252
90 252
91 253
92 253
93 253
94 253
95 254
96 254
97 254
98 254
99 254
100 254
101 254
102 254
103 254
104 254
105 254
106 254
107 254
108 254
109 254
110 254
111 254
112 254
113 254
114 254
115 254
116 254
117 254
118 254
119 254
120 254
121 254
122 254
123 254
124 254
125 254
126 254
127 254
128 254
129 254
130 254
131 254
132 254
133 254
134 254
135 254
136 254
137 254
138 254
139 254
140 254
141 254
142 254
143 254
144 254
145 254
146 254
147 254
148 254
149 254
150 254
151 254
152 254
153 254
154 254
155 254
156 254
157 254
158 254
159 254
160 254
161 254
162 254
163 253
164 253
165 253
166 253
167 252
168 252
169 252
170 252
171 252
172 252
173 252
174 252
175 252
176 251
177 251
178 251
179 251
180 251
181 250
182 250
183 250
184 250
185 250
186 249
187 249
188 249
189 249
190 248
191 248
192 248
193 248
194 248
195 247
196 247
197 246
198 246
199 245
200 245
201 244
202 244
203 243
204 243
205 243
206 243
207 243
208 242
209 242
210 241
211 240
212 239
213 239
214 238
215 238
216 237
217 237
218 236
219 235
220 234
221 234
222 233
223 233
224 232
225 232
226 231
227 230
228 229
229 229
230 228
231 228
232 227
233 227
234 226
235 226
236 225
237 224
238 223
239 222
240 221
241 220
242 219
243 218
244 217
245 216
246 215
247 214
248 213
248 212
249 211
250 210
250 209
251 208
251 207
252 206
252 205
253 204
253 203
253 202
253 201
253 200
254 199
254 198
254 197
254 196
255 195
255 194
255 193
255 192
256 191
256 190
256 189
256 188
256 187
257 186
257 185
257 184
257 183
257 182
257 181
257 180
257 179
257 178
257 177
257 176
256 175
256 174
256 173
256 172
256 171
255 170
255 169
254 168
254 167
253 166
253 165
252 164
251 163
250 162
249 162
248 161
247 161
246 160
245 159
244 158
243 158
242 157
241 157
240 156
239 156
238 155
237 155
236 154
235 154
234 154
233 153
232 153
231 152
230 152
229 152
228 152
227 152
226 151
225 151
224 151
223 151
222 151
221 151
220 151
219 151
218 150
217 150
216 150
215 149
215 148
215 147
215 146
215 145
215 144
215 143
215 142
215 141
214 140
214 139
214 138
214 137
214 136
214 135
214 134
214 133
214 132
214 131
214 130
214 129
214 128
214 127
214 126
214 125
214 124
214 123
214 122
214 121
214 120
214 119
214 118
214 117
214 116
214 115
214 114
214 113
214 112
214 111
214 110
215 109
215 108
215 107
215 106
215 105
215 104
215 103
215 102
215 101
215 100
215 99
214 98
214 97
214 96
214 95
214 94
214 93
214 92
215 91
215 90
215 89
214 88
214 87
214 86
214 85
214 84
214 83
214 82
214 81
214 80
214 79
214 78
214 77
214 76
214 75
214 74
214 73
214 72
214 71
214 70
214 69
214 68
215 67
215 66
215 65
215 64
216 63
216 62
216 61
216 60
216 59
216 58
216 57
216 56
216 55
217 54
217 53
217 52
217 51
217 50
217 49
217 48
217 47
217 46
217 45
218 44
218 43
218 42
218 41
219 40
219 39
219 38
219 37
219 36
219 35
219 34
219 33
219 32
220 31
220 30
221 29
221 28
221 27
222 26
222 25
222 24
222 23
223 22
223 21
224 20
223 19
222 19
221 19
220 18
219 18
218 17
217 17
216 17
215 16
214 16
213 16
212 16
211 16
210 15
209 15
208 15
207 14
206 14
205 14
204 14
203 13
202 13
201 13
200 13
199 12
198 12
197 12
196 12
195 12
194 11
193 11
192 11
191 11
190 11
189 11
188 11
187 11
186 10
185 10
184 10
183 10
182 10
181 10
180 10
179 10
178 10
177 10
176 10
175 9
174 9
173 9
172 9
171 9
170 9
169 9
168 9
167 9
166 9
165 9
164 9
163 9
162 9
161 9
160 9
159 9
158 9
157 8
156 8
155 8
154 8
153 8
152 8
151 8
150 8
149 8
148 8
147 8
146 8
145 8
144 8
143 8
142 8
141 8
140 8
139 8
138 8
137 8
136 8
