126 1
125 2
124 2
123 2
122 2
121 2
120 2
119 3
118 3
117 3
116 3
115 3
114 3
113 3
112 4
111 4
110 4
109 4
108 4
107 5
106 5
105 5
104 6
103 6
102 6
101 6
100 7
99 7
98 7
97 7
96 8
95 8
94 8
93 9
92 9
91 9
90 10
89 10
88 10
87 11
86 11
85 11
84 12
83 12
82 13
81 13
80 14
79 14
78 14
77 15
76 16
75 16
74 17
73 17
72 18
71 18
70 19
69 20
68 21
67 21
66 22
65 23
64 24
63 25
62 26
62 27
61 28
61 29
61 30
61 31
61 32
60 33
60 34
60 35
60 36
60 37
60 38
60 39
60 40
60 41
59 42
59 43
59 44
59 45
59 46
59 47
59 48
59 49
59 50
59 51
59 52
59 53
59 54
58 55
58 56
58 57
58 58
57 59
56 59
55 59
54 59
53 59
52 59
51 59
50 60
49 60
48 60
47 60
46 60
45 60
44 61
43 61
42 61
41 61
40 62
39 62
38 62
37 62
36 63
35 63
34 63
33 63
32 63
31 64
30 64
29 65
28 65
27 65
26 65
25 66
24 66
23 67
22 67
21 67
20 68
19 68
18 69
17 69
16 70
15 70
14 71
13 72
12 72
11 73
10 74
9 75
8 76
7 77
6 78
5 79
5 80
4 81
3 82
3 83
2 84
2 85
2 86
1 87
1 88
1 89
1 90
1 91
1 92
1 93
1 94
1 95
1 96
2 97
2 98
2 99
2 100
3 101
3 102
3 103
4 104
4 105
5 106
6 107
6 108
7 109
7 110
8 111
9 112
10 112
11 113
12 114
13 115
14 115
15 116
16 116
17 117
18 118
19 118
20 118
21 119
22 119
23 119
24 120
25 120
26 120
27 120
28 121
29 121
30 121
31 121
32 122
33 122
34 122
35 122
36 122
37 123
38 123
39 123
40 123
41 123
42 123
43 123
44 123
45 123
46 123
47 123
48 123
49 123
50 123
51 123
52 123
53 123
54 123
55 123
56 123
57 123
58 123
59 123
60 123
61 123
62 123
63 123
64 123
65 123
66 123
67 123
68 123
69 123
70 123
71 123
72 123
73 123
74 123
75 123
76 123
77 123
78 123
79 123
80 123
81 123
82 123
83 123
84 123
85 123
86 123
87 123
88 122
89 122
90 122
91 122
92 122
93 122
94 122
95 122
96 122
97 122
98 121
99 122
100 122
101 122
102 122
103 121
104 121
105 121
106 121
107 121
108 121
109 121
110 121
111 121
112 120
113 120
114 120
115 120
116 120
117 120
118 120
119 120
120 120
121 120
122 119
123 119
124 119
125 119
126 119
127 119
128 119
129 119
130 119
131 119
132 119
133 119
134 119
135 119
136 119
137 119
138 119
139 119
140 119
141 119
142 119
143 119
144 119
145 119
146 119
147 118
148 118
149 118
150 119
151 119
152 119
153 119
154 119
155 119
156 119
157 119
158 119
159 119
160 119
161 118
162 118
163 118
164 119
165 119
166 119
167 119
168 119
169 119
170 119
171 119
172 119
173 119
174 119
175 119
176 119
177 119
178 119
179 119
180 119
181 120
182 120
183 120
184 120
185 120
186 120
187 120
188 120
189 120
190 121
191 121
192 121
193 121
194 121
195 121
196 121
197 121
198 121
199 121
200 121
201 121
202 121
203 122
204 122
205 122
206 122
207 122
208 122
209 122
210 122
211 122
212 123
213 123
214 123
215 123
216 123
217 123
218 123
219 123
220 123
221 123
222 123
223 123
224 123
225 123
226 123
227 123
228 123
229 123
230 123
231 123
232 123
233 123
234 123
235 123
236 123
237 123
238 123
239 123
240 123
241 123
242 123
243 123
244 123
245 123
246 123
247 122
248 122
249 121
250 121
251 121
252 120
253 120
254 119
255 118
256 117
257 116
257 115
257 114
257 113
257 112
257 111
257 110
257 109
257 108
257 107
257 106
256 105
255 104
255 103
254 103
253 102
253 101
252 101
251 100
250 99
249 99
248 98
247 98
246 97
245 97
244 96
243 96
242 95
241 95
240 94
239 94
238 94
237 94
236 93
235 93
234 93
233 92
232 92
231 92
230 92
229 91
228 91
227 91
226 91
225 90
224 90
223 90
222 90
221 90
220 89
219 89
218 89
217 89
216 89
215 89
214 89
213 89
212 89
211 88
210 87
210 86
210 85
210 84
210 83
210 82
210 81
210 80
210 79
210 78
210 77
210 76
210 75
210 74
210 73
210 72
210 71
210 70
210 69
210 68
210 67
210 66
210 65
210 64
210 63
209 62
209 61
209 60
209 59
209 58
209 57
209 56
209 55
209 54
209 53
209 52
209 51
209 50
208 49
208 48
208 47
208 46
208 45
208 44
208 43
208 42
208 41
208 40
207 39
207 38
207 37
207 36
207 35
207 34
207 33
207 32
207 31
207 30
207 29
206 28
206 27
206 26
206 25
206 24
206 23
205 22
205 21
205 20
205 19
205 18
205 17
204 17
203 17
202 16
201 15
200 15
199 14
198 14
197 14
196 13
195 13
194 12
193 12
192 12
191 12
190 11
189 11
188 11
187 10
186 10
185 10
184 10
183 10
182 9
181 9
180 9
179 9
178 9
177 9
176 9
175 9
174 8
173 8
172 8
171 7
170 7
169 6
168 6
167 6
166 5
165 5
164 5
163 5
162 4
161 4
160 4
159 4
158 4
157 3
156 3
155 3
154 3
153 3
152 2
151 2
150 2
149 2
148 2
147 1
146 1
145 1
144 1
143 1
142 1
141 1
140 1
139 1
138 1
137 1
136 1
135 1
134 1
133 1
132 1
131 1
130 1
129 1
128 1
127 1
