90 1
89 2
88 2
87 2
86 2
85 2
84 2
83 2
82 2
81 3
80 3
79 3
78 3
77 4
76 4
75 4
74 4
73 5
72 5
71 5
70 5
69 6
68 6
67 7
66 7
65 7
64 7
63 8
62 8
61 9
60 9
59 10
58 10
57 11
56 11
55 12
54 12
53 13
52 13
51 14
50 14
49 15
48 16
47 16
46 17
45 18
44 19
43 19
42 20
42 21
41 22
40 22
39 23
39 24
38 25
37 25
37 26
36 27
36 28
35 29
34 30
34 31
33 32
33 33
32 34
32 35
32 36
32 37
32 38
31 39
31 40
31 41
31 42
31 43
31 44
30 45
30 46
30 47
30 48
30 49
30 50
30 51
30 52
29 53
29 54
29 55
29 56
29 57
29 58
28 59
27 60
26 60
25 61
24 61
23 62
22 62
21 62
20 63
19 64
18 64
17 65
16 65
15 66
14 66
13 67
12 67
11 68
10 69
9 70
8 70
7 71
6 72
5 73
4 74
3 75
3 76
2 77
2 78
1 79
1 80
1 81
1 82
1 83
1 84
1 85
1 86
1 87
2 88
2 89
3 89
4 90
4 91
5 91
6 92
7 93
8 93
9 93
10 94
11 94
12 94
13 95
14 95
15 96
16 96
17 96
18 96
19 97
20 97
21 97
22 97
23 97
24 98
25 98
26 98
27 98
28 98
29 98
30 98
31 98
32 98
33 98
34 98
35 98
36 98
37 98
38 98
39 98
40 98
41 98
42 98
43 98
44 98
45 98
46 98
47 98
48 98
49 98
50 98
51 98
52 98
53 98
54 98
55 98
56 98
57 98
58 98
59 98
60 98
61 98
62 98
63 98
64 97
65 97
66 97
67 97
68 97
69 97
70 97
71 97
72 97
73 96
74 96
75 96
76 96
77 96
78 96
79 96
80 95
81 95
82 95
83 95
84 95
85 95
86 95
87 94
88 94
89 94
90 94
91 94
92 93
93 93
94 93
95 93
96 93
97 93
98 93
99 93
100 93
101 94
102 94
103 94
104 94
105 94
106 94
107 94
108 94
109 94
110 94
111 94
112 94
113 94
114 94
115 94
116 94
117 94
118 94
119 94
120 94
121 94
122 94
123 94
124 94
125 94
126 94
127 94
128 94
129 94
130 94
131 94
132 94
133 94
134 94
135 94
136 94
137 94
138 94
139 94
140 94
141 94
142 94
143 94
144 94
145 94
146 94
147 94
148 94
149 94
150 94
151 93
152 93
153 93
154 93
155 93
156 93
157 93
158 92
159 92
160 92
161 92
162 92
163 92
164 91
165 91
166 91
167 91
168 91
169 91
170 90
171 90
172 90
173 90
174 89
175 89
176 89
177 89
178 89
179 89
180 88
181 88
182 88
183 87
184 87
185 87
186 86
187 86
188 85
189 85
190 84
191 84
192 83
193 83
194 82
195 82
196 81
197 80
197 79
197 78
197 77
197 76
197 75
197 74
197 73
197 72
197 71
197 70
196 69
196 68
195 68
194 67
193 67
192 66
191 66
190 66
189 66
188 66
187 65
186 65
185 65
184 65
183 65
182 65
181 65
180 65
179 65
178 65
177 65
176 65
175 65
174 65
173 65
172 65
171 65
170 64
170 63
170 62
170 61
170 60
170 59
170 58
170 57
170 56
170 55
170 54
170 53
170 52
170 51
170 50
170 49
170 48
170 47
170 46
170 45
169 44
169 43
169 42
169 41
169 40
169 39
168 38
168 37
168 36
168 35
168 34
167 33
167 32
167 31
166 30
165 29
165 28
164 27
164 26
164 25
163 24
162 23
162 22
161 21
160 20
159 19
158 18
157 18
156 17
156 16
155 15
154 15
153 14
152 13
151 13
150 12
149 11
148 11
147 11
146 10
145 10
144 9
143 9
142 8
141 8
140 7
139 7
138 7
137 6
136 6
135 6
134 5
133 5
132 5
131 4
130 4
129 3
128 3
127 3
126 3
125 3
124 3
123 2
122 2
121 2
120 2
119 2
118 2
117 2
116 2
115 2
114 2
113 1
112 1
111 1
110 1
109 1
108 1
107 1
106 1
105 1
104 1
103 1
102 1
101 1
100 1
99 1
98 1
97 1
96 1
95 1
94 1
93 1
92 1
91 1
