1 1
1 2
1 3
1 4
1 5
1 6
1 7
1 8
1 9
1 10
1 11
1 12
1 13
1 14
1 15
1 16
1 17
1 18
1 19
1 20
1 21
1 22
1 23
1 24
1 25
1 26
1 27
1 28
1 29
1 30
1 31
1 32
1 33
1 34
1 35
1 36
1 37
1 38
1 39
1 40
1 41
1 42
1 43
1 44
1 45
1 46
1 47
1 48
1 49
1 50
1 51
1 52
1 53
1 54
1 55
1 56
1 57
1 58
1 59
1 60
1 61
1 62
1 63
1 64
1 65
1 66
1 67
1 68
1 69
1 70
1 71
1 72
1 73
1 74
1 75
1 76
1 77
2 78
2 79
2 80
2 81
2 82
2 83
2 84
2 85
2 86
2 87
2 88
2 89
2 90
2 91
2 92
2 93
2 94
2 95
2 96
2 97
2 98
2 99
2 100
2 101
2 102
2 103
2 104
2 105
2 106
2 107
2 108
2 109
2 110
2 111
2 112
2 113
2 114
2 115
2 116
2 117
2 118
2 119
2 120
2 121
2 122
2 123
2 124
2 125
2 126
2 127
2 128
2 129
2 130
2 131
2 132
2 133
2 134
2 135
2 136
2 137
3 138
3 139
3 140
3 141
3 142
3 143
3 144
3 145
3 146
3 147
3 148
3 149
3 150
3 151
3 152
3 153
3 154
3 155
3 156
3 157
3 158
3 159
3 160
3 161
3 162
3 163
3 164
3 165
3 166
3 167
3 168
3 169
3 170
3 171
3 172
3 173
3 174
3 175
3 176
3 177
3 178
3 179
3 180
3 181
3 182
3 183
3 184
3 185
3 186
3 187
3 188
3 189
3 190
3 191
3 192
3 193
3 194
3 195
3 196
3 197
3 198
4 199
4 200
4 201
4 202
4 203
4 204
4 205
4 206
4 207
4 208
4 209
4 210
4 211
4 212
4 213
4 214
4 215
4 216
4 217
4 218
4 219
4 220
4 221
4 222
4 223
4 224
4 225
4 226
4 227
4 228
4 229
4 230
4 231
4 232
4 233
4 234
4 235
4 236
4 237
4 238
4 239
4 240
4 241
4 242
4 243
4 244
4 245
4 246
4 247
4 248
4 249
4 250
4 251
4 252
4 253
4 254
4 255
4 256
4 257
4 258
5 259
5 260
5 261
5 262
5 263
5 264
5 265
5 266
5 267
5 268
5 269
5 270
5 271
5 272
5 273
5 274
5 275
5 276
5 277
5 278
5 279
5 280
5 281
5 282
5 283
5 284
5 285
5 286
5 287
5 288
5 289
5 290
5 291
5 292
5 293
5 294
5 295
5 296
5 297
5 298
5 299
5 300
5 301
5 302
5 303
5 304
5 305
5 306
5 307
5 308
5 309
5 310
5 311
5 312
5 313
5 314
5 315
5 316
5 317
5 318
5 319
6 320
6 321
6 322
6 323
6 324
6 325
6 326
6 327
6 328
6 329
7 329
8 329
9 329
10 329
11 329
12 329
13 329
14 329
15 329
16 328
17 328
18 328
19 328
20 327
21 327
22 326
23 326
24 325
25 325
26 324
27 324
28 323
29 322
30 322
31 321
32 320
33 319
34 318
35 317
36 316
37 315
38 314
39 313
40 312
40 311
41 310
42 309
43 308
44 307
45 306
45 305
46 304
47 303
47 302
48 301
49 300
49 299
50 298
51 297
52 296
52 295
53 294
54 293
55 292
56 291
56 290
57 289
58 288
59 287
60 286
61 285
62 284
63 283
64 282
65 281
66 280
67 279
68 278
69 278
70 277
71 276
72 276
73 275
74 274
75 274
76 273
77 273
78 272
79 272
80 272
81 272
82 271
83 271
84 271
85 271
86 271
87 271
88 270
89 270
90 270
91 270
92 270
93 270
94 270
95 270
96 270
97 270
98 270
99 270
100 270
101 270
102 270
103 270
104 271
105 271
106 271
107 271
108 271
109 271
110 271
111 271
112 271
113 271
114 271
115 271
116 272
117 272
118 272
119 272
120 272
121 272
122 272
123 272
124 272
125 272
126 272
127 272
128 272
129 272
130 273
131 273
132 273
133 273
134 273
135 273
136 273
137 273
138 273
139 272
140 272
141 272
142 272
143 272
144 272
145 272
146 272
147 271
148 271
149 271
150 271
151 270
152 270
153 269
154 269
155 268
156 267
157 266
158 266
158 265
159 264
160 263
161 262
162 261
162 260
163 259
164 258
164 257
165 256
166 255
166 254
167 253
168 252
168 251
169 250
170 249
170 248
171 247
171 246
172 245
172 244
173 243
174 242
174 241
174 240
175 239
175 238
176 237
176 236
177 235
177 234
178 233
178 232
179 231
179 230
180 229
180 228
180 227
181 226
181 225
181 224
182 223
182 222
183 221
183 220
183 219
184 218
184 217
184 216
184 215
185 214
185 213
185 212
186 211
186 210
186 209
187 208
187 207
187 206
187 205
188 204
188 203
188 202
188 201
188 200
189 199
189 198
189 197
189 196
189 195
190 194
190 193
190 192
190 191
190 190
190 189
191 188
191 187
191 186
191 185
191 184
191 183
191 182
191 181
192 180
192 179
192 178
192 177
192 176
192 175
192 174
192 173
192 172
192 171
192 170
192 169
192 168
192 167
192 166
192 165
192 164
192 163
192 162
192 161
192 160
192 159
192 158
192 157
192 156
192 155
192 154
192 153
192 152
192 151
192 150
192 149
192 148
192 147
192 146
192 145
192 144
192 143
192 142
191 141
191 140
191 139
191 138
191 137
191 136
190 135
190 134
190 133
190 132
190 131
189 130
189 129
189 128
189 127
188 126
188 125
188 124
188 123
187 122
187 121
187 120
186 119
186 118
186 117
185 116
185 115
185 114
184 113
184 112
184 111
183 110
183 109
183 108
182 107
182 106
181 105
181 104
180 103
180 102
179 101
179 100
178 99
178 98
178 97
177 96
176 95
176 94
175 93
175 92
174 91
174 90
173 89
172 88
172 87
171 86
170 85
170 84
169 83
169 82
168 81
168 80
167 79
166 78
166 77
165 76
164 75
163 74
162 73
162 72
161 71
160 70
159 69
159 68
158 67
157 66
156 65
155 64
154 63
153 62
152 61
151 60
150 59
149 58
148 57
148 56
147 56
146 55
145 54
144 53
143 52
142 51
141 50
140 49
139 48
138 47
137 46
136 46
135 45
134 44
133 43
132 43
131 42
130 41
129 40
128 40
127 39
126 38
125 37
124 37
123 36
122 35
121 35
120 34
119 33
118 33
117 32
116 32
115 31
114 30
113 30
112 29
111 28
110 28
109 27
108 27
107 26
106 26
105 25
104 25
103 24
102 24
101 23
100 23
99 22
98 22
97 21
96 21
95 20
94 20
93 19
92 19
91 18
90 18
89 18
88 17
87 17
86 16
85 16
84 15
83 15
82 15
81 14
80 14
79 14
78 13
77 13
76 13
75 12
74 12
73 12
72 11
71 11
70 11
69 10
68 10
67 10
66 9
65 9
64 9
63 9
62 8
61 8
60 8
59 8
58 7
57 7
56 7
55 7
54 6
53 6
52 6
51 6
50 5
49 5
48 5
47 5
46 5
45 4
44 4
43 4
42 4
41 4
40 4
39 3
38 3
37 3
36 3
35 3
34 3
33 2
32 2
31 2
30 2
29 2
28 2
27 2
26 2
25 2
24 1
23 1
22 1
21 1
20 1
19 1
18 1
17 1
16 1
15 1
14 1
13 1
12 1
11 1
10 1
9 1
8 1
7 1
6 1
5 1
4 1
3 1
2 1
