17 1
18 2
19 3
19 4
20 5
20 6
20 7
21 8
21 9
22 10
22 11
22 12
23 13
23 14
24 15
24 16
24 17
25 18
25 19
26 20
26 21
26 22
27 23
27 24
28 25
28 26
28 27
29 28
29 29
30 30
30 31
30 32
31 33
31 34
32 35
32 36
33 37
33 38
33 39
34 40
34 41
35 42
35 43
35 44
36 45
36 46
37 47
37 48
37 49
38 50
38 51
39 52
39 53
39 54
40 55
40 56
41 57
41 58
41 59
42 60
42 61
43 62
43 63
44 64
44 65
44 66
45 67
45 68
46 69
46 70
46 71
47 72
47 73
48 74
48 75
48 76
49 77
49 78
50 79
50 80
50 81
51 82
51 83
52 84
52 85
52 86
53 87
53 88
54 89
54 90
54 91
55 92
55 93
56 94
56 95
57 96
57 97
56 98
56 99
56 100
55 101
55 102
54 103
54 104
53 105
53 106
53 107
52 108
52 109
51 110
51 111
51 112
50 113
50 114
49 115
49 116
49 117
48 118
48 119
47 120
47 121
47 122
46 123
46 124
45 125
45 126
45 127
44 128
44 129
43 130
43 131
43 132
42 133
42 134
41 135
41 136
41 137
40 138
40 139
39 140
39 141
39 142
38 143
38 144
37 145
37 146
37 147
36 148
36 149
35 150
35 151
35 152
34 153
34 154
33 155
33 156
32 157
32 158
32 159
31 160
31 161
30 162
30 163
30 164
29 165
29 166
28 167
28 168
28 169
27 170
27 171
26 172
26 173
26 174
25 175
25 176
24 177
24 178
24 179
23 180
23 181
22 182
22 183
22 184
21 185
21 186
20 187
20 188
20 189
19 190
19 191
18 192
18 193
18 194
17 195
17 196
16 197
16 198
16 199
15 200
15 201
14 202
14 203
14 204
13 205
13 206
12 207
12 208
11 209
11 210
11 211
10 212
10 213
9 214
9 215
9 216
8 217
8 218
7 219
7 220
7 221
6 222
6 223
5 224
5 225
5 226
4 227
4 228
3 229
3 230
3 231
2 232
2 233
1 234
1 235
1 236
1 237
1 238
1 239
1 240
1 241
1 242
2 243
2 244
2 245
2 246
3 247
3 248
3 249
3 250
4 251
4 252
4 253
4 254
5 255
5 256
5 257
5 258
6 259
6 260
6 261
6 262
7 263
7 264
7 265
7 266
8 267
8 268
8 269
8 270
9 271
9 272
9 273
9 274
10 275
10 276
10 277
10 278
11 279
11 280
11 281
11 282
12 283
12 284
12 285
12 286
13 287
13 288
13 289
13 290
13 291
14 292
14 293
14 294
14 295
15 296
15 297
15 298
15 299
16 300
16 301
16 302
16 303
17 304
17 305
17 306
17 307
18 308
18 309
18 310
18 311
19 312
19 313
19 314
19 315
20 316
20 317
20 318
20 319
21 320
21 321
21 322
21 323
22 324
22 325
22 326
22 327
23 328
23 329
24 329
25 329
26 329
27 329
28 329
29 329
30 329
31 329
32 329
33 329
34 329
35 329
36 329
37 329
38 329
39 329
40 329
41 329
42 329
43 329
44 329
45 329
46 329
47 328
48 328
49 328
50 328
51 328
52 328
53 328
54 328
55 328
56 327
57 327
58 327
59 327
60 327
61 327
62 326
63 326
64 326
65 326
66 326
67 326
68 325
69 325
70 325
71 325
72 325
73 324
74 324
75 324
76 324
77 324
78 323
79 323
80 323
81 323
82 322
83 322
84 322
85 322
86 321
87 321
88 321
89 321
90 320
91 320
92 320
93 319
94 319
95 319
96 318
97 318
98 318
99 318
100 317
101 317
102 316
103 316
104 316
105 315
106 315
107 314
108 314
109 314
110 313
111 313
112 312
113 312
114 312
115 311
116 311
117 310
118 310
119 310
120 309
121 308
122 308
123 307
124 307
125 306
126 306
127 305
128 305
129 304
130 304
131 303
132 303
133 302
134 301
135 301
136 300
137 300
138 299
139 298
140 298
141 297
142 296
143 296
144 295
145 294
146 294
147 293
148 292
149 291
150 291
151 290
152 289
153 288
154 287
155 287
155 286
156 285
157 285
158 284
159 283
160 282
161 281
162 280
163 279
164 278
165 277
166 276
167 275
168 274
169 273
170 272
171 271
171 270
172 269
173 268
174 267
175 266
176 265
176 264
177 263
178 262
179 261
179 260
180 259
181 258
181 257
182 256
183 255
183 254
184 253
185 252
185 251
186 250
187 249
187 248
188 247
188 246
189 245
189 244
190 243
191 242
191 241
191 240
192 239
192 238
193 237
193 236
194 235
194 234
195 233
195 232
196 231
196 230
197 229
197 228
197 227
198 226
198 225
198 224
199 223
199 222
200 221
200 220
200 219
200 218
201 217
201 216
201 215
202 214
202 213
202 212
203 211
203 210
203 209
204 208
204 207
204 206
204 205
205 204
205 203
205 202
205 201
205 200
206 199
206 198
206 197
206 196
206 195
207 194
207 193
207 192
207 191
207 190
207 189
208 188
208 187
208 186
208 185
208 184
208 183
208 182
208 181
209 180
209 179
209 178
209 177
209 176
209 175
209 174
209 173
209 172
209 171
209 170
209 169
209 168
209 167
209 166
209 165
209 164
209 163
209 162
209 161
209 160
209 159
209 158
209 157
209 156
209 155
209 154
209 153
209 152
209 151
209 150
209 149
209 148
209 147
209 146
209 145
209 144
209 143
209 142
208 141
208 140
208 139
208 138
208 137
208 136
207 135
207 134
207 133
207 132
207 131
206 130
206 129
206 128
206 127
205 126
205 125
205 124
205 123
204 122
204 121
204 120
203 119
203 118
203 117
202 116
202 115
202 114
201 113
201 112
201 111
200 110
200 109
199 108
199 107
199 106
198 105
198 104
197 103
197 102
197 101
196 100
195 99
195 98
195 97
194 96
193 95
193 94
192 93
192 92
191 91
191 90
190 89
190 88
189 87
188 86
188 85
187 84
187 83
186 82
185 81
185 80
184 79
183 78
182 77
182 76
181 75
180 74
179 73
179 72
178 71
177 70
176 69
175 68
174 67
174 66
173 65
172 64
171 63
170 62
169 61
168 60
167 59
166 58
166 57
165 57
164 56
163 55
163 54
162 53
161 52
160 52
159 51
158 50
157 49
156 48
155 47
154 47
153 46
152 45
151 44
150 43
149 43
148 42
147 41
146 40
145 39
144 39
143 38
142 37
141 36
140 36
139 35
138 35
137 34
136 33
135 33
134 32
133 31
132 31
131 30
130 30
129 29
128 29
127 28
126 27
125 27
124 26
123 26
122 25
121 24
120 24
119 23
118 23
117 23
116 22
115 22
114 21
113 21
112 20
111 20
110 19
109 19
108 18
107 18
106 18
105 17
104 17
103 16
102 16
101 16
100 15
99 15
98 14
97 14
96 14
95 13
94 13
93 12
92 12
91 12
90 11
89 11
88 11
87 11
86 10
85 10
84 10
83 9
82 9
81 9
80 9
79 8
78 8
77 8
76 8
75 7
74 7
73 7
72 7
71 6
70 6
69 6
68 6
67 5
66 5
65 5
64 5
63 5
62 4
61 4
60 4
59 4
58 4
57 3
56 3
55 3
54 3
53 3
52 3
51 3
50 2
49 2
48 2
47 2
46 2
45 2
44 2
43 2
42 2
41 1
40 1
39 1
38 1
37 1
36 1
35 1
34 1
33 1
32 1
31 1
30 1
29 1
28 1
27 1
26 1
25 1
24 1
23 1
22 1
21 1
20 1
19 1
18 1
