1 1
1 2
1 3
1 4
1 5
1 6
1 7
1 8
1 9
1 10
1 11
1 12
1 13
1 14
1 15
1 16
1 17
1 18
1 19
1 20
1 21
1 22
1 23
1 24
1 25
1 26
1 27
1 28
1 29
1 30
1 31
1 32
1 33
1 34
1 35
1 36
1 37
1 38
1 39
1 40
1 41
1 42
1 43
1 44
1 45
1 46
1 47
1 48
1 49
1 50
1 51
1 52
1 53
1 54
1 55
1 56
1 57
1 58
1 59
1 60
1 61
1 62
1 63
1 64
1 65
1 66
1 67
1 68
1 69
1 70
1 71
1 72
1 73
1 74
1 75
1 76
1 77
1 78
2 79
2 80
2 81
2 82
2 83
2 84
2 85
2 86
2 87
2 88
2 89
2 90
2 91
2 92
2 93
2 94
2 95
2 96
2 97
2 98
2 99
2 100
2 101
2 102
2 103
2 104
2 105
2 106
2 107
2 108
2 109
2 110
2 111
2 112
2 113
2 114
2 115
2 116
2 117
2 118
2 119
2 120
2 121
2 122
2 123
2 124
2 125
2 126
2 127
2 128
2 129
2 130
2 131
2 132
2 133
2 134
2 135
2 136
2 137
2 138
3 139
3 140
3 141
3 142
3 143
3 144
3 145
3 146
3 147
3 148
3 149
3 150
3 151
3 152
3 153
3 154
3 155
3 156
3 157
3 158
3 159
3 160
3 161
3 162
3 163
3 164
3 165
3 166
3 167
3 168
3 169
3 170
3 171
3 172
3 173
3 174
3 175
3 176
3 177
3 178
3 179
3 180
3 181
3 182
3 183
3 184
3 185
3 186
3 187
3 188
3 189
3 190
3 191
3 192
3 193
3 194
3 195
3 196
3 197
3 198
3 199
4 200
4 201
4 202
4 203
4 204
4 205
4 206
4 207
4 208
4 209
4 210
4 211
4 212
4 213
4 214
4 215
4 216
4 217
4 218
4 219
4 220
4 221
4 222
4 223
4 224
4 225
4 226
4 227
4 228
4 229
4 230
4 231
4 232
4 233
4 234
4 235
4 236
4 237
4 238
4 239
4 240
4 241
4 242
4 243
4 244
4 245
4 246
4 247
4 248
4 249
4 250
4 251
4 252
4 253
4 254
4 255
4 256
4 257
4 258
4 259
5 260
5 261
5 262
5 263
5 264
5 265
5 266
5 267
5 268
5 269
5 270
5 271
5 272
5 273
5 274
5 275
5 276
5 277
5 278
5 279
5 280
5 281
5 282
5 283
5 284
5 285
5 286
5 287
5 288
5 289
5 290
5 291
5 292
5 293
5 294
5 295
5 296
5 297
5 298
5 299
5 300
5 301
5 302
5 303
5 304
5 305
5 306
5 307
5 308
5 309
5 310
5 311
5 312
5 313
5 314
5 315
5 316
5 317
5 318
5 319
5 320
6 321
6 322
6 323
6 324
6 325
6 326
6 327
6 328
6 329
6 330
7 330
8 330
9 330
10 330
11 330
12 330
13 330
14 330
15 330
16 330
17 330
18 330
19 330
20 330
21 329
22 329
23 329
24 329
25 329
26 329
27 328
28 328
29 328
30 328
31 328
32 327
33 327
34 327
35 327
36 326
37 326
38 326
39 325
40 325
41 325
42 324
43 324
44 324
45 323
46 323
47 323
48 322
49 322
50 321
51 321
52 321
53 320
54 320
55 319
56 319
57 318
58 318
59 317
60 317
61 316
62 316
63 315
64 315
65 314
66 313
67 313
68 312
69 312
70 311
71 310
72 310
73 309
74 308
75 308
76 307
77 307
78 306
79 305
80 304
81 304
82 303
83 302
84 301
85 300
86 300
87 299
88 298
89 297
90 296
91 295
92 295
93 294
94 293
95 292
96 291
97 290
98 289
99 288
100 287
101 286
102 285
103 284
104 283
105 282
106 281
107 280
107 279
108 278
109 277
110 276
111 275
112 274
112 273
113 272
114 271
115 270
116 269
117 268
117 267
118 266
119 265
120 264
121 263
121 262
122 261
123 260
123 259
124 258
125 257
125 256
126 255
127 254
128 253
128 252
129 251
130 250
130 249
131 248
132 247
132 246
133 245
134 244
134 243
134 242
135 241
136 240
136 239
137 238
138 237
138 236
139 235
139 234
140 233
140 232
141 231
141 230
142 229
142 228
143 227
144 226
144 225
145 224
145 223
146 222
146 221
147 220
147 219
148 218
148 217
149 216
149 215
150 214
150 213
151 212
151 211
151 210
152 209
152 208
153 207
153 206
154 205
154 204
155 203
155 202
156 201
156 200
156 199
157 198
157 197
157 196
158 195
158 194
159 193
159 192
159 191
160 190
160 189
161 188
161 187
161 186
162 185
162 184
163 183
163 182
163 181
164 180
164 179
164 178
165 177
165 176
165 175
166 174
166 173
166 172
167 171
167 170
167 169
168 168
168 167
168 166
169 165
169 164
169 163
169 162
170 161
170 160
170 159
171 158
171 157
171 156
171 155
172 154
172 153
172 152
172 151
173 150
173 149
173 148
173 147
174 146
174 145
174 144
174 143
175 142
175 141
175 140
175 139
176 138
176 137
176 136
176 135
176 134
177 133
177 132
177 131
177 130
177 129
178 128
178 127
178 126
178 125
178 124
179 123
179 122
179 121
179 120
179 119
179 118
180 117
180 116
180 115
180 114
180 113
180 112
181 111
181 110
181 109
181 108
181 107
181 106
181 105
181 104
182 103
182 102
182 101
182 100
182 99
182 98
182 97
182 96
182 95
183 94
183 93
183 92
183 91
183 90
183 89
183 88
183 87
183 86
183 85
183 84
183 83
183 82
183 81
183 80
183 79
183 78
183 77
183 76
183 75
183 74
183 73
183 72
183 71
183 70
183 69
183 68
183 67
183 66
183 65
183 64
183 63
183 62
183 61
183 60
183 59
183 58
183 57
183 56
183 55
183 54
182 53
182 52
182 51
182 50
182 49
181 48
181 47
181 46
181 45
180 44
180 43
180 42
180 41
179 40
179 39
179 38
178 37
178 36
177 35
177 34
176 33
176 32
175 31
175 30
174 29
174 28
173 27
172 26
172 25
171 24
170 23
169 22
168 21
167 20
166 19
165 18
164 17
163 16
162 16
161 15
160 14
159 14
158 13
157 13
156 12
155 11
154 11
153 10
152 10
151 9
150 9
149 8
148 8
147 8
146 8
145 7
144 7
143 7
142 6
141 6
140 6
139 5
138 5
137 5
136 5
135 4
134 4
133 4
132 4
131 4
130 3
129 3
128 3
127 3
126 3
125 3
124 2
123 2
122 2
121 2
120 2
119 2
118 2
117 2
116 2
115 1
114 1
113 1
112 1
111 1
110 1
109 1
108 1
107 1
106 1
105 1
104 1
103 1
102 1
101 1
100 1
99 1
98 1
97 1
96 1
95 1
94 1
93 1
92 1
91 1
90 1
89 1
88 1
87 1
86 1
85 1
84 1
83 1
82 1
81 1
80 1
79 1
78 1
77 1
76 1
75 1
74 1
73 1
72 1
71 1
70 1
69 1
68 1
67 1
66 1
65 1
64 1
63 1
62 1
61 1
60 1
59 1
58 1
57 1
56 1
55 1
54 1
53 1
52 1
51 1
50 1
49 1
48 1
47 1
46 1
45 1
44 1
43 1
42 1
41 1
40 1
39 1
38 1
37 1
36 1
35 1
34 1
33 1
32 1
31 1
30 1
29 1
28 1
27 1
26 1
25 1
24 1
23 1
22 1
21 1
20 1
19 1
18 1
17 1
16 1
15 1
14 1
13 1
12 1
11 1
10 1
9 1
8 1
7 1
6 1
5 1
4 1
3 1
2 1
