39 1
39 2
39 3
39 4
38 5
38 6
38 7
38 8
37 9
37 10
37 11
37 12
37 13
36 14
36 15
36 16
36 17
36 18
35 19
35 20
35 21
35 22
35 23
34 24
34 25
34 26
34 27
34 28
33 29
33 30
33 31
33 32
32 33
32 34
32 35
32 36
32 37
31 38
31 39
31 40
31 41
31 42
30 43
30 44
30 45
30 46
30 47
29 48
29 49
29 50
29 51
29 52
28 53
28 54
28 55
28 56
27 57
27 58
27 59
27 60
27 61
26 62
26 63
26 64
26 65
26 66
25 67
25 68
25 69
25 70
25 71
24 72
24 73
24 74
24 75
24 76
23 77
23 78
23 79
23 80
22 81
22 82
22 83
22 84
22 85
21 86
21 87
21 88
21 89
21 90
20 91
20 92
20 93
20 94
20 95
19 96
19 97
19 98
19 99
19 100
18 101
18 102
18 103
18 104
17 105
17 106
17 107
17 108
17 109
16 110
16 111
16 112
16 113
16 114
15 115
15 116
15 117
15 118
15 119
14 120
14 121
14 122
14 123
14 124
13 125
13 126
13 127
13 128
12 129
12 130
12 131
12 132
12 133
11 134
11 135
11 136
11 137
11 138
10 139
10 140
10 141
10 142
10 143
9 144
9 145
9 146
9 147
9 148
8 149
8 150
8 151
8 152
7 153
7 154
7 155
7 156
7 157
6 158
6 159
6 160
6 161
6 162
5 163
5 164
5 165
5 166
5 167
4 168
4 169
4 170
4 171
4 172
3 173
3 174
3 175
3 176
2 177
2 178
2 179
2 180
2 181
1 182
1 183
1 184
1 185
1 186
1 187
1 188
1 189
1 190
1 191
1 192
1 193
1 194
1 195
1 196
1 197
1 198
1 199
1 200
1 201
1 202
1 203
1 204
1 205
1 206
1 207
1 208
1 209
1 210
1 211
1 212
1 213
1 214
1 215
1 216
1 217
1 218
1 219
1 220
1 221
1 222
1 223
1 224
1 225
1 226
1 227
1 228
1 229
1 230
1 231
1 232
1 233
1 234
1 235
1 236
1 237
1 238
1 239
1 240
1 241
1 242
1 243
1 244
1 245
1 246
1 247
1 248
1 249
1 250
1 251
1 252
1 253
1 254
1 255
1 256
1 257
1 258
1 259
1 260
1 261
1 262
1 263
1 264
1 265
2 266
2 267
2 268
2 269
2 270
2 271
2 272
2 273
2 274
2 275
2 276
2 277
2 278
2 279
2 280
2 281
2 282
2 283
2 284
2 285
2 286
2 287
2 288
2 289
2 290
2 291
2 292
2 293
2 294
2 295
2 296
2 297
2 298
2 299
2 300
2 301
2 302
2 303
2 304
2 305
2 306
2 307
2 308
2 309
2 310
2 311
2 312
2 313
2 314
2 315
2 316
2 317
2 318
2 319
2 320
2 321
2 322
2 323
2 324
2 325
3 326
3 327
3 328
3 329
3 330
3 331
3 332
3 333
3 334
3 335
3 336
3 337
3 338
3 339
3 340
3 341
3 342
3 343
3 344
3 345
3 346
3 347
3 348
3 349
3 350
3 351
3 352
3 353
3 354
3 355
3 356
3 357
3 358
3 359
3 360
4 360
5 360
6 360
7 360
8 360
9 360
10 360
11 360
12 360
13 360
14 360
15 360
16 360
17 360
18 360
19 360
20 360
21 360
22 360
23 360
24 360
25 360
26 360
27 359
28 359
29 359
30 359
31 359
32 359
33 359
34 359
35 358
36 358
37 358
38 358
39 358
40 358
41 358
42 357
43 357
44 357
45 357
46 357
47 357
48 356
49 356
50 356
51 356
52 356
53 355
54 355
55 355
56 355
57 355
58 354
59 354
60 354
61 354
62 353
63 353
64 353
65 353
66 352
67 352
68 352
69 352
70 351
71 351
72 351
73 350
74 350
75 350
76 349
77 349
78 349
79 349
80 348
81 348
82 347
83 347
84 347
85 346
86 346
87 346
88 345
89 345
90 344
91 344
92 344
93 343
94 343
95 342
96 342
97 341
98 341
99 340
100 340
101 339
102 339
103 338
104 338
105 338
106 337
107 336
108 336
109 335
110 335
111 334
112 334
113 333
114 332
115 332
116 331
117 330
118 330
119 329
120 329
121 328
122 328
123 327
124 326
125 325
126 325
127 324
128 323
129 322
130 322
131 321
132 320
133 319
134 318
135 318
136 317
137 316
138 315
139 314
140 313
141 312
142 311
143 310
144 309
145 308
146 307
147 306
148 305
149 304
150 303
151 302
151 301
152 300
153 299
154 298
155 297
156 296
156 295
157 294
158 293
159 292
159 291
160 290
161 289
161 288
162 287
163 286
163 285
164 284
165 283
165 282
166 281
167 280
167 279
168 278
168 277
169 276
169 275
170 274
171 273
171 272
171 271
172 270
172 269
173 268
173 267
174 266
174 265
175 264
175 263
176 262
176 261
177 260
177 259
177 258
178 257
178 256
178 255
179 254
179 253
180 252
180 251
180 250
180 249
181 248
181 247
181 246
182 245
182 244
182 243
183 242
183 241
183 240
184 239
184 238
184 237
184 236
185 235
185 234
185 233
185 232
185 231
186 230
186 229
186 228
186 227
186 226
187 225
187 224
187 223
187 222
187 221
187 220
188 219
188 218
188 217
188 216
188 215
188 214
188 213
188 212
189 211
189 210
189 209
189 208
189 207
189 206
189 205
189 204
189 203
189 202
189 201
189 200
189 199
189 198
189 197
189 196
189 195
189 194
189 193
189 192
189 191
189 190
189 189
189 188
189 187
189 186
189 185
189 184
189 183
189 182
189 181
189 180
189 179
189 178
189 177
189 176
189 175
189 174
189 173
188 172
188 171
188 170
188 169
188 168
188 167
187 166
187 165
187 164
187 163
187 162
186 161
186 160
186 159
186 158
185 157
185 156
185 155
185 154
184 153
184 152
184 151
184 150
183 149
183 148
183 147
182 146
182 145
182 144
181 143
181 142
180 141
180 140
180 139
179 138
179 137
178 136
178 135
177 134
177 133
177 132
176 131
175 130
175 129
175 128
174 127
174 126
173 125
173 124
172 123
171 122
171 121
170 120
170 119
169 118
168 117
168 116
167 115
167 114
166 113
165 112
164 111
164 110
163 109
162 108
162 107
161 106
160 105
160 104
159 103
158 102
157 101
156 100
155 99
155 98
154 97
153 96
152 95
151 94
151 93
150 93
149 92
149 91
148 91
147 90
147 89
146 88
145 88
144 87
143 86
142 85
142 84
141 84
140 83
139 82
138 81
137 80
136 79
135 78
134 77
133 77
132 76
131 75
130 74
129 74
128 73
128 72
127 72
126 71
125 70
124 69
123 68
122 67
121 66
120 65
119 64
118 63
117 62
116 61
115 60
115 59
114 58
113 57
112 56
112 55
111 54
110 53
109 52
108 51
108 50
107 49
107 48
106 47
105 46
104 45
104 44
103 43
102 42
102 41
101 40
100 39
100 38
99 37
98 36
98 35
97 34
96 33
95 32
95 31
94 30
93 29
93 28
92 27
91 26
90 25
89 24
88 23
88 22
87 21
86 20
85 19
84 18
83 17
82 16
81 15
80 15
79 14
78 13
77 12
76 11
75 10
74 10
73 9
72 9
71 8
70 8
69 7
68 7
67 6
66 6
65 5
64 5
63 4
62 4
61 4
60 3
59 3
58 3
57 2
56 2
55 2
54 2
53 2
52 1
51 1
50 1
49 1
48 1
47 1
46 1
45 1
44 1
43 1
42 1
41 1
40 1
