1 1
1 2
1 3
1 4
1 5
1 6
1 7
1 8
1 9
1 10
1 11
1 12
1 13
1 14
1 15
1 16
1 17
1 18
1 19
1 20
1 21
1 22
1 23
1 24
1 25
1 26
1 27
1 28
1 29
1 30
1 31
1 32
1 33
1 34
1 35
1 36
1 37
1 38
1 39
1 40
1 41
1 42
1 43
1 44
1 45
1 46
1 47
1 48
1 49
1 50
1 51
1 52
1 53
1 54
1 55
1 56
1 57
1 58
1 59
1 60
1 61
1 62
1 63
1 64
1 65
1 66
1 67
1 68
1 69
1 70
1 71
1 72
1 73
1 74
1 75
1 76
1 77
2 78
2 79
2 80
2 81
2 82
2 83
2 84
2 85
2 86
2 87
2 88
2 89
2 90
2 91
2 92
2 93
2 94
2 95
2 96
2 97
2 98
2 99
2 100
2 101
2 102
2 103
2 104
2 105
2 106
2 107
2 108
2 109
2 110
2 111
2 112
2 113
2 114
2 115
2 116
2 117
2 118
2 119
2 120
2 121
2 122
2 123
2 124
2 125
2 126
2 127
2 128
2 129
2 130
2 131
2 132
2 133
2 134
2 135
2 136
2 137
3 138
3 139
3 140
3 141
3 142
3 143
3 144
3 145
3 146
3 147
3 148
3 149
3 150
3 151
3 152
3 153
3 154
3 155
3 156
3 157
3 158
3 159
3 160
3 161
3 162
3 163
3 164
3 165
4 166
4 167
4 168
4 169
4 170
4 171
4 172
4 173
4 174
4 175
4 176
4 177
4 178
5 179
5 180
5 181
5 182
5 183
5 184
5 185
5 186
5 187
5 188
5 189
5 190
6 191
6 192
6 193
6 194
6 195
6 196
6 197
6 198
6 199
6 200
6 201
6 202
6 203
7 204
7 205
7 206
7 207
7 208
7 209
7 210
7 211
7 212
7 213
7 214
7 215
8 216
8 217
8 218
8 219
8 220
8 221
8 222
8 223
8 224
8 225
8 226
8 227
8 228
9 229
9 230
9 231
9 232
9 233
9 234
9 235
9 236
9 237
9 238
9 239
9 240
9 241
10 242
10 243
10 244
10 245
10 246
10 247
10 248
10 249
10 250
10 251
10 252
10 253
11 254
11 255
11 256
11 257
11 258
11 259
11 260
11 261
11 262
11 263
11 264
11 265
11 266
12 267
12 268
12 269
12 270
12 271
12 272
12 273
12 274
12 275
12 276
12 277
12 278
12 279
13 280
13 281
13 282
13 283
13 284
13 285
13 286
13 287
13 288
13 289
13 290
13 291
14 292
14 293
14 294
14 295
14 296
14 297
14 298
14 299
14 300
14 301
14 302
14 303
14 304
15 305
15 306
15 307
15 308
16 308
17 308
18 308
19 308
20 308
21 308
22 308
23 308
24 308
25 308
26 308
27 308
28 308
29 308
30 308
31 308
32 308
33 309
34 309
35 309
36 309
37 309
38 309
39 309
40 309
41 310
42 310
43 310
44 310
45 310
46 310
47 310
48 311
49 311
50 311
51 311
52 311
53 311
54 311
55 312
56 312
57 312
58 312
59 312
60 312
61 313
62 313
63 313
64 313
65 313
66 313
67 313
68 313
69 313
70 313
71 313
72 313
73 313
74 313
75 313
76 313
77 313
78 313
79 313
80 313
81 313
82 313
83 313
84 313
85 313
86 313
87 313
88 313
89 313
90 313
91 313
92 312
93 312
94 312
95 312
96 311
97 311
98 311
99 310
100 310
101 310
102 309
103 309
104 308
105 308
106 307
107 307
108 306
109 306
110 305
111 305
112 304
113 304
114 303
115 302
116 302
117 301
118 301
119 300
120 299
121 299
122 298
123 297
124 297
125 296
126 295
127 295
128 294
129 293
130 292
131 292
132 291
133 290
134 289
135 289
136 288
137 287
138 286
139 285
140 284
141 284
142 283
143 282
144 281
145 280
146 279
147 278
148 277
149 276
150 275
151 274
152 273
153 272
154 271
154 270
155 269
156 268
157 267
158 266
158 265
159 264
160 263
161 262
162 261
162 260
163 259
164 258
164 257
165 256
166 255
166 254
167 253
168 252
168 251
169 250
170 249
170 248
171 247
171 246
172 245
172 244
173 243
173 242
174 241
174 240
175 239
175 238
176 237
176 236
177 235
177 234
178 233
178 232
179 231
179 230
179 229
180 228
180 227
181 226
181 225
181 224
182 223
182 222
183 221
183 220
183 219
184 218
184 217
184 216
184 215
185 214
185 213
185 212
186 211
186 210
186 209
186 208
187 207
187 206
187 205
188 204
188 203
188 202
188 201
188 200
189 199
189 198
189 197
189 196
189 195
190 194
190 193
190 192
190 191
190 190
190 189
190 188
191 187
191 186
191 185
191 184
191 183
191 182
191 181
192 180
192 179
192 178
192 177
192 176
192 175
192 174
192 173
192 172
192 171
192 170
192 169
192 168
192 167
192 166
192 165
192 164
192 163
192 162
192 161
192 160
192 159
192 158
192 157
192 156
192 155
192 154
192 153
192 152
192 151
192 150
192 149
192 148
192 147
192 146
192 145
192 144
192 143
192 142
191 141
191 140
191 139
191 138
191 137
191 136
190 135
190 134
190 133
190 132
190 131
189 130
189 129
189 128
189 127
188 126
188 125
188 124
188 123
187 122
187 121
187 120
186 119
186 118
186 117
185 116
185 115
185 114
184 113
184 112
184 111
183 110
183 109
183 108
182 107
182 106
181 105
181 104
180 103
180 102
179 101
179 100
179 99
178 98
177 97
177 96
176 95
176 94
175 93
175 92
174 91
174 90
173 89
173 88
172 87
171 86
171 85
170 84
169 83
169 82
168 81
168 80
167 79
166 78
166 77
165 76
164 75
163 74
162 73
162 72
161 71
160 70
159 69
158 68
157 67
157 66
156 65
155 64
154 63
153 62
152 61
151 60
150 59
150 58
149 57
148 57
147 56
146 55
145 54
144 53
143 52
142 51
141 50
140 49
139 48
138 47
137 47
136 46
135 45
134 44
133 43
132 43
131 42
130 41
129 40
128 40
127 39
126 38
125 37
124 37
123 36
122 35
121 35
120 34
119 33
118 33
117 32
116 32
115 31
114 30
113 30
112 29
111 28
110 28
109 27
108 27
107 26
106 26
105 25
104 25
103 24
102 24
101 23
100 23
99 22
98 22
97 21
96 21
95 20
94 20
93 19
92 19
91 18
90 18
89 18
88 17
87 17
86 16
85 16
84 15
83 15
82 15
81 14
80 14
79 14
78 13
77 13
76 13
75 12
74 12
73 12
72 11
71 11
70 11
69 10
68 10
67 10
66 9
65 9
64 9
63 9
62 8
61 8
60 8
59 8
58 7
57 7
56 7
55 7
54 6
53 6
52 6
51 6
50 5
49 5
48 5
47 5
46 5
45 4
44 4
43 4
42 4
41 4
40 4
39 3
38 3
37 3
36 3
35 3
34 3
33 2
32 2
31 2
30 2
29 2
28 2
27 2
26 2
25 2
24 1
23 1
22 1
21 1
20 1
19 1
18 1
17 1
16 1
15 1
14 1
13 1
12 1
11 1
10 1
9 1
8 1
7 1
6 1
5 1
4 1
3 1
2 1
