53 1
52 2
51 2
50 2
49 2
48 2
47 3
46 3
45 3
44 4
43 4
42 4
41 5
40 5
39 5
38 6
37 6
36 7
35 7
34 8
33 8
32 9
31 9
30 10
29 10
28 11
27 11
26 12
25 13
24 13
23 14
22 15
21 16
20 17
19 17
18 18
17 19
16 20
16 21
15 22
14 23
13 24
12 25
11 26
11 27
10 28
9 29
9 30
8 31
8 32
7 33
7 34
6 35
6 36
5 37
5 38
4 39
4 40
4 41
3 42
3 43
3 44
2 45
2 46
2 47
2 48
1 49
1 50
1 51
1 52
1 53
1 54
1 55
1 56
1 57
1 58
1 59
1 60
1 61
1 62
1 63
1 64
1 65
1 66
1 67
1 68
1 69
1 70
1 71
1 72
1 73
1 74
1 75
2 76
2 77
2 78
2 79
2 80
3 81
3 82
3 83
3 84
4 85
4 86
4 87
5 88
5 89
5 90
6 91
6 92
6 93
7 94
7 95
7 96
8 97
8 98
9 99
9 100
10 101
10 102
10 103
11 104
11 105
12 106
12 107
13 108
13 109
14 110
14 111
15 112
15 113
16 114
16 115
17 116
17 117
18 118
19 119
19 120
20 121
20 122
21 123
22 124
22 125
23 126
24 127
24 128
25 129
26 130
26 131
27 132
28 133
28 134
29 135
30 136
30 137
31 138
32 139
33 140
33 141
34 142
35 143
36 144
36 145
37 146
38 147
39 148
39 149
40 150
41 151
41 152
42 153
43 154
44 155
45 156
46 157
46 158
47 159
48 160
49 161
50 162
51 163
52 164
53 165
53 166
54 167
55 168
56 169
57 170
57 171
58 172
59 173
60 174
61 175
62 176
63 177
64 178
65 179
66 180
67 181
67 182
68 182
69 183
70 184
70 185
71 186
72 186
73 187
73 188
74 189
75 190
76 191
77 192
78 193
79 194
80 195
81 196
82 197
83 198
84 199
85 200
86 201
87 202
88 203
89 204
90 205
91 206
92 207
92 208
93 209
94 210
95 211
96 212
97 213
97 214
98 215
99 216
100 217
101 218
102 219
103 220
104 221
104 222
105 223
106 224
107 225
108 226
109 227
109 228
110 229
111 230
111 231
112 232
113 233
114 234
115 235
115 236
116 237
117 238
118 239
118 240
119 241
120 242
121 243
121 244
122 245
123 246
123 247
124 248
125 249
125 250
126 251
127 252
127 253
128 254
129 255
129 256
130 257
131 258
132 259
132 260
133 261
134 262
134 263
135 264
135 265
136 266
137 267
137 268
138 269
139 270
139 271
140 272
140 273
141 274
142 275
142 276
143 277
143 278
144 279
145 280
145 281
146 282
146 283
147 284
148 285
148 286
149 287
149 288
150 289
150 290
151 291
152 292
152 293
153 294
153 295
154 296
155 297
155 298
156 299
156 300
157 301
158 302
158 303
159 304
160 305
160 306
161 307
161 308
162 309
162 310
163 311
164 312
164 313
165 314
166 315
166 316
167 317
167 318
168 319
168 320
169 321
170 322
170 323
171 324
172 325
172 326
173 327
174 328
174 329
175 330
176 331
176 332
177 333
178 334
179 335
179 336
180 337
181 338
181 339
182 340
182 341
183 342
184 343
185 344
185 345
186 346
187 347
188 348
188 349
189 350
190 351
191 352
192 353
193 354
193 355
194 356
195 357
196 358
197 359
197 360
198 361
199 362
199 363
200 364
201 365
202 366
203 367
204 368
205 369
206 370
207 371
208 372
208 373
209 374
210 375
211 376
212 377
213 378
213 379
214 380
215 381
216 382
217 382
218 382
219 381
220 380
221 380
222 379
223 378
224 377
225 377
226 376
227 375
228 374
229 374
230 373
231 372
232 371
233 371
234 370
235 369
236 369
237 368
238 367
239 366
240 365
241 365
242 364
243 363
244 363
245 362
246 362
247 361
248 360
249 359
250 359
251 358
252 357
253 357
254 356
255 355
256 355
257 354
258 353
259 353
260 352
261 351
262 351
263 350
264 350
265 349
266 348
267 348
268 347
269 347
270 346
271 345
272 345
273 344
274 344
275 343
276 342
277 342
278 341
279 340
280 340
281 340
282 339
283 338
284 338
285 337
286 337
287 336
288 335
289 335
290 334
291 334
292 333
293 332
294 332
295 331
296 331
297 330
298 329
299 329
300 328
301 328
302 327
303 326
304 326
305 325
306 325
307 324
308 323
309 323
310 322
311 322
312 321
313 321
314 320
315 319
316 318
317 318
318 317
319 317
320 316
321 316
322 315
323 314
324 314
325 313
326 312
327 312
328 311
329 310
330 310
331 309
332 308
333 308
334 307
335 306
336 306
337 305
338 304
339 303
340 303
341 302
342 301
343 301
344 300
345 299
346 298
347 298
348 297
349 296
350 295
351 295
352 294
353 293
354 293
355 292
356 291
357 290
358 289
359 289
360 288
361 287
362 286
363 285
364 284
365 284
366 283
367 282
368 281
369 280
370 279
371 278
372 277
373 276
374 275
375 275
375 274
376 273
377 273
378 272
379 271
379 270
380 269
381 269
382 268
382 267
383 266
384 266
385 265
386 264
386 263
387 262
388 261
389 260
390 259
391 258
392 257
393 256
394 255
395 254
395 253
396 252
397 251
398 250
399 249
399 248
400 247
401 246
402 245
403 244
404 243
405 242
405 241
406 240
407 239
408 238
409 237
410 236
410 235
411 234
412 233
412 232
413 231
414 230
414 229
415 228
416 227
416 226
417 225
418 224
418 223
419 222
420 221
420 220
421 219
421 218
422 217
423 216
423 215
424 214
424 213
425 212
425 211
426 210
426 209
427 208
427 207
428 206
428 205
429 204
429 203
430 202
430 201
431 200
431 199
432 198
432 197
432 196
433 195
433 194
434 193
434 192
434 191
435 190
435 189
436 188
436 187
436 186
437 185
437 184
437 183
438 182
438 181
438 180
439 179
439 178
439 177
439 176
440 175
440 174
440 173
441 172
441 171
441 170
441 169
441 168
442 167
442 166
442 165
442 164
443 163
443 162
443 161
443 160
443 159
444 158
444 157
444 156
444 155
444 154
444 153
444 152
445 151
445 150
445 149
445 148
445 147
445 146
445 145
445 144
445 143
445 142
445 141
445 140
445 139
445 138
445 137
445 136
445 135
445 134
445 133
445 132
445 131
445 130
445 129
445 128
445 127
445 126
445 125
445 124
445 123
445 122
445 121
445 120
445 119
445 118
445 117
445 116
445 115
445 114
445 113
445 112
444 111
444 110
444 109
444 108
444 107
444 106
443 105
443 104
443 103
443 102
443 101
442 100
442 99
442 98
442 97
441 96
441 95
441 94
440 93
440 92
440 91
440 90
439 89
439 88
438 87
438 86
438 85
438 84
437 83
437 82
436 81
436 80
436 79
435 78
435 77
434 76
434 75
433 74
433 73
433 72
432 71
431 70
431 69
430 68
430 67
429 66
429 65
428 64
428 63
427 62
426 61
426 60
425 59
425 58
424 57
423 56
422 55
421 54
420 53
419 52
419 51
418 51
417 50
416 49
416 48
415 47
414 47
413 46
412 45
411 44
410 43
409 42
408 41
407 41
406 40
405 39
404 38
403 37
402 37
401 36
400 35
399 34
398 34
397 33
396 32
395 32
394 31
393 30
392 30
391 29
390 28
389 28
388 27
387 27
386 26
385 26
384 25
383 25
382 24
381 23
380 23
379 22
378 22
377 21
376 21
375 21
374 20
373 20
372 19
371 19
370 18
369 18
368 17
367 17
366 17
365 16
364 16
363 16
362 15
361 15
360 15
359 14
358 14
357 14
356 13
355 13
354 13
353 13
352 12
351 12
350 12
349 12
348 11
347 11
346 11
345 11
344 11
343 10
342 10
341 10
340 10
339 10
338 10
337 10
336 10
335 10
334 10
333 9
332 9
331 9
330 9
329 9
328 9
327 9
326 10
325 10
324 10
323 10
322 10
321 10
320 10
319 10
318 10
317 11
316 11
315 11
314 11
313 11
312 12
311 12
310 12
309 13
308 13
307 13
306 14
305 14
304 15
303 15
302 16
301 16
300 17
299 17
298 18
297 18
296 19
295 19
294 20
293 20
292 21
291 22
290 23
289 23
288 24
287 25
286 26
285 26
284 27
283 28
282 29
281 30
280 30
279 31
278 32
278 33
277 34
276 35
275 36
274 37
273 38
272 39
271 40
270 41
269 42
268 43
268 44
267 45
266 46
266 47
265 48
264 49
263 50
262 51
262 52
261 53
260 54
259 55
259 56
258 57
257 58
256 59
256 60
255 61
255 62
254 63
254 64
253 65
252 66
251 67
251 68
250 69
250 70
249 71
249 72
248 73
247 74
247 75
246 76
246 77
245 78
244 79
244 80
243 81
243 82
242 83
242 84
241 85
241 86
240 87
239 88
239 89
238 90
238 91
237 92
237 93
236 94
236 95
235 96
235 97
234 98
234 99
233 100
233 101
232 102
232 103
231 104
231 105
230 106
230 107
229 108
229 109
228 110
228 111
227 112
227 113
226 114
226 115
225 116
225 117
225 118
224 119
224 120
223 121
223 122
222 123
222 124
221 125
221 126
221 127
220 128
220 129
219 130
219 131
218 132
218 133
217 134
216 133
216 132
215 131
214 130
214 129
213 128
213 127
212 126
212 125
211 124
211 123
210 122
210 121
209 120
209 119
208 118
208 117
207 116
207 115
206 114
206 113
205 112
205 111
204 110
204 109
203 108
203 107
202 106
202 105
201 104
201 103
200 102
200 101
200 100
199 99
199 98
198 97
198 96
197 95
197 94
196 93
196 92
195 91
195 90
194 89
194 88
193 87
193 86
192 85
192 84
191 83
191 82
190 81
190 80
189 79
189 78
188 77
188 76
187 75
187 74
186 73
186 72
185 71
185 70
184 69
183 68
183 67
182 66
182 65
181 64
181 63
180 62
179 61
179 60
178 59
177 58
177 57
176 56
175 55
175 54
174 53
173 52
172 51
172 50
171 49
170 48
170 47
169 46
168 45
167 44
167 43
166 42
165 41
164 40
163 39
162 38
161 37
160 36
159 35
158 34
157 34
156 33
155 32
154 31
153 30
152 30
151 29
150 28
149 28
148 27
147 26
146 26
145 25
144 24
143 23
142 23
141 22
140 21
139 20
138 20
137 19
136 19
135 18
134 17
133 17
132 16
131 16
130 15
129 15
128 14
127 13
126 13
125 13
124 12
123 12
122 11
121 11
120 10
119 10
118 10
117 9
116 9
115 8
114 8
113 8
112 7
111 7
110 7
109 6
108 6
107 6
106 5
105 5
104 5
103 4
102 4
101 4
100 4
99 3
98 3
97 3
96 3
95 2
94 2
93 2
92 2
91 2
90 2
89 1
88 1
87 1
86 1
85 1
84 1
83 1
82 1
81 1
80 1
79 1
78 1
77 1
76 1
75 1
74 1
73 1
72 1
71 1
70 1
69 1
68 1
67 1
66 1
65 1
64 1
63 1
62 1
61 1
60 1
59 1
58 1
57 1
56 1
55 1
54 1
