70 1
69 2
68 2
67 2
66 2
65 3
64 3
63 3
62 3
61 4
60 4
59 4
58 5
57 5
56 5
55 6
54 6
53 7
52 7
51 7
50 8
49 8
48 9
47 10
46 10
45 11
44 12
43 12
42 12
41 13
40 14
39 15
38 16
37 16
36 17
35 18
34 19
33 20
32 21
31 22
30 23
30 24
29 25
28 26
27 27
27 28
26 29
25 30
25 31
24 32
24 33
23 34
22 35
22 36
21 37
20 38
20 39
19 40
19 41
18 42
18 43
17 44
17 45
16 46
16 47
15 48
15 49
14 50
14 51
13 52
13 53
12 54
12 55
12 56
11 57
11 58
10 59
10 60
10 61
9 62
9 63
9 64
8 65
8 66
8 67
7 68
7 69
7 70
6 71
6 72
6 73
6 74
5 75
5 76
5 77
5 78
4 79
4 80
4 81
4 82
4 83
3 84
3 85
3 86
3 87
3 88
2 89
2 90
2 91
2 92
2 93
2 94
2 95
1 96
1 97
1 98
1 99
1 100
1 101
1 102
1 103
1 104
1 105
1 106
1 107
1 108
1 109
1 110
1 111
1 112
1 113
1 114
1 115
1 116
1 117
1 118
1 119
1 120
1 121
1 122
1 123
1 124
1 125
1 126
1 127
1 128
1 129
1 130
1 131
1 132
1 133
1 134
2 135
2 136
2 137
2 138
2 139
2 140
3 141
3 142
3 143
3 144
3 145
4 146
4 147
4 148
4 149
4 150
5 151
5 152
5 153
6 154
6 155
6 156
6 157
7 158
7 159
7 160
8 161
8 162
8 163
9 164
9 165
9 166
10 167
10 168
11 169
11 170
11 171
12 172
12 173
13 174
13 175
14 176
14 177
15 178
15 179
16 180
16 181
17 182
18 183
18 184
19 185
19 186
20 187
20 188
21 189
22 190
22 191
23 192
24 193
24 194
25 195
26 196
27 197
27 198
28 199
29 200
30 201
30 202
31 203
32 204
33 205
34 206
35 207
36 208
37 209
38 210
39 211
39 212
40 212
41 213
41 214
42 215
43 216
44 217
45 218
46 219
47 220
48 220
49 221
49 222
50 223
51 224
52 225
53 226
54 227
55 227
56 228
57 229
57 230
58 230
59 231
60 232
61 233
62 234
63 235
64 236
65 237
66 238
67 239
68 240
69 241
70 242
71 243
72 243
73 244
74 245
75 246
76 247
77 248
78 249
79 250
80 251
81 252
82 252
83 253
84 254
85 255
86 256
87 257
88 258
89 259
90 259
91 260
92 261
93 262
94 263
95 264
96 264
97 265
98 266
99 267
100 268
101 269
102 269
103 270
104 271
105 272
106 273
107 274
108 274
109 275
110 276
111 277
112 278
113 278
114 279
115 280
116 281
117 281
118 282
119 283
120 284
121 285
122 285
123 286
124 287
125 288
126 289
127 289
128 290
129 291
130 292
131 293
132 293
133 294
134 295
135 296
136 297
137 297
138 298
139 299
140 300
141 300
142 301
143 302
144 303
145 304
146 304
147 305
148 306
149 307
150 308
151 308
152 309
153 310
154 311
155 311
156 312
157 313
158 314
159 315
160 315
161 316
162 317
163 318
164 319
165 319
166 320
167 321
168 322
169 323
170 323
171 324
172 325
173 326
174 327
175 327
176 328
177 329
178 330
179 331
180 332
181 332
182 333
183 334
184 335
185 336
186 337
187 338
188 338
189 339
190 340
191 341
192 342
193 343
194 344
195 345
196 346
197 346
198 347
199 348
200 349
201 350
202 351
203 352
204 353
205 354
206 355
207 356
208 357
209 358
210 359
211 360
212 361
213 362
214 363
215 363
216 364
217 365
218 366
219 367
220 368
221 369
222 370
223 371
224 372
225 373
225 374
226 374
227 375
227 376
228 377
229 378
230 379
231 380
232 381
233 382
234 382
235 382
236 381
237 380
238 380
239 379
240 378
241 377
242 377
243 376
244 375
245 374
246 374
247 373
248 372
249 371
250 371
251 370
252 369
253 368
254 368
255 367
256 366
257 365
258 365
259 364
260 364
261 363
262 362
263 361
264 361
265 360
266 359
267 359
268 358
269 357
270 357
271 356
272 355
273 355
274 354
275 353
276 353
277 352
278 351
279 351
280 350
281 349
282 349
283 348
284 348
285 347
286 347
287 346
288 346
289 345
290 344
291 344
292 343
293 342
294 342
295 341
296 340
297 340
298 339
299 339
300 338
301 338
302 337
303 337
304 336
305 335
306 335
307 334
308 334
309 333
310 332
311 332
312 331
313 331
314 330
315 329
316 329
317 328
318 328
319 327
320 326
321 326
322 325
323 325
324 324
325 323
326 323
327 322
328 322
329 321
330 320
331 320
332 319
333 319
334 318
335 317
336 317
337 316
338 315
339 315
340 314
341 313
342 313
343 312
344 312
345 311
346 310
347 310
348 309
349 308
350 308
351 307
352 306
353 306
354 305
355 304
356 304
357 303
358 302
359 301
360 301
361 300
362 299
363 298
364 298
365 297
366 296
367 295
368 295
369 294
370 293
371 292
372 292
373 291
374 290
375 289
376 288
377 288
378 287
379 286
380 285
381 284
382 283
383 283
384 282
385 281
386 280
387 279
388 278
389 277
390 276
391 275
392 275
393 274
394 273
395 272
396 271
397 270
398 269
399 268
400 267
401 266
402 265
403 264
404 263
405 262
405 261
406 260
407 259
408 258
409 257
410 256
411 255
411 254
412 253
413 252
414 251
415 250
415 249
416 248
417 247
418 247
418 246
419 245
420 244
421 243
421 242
422 241
423 240
424 239
425 238
426 237
427 236
427 235
428 234
429 233
429 232
430 231
431 230
431 229
432 228
433 227
433 226
434 225
435 224
435 223
436 222
437 221
437 220
438 219
438 218
439 217
440 216
440 215
441 214
441 213
442 212
442 211
443 210
443 209
444 208
444 207
445 206
445 205
446 204
446 203
447 202
447 201
448 200
448 199
449 198
449 197
449 196
450 195
450 194
451 193
451 192
451 191
452 190
452 189
453 188
453 187
453 186
454 185
454 184
454 183
455 182
455 181
455 180
456 179
456 178
456 177
456 176
457 175
457 174
457 173
458 172
458 171
458 170
458 169
458 168
459 167
459 166
459 165
459 164
460 163
460 162
460 161
460 160
460 159
461 158
461 157
461 156
461 155
461 154
461 153
461 152
462 151
462 150
462 149
462 148
462 147
462 146
462 145
462 144
462 143
462 142
462 141
462 140
462 139
462 138
462 137
462 136
462 135
462 134
462 133
462 132
462 131
462 130
462 129
462 128
462 127
462 126
462 125
462 124
462 123
462 122
462 121
462 120
462 119
462 118
462 117
462 116
462 115
462 114
462 113
462 112
461 111
461 110
461 109
461 108
461 107
461 106
460 105
460 104
460 103
460 102
460 101
459 100
459 99
459 98
459 97
458 96
458 95
458 94
457 93
457 92
457 91
457 90
456 89
456 88
455 87
455 86
455 85
455 84
454 83
454 82
453 81
453 80
453 79
452 78
452 77
451 76
451 75
450 74
450 73
450 72
449 71
448 70
448 69
447 68
447 67
446 66
446 65
445 64
445 63
444 62
443 61
443 60
442 59
442 58
441 57
440 56
439 55
438 54
437 53
436 52
436 51
435 51
434 50
433 49
433 48
432 47
431 47
430 46
429 45
428 44
427 43
426 42
425 41
424 41
423 40
422 39
421 38
420 37
419 37
418 36
417 35
416 34
415 34
414 33
413 32
412 32
411 31
410 30
409 30
408 29
407 28
406 28
405 27
404 27
403 26
402 26
401 25
400 25
399 24
398 23
397 23
396 22
395 22
394 21
393 21
392 21
391 20
390 20
389 19
388 19
387 18
386 18
385 18
384 17
383 17
382 16
381 16
380 16
379 15
378 15
377 15
376 14
375 14
374 14
373 13
372 13
371 13
370 13
369 12
368 12
367 12
366 12
365 11
364 11
363 11
362 11
361 11
360 10
359 10
358 10
357 10
356 10
355 10
354 10
353 10
352 10
351 10
350 10
349 9
348 9
347 9
346 9
345 9
344 9
343 10
342 10
341 10
340 10
339 10
338 10
337 10
336 10
335 10
334 11
333 11
332 11
331 11
330 11
329 12
328 12
327 12
326 13
325 13
324 13
323 14
322 14
321 15
320 15
319 16
318 16
317 17
316 17
315 18
314 18
313 19
312 19
311 20
310 21
309 21
308 22
307 23
306 24
305 25
304 26
303 27
302 28
301 29
301 30
300 31
299 32
299 33
298 34
297 35
297 36
296 37
296 38
295 39
295 40
294 41
294 42
294 43
293 44
293 45
292 46
292 47
292 48
291 49
291 50
290 51
290 52
290 53
290 54
289 55
289 56
289 57
289 58
288 59
288 60
288 61
288 62
287 63
287 64
287 65
287 66
286 67
286 68
286 69
286 70
285 71
285 72
285 73
285 74
285 75
284 76
284 77
284 78
284 79
284 80
283 81
283 82
283 83
283 84
282 85
282 86
282 87
282 88
282 89
281 90
281 91
281 92
281 93
281 94
280 95
280 96
280 97
280 98
280 99
279 100
279 101
279 102
279 103
278 104
278 105
278 106
278 107
277 108
277 109
277 110
277 111
276 112
276 113
276 114
275 115
275 116
275 117
275 118
274 119
274 120
274 121
273 122
273 123
273 124
272 125
272 126
272 127
271 128
271 129
271 130
270 131
270 132
269 133
268 133
267 132
267 131
266 130
265 129
265 128
264 127
263 126
263 125
262 124
261 123
261 122
260 121
259 120
258 119
258 118
257 117
256 116
256 115
255 114
254 113
253 112
253 111
252 110
251 109
251 108
250 107
249 106
248 105
247 104
246 103
246 102
245 101
244 100
243 99
242 98
242 97
241 96
240 95
239 94
239 93
238 92
237 91
236 90
235 89
234 88
233 87
233 86
232 85
231 84
230 83
229 83
228 82
228 81
227 80
226 79
225 78
224 77
223 76
222 75
221 74
220 73
219 72
218 71
217 70
216 69
215 68
214 67
213 66
212 65
211 64
210 63
209 62
208 61
207 60
206 59
205 58
204 57
203 56
202 56
201 55
200 54
200 53
199 53
198 52
197 51
196 50
195 49
194 48
193 48
192 47
191 46
190 45
189 44
188 43
187 43
186 42
185 41
184 40
183 40
182 39
181 38
180 37
179 36
178 35
177 35
176 34
175 33
174 33
173 32
172 31
171 31
170 30
169 29
168 29
167 28
166 27
165 27
164 26
163 26
162 25
161 24
160 24
159 23
158 22
157 21
156 21
155 20
154 19
153 18
152 18
151 18
150 17
149 16
148 16
147 15
146 15
145 14
144 14
143 13
142 13
141 12
140 12
139 11
138 11
137 10
136 10
135 10
134 9
133 9
132 8
131 8
130 8
129 7
128 7
127 7
126 6
125 6
124 6
123 5
122 5
121 5
120 5
119 4
118 4
117 4
116 3
115 3
114 3
113 3
112 3
111 2
110 2
109 2
108 2
107 2
106 1
105 1
104 1
103 1
102 1
101 1
100 1
99 1
98 1
97 1
96 1
95 1
94 1
93 1
92 1
91 1
90 1
89 1
88 1
87 1
86 1
85 1
84 1
83 1
82 1
81 1
80 1
79 1
78 1
77 1
76 1
75 1
74 1
73 1
72 1
71 1
