55 1
54 2
53 2
52 2
51 2
50 3
49 3
48 3
47 4
46 4
45 4
44 5
43 5
42 6
41 7
40 7
39 8
38 9
37 9
36 10
35 11
34 12
33 12
32 13
31 14
30 15
29 16
28 17
27 18
26 19
26 20
25 21
24 22
24 23
23 24
23 25
22 26
21 27
21 28
20 29
20 30
19 31
19 32
18 33
18 34
17 35
17 36
16 37
16 38
15 39
15 40
14 41
14 42
14 43
13 44
13 45
13 46
12 47
12 48
12 49
11 50
11 51
10 52
10 53
10 54
9 55
9 56
9 57
8 58
8 59
8 60
8 61
7 62
7 63
7 64
7 65
6 66
6 67
6 68
5 69
5 70
5 71
5 72
5 73
4 74
4 75
4 76
4 77
4 78
3 79
3 80
3 81
3 82
3 83
3 84
2 85
2 86
2 87
2 88
2 89
2 90
2 91
2 92
1 93
1 94
1 95
1 96
1 97
1 98
1 99
1 100
1 101
1 102
1 103
1 104
1 105
1 106
1 107
1 108
1 109
1 110
1 111
1 112
1 113
1 114
1 115
1 116
1 117
1 118
1 119
1 120
1 121
1 122
1 123
1 124
1 125
1 126
1 127
1 128
1 129
1 130
1 131
1 132
1 133
1 134
1 135
1 136
1 137
2 138
2 139
2 140
2 141
2 142
2 143
2 144
3 145
3 146
3 147
3 148
3 149
4 150
4 151
4 152
4 153
4 154
5 155
5 156
5 157
5 158
5 159
6 160
6 161
6 162
7 163
7 164
7 165
7 166
8 167
8 168
8 169
9 170
9 171
9 172
10 173
10 174
10 175
11 176
11 177
12 178
12 179
12 180
13 181
13 182
14 183
14 184
14 185
15 186
15 187
16 188
16 189
17 190
17 191
18 192
19 193
19 194
19 195
20 196
20 197
21 198
22 199
22 200
23 201
23 202
24 203
25 204
26 205
26 206
27 207
28 208
28 209
29 210
30 211
31 212
32 213
32 214
33 215
34 216
35 217
35 218
36 219
37 220
38 221
38 222
39 223
40 224
41 225
42 226
42 227
43 228
44 229
45 230
46 231
46 232
47 233
48 234
49 235
50 236
50 237
51 238
52 239
53 240
54 241
54 242
55 243
56 244
57 245
58 246
59 247
60 248
61 249
61 250
62 251
63 252
64 253
65 254
66 255
67 256
68 257
68 258
69 259
70 259
71 260
71 261
72 262
73 263
74 264
75 265
76 266
77 267
78 268
79 269
80 270
81 271
82 272
83 273
84 274
84 275
85 276
86 277
87 278
88 279
89 280
90 281
91 282
92 283
93 284
94 285
95 286
96 287
97 288
98 289
99 290
100 291
101 292
102 293
103 294
104 295
105 296
106 297
107 298
108 299
109 300
110 301
111 302
112 303
113 304
114 305
115 306
116 307
117 308
118 309
119 310
120 311
121 312
122 313
122 314
123 315
124 316
125 317
126 318
127 319
128 320
129 321
130 322
131 323
132 324
133 325
134 326
135 327
136 328
137 329
138 330
139 331
140 332
141 333
142 334
143 335
143 336
144 337
145 338
146 339
147 340
148 341
149 342
150 343
150 344
151 345
152 346
153 347
154 348
155 349
156 350
157 351
157 352
158 353
159 354
160 355
161 356
161 357
162 358
163 359
164 360
165 361
165 362
166 362
167 363
167 364
168 365
169 366
170 367
170 368
171 369
172 370
173 371
174 372
174 373
175 374
176 375
176 376
177 377
178 378
179 379
179 380
180 381
181 382
182 382
183 381
184 380
185 379
186 378
187 377
188 376
189 375
190 374
191 373
192 372
193 371
194 370
195 369
196 368
197 367
198 367
199 366
200 365
201 364
202 363
203 362
204 361
205 360
206 359
207 359
208 358
209 357
210 356
211 355
212 354
213 354
214 353
215 352
216 351
217 350
218 350
219 349
220 348
221 347
222 346
223 346
224 345
225 344
226 343
227 343
228 342
229 341
230 340
231 340
232 339
233 338
234 337
235 336
236 336
237 335
238 334
239 333
240 332
241 332
242 331
243 330
244 329
245 328
246 328
247 327
248 327
249 326
250 325
251 324
252 323
253 323
254 322
255 321
256 320
257 319
258 319
259 318
260 317
261 316
262 315
263 315
264 314
265 313
266 312
267 311
268 310
269 310
270 309
271 308
272 307
273 306
274 305
275 304
276 304
277 303
278 302
279 301
280 300
281 299
282 298
283 297
284 296
285 295
286 294
287 293
288 292
289 291
290 290
291 289
292 288
293 287
294 286
295 285
295 284
296 283
297 282
298 281
299 280
300 279
301 278
302 277
303 276
304 275
304 274
305 273
306 272
307 271
307 270
308 269
309 268
310 267
310 266
311 265
312 264
313 263
313 262
314 261
315 260
316 259
316 258
317 257
318 256
318 255
319 254
320 253
320 252
321 251
322 250
322 249
323 248
324 247
324 246
325 245
325 244
326 243
327 242
327 241
328 240
329 239
329 238
330 237
331 236
331 235
332 234
332 233
333 232
333 231
334 230
335 229
335 228
336 227
336 226
337 225
337 224
338 223
338 222
339 221
339 220
339 219
340 218
340 217
341 216
341 215
342 214
342 213
342 212
343 211
343 210
344 209
344 208
344 207
345 206
345 205
346 204
346 203
346 202
347 201
347 200
347 199
348 198
348 197
348 196
349 195
349 194
349 193
350 192
350 191
350 190
351 189
351 188
351 187
351 186
352 185
352 184
352 183
352 182
353 181
353 180
353 179
353 178
354 177
354 176
354 175
354 174
355 173
355 172
355 171
355 170
355 169
355 168
356 167
356 166
356 165
356 164
356 163
356 162
357 161
357 160
357 159
357 158
357 157
357 156
357 155
358 154
358 153
358 152
358 151
358 150
358 149
358 148
358 147
358 146
358 145
358 144
358 143
358 142
358 141
358 140
358 139
358 138
358 137
358 136
358 135
358 134
358 133
358 132
358 131
358 130
358 129
358 128
358 127
358 126
358 125
358 124
358 123
358 122
358 121
358 120
358 119
358 118
358 117
358 116
358 115
358 114
358 113
358 112
358 111
358 110
357 109
357 108
357 107
357 106
357 105
357 104
357 103
356 102
356 101
356 100
356 99
356 98
355 97
355 96
355 95
355 94
355 93
354 92
354 91
354 90
354 89
353 88
353 87
353 86
353 85
352 84
352 83
352 82
352 81
351 80
351 79
351 78
350 77
350 76
349 75
349 74
349 73
348 72
348 71
348 70
347 69
347 68
346 67
346 66
345 65
345 64
345 63
344 62
344 61
343 60
343 59
342 58
342 57
341 56
340 55
340 54
339 53
338 52
338 51
337 50
336 49
335 48
335 47
334 46
333 45
332 44
331 43
330 42
329 41
328 40
327 39
326 38
325 37
324 36
323 35
322 34
321 33
320 32
319 31
318 31
317 30
316 29
315 28
314 27
313 26
312 26
311 25
310 24
309 24
308 23
307 23
306 22
305 21
304 21
303 20
302 20
301 19
300 18
299 18
298 17
297 17
296 16
295 16
294 15
293 15
292 15
291 14
290 14
289 13
288 13
287 13
286 12
285 12
284 12
283 11
282 11
281 11
280 11
279 11
278 10
277 10
276 10
275 10
274 10
273 10
272 10
271 9
270 9
269 9
268 9
267 9
266 10
265 10
264 10
263 10
262 10
261 10
260 10
259 11
258 11
257 11
256 11
255 12
254 12
253 13
252 13
251 13
250 14
249 14
248 15
247 16
246 16
245 17
244 18
243 19
242 19
241 20
240 21
239 22
238 22
237 23
236 24
235 25
234 26
233 27
232 28
231 29
230 30
230 31
229 32
228 33
228 34
227 35
226 36
225 37
225 38
224 39
223 40
223 41
222 42
222 43
221 44
220 45
220 46
219 47
218 48
218 49
217 50
216 51
216 52
215 53
215 54
214 55
214 56
213 57
213 58
212 59
212 60
211 61
211 62
210 63
210 64
209 65
209 66
208 67
208 68
207 69
207 70
206 71
206 72
205 73
205 74
204 75
204 76
204 77
203 78
203 79
202 80
202 81
201 82
201 83
200 84
200 85
200 86
199 87
199 88
198 89
198 90
198 91
197 92
197 93
196 94
196 95
196 96
195 97
195 98
194 99
194 100
194 101
193 102
193 103
192 104
192 105
192 106
191 107
191 108
190 109
190 110
190 111
189 112
189 113
189 114
188 115
188 116
188 117
187 118
187 119
186 120
186 121
186 122
185 123
185 124
185 125
184 126
184 127
184 128
183 129
183 130
183 131
182 132
181 133
180 132
180 131
179 130
179 129
179 128
178 127
178 126
177 125
177 124
177 123
176 122
176 121
175 120
175 119
175 118
174 117
174 116
174 115
173 114
173 113
172 112
172 111
172 110
171 109
171 108
170 107
170 106
170 105
169 104
169 103
168 102
168 101
168 100
167 99
167 98
167 97
166 96
166 95
166 94
165 93
165 92
165 91
164 90
164 89
163 88
163 87
163 86
162 85
162 84
162 83
161 82
161 81
160 80
160 79
159 78
159 77
159 76
158 75
158 74
157 73
157 72
157 71
156 70
156 69
155 68
155 67
154 66
154 65
154 64
153 63
153 62
152 61
152 60
151 59
151 58
150 57
150 56
149 55
148 54
148 53
147 52
147 51
146 50
146 49
145 48
145 47
144 46
143 45
143 44
142 43
142 42
141 41
140 40
139 39
139 38
138 37
137 36
136 35
135 34
135 33
134 32
133 31
132 31
131 30
130 29
129 28
128 27
127 26
126 25
125 24
124 24
123 23
123 22
122 22
121 21
120 20
119 19
118 18
117 18
116 17
115 16
114 15
113 15
112 14
111 13
110 12
109 12
108 11
107 11
106 10
105 10
104 9
103 9
102 8
101 8
100 7
99 7
98 6
97 6
96 6
95 5
94 5
93 4
92 4
91 4
90 3
89 3
88 3
87 3
86 2
85 2
84 2
83 2
82 1
81 1
80 1
79 1
78 1
77 1
76 1
75 1
74 1
73 1
72 1
71 1
70 1
69 1
68 1
67 1
66 1
65 1
64 1
63 1
62 1
61 1
60 1
59 1
58 1
57 1
56 1
