100 1
99 2
98 2
97 3
96 3
95 4
94 4
93 5
92 6
91 6
90 7
89 8
88 8
87 9
87 10
86 11
85 11
84 12
83 13
82 14
81 15
80 16
79 17
78 18
77 19
77 20
76 21
75 22
74 23
73 24
72 25
71 26
70 27
69 28
69 29
68 30
67 31
67 32
66 33
65 34
64 35
63 36
62 37
62 38
61 39
60 40
60 41
59 42
58 42
58 43
57 44
56 45
55 46
55 47
54 48
53 49
53 50
52 51
51 52
50 53
50 54
49 55
48 56
47 57
47 58
46 59
45 60
44 61
44 62
43 63
42 64
41 65
41 66
40 67
39 68
38 69
38 70
37 71
36 72
36 73
35 74
34 75
33 76
33 77
32 78
31 79
31 80
30 81
30 82
29 83
28 84
28 85
27 86
26 87
26 88
25 89
24 90
24 91
23 92
23 93
22 94
21 95
21 96
20 97
20 98
19 99
19 100
18 101
17 102
17 103
16 104
16 105
16 106
15 107
14 108
14 109
13 110
13 111
13 112
12 113
12 114
11 115
11 116
10 117
10 118
9 119
9 120
9 121
8 122
8 123
7 124
7 125
7 126
6 127
6 128
6 129
5 130
5 131
5 132
4 133
4 134
4 135
3 136
3 137
3 138
3 139
2 140
2 141
2 142
2 143
2 144
1 145
1 146
1 147
1 148
1 149
1 150
1 151
1 152
1 153
1 154
1 155
1 156
1 157
1 158
1 159
1 160
1 161
1 162
1 163
1 164
1 165
1 166
1 167
1 168
1 169
1 170
1 171
1 172
1 173
2 174
2 175
2 176
2 177
3 178
3 179
3 180
4 181
4 182
4 183
5 184
5 185
6 186
6 187
6 188
7 189
7 190
8 191
9 192
9 193
10 194
10 195
11 196
12 197
12 198
13 199
14 200
15 201
16 202
16 203
17 204
18 205
19 206
20 207
21 208
22 209
23 210
24 211
25 212
26 213
27 214
28 215
29 216
30 217
31 218
32 219
33 220
34 221
35 222
36 223
37 224
38 225
39 226
40 227
41 227
42 228
42 229
43 229
44 230
45 231
46 232
46 233
47 233
48 234
49 235
50 236
51 237
52 238
53 239
54 240
55 240
56 241
56 242
57 242
58 243
59 244
60 245
61 246
62 247
63 248
64 249
65 250
66 250
67 251
68 252
69 253
70 254
71 255
72 256
73 256
74 257
75 258
76 259
77 260
78 261
79 261
80 262
81 263
82 264
83 265
84 266
85 266
86 267
87 268
88 269
89 270
90 271
91 271
92 272
93 273
94 274
95 275
96 275
97 276
98 277
99 278
100 278
101 279
102 280
103 281
104 282
105 282
106 283
107 284
108 285
109 286
110 286
111 287
112 288
113 289
114 290
115 290
116 291
117 292
118 293
119 293
120 294
121 295
122 296
123 297
124 297
125 298
126 299
127 300
128 301
129 301
130 302
131 303
132 304
133 304
134 305
135 306
136 307
137 308
138 308
139 309
140 310
141 311
142 312
143 312
144 313
145 314
146 315
147 315
148 316
149 317
150 318
151 319
152 320
153 320
154 321
155 322
156 323
157 324
158 324
159 325
160 326
161 327
162 328
163 329
164 329
165 330
166 331
167 332
168 333
169 334
170 335
171 335
172 336
173 337
174 338
175 339
176 340
177 341
178 342
179 343
180 343
181 344
182 345
183 346
184 347
185 348
186 349
187 350
188 351
189 352
190 353
191 354
192 355
193 356
194 357
195 358
196 358
197 359
198 360
198 361
199 361
200 362
201 363
202 364
203 365
204 366
205 367
206 368
207 369
208 370
209 371
210 372
211 373
212 374
212 375
213 376
214 376
215 377
215 378
216 378
217 378
218 377
219 376
220 376
221 375
222 374
223 373
224 373
225 372
226 371
227 370
228 370
229 369
230 368
231 367
232 367
233 366
234 365
235 365
236 364
237 363
238 362
239 361
240 361
241 360
242 360
243 359
244 358
245 357
246 357
247 356
248 355
249 355
250 354
251 353
252 353
253 352
254 351
255 351
256 350
257 349
258 349
259 348
260 347
261 347
262 346
263 346
264 345
265 344
266 344
267 343
268 343
269 342
270 341
271 341
272 340
273 340
274 339
275 339
276 338
277 337
278 337
279 336
280 335
281 335
282 334
283 334
284 333
285 332
286 332
287 331
288 331
289 330
290 330
291 329
292 328
293 328
294 327
295 327
296 326
297 326
298 325
299 324
300 324
301 323
302 323
303 322
304 321
305 321
306 320
307 320
308 319
309 318
310 318
311 317
312 316
313 316
314 315
315 315
316 314
317 313
318 313
319 312
320 312
321 311
322 310
323 310
324 309
325 308
326 308
327 307
328 306
329 306
330 305
331 304
332 304
333 303
334 302
335 302
336 301
337 300
338 300
339 299
340 298
341 297
342 297
343 296
344 296
345 295
346 294
347 293
348 293
349 292
350 291
351 290
352 289
353 289
354 288
355 287
356 287
356 286
357 285
358 285
359 284
360 283
361 282
362 282
363 281
364 280
365 279
366 278
367 277
368 276
369 275
370 275
371 274
372 273
373 272
374 271
375 270
376 269
377 268
378 267
379 266
380 265
381 264
382 263
383 262
384 261
385 260
386 259
387 258
388 257
388 256
389 255
390 254
391 253
392 252
393 251
394 250
395 249
396 248
396 247
397 246
398 245
399 244
400 243
400 242
401 241
402 240
403 239
404 238
404 237
405 236
406 235
407 234
407 233
408 232
409 231
409 230
410 229
411 228
411 227
412 226
413 225
413 224
414 223
414 222
415 221
415 220
415 219
416 218
416 217
417 216
417 215
417 214
418 213
418 212
418 211
419 210
419 209
419 208
419 207
420 206
420 205
420 204
420 203
420 202
421 201
421 200
421 199
421 198
421 197
421 196
421 195
421 194
421 193
421 192
421 191
421 190
421 189
421 188
421 187
421 186
421 185
421 184
421 183
421 182
421 181
421 180
421 179
421 178
421 177
421 176
421 175
421 174
421 173
421 172
421 171
420 170
420 169
420 168
420 167
420 166
420 165
419 164
419 163
419 162
419 161
418 160
418 159
418 158
418 157
417 156
417 155
417 154
417 153
416 152
416 151
416 150
415 149
415 148
415 147
414 146
414 145
414 144
413 143
413 142
413 141
412 140
412 139
412 138
411 137
411 136
410 135
410 134
410 133
409 132
409 131
408 130
408 129
407 128
407 127
406 126
406 125
406 124
405 123
405 122
404 121
404 120
403 119
403 118
402 117
402 116
401 115
401 114
400 113
400 112
399 111
399 110
398 109
398 108
397 107
397 106
396 105
396 104
395 103
394 102
394 101
393 100
393 99
392 98
391 97
391 96
390 95
390 94
389 93
389 92
388 91
388 90
387 89
386 88
386 87
385 86
385 85
384 84
383 83
383 82
382 81
381 80
381 79
380 78
379 77
378 76
378 75
377 74
376 73
376 72
375 71
374 70
374 69
373 68
372 67
372 66
371 65
370 64
370 63
369 62
368 61
368 60
367 59
366 58
366 57
365 56
365 55
364 54
364 53
363 52
362 51
362 50
361 49
360 48
360 47
359 46
358 45
358 44
357 43
357 42
356 41
355 40
355 39
354 38
353 37
353 36
352 35
351 34
350 33
350 32
349 31
348 30
347 29
347 28
346 27
345 26
344 25
343 24
343 23
342 22
341 22
340 21
340 20
339 20
338 19
337 18
336 17
335 16
334 15
333 15
332 14
331 13
330 13
329 12
328 12
327 11
326 11
325 10
324 10
323 9
322 9
321 9
320 9
319 9
318 9
317 8
316 8
315 8
314 8
313 8
312 9
311 9
310 9
309 9
308 9
307 9
306 10
305 10
304 11
303 11
302 11
301 12
300 12
299 13
298 14
297 14
296 15
295 15
294 16
293 16
292 17
291 17
290 18
289 19
288 20
287 20
286 21
285 22
284 22
283 23
282 24
281 25
280 26
279 27
278 28
277 29
276 30
275 31
274 32
273 33
272 34
271 35
271 36
270 37
269 38
268 39
267 40
266 41
266 42
265 43
264 44
263 45
262 46
261 47
261 48
260 49
259 50
259 51
258 52
257 53
257 54
256 55
255 56
255 57
254 58
253 59
253 60
252 61
251 62
251 63
250 64
249 65
249 66
248 67
248 68
247 69
246 70
246 71
245 72
245 73
244 74
243 75
243 76
242 77
242 78
241 79
241 80
240 81
239 82
239 83
238 84
238 85
237 86
237 87
236 88
236 89
235 90
235 91
234 92
234 93
233 94
233 95
232 96
232 97
231 98
231 99
230 100
230 101
229 102
229 103
228 104
228 105
227 106
227 107
226 108
226 109
225 110
225 111
224 112
224 113
224 114
223 115
223 116
222 117
222 118
221 119
221 120
220 121
220 122
220 123
219 124
219 125
218 126
218 127
217 128
217 129
216 130
215 129
214 128
214 127
213 126
213 125
212 124
212 123
211 122
211 121
210 120
209 119
209 118
208 117
208 116
207 115
207 114
206 113
206 112
206 111
205 110
205 109
204 108
204 107
203 106
203 105
202 104
202 103
201 102
201 101
200 100
200 99
199 98
199 97
198 96
198 95
197 94
197 93
196 92
196 91
196 90
195 89
195 88
194 87
194 86
193 85
193 84
192 83
191 82
191 81
191 80
190 79
189 78
189 77
188 76
188 75
188 74
187 73
187 72
186 71
185 70
185 69
184 68
184 67
183 66
183 65
182 64
182 63
181 62
180 61
180 60
179 59
179 58
178 57
177 56
177 55
176 54
175 53
175 52
174 51
173 50
173 49
172 48
171 47
170 46
170 45
169 44
168 43
167 42
167 41
166 40
165 39
164 38
163 37
163 36
162 36
161 35
160 34
159 33
158 32
157 31
156 30
155 29
154 28
153 28
152 27
151 26
150 25
149 24
148 24
147 23
146 23
145 22
144 21
143 21
142 20
141 19
140 18
139 17
138 16
137 16
136 15
135 14
134 13
133 13
132 12
131 11
130 11
129 10
128 9
127 9
126 8
125 7
124 6
123 6
122 5
121 5
120 4
119 4
118 3
117 3
116 2
115 2
114 1
113 1
112 1
111 1
110 1
109 1
108 1
107 1
106 1
105 1
104 1
103 1
102 1
101 1
