35 1
34 2
34 3
34 4
33 5
32 6
32 7
31 8
31 9
30 10
30 11
29 12
28 13
28 14
27 15
27 16
26 17
26 18
25 19
25 20
24 21
24 22
23 23
23 24
22 25
21 26
21 27
21 28
20 29
20 30
19 31
19 32
18 33
18 34
17 35
17 36
16 37
16 38
15 39
15 40
15 41
14 42
14 43
13 44
13 45
13 46
12 47
12 48
12 49
12 50
12 51
12 52
11 53
11 54
10 55
10 56
10 57
10 58
9 59
9 60
9 61
9 62
9 63
9 64
9 65
9 66
8 67
8 68
8 69
8 70
8 71
8 72
8 73
8 74
8 75
8 76
8 77
8 78
8 79
8 80
9 81
9 82
9 83
9 84
9 85
9 86
9 87
9 88
9 89
9 90
9 91
10 92
10 93
10 94
10 95
10 96
11 97
11 98
11 99
11 100
11 101
12 102
12 103
12 104
12 105
12 106
13 107
14 108
14 109
14 110
14 111
14 112
15 113
16 114
16 115
16 116
17 117
17 118
18 119
18 120
19 121
20 122
20 123
21 124
22 125
22 126
23 127
24 128
24 129
25 130
26 131
27 132
27 133
28 134
29 135
30 136
30 137
31 137
32 138
32 139
33 140
34 141
35 141
36 142
37 143
38 144
39 145
40 146
41 147
42 147
43 148
44 149
45 149
46 149
47 150
48 151
49 151
50 152
51 152
52 153
53 153
54 154
55 154
56 155
57 155
58 155
59 156
60 156
61 157
62 157
63 157
64 157
65 158
66 158
67 158
68 158
69 157
70 157
71 157
72 157
73 157
74 156
75 156
76 156
77 156
78 155
79 155
80 156
81 156
82 156
83 156
84 155
85 155
86 155
87 155
88 155
89 155
90 156
91 156
92 156
93 156
94 156
95 156
96 156
97 156
98 157
99 157
100 157
101 157
102 157
103 157
104 157
105 157
106 157
107 156
108 156
109 156
110 155
111 155
112 155
113 155
114 155
115 154
116 154
117 153
118 152
119 152
120 151
121 151
122 150
123 149
124 149
125 148
126 148
126 147
127 146
128 146
129 145
130 144
131 143
132 142
133 142
133 141
134 140
135 139
136 139
136 138
137 137
138 136
138 135
139 134
140 133
141 132
141 131
142 130
143 129
143 128
143 127
144 126
145 125
145 124
146 123
146 122
146 121
147 120
148 119
148 118
149 117
149 116
149 115
150 114
150 113
151 112
151 111
152 110
152 109
152 108
152 107
153 106
153 105
153 104
153 103
154 102
154 101
154 100
154 99
154 98
155 97
155 96
155 95
155 94
156 93
156 92
156 91
156 90
156 89
156 88
157 87
157 86
157 85
157 84
157 83
157 82
157 81
157 80
157 79
157 78
157 77
157 76
157 75
157 74
157 73
157 72
157 71
157 70
157 69
157 68
157 67
157 66
157 65
157 64
157 63
157 62
157 61
157 60
157 59
157 58
156 57
156 56
156 55
156 54
156 53
156 52
156 51
155 50
155 49
155 48
154 47
154 46
154 45
154 44
154 43
153 42
153 41
153 40
152 39
152 38
152 37
151 36
151 35
150 34
150 33
150 32
149 31
149 30
148 29
148 28
148 27
147 26
147 25
146 24
146 23
145 22
145 21
144 20
144 19
143 18
143 17
143 16
142 15
141 14
141 13
140 12
140 11
139 10
139 9
138 8
137 7
137 6
136 5
136 4
135 3
134 2
134 1
133 1
132 1
131 1
130 1
129 1
128 1
127 1
126 1
125 1
124 1
123 1
122 1
121 1
120 1
119 1
118 1
117 1
116 2
116 3
116 4
116 5
116 6
116 7
116 8
116 9
117 10
117 11
117 12
118 13
118 14
119 15
119 16
119 17
120 18
120 19
120 20
121 21
121 22
122 23
122 24
122 25
123 26
123 27
124 28
124 29
125 30
125 31
125 32
126 33
126 34
126 35
127 36
127 37
127 38
128 39
128 40
128 41
129 42
129 43
129 44
129 45
130 46
130 47
130 48
130 49
130 50
130 51
130 52
130 53
131 54
131 55
131 56
131 57
131 58
131 59
131 60
131 61
131 62
131 63
131 64
131 65
131 66
131 67
131 68
131 69
131 70
131 71
131 72
131 73
131 74
131 75
131 76
131 77
130 78
130 79
130 80
130 81
130 82
130 83
130 84
129 85
129 86
129 87
129 88
128 89
128 90
128 91
128 92
127 93
127 94
126 95
126 96
126 97
126 98
125 99
125 100
124 101
124 102
123 103
123 104
123 105
122 106
121 107
121 108
120 109
119 110
119 111
118 112
118 113
117 114
116 115
115 116
115 117
114 118
113 119
112 120
111 121
110 122
109 123
108 124
107 125
106 125
105 126
104 127
103 128
102 128
101 128
100 129
99 129
98 130
97 130
96 131
95 131
94 131
93 132
92 132
91 132
90 132
89 133
88 133
87 133
86 133
85 133
84 133
83 133
82 132
81 132
80 132
79 132
78 132
77 132
76 131
75 131
74 131
73 131
72 131
71 130
70 130
69 129
68 129
67 129
66 128
65 128
64 127
63 127
62 126
61 126
60 125
59 124
58 123
57 123
56 122
55 121
54 120
53 119
52 118
51 117
50 116
49 116
48 115
48 114
47 113
47 112
46 111
45 110
45 109
44 108
44 107
43 106
43 105
42 104
42 103
41 102
41 101
40 100
40 99
40 98
39 97
39 96
39 95
39 94
38 93
38 92
38 91
38 90
37 89
37 88
37 87
37 86
37 85
36 84
36 83
36 82
36 81
36 80
36 79
36 78
36 77
36 76
36 75
36 74
36 73
36 72
36 71
36 70
36 69
37 68
37 67
37 66
37 65
37 64
37 63
37 62
37 61
37 60
37 59
38 58
38 57
38 56
38 55
38 54
38 53
39 52
39 51
39 50
39 49
39 48
39 47
39 46
39 45
39 44
40 43
40 42
40 41
40 40
40 39
41 38
41 37
41 36
41 35
42 34
42 33
42 32
43 31
43 30
43 29
43 28
44 27
44 26
44 25
44 24
45 23
45 22
45 21
45 20
45 19
46 18
46 17
47 16
47 15
47 14
47 13
48 12
48 11
48 10
48 9
48 8
49 7
49 6
49 5
49 4
49 3
49 2
48 1
47 1
46 1
45 1
44 1
43 1
42 1
41 1
40 1
39 1
38 1
37 1
36 1
