327 1
327 2
326 3
325 4
324 4
323 5
322 4
321 4
320 4
319 4
318 4
317 4
316 4
315 4
314 4
313 4
312 4
312 5
312 6
312 7
312 8
312 9
313 10
313 11
312 12
311 12
310 12
309 13
308 13
307 12
306 12
305 12
304 12
303 12
302 12
301 13
300 13
299 14
298 14
297 15
296 15
295 16
294 17
293 17
292 18
291 18
290 19
289 19
288 19
287 19
286 19
285 20
284 20
283 20
282 20
281 20
280 20
279 20
278 20
277 20
277 21
277 22
277 23
277 24
277 25
277 26
276 27
276 28
275 29
274 29
273 29
272 29
271 29
270 29
269 30
268 30
267 30
266 30
265 30
264 30
263 31
262 31
262 32
262 33
262 34
263 34
264 34
265 35
265 36
264 37
263 37
262 37
261 37
260 37
259 38
258 38
257 39
256 39
255 40
254 40
253 40
252 41
251 41
250 41
249 41
249 42
249 43
249 44
250 44
251 45
252 46
251 47
250 47
249 47
248 47
247 47
246 47
246 48
246 49
246 50
245 51
244 51
244 52
243 53
242 53
241 54
240 54
239 55
238 55
237 55
236 55
235 56
234 56
233 56
232 57
231 57
230 57
229 57
228 57
227 58
226 58
225 58
224 58
223 58
222 59
221 59
220 59
219 59
218 59
217 59
216 59
215 59
214 59
213 59
212 59
211 59
210 59
209 59
208 59
207 59
206 59
205 59
204 59
203 59
202 59
201 58
200 58
199 58
198 58
197 58
196 58
195 57
194 57
193 57
192 56
191 56
190 56
189 56
188 55
187 55
186 55
185 55
184 55
183 55
182 55
181 55
180 55
179 55
178 55
177 55
176 55
175 55
174 55
173 55
172 55
171 55
170 56
169 56
168 56
167 56
166 56
165 56
164 57
163 57
162 57
161 58
160 58
159 58
158 59
157 59
156 59
155 59
154 60
153 60
152 61
151 61
150 61
149 62
148 62
147 62
146 63
145 63
144 64
143 64
142 65
141 65
140 65
139 66
138 66
137 67
136 67
135 68
134 68
133 68
132 68
131 69
130 69
129 69
128 69
127 69
126 69
125 70
124 70
123 70
122 70
121 70
120 71
119 71
118 71
117 72
116 72
115 73
114 73
113 73
112 73
111 73
110 74
109 74
108 75
107 75
106 75
105 76
104 76
103 77
102 77
101 77
100 78
99 79
98 79
97 79
96 80
95 80
94 81
93 81
92 81
91 82
90 82
89 83
88 83
87 83
86 84
85 84
84 84
83 84
82 85
81 85
80 85
79 85
78 86
77 86
76 86
75 87
74 87
73 87
72 87
71 88
70 88
69 88
68 89
67 89
66 89
65 90
64 90
63 91
62 91
61 91
60 92
59 92
58 92
57 92
56 92
55 93
54 93
53 93
52 93
51 93
50 94
49 94
48 94
47 95
46 95
45 95
44 95
43 95
42 96
41 96
40 96
39 96
38 96
37 96
36 97
35 97
34 97
33 97
32 97
31 97
30 97
29 98
28 98
27 98
26 98
25 98
24 99
23 100
22 100
21 101
20 101
19 101
18 102
17 103
16 103
15 103
14 103
13 104
12 104
11 104
10 105
9 105
8 105
7 105
7 106
6 107
5 107
5 108
4 109
3 109
2 110
1 110
1 111
1 112
1 113
1 114
1 115
2 116
2 117
3 117
4 117
5 117
6 117
7 117
8 117
9 117
10 117
11 117
12 117
13 117
14 117
15 117
16 117
17 117
18 117
19 116
20 116
21 116
22 116
23 116
24 117
25 117
26 117
27 118
28 118
29 118
30 118
30 117
31 116
32 116
33 116
34 116
35 116
36 116
37 116
38 116
39 116
40 115
41 115
42 114
43 114
44 114
45 114
46 114
47 114
48 113
49 113
50 113
51 113
52 113
53 113
54 113
54 112
55 111
56 111
57 111
58 111
59 111
60 111
61 110
62 110
63 109
64 109
65 109
66 109
67 108
68 108
69 108
70 108
71 109
72 109
73 109
74 109
75 109
76 108
77 108
78 108
79 108
80 107
81 107
82 106
83 106
84 106
85 105
86 105
87 105
88 104
89 104
90 103
91 103
92 103
93 102
94 102
95 102
96 102
97 102
98 101
99 101
100 100
101 99
102 99
103 99
104 98
105 98
106 97
107 97
108 96
109 95
110 95
111 95
112 94
113 93
114 93
115 94
115 95
114 96
113 97
113 98
113 99
112 100
112 101
111 102
111 103
111 104
110 105
110 106
110 107
110 108
109 109
109 110
108 111
108 112
108 113
107 114
107 115
107 116
106 117
106 118
105 119
105 120
105 121
104 122
104 123
104 124
103 125
103 126
102 127
102 128
102 129
101 130
100 131
100 132
99 133
98 134
97 134
96 134
95 135
94 135
93 135
92 135
91 136
90 136
89 136
88 136
87 136
86 136
85 136
84 136
83 136
82 136
81 136
80 136
79 137
79 138
78 139
77 140
77 141
76 142
75 143
74 144
74 145
74 146
73 147
72 148
71 149
70 150
70 151
70 152
69 153
68 154
68 155
67 156
66 157
66 158
65 159
64 160
63 161
63 162
62 163
61 164
60 164
60 165
59 166
58 167
57 168
56 169
55 170
54 171
53 171
53 172
52 173
52 174
51 175
50 176
49 176
48 176
47 176
46 176
45 176
44 177
43 177
42 178
41 179
41 180
40 181
39 182
39 183
38 184
37 185
37 186
37 187
36 188
36 189
36 190
36 191
36 192
36 193
36 194
37 194
38 194
39 194
40 194
41 194
42 194
43 194
44 194
45 194
46 194
47 193
48 193
49 192
50 191
51 190
52 190
53 189
54 188
55 188
55 187
56 186
57 186
57 185
58 184
59 184
60 183
61 182
62 182
63 181
64 180
65 179
66 178
66 177
67 176
67 175
68 174
69 173
69 172
70 171
71 170
72 169
72 168
73 167
74 166
75 165
75 164
76 163
77 163
78 162
79 161
80 160
81 159
82 159
83 158
84 158
85 157
86 156
87 156
88 155
89 155
90 155
91 155
92 155
93 155
94 155
95 155
96 155
97 155
98 155
99 155
100 155
101 155
102 155
103 155
104 155
105 155
106 155
107 155
108 155
109 155
110 154
111 154
112 154
113 154
114 154
115 154
116 153
117 153
118 153
119 152
120 152
121 152
122 151
123 151
124 151
125 151
126 151
127 151
128 151
129 151
130 150
131 150
132 149
133 149
134 148
135 147
136 146
137 146
138 145
139 144
140 143
141 142
142 141
143 140
143 139
144 138
145 138
146 137
147 136
148 135
148 134
149 133
150 133
150 132
151 131
152 130
153 129
154 129
155 128
156 127
157 126
158 125
159 124
160 124
161 123
162 122
163 122
164 122
165 122
166 123
167 124
168 125
169 126
170 127
171 128
172 128
173 129
174 130
175 131
176 132
177 133
177 134
177 135
177 136
176 137
176 138
176 139
176 140
176 141
176 142
176 143
176 144
176 145
176 146
176 147
176 148
176 149
176 150
176 151
176 152
176 153
176 154
176 155
176 156
177 157
177 158
178 158
179 158
180 158
181 158
182 158
183 158
184 158
185 158
186 158
187 158
188 158
189 158
190 158
191 158
192 158
193 158
194 158
195 158
196 158
197 158
198 158
199 158
200 158
201 158
202 158
203 158
204 158
205 158
206 158
207 158
208 158
209 158
210 158
211 158
212 158
213 158
214 158
215 159
216 159
217 159
218 160
219 160
220 160
221 160
222 160
223 161
224 162
225 163
225 164
225 165
225 166
226 167
227 168
228 169
229 170
230 171
231 172
232 172
233 172
234 173
235 173
236 173
237 173
238 173
239 173
240 173
241 173
242 172
243 172
244 171
244 170
244 169
244 168
244 167
243 166
242 165
241 164
241 163
240 162
239 161
238 160
238 159
237 158
236 157
235 157
234 156
233 155
232 154
231 153
230 152
229 151
228 150
227 149
226 148
225 148
224 147
223 147
222 147
221 147
220 147
219 147
218 147
217 147
216 147
215 147
214 148
213 148
212 148
211 148
210 148
209 148
208 148
207 148
206 148
205 147
204 147
203 147
202 147
201 147
200 147
199 147
198 146
197 145
197 144
198 143
198 142
199 141
199 140
200 139
201 138
202 137
202 136
202 135
203 134
203 133
204 132
205 132
206 132
207 132
208 133
209 133
210 133
211 133
212 133
213 133
214 134
215 134
216 134
217 134
218 134
219 134
220 134
221 134
222 134
223 134
224 134
225 134
226 134
227 134
228 135
229 135
230 135
231 135
232 135
233 135
234 135
235 135
236 135
237 135
238 135
239 135
240 135
241 135
242 135
243 135
244 135
245 135
246 136
247 136
248 136
249 136
250 136
251 136
252 136
253 136
254 136
255 136
256 136
257 136
258 136
259 136
260 136
261 136
262 136
263 136
264 137
265 137
266 138
267 139
268 139
269 140
270 140
271 141
272 142
273 142
274 143
275 143
276 144
277 144
278 144
279 144
280 144
281 144
282 144
283 145
284 146
284 147
285 148
286 149
287 150
288 151
289 152
289 153
288 154
288 155
287 156
286 156
285 157
284 157
283 158
282 158
281 159
280 160
279 160
278 160
277 160
276 160
275 160
274 160
273 160
272 160
271 160
270 160
269 159
269 158
269 157
269 156
269 155
268 154
267 153
266 153
265 152
264 152
263 152
262 151
261 151
260 151
259 151
258 151
257 151
256 151
255 151
254 151
253 151
252 151
251 151
250 152
250 153
250 154
250 155
250 156
251 156
252 157
252 158
252 159
253 160
254 161
255 162
255 163
256 164
257 165
258 165
259 166
260 166
261 167
262 168
263 168
264 169
265 170
266 170
267 171
268 172
269 172
270 173
271 173
272 173
273 173
274 173
275 173
276 173
277 173
278 172
279 172
280 171
281 171
282 170
283 170
284 169
285 169
286 168
287 168
288 167
289 167
290 166
291 166
292 165
293 165
294 165
295 164
296 164
297 163
298 163
299 162
300 162
301 162
302 161
303 161
303 160
304 159
304 158
305 157
306 156
306 155
306 154
307 153
307 152
307 151
307 150
307 149
307 148
307 147
307 146
307 145
306 144
306 143
305 142
304 141
305 140
306 140
307 140
308 139
309 139
310 139
311 139
312 139
313 138
314 138
315 138
316 138
317 137
318 137
319 137
320 137
321 137
322 137
323 136
324 136
325 136
326 136
327 136
328 136
329 136
330 136
331 136
332 136
333 136
334 136
335 137
336 137
337 137
338 138
339 138
340 139
341 139
342 140
343 141
344 142
345 142
346 143
347 144
348 144
349 145
349 146
350 146
351 147
352 148
353 149
354 150
355 151
355 152
356 152
357 153
357 154
358 154
359 155
360 155
361 156
362 156
363 156
364 157
364 158
365 159
365 160
365 161
365 162
366 162
367 163
367 164
368 164
369 164
370 165
371 166
372 166
373 166
374 166
375 167
376 167
377 167
378 167
379 167
380 167
381 167
382 167
383 166
384 166
385 165
385 164
385 163
385 162
385 161
384 160
383 159
382 158
381 157
381 156
380 155
379 154
378 153
377 153
376 152
375 151
374 151
373 150
372 150
371 149
370 148
369 147
368 146
367 145
366 144
366 143
365 142
364 142
363 141
363 140
362 140
361 139
360 139
359 138
358 138
357 137
356 136
355 135
354 135
353 134
352 133
351 132
350 132
349 131
348 130
347 129
346 129
345 128
345 127
344 127
343 126
343 125
342 125
341 124
340 123
339 123
338 122
337 121
336 121
335 120
334 120
333 120
332 119
331 119
330 119
329 119
328 120
327 120
326 120
325 120
324 120
323 120
322 120
321 120
320 120
319 120
318 120
317 120
316 121
315 121
314 121
313 121
312 121
311 120
311 119
311 118
311 117
311 116
311 115
312 114
312 113
312 112
312 111
313 110
313 109
313 108
313 107
314 106
314 105
314 104
314 103
314 102
314 101
314 100
314 99
314 98
314 97
314 96
314 95
314 94
313 93
313 92
312 91
313 90
313 89
314 88
314 87
314 86
315 85
315 84
315 83
315 82
315 81
316 80
317 79
317 78
317 77
317 76
318 75
318 74
318 73
319 72
319 71
319 70
320 69
320 68
321 67
321 66
321 65
321 64
322 63
322 62
322 61
323 60
323 59
323 58
324 57
324 56
325 55
325 54
325 53
326 52
326 51
326 50
327 49
328 48
328 47
328 46
329 45
329 44
330 43
331 42
331 41
332 40
333 40
334 41
335 41
336 41
337 42
338 42
339 42
340 42
341 42
342 42
343 42
344 42
345 42
346 42
347 42
348 42
349 42
350 41
351 41
352 41
353 41
354 41
355 41
356 42
357 42
358 42
359 42
360 42
361 42
362 42
363 42
364 42
365 42
366 42
367 42
368 42
369 42
370 43
370 44
371 44
372 45
373 45
374 45
375 45
376 45
377 45
378 46
379 46
380 46
381 46
382 46
383 45
384 45
384 44
384 43
384 42
384 41
384 40
384 39
385 38
386 38
387 37
388 37
388 36
388 35
388 34
388 33
388 32
388 31
388 30
388 29
388 28
388 27
388 26
388 25
388 24
388 23
387 22
387 21
386 21
385 21
384 21
383 21
382 21
381 21
380 20
379 20
378 20
377 19
376 19
375 18
374 18
373 18
372 18
371 18
370 17
369 17
368 16
367 16
366 16
365 15
364 14
363 14
362 13
361 12
360 11
360 10
360 9
359 9
358 8
357 8
356 7
355 7
354 6
353 6
352 6
351 6
350 6
349 6
348 6
347 5
346 5
345 5
344 5
343 4
342 4
341 4
340 4
339 3
338 3
337 3
336 3
335 2
334 2
333 1
332 1
331 1
330 1
329 1
328 1
