89 1
89 2
89 3
89 4
89 5
89 6
89 7
89 8
90 8
91 9
91 10
91 11
91 12
91 13
91 14
90 15
89 14
89 13
89 12
88 11
88 10
87 9
87 8
87 7
86 6
86 5
86 4
85 3
84 3
83 3
82 3
81 4
81 5
80 6
79 7
79 8
79 9
79 10
79 11
79 12
79 13
79 14
80 14
81 15
81 16
81 17
81 18
81 19
81 20
82 21
82 22
82 23
81 24
80 24
79 25
78 25
77 26
76 26
75 27
74 27
73 28
72 28
71 29
70 29
69 30
68 30
67 31
66 32
65 32
64 33
63 34
62 34
61 35
60 36
59 37
58 38
57 38
56 39
55 40
54 41
53 41
53 42
52 43
51 43
51 44
51 45
51 46
51 47
50 48
50 49
49 50
48 51
47 52
47 53
46 54
45 54
44 55
44 56
43 57
42 57
41 57
41 58
40 59
39 59
38 59
38 60
37 61
36 61
35 62
34 63
33 63
32 64
31 65
30 65
29 66
28 66
27 67
26 67
25 68
24 68
23 69
22 70
21 71
20 71
19 71
19 72
18 73
17 73
16 74
15 74
14 74
13 74
12 75
11 76
10 76
9 77
8 78
7 79
6 79
6 80
5 81
4 82
4 83
3 84
3 85
3 86
3 87
3 88
2 89
2 90
1 91
1 92
1 93
1 94
1 95
1 96
1 97
2 98
2 99
2 100
3 101
3 102
3 103
3 104
3 105
3 106
3 107
4 107
5 108
6 108
7 109
8 109
9 109
10 110
11 110
12 110
13 111
14 112
15 113
16 113
17 113
18 113
19 113
20 113
21 113
22 114
23 114
24 114
25 114
26 114
27 114
28 114
29 113
30 113
31 112
32 112
33 111
34 110
35 110
36 110
37 110
38 110
39 110
39 109
39 108
40 107
41 107
42 107
43 107
44 106
45 106
46 106
47 105
48 105
49 105
50 105
51 105
52 105
53 104
54 104
55 103
56 103
57 103
58 102
59 102
60 101
61 101
62 101
63 100
64 100
65 100
66 100
67 99
68 99
69 99
70 100
71 100
72 100
73 100
74 100
75 100
76 100
77 100
78 101
79 101
80 101
81 101
82 100
83 100
84 100
85 100
86 100
87 100
88 99
89 99
90 99
91 99
92 98
93 98
94 98
95 97
96 97
97 97
98 96
99 96
100 96
101 96
102 95
103 96
104 97
105 97
106 98
106 99
107 99
108 100
109 101
110 102
111 103
111 104
112 104
113 105
113 106
114 107
114 108
115 109
115 110
116 111
116 112
117 113
117 114
118 115
118 116
119 117
120 117
121 118
122 119
122 120
122 121
123 122
123 123
123 124
124 125
124 126
125 127
125 128
125 129
125 130
126 131
126 132
126 133
127 134
127 135
128 136
129 137
129 138
129 139
129 140
130 141
131 142
131 143
131 144
132 145
132 146
132 147
132 148
133 149
133 150
134 151
134 152
134 153
134 154
135 155
135 156
135 157
136 158
137 159
137 160
138 161
138 162
138 163
138 164
138 165
138 166
139 167
139 168
140 169
141 170
141 171
141 172
142 173
142 174
142 175
142 176
143 177
143 178
143 179
143 180
144 181
144 182
144 183
144 184
145 185
145 186
146 187
146 188
146 189
146 190
147 191
147 192
147 193
147 194
147 195
147 196
148 197
148 198
149 199
149 200
149 201
150 202
150 203
150 204
150 205
150 206
150 207
150 208
150 209
150 210
150 211
150 212
150 213
150 214
150 215
150 216
150 217
150 218
150 219
150 220
150 221
150 222
150 223
150 224
150 225
150 226
150 227
150 228
150 229
150 230
150 231
150 232
150 233
150 234
150 235
150 236
150 237
150 238
150 239
150 240
150 241
150 242
150 243
150 244
150 245
150 246
150 247
150 248
150 249
150 250
150 251
150 252
150 253
150 254
150 255
151 256
151 257
151 258
151 259
151 260
152 261
152 262
152 263
153 264
153 265
154 266
154 267
155 268
155 269
155 270
156 271
157 272
157 273
158 274
158 275
159 276
159 277
159 278
160 279
160 280
161 281
161 282
161 283
162 284
162 285
162 286
162 287
163 288
163 289
164 290
164 291
165 292
166 293
166 294
167 295
167 296
167 297
168 298
169 299
169 300
169 301
170 302
171 303
171 304
171 305
172 306
173 307
174 308
174 309
174 310
175 311
175 312
176 313
177 314
177 315
178 316
178 317
179 318
179 319
179 320
180 321
181 322
181 323
181 324
182 325
182 326
183 327
184 328
185 329
185 330
185 331
186 332
186 333
186 334
186 335
187 336
187 337
187 338
188 339
188 340
188 341
188 342
189 343
189 344
189 345
190 346
190 347
190 348
190 349
191 350
191 351
191 352
192 353
192 354
192 355
192 356
193 357
193 358
193 359
194 360
194 361
194 362
195 363
195 364
195 365
195 366
196 367
196 368
197 369
197 370
198 371
198 372
198 373
198 374
199 375
199 376
199 377
200 378
200 379
200 380
200 381
201 382
201 383
201 384
201 385
202 386
202 387
202 388
202 389
202 390
203 391
203 392
203 393
203 394
204 395
204 396
204 397
204 398
204 399
204 400
204 401
205 402
205 403
205 404
206 405
206 406
206 407
206 408
206 409
206 410
206 411
207 412
207 413
208 414
208 415
208 416
208 417
208 418
209 419
209 420
209 421
209 422
209 423
210 424
210 425
210 426
210 427
211 428
211 429
211 430
212 431
213 432
213 433
213 434
213 435
214 436
214 437
214 438
215 439
215 440
215 441
216 442
216 443
216 444
216 445
217 446
217 447
218 448
218 449
218 450
218 451
218 452
219 453
219 454
219 455
219 456
219 457
220 458
219 459
219 460
219 461
219 462
220 463
220 464
220 465
220 466
220 467
220 468
220 469
220 470
220 471
220 472
220 473
220 474
220 475
220 476
220 477
220 478
220 479
220 480
220 481
220 482
220 483
220 484
220 485
220 486
220 487
220 488
220 489
220 490
219 491
219 492
219 493
219 494
219 495
218 496
218 497
218 498
218 499
218 500
218 501
217 502
217 503
216 504
216 505
215 506
215 507
215 508
214 509
214 510
214 511
213 512
212 512
212 513
211 514
210 515
209 515
208 516
207 517
206 517
205 518
204 519
204 520
203 521
202 522
201 523
200 524
199 525
199 526
198 527
197 528
197 529
197 530
196 531
195 532
195 533
195 534
195 535
195 536
195 537
196 538
197 538
198 538
199 538
200 538
201 539
202 539
203 539
204 539
205 539
206 539
207 539
208 539
209 539
210 539
211 539
212 539
213 539
214 539
215 539
216 538
217 538
218 538
219 538
220 538
221 537
222 537
223 537
224 536
225 535
226 535
227 534
228 533
229 532
229 531
230 530
230 529
230 528
230 527
230 526
230 525
229 524
228 523
228 522
227 521
227 520
227 519
227 518
228 517
229 517
230 517
231 517
232 517
233 517
234 517
235 517
236 517
237 517
237 516
237 515
237 514
238 513
238 512
238 511
238 510
238 509
239 508
239 507
239 506
239 505
239 504
238 503
238 502
238 501
238 500
238 499
237 498
237 497
236 496
236 495
236 494
236 493
235 492
235 491
235 490
235 489
235 488
235 487
235 486
235 485
235 484
235 483
235 482
235 481
235 480
235 479
235 478
235 477
235 476
235 475
235 474
235 473
235 472
235 471
235 470
235 469
235 468
235 467
235 466
234 465
234 464
235 463
235 462
235 461
235 460
234 459
234 458
234 457
234 456
234 455
234 454
234 453
234 452
234 451
234 450
234 449
234 448
234 447
234 446
234 445
234 444
234 443
234 442
234 441
234 440
233 439
233 438
233 437
233 436
234 435
234 434
234 433
234 432
234 431
234 430
234 429
234 428
234 427
235 426
235 425
235 424
235 423
235 422
235 421
236 420
236 419
236 418
236 417
235 416
235 415
235 414
235 413
235 412
235 411
235 410
235 409
235 408
234 407
234 406
234 405
234 404
234 403
234 402
234 401
234 400
234 399
234 398
234 397
234 396
234 395
234 394
234 393
234 392
234 391
234 390
234 389
234 388
234 387
234 386
234 385
234 384
234 383
234 382
234 381
234 380
234 379
234 378
234 377
234 376
234 375
234 374
234 373
234 372
234 371
234 370
234 369
234 368
235 367
235 366
235 365
235 364
236 363
237 364
237 365
237 366
237 367
238 368
238 369
238 370
238 371
239 372
239 373
239 374
239 375
240 376
240 377
240 378
240 379
241 380
241 381
241 382
241 383
242 384
242 385
242 386
242 387
242 388
243 389
243 390
243 391
243 392
243 393
243 394
243 395
243 396
244 397
244 398
244 399
244 400
245 401
245 402
245 403
245 404
245 405
245 406
245 407
245 408
245 409
246 410
246 411
246 412
247 413
247 414
247 415
248 416
248 417
248 418
249 419
249 420
249 421
250 422
250 423
251 424
251 425
252 426
252 427
252 428
253 429
253 430
253 431
254 432
254 433
254 434
254 435
255 436
255 437
255 438
255 439
256 440
256 441
256 442
256 443
257 444
257 445
257 446
257 447
257 448
257 449
257 450
258 451
258 452
258 453
258 454
258 455
259 456
259 457
259 458
259 459
259 460
259 461
259 462
259 463
260 464
260 465
260 466
260 467
259 468
259 469
259 470
259 471
260 472
260 473
260 474
260 475
259 476
259 477
259 478
259 479
259 480
259 481
259 482
258 483
258 484
258 485
258 486
258 487
258 488
258 489
258 490
258 491
258 492
258 493
257 494
257 495
257 496
256 497
256 498
256 499
256 500
255 501
255 502
254 503
254 504
253 505
252 506
251 507
251 508
250 509
250 510
250 511
249 512
248 512
248 513
247 514
246 515
245 516
244 517
243 517
242 518
241 519
241 520
240 521
240 522
240 523
240 524
241 524
242 524
243 525
244 525
245 526
246 526
247 526
248 526
249 526
250 526
251 526
252 526
253 526
254 526
255 526
256 526
257 526
258 526
259 527
260 527
261 527
262 527
263 527
264 527
265 526
266 526
267 526
268 526
269 526
270 525
271 525
272 525
273 525
273 524
273 523
274 522
274 521
274 520
274 519
274 518
274 517
273 516
273 515
272 514
272 513
271 512
271 511
270 510
269 509
270 508
270 507
270 506
270 505
270 504
271 503
272 502
273 502
274 502
275 502
276 502
277 502
278 501
278 500
278 499
278 498
278 497
278 496
278 495
278 494
278 493
278 492
277 491
277 490
277 489
276 488
276 487
276 486
276 485
276 484
275 483
275 482
275 481
275 480
275 479
275 478
275 477
274 476
274 475
274 474
274 473
274 472
274 471
274 470
274 469
274 468
273 467
273 466
273 465
273 464
273 463
273 462
273 461
273 460
273 459
273 458
272 457
272 456
272 455
272 454
272 453
272 452
272 451
272 450
272 449
272 448
272 447
271 446
271 445
271 444
271 443
271 442
271 441
271 440
271 439
271 438
270 437
270 436
270 435
270 434
270 433
270 432
270 431
270 430
270 429
270 428
270 427
269 426
270 425
270 424
270 423
270 422
270 421
270 420
270 419
270 418
270 417
271 416
271 415
271 414
271 413
271 412
271 411
271 410
271 409
271 408
271 407
271 406
271 405
271 404
271 403
271 402
271 401
271 400
271 399
271 398
271 397
270 396
270 395
270 394
270 393
270 392
270 391
270 390
270 389
270 388
269 387
269 386
269 385
269 384
269 383
269 382
269 381
269 380
269 379
269 378
269 377
269 376
269 375
269 374
269 373
269 372
269 371
269 370
268 369
268 368
268 367
268 366
268 365
268 364
269 363
269 362
269 361
269 360
269 359
269 358
269 357
269 356
269 355
269 354
269 353
269 352
269 351
269 350
269 349
269 348
269 347
269 346
269 345
269 344
269 343
269 342
269 341
269 340
270 339
270 338
270 337
270 336
270 335
270 334
270 333
270 332
270 331
270 330
270 329
270 328
270 327
271 326
272 326
273 326
274 326
275 326
276 326
277 326
278 326
279 326
280 326
281 326
282 326
283 326
284 326
285 326
286 326
287 326
288 327
289 327
290 327
291 327
292 327
293 327
294 327
295 328
296 328
297 328
298 328
299 328
300 328
301 329
302 329
303 329
304 329
305 329
306 330
307 330
308 330
309 330
310 330
311 331
312 331
313 331
314 331
315 331
316 332
317 332
318 332
319 332
320 333
321 333
322 333
323 333
324 333
325 333
326 333
327 333
328 333
329 334
330 334
331 334
332 334
333 334
334 334
335 334
336 334
337 334
338 334
339 334
340 334
341 334
342 334
343 334
344 334
345 334
346 334
347 334
348 334
349 334
350 334
351 334
352 334
353 334
354 334
355 334
356 334
357 334
358 334
359 334
360 333
361 333
362 333
363 333
364 333
365 333
366 333
367 333
368 333
369 333
370 333
371 332
372 332
373 332
374 332
375 332
376 332
377 332
378 331
379 331
380 331
381 331
382 331
383 331
384 330
385 330
386 330
387 330
388 330
389 329
390 329
391 329
392 329
393 328
394 328
395 328
396 327
397 327
398 327
399 327
400 327
401 326
402 326
403 326
404 326
405 325
406 325
407 325
408 325
409 325
410 324
411 324
412 324
413 324
414 323
415 323
416 323
417 323
418 323
419 323
420 323
421 324
422 324
423 324
424 325
425 325
426 325
427 325
428 325
429 326
430 327
431 328
432 329
433 330
434 330
435 330
436 330
437 330
438 330
439 329
440 329
441 328
442 328
443 328
444 328
445 328
446 328
447 328
448 329
448 330
449 330
450 331
450 332
450 333
451 334
451 335
452 336
453 337
453 338
453 339
454 340
454 341
454 342
455 343
456 344
456 345
456 346
457 347
457 348
458 349
458 350
459 351
459 352
460 353
461 354
462 355
462 356
463 357
463 358
464 359
464 360
465 361
465 362
466 363
466 364
466 365
467 366
467 367
467 368
468 369
468 370
469 371
469 372
469 373
469 374
470 375
470 376
471 377
471 378
472 379
472 380
472 381
473 382
473 383
474 384
474 385
474 386
475 387
475 388
476 389
476 390
476 391
476 392
477 393
477 394
478 395
479 396
479 397
479 398
480 399
480 400
480 401
481 401
482 402
482 403
482 404
483 405
483 406
483 407
483 408
484 409
485 410
485 411
486 412
486 413
486 414
487 415
487 416
487 417
487 418
488 418
489 419
489 420
489 421
489 422
489 423
489 424
489 425
489 426
489 427
489 428
489 429
489 430
489 431
489 432
489 433
489 434
489 435
489 436
489 437
489 438
489 439
489 440
490 441
490 442
490 443
490 444
490 445
490 446
490 447
490 448
490 449
490 450
490 451
490 452
490 453
490 454
490 455
490 456
491 457
491 458
491 459
491 460
491 461
490 462
490 463
490 464
490 465
490 466
489 467
489 468
489 469
489 470
489 471
489 472
488 473
488 474
488 475
488 476
487 477
487 478
487 479
487 480
486 481
486 482
486 483
486 484
486 485
485 486
485 487
485 488
485 489
484 490
484 491
484 492
483 493
483 494
483 495
483 496
483 497
482 498
482 499
482 500
481 501
481 502
481 503
481 504
480 505
479 506
479 507
478 508
478 509
478 510
478 511
477 512
476 513
476 514
475 515
475 516
474 517
473 518
473 519
472 520
472 521
471 522
471 523
470 524
470 525
469 526
469 527
469 528
468 529
468 530
467 531
466 532
465 532
465 533
464 534
463 535
463 536
462 537
461 537
461 538
460 539
459 540
458 541
458 542
457 543
456 544
455 545
455 546
454 547
453 547
452 548
451 549
450 550
449 551
448 552
448 553
448 554
448 555
448 556
449 557
450 558
451 559
452 559
453 560
454 560
455 560
456 560
457 560
458 560
459 560
460 560
461 560
462 560
463 560
464 560
465 560
466 560
467 560
468 560
469 560
470 560
471 560
472 560
473 560
474 559
475 559
476 559
477 559
478 558
479 557
480 557
480 556
481 555
481 554
482 553
482 552
482 551
482 550
482 549
482 548
482 547
482 546
482 545
481 544
481 543
480 542
481 541
482 540
483 539
484 538
485 538
486 539
487 539
488 540
489 540
490 540
491 540
491 539
491 538
492 537
492 536
492 535
492 534
492 533
492 532
493 531
493 530
493 529
494 528
494 527
494 526
494 525
494 524
494 523
494 522
494 521
494 520
494 519
494 518
494 517
495 516
495 515
495 514
495 513
495 512
496 511
496 510
496 509
496 508
496 507
497 506
497 505
497 504
497 503
498 502
499 501
499 500
499 499
499 498
500 497
500 496
500 495
501 494
501 493
501 492
501 491
502 490
502 489
502 488
503 487
503 486
503 485
504 484
504 483
504 482
505 481
505 480
505 479
506 478
507 477
507 476
507 475
507 474
507 473
508 472
508 471
508 470
509 469
509 468
509 467
509 466
510 465
510 464
511 463
512 462
513 462
513 461
514 460
514 459
515 458
515 457
515 456
516 455
516 454
516 453
516 452
517 451
517 450
518 449
518 448
518 447
519 446
519 445
519 444
520 443
521 442
522 441
522 440
522 439
523 438
524 437
525 436
526 435
526 434
526 433
526 432
527 431
527 430
527 429
527 428
527 427
527 426
527 425
526 424
526 423
525 422
524 421
524 420
524 419
523 418
522 417
522 416
522 415
521 414
521 413
521 412
520 411
520 410
519 409
519 408
519 407
519 406
518 405
518 404
518 403
517 402
517 401
517 400
516 399
516 398
515 397
515 396
515 395
515 394
515 393
514 392
514 391
514 390
514 389
514 388
514 387
514 386
514 385
513 384
513 383
513 382
513 381
513 380
513 379
513 378
513 377
513 376
513 375
513 374
513 373
513 372
514 371
514 370
514 369
514 368
514 367
514 366
515 365
516 365
517 366
517 367
518 368
519 369
519 370
519 371
520 372
521 373
521 374
522 375
522 376
523 377
524 378
524 379
525 380
526 381
526 382
526 383
527 384
528 385
528 386
529 387
529 388
530 389
531 390
531 391
532 392
533 393
534 394
534 395
535 396
536 397
536 398
536 399
537 400
537 401
537 402
538 403
538 404
539 405
539 406
540 407
540 408
540 409
541 410
541 411
541 412
542 413
542 414
543 415
543 416
543 417
543 418
544 419
544 420
544 421
545 422
545 423
545 424
546 425
546 426
546 427
546 428
547 429
547 430
548 431
548 432
548 433
548 434
548 435
549 436
549 437
549 438
549 439
549 440
550 441
550 442
550 443
550 444
551 445
551 446
551 447
552 448
552 449
552 450
552 451
553 452
553 453
553 454
553 455
554 456
554 457
554 458
554 459
554 460
554 461
554 462
555 463
555 464
555 465
555 466
555 467
555 468
556 469
556 470
556 471
556 472
556 473
556 474
556 475
556 476
556 477
556 478
556 479
556 480
556 481
556 482
556 483
556 484
556 485
556 486
556 487
556 488
556 489
556 490
556 491
556 492
555 493
555 494
555 495
555 496
555 497
555 498
555 499
555 500
554 501
554 502
554 503
553 504
553 505
553 506
552 507
552 508
552 509
551 510
551 511
551 512
551 513
551 514
550 515
550 516
550 517
549 518
549 519
549 520
549 521
548 522
548 523
548 524
548 525
548 526
547 527
547 528
546 529
545 530
544 531
543 532
543 533
542 534
541 535
541 536
540 537
539 538
538 539
537 540
536 541
535 542
534 543
534 544
533 545
532 546
532 547
532 548
531 549
531 550
531 551
531 552
531 553
532 553
533 554
534 554
535 555
536 555
537 555
538 555
539 555
540 555
541 555
542 555
543 555
544 555
545 555
546 555
547 555
548 555
549 555
550 555
551 555
552 555
553 554
554 554
555 554
556 554
557 553
558 553
559 553
560 552
561 552
562 552
563 551
564 551
564 550
565 549
566 548
566 547
566 546
566 545
565 544
565 543
565 542
565 541
565 540
564 539
564 538
564 537
563 536
563 535
563 534
564 533
565 533
566 532
566 531
567 530
568 529
569 528
570 527
570 526
571 525
571 524
572 523
572 522
572 521
572 520
573 519
573 518
573 517
573 516
573 515
573 514
573 513
573 512
573 511
573 510
573 509
573 508
573 507
573 506
573 505
573 504
572 503
572 502
572 501
571 500
571 499
571 498
571 497
571 496
571 495
571 494
571 493
571 492
571 491
571 490
571 489
571 488
570 487
570 486
571 485
571 484
571 483
571 482
570 481
570 480
570 479
571 478
571 477
571 476
571 475
571 474
571 473
571 472
571 471
571 470
571 469
571 468
571 467
571 466
571 465
571 464
571 463
571 462
571 461
571 460
571 459
571 458
571 457
571 456
571 455
571 454
571 453
571 452
572 451
572 450
572 449
572 448
572 447
572 446
573 445
573 444
573 443
573 442
573 441
573 440
573 439
573 438
574 437
574 436
574 435
574 434
574 433
574 432
574 431
574 430
574 429
574 428
575 427
575 426
575 425
575 424
575 423
575 422
576 421
576 420
576 419
576 418
576 417
576 416
576 415
576 414
576 413
576 412
576 411
575 410
575 409
575 408
574 407
573 406
573 405
572 404
572 403
571 402
570 401
570 400
570 399
569 398
569 397
568 396
567 395
567 394
567 393
566 392
566 391
565 390
565 389
564 388
564 387
563 386
563 385
563 384
562 383
562 382
561 381
561 380
560 379
560 378
560 377
559 376
559 375
558 374
558 373
558 372
558 371
557 370
557 369
557 368
556 367
556 366
556 365
556 364
556 363
556 362
556 361
556 360
556 359
556 358
556 357
556 356
556 355
556 354
556 353
556 352
557 351
557 350
557 349
557 348
557 347
558 346
558 345
558 344
558 343
558 342
559 341
559 340
559 339
559 338
560 337
560 336
560 335
561 334
561 333
561 332
562 331
562 330
563 329
563 328
564 327
564 326
565 325
566 326
566 327
566 328
566 329
566 330
566 331
566 332
566 333
566 334
566 335
566 336
566 337
567 338
566 339
566 340
566 341
566 342
567 343
567 344
567 345
568 346
568 347
568 348
568 349
568 350
568 351
568 352
568 353
569 354
569 355
569 356
569 357
569 358
569 359
570 360
570 361
570 362
570 363
571 364
571 365
571 366
572 367
572 368
572 369
573 370
573 371
573 372
573 373
573 374
574 375
575 376
575 377
575 378
576 379
576 380
577 381
577 382
577 383
578 384
578 385
578 386
579 387
579 388
579 389
580 390
580 391
580 392
580 393
580 394
581 395
581 396
581 397
581 398
582 399
582 400
582 401
583 402
584 403
584 404
585 405
585 406
586 407
587 408
587 407
588 406
589 405
590 404
591 403
592 402
593 401
594 400
595 399
596 398
597 397
598 396
599 395
600 394
601 394
601 393
602 392
603 391
604 390
605 389
605 388
606 387
606 386
607 385
608 384
609 383
609 382
610 381
610 380
611 379
611 378
612 377
613 376
613 375
613 374
613 373
614 372
614 371
614 370
615 369
615 368
615 367
615 366
615 365
616 364
616 363
616 362
616 361
616 360
616 359
616 358
617 357
617 356
616 355
616 354
616 353
616 352
616 351
615 350
615 349
615 348
615 347
615 346
615 345
615 344
615 343
615 342
615 341
615 340
615 339
615 338
615 337
615 336
615 335
616 334
616 333
616 332
616 331
616 330
616 329
616 328
617 327
617 326
617 325
617 324
617 323
617 322
617 321
617 320
617 319
618 318
618 317
618 316
618 315
618 314
618 313
618 312
618 311
618 310
618 309
618 308
618 307
618 306
618 305
618 304
618 303
618 302
618 301
618 300
618 299
618 298
618 297
618 296
618 295
618 294
618 293
618 292
617 291
617 290
617 289
617 288
617 287
617 286
616 285
616 284
616 283
616 282
616 281
616 280
615 279
615 278
615 277
615 276
614 275
614 274
614 273
614 272
613 271
613 270
613 269
613 268
613 267
612 266
612 265
612 264
612 263
611 262
611 261
611 260
610 259
610 258
610 257
610 256
610 255
610 254
609 253
609 252
609 251
609 250
609 249
609 248
608 247
608 246
608 245
608 244
607 243
607 242
607 241
606 240
606 239
606 238
605 237
605 236
605 235
605 234
604 233
604 232
603 231
602 230
602 229
602 228
601 227
600 226
600 225
599 224
599 223
598 222
597 221
597 220
596 219
595 218
595 217
594 216
593 215
593 214
592 213
591 212
590 211
589 210
588 209
587 208
586 207
585 207
584 206
583 206
582 205
581 204
580 204
579 203
578 202
577 202
576 202
575 201
574 200
573 200
572 199
571 198
570 198
569 197
568 197
567 197
566 197
565 196
564 196
563 196
562 195
561 195
560 195
559 195
558 195
557 195
556 195
555 195
554 195
553 195
552 195
551 195
550 195
549 195
548 194
547 194
546 194
545 193
544 193
543 193
542 193
541 193
540 193
539 193
538 193
537 194
536 193
535 193
534 193
533 193
532 192
531 191
530 191
529 191
528 191
527 190
526 189
525 189
524 189
523 188
523 187
522 187
521 187
520 187
519 186
518 186
517 186
516 185
515 185
514 185
513 184
512 184
511 184
510 184
509 183
508 183
507 183
506 183
505 182
504 182
503 182
502 182
501 182
500 181
499 181
498 181
497 180
496 180
495 180
494 180
493 180
492 180
491 180
490 180
489 180
488 180
487 179
486 179
485 179
484 179
483 179
482 179
481 179
480 179
479 179
478 179
477 179
476 179
475 179
474 179
473 179
472 179
471 178
470 178
469 178
468 178
467 178
466 178
465 179
464 179
463 179
462 179
461 179
460 179
459 179
458 179
457 179
456 179
455 179
454 179
453 179
452 179
451 179
450 179
449 179
448 179
447 180
446 180
445 180
444 180
443 180
442 180
441 180
440 180
439 180
438 180
437 180
436 180
435 180
434 180
433 180
432 181
431 181
430 181
429 181
428 181
427 181
426 181
425 181
424 181
423 182
422 182
421 182
420 182
419 182
418 182
417 182
416 182
415 183
414 183
413 183
412 183
411 183
410 183
409 183
408 183
407 183
406 184
405 184
404 184
403 184
402 184
401 184
400 184
399 185
398 185
397 185
396 185
395 185
394 185
393 185
392 185
391 185
390 185
389 185
388 185
387 185
386 186
385 186
384 186
383 186
382 186
381 186
380 186
379 186
378 186
377 185
376 185
375 185
374 185
373 186
372 186
371 186
370 186
369 186
368 186
367 186
366 186
365 186
364 186
363 186
362 186
361 186
360 186
359 186
358 186
357 186
356 186
355 186
354 186
353 186
352 186
351 186
350 185
349 185
348 185
347 185
346 185
345 185
344 185
343 185
342 185
341 184
340 184
339 184
338 184
337 184
336 184
335 184
334 184
333 183
332 183
331 183
330 183
329 183
328 182
327 182
326 181
325 181
324 182
323 182
322 182
321 181
320 181
319 181
318 180
317 179
316 179
315 178
314 178
313 177
312 177
311 177
310 177
309 177
308 176
307 176
306 175
305 174
304 174
303 173
302 173
301 173
300 172
299 172
298 172
297 171
296 171
295 170
294 170
293 169
292 168
291 167
290 167
289 166
288 165
287 164
286 163
285 163
284 163
283 162
282 162
281 161
280 161
279 160
278 159
277 158
276 157
275 156
274 156
273 156
272 155
271 154
270 153
269 152
268 151
267 150
266 149
265 149
264 148
263 148
262 147
262 146
261 145
261 144
261 143
260 142
260 141
260 140
259 139
259 138
259 137
258 136
257 135
257 134
256 133
256 132
255 131
254 130
253 129
252 128
251 127
250 126
249 126
248 125
247 124
246 123
246 122
245 121
245 120
245 119
244 118
244 117
244 116
243 115
242 115
241 114
240 113
239 112
238 111
237 110
236 110
235 110
234 110
233 109
233 108
233 107
232 106
231 106
230 106
229 105
228 104
227 103
226 102
226 101
225 100
225 99
224 98
223 97
222 96
221 95
220 94
219 93
218 92
218 91
218 90
217 89
217 88
217 87
217 86
216 85
216 84
215 83
215 82
215 81
214 80
213 79
212 79
211 79
210 79
209 79
208 79
207 79
206 78
205 77
204 76
203 75
202 75
201 74
200 73
199 72
198 71
197 70
197 69
196 68
195 67
195 66
194 65
193 64
192 63
191 62
190 62
189 61
188 61
187 60
186 60
185 59
184 58
184 57
183 56
182 56
181 55
180 54
179 53
178 52
177 51
176 50
175 49
174 48
173 48
172 47
172 46
171 45
170 44
169 43
168 42
167 42
166 41
166 40
165 39
164 38
163 37
162 36
161 35
160 34
159 33
158 32
157 31
156 30
155 29
154 29
153 28
152 28
151 27
150 27
149 27
148 27
147 27
146 26
145 26
144 26
143 25
142 25
141 25
140 25
139 25
138 25
137 25
136 24
135 23
134 23
133 23
132 23
131 23
130 23
129 23
128 23
127 22
126 22
125 21
124 21
123 21
122 21
121 21
120 21
119 20
118 20
117 20
116 20
115 20
114 20
113 20
112 20
111 19
110 19
109 18
108 18
107 18
106 18
105 18
104 18
103 18
102 17
101 16
101 15
101 14
100 13
100 12
99 11
99 10
99 9
98 8
97 7
97 6
96 5
95 4
95 3
95 2
95 1
94 1
93 1
92 1
91 1
90 1
