36 1
35 2
35 3
34 4
33 3
33 2
32 2
31 2
30 2
30 3
29 4
29 5
29 6
29 7
29 8
29 9
29 10
28 11
27 12
26 12
25 13
24 14
23 14
23 15
23 16
23 17
23 18
23 19
22 20
22 21
22 22
21 23
20 23
19 23
18 24
18 25
17 26
16 27
16 28
16 29
15 30
14 31
14 32
13 33
13 34
12 35
12 36
12 37
11 38
11 39
11 40
11 41
11 42
10 43
10 44
9 45
8 46
7 47
7 48
6 49
6 50
6 51
6 52
6 53
6 54
5 55
5 56
4 57
4 58
4 59
3 60
3 61
3 62
2 63
2 64
1 65
1 66
1 67
1 68
1 69
1 70
2 71
2 72
3 73
3 74
3 75
4 76
5 77
6 77
7 77
8 77
9 77
10 77
11 77
12 77
13 77
14 78
15 78
16 79
17 79
18 79
19 79
20 78
21 77
22 77
23 77
24 76
24 75
25 74
25 73
26 72
26 71
27 70
28 70
29 70
30 69
31 69
32 69
33 68
34 68
35 67
36 66
37 65
38 65
39 65
40 64
41 64
42 64
43 63
44 63
45 63
46 62
47 62
48 62
49 61
50 61
51 61
52 60
53 60
54 59
55 60
56 60
57 61
57 62
57 63
57 64
57 65
57 66
58 67
58 68
58 69
59 70
59 71
59 72
59 73
59 74
60 75
60 76
60 77
61 78
61 79
62 80
62 81
63 82
63 83
64 84
65 85
65 86
66 87
66 88
67 89
68 90
68 91
67 92
66 93
66 94
66 95
65 96
64 97
64 98
64 99
64 100
64 101
64 102
65 103
66 104
66 105
66 106
66 107
66 108
66 109
66 110
66 111
66 112
66 113
67 114
67 115
67 116
68 117
69 118
69 119
70 120
70 121
71 122
71 123
71 124
71 125
72 126
72 127
72 128
72 129
73 130
73 131
73 132
74 133
74 134
74 135
74 136
75 137
76 138
76 139
77 140
77 141
78 141
79 142
79 143
80 144
81 145
81 146
81 147
81 148
81 149
82 150
82 151
82 152
82 153
82 154
83 155
83 156
83 157
83 158
84 159
84 160
84 161
84 162
84 163
85 164
85 165
85 166
85 167
86 168
86 169
86 170
86 171
86 172
86 173
86 174
87 175
87 176
86 177
86 178
86 179
86 180
87 181
87 182
87 183
87 184
87 185
88 186
88 187
88 188
89 189
89 190
89 191
90 192
90 193
90 194
91 195
91 196
91 197
91 198
92 199
92 200
92 201
93 202
93 203
93 204
93 205
93 206
93 207
93 208
93 209
94 210
94 211
94 212
94 213
94 214
94 215
94 216
93 217
93 218
93 219
93 220
93 221
92 222
92 223
92 224
92 225
92 226
92 227
92 228
91 229
91 230
91 231
90 232
89 233
88 234
87 235
86 236
85 237
84 238
84 239
83 240
83 241
82 242
81 243
81 244
80 245
80 246
80 247
80 248
80 249
80 250
81 250
82 250
83 250
84 250
85 250
86 250
87 250
88 251
89 251
90 251
91 250
92 250
93 250
94 250
95 250
96 250
97 250
98 250
99 250
100 250
101 249
102 249
103 249
104 248
105 248
106 248
107 248
108 248
109 248
110 247
111 247
112 247
113 247
114 247
115 246
116 246
116 245
116 244
116 243
116 242
116 241
116 240
115 239
115 238
115 237
115 236
115 235
115 234
115 233
115 232
116 231
117 230
118 229
119 228
120 227
121 226
122 226
122 225
122 224
122 223
122 222
122 221
121 220
121 219
121 218
121 217
121 216
120 215
120 214
119 213
119 212
119 211
118 210
118 209
118 208
118 207
118 206
118 205
118 204
117 203
117 202
118 201
118 200
118 199
118 198
117 197
118 196
118 195
118 194
118 193
118 192
118 191
118 190
118 189
118 188
118 187
118 186
118 185
118 184
119 183
119 182
119 181
119 180
119 179
119 178
119 177
119 176
119 175
119 174
119 173
119 172
119 171
119 170
119 169
119 168
119 167
119 166
119 165
119 164
119 163
118 162
119 161
119 160
119 159
119 158
119 157
119 156
119 155
120 154
120 153
120 152
120 151
120 150
120 149
121 148
121 147
121 146
121 145
121 144
122 143
123 142
124 143
125 143
126 143
127 143
128 143
129 143
130 143
131 143
132 143
133 143
134 143
135 143
136 143
137 143
138 144
139 144
140 144
141 144
142 144
143 144
144 144
145 144
146 144
147 144
148 144
149 144
150 144
151 144
152 144
153 145
154 145
155 145
156 145
157 144
158 144
159 144
160 144
161 144
162 144
163 143
164 143
165 143
166 143
167 143
168 143
169 143
170 142
171 142
172 142
173 142
174 142
175 141
176 141
177 140
178 140
179 140
180 139
181 139
182 139
183 139
184 139
185 139
186 139
187 138
188 138
189 138
190 138
191 138
192 138
193 138
194 138
195 137
196 138
196 139
197 140
198 141
198 142
199 142
200 143
200 144
201 145
202 146
202 147
203 148
203 149
204 150
205 151
205 152
206 153
206 154
207 154
208 155
209 156
210 157
211 158
212 159
213 160
214 161
215 161
216 162
217 163
218 164
219 165
219 166
220 167
221 168
222 169
222 170
223 171
224 172
225 173
225 174
225 175
226 176
226 177
226 178
226 179
227 180
227 181
227 182
227 183
227 184
227 185
227 186
227 187
227 188
227 189
227 190
227 191
227 192
227 193
227 194
227 195
227 196
227 197
226 198
225 198
225 199
225 200
225 201
224 202
224 203
224 204
223 205
223 206
222 207
221 208
221 209
220 210
220 211
219 212
219 213
219 214
218 215
217 216
217 217
216 218
215 219
214 220
214 221
213 222
213 223
212 224
211 225
210 226
209 227
208 228
207 229
206 230
205 231
204 232
204 233
204 234
204 235
204 236
204 237
205 238
205 239
206 240
207 240
208 240
209 241
210 241
211 241
212 241
213 241
214 241
215 241
216 241
217 241
218 241
219 241
220 240
221 240
222 240
222 239
223 238
223 237
223 236
223 235
223 234
224 233
224 232
225 231
226 230
226 229
227 228
228 227
229 226
230 225
231 225
232 224
233 224
234 223
235 222
236 221
237 220
237 219
237 218
237 217
237 216
237 215
237 214
237 213
237 212
237 211
236 210
237 209
237 208
237 207
237 206
237 205
237 204
238 203
238 202
239 201
239 200
239 199
239 198
240 197
240 196
240 195
241 194
241 193
242 192
242 191
242 190
243 189
243 188
243 187
244 186
244 185
244 184
245 183
245 182
246 181
247 180
247 179
247 178
247 177
247 176
247 175
246 174
246 173
245 172
245 171
244 170
244 169
245 168
246 168
247 169
248 170
249 171
250 172
250 173
250 174
251 175
252 176
252 177
253 178
253 179
253 180
254 181
255 182
255 183
256 184
257 185
257 186
257 187
258 188
259 189
260 190
260 191
260 192
260 193
260 194
260 195
261 196
261 197
261 198
261 199
261 200
262 201
261 202
261 203
261 204
261 205
262 206
262 207
262 208
262 209
262 210
262 211
262 212
262 213
262 214
262 215
262 216
261 217
261 218
261 219
261 220
260 221
260 222
259 223
258 224
258 225
258 226
257 227
257 228
256 229
256 230
256 231
255 232
255 233
254 234
253 235
253 236
252 237
251 238
250 239
250 240
249 241
249 242
249 243
249 244
249 245
250 246
251 247
252 248
253 249
254 249
255 249
256 249
257 249
258 249
259 249
260 249
261 249
262 249
263 249
264 249
265 249
266 249
267 249
268 249
269 249
270 248
270 247
271 246
272 245
272 244
272 243
272 242
272 241
273 240
273 239
273 238
273 237
272 236
273 235
274 235
275 235
276 235
277 235
277 234
278 233
279 233
279 232
279 231
280 230
280 229
280 228
280 227
279 226
279 225
279 224
279 223
279 222
279 221
279 220
279 219
279 218
279 217
278 216
278 215
277 214
277 213
277 212
277 211
276 210
276 209
276 208
276 207
275 206
275 205
275 204
275 203
275 202
275 201
275 200
275 199
275 198
275 197
275 196
275 195
275 194
275 193
275 192
275 191
275 190
275 189
275 188
275 187
275 186
275 185
275 184
275 183
275 182
275 181
275 180
275 179
275 178
275 177
275 176
275 175
275 174
275 173
275 172
275 171
275 170
274 169
273 168
273 167
272 166
271 166
270 165
270 164
269 163
268 162
268 161
267 160
267 159
267 158
266 157
265 156
265 155
265 154
264 153
264 152
263 151
262 150
262 149
261 148
261 147
260 146
260 145
260 144
260 143
261 142
261 141
261 140
262 139
263 138
263 137
264 136
264 135
264 134
265 133
266 134
266 135
266 136
266 137
266 138
266 139
266 140
266 141
266 142
266 143
267 144
267 145
267 146
267 147
267 148
267 149
268 149
269 150
269 151
269 152
270 152
271 153
271 154
271 155
271 156
272 157
272 158
273 159
273 160
273 161
274 161
275 162
276 163
277 164
277 165
277 166
278 167
278 168
278 169
279 169
280 170
280 171
280 172
281 173
281 174
282 175
282 176
282 177
282 178
283 179
284 179
285 179
286 179
287 179
287 178
287 177
287 176
287 175
286 174
286 173
286 172
286 171
286 170
285 169
286 168
287 168
288 169
288 170
289 171
289 172
290 173
291 173
292 173
293 173
294 173
294 172
294 171
294 170
294 169
294 168
293 167
293 166
293 165
292 164
292 163
292 162
292 161
292 160
291 159
291 158
291 157
291 156
291 155
290 154
290 153
290 152
290 151
290 150
289 149
290 148
290 147
290 146
290 145
290 144
290 143
290 142
290 141
289 140
289 139
289 138
289 137
289 136
289 135
289 134
290 133
290 132
290 131
290 130
289 129
289 128
290 127
290 126
290 125
290 124
290 123
290 122
290 121
290 120
290 119
290 118
290 117
290 116
290 115
290 114
290 113
290 112
290 111
290 110
290 109
290 108
290 107
290 106
290 105
290 104
290 103
290 102
290 101
290 100
290 99
290 98
289 97
289 96
289 95
289 94
289 93
288 92
288 91
287 90
287 89
287 88
286 87
286 86
285 85
285 84
284 83
283 82
283 81
282 80
281 79
280 78
280 77
279 76
278 75
277 74
276 74
275 73
274 73
273 72
272 71
271 71
270 70
269 70
268 69
267 69
266 69
265 68
264 68
263 68
262 67
261 67
260 67
259 67
258 67
257 67
256 67
255 67
254 67
253 66
252 65
251 65
250 64
249 64
248 63
247 62
246 62
245 61
244 61
243 60
242 60
241 60
240 59
239 59
238 59
237 58
236 58
235 58
234 58
233 58
232 58
231 58
230 58
229 57
228 57
227 57
226 57
225 57
224 57
223 57
222 58
221 58
220 58
219 58
218 58
217 59
216 59
215 59
214 59
213 59
212 59
211 59
210 59
209 59
208 59
207 59
206 59
205 60
204 60
203 60
202 60
201 60
200 60
199 61
198 61
197 61
196 61
195 62
194 62
193 63
192 63
191 63
190 63
189 63
188 63
187 63
186 63
185 63
184 63
183 63
182 63
181 64
180 64
179 64
178 64
177 65
176 65
175 65
174 65
173 65
172 65
171 65
170 65
169 65
168 65
167 66
166 66
165 66
164 66
163 66
162 66
161 66
160 66
159 66
158 66
157 66
156 66
155 65
154 65
153 65
152 65
151 65
150 65
149 65
148 65
147 65
146 65
145 65
144 64
143 64
142 64
141 64
140 64
139 64
138 64
137 63
136 63
135 62
134 62
133 61
132 61
131 60
130 60
129 59
128 59
127 58
126 58
125 57
124 56
123 55
122 55
121 54
120 53
119 52
118 51
117 51
116 50
115 50
114 49
113 48
112 47
111 47
110 46
109 46
108 45
107 45
106 44
105 43
104 42
103 42
102 41
101 40
100 39
99 38
98 37
97 36
96 35
95 34
94 33
93 32
93 31
92 31
91 30
90 30
89 29
88 28
87 28
86 27
85 26
84 26
83 26
82 25
81 24
80 24
79 23
78 23
77 22
76 22
75 21
74 20
73 20
72 20
71 20
70 19
69 19
68 18
67 18
66 18
65 18
64 18
63 17
62 16
61 16
60 16
59 16
58 15
57 15
56 15
55 14
54 14
53 14
52 14
51 13
50 13
49 12
48 12
47 11
46 11
45 11
44 11
43 10
42 9
42 8
42 7
41 6
41 5
41 4
40 3
39 2
39 1
38 1
37 1
