391 1
390 2
389 2
389 3
388 4
387 4
387 5
386 6
386 7
386 8
385 9
385 10
384 11
384 12
383 13
382 13
381 13
380 13
379 14
378 14
377 14
376 15
375 15
374 16
373 16
372 17
371 17
370 17
369 17
368 17
367 17
366 17
365 16
364 16
363 16
362 16
361 16
360 16
359 16
358 16
357 16
356 17
355 17
354 17
353 17
352 17
351 18
350 18
349 18
348 19
347 19
346 19
345 20
344 20
343 21
342 21
341 22
340 22
339 23
338 23
337 24
336 24
335 25
334 26
333 26
332 26
331 27
330 27
329 28
328 29
327 29
326 29
325 30
324 31
323 31
322 32
321 33
320 33
319 34
318 35
317 35
316 36
315 37
314 37
313 38
312 39
311 39
310 40
309 41
308 42
307 42
306 43
305 44
304 44
303 45
302 46
301 47
300 47
299 48
298 49
297 50
296 51
295 52
294 53
293 53
292 54
292 55
291 56
290 56
290 57
289 58
288 59
287 60
286 61
286 62
285 63
284 64
283 65
282 66
282 67
281 68
280 69
280 70
279 71
279 72
278 73
278 74
277 75
277 76
276 77
276 78
275 79
275 80
274 81
274 82
273 83
273 84
272 85
272 86
272 87
271 88
270 89
270 90
269 91
269 92
268 93
267 94
267 95
266 96
265 97
265 98
264 99
264 100
263 101
262 102
261 103
261 104
260 105
259 106
259 107
258 108
257 109
256 110
255 111
254 112
253 113
252 113
251 114
250 114
249 114
248 115
247 116
246 116
245 117
244 118
243 118
243 119
242 120
241 120
240 121
239 121
239 122
238 123
237 123
236 124
235 125
234 125
233 126
232 127
231 128
230 129
229 129
228 130
227 130
226 130
225 131
224 131
223 131
222 131
221 131
220 132
219 132
218 132
217 132
216 132
215 132
214 132
213 132
212 132
211 132
210 132
209 132
208 132
207 132
206 132
205 132
204 132
203 132
202 132
201 132
200 132
199 131
198 131
197 131
196 131
195 131
194 131
193 131
192 130
191 130
190 130
189 130
188 130
187 130
186 129
185 129
184 129
183 129
182 129
181 129
180 129
179 128
178 128
177 128
176 127
175 127
174 127
173 127
172 126
171 126
170 126
169 125
168 125
167 125
166 124
165 124
164 124
163 124
162 124
161 124
160 123
159 123
158 123
157 123
156 122
155 122
154 122
153 122
152 122
151 122
150 122
149 122
148 121
147 121
146 121
145 120
144 120
143 120
142 120
141 120
140 120
139 120
138 119
137 119
136 119
135 119
134 119
133 119
132 119
131 119
130 119
129 119
128 119
127 119
126 119
125 119
124 119
123 119
122 119
121 119
120 119
119 119
118 119
117 119
116 119
115 119
114 119
113 120
112 120
111 120
110 120
109 120
108 121
107 121
106 121
105 121
104 121
103 121
102 122
101 122
100 122
99 122
98 122
97 123
96 123
95 123
94 123
93 123
92 123
91 124
90 124
89 124
88 124
87 124
86 125
85 125
84 125
83 126
82 126
81 126
80 126
79 126
78 127
77 127
76 127
75 128
74 128
73 128
72 129
71 129
70 130
69 130
68 130
67 130
66 130
65 130
64 131
63 131
62 131
61 131
60 132
59 132
58 132
57 132
56 133
55 133
54 133
53 133
52 133
51 133
50 133
49 133
48 133
47 133
46 133
45 133
44 133
43 133
42 134
41 134
40 134
39 134
38 134
37 135
36 135
35 135
34 135
33 136
32 136
31 136
30 136
29 137
28 137
27 137
26 138
25 138
24 139
23 139
22 139
21 140
20 141
19 141
18 142
17 143
16 144
15 144
15 145
14 146
13 147
12 148
12 149
11 150
10 151
10 152
10 153
9 154
9 155
8 156
8 157
7 158
7 159
7 160
6 161
6 162
6 163
6 164
5 165
5 166
5 167
5 168
4 169
4 170
4 171
4 172
4 173
4 174
4 175
4 176
4 177
3 178
3 179
3 180
3 181
3 182
3 183
3 184
3 185
3 186
3 187
3 188
3 189
3 190
3 191
3 192
3 193
3 194
3 195
3 196
3 197
3 198
3 199
3 200
3 201
3 202
3 203
2 204
2 205
2 206
2 207
3 208
3 209
3 210
3 211
3 212
3 213
3 214
3 215
3 216
3 217
3 218
4 219
4 220
4 221
4 222
5 223
5 224
5 225
5 226
6 226
7 226
8 226
9 226
10 226
11 226
12 226
13 226
14 226
15 227
16 227
17 227
18 227
19 227
20 228
21 228
22 228
23 228
24 228
25 228
26 228
27 228
28 228
29 228
30 228
31 228
32 228
33 227
34 226
35 225
36 225
37 225
38 225
39 224
40 224
41 224
42 224
43 224
44 224
45 224
46 224
46 223
46 222
46 221
46 220
46 219
46 218
46 217
46 216
47 215
47 214
47 213
47 212
46 211
46 210
47 209
48 208
49 209
49 210
49 211
49 212
50 213
50 214
50 215
50 216
51 217
51 218
51 219
52 220
52 221
52 222
52 223
53 224
53 225
53 226
54 227
54 228
55 229
55 230
55 231
55 232
56 233
56 234
57 235
57 236
57 237
58 238
58 239
58 240
58 241
58 242
59 243
59 244
59 245
60 246
60 247
60 248
61 249
61 250
62 251
62 252
62 253
62 254
63 255
63 256
64 257
64 258
64 259
64 260
64 261
63 262
63 263
63 264
62 265
62 266
62 267
61 268
60 269
60 270
60 271
59 272
59 273
58 274
58 275
58 276
57 277
57 278
56 279
56 280
55 281
54 282
54 283
54 284
53 285
53 286
52 287
51 288
51 289
51 290
50 291
49 292
49 293
48 294
47 295
46 296
46 297
45 298
45 299
45 300
44 301
44 302
44 303
44 304
44 305
44 306
45 307
45 308
45 309
45 310
45 311
45 312
45 313
45 314
46 315
46 316
46 317
46 318
46 319
46 320
46 321
46 322
46 323
46 324
46 325
46 326
46 327
45 328
45 329
45 330
45 331
45 332
45 333
45 334
45 335
45 336
45 337
45 338
44 339
44 340
44 341
44 342
44 343
44 344
44 345
44 346
44 347
44 348
44 349
44 350
44 351
43 352
43 353
43 354
43 355
43 356
43 357
43 358
43 359
43 360
42 361
42 362
42 363
42 364
42 365
41 366
41 367
41 368
41 369
41 370
40 371
40 372
40 373
40 374
41 375
41 376
41 377
41 378
41 379
41 380
42 381
42 382
43 383
44 384
45 385
45 386
46 386
47 387
47 388
48 389
48 390
48 391
48 392
47 393
47 394
46 395
45 395
44 396
44 397
44 398
44 399
44 400
44 401
44 402
44 403
44 404
45 405
45 406
46 407
47 408
48 409
49 410
50 411
50 412
51 412
52 413
53 414
54 414
55 414
56 414
57 414
58 414
59 414
60 414
61 414
62 414
63 414
64 414
65 414
66 414
67 414
68 414
69 414
70 413
71 413
72 413
73 413
73 412
74 411
75 411
75 410
75 409
75 408
74 407
74 406
73 405
72 404
72 403
71 402
71 401
70 400
69 399
69 398
68 397
68 396
67 395
67 394
66 393
66 392
65 391
64 390
63 389
63 388
62 387
61 386
61 385
60 384
60 383
60 382
60 381
60 380
60 379
60 378
60 377
60 376
60 375
60 374
60 373
60 372
60 371
59 370
59 369
59 368
59 367
59 366
59 365
59 364
59 363
59 362
59 361
59 360
59 359
59 358
59 357
59 356
60 355
60 354
60 353
60 352
60 351
60 350
60 349
60 348
61 347
61 346
61 345
61 344
60 343
60 342
61 341
61 340
61 339
61 338
61 337
61 336
61 335
61 334
61 333
61 332
62 331
62 330
63 329
63 328
64 327
64 326
65 325
66 325
67 324
67 323
68 322
69 321
69 320
69 319
69 318
70 317
71 316
71 315
72 314
73 313
73 312
73 311
73 310
74 309
74 308
75 307
76 306
76 305
77 304
77 303
78 302
79 301
80 300
80 299
81 298
82 297
82 296
83 295
83 294
84 293
85 292
86 291
86 290
87 289
88 288
89 287
90 286
90 285
91 284
92 284
92 283
93 282
93 281
94 280
95 279
95 278
96 277
96 276
97 275
97 274
98 273
99 274
99 275
99 276
98 277
98 278
98 279
98 280
98 281
97 282
97 283
97 284
97 285
97 286
96 287
96 288
96 289
96 290
95 291
95 292
94 293
94 294
94 295
94 296
94 297
94 298
93 299
93 300
93 301
93 302
94 303
94 304
95 305
95 306
95 307
96 308
96 309
97 310
97 311
97 312
98 313
98 314
99 315
99 316
99 317
99 318
100 319
100 320
100 321
100 322
101 323
101 324
102 325
102 326
102 327
102 328
103 329
103 330
103 331
104 332
104 333
104 334
105 335
105 336
105 337
105 338
106 339
106 340
106 341
106 342
107 343
107 344
107 345
107 346
107 347
108 348
108 349
108 350
108 351
108 352
109 353
109 354
110 355
110 356
110 357
110 358
111 359
111 360
111 361
111 362
111 363
111 364
111 365
112 366
112 367
112 368
113 369
113 370
113 371
113 372
114 373
114 374
115 375
115 376
116 376
117 377
118 377
119 377
120 377
121 377
122 378
123 378
124 379
125 380
126 381
126 382
126 383
126 384
125 385
124 386
124 387
123 388
123 389
123 390
123 391
124 392
124 393
125 394
126 395
127 395
128 396
129 397
130 398
131 398
132 399
133 400
134 401
134 402
135 402
136 402
137 402
138 402
139 402
140 402
141 401
142 401
143 401
144 400
145 400
146 400
147 400
148 400
149 400
150 400
151 400
152 399
153 399
154 399
155 399
156 398
157 398
158 397
159 397
159 396
159 395
159 394
159 393
158 392
158 391
157 390
156 389
155 388
154 387
153 386
152 385
152 384
151 383
150 382
150 381
150 380
149 379
148 379
147 378
146 377
145 376
144 376
143 375
142 375
141 374
140 373
139 372
138 371
137 370
136 369
135 368
135 367
134 366
134 365
134 364
133 363
133 362
133 361
132 360
132 359
131 358
131 357
131 356
130 355
129 354
129 353
128 352
128 351
128 350
127 349
127 348
126 347
126 346
126 345
126 344
125 343
125 342
125 341
125 340
124 339
124 338
124 337
123 336
123 335
123 334
123 333
123 332
122 331
122 330
122 329
122 328
122 327
121 326
121 325
121 324
121 323
121 322
121 321
121 320
121 319
122 318
122 317
122 316
122 315
123 314
123 313
123 312
123 311
123 310
124 309
124 308
124 307
124 306
124 305
124 304
124 303
124 302
124 301
124 300
124 299
124 298
124 297
124 296
124 295
124 294
124 293
124 292
124 291
125 290
125 289
125 288
126 287
126 286
127 285
127 284
127 283
127 282
128 281
128 280
128 279
129 278
129 277
129 276
130 275
130 274
130 273
130 272
131 271
131 270
131 269
131 268
131 267
132 266
132 265
132 264
132 263
132 262
133 261
133 260
133 259
133 258
133 257
133 256
133 255
133 254
133 253
134 252
134 251
134 250
134 249
135 248
135 247
135 246
136 245
137 245
138 245
139 246
140 246
141 246
142 246
143 246
144 246
145 246
146 246
147 245
147 244
148 243
149 242
150 241
150 240
151 239
152 239
153 239
154 239
155 239
156 239
157 240
158 240
159 240
160 240
161 240
162 241
163 241
164 241
165 241
166 242
167 242
168 242
169 242
170 242
171 242
172 243
173 243
174 243
175 244
176 244
177 245
178 245
179 245
180 246
181 246
182 246
183 247
184 247
185 247
186 248
187 248
188 248
189 248
190 249
191 249
192 249
193 250
194 250
195 250
196 250
197 250
198 251
199 251
200 251
201 251
202 251
203 251
204 251
205 252
206 252
207 252
208 252
209 252
210 252
211 252
212 252
213 252
214 252
215 253
216 253
217 253
218 253
219 253
220 253
221 253
222 253
223 253
224 253
225 253
226 253
227 253
228 253
229 253
230 253
231 253
232 253
233 253
234 253
235 253
236 252
237 252
238 252
239 252
240 252
241 252
242 252
243 252
244 252
245 252
246 252
247 252
248 251
249 251
250 251
251 251
252 251
253 251
254 250
255 250
256 250
257 250
258 250
259 249
260 249
261 249
262 249
263 249
264 249
265 249
266 249
267 249
268 249
269 249
270 249
271 249
272 249
273 249
274 249
275 249
276 249
277 249
278 249
279 249
280 249
281 249
282 249
283 249
284 249
285 249
286 250
287 251
287 252
287 253
287 254
287 255
287 256
287 257
287 258
287 259
287 260
288 261
288 262
288 263
288 264
287 265
287 266
287 267
287 268
287 269
287 270
287 271
287 272
288 273
287 274
287 275
287 276
287 277
287 278
287 279
288 280
287 281
287 282
287 283
287 284
287 285
287 286
287 287
287 288
287 289
287 290
286 291
286 292
286 293
286 294
285 295
285 296
285 297
285 298
285 299
285 300
286 301
286 302
286 303
286 304
287 305
287 306
287 307
287 308
287 309
287 310
287 311
287 312
287 313
287 314
287 315
287 316
287 317
287 318
287 319
287 320
287 321
287 322
287 323
287 324
287 325
287 326
287 327
287 328
287 329
287 330
287 331
286 332
286 333
286 334
286 335
286 336
286 337
286 338
285 339
285 340
285 341
285 342
285 343
285 344
284 345
284 346
284 347
284 348
284 349
284 350
284 351
284 352
284 353
284 354
285 355
285 356
285 357
285 358
285 359
285 360
286 361
286 362
287 363
288 363
289 364
290 365
291 366
292 367
293 368
293 369
293 370
293 371
292 372
291 372
291 373
291 374
291 375
290 376
290 377
290 378
290 379
290 380
290 381
291 382
292 383
293 384
294 384
295 385
296 386
297 387
298 388
299 388
300 389
301 389
302 389
303 390
304 390
305 390
306 390
307 389
308 389
309 389
310 389
311 389
312 389
313 389
314 389
315 389
316 389
317 388
318 388
319 388
320 389
321 389
322 389
323 389
323 388
324 387
324 386
324 385
324 384
323 383
323 382
322 381
321 380
320 379
319 378
319 377
318 376
317 375
317 374
316 373
316 372
316 371
315 370
314 369
313 368
312 367
311 366
310 366
309 365
308 364
307 363
306 362
306 361
306 360
305 359
304 358
304 357
303 356
303 355
303 354
303 353
303 352
303 351
303 350
303 349
302 348
302 347
302 346
302 345
301 344
301 343
301 342
301 341
301 340
301 339
302 338
302 337
302 336
302 335
302 334
302 333
302 332
302 331
302 330
303 329
303 328
303 327
303 326
303 325
303 324
303 323
303 322
303 321
304 320
305 319
305 318
305 317
306 316
306 315
307 314
307 313
307 312
308 311
308 310
308 309
308 308
308 307
309 306
309 305
309 304
309 303
309 302
309 301
309 300
309 299
309 298
309 297
309 296
310 295
310 294
310 293
311 292
311 291
311 290
311 289
311 288
311 287
312 286
313 287
313 288
313 289
313 290
313 291
313 292
313 293
313 294
313 295
314 296
314 297
314 298
314 299
314 300
314 301
314 302
314 303
314 304
314 305
315 306
315 307
316 308
317 309
317 310
318 311
318 312
318 313
319 314
320 315
320 316
320 317
320 318
320 319
320 320
320 321
320 322
320 323
321 324
321 325
321 326
321 327
321 328
321 329
321 330
321 331
321 332
321 333
321 334
321 335
321 336
321 337
321 338
321 339
321 340
322 341
322 342
322 343
322 344
322 345
322 346
321 347
321 348
321 349
321 350
321 351
321 352
321 353
321 354
321 355
321 356
321 357
322 358
323 359
323 360
324 361
324 362
325 363
325 364
325 365
326 366
327 366
328 367
329 367
330 368
331 368
332 369
332 370
333 370
334 371
335 372
336 373
337 374
336 375
336 376
335 377
335 378
334 379
334 380
334 381
334 382
334 383
334 384
335 384
336 385
337 386
338 386
339 387
340 388
341 389
342 389
343 390
344 391
345 392
346 392
347 392
348 392
349 392
350 393
351 393
352 393
353 393
354 392
355 392
356 392
357 392
358 392
359 392
360 392
361 391
362 391
363 391
364 391
365 391
366 390
367 389
368 389
369 388
370 387
370 386
370 385
370 384
370 383
370 382
369 382
368 381
368 380
367 379
366 378
365 378
364 377
363 376
362 375
362 374
361 373
361 372
360 371
359 370
358 370
357 370
356 369
355 369
354 368
353 368
352 367
351 366
350 365
349 364
348 363
347 362
347 361
346 360
345 359
345 358
344 357
344 356
344 355
343 354
343 353
343 352
342 351
342 350
342 349
342 348
341 347
341 346
340 345
340 344
340 343
340 342
340 341
340 340
340 339
340 338
340 337
340 336
339 335
339 334
339 333
339 332
339 331
339 330
339 329
339 328
338 327
338 326
338 325
338 324
338 323
338 322
338 321
338 320
338 319
338 318
338 317
338 316
338 315
338 314
338 313
338 312
339 311
339 310
339 309
339 308
339 307
339 306
339 305
339 304
339 303
339 302
339 301
339 300
339 299
339 298
339 297
338 296
338 295
338 294
338 293
338 292
338 291
338 290
338 289
338 288
339 287
339 286
339 285
339 284
339 283
339 282
339 281
339 280
339 279
339 278
339 277
339 276
339 275
339 274
339 273
339 272
340 271
340 270
340 269
340 268
340 267
340 266
340 265
340 264
340 263
340 262
340 261
341 260
341 259
341 258
341 257
342 256
342 255
342 254
342 253
342 252
342 251
343 250
343 249
343 248
343 247
343 246
343 245
344 244
345 243
345 242
346 241
347 240
348 239
349 238
350 237
350 236
351 235
352 235
352 234
353 233
353 232
354 231
355 230
355 229
356 228
356 227
357 226
357 225
358 224
358 223
359 222
359 221
359 220
360 219
360 218
360 217
360 216
361 215
361 214
362 213
362 212
362 211
362 210
362 209
363 208
363 207
363 206
363 205
363 204
363 203
363 202
363 201
364 200
364 199
364 198
364 197
364 196
364 195
364 194
365 193
365 192
365 191
365 190
365 189
365 188
365 187
365 186
365 185
365 184
365 183
365 182
365 181
365 180
365 179
365 178
364 177
364 176
364 175
364 174
364 173
364 172
364 171
363 170
363 169
363 168
363 167
363 166
362 165
362 164
362 163
362 162
362 161
361 160
361 159
361 158
361 157
361 156
361 155
360 154
360 153
360 152
360 151
360 150
360 149
360 148
360 147
360 146
360 145
359 144
359 143
360 142
360 141
360 140
360 139
360 138
360 137
361 136
361 135
361 134
361 133
361 132
361 131
361 130
361 129
362 128
362 127
362 126
363 125
363 124
363 123
363 122
363 121
363 120
363 119
363 118
363 117
363 116
363 115
363 114
363 113
363 112
363 111
363 110
363 109
363 108
364 107
364 106
364 105
364 104
363 103
363 102
363 101
363 100
363 99
364 98
364 97
364 96
364 95
365 94
365 93
365 92
365 91
366 90
366 89
367 88
368 87
368 86
369 85
370 85
370 84
371 83
372 82
373 82
374 81
375 81
376 80
377 80
378 79
379 79
380 79
381 79
382 80
383 81
384 81
385 82
386 82
387 82
388 83
389 83
390 84
391 84
392 84
393 84
394 84
395 85
396 85
397 85
398 85
399 85
400 85
401 85
402 85
403 85
404 86
405 86
406 86
407 86
408 87
409 88
410 88
411 88
412 89
413 89
414 89
415 89
416 90
417 90
418 91
419 91
420 91
421 92
422 92
423 92
424 92
425 92
426 92
427 92
428 93
429 93
430 93
431 94
432 94
433 95
434 96
434 97
434 98
434 99
434 100
435 100
436 101
436 102
437 102
438 102
439 102
440 101
441 101
442 101
443 101
444 102
445 102
446 102
447 102
448 101
449 101
450 100
451 100
452 100
453 100
454 100
455 100
456 99
457 98
457 97
458 96
458 95
458 94
459 93
459 92
459 91
459 90
460 89
460 88
460 87
460 86
460 85
460 84
460 83
460 82
460 81
460 80
460 79
459 78
459 77
458 76
458 75
457 74
457 73
456 72
455 71
455 70
454 69
453 68
453 67
452 66
452 65
451 64
450 63
449 62
448 62
447 61
446 60
445 59
444 59
443 58
442 57
441 56
440 55
439 54
438 54
437 53
437 52
436 52
435 51
434 50
433 50
432 49
431 48
430 47
429 47
428 46
427 45
426 44
426 43
425 43
424 42
424 41
423 41
422 40
422 39
421 39
420 38
420 37
419 37
418 36
417 35
416 34
415 33
414 32
413 31
412 31
411 30
410 29
409 29
408 28
407 27
406 26
405 26
404 25
403 25
402 24
401 23
401 22
400 21
400 20
400 19
399 18
398 17
397 16
397 15
397 14
397 13
397 12
398 11
398 10
398 9
399 8
399 7
399 6
399 5
399 4
399 3
398 3
397 3
396 3
395 2
395 1
394 1
393 1
392 1
