25 1
24 2
23 2
22 3
21 3
20 4
19 4
18 5
17 6
16 7
15 7
15 8
14 9
13 10
12 11
11 12
11 13
10 14
10 15
10 16
9 17
8 18
8 19
7 20
7 21
7 22
6 23
6 24
6 25
6 26
6 27
6 28
6 29
6 30
6 31
6 32
5 33
5 34
5 35
5 36
6 37
6 38
6 39
6 40
6 41
6 42
7 43
7 44
7 45
7 46
8 47
8 48
9 49
9 50
10 51
10 52
10 53
11 54
12 55
12 56
13 56
14 57
15 57
16 57
17 57
18 57
19 57
20 57
21 57
21 56
21 55
21 54
21 53
21 52
21 51
21 50
20 49
19 48
19 47
19 46
19 45
18 44
18 43
18 42
18 41
18 40
18 39
18 38
18 37
18 36
18 35
18 34
18 33
18 32
18 31
18 30
19 29
19 28
19 27
19 26
20 25
20 24
21 23
21 22
22 21
22 20
23 19
24 18
25 17
26 16
27 15
28 15
29 15
30 14
31 13
32 13
33 13
34 13
35 13
36 13
37 14
38 14
39 14
40 15
40 16
41 16
42 17
43 18
44 19
44 20
45 21
46 22
46 23
47 24
48 25
48 26
48 27
49 28
49 29
49 30
49 31
49 32
50 33
50 34
50 35
50 36
49 37
49 38
49 39
49 40
49 41
49 42
48 43
48 44
48 45
48 46
48 47
47 48
47 49
46 50
46 51
46 52
46 53
45 54
45 55
45 56
45 57
45 58
46 58
47 58
48 58
49 58
50 58
51 58
52 58
53 58
54 57
54 56
55 55
55 54
56 53
56 52
57 51
57 50
57 49
58 48
58 47
59 46
59 45
59 44
60 43
60 42
60 41
60 40
60 39
60 38
60 37
60 36
60 35
60 34
60 33
60 32
60 31
60 30
60 29
60 28
60 27
60 26
60 25
60 24
60 23
60 22
60 21
60 20
60 19
59 18
59 17
58 16
58 15
57 14
56 13
56 12
55 11
54 10
53 9
52 8
52 7
51 6
50 6
49 5
48 4
47 4
46 3
45 2
44 2
43 2
42 1
41 1
40 1
39 1
38 2
37 2
36 2
35 2
34 2
33 2
32 1
31 1
30 1
29 1
28 1
27 1
26 1
