20 1
20 2
20 3
19 4
18 5
18 6
17 7
16 8
16 9
16 10
16 11
16 12
16 13
17 14
17 15
17 16
16 17
16 18
15 19
14 20
14 21
13 22
13 23
12 24
12 25
11 26
11 27
10 28
10 29
9 30
9 31
8 32
8 33
7 34
7 35
6 36
6 37
6 38
5 39
5 40
4 41
4 42
4 43
3 44
3 45
3 46
2 47
2 48
2 49
2 50
1 51
1 52
1 53
1 54
1 55
1 56
1 57
1 58
1 59
1 60
1 61
1 62
1 63
1 64
1 65
1 66
1 67
1 68
1 69
1 70
1 71
1 72
1 73
1 74
2 75
2 76
2 77
2 78
3 79
3 80
3 81
4 82
4 83
5 84
6 85
6 86
7 87
7 88
8 89
9 90
10 91
10 92
11 93
11 94
12 94
13 95
14 96
15 97
16 97
17 98
18 99
19 100
20 100
21 101
22 101
23 101
24 101
25 102
26 102
27 103
28 103
29 103
30 104
31 104
32 104
33 104
34 105
35 105
36 105
37 105
38 105
39 105
40 105
41 106
42 106
43 106
44 106
45 106
46 106
47 106
48 106
49 105
50 105
51 105
52 105
53 105
54 105
55 104
56 104
57 104
58 104
59 103
60 103
61 103
62 103
63 102
64 102
65 102
66 101
67 101
68 100
69 100
70 99
71 99
72 98
73 97
74 96
75 96
76 95
76 94
77 93
78 92
79 91
80 90
80 89
81 88
82 87
82 86
83 85
84 84
84 83
85 82
85 81
86 80
86 79
86 78
87 77
87 76
87 75
87 74
88 73
88 72
88 71
88 70
88 69
89 68
89 67
89 66
89 65
89 64
89 63
89 62
89 61
89 60
89 59
89 58
89 57
89 56
89 55
89 54
89 53
89 52
89 51
88 50
88 49
88 48
88 47
88 46
88 45
88 44
87 43
87 42
86 41
86 40
86 39
86 38
85 37
85 36
85 35
84 34
84 33
84 32
83 31
83 30
83 29
82 28
82 27
81 26
81 25
81 24
80 23
80 22
79 21
79 20
78 19
78 18
78 17
77 16
77 15
76 14
76 13
76 12
76 11
76 10
76 9
76 8
76 7
75 6
74 5
73 4
72 3
71 2
70 1
69 1
68 1
67 1
66 1
65 1
64 2
63 2
62 3
61 4
60 4
60 5
59 6
58 6
58 7
57 8
56 8
55 9
54 10
53 11
52 11
52 12
52 13
52 14
52 15
53 16
54 17
54 18
55 19
55 20
56 21
56 22
56 23
57 24
57 25
58 26
58 27
58 28
59 29
59 30
59 31
59 32
60 33
60 34
60 35
61 36
61 37
61 38
61 39
61 40
62 41
62 42
62 43
62 44
62 45
62 46
62 47
62 48
63 49
63 50
63 51
63 52
63 53
63 54
63 55
63 56
63 57
62 58
62 59
62 60
62 61
61 62
61 63
61 64
60 65
59 66
59 67
58 68
57 68
56 69
55 70
54 70
53 71
52 71
51 72
50 72
49 72
48 72
47 73
46 73
45 73
44 73
43 72
42 72
41 72
40 72
39 72
38 71
37 71
36 70
35 69
34 69
33 68
33 67
32 66
31 65
30 64
30 63
29 62
29 61
29 60
29 59
29 58
29 57
29 56
29 55
29 54
29 53
28 52
28 51
28 50
29 49
29 48
29 47
29 46
29 45
29 44
29 43
29 42
30 41
30 40
30 39
30 38
31 37
31 36
32 35
32 34
32 33
32 32
33 31
33 30
33 29
34 28
34 27
35 26
35 25
35 24
36 23
36 22
36 21
37 20
38 19
38 18
38 17
39 16
39 15
40 14
40 13
40 12
40 11
39 11
38 10
37 9
36 9
35 8
34 7
33 7
32 6
31 5
30 5
29 4
28 3
27 3
26 2
25 2
24 1
23 1
22 1
21 1
