99 1
98 2
97 2
96 2
95 2
94 2
93 2
92 3
91 3
90 3
89 3
88 4
87 4
86 4
85 5
84 5
83 5
82 6
81 6
80 6
79 7
78 7
77 8
76 8
75 9
74 9
73 10
72 10
71 11
70 11
69 12
68 12
67 13
66 14
65 14
64 15
63 16
62 17
61 17
60 18
59 19
58 20
57 21
56 21
55 22
54 23
53 24
52 25
51 26
50 27
49 28
48 29
48 30
47 31
46 32
45 33
45 34
44 35
43 36
42 37
42 38
41 39
41 40
40 41
40 42
39 43
38 44
38 45
37 46
37 47
36 48
36 49
36 50
35 51
35 52
34 53
34 54
33 55
33 56
33 57
32 58
32 59
32 60
31 61
31 62
30 63
30 64
30 65
30 66
29 67
29 68
29 69
29 70
28 71
28 72
28 73
28 74
28 75
28 76
27 77
27 78
27 79
27 80
27 81
27 82
27 83
27 84
27 85
27 86
26 87
26 88
26 89
26 90
26 91
26 92
26 93
26 94
26 95
27 96
27 97
27 98
27 99
27 100
27 101
27 102
27 103
27 104
27 105
27 106
27 107
27 108
27 109
28 110
28 111
28 112
28 113
28 114
28 115
28 116
28 117
28 118
28 119
29 120
29 121
29 122
29 123
29 124
29 125
30 126
30 127
30 128
30 129
30 130
30 131
31 132
31 133
31 134
31 135
32 136
32 137
32 138
32 139
32 140
33 141
33 142
33 143
33 144
33 145
34 146
34 147
34 148
34 149
34 150
35 151
35 152
35 153
36 154
36 155
36 156
37 157
37 158
37 159
38 160
38 161
38 162
38 163
39 164
39 165
39 166
39 167
40 168
40 169
40 170
41 171
41 172
41 173
41 174
42 175
42 176
42 177
43 178
43 179
43 180
44 181
44 182
44 183
44 184
45 185
45 186
45 187
46 188
46 189
46 190
46 191
47 192
47 193
48 193
49 194
50 194
51 194
52 194
53 194
54 194
55 194
56 194
57 194
58 193
59 193
60 194
61 194
62 194
63 194
64 194
65 194
66 194
67 194
68 194
69 194
70 194
71 194
72 194
73 194
74 194
75 194
76 194
77 194
78 194
79 193
80 193
80 192
80 191
80 190
79 189
79 188
79 187
78 186
78 185
77 184
77 183
76 182
76 181
75 180
75 179
75 178
74 177
74 176
73 175
73 174
73 173
72 172
72 171
72 170
71 169
71 168
70 167
70 166
69 165
69 164
69 163
68 162
68 161
67 160
67 159
67 158
67 157
66 156
66 155
66 154
65 153
65 152
65 151
65 150
64 149
64 148
64 147
63 146
63 145
63 144
63 143
62 142
62 141
62 140
62 139
62 138
62 137
62 136
62 135
62 134
62 133
62 132
62 131
62 130
62 129
62 128
62 127
62 126
62 125
62 124
62 123
63 122
63 121
62 120
62 119
62 118
62 117
62 116
62 115
62 114
63 113
63 112
63 111
63 110
63 109
64 108
64 107
65 106
65 105
65 104
65 103
65 102
65 101
65 100
65 99
65 98
66 97
66 96
66 95
66 94
67 93
67 92
68 91
68 90
68 89
68 88
68 87
69 86
70 85
71 84
71 83
72 82
72 81
73 80
73 79
74 78
74 77
75 76
76 75
77 74
78 73
79 72
80 71
81 70
82 70
83 69
84 68
85 68
86 68
87 67
88 67
89 66
90 66
91 65
92 65
93 64
94 64
95 64
96 64
97 64
98 64
99 64
100 64
101 64
102 63
103 63
104 63
105 63
106 63
107 63
108 63
109 63
110 63
111 63
112 63
113 63
114 63
115 63
116 63
117 63
118 64
119 64
120 64
121 64
122 64
123 65
124 65
125 65
126 65
127 66
128 66
129 67
130 67
131 68
132 69
133 70
134 71
135 72
136 73
137 74
138 75
139 76
140 77
141 78
142 79
143 80
144 81
144 82
145 83
145 84
145 85
145 86
145 87
145 88
145 89
145 90
145 91
145 92
146 93
146 94
147 95
147 96
148 97
148 98
148 99
148 100
149 101
149 102
149 103
149 104
149 105
149 106
149 107
149 108
149 109
149 110
149 111
149 112
149 113
150 114
150 115
150 116
150 117
150 118
150 119
150 120
150 121
150 122
150 123
150 124
150 125
150 126
150 127
150 128
150 129
150 130
149 131
149 132
149 133
149 134
149 135
149 136
149 137
149 138
149 139
149 140
149 141
149 142
149 143
149 144
148 145
148 146
148 147
148 148
147 149
147 150
147 151
147 152
147 153
146 154
146 155
146 156
145 157
145 158
144 159
144 160
143 161
143 162
143 163
142 164
142 165
141 166
141 167
140 168
140 169
140 170
140 171
139 172
139 173
138 174
138 175
137 176
137 177
136 178
136 179
136 180
135 181
135 182
134 183
134 184
133 185
133 186
132 187
132 188
131 189
130 190
130 191
130 192
130 193
130 194
130 195
131 195
132 195
133 195
134 195
135 195
136 195
137 195
138 195
139 195
140 195
141 195
142 195
143 195
144 195
145 195
146 195
147 195
148 195
149 195
150 195
151 195
152 195
153 195
154 195
155 195
156 195
157 195
158 195
159 195
160 195
161 195
162 195
163 195
164 195
165 194
165 193
166 192
166 191
166 190
167 189
167 188
167 187
168 186
168 185
168 184
169 183
169 182
170 181
170 180
170 179
171 178
171 177
171 176
171 175
172 174
173 173
173 172
173 171
173 170
173 169
174 168
174 167
174 166
175 165
175 164
176 163
176 162
176 161
176 160
176 159
176 158
177 157
177 156
177 155
178 154
178 153
178 152
178 151
179 150
179 149
179 148
179 147
179 146
180 145
180 144
180 143
181 142
181 141
181 140
181 139
182 138
182 137
182 136
182 135
183 134
183 133
183 132
183 131
183 130
184 129
184 128
184 127
184 126
184 125
184 124
185 123
185 122
185 121
185 120
185 119
185 118
186 117
186 116
186 115
186 114
186 113
186 112
186 111
186 110
186 109
186 108
186 107
187 106
187 105
187 104
187 103
187 102
187 101
187 100
187 99
187 98
188 97
188 96
188 95
188 94
188 93
188 92
188 91
188 90
188 89
188 88
188 87
188 86
188 85
188 84
188 83
188 82
188 81
188 80
188 79
188 78
188 77
188 76
187 75
187 74
187 73
187 72
187 71
187 70
186 69
186 68
186 67
186 66
185 65
185 64
185 63
185 62
185 61
184 60
184 59
183 58
183 57
183 56
182 55
182 54
181 53
181 52
181 51
181 50
180 49
180 48
179 47
179 46
178 45
178 44
177 43
177 42
176 41
176 40
175 39
174 38
174 37
173 36
173 35
172 34
171 33
170 32
169 31
169 30
168 29
167 28
166 27
165 26
164 25
163 24
162 23
161 22
160 21
159 20
158 19
157 19
156 18
155 17
154 16
153 15
152 15
151 14
150 13
149 13
148 12
147 12
146 11
145 10
144 10
143 10
142 9
141 9
140 8
139 8
138 8
137 7
136 7
135 6
134 6
133 6
132 5
131 5
130 4
129 4
128 4
127 4
126 4
125 3
124 3
123 3
122 2
121 2
120 2
119 2
118 2
117 1
116 1
115 1
114 1
113 1
112 1
111 1
110 1
109 1
108 1
107 1
106 1
105 1
104 1
103 1
102 1
101 1
100 1
