40 3
39 4
38 4
37 4
36 4
35 4
34 4
33 4
32 4
31 5
30 5
29 5
28 5
27 5
26 6
25 6
24 7
23 7
22 7
21 8
20 8
19 9
18 10
17 11
16 11
15 12
14 13
13 14
12 15
12 16
11 17
10 17
10 18
9 19
8 20
7 21
7 22
6 23
6 24
5 25
5 26
5 27
4 28
4 29
4 30
3 31
3 32
3 33
3 34
2 35
2 36
2 37
2 38
2 39
2 40
2 41
1 42
1 43
1 44
1 45
1 46
1 47
1 48
1 49
1 50
1 51
1 52
1 53
2 54
2 55
2 56
2 57
2 58
2 59
2 60
3 61
3 62
3 63
3 64
3 65
4 66
4 67
4 68
4 69
4 70
4 71
5 72
5 73
6 74
6 75
6 76
7 77
7 78
7 79
8 80
8 81
9 82
9 83
10 84
11 85
11 86
11 87
12 88
12 89
13 90
14 91
15 91
16 92
17 93
18 93
19 94
19 95
20 95
21 95
22 95
23 95
24 95
25 95
26 95
27 95
28 95
29 95
30 95
31 95
32 95
33 95
34 95
35 95
36 94
36 93
36 92
36 91
36 90
35 89
34 88
34 87
33 86
33 85
32 84
32 83
31 82
31 81
30 80
29 79
29 78
29 77
28 76
28 75
27 74
27 73
27 72
26 71
26 70
26 69
25 68
25 67
25 66
24 65
24 64
24 63
24 62
23 61
23 60
23 59
23 58
23 57
23 56
23 55
23 54
23 53
22 52
22 51
22 50
22 49
22 48
23 47
23 46
23 45
23 44
23 43
24 42
24 41
24 40
24 39
24 38
25 37
25 36
26 35
26 34
27 33
28 32
29 31
30 30
31 29
32 28
33 28
34 27
35 27
36 26
37 26
38 26
39 26
40 26
41 26
42 25
43 25
44 25
45 26
46 26
47 26
48 26
49 26
50 27
51 27
52 28
53 28
54 28
55 29
56 30
57 31
58 32
59 33
60 34
61 35
61 36
62 37
62 38
63 39
63 40
63 41
64 42
64 43
64 44
64 45
64 46
64 47
64 48
64 49
64 50
64 51
64 52
64 53
63 54
63 55
63 56
63 57
62 58
62 59
62 60
62 61
61 62
61 63
61 64
60 65
60 66
60 67
59 68
59 69
59 70
58 71
58 72
57 73
57 74
57 75
56 76
56 77
55 78
55 79
54 80
53 81
53 82
52 83
52 84
51 85
51 86
50 87
50 88
50 89
50 90
50 91
50 92
51 92
52 93
53 94
54 94
55 95
56 95
57 95
58 95
59 95
60 95
61 95
62 95
63 95
64 95
65 95
66 95
67 95
68 95
69 95
70 95
70 94
71 93
72 92
72 91
73 90
74 89
75 88
75 87
76 86
76 85
77 84
77 83
78 82
79 81
79 80
79 79
80 78
80 77
81 76
81 75
82 74
82 73
82 72
83 71
83 70
84 69
84 68
84 67
85 66
85 65
85 64
85 63
86 62
86 61
86 60
86 59
86 58
86 57
86 56
86 55
86 54
86 53
86 52
86 51
86 50
86 49
86 48
86 47
86 46
86 45
86 44
86 43
86 42
86 41
86 40
86 39
86 38
86 37
86 36
86 35
85 34
85 33
84 32
84 31
83 30
83 29
82 28
82 27
81 26
81 25
80 24
79 23
79 22
78 21
77 20
76 19
76 18
75 18
74 17
74 16
73 15
72 15
71 14
71 13
70 13
69 12
68 11
67 10
66 10
65 9
64 9
63 8
62 8
61 7
60 7
59 6
58 6
57 6
56 6
55 5
54 5
53 5
52 5
51 4
50 4
49 4
48 4
47 4
46 4
45 4
44 4
43 3
42 3
41 3
