71 1
70 2
69 2
68 2
67 2
66 2
65 2
64 2
63 3
62 3
61 3
60 3
59 4
58 4
57 4
56 5
55 5
54 5
53 6
52 6
51 6
50 7
49 7
48 8
47 8
46 9
45 9
44 9
43 10
42 10
41 11
40 12
39 12
38 13
37 13
37 14
36 15
35 15
34 15
33 16
32 17
31 18
30 19
29 19
28 20
27 21
26 22
25 23
25 24
24 25
23 25
22 26
22 27
21 28
20 29
19 30
18 31
18 32
17 33
16 34
15 35
15 36
14 37
13 38
13 39
12 40
12 41
11 42
11 43
10 44
10 45
9 46
9 47
9 48
8 49
8 50
8 51
7 52
7 53
7 54
6 55
6 56
5 57
5 58
5 59
5 60
4 61
4 62
4 63
4 64
3 65
3 66
3 67
3 68
2 69
2 70
2 71
2 72
2 73
2 74
1 75
1 76
1 77
1 78
1 79
1 80
1 81
1 82
1 83
1 84
1 85
1 86
1 87
1 88
1 89
1 90
1 91
1 92
1 93
1 94
1 95
1 96
1 97
1 98
1 99
1 100
1 101
1 102
1 103
1 104
1 105
1 106
1 107
1 108
1 109
2 110
2 111
2 112
2 113
2 114
2 115
3 116
3 117
3 118
3 119
3 120
4 121
4 122
4 123
5 124
5 125
5 126
5 127
5 128
6 129
6 130
7 131
7 132
7 133
7 134
8 135
8 136
8 137
8 138
9 139
9 140
10 141
10 142
10 143
11 144
11 145
12 146
12 147
12 148
13 149
13 150
14 151
14 152
15 153
16 154
16 155
17 156
17 157
18 158
18 159
19 160
19 161
20 162
20 163
21 164
21 165
22 166
23 167
23 168
24 169
25 170
26 171
26 172
27 173
27 174
28 175
29 175
30 175
31 175
32 175
33 175
34 175
35 175
36 175
37 175
38 175
39 175
40 175
40 174
40 173
40 172
40 171
39 170
39 169
39 168
38 167
37 166
37 165
37 164
36 163
36 162
35 161
35 160
34 159
34 158
33 157
33 156
32 155
32 154
32 153
32 152
31 151
31 150
30 149
30 148
30 147
30 146
29 145
29 144
29 143
29 142
28 141
28 140
28 139
28 138
27 137
27 136
27 135
26 134
26 133
26 132
26 131
26 130
26 129
26 128
26 127
25 126
25 125
25 124
25 123
25 122
25 121
25 120
25 119
24 118
24 117
24 116
24 115
24 114
24 113
24 112
24 111
24 110
24 109
24 108
24 107
24 106
24 105
24 104
24 103
24 102
24 101
25 100
25 99
25 98
25 97
25 96
25 95
25 94
25 93
25 92
26 91
26 90
26 89
26 88
26 87
26 86
27 85
27 84
27 83
27 82
27 81
28 80
28 79
28 78
28 77
29 76
29 75
29 74
30 73
30 72
30 71
31 70
31 69
31 68
32 67
32 66
33 65
33 64
34 63
34 62
34 61
35 60
35 59
36 58
37 57
37 56
38 55
38 54
39 53
40 52
40 51
41 50
42 49
42 48
43 47
44 46
45 45
45 44
46 43
47 43
48 42
49 41
50 40
51 39
52 38
53 37
54 37
55 36
56 35
57 34
58 34
59 33
60 33
61 32
62 32
63 31
64 31
65 30
66 30
67 30
68 29
69 29
70 29
71 29
72 28
73 28
74 28
75 28
76 27
77 27
78 27
79 27
80 27
81 27
82 27
83 27
84 27
85 27
86 28
87 28
88 28
89 28
90 28
91 28
92 28
93 28
94 28
95 28
96 29
97 29
98 30
99 30
100 30
101 30
102 31
103 31
104 32
105 32
106 33
107 33
108 34
109 34
110 35
111 35
112 36
113 37
114 37
115 38
115 39
116 39
117 40
118 41
119 42
120 43
121 44
122 45
123 46
124 47
125 48
125 49
126 50
127 51
127 52
128 53
128 54
129 55
130 56
130 57
131 58
131 59
131 60
132 61
132 62
133 63
133 64
134 65
134 66
134 67
135 68
135 69
135 70
136 71
136 72
136 73
137 74
137 75
137 76
137 77
138 78
138 79
138 80
138 81
139 82
139 83
139 84
139 85
139 86
139 87
140 88
139 89
139 90
139 91
139 92
140 93
140 94
140 95
140 96
140 97
140 98
140 99
140 100
140 101
140 102
140 103
140 104
140 105
140 106
140 107
140 108
140 109
140 110
140 111
140 112
140 113
140 114
140 115
140 116
140 117
140 118
139 119
139 120
139 121
139 122
139 123
139 124
139 125
139 126
138 127
138 128
138 129
138 130
138 131
138 132
138 133
137 134
137 135
137 136
136 137
136 138
136 139
136 140
135 141
135 142
135 143
134 144
134 145
134 146
133 147
133 148
132 149
132 150
131 151
131 152
131 153
130 154
130 155
129 156
129 157
128 158
128 159
127 160
127 161
126 162
126 163
125 164
125 165
124 166
123 167
123 168
122 169
122 170
121 171
121 172
120 173
119 174
119 175
119 176
120 176
121 176
122 176
123 176
124 176
125 176
126 176
127 176
128 176
129 176
130 176
131 176
132 176
133 176
134 176
135 175
135 174
136 173
137 172
138 171
138 170
139 169
139 168
140 167
140 166
141 165
142 164
142 163
143 162
144 161
144 160
145 159
145 158
146 157
146 156
147 155
148 154
148 153
148 152
149 151
150 150
150 149
150 148
151 147
152 146
152 145
152 144
153 143
154 142
154 141
154 140
155 139
155 138
155 137
156 136
156 135
157 134
158 133
158 132
158 131
158 130
159 129
159 128
159 127
159 126
159 125
160 124
160 123
160 122
161 121
161 120
161 119
161 118
162 117
162 116
162 115
162 114
162 113
162 112
162 111
163 110
163 109
163 108
163 107
163 106
164 105
164 104
164 103
164 102
164 101
164 100
164 99
164 98
164 97
164 96
164 95
164 94
164 93
164 92
164 91
164 90
164 89
164 88
164 87
164 86
164 85
164 84
164 83
164 82
164 81
164 80
164 79
164 78
164 77
164 76
163 75
163 74
163 73
163 72
163 71
163 70
162 69
162 68
162 67
162 66
162 65
162 64
161 63
161 62
161 61
160 60
160 59
160 58
160 57
159 56
159 55
159 54
158 53
158 52
158 51
157 50
157 49
157 48
156 47
155 46
155 45
155 44
154 43
153 42
153 41
152 40
152 39
151 38
151 37
150 37
149 36
149 35
148 34
147 33
147 32
146 31
145 30
144 29
143 28
142 27
141 26
140 25
139 24
138 23
137 22
136 21
135 20
134 20
133 19
132 18
131 17
130 16
129 16
128 15
127 14
126 13
125 13
124 12
123 11
122 11
121 10
120 10
119 9
118 9
117 8
116 8
115 8
114 7
113 7
112 6
111 6
110 6
109 5
108 5
107 4
106 4
105 4
104 4
103 3
102 3
101 3
100 2
99 2
98 2
97 2
96 2
95 2
94 1
93 1
92 1
91 1
90 1
89 1
88 1
87 1
86 1
86 2
85 3
84 3
83 3
82 3
81 3
80 3
79 3
78 3
77 3
76 2
76 1
75 1
74 1
73 1
72 1
