102 7
101 8
100 8
99 8
98 8
97 8
96 9
95 9
94 9
93 9
92 10
91 10
90 9
89 9
88 9
87 9
86 10
85 10
84 10
83 10
82 10
81 10
80 9
79 9
78 9
77 9
76 9
75 9
74 9
73 9
72 8
71 8
70 8
69 8
68 8
67 8
66 8
65 8
64 8
63 9
62 9
61 9
60 10
59 10
58 10
57 10
56 10
55 11
54 11
53 12
52 13
51 13
50 14
49 14
48 15
47 16
46 16
45 17
44 17
44 18
43 19
42 19
41 20
40 21
39 22
38 23
37 23
37 24
36 25
35 26
34 26
34 27
33 28
32 29
32 30
31 31
30 32
29 33
29 34
28 35
27 36
27 37
27 38
26 39
25 40
25 41
24 42
24 43
24 44
23 45
22 46
22 47
21 48
21 49
21 50
20 51
20 52
19 53
19 54
18 55
18 56
18 57
18 58
17 59
17 60
17 61
17 62
16 63
16 64
16 65
16 66
16 67
15 68
15 69
15 70
15 71
14 72
14 73
14 74
14 75
14 76
14 77
13 78
13 79
13 80
13 81
13 82
13 83
13 84
13 85
13 86
13 87
13 88
13 89
13 90
13 91
13 92
13 93
13 94
13 95
13 96
13 97
13 98
13 99
13 100
13 101
13 102
13 103
13 104
13 105
13 106
13 107
14 108
14 109
14 110
14 111
14 112
14 113
14 114
15 115
15 116
15 117
16 118
16 119
16 120
16 121
16 122
17 123
17 124
17 125
18 126
18 127
18 128
19 129
19 130
20 131
20 132
20 133
21 134
21 135
22 136
22 137
22 138
23 139
23 140
24 141
24 142
25 143
25 144
26 145
26 146
27 147
27 148
27 149
28 150
29 151
29 152
30 153
30 154
31 155
31 156
32 157
33 158
33 159
34 160
34 161
35 162
36 163
36 164
37 164
38 164
39 164
40 164
41 164
42 164
43 164
44 164
45 164
46 164
47 164
48 164
49 164
50 164
51 164
52 164
53 164
54 163
54 162
54 161
54 160
54 159
54 158
54 157
54 156
53 155
53 154
53 153
52 152
52 151
51 150
51 149
51 148
50 147
50 146
50 145
49 144
49 143
48 142
48 141
48 140
47 139
47 138
46 137
46 136
45 135
45 134
45 133
44 132
44 131
44 130
43 129
43 128
43 127
42 126
42 125
42 124
41 123
41 122
41 121
41 120
40 119
40 118
40 117
40 116
40 115
40 114
40 113
40 112
39 111
39 110
39 109
39 108
39 107
39 106
39 105
39 104
39 103
39 102
39 101
39 100
39 99
39 98
39 97
39 96
39 95
39 94
39 93
39 92
39 91
39 90
39 89
39 88
40 87
40 86
40 85
40 84
40 83
40 82
40 81
41 80
41 79
41 78
41 77
42 76
42 75
42 74
42 73
43 72
43 71
44 70
44 69
44 68
44 67
45 66
45 65
46 64
46 63
47 62
47 61
47 60
48 59
49 58
49 57
50 56
51 55
51 54
52 53
52 52
53 51
54 50
55 49
55 48
56 47
57 46
58 45
59 44
60 43
61 42
62 41
63 40
64 40
65 39
66 38
67 37
68 37
69 37
70 36
71 36
72 35
73 35
74 34
75 34
76 34
77 33
78 33
79 33
80 33
81 32
82 32
83 32
84 32
85 32
86 32
87 32
88 33
89 33
90 33
91 33
92 33
93 33
94 34
95 34
96 34
97 34
98 34
99 35
100 35
101 36
102 36
103 36
104 37
105 37
106 38
107 38
108 39
109 39
110 40
111 41
112 42
113 42
114 43
115 44
116 45
117 46
118 47
119 48
120 49
121 49
122 50
122 51
123 52
123 53
124 54
125 55
125 56
126 57
126 58
127 59
127 60
128 61
128 62
129 63
129 64
130 65
130 66
130 67
131 68
131 69
131 70
131 71
132 72
132 73
132 74
132 75
133 76
133 77
133 78
133 79
133 80
134 81
134 82
134 83
134 84
134 85
134 86
134 87
134 88
134 89
134 90
134 91
134 92
134 93
134 94
134 95
134 96
133 97
133 98
133 99
133 100
133 101
133 102
133 103
133 104
133 105
133 106
132 107
132 108
132 109
132 110
132 111
132 112
131 113
131 114
131 115
131 116
131 117
131 118
131 119
131 120
131 121
130 122
130 123
130 124
130 125
130 126
129 127
129 128
129 129
129 130
128 131
128 132
128 133
127 134
127 135
127 136
127 137
126 138
126 139
126 140
126 141
125 142
125 143
125 144
125 145
125 146
124 147
124 148
123 149
123 150
123 151
123 152
122 153
122 154
122 155
122 156
122 157
121 158
121 159
121 160
121 161
121 162
121 163
122 164
123 164
124 164
125 164
126 164
127 164
128 164
129 164
130 164
131 164
132 164
133 164
134 164
135 164
136 163
136 162
136 161
137 160
138 159
138 158
139 157
139 156
140 155
140 154
141 153
142 152
142 151
143 150
143 149
144 148
144 147
145 146
145 145
146 144
146 143
147 142
147 141
148 140
149 139
149 138
149 137
150 136
150 135
151 134
151 133
152 132
152 131
153 130
153 129
154 128
154 127
155 126
155 125
155 124
156 123
156 122
157 121
157 120
157 119
158 118
158 117
158 116
158 115
158 114
158 113
159 112
159 111
160 110
160 109
160 108
160 107
161 106
161 105
161 104
161 103
161 102
161 101
161 100
161 99
162 98
162 97
162 96
162 95
162 94
162 93
162 92
162 91
162 90
162 89
162 88
162 87
162 86
162 85
161 84
161 83
161 82
161 81
161 80
161 79
161 78
161 77
161 76
161 75
161 74
160 73
160 72
160 71
160 70
160 69
159 68
159 67
159 66
159 65
159 64
158 63
158 62
158 61
158 60
158 59
157 58
156 57
156 56
156 55
156 54
156 53
155 52
154 51
154 50
154 49
153 48
153 47
152 46
152 45
151 44
150 43
150 42
149 41
148 40
148 39
147 38
146 37
146 36
145 35
144 34
143 33
143 32
142 31
141 30
140 29
140 28
139 28
138 27
138 26
137 25
136 24
135 24
134 23
133 22
132 21
131 20
130 19
129 18
128 18
127 17
126 16
125 16
124 16
123 15
122 14
121 14
120 13
119 13
118 12
117 12
116 11
115 11
114 10
113 10
112 10
111 9
110 9
109 8
108 8
107 8
106 8
105 7
104 7
103 7
