42 1
41 2
40 2
39 2
38 2
37 2
36 2
35 3
34 3
33 3
32 3
31 4
30 4
29 4
28 4
27 5
26 5
25 5
24 6
23 6
22 7
21 7
20 8
19 8
18 9
17 10
16 11
15 11
14 12
14 13
13 14
12 15
11 16
10 17
10 18
9 19
8 20
8 21
7 22
6 23
6 24
5 25
5 26
4 27
4 28
4 29
3 30
3 31
3 32
3 33
2 34
2 35
2 36
2 37
2 38
1 39
1 40
1 41
1 42
1 43
1 44
1 45
1 46
1 47
1 48
1 49
1 50
1 51
1 52
1 53
1 54
1 55
1 56
2 57
2 58
2 59
2 60
2 61
2 62
2 63
3 64
3 65
4 66
4 67
4 68
4 69
5 70
5 71
5 72
6 73
6 74
6 75
7 76
7 77
7 78
8 79
8 80
9 81
9 82
9 83
10 84
10 85
11 86
11 87
12 88
12 89
12 90
13 91
13 92
14 93
14 94
14 95
14 96
14 97
14 98
14 99
14 100
15 101
16 102
17 103
18 104
19 105
20 106
21 106
22 106
23 106
24 106
25 106
26 105
27 105
28 104
29 103
30 103
30 102
31 101
32 101
32 100
33 99
34 99
35 98
36 97
37 96
38 96
38 95
38 94
38 93
38 92
37 91
36 90
36 89
35 88
35 87
34 86
34 85
34 84
33 83
33 82
32 81
32 80
32 79
31 78
31 77
31 76
31 75
30 74
30 73
30 72
29 71
29 70
29 69
29 68
29 67
28 66
28 65
28 64
28 63
28 62
28 61
28 60
28 59
27 58
27 57
27 56
27 55
27 54
27 53
27 52
27 51
27 50
28 49
28 48
28 47
28 46
29 45
29 44
29 43
30 42
31 41
31 40
32 39
33 39
34 38
35 37
36 37
37 36
38 36
39 35
40 35
41 35
42 35
43 34
44 34
45 34
46 34
47 35
48 35
49 35
50 35
51 35
52 36
53 36
54 37
55 38
56 38
57 39
57 40
58 41
59 42
60 43
60 44
61 45
61 46
61 47
61 48
61 49
61 50
61 51
61 52
61 53
61 54
62 55
62 56
62 57
61 58
61 59
61 60
61 61
61 62
61 63
61 64
61 65
60 66
60 67
60 68
60 69
59 70
59 71
58 72
58 73
58 74
58 75
57 76
57 77
57 78
56 79
56 80
55 81
55 82
55 83
54 84
54 85
54 86
53 87
52 88
52 89
52 90
51 91
51 92
50 93
50 94
50 95
50 96
51 96
52 97
53 98
54 98
55 99
56 100
57 100
58 101
59 102
60 102
61 103
62 104
63 104
64 105
65 105
66 106
67 106
68 106
69 106
70 106
70 105
70 104
71 103
72 102
72 101
73 100
74 99
74 98
74 97
74 96
74 95
74 94
73 93
73 92
73 91
74 90
74 89
75 88
76 87
76 86
77 85
77 84
78 83
78 82
79 81
79 80
80 79
80 78
81 77
81 76
82 75
82 74
83 73
83 72
84 71
84 70
84 69
85 68
85 67
86 66
86 65
86 64
87 63
87 62
87 61
88 60
88 59
88 58
88 57
89 56
89 55
89 54
89 53
89 52
89 51
89 50
89 49
89 48
89 47
89 46
89 45
89 44
89 43
89 42
89 41
89 40
89 39
89 38
89 37
89 36
89 35
89 34
89 33
88 32
88 31
88 30
88 29
87 28
87 27
87 26
86 25
86 24
85 23
84 22
84 21
83 20
83 19
82 18
81 17
80 16
80 15
79 14
79 13
78 13
77 12
76 11
75 10
74 10
73 9
72 8
71 7
70 7
69 6
68 6
67 6
66 6
65 5
64 5
63 4
62 4
61 4
60 3
59 3
58 3
57 3
56 2
55 2
54 2
53 2
52 2
51 2
50 2
49 1
48 1
47 1
46 1
45 1
44 1
43 1
