23 1
22 2
22 3
22 4
21 5
20 6
19 5
18 5
17 4
16 4
15 4
14 4
14 5
13 6
12 7
12 8
12 9
12 10
11 11
10 11
10 12
9 13
9 14
8 15
8 16
7 17
7 18
7 19
7 20
7 21
7 22
6 23
5 24
5 25
4 26
4 27
3 28
2 29
1 30
1 31
1 32
1 33
1 34
1 35
1 36
1 37
2 38
2 39
3 39
4 40
5 40
6 40
7 40
8 40
9 40
10 40
11 39
12 39
13 38
14 38
15 37
16 37
16 36
17 35
18 35
19 34
20 34
21 33
22 33
23 33
24 32
25 31
26 31
27 31
28 30
29 30
30 30
31 31
31 32
32 33
32 34
32 35
33 36
34 37
34 38
34 39
35 40
35 41
35 42
35 43
36 44
36 45
36 46
36 47
37 48
37 49
37 50
37 51
37 52
38 53
38 54
38 55
38 56
38 57
38 58
38 59
39 60
39 61
39 62
38 63
39 64
38 65
38 66
38 67
38 68
38 69
38 70
38 71
38 72
39 73
40 74
40 75
40 76
41 77
41 78
42 79
42 80
42 81
43 82
43 83
44 84
45 84
46 85
46 86
46 87
46 88
47 88
48 89
49 90
49 91
49 92
49 93
49 94
49 95
49 96
49 97
49 98
49 99
49 100
49 101
49 102
48 103
48 104
48 105
48 106
48 107
48 108
49 109
49 110
49 111
49 112
49 113
49 114
49 115
48 116
48 117
48 118
48 119
48 120
48 121
48 122
48 123
48 124
48 125
48 126
47 127
47 128
47 129
47 130
47 131
47 132
47 133
46 134
46 135
45 136
45 137
45 138
46 139
47 139
48 139
49 139
50 139
51 139
52 139
53 139
54 139
55 138
55 137
55 136
54 135
54 134
54 133
54 132
55 131
55 130
55 129
55 128
55 127
55 126
55 125
55 124
55 123
56 122
56 121
56 120
56 119
56 118
57 117
57 116
57 115
58 114
58 113
59 112
60 113
60 114
61 115
61 116
61 117
61 118
61 119
61 120
61 121
61 122
61 123
61 124
61 125
60 126
60 127
60 128
60 129
60 130
59 131
59 132
59 133
59 134
59 135
58 136
58 137
58 138
59 138
60 138
61 138
62 138
63 138
64 138
65 138
66 138
67 138
67 137
67 136
67 135
67 134
67 133
67 132
66 131
66 130
66 129
66 128
66 127
66 126
66 125
66 124
66 123
66 122
66 121
66 120
67 119
67 118
67 117
67 116
67 115
67 114
67 113
68 112
68 111
68 110
68 109
68 108
68 107
68 106
68 105
68 104
68 103
68 102
68 101
68 100
68 99
68 98
68 97
68 96
68 95
68 94
69 93
70 93
71 92
72 92
73 92
74 91
75 91
76 91
77 90
78 90
79 90
80 90
81 89
82 88
83 87
84 87
85 86
86 86
87 86
88 86
89 86
90 85
91 84
92 84
93 83
94 82
95 81
96 80
97 80
98 80
99 79
100 79
101 79
102 80
102 81
102 82
103 83
104 84
105 85
105 86
106 87
106 88
106 89
107 89
108 90
108 91
109 92
110 93
110 94
111 95
112 96
113 97
114 98
115 99
115 100
116 101
117 102
117 103
117 104
117 105
117 106
117 107
117 108
117 109
117 110
117 111
117 112
117 113
117 114
117 115
116 116
116 117
116 118
116 119
116 120
116 121
115 122
115 123
114 124
114 125
113 126
113 127
112 128
113 129
114 130
115 130
116 130
117 130
118 130
119 130
120 130
121 129
120 128
120 127
120 126
120 125
120 124
120 123
120 122
121 121
121 120
122 119
122 118
123 117
123 116
123 115
123 114
123 113
124 112
124 111
125 110
126 109
127 108
127 107
127 106
127 105
127 104
127 103
127 102
127 101
127 100
126 99
126 98
127 97
128 96
127 95
126 94
126 93
125 92
124 91
124 90
123 89
123 88
123 87
124 86
125 87
126 88
127 88
128 89
129 89
130 89
131 90
132 91
133 91
134 92
134 93
135 93
136 93
137 94
137 95
138 96
138 97
139 98
140 99
140 100
140 101
141 102
142 103
142 104
142 105
142 106
143 107
143 108
143 109
143 110
143 111
143 112
143 113
143 114
143 115
143 116
144 117
144 118
144 119
144 120
144 121
144 122
144 123
144 124
144 125
144 126
144 127
143 128
143 129
142 130
143 130
144 131
145 131
146 131
147 131
148 130
149 130
150 130
150 129
149 128
150 127
150 126
150 125
150 124
150 123
150 122
150 121
150 120
150 119
150 118
150 117
150 116
151 115
151 114
151 113
151 112
150 111
150 110
150 109
150 108
150 107
150 106
150 105
150 104
150 103
150 102
150 101
151 100
151 99
152 98
153 97
153 96
153 95
153 94
153 93
152 92
151 91
151 90
150 89
149 88
148 87
148 86
147 85
146 84
146 83
145 82
145 81
145 80
144 79
144 78
145 77
145 76
145 75
145 74
145 73
145 72
145 71
145 70
145 69
145 68
144 67
144 66
144 65
144 64
144 63
144 62
144 61
144 60
144 59
144 58
144 57
143 56
143 55
143 54
143 53
142 52
142 51
142 50
141 49
141 48
141 47
140 46
140 45
140 44
139 43
139 42
140 41
141 41
142 41
143 42
144 42
145 43
146 44
147 45
147 46
147 47
148 48
148 49
148 50
148 51
147 52
147 53
147 54
147 55
147 56
147 57
147 58
147 59
147 60
147 61
148 62
148 63
148 64
148 65
148 66
149 67
149 68
149 69
149 70
150 71
150 72
150 73
150 74
151 75
152 76
152 77
152 78
153 79
154 80
155 80
156 81
156 82
156 83
156 84
157 85
157 86
157 87
157 88
157 89
157 90
156 91
156 92
156 93
156 94
157 94
158 94
159 94
159 93
159 92
160 91
160 90
160 89
161 88
162 88
162 87
163 86
164 86
164 85
164 84
165 83
165 82
165 81
165 80
165 79
165 78
166 77
166 76
166 75
167 74
167 73
167 72
167 71
167 70
167 69
167 68
167 67
167 66
167 65
166 64
166 63
166 62
166 61
165 60
165 59
164 58
164 57
164 56
163 55
162 54
162 53
161 52
161 51
160 50
160 49
159 48
159 47
159 46
159 45
159 44
159 43
159 42
158 41
158 40
157 39
157 38
157 37
156 36
156 35
155 34
154 33
154 32
153 31
152 31
151 30
150 30
149 30
148 29
147 29
146 29
145 29
144 29
143 29
142 29
141 29
140 29
139 29
138 30
137 30
136 31
135 32
134 33
133 34
133 35
132 36
131 37
130 38
129 37
128 37
127 37
126 37
125 37
124 37
123 37
122 37
121 37
120 37
119 36
118 36
117 36
116 36
115 37
114 37
113 37
112 37
111 37
110 38
109 38
108 38
107 38
106 39
105 39
104 39
103 39
102 39
101 39
100 39
99 38
99 37
99 36
100 35
100 34
100 33
100 32
99 31
98 31
97 30
96 30
95 30
94 30
93 31
92 31
92 32
91 33
91 34
90 35
89 35
88 36
87 37
86 37
85 38
84 39
83 39
82 39
81 39
80 38
79 37
79 36
78 35
77 35
76 34
75 34
74 34
73 34
72 34
71 35
70 35
69 35
69 36
68 37
67 38
66 37
66 36
66 35
66 34
65 33
64 32
64 31
63 31
62 31
61 31
60 30
60 29
60 28
59 27
59 26
58 25
57 24
56 23
55 22
55 21
54 20
54 19
53 18
52 17
51 17
50 16
50 15
49 14
48 14
47 13
46 12
45 12
44 11
44 10
43 9
42 9
41 8
40 8
39 8
38 7
37 7
36 6
35 6
34 6
33 6
32 6
31 5
30 5
29 5
28 4
28 3
28 2
27 1
26 1
25 1
24 1
