218 65
217 66
216 67
215 68
214 69
213 70
212 71
211 72
210 73
209 73
209 74
209 75
208 76
208 77
208 78
207 79
207 80
207 81
207 82
206 83
206 84
206 85
206 86
206 87
206 88
205 89
205 90
205 91
205 92
205 93
205 94
204 95
203 96
202 97
201 97
200 98
199 98
198 99
197 100
196 100
195 101
194 101
193 102
192 103
191 104
190 104
189 105
188 106
187 107
186 107
185 108
184 109
183 110
182 111
181 111
180 112
179 113
178 114
177 115
176 116
175 117
174 118
173 119
172 120
171 121
170 122
169 123
168 124
167 125
166 126
165 127
165 128
164 129
163 130
162 131
161 132
160 133
160 134
159 135
158 136
157 137
157 138
156 139
155 140
155 141
154 142
153 143
153 144
152 145
151 146
151 147
150 148
149 149
149 150
148 151
148 152
147 153
146 154
146 155
145 156
145 157
144 158
144 159
143 160
143 161
142 162
142 163
141 164
141 165
140 166
140 167
139 168
139 169
138 170
138 171
137 172
137 173
136 174
136 175
136 176
135 177
135 178
134 179
133 179
132 179
131 179
130 179
129 180
128 180
127 181
126 181
125 182
124 183
123 184
122 185
121 186
121 187
120 188
119 189
119 190
118 191
118 192
117 193
117 194
116 195
116 196
115 197
115 198
114 199
114 200
114 201
113 202
113 203
113 204
112 205
112 206
112 207
111 208
111 209
111 210
111 211
110 212
110 213
110 214
110 215
109 216
109 217
109 218
109 219
109 220
108 221
108 222
108 223
108 224
108 225
108 226
107 227
107 228
107 229
107 230
107 231
107 232
107 233
106 234
106 235
106 236
106 237
106 238
106 239
106 240
106 241
106 242
106 243
105 244
105 245
105 246
105 247
105 248
105 249
105 250
105 251
105 252
105 253
105 254
105 255
105 256
105 257
105 258
105 259
105 260
105 261
105 262
105 263
105 264
105 265
105 266
105 267
105 268
105 269
105 270
105 271
105 272
105 273
105 274
106 275
106 276
106 277
106 278
106 279
106 280
106 281
106 282
106 283
106 284
107 285
107 286
107 287
107 288
107 289
107 290
107 291
108 292
108 293
108 294
108 295
108 296
108 297
109 298
109 299
109 300
109 301
109 302
110 303
110 304
110 305
110 306
111 307
111 308
111 309
111 310
112 311
112 312
112 313
113 314
113 315
113 316
114 317
114 318
114 319
115 320
115 321
116 322
116 323
117 324
117 325
118 326
118 327
119 328
119 329
120 330
121 331
121 332
122 333
123 334
124 335
125 336
126 337
127 337
128 338
129 338
130 339
131 339
132 339
133 340
134 341
134 342
134 343
135 344
135 345
136 346
136 347
136 348
137 349
137 350
138 351
138 352
139 353
139 354
140 355
140 356
141 357
141 358
142 359
142 360
143 361
143 362
144 363
144 364
145 365
145 366
146 367
146 368
147 369
148 370
148 371
149 372
149 373
150 374
151 375
151 376
152 377
153 378
153 379
154 380
155 381
155 382
156 383
157 384
157 385
158 386
159 387
160 388
160 389
161 390
162 391
163 392
164 393
165 394
165 395
166 396
167 397
168 398
169 399
170 400
171 401
172 402
173 403
174 404
175 405
176 406
177 407
178 408
179 409
180 410
181 411
182 411
183 412
184 413
185 414
186 415
187 415
188 416
189 417
190 418
191 418
192 419
193 420
194 421
195 421
196 422
197 422
198 423
198 424
198 425
198 426
198 427
198 428
198 429
198 430
198 431
198 432
198 433
199 434
199 435
199 436
199 437
199 438
199 439
200 440
200 441
200 442
200 443
201 444
201 445
201 446
202 447
202 448
202 449
203 450
203 451
204 452
204 453
204 454
205 455
205 456
206 457
206 458
207 459
208 460
208 461
209 462
210 463
210 464
211 465
212 466
212 467
213 468
214 469
215 470
216 471
217 472
218 473
219 474
220 475
221 476
222 477
223 478
224 479
225 479
226 480
227 481
228 481
229 482
230 483
231 483
232 484
233 485
234 485
235 486
236 486
237 487
238 487
239 487
240 488
241 488
242 489
243 489
244 489
245 490
246 490
247 490
248 491
249 491
250 491
251 491
252 492
253 492
254 492
255 492
256 492
257 492
258 493
259 493
260 493
261 493
262 493
263 493
264 493
265 493
266 493
267 493
268 493
269 493
270 493
271 493
272 493
273 493
274 493
275 492
276 492
277 492
278 492
279 492
280 492
281 491
282 491
283 491
284 491
285 490
286 490
287 490
288 489
289 489
290 489
291 488
292 488
293 487
294 487
295 487
296 486
297 486
298 485
299 485
300 484
301 483
302 483
303 482
304 481
305 481
306 480
307 479
308 479
309 478
310 477
311 476
312 475
313 474
314 473
315 472
316 471
317 470
318 469
319 468
320 467
320 466
321 465
322 464
322 463
323 462
324 461
324 460
325 459
326 458
326 457
327 456
327 455
328 454
328 453
328 452
329 451
329 450
330 449
330 448
330 447
331 446
331 445
331 444
332 443
332 442
332 441
332 440
333 439
333 438
333 437
333 436
333 435
333 434
334 433
334 432
334 431
334 430
334 429
334 428
334 427
334 426
334 425
334 424
334 423
334 422
334 421
334 420
334 419
334 418
334 417
333 416
333 415
333 414
334 413
335 412
336 411
337 411
338 410
339 409
340 408
341 407
342 406
343 405
344 404
345 403
346 402
347 401
348 400
349 399
350 398
351 397
352 396
353 395
354 394
355 395
356 395
357 396
358 396
359 397
360 397
361 397
362 398
363 398
364 398
365 398
366 398
367 398
368 398
369 398
370 398
371 397
372 397
373 397
374 396
375 396
376 395
377 395
378 394
379 394
380 393
381 392
382 391
383 391
384 390
385 389
386 388
387 387
387 386
388 385
389 384
390 383
390 382
391 381
392 380
392 379
393 378
394 379
394 380
395 381
395 382
396 383
397 384
398 385
399 386
399 387
400 387
401 388
402 389
403 390
404 390
405 391
406 391
407 392
408 392
409 392
410 392
411 392
412 392
413 392
414 391
415 391
416 390
417 390
418 389
419 388
420 387
421 387
421 386
422 385
423 384
424 383
425 382
425 381
426 380
426 379
427 378
428 377
428 376
429 375
429 374
430 373
430 372
431 371
431 370
431 369
432 368
432 367
433 366
433 365
433 364
434 363
434 362
435 361
435 360
435 359
435 358
436 357
436 356
436 355
437 354
437 353
437 352
438 351
438 350
438 349
438 348
439 347
439 346
439 345
439 344
440 343
440 342
440 341
440 340
440 339
441 338
441 337
441 336
441 335
442 334
442 333
442 332
442 331
442 330
442 329
443 328
443 327
443 326
443 325
443 324
443 323
444 322
444 321
444 320
444 319
444 318
444 317
444 316
445 315
445 314
445 313
445 312
445 311
445 310
445 309
445 308
446 307
446 306
446 305
446 304
446 303
446 302
446 301
446 300
446 299
446 298
447 297
447 296
447 295
447 294
447 293
447 292
447 291
447 290
447 289
447 288
447 287
447 286
447 285
447 284
447 283
448 282
448 281
448 280
448 279
448 278
448 277
448 276
448 275
448 274
448 273
448 272
448 271
448 270
448 269
448 268
448 267
448 266
448 265
448 264
448 263
448 262
448 261
448 260
448 259
448 258
448 257
448 256
448 255
448 254
448 253
448 252
448 251
448 250
448 249
448 248
448 247
448 246
448 245
448 244
448 243
448 242
448 241
448 240
447 239
447 238
447 237
447 236
447 235
447 234
447 233
447 232
447 231
447 230
447 229
447 228
447 227
447 226
447 225
446 224
446 223
446 222
446 221
446 220
446 219
446 218
446 217
446 216
446 215
445 214
445 213
445 212
445 211
445 210
445 209
445 208
445 207
444 206
444 205
444 204
444 203
444 202
444 201
444 200
443 199
443 198
443 197
443 196
443 195
443 194
442 193
442 192
442 191
442 190
442 189
442 188
441 187
441 186
441 185
441 184
440 183
440 182
440 181
440 180
440 179
439 178
439 177
439 176
439 175
438 174
438 173
438 172
438 171
437 170
437 169
437 168
436 167
436 166
436 165
435 164
435 163
435 162
435 161
434 160
434 159
433 158
433 157
433 156
432 155
432 154
431 153
431 152
431 151
430 150
430 149
429 148
429 147
428 146
428 145
427 144
426 143
426 142
425 141
425 140
424 139
423 138
422 137
421 136
421 135
420 135
419 134
418 133
417 132
416 132
415 131
414 131
413 130
412 130
411 130
410 130
409 130
408 130
407 130
406 131
405 131
404 132
403 132
402 133
401 134
400 135
399 135
399 136
398 137
397 138
396 139
395 140
395 141
394 142
394 143
393 144
392 143
392 142
391 141
390 140
390 139
389 138
388 137
387 136
387 135
386 134
385 133
384 132
383 131
382 131
381 130
380 129
379 128
378 128
377 127
376 127
375 126
374 126
373 125
372 125
371 125
370 124
369 124
368 124
367 124
366 124
365 124
364 124
363 124
362 124
361 125
360 125
359 125
358 126
357 126
356 127
355 127
354 128
353 127
352 126
351 125
350 124
349 123
348 122
347 121
346 120
345 119
344 118
343 117
342 116
341 115
340 114
339 113
338 112
337 111
336 111
335 110
334 109
333 108
332 107
331 107
330 106
329 105
328 104
329 103
329 102
329 101
329 100
329 99
329 98
329 97
329 96
329 95
329 94
329 93
329 92
329 91
329 90
329 89
328 88
328 87
328 86
328 85
328 84
328 83
327 82
327 81
327 80
327 79
326 78
326 77
326 76
325 75
325 74
324 73
323 72
322 71
321 71
320 70
319 70
318 70
317 70
316 70
315 69
314 69
313 68
312 67
311 66
310 65
309 65
308 65
307 65
306 65
305 65
304 65
303 66
302 66
302 67
302 68
302 69
302 70
302 71
302 72
302 73
302 74
303 75
303 76
303 77
304 78
304 79
304 80
305 81
305 82
305 83
305 84
306 85
306 86
306 87
306 88
306 89
306 90
305 91
304 91
303 90
302 90
301 89
300 89
299 88
298 88
297 88
296 87
295 87
294 87
293 86
292 86
291 86
290 85
289 85
288 85
287 85
286 84
285 84
284 84
283 84
282 83
281 83
280 83
279 83
278 83
277 82
276 82
275 82
274 82
273 82
272 82
271 82
270 82
269 81
268 81
267 81
266 81
265 81
264 81
263 81
262 81
261 81
260 81
259 81
258 81
257 81
256 81
255 81
254 81
253 81
252 81
251 81
250 81
249 81
248 82
247 82
246 82
245 82
244 82
243 82
242 82
241 82
240 83
239 83
238 83
237 83
236 83
235 84
234 84
233 84
232 84
231 85
230 85
229 85
228 85
227 84
227 83
227 82
227 81
228 80
228 79
228 78
229 77
229 76
229 75
230 74
230 73
230 72
230 71
230 70
229 69
228 69
227 68
226 68
225 67
224 67
223 66
222 66
221 66
220 65
219 65
