232 67
231 68
230 68
229 68
228 68
227 68
226 68
225 68
224 68
223 68
222 68
221 68
220 68
219 68
218 69
217 69
216 69
215 69
214 69
213 69
212 69
211 69
210 69
209 70
208 70
207 70
206 70
205 70
204 70
203 70
202 70
201 71
200 71
199 71
198 71
197 71
196 71
195 72
194 72
193 72
192 72
191 72
190 73
189 73
188 73
187 73
186 73
185 74
184 74
183 74
182 74
181 74
180 75
179 75
178 75
177 75
176 76
175 76
174 76
173 77
172 77
171 77
170 77
169 78
168 78
167 78
166 79
165 79
164 79
163 80
162 80
161 80
160 81
159 81
158 81
157 82
156 82
155 82
154 83
153 83
152 84
151 84
150 84
149 85
148 85
147 86
146 86
145 87
144 87
143 88
142 88
141 89
140 89
139 90
138 90
137 91
136 91
135 92
134 93
133 93
132 94
131 95
130 95
129 96
128 97
127 98
126 99
125 99
124 100
123 101
122 102
121 103
120 104
120 105
119 106
118 107
117 108
117 109
116 110
116 111
115 112
115 113
114 114
114 115
114 116
114 117
113 118
113 119
113 120
113 121
113 122
113 123
113 124
113 125
113 126
114 127
114 128
114 129
114 130
115 131
115 132
116 133
116 134
117 135
117 136
116 137
115 138
114 138
113 139
112 140
111 140
110 141
109 141
108 142
107 143
106 143
105 144
104 145
103 145
102 146
101 147
100 147
99 148
98 149
97 150
96 150
95 151
94 150
94 149
94 148
93 147
93 146
93 145
93 144
92 143
92 142
92 141
92 140
91 139
91 138
91 137
90 136
90 135
90 134
89 133
89 132
89 131
88 130
88 129
88 128
87 127
87 126
86 125
86 124
85 123
85 122
85 121
84 120
83 119
83 118
82 117
82 116
81 115
80 114
80 113
79 112
78 111
77 110
76 109
75 109
74 108
73 108
72 107
71 107
70 107
69 107
68 107
67 108
66 108
65 109
64 109
63 110
62 111
61 112
60 113
60 114
59 115
58 116
58 117
57 118
57 119
56 120
55 121
55 122
55 123
54 124
54 125
53 126
53 127
52 128
52 129
52 130
51 131
51 132
51 133
50 134
50 135
50 136
49 137
49 138
49 139
48 140
48 141
48 142
48 143
47 144
47 145
47 146
47 147
46 148
46 149
46 150
46 151
45 152
45 153
45 154
45 155
44 156
44 157
44 158
44 159
44 160
43 161
43 162
43 163
43 164
43 165
43 166
42 167
42 168
42 169
42 170
42 171
41 172
41 173
41 174
41 175
41 176
41 177
41 178
40 179
40 180
40 181
40 182
40 183
40 184
40 185
39 186
39 187
39 188
39 189
39 190
39 191
39 192
39 193
39 194
38 195
38 196
38 197
38 198
38 199
38 200
38 201
38 202
38 203
38 204
37 205
37 206
37 207
37 208
37 209
37 210
37 211
37 212
37 213
37 214
37 215
37 216
36 217
36 218
36 219
36 220
36 221
36 222
36 223
36 224
36 225
36 226
36 227
36 228
36 229
36 230
36 231
36 232
36 233
36 234
36 235
35 236
35 237
35 238
35 239
35 240
35 241
35 242
35 243
35 244
35 245
35 246
35 247
35 248
35 249
35 250
35 251
35 252
35 253
35 254
35 255
35 256
35 257
35 258
35 259
35 260
35 261
35 262
35 263
35 264
35 265
35 266
35 267
35 268
35 269
35 270
35 271
35 272
35 273
35 274
35 275
35 276
35 277
35 278
35 279
35 280
35 281
35 282
35 283
35 284
35 285
35 286
36 287
36 288
36 289
36 290
36 291
36 292
36 293
36 294
36 295
36 296
36 297
36 298
36 299
36 300
36 301
36 302
36 303
36 304
36 305
37 306
37 307
37 308
37 309
37 310
37 311
37 312
37 313
37 314
37 315
37 316
37 317
38 318
38 319
38 320
38 321
38 322
38 323
38 324
38 325
38 326
38 327
39 328
39 329
39 330
39 331
39 332
39 333
39 334
39 335
39 336
40 337
40 338
40 339
40 340
40 341
40 342
40 343
41 344
41 345
41 346
41 347
41 348
41 349
41 350
42 351
42 352
42 353
42 354
42 355
43 356
43 357
43 358
43 359
43 360
43 361
44 362
44 363
44 364
44 365
44 366
45 367
45 368
45 369
45 370
46 371
46 372
46 373
46 374
47 375
47 376
47 377
47 378
48 379
49 379
50 379
51 380
52 380
53 380
54 381
55 381
56 382
57 382
58 383
59 384
60 385
61 386
62 387
62 388
63 389
63 390
63 391
63 392
63 393
62 394
62 395
61 396
60 397
59 398
58 399
57 400
56 400
55 401
56 402
57 403
57 404
58 405
58 406
59 407
60 408
60 409
61 410
62 411
63 412
64 413
65 413
66 414
67 414
68 415
69 415
70 415
71 415
72 415
73 414
74 414
75 413
76 413
77 412
78 411
79 410
80 409
80 408
81 407
82 406
82 405
83 404
83 403
84 402
85 401
85 400
85 399
86 398
86 397
87 396
87 395
88 394
88 393
88 392
89 391
89 390
89 389
90 388
90 387
90 386
91 385
91 384
91 383
92 382
92 381
92 380
92 379
93 378
93 377
93 376
93 375
94 374
94 373
94 372
94 371
95 370
96 370
97 370
98 371
99 372
100 373
101 373
102 374
103 375
104 375
105 376
106 377
107 377
108 378
109 379
110 379
111 380
112 380
113 381
114 382
115 382
116 383
117 383
118 384
119 385
120 385
121 386
122 386
123 387
124 387
125 388
126 388
127 389
128 389
129 390
130 390
131 391
132 391
133 392
134 392
135 393
136 393
137 394
138 394
139 394
140 395
141 395
142 396
143 396
144 397
145 397
146 397
147 398
148 398
149 399
150 399
151 399
152 400
153 400
154 401
155 401
156 401
157 402
158 402
159 402
160 403
161 403
162 403
163 404
164 404
165 404
166 405
167 405
168 405
169 405
170 406
171 406
172 406
173 407
174 407
175 407
176 407
177 408
178 408
179 408
180 408
181 409
182 409
183 409
184 409
185 410
186 410
187 410
188 410
189 411
190 411
191 411
192 411
193 411
194 412
195 412
196 412
197 412
198 412
199 413
200 413
201 413
202 413
203 413
204 413
205 414
206 414
207 414
208 414
209 414
210 414
211 414
212 415
213 415
214 415
215 415
216 415
217 415
218 415
219 415
220 415
221 416
222 416
223 416
224 416
225 416
226 416
227 416
228 416
229 416
230 416
231 416
232 416
233 417
234 417
235 417
236 417
237 417
238 417
239 417
240 417
241 417
242 417
243 417
244 417
245 417
246 417
247 417
248 417
249 417
250 417
251 417
252 417
253 417
254 417
255 417
256 417
257 417
258 417
259 417
260 417
261 417
262 417
263 417
264 417
265 417
266 417
267 417
268 416
269 416
270 416
271 416
272 416
273 416
274 416
275 416
276 416
277 416
278 416
279 416
280 415
281 415
282 415
283 415
284 415
285 415
286 415
287 415
288 415
289 414
290 414
291 414
292 414
293 414
294 414
295 414
296 413
297 413
298 413
299 413
300 413
301 413
302 412
303 412
304 412
305 412
306 412
307 411
308 411
309 411
310 411
311 411
312 410
313 410
314 410
315 410
316 409
317 409
318 409
319 409
320 408
321 408
322 408
323 408
324 407
325 407
326 407
327 407
328 406
329 406
330 406
331 405
332 405
333 405
334 405
335 404
336 404
337 404
338 403
339 403
340 403
341 402
342 402
343 402
344 401
345 401
346 401
347 400
348 400
349 399
350 399
351 399
352 398
353 398
354 397
355 397
356 397
357 396
358 396
359 395
360 395
361 394
362 394
363 394
364 393
365 393
366 392
367 392
368 391
369 391
370 390
371 390
372 389
373 389
374 388
375 388
376 387
377 387
378 386
379 386
380 385
381 385
382 384
383 383
384 383
385 382
386 382
387 381
388 380
389 380
390 379
391 379
392 378
393 377
394 377
395 376
396 375
397 375
398 374
399 373
400 373
401 372
402 371
403 370
404 370
405 369
406 368
407 367
408 367
409 366
410 365
411 364
412 363
413 363
414 362
415 361
416 360
417 359
418 358
419 357
420 356
421 355
422 354
423 353
424 352
425 351
426 350
427 349
428 348
429 347
430 346
431 345
432 344
433 343
433 342
434 341
435 340
436 339
437 338
437 337
438 336
439 335
440 334
440 333
441 332
442 331
443 330
443 329
444 328
445 327
445 326
446 325
446 324
447 323
448 322
448 321
449 320
449 319
450 318
450 317
451 316
451 315
452 314
452 313
453 312
453 311
454 310
454 309
455 308
455 307
456 306
456 305
456 304
457 303
457 302
458 301
458 300
458 299
459 298
459 297
459 296
460 295
460 294
460 293
461 292
461 291
461 290
461 289
462 288
462 287
463 286
464 287
465 288
465 289
466 290
467 291
468 291
469 292
470 293
470 294
470 295
470 296
470 297
470 298
470 299
470 300
470 301
471 302
471 303
471 304
471 305
471 306
471 307
472 308
472 309
472 310
472 311
472 312
473 313
473 314
473 315
473 316
474 317
474 318
474 319
474 320
475 321
475 322
475 323
476 324
476 325
477 326
477 327
478 328
479 329
480 330
481 330
482 330
483 329
484 328
485 327
485 326
486 325
486 324
487 323
487 322
487 321
488 320
488 319
488 318
488 317
489 316
489 315
489 314
489 313
490 312
490 311
490 310
490 309
490 308
491 307
491 306
491 305
491 304
491 303
491 302
492 301
492 300
492 299
492 298
492 297
492 296
492 295
492 294
492 293
493 292
493 291
493 290
493 289
493 288
493 287
493 286
493 285
493 284
493 283
493 282
493 281
493 280
494 279
494 278
494 277
494 276
494 275
494 274
494 273
494 272
494 271
494 270
494 269
494 268
494 267
494 266
494 265
494 264
494 263
494 262
494 261
494 260
494 259
494 258
494 257
494 256
494 255
494 254
494 253
494 252
494 251
494 250
494 249
494 248
494 247
494 246
494 245
494 244
494 243
493 242
493 241
493 240
493 239
493 238
493 237
493 236
493 235
493 234
493 233
493 232
493 231
493 230
492 229
492 228
492 227
492 226
492 225
492 224
492 223
492 222
492 221
491 220
491 219
491 218
491 217
491 216
491 215
490 214
490 213
490 212
490 211
490 210
489 209
489 208
489 207
489 206
488 205
488 204
488 203
488 202
487 201
487 200
487 199
486 198
486 197
485 196
485 195
484 194
483 193
482 192
481 192
480 192
479 193
478 194
477 195
477 196
476 197
476 198
475 199
475 200
475 201
474 202
474 203
474 204
474 205
473 206
473 207
473 208
473 209
472 210
472 211
472 212
472 213
472 214
471 215
471 216
471 217
471 218
471 219
471 220
470 221
470 222
470 223
470 224
470 225
470 226
470 227
470 228
470 229
469 230
468 231
467 231
466 232
465 233
465 234
464 235
463 236
462 235
462 234
462 233
462 232
461 231
461 230
461 229
461 228
460 227
460 226
460 225
459 224
459 223
459 222
458 221
458 220
458 219
457 218
457 217
456 216
456 215
456 214
455 213
455 212
454 211
454 210
453 209
453 208
452 207
452 206
451 205
451 204
450 203
450 202
449 201
449 200
448 199
448 198
447 197
446 196
446 195
445 194
445 193
444 192
443 191
443 190
442 189
441 188
440 187
440 186
439 185
438 184
437 183
437 182
436 181
435 180
434 179
433 178
433 177
432 176
431 175
430 174
429 173
428 172
427 171
426 170
425 169
424 168
423 167
422 166
421 165
420 164
419 163
418 162
417 161
416 160
415 159
414 158
413 157
412 157
411 156
410 155
409 154
408 153
407 153
406 152
405 151
404 150
403 150
402 149
401 148
400 147
399 147
398 146
397 145
396 145
395 144
394 143
393 143
392 142
391 141
390 141
389 140
388 140
387 139
386 138
385 138
384 137
383 136
383 135
384 134
384 133
385 132
385 131
386 130
386 129
386 128
386 127
387 126
387 125
387 124
387 123
387 122
387 121
387 120
387 119
387 118
386 117
386 116
386 115
386 114
385 113
385 112
384 111
384 110
383 109
383 108
382 107
381 106
380 105
380 104
379 103
378 102
377 101
376 100
375 99
374 99
373 98
372 97
371 96
370 95
369 95
368 94
367 93
366 93
365 92
364 91
363 91
362 90
361 90
360 89
359 89
358 88
357 88
356 87
355 87
354 86
353 86
352 85
351 85
350 84
349 84
348 84
347 83
346 83
345 82
344 82
343 82
342 81
341 81
340 81
339 80
338 80
337 80
336 79
335 79
334 79
333 78
332 78
331 78
330 77
329 77
328 77
327 77
326 76
325 76
324 76
323 75
322 75
321 75
320 75
319 74
318 74
317 74
316 74
315 74
314 73
313 73
312 73
311 73
310 73
309 72
308 72
307 72
306 72
305 72
304 71
303 71
302 71
301 71
300 71
299 71
298 70
297 70
296 70
295 70
294 70
293 70
292 70
291 70
290 69
289 69
288 69
287 69
286 69
285 69
284 69
283 69
282 69
281 68
280 68
279 68
278 68
277 68
276 68
275 68
274 68
273 68
272 68
271 68
270 68
269 68
268 67
267 67
266 67
265 67
264 67
263 67
262 67
261 67
260 67
259 67
258 67
257 67
256 67
255 67
254 67
253 67
252 67
251 67
250 67
249 67
248 67
247 67
246 67
245 67
244 67
243 67
242 67
241 67
240 67
239 67
238 67
237 67
236 67
235 67
234 67
233 67
