238 46
237 47
236 47
235 48
234 48
233 49
232 49
231 49
230 49
229 49
228 49
227 49
226 49
225 49
224 50
223 50
222 50
221 50
220 50
219 51
218 51
217 51
216 52
215 52
214 53
213 53
212 54
211 54
210 55
209 55
208 56
207 57
206 58
205 59
204 60
203 61
202 61
201 62
200 63
199 63
198 64
197 64
196 65
195 66
194 67
194 68
193 69
192 70
191 71
191 72
190 73
190 74
189 75
189 76
188 77
188 78
188 79
187 80
186 81
186 82
185 83
185 84
185 85
185 86
184 87
184 88
184 89
184 90
184 91
184 92
184 93
185 94
185 95
185 96
185 97
185 98
185 99
185 100
185 101
186 102
186 103
187 104
188 105
189 106
190 107
191 108
192 109
193 110
194 111
195 111
196 112
197 113
197 114
198 115
198 116
199 117
199 118
199 119
199 120
199 121
199 122
199 123
199 124
200 125
200 126
200 127
200 128
200 129
201 130
201 131
201 132
201 133
200 134
199 134
198 134
197 134
196 135
195 135
194 136
193 137
192 137
191 138
190 138
189 139
188 139
187 139
186 139
185 140
184 140
183 141
182 142
181 143
180 143
179 143
178 144
177 144
176 145
175 146
174 146
173 147
172 147
171 148
170 149
169 150
168 151
167 152
166 153
165 154
164 155
163 156
162 156
161 157
160 158
159 159
159 160
158 161
158 162
157 163
157 164
156 165
156 166
156 167
155 168
154 169
154 170
153 171
152 172
152 173
151 174
150 175
149 176
149 177
148 178
148 179
147 180
147 181
146 182
145 183
144 184
144 185
143 186
143 187
143 188
142 189
142 190
141 191
141 192
141 193
141 194
140 195
140 196
140 197
140 198
140 199
139 200
139 201
138 202
138 203
137 204
137 205
137 206
137 207
137 208
136 209
136 210
136 211
136 212
136 213
135 214
135 215
135 216
135 217
134 218
134 219
134 220
134 221
134 222
133 223
133 224
133 225
133 226
133 227
133 228
133 229
133 230
133 231
133 232
133 233
133 234
133 235
133 236
133 237
133 238
133 239
133 240
133 241
133 242
133 243
133 244
133 245
133 246
133 247
133 248
133 249
133 250
133 251
133 252
133 253
133 254
133 255
133 256
133 257
133 258
133 259
133 260
133 261
133 262
133 263
133 264
133 265
133 266
133 267
134 268
134 269
134 270
134 271
135 272
135 273
135 274
135 275
135 276
136 277
136 278
136 279
136 280
136 281
136 282
136 283
136 284
136 285
137 286
137 287
138 288
139 289
139 290
140 291
140 292
140 293
140 294
141 295
141 296
142 297
142 298
143 299
143 300
144 301
145 302
146 303
146 304
147 305
147 306
147 307
148 308
148 309
148 310
148 311
149 312
149 313
150 314
151 315
152 316
152 317
153 318
153 319
154 320
154 321
155 322
155 323
155 324
156 325
156 326
157 327
158 328
159 329
159 330
159 331
159 332
160 333
160 334
161 335
162 336
163 337
163 338
164 339
165 340
166 341
166 342
167 343
168 344
169 345
170 346
171 347
172 348
172 349
173 350
174 351
175 352
176 353
177 354
178 355
178 356
179 357
179 358
180 359
180 360
181 361
182 362
183 363
184 364
185 365
186 366
187 367
187 368
188 369
189 370
190 371
191 372
192 373
193 374
194 375
195 376
196 377
197 377
198 378
199 379
200 380
200 381
201 382
202 383
203 384
204 384
205 385
206 386
207 387
208 388
209 389
210 390
211 390
212 391
213 392
214 393
215 394
215 395
214 396
213 396
212 397
211 398
210 399
210 400
209 401
209 402
209 403
209 404
209 405
208 406
208 407
208 408
208 409
208 410
208 411
208 412
208 413
208 414
208 415
208 416
209 417
209 418
210 419
210 420
211 421
211 422
212 423
213 424
213 425
214 426
215 427
216 428
217 429
218 430
219 431
220 431
221 432
222 432
223 432
224 433
225 433
226 434
227 434
228 435
229 435
230 436
231 437
232 437
233 438
234 439
235 440
236 440
237 441
238 442
239 442
240 443
241 443
242 443
243 444
244 444
245 444
246 445
247 445
248 445
249 445
250 445
251 445
252 445
253 445
254 445
255 445
256 445
257 445
258 445
259 445
260 445
261 445
262 445
263 445
264 445
265 445
266 445
267 445
268 445
269 445
270 444
271 444
272 444
273 444
274 444
275 444
276 444
277 443
278 443
279 443
280 443
281 443
282 442
283 442
284 442
285 441
286 441
287 441
288 441
289 440
290 440
291 440
292 440
293 440
294 439
295 439
296 439
297 439
298 439
299 438
300 438
301 438
302 438
303 437
304 437
305 436
306 436
307 435
308 435
309 434
310 434
311 433
312 432
313 432
314 431
315 430
316 429
317 428
318 427
319 427
320 426
321 425
322 424
323 423
324 422
324 421
325 420
325 419
325 418
325 417
325 416
325 415
325 414
325 413
325 412
325 411
325 410
325 409
325 408
324 407
324 406
323 405
323 404
322 403
321 402
320 401
319 400
318 399
318 398
317 397
316 396
315 395
316 394
317 393
318 392
319 391
320 390
321 389
322 388
323 387
324 386
324 385
325 384
325 383
326 382
327 381
328 380
328 379
329 378
330 377
331 376
331 375
332 374
332 373
333 372
334 371
335 370
336 369
336 368
337 367
337 366
337 365
338 364
338 363
339 362
339 361
340 360
340 359
341 358
342 357
342 356
343 355
343 354
343 353
344 352
345 351
345 350
346 349
347 348
347 347
348 346
349 345
349 344
350 343
350 342
351 341
351 340
352 339
352 338
353 337
354 336
354 335
355 334
355 333
356 332
357 331
357 330
358 329
358 328
359 327
359 326
360 325
360 324
361 323
361 322
361 321
362 320
362 319
363 318
363 317
364 316
364 315
365 314
365 313
366 312
366 311
366 310
367 309
367 308
367 307
368 306
368 305
368 304
368 303
369 302
369 301
369 300
369 299
369 298
370 297
370 296
371 295
372 294
372 293
373 292
373 291
374 290
374 289
375 288
375 287
376 286
376 285
377 284
377 283
377 282
378 281
378 280
379 279
379 278
379 277
379 276
379 275
380 274
380 273
380 272
380 271
381 270
381 269
381 268
381 267
381 266
382 265
382 264
382 263
383 262
383 261
383 260
383 259
383 258
383 257
383 256
383 255
383 254
383 253
383 252
383 251
383 250
383 249
383 248
383 247
383 246
383 245
383 244
383 243
383 242
383 241
383 240
383 239
383 238
383 237
383 236
383 235
383 234
383 233
383 232
383 231
383 230
383 229
383 228
383 227
383 226
383 225
383 224
383 223
383 222
382 221
382 220
382 219
382 218
382 217
382 216
381 215
381 214
381 213
381 212
381 211
381 210
381 209
380 208
380 207
380 206
379 205
379 204
379 203
378 202
378 201
377 200
377 199
376 198
376 197
375 196
375 195
374 194
374 193
373 192
372 191
372 190
372 189
371 188
371 187
370 186
370 185
369 184
369 183
369 182
368 181
368 180
367 179
366 178
366 177
365 176
365 175
365 174
364 173
364 172
363 171
362 170
361 169
360 168
359 167
358 166
358 165
357 164
356 163
355 162
355 161
354 160
354 159
353 158
352 157
351 156
350 155
349 154
348 153
347 152
346 151
345 151
344 150
343 149
342 148
341 147
340 147
339 146
338 145
337 144
336 144
335 143
334 143
333 142
332 141
331 141
330 141
329 140
328 140
327 139
326 138
325 138
324 137
323 136
322 136
321 136
320 135
319 135
318 135
317 135
316 134
315 134
314 134
313 133
312 133
311 132
310 131
309 130
308 130
307 129
306 129
305 128
306 127
306 126
306 125
307 124
307 123
307 122
307 121
308 120
308 119
308 118
309 117
309 116
309 115
309 114
309 113
309 112
309 111
310 110
310 109
311 108
312 108
313 107
314 106
315 105
316 104
316 103
317 102
318 101
318 100
319 99
319 98
320 97
320 96
321 95
321 94
321 93
321 92
321 91
322 90
322 89
322 88
322 87
322 86
322 85
322 84
322 83
322 82
322 81
322 80
322 79
322 78
321 77
321 76
321 75
321 74
320 73
320 72
319 71
319 70
319 69
318 68
318 67
317 66
316 65
315 64
314 63
313 63
312 62
311 61
310 61
309 60
308 59
307 58
306 58
305 57
304 56
303 56
302 55
301 54
300 53
299 53
298 52
297 52
296 52
295 52
294 51
293 51
292 50
291 50
290 50
289 50
288 50
287 50
286 50
285 50
284 49
283 49
282 48
281 48
280 47
279 47
278 47
277 47
276 47
275 47
274 47
273 47
272 47
271 47
270 47
269 47
268 47
267 47
266 47
265 47
264 47
263 47
262 47
261 47
260 47
259 47
258 46
257 46
256 46
255 46
254 46
253 46
252 46
251 46
250 46
249 46
248 46
247 46
246 46
245 46
244 46
243 46
242 46
241 46
240 46
239 46
