253 46
252 47
251 47
250 47
249 47
248 47
247 47
246 47
245 47
244 47
243 47
242 47
241 47
240 47
239 47
238 47
237 47
236 47
235 47
234 47
233 47
232 47
231 47
230 48
229 48
228 49
227 49
226 50
225 50
224 50
223 50
222 50
221 50
220 50
219 50
218 51
217 51
216 52
215 52
214 52
213 52
212 53
211 53
210 54
209 55
208 56
207 56
206 57
205 58
204 58
203 59
202 60
201 61
200 61
199 62
198 63
197 63
196 64
195 65
194 66
193 67
193 68
192 69
192 70
192 71
191 72
191 73
190 74
190 75
190 76
190 77
189 78
189 79
189 80
189 81
189 82
189 83
189 84
189 85
189 86
189 87
189 88
189 89
189 90
190 91
190 92
190 93
190 94
190 95
191 96
191 97
192 98
192 99
193 100
193 101
194 102
195 103
195 104
196 105
197 106
198 107
199 108
200 108
201 109
201 110
202 111
202 112
202 113
202 114
202 115
202 116
202 117
203 118
203 119
203 120
204 121
204 122
204 123
204 124
205 125
205 126
205 127
206 128
205 129
204 129
203 130
202 130
201 131
200 132
199 133
198 133
197 134
196 134
195 134
194 135
193 135
192 135
191 135
190 136
189 136
188 136
187 137
186 138
185 138
184 139
183 140
182 140
181 141
180 141
179 141
178 142
177 143
176 143
175 144
174 144
173 145
172 146
171 147
170 147
169 148
168 149
167 150
166 151
165 151
164 152
163 153
162 154
161 155
160 156
159 157
158 158
157 159
157 160
156 161
156 162
155 163
154 164
153 165
153 166
152 167
151 168
150 169
149 170
148 171
147 172
147 173
146 174
146 175
146 176
145 177
145 178
144 179
143 180
143 181
142 182
142 183
142 184
141 185
141 186
140 187
140 188
139 189
139 190
139 191
138 192
137 193
137 194
136 195
136 196
135 197
135 198
134 199
134 200
133 201
133 202
132 203
132 204
132 205
131 206
131 207
131 208
130 209
130 210
130 211
130 212
130 213
130 214
130 215
129 216
129 217
129 218
129 219
129 220
129 221
128 222
128 223
128 224
128 225
128 226
128 227
128 228
128 229
128 230
128 231
128 232
128 233
128 234
128 235
128 236
128 237
128 238
128 239
128 240
128 241
128 242
128 243
128 244
128 245
128 246
128 247
128 248
128 249
128 250
128 251
128 252
128 253
128 254
128 255
128 256
128 257
128 258
128 259
128 260
128 261
128 262
129 263
129 264
129 265
130 266
130 267
130 268
130 269
130 270
131 271
131 272
131 273
131 274
132 275
132 276
132 277
132 278
132 279
133 280
133 281
134 282
134 283
134 284
135 285
135 286
136 287
136 288
137 289
137 290
138 291
138 292
139 293
139 294
140 295
141 296
141 297
142 298
142 299
142 300
142 301
142 302
143 303
143 304
143 305
143 306
144 307
144 308
144 309
145 310
145 311
145 312
146 313
146 314
147 315
147 316
148 317
148 318
149 319
149 320
150 321
150 322
150 323
151 324
151 325
152 326
152 327
153 328
153 329
154 330
154 331
155 332
156 333
156 334
157 335
157 336
158 337
159 338
159 339
160 340
160 341
161 342
161 343
162 344
162 345
163 346
164 347
164 348
165 349
166 350
166 351
167 352
168 353
168 354
168 355
169 356
169 357
170 358
171 359
171 360
172 361
172 362
173 363
173 364
174 365
174 366
174 367
175 368
175 369
176 370
177 371
178 372
179 373
179 374
180 375
180 376
181 377
182 378
183 379
183 380
184 381
185 382
186 383
186 384
187 385
187 386
188 387
189 388
190 389
191 390
192 391
193 392
194 393
195 394
196 395
195 396
194 397
193 398
193 399
192 400
191 401
190 402
189 403
188 404
188 405
187 406
187 407
186 408
186 409
186 410
186 411
186 412
186 413
186 414
186 415
186 416
186 417
186 418
186 419
186 420
187 421
187 422
188 423
189 424
190 425
191 426
192 427
193 427
194 428
195 429
196 430
197 431
198 432
199 432
200 433
201 434
202 434
203 435
204 435
205 436
206 436
207 437
208 437
209 438
210 438
211 438
212 438
213 439
214 439
215 439
216 439
217 439
218 440
219 440
220 440
221 440
222 440
223 441
224 441
225 441
226 441
227 442
228 442
229 442
230 443
231 443
232 443
233 443
234 443
235 444
236 444
237 444
238 444
239 444
240 444
241 444
242 445
243 445
244 445
245 445
246 445
247 445
248 445
249 445
250 445
251 445
252 445
253 445
254 445
255 445
256 445
257 445
258 445
259 445
260 445
261 445
262 445
263 445
264 445
265 445
266 444
267 444
268 444
269 443
270 443
271 443
272 442
273 442
274 441
275 440
276 440
277 439
278 438
279 437
280 437
281 436
282 435
283 435
284 434
285 434
286 433
287 433
288 432
289 432
290 432
291 431
292 431
293 430
294 429
295 428
296 427
297 426
298 425
298 424
299 423
300 422
300 421
301 420
301 419
302 418
302 417
303 416
303 415
303 414
303 413
303 412
303 411
303 410
303 409
303 408
303 407
303 406
302 405
302 404
302 403
302 402
302 401
301 400
301 399
300 398
299 397
298 396
297 396
296 395
296 394
297 393
298 392
299 391
300 390
301 390
302 389
303 388
304 387
305 386
306 385
307 384
308 384
309 383
310 382
311 381
311 380
312 379
313 378
314 377
315 377
316 376
317 375
318 374
319 373
320 372
321 371
322 370
323 369
324 368
324 367
325 366
326 365
327 364
328 363
329 362
330 361
331 360
331 359
332 358
332 357
333 356
333 355
334 354
335 353
336 352
337 351
338 350
339 349
339 348
340 347
341 346
342 345
343 344
344 343
345 342
345 341
346 340
347 339
348 338
348 337
349 336
350 335
351 334
351 333
352 332
352 331
352 330
352 329
353 328
354 327
355 326
355 325
356 324
356 323
356 322
357 321
357 320
358 319
358 318
359 317
359 316
360 315
361 314
362 313
362 312
363 311
363 310
363 309
363 308
364 307
364 306
364 305
365 304
365 303
366 302
367 301
368 300
368 299
369 298
369 297
370 296
370 295
371 294
371 293
371 292
371 291
372 290
372 289
373 288
374 287
374 286
375 285
375 284
375 283
375 282
375 281
375 280
375 279
375 278
375 277
376 276
376 275
376 274
376 273
376 272
377 271
377 270
377 269
377 268
378 267
378 266
378 265
378 264
378 263
378 262
378 261
378 260
378 259
378 258
378 257
378 256
378 255
378 254
378 253
378 252
378 251
378 250
378 249
378 248
378 247
378 246
378 245
378 244
378 243
378 242
378 241
378 240
378 239
378 238
378 237
378 236
378 235
378 234
378 233
378 232
378 231
378 230
378 229
378 228
378 227
378 226
378 225
378 224
378 223
377 222
377 221
377 220
377 219
377 218
376 217
376 216
376 215
376 214
375 213
375 212
375 211
375 210
375 209
374 208
374 207
374 206
374 205
374 204
373 203
373 202
372 201
372 200
371 199
371 198
371 197
371 196
371 195
370 194
370 193
370 192
370 191
369 190
369 189
368 188
368 187
368 186
367 185
367 184
366 183
365 182
364 181
364 180
363 179
363 178
362 177
362 176
361 175
360 174
359 173
359 172
358 171
357 170
357 169
356 168
355 167
355 166
355 165
354 164
354 163
353 162
353 161
352 160
352 159
351 158
350 157
349 156
348 156
347 155
346 154
345 153
344 152
343 151
342 150
341 149
340 148
339 147
338 147
337 146
336 146
335 145
334 144
333 144
332 143
331 143
330 143
329 142
328 141
327 140
326 140
325 139
324 139
323 139
322 139
321 138
320 138
319 137
318 137
317 136
316 135
315 135
314 134
313 134
312 134
311 134
310 133
310 132
310 131
310 130
311 129
311 128
311 127
311 126
311 125
312 124
312 123
312 122
312 121
312 120
312 119
312 118
312 117
313 116
313 115
314 114
314 113
315 112
316 111
317 111
318 110
319 109
320 108
321 107
322 106
323 105
324 104
325 103
325 102
326 101
326 100
326 99
326 98
326 97
326 96
326 95
326 94
327 93
327 92
327 91
327 90
327 89
327 88
327 87
326 86
326 85
326 84
326 83
325 82
325 81
324 80
323 79
323 78
323 77
322 76
322 75
321 74
321 73
320 72
320 71
319 70
318 69
317 68
317 67
316 66
315 65
314 64
313 64
312 63
311 63
310 62
309 61
308 61
307 60
306 59
305 58
304 57
303 56
302 55
301 55
300 54
299 54
298 53
297 53
296 52
295 52
294 51
293 51
292 51
291 50
290 50
289 50
288 50
287 50
286 49
285 49
284 49
283 49
282 49
281 49
280 49
279 49
278 49
277 48
276 48
275 47
274 47
273 46
272 46
271 46
270 46
269 46
268 46
267 46
266 46
265 46
264 46
263 46
262 46
261 46
260 46
259 46
258 46
257 46
256 46
255 46
254 46
