241 148
240 149
239 149
238 149
237 149
236 149
235 149
234 149
233 149
232 149
231 149
230 149
229 149
228 149
227 149
226 150
225 150
224 150
223 150
222 150
221 150
220 150
219 150
218 150
217 150
216 151
215 151
214 151
213 151
212 151
211 151
210 151
209 151
208 152
207 152
206 152
205 152
204 152
203 152
202 153
201 153
200 153
199 153
198 153
197 153
196 154
195 154
194 154
193 154
192 154
191 154
190 155
189 155
188 155
187 155
186 155
185 156
184 156
183 156
182 156
181 157
180 157
179 157
178 157
177 157
176 158
175 158
174 158
173 158
172 159
171 159
170 159
169 160
168 160
167 160
166 160
165 161
164 161
163 161
162 161
161 162
160 162
159 162
158 163
157 163
156 163
155 164
154 164
153 164
152 165
151 165
150 165
149 166
148 166
147 166
146 167
145 167
144 167
143 168
142 168
141 169
140 169
139 169
138 170
137 170
136 171
135 171
134 171
133 172
132 172
131 173
130 173
129 174
128 174
127 174
126 175
125 175
124 176
123 176
122 177
121 177
120 178
119 178
118 179
117 179
116 180
115 180
114 181
113 181
112 182
111 183
110 183
109 184
108 184
107 185
106 186
105 186
104 187
103 187
102 188
101 189
100 189
99 190
98 191
97 191
96 192
95 193
94 194
93 194
92 195
91 196
90 197
89 197
88 198
87 199
86 200
85 201
84 202
83 203
82 203
81 202
80 202
79 201
78 201
77 200
76 200
75 200
74 199
73 199
72 199
71 199
70 199
69 199
68 199
67 200
66 200
65 200
64 201
63 201
62 202
61 202
60 203
59 204
58 205
57 206
56 207
55 208
55 209
54 210
53 211
53 212
52 213
51 214
51 215
50 216
50 217
49 218
49 219
48 220
48 221
48 222
47 223
47 224
47 225
46 226
46 227
46 228
45 229
45 230
45 231
44 232
44 233
44 234
44 235
44 236
43 237
43 238
43 239
43 240
43 241
42 242
42 243
42 244
42 245
42 246
42 247
42 248
42 249
41 250
41 251
41 252
41 253
41 254
41 255
41 256
41 257
41 258
41 259
41 260
41 261
41 262
41 263
41 264
41 265
41 266
41 267
41 268
41 269
41 270
41 271
41 272
42 273
42 274
42 275
42 276
42 277
42 278
42 279
42 280
43 281
43 282
43 283
43 284
43 285
44 286
44 287
44 288
44 289
44 290
45 291
45 292
45 293
46 294
46 295
46 296
47 297
47 298
47 299
48 300
48 301
48 302
49 303
49 304
50 305
50 306
51 307
51 308
52 309
53 310
53 311
54 312
55 313
55 314
56 315
57 316
58 317
59 318
60 319
61 320
62 320
63 321
64 321
65 322
66 322
67 322
68 323
69 323
70 323
71 323
72 323
73 323
74 323
75 322
76 322
77 322
78 321
79 321
80 320
81 320
82 319
83 318
84 318
85 319
86 320
87 321
88 322
89 323
90 323
91 324
92 325
93 326
94 326
95 327
96 328
97 329
98 329
99 330
100 331
101 331
102 332
103 333
104 333
105 334
106 334
107 335
108 336
109 336
110 337
111 337
112 338
113 339
114 339
115 340
116 340
117 341
118 341
119 342
120 342
121 343
122 343
123 344
124 344
125 345
126 345
127 346
128 346
129 346
130 347
131 347
132 348
133 348
134 349
135 349
136 349
137 350
138 350
139 351
140 351
141 351
142 352
143 352
144 353
145 353
146 353
147 354
148 354
149 354
150 355
151 355
152 355
153 356
154 356
155 356
156 357
157 357
158 357
159 358
160 358
161 358
162 359
163 359
164 359
165 359
166 360
167 360
168 360
169 360
170 361
171 361
172 361
173 362
174 362
175 362
176 362
177 363
178 363
179 363
180 363
181 363
182 364
183 364
184 364
185 364
186 365
187 365
188 365
189 365
190 365
191 366
192 366
193 366
194 366
195 366
196 366
197 367
198 367
199 367
200 367
201 367
202 367
203 368
204 368
205 368
206 368
207 368
208 368
209 369
210 369
211 369
212 369
213 369
214 369
215 370
216 371
216 372
217 373
217 374
218 375
219 376
220 377
220 378
221 379
222 380
223 381
224 382
225 383
226 384
227 385
228 386
229 386
230 387
231 388
232 389
233 389
234 390
235 391
236 391
237 392
238 392
239 393
240 393
241 394
242 395
243 395
244 396
245 396
246 397
247 397
248 397
249 398
250 398
251 399
252 399
253 400
254 400
255 400
256 401
257 401
258 401
259 402
260 402
261 402
262 403
263 403
264 403
265 404
266 404
267 404
268 404
269 405
270 405
271 405
272 406
273 406
274 406
275 406
276 406
277 407
278 407
279 407
280 407
281 407
282 408
283 408
284 408
285 408
286 408
287 409
288 409
289 409
290 409
291 409
292 409
293 409
294 410
295 410
296 410
297 410
298 410
299 410
300 410
301 410
302 410
303 410
304 410
305 411
306 411
307 411
308 411
309 411
310 411
311 411
312 411
313 411
314 411
315 411
316 411
317 411
318 411
319 411
320 411
321 411
322 411
323 411
324 411
325 411
326 411
327 411
328 411
329 411
330 411
331 411
332 411
333 411
334 410
335 410
336 410
337 410
338 410
339 410
340 410
341 410
342 410
343 410
344 410
345 409
346 409
347 409
348 409
349 409
350 409
351 409
352 408
353 408
354 408
355 408
356 408
357 407
358 407
359 407
360 407
361 407
362 406
363 406
364 406
365 406
366 406
367 405
368 405
369 405
370 404
371 404
372 404
373 404
374 403
375 403
376 403
377 402
378 402
379 402
380 401
381 401
382 401
383 400
384 400
385 400
386 399
387 399
388 398
389 398
390 397
391 397
392 397
393 396
394 396
395 395
396 395
397 394
398 393
399 393
400 392
401 392
402 391
403 391
404 390
405 389
406 389
407 388
408 387
409 386
410 386
411 385
412 384
413 383
414 382
415 381
416 380
417 379
418 378
418 377
419 376
420 375
421 374
421 373
422 372
422 371
423 370
423 369
424 368
424 367
425 366
425 365
425 364
425 363
426 362
426 361
426 360
426 359
426 358
426 357
426 356
426 355
426 354
426 353
426 352
425 351
425 350
425 349
425 348
424 347
424 346
423 345
423 344
422 343
422 342
421 341
421 340
420 339
419 338
418 337
418 336
417 335
416 334
417 333
418 332
419 331
420 331
421 330
422 329
423 329
424 328
425 327
426 326
427 326
428 327
428 328
429 329
429 330
430 331
431 332
432 333
433 334
434 334
435 334
436 334
437 334
438 333
439 332
440 331
441 330
441 329
442 328
442 327
443 326
443 325
444 324
444 323
444 322
445 321
446 322
446 323
446 324
446 325
446 326
447 327
447 328
447 329
447 330
447 331
447 332
448 333
448 334
448 335
448 336
448 337
449 338
449 339
449 340
449 341
450 342
450 343
450 344
451 345
451 346
452 347
452 348
453 349
453 350
454 351
455 352
456 352
457 352
458 351
459 350
459 349
460 348
460 347
461 346
461 345
462 344
462 343
462 342
463 341
463 340
463 339
463 338
464 337
464 336
464 335
464 334
464 333
465 332
465 331
465 330
465 329
465 328
465 327
466 326
466 325
466 324
466 323
466 322
466 321
467 320
467 319
467 318
467 317
467 316
467 315
467 314
467 313
467 312
468 311
468 310
468 309
468 308
468 307
468 306
468 305
468 304
468 303
468 302
468 301
469 300
469 299
469 298
469 297
469 296
469 295
469 294
469 293
469 292
469 291
469 290
469 289
469 288
469 287
469 286
469 285
470 284
470 283
470 282
470 281
470 280
470 279
470 278
470 277
470 276
470 275
470 274
470 273
470 272
470 271
470 270
470 269
470 268
470 267
470 266
470 265
470 264
470 263
470 262
470 261
470 260
470 259
470 258
470 257
470 256
470 255
470 254
470 253
470 252
470 251
470 250
470 249
470 248
470 247
470 246
470 245
470 244
470 243
470 242
470 241
470 240
470 239
470 238
470 237
470 236
469 235
469 234
469 233
469 232
469 231
469 230
469 229
469 228
469 227
469 226
469 225
469 224
469 223
469 222
469 221
469 220
468 219
468 218
468 217
468 216
468 215
468 214
468 213
468 212
468 211
468 210
468 209
467 208
467 207
467 206
467 205
467 204
467 203
467 202
467 201
467 200
466 199
466 198
466 197
466 196
466 195
466 194
465 193
465 192
465 191
465 190
465 189
465 188
464 187
464 186
464 185
464 184
464 183
463 182
463 181
463 180
463 179
462 178
462 177
462 176
461 175
461 174
460 173
460 172
459 171
459 170
458 169
457 168
456 168
455 168
454 169
453 170
453 171
452 172
452 173
451 174
451 175
450 176
450 177
450 178
449 179
449 180
449 181
449 182
448 183
448 184
448 185
448 186
448 187
447 188
447 189
447 190
447 191
447 192
447 193
446 194
446 195
446 196
446 197
446 198
446 199
445 200
444 199
444 198
443 197
443 196
442 195
442 194
441 193
441 192
440 191
439 190
438 189
437 188
436 188
435 188
434 188
433 188
432 189
431 190
430 191
429 192
429 193
428 194
427 194
426 194
425 193
424 192
423 191
422 191
421 190
420 189
419 189
418 188
417 187
416 187
415 186
414 186
413 185
412 184
411 184
410 183
409 183
408 182
407 181
406 181
405 180
404 180
403 179
402 179
401 178
400 178
399 177
398 177
397 176
396 176
395 175
394 175
393 174
392 174
391 174
390 173
389 173
388 172
387 172
386 171
385 171
384 171
383 170
382 170
381 169
380 169
379 169
378 168
377 168
376 167
375 167
374 167
373 166
372 166
371 166
370 165
369 165
368 165
367 164
366 164
365 164
364 163
363 163
362 163
361 162
360 162
359 162
358 161
357 161
356 161
355 161
354 160
353 160
352 160
351 160
350 159
349 159
348 159
347 158
346 158
345 158
344 158
343 157
342 157
341 157
340 157
339 157
338 156
337 156
336 156
335 156
334 155
333 155
332 155
331 155
330 155
329 154
328 154
327 154
326 154
325 154
324 154
323 153
322 153
321 153
320 153
319 153
318 153
317 152
316 152
315 152
314 152
313 152
312 152
311 151
310 151
309 151
308 151
307 151
306 151
305 151
304 151
303 150
302 150
301 150
300 150
299 150
298 150
297 150
296 150
295 150
294 150
293 149
292 149
291 149
290 149
289 149
288 149
287 149
286 149
285 149
284 149
283 149
282 149
281 149
280 149
279 148
278 148
277 148
276 148
275 148
274 148
273 148
272 148
271 148
270 148
269 148
268 148
267 148
266 148
265 148
264 148
263 148
262 148
261 148
260 148
259 148
258 148
257 148
256 148
255 148
254 148
253 148
252 148
251 148
250 148
249 148
248 148
247 148
246 148
245 148
244 148
243 148
242 148
