201 65
200 66
199 67
198 68
197 69
196 69
195 70
194 70
193 70
192 70
191 70
190 71
189 71
188 72
187 73
186 74
186 75
185 76
185 77
185 78
184 79
184 80
184 81
184 82
183 83
183 84
183 85
183 86
183 87
183 88
182 89
182 90
182 91
182 92
182 93
182 94
182 95
182 96
182 97
182 98
182 99
182 100
182 101
182 102
182 103
183 104
182 105
181 106
180 107
179 107
178 108
177 109
176 110
175 111
174 111
173 112
172 113
171 114
170 115
169 116
168 117
167 118
166 119
165 120
164 121
163 122
162 123
161 124
160 125
159 126
158 127
157 128
156 127
155 127
154 126
153 126
152 125
151 125
150 125
149 124
148 124
147 124
146 124
145 124
144 124
143 124
142 124
141 124
140 125
139 125
138 125
137 126
136 126
135 127
134 127
133 128
132 128
131 129
130 130
129 131
128 131
127 132
126 133
125 134
124 135
124 136
123 137
122 138
121 139
121 140
120 141
119 142
119 143
118 144
117 143
117 142
116 141
116 140
115 139
114 138
113 137
112 136
112 135
111 135
110 134
109 133
108 132
107 132
106 131
105 131
104 130
103 130
102 130
101 130
100 130
99 130
98 130
97 131
96 131
95 132
94 132
93 133
92 134
91 135
90 135
90 136
89 137
88 138
87 139
86 140
86 141
85 142
85 143
84 144
83 145
83 146
82 147
82 148
81 149
81 150
80 151
80 152
80 153
79 154
79 155
78 156
78 157
78 158
77 159
77 160
76 161
76 162
76 163
76 164
75 165
75 166
75 167
74 168
74 169
74 170
73 171
73 172
73 173
73 174
72 175
72 176
72 177
72 178
71 179
71 180
71 181
71 182
71 183
70 184
70 185
70 186
70 187
69 188
69 189
69 190
69 191
69 192
69 193
68 194
68 195
68 196
68 197
68 198
68 199
67 200
67 201
67 202
67 203
67 204
67 205
67 206
66 207
66 208
66 209
66 210
66 211
66 212
66 213
66 214
65 215
65 216
65 217
65 218
65 219
65 220
65 221
65 222
65 223
65 224
64 225
64 226
64 227
64 228
64 229
64 230
64 231
64 232
64 233
64 234
64 235
64 236
64 237
64 238
64 239
63 240
63 241
63 242
63 243
63 244
63 245
63 246
63 247
63 248
63 249
63 250
63 251
63 252
63 253
63 254
63 255
63 256
63 257
63 258
63 259
63 260
63 261
63 262
63 263
63 264
63 265
63 266
63 267
63 268
63 269
63 270
63 271
63 272
63 273
63 274
63 275
63 276
63 277
63 278
63 279
63 280
63 281
63 282
64 283
64 284
64 285
64 286
64 287
64 288
64 289
64 290
64 291
64 292
64 293
64 294
64 295
64 296
64 297
65 298
65 299
65 300
65 301
65 302
65 303
65 304
65 305
65 306
65 307
66 308
66 309
66 310
66 311
66 312
66 313
66 314
66 315
67 316
67 317
67 318
67 319
67 320
67 321
67 322
68 323
68 324
68 325
68 326
68 327
68 328
69 329
69 330
69 331
69 332
69 333
69 334
70 335
70 336
70 337
70 338
71 339
71 340
71 341
71 342
71 343
72 344
72 345
72 346
72 347
73 348
73 349
73 350
73 351
74 352
74 353
74 354
75 355
75 356
75 357
76 358
76 359
76 360
76 361
77 362
77 363
78 364
78 365
78 366
79 367
79 368
80 369
80 370
80 371
81 372
81 373
82 374
82 375
83 376
83 377
84 378
85 379
85 380
86 381
86 382
87 383
88 384
89 385
90 386
90 387
91 387
92 388
93 389
94 390
95 390
96 391
97 391
98 392
99 392
100 392
101 392
102 392
103 392
104 392
105 391
106 391
107 390
108 390
109 389
110 388
111 387
112 387
112 386
113 385
114 384
115 383
116 382
116 381
117 380
117 379
118 378
119 379
119 380
120 381
121 382
121 383
122 384
123 385
124 386
124 387
125 388
126 389
127 390
128 391
129 391
130 392
131 393
132 394
133 394
134 395
135 395
136 396
137 396
138 397
139 397
140 397
141 398
142 398
143 398
144 398
145 398
146 398
147 398
148 398
149 398
150 397
151 397
152 397
153 396
154 396
155 395
156 395
157 394
158 395
159 396
160 397
161 398
162 399
163 400
164 401
165 402
166 403
167 404
168 405
169 406
170 407
171 408
172 409
173 410
174 411
175 411
176 412
177 413
178 414
178 415
178 416
177 417
177 418
177 419
177 420
177 421
177 422
177 423
177 424
177 425
177 426
177 427
177 428
177 429
177 430
177 431
177 432
177 433
178 434
178 435
178 436
178 437
178 438
178 439
179 440
179 441
179 442
179 443
180 444
180 445
180 446
181 447
181 448
181 449
182 450
182 451
183 452
183 453
183 454
184 455
184 456
185 457
185 458
186 459
187 460
187 461
188 462
189 463
189 464
190 465
191 466
191 467
192 468
193 469
194 470
195 471
196 472
197 473
198 474
199 475
200 476
201 477
202 478
203 479
204 479
205 480
206 481
207 481
208 482
209 483
210 483
211 484
212 485
213 485
214 486
215 486
216 487
217 487
218 487
219 488
220 488
221 489
222 489
223 489
224 490
225 490
226 490
227 491
228 491
229 491
230 491
231 492
232 492
233 492
234 492
235 492
236 492
237 493
238 493
239 493
240 493
241 493
242 493
243 493
244 493
245 493
246 493
247 493
248 493
249 493
250 493
251 493
252 493
253 493
254 492
255 492
256 492
257 492
258 492
259 492
260 491
261 491
262 491
263 491
264 490
265 490
266 490
267 489
268 489
269 489
270 488
271 488
272 487
273 487
274 487
275 486
276 486
277 485
278 485
279 484
280 483
281 483
282 482
283 481
284 481
285 480
286 479
287 479
288 478
289 477
290 476
291 475
292 474
293 473
294 472
295 471
296 470
297 469
298 468
299 467
299 466
300 465
301 464
301 463
302 462
303 461
303 460
304 459
305 458
305 457
306 456
306 455
307 454
307 453
307 452
308 451
308 450
309 449
309 448
309 447
310 446
310 445
310 444
311 443
311 442
311 441
311 440
312 439
312 438
312 437
312 436
312 435
312 434
313 433
313 432
313 431
313 430
313 429
313 428
313 427
313 426
313 425
313 424
313 423
314 422
315 422
316 421
317 421
318 420
319 419
320 418
321 418
322 417
323 416
324 415
325 415
326 414
327 413
328 412
329 411
330 411
331 410
332 409
333 408
334 407
335 406
336 405
337 404
338 403
339 402
340 401
341 400
342 399
343 398
344 397
345 396
346 395
346 394
347 393
348 392
349 391
350 390
351 389
351 388
352 387
353 386
354 385
354 384
355 383
356 382
356 381
357 380
358 379
358 378
359 377
360 376
360 375
361 374
362 373
362 372
363 371
363 370
364 369
365 368
365 367
366 366
366 365
367 364
367 363
368 362
368 361
369 360
369 359
370 358
370 357
371 356
371 355
372 354
372 353
373 352
373 351
374 350
374 349
375 348
375 347
375 346
376 345
376 344
377 343
377 342
377 341
378 340
379 339
380 339
381 339
382 338
383 338
384 337
385 337
386 336
387 335
388 334
389 333
390 332
390 331
391 330
392 329
392 328
393 327
393 326
394 325
394 324
395 323
395 322
396 321
396 320
397 319
397 318
397 317
398 316
398 315
398 314
399 313
399 312
399 311
400 310
400 309
400 308
400 307
401 306
401 305
401 304
401 303
402 302
402 301
402 300
402 299
402 298
403 297
403 296
403 295
403 294
403 293
403 292
404 291
404 290
404 289
404 288
404 287
404 286
404 285
405 284
405 283
405 282
405 281
405 280
405 279
405 278
405 277
405 276
405 275
406 274
406 273
406 272
406 271
406 270
406 269
406 268
406 267
406 266
406 265
406 264
406 263
406 262
406 261
406 260
406 259
406 258
406 257
406 256
406 255
406 254
406 253
406 252
406 251
406 250
406 249
406 248
406 247
406 246
406 245
406 244
405 243
405 242
405 241
405 240
405 239
405 238
405 237
405 236
405 235
405 234
404 233
404 232
404 231
404 230
404 229
404 228
404 227
403 226
403 225
403 224
403 223
403 222
403 221
402 220
402 219
402 218
402 217
402 216
401 215
401 214
401 213
401 212
400 211
400 210
400 209
400 208
399 207
399 206
399 205
398 204
398 203
398 202
397 201
397 200
397 199
396 198
396 197
395 196
395 195
394 194
394 193
393 192
393 191
392 190
392 189
391 188
390 187
390 186
389 185
388 184
387 183
386 182
385 181
384 181
383 180
382 180
381 179
380 179
379 179
378 179
377 179
376 178
376 177
375 176
375 175
375 174
374 173
374 172
373 171
373 170
372 169
372 168
371 167
371 166
370 165
370 164
369 163
369 162
368 161
368 160
367 159
367 158
366 157
366 156
365 155
365 154
364 153
363 152
363 151
362 150
362 149
361 148
360 147
360 146
359 145
358 144
358 143
357 142
356 141
356 140
355 139
354 138
354 137
353 136
352 135
351 134
351 133
350 132
349 131
348 130
347 129
346 128
346 127
345 126
344 125
343 124
342 123
341 122
340 121
339 120
338 119
337 118
336 117
335 116
334 115
333 114
332 113
331 112
330 111
329 111
328 110
327 109
326 108
325 107
324 107
323 106
322 105
321 104
320 104
319 103
318 102
317 101
316 101
315 100
314 100
313 99
312 98
311 98
310 97
309 97
308 96
307 95
306 94
306 93
306 92
306 91
306 90
306 89
305 88
305 87
305 86
305 85
305 84
305 83
304 82
304 81
304 80
304 79
303 78
303 77
303 76
302 75
302 74
302 73
301 73
300 72
299 71
298 70
297 69
296 68
295 67
294 66
293 65
292 65
291 65
290 66
289 66
288 66
287 67
286 67
285 68
284 68
283 69
282 69
281 70
281 71
281 72
281 73
281 74
282 75
282 76
282 77
283 78
283 79
283 80
284 81
284 82
284 83
284 84
283 85
282 85
281 85
280 85
279 84
278 84
277 84
276 84
275 83
274 83
273 83
272 83
271 83
270 82
269 82
268 82
267 82
266 82
265 82
264 82
263 82
262 81
261 81
260 81
259 81
258 81
257 81
256 81
255 81
254 81
253 81
252 81
251 81
250 81
249 81
248 81
247 81
246 81
245 81
244 81
243 81
242 81
241 82
240 82
239 82
238 82
237 82
236 82
235 82
234 82
233 83
232 83
231 83
230 83
229 83
228 84
227 84
226 84
225 84
224 85
223 85
222 85
221 85
220 86
219 86
218 86
217 87
216 87
215 87
214 88
213 88
212 88
211 89
210 89
209 90
208 90
207 91
206 91
205 90
205 89
205 88
205 87
205 86
205 85
206 84
206 83
206 82
206 81
207 80
207 79
207 78
208 77
208 76
208 75
209 74
209 73
209 72
209 71
209 70
209 69
209 68
209 67
209 66
208 66
207 65
206 65
205 65
204 65
203 65
202 65
