121 55
120 56
119 56
118 56
117 57
116 57
115 58
114 59
113 60
112 60
111 61
110 62
109 62
108 63
107 63
106 64
105 64
104 64
103 64
102 65
101 65
100 66
99 66
98 67
97 68
96 68
95 69
94 70
93 70
92 71
91 72
90 72
89 73
88 74
87 75
86 75
85 76
84 77
83 77
82 78
81 79
80 80
79 81
78 82
77 83
76 84
75 84
74 85
73 86
72 86
71 87
70 88
70 89
69 90
68 90
67 91
66 92
65 93
64 94
63 95
62 96
62 97
61 98
60 99
59 100
58 101
57 102
57 103
56 104
56 105
55 106
54 107
53 108
52 109
51 109
50 110
49 110
48 111
47 112
46 113
45 114
44 115
44 116
44 117
43 118
42 119
42 120
41 121
40 122
40 123
39 124
39 125
39 126
39 127
39 128
39 129
39 130
39 131
39 132
39 133
39 134
38 135
38 136
38 137
38 138
38 139
38 140
38 141
38 142
38 143
38 144
38 145
38 146
38 147
38 148
37 149
37 150
37 151
37 152
37 153
37 154
37 155
37 156
37 157
38 158
38 159
38 160
38 161
38 162
38 163
38 164
39 165
39 166
39 167
39 168
40 169
40 170
40 171
41 172
41 173
42 174
42 175
43 176
43 177
44 178
45 179
45 180
46 181
46 182
47 183
48 184
49 185
50 186
51 187
51 188
52 189
53 190
54 191
55 192
56 193
57 193
58 194
59 195
60 196
61 197
62 198
63 199
64 199
65 200
66 201
67 202
68 203
69 204
69 205
70 206
71 207
72 207
73 208
74 209
75 210
76 211
77 212
78 213
79 214
80 215
80 216
81 217
82 218
83 218
84 219
85 219
86 220
87 220
88 221
89 221
90 222
91 222
92 222
93 222
94 223
95 223
96 224
97 224
98 224
99 225
100 226
101 226
102 227
103 227
104 227
105 228
106 228
107 229
108 229
109 230
110 230
111 231
112 231
113 231
114 232
115 232
116 232
117 232
118 233
119 233
120 233
121 233
122 233
123 233
124 233
125 233
126 233
127 233
128 233
129 233
130 233
131 233
132 233
133 233
134 233
135 233
136 233
137 233
138 233
139 232
140 232
141 232
142 231
143 231
144 231
145 230
146 230
147 229
148 229
149 228
150 228
151 227
152 227
153 226
154 225
155 224
156 224
157 223
158 222
159 222
160 221
161 220
162 219
163 218
164 218
165 217
166 216
167 215
168 214
169 213
170 212
171 211
172 210
172 209
173 208
174 207
175 206
175 205
176 204
177 203
177 202
178 201
179 200
180 199
180 198
181 197
182 196
182 195
183 194
184 193
184 192
185 191
186 190
186 189
187 188
188 187
188 186
189 185
190 184
191 183
192 182
193 182
194 181
195 180
196 180
197 179
198 179
199 178
200 178
201 178
202 177
203 177
204 177
205 176
206 176
207 176
208 176
209 176
210 175
211 175
212 175
213 175
214 174
215 174
216 174
217 174
218 174
219 174
220 173
221 173
222 173
223 173
224 173
225 172
226 172
227 171
228 170
228 169
229 168
229 167
229 166
229 165
229 164
230 163
230 162
231 161
232 160
233 159
234 158
235 157
236 157
237 156
238 156
239 155
240 155
241 155
242 155
243 154
244 154
245 154
246 154
247 154
248 154
249 153
250 153
251 153
252 153
253 153
254 152
255 152
256 152
257 152
258 152
259 152
260 151
261 151
262 151
263 151
264 151
265 151
266 150
267 150
268 150
269 150
270 150
271 150
272 150
273 150
274 150
275 150
276 150
277 150
278 150
279 151
280 151
281 152
282 153
283 154
284 155
285 156
285 157
286 158
287 158
288 159
289 159
290 159
291 159
292 159
293 159
294 159
295 159
296 159
297 159
298 159
299 159
300 159
301 159
302 159
303 158
304 158
305 158
306 158
307 158
308 158
309 158
310 158
311 158
312 158
313 158
314 158
315 158
316 158
317 158
318 157
319 157
320 157
321 156
322 155
323 154
324 153
325 152
326 151
327 151
328 150
329 150
330 151
331 151
332 151
333 152
334 153
335 153
336 154
337 154
338 155
339 155
340 156
341 156
342 156
343 156
344 156
345 156
346 156
347 156
348 156
349 156
350 156
351 156
352 155
353 155
354 155
355 155
356 155
357 155
358 154
359 154
360 153
361 152
362 151
363 150
363 149
364 148
365 147
366 146
367 146
368 145
369 145
370 144
371 144
372 144
373 144
374 144
375 144
376 144
377 144
378 143
379 143
380 143
381 143
382 143
383 143
384 143
385 143
386 143
387 143
388 143
389 143
390 143
391 143
392 143
393 143
394 143
395 143
396 142
397 142
398 142
399 142
400 142
401 142
402 142
403 142
404 142
405 142
406 142
407 141
408 141
409 141
410 140
411 140
412 140
413 139
414 139
415 139
416 138
417 137
418 137
419 136
420 136
421 135
422 134
423 133
424 133
425 132
426 131
427 130
428 129
428 128
429 127
429 126
430 125
430 124
430 123
430 122
430 121
430 120
429 119
429 118
428 117
428 116
427 115
426 114
425 113
424 113
423 112
422 112
421 112
420 111
419 111
418 111
417 110
416 110
415 110
414 109
413 109
412 109
411 108
410 108
409 108
408 108
407 108
406 108
405 108
404 108
403 108
402 108
401 108
400 108
399 108
398 108
397 108
396 109
395 109
394 109
393 109
392 110
391 110
390 110
389 110
388 110
387 111
386 111
385 111
384 111
383 111
382 111
381 111
380 111
379 111
378 111
377 111
376 111
375 111
374 111
373 111
372 112
371 112
370 112
369 112
368 113
367 113
366 113
365 113
364 113
363 114
362 114
361 114
360 114
359 114
358 114
357 114
356 114
355 114
354 114
353 114
352 114
351 114
350 115
349 115
348 115
347 115
346 115
345 115
344 115
343 116
342 116
341 116
340 117
339 117
338 117
337 117
336 118
335 118
334 118
333 118
332 118
331 118
330 118
329 118
328 118
327 118
326 118
325 118
324 118
323 118
322 118
321 118
320 118
319 118
318 118
317 119
316 119
315 119
314 119
313 119
312 119
311 119
310 120
309 120
308 120
307 120
306 121
305 121
304 121
303 121
302 122
301 122
300 122
299 122
298 122
297 122
296 122
295 122
294 122
293 122
292 122
291 122
290 122
289 122
288 122
287 122
286 122
285 122
284 123
283 123
282 123
281 123
280 123
279 123
278 124
277 124
276 124
275 124
274 125
273 125
272 125
271 125
270 125
269 125
268 125
267 126
266 126
265 126
264 126
263 126
262 126
261 126
260 126
259 126
258 126
257 126
256 126
255 126
254 126
253 126
252 126
251 126
250 126
249 126
248 126
247 126
246 126
245 126
244 126
243 126
242 126
241 126
240 126
239 126
238 126
237 126
236 126
235 126
234 126
233 125
232 125
231 124
230 123
229 123
228 122
227 121
226 120
225 120
224 120
223 120
222 119
221 119
220 118
219 117
218 117
217 117
216 117
215 117
214 117
213 117
212 117
211 117
210 117
209 117
208 117
207 117
206 117
205 117
204 116
203 116
202 116
201 116
200 116
199 116
198 116
197 115
196 114
195 114
194 113
193 112
192 111
191 110
190 110
189 109
188 108
187 107
186 106
185 105
184 104
183 103
182 102
181 101
181 100
180 99
179 98
178 97
177 96
176 95
176 94
175 93
174 92
173 91
173 90
172 89
171 88
170 87
169 86
168 85
167 84
167 83
166 82
165 81
164 80
163 80
162 79
161 78
160 77
159 76
158 76
157 75
156 74
155 74
154 73
153 72
152 71
151 71
150 70
149 69
148 69
147 68
146 67
145 66
144 65
144 64
143 63
142 62
141 61
140 60
139 60
138 59
137 58
136 57
135 56
134 56
133 56
132 56
131 56
130 56
129 55
128 55
127 55
126 55
125 55
124 55
123 55
122 55
