114 66
113 67
112 67
111 67
110 67
109 68
108 68
107 68
106 68
105 69
104 69
103 69
102 70
101 70
100 70
99 71
98 71
97 72
96 72
95 73
94 73
93 74
92 74
91 75
90 76
89 77
88 77
87 78
86 79
85 80
84 81
83 82
82 83
81 83
80 84
79 85
78 86
77 87
76 88
75 89
74 90
73 91
72 92
72 93
71 94
70 95
69 96
68 97
68 98
67 99
66 100
65 101
64 102
63 103
63 104
62 105
62 106
62 107
61 108
61 109
61 110
61 111
61 112
60 113
60 114
60 115
60 116
60 117
59 118
59 119
59 120
59 121
59 122
58 123
58 124
58 125
58 126
58 127
58 128
57 129
57 130
57 131
57 132
57 133
56 134
56 135
56 136
56 137
56 138
56 139
55 140
55 141
55 142
56 143
56 144
56 145
56 146
56 147
56 148
56 149
56 150
57 151
57 152
57 153
57 154
57 155
57 156
58 157
58 158
59 159
59 160
59 161
60 162
60 163
61 164
61 165
62 166
62 167
62 168
63 169
63 170
64 171
64 172
65 173
65 174
66 175
67 176
68 177
69 178
70 179
71 180
72 181
73 182
74 183
75 184
76 185
77 186
78 187
79 188
80 189
81 190
82 191
83 191
84 192
85 193
86 194
87 195
88 196
89 197
90 198
91 199
92 199
93 200
94 201
95 201
96 202
97 202
98 202
99 203
100 203
101 203
102 203
103 204
104 204
105 204
106 205
107 205
108 205
109 205
110 205
111 205
112 205
113 205
114 206
115 206
116 206
117 206
118 206
119 206
120 206
121 206
122 206
123 206
124 207
125 207
126 207
127 207
128 207
129 206
130 206
131 206
132 206
133 205
134 205
135 205
136 205
137 204
138 204
139 204
140 203
141 203
142 203
143 203
144 202
145 202
146 202
147 202
148 201
149 201
150 201
151 200
152 200
153 200
154 200
155 199
156 199
157 198
158 198
159 197
160 196
161 195
162 194
163 194
164 193
165 192
166 191
167 190
168 189
169 189
170 188
171 187
172 186
173 185
174 185
175 184
176 183
177 182
178 181
179 180
180 179
181 178
181 177
182 176
183 175
184 174
185 173
186 173
187 172
188 172
189 172
190 172
191 173
192 173
193 174
194 175
195 176
196 177
196 178
197 179
198 180
199 180
200 181
201 181
202 182
203 182
204 182
205 182
206 182
207 182
208 182
209 182
210 182
211 181
212 181
213 180
214 179
214 178
215 177
215 176
216 175
216 174
217 173
217 172
218 171
219 170
220 170
221 169
222 169
223 169
224 169
225 169
226 169
227 169
228 169
229 169
230 170
231 170
232 170
233 170
234 170
235 170
236 170
237 170
238 170
239 170
240 170
241 170
242 170
243 170
244 170
245 170
246 171
247 171
248 171
249 171
250 171
251 171
252 171
253 171
254 171
255 171
256 171
257 171
258 171
259 171
260 171
261 172
262 172
263 172
264 172
265 172
266 172
267 172
268 172
269 172
270 172
271 172
272 172
273 172
274 172
275 172
276 173
277 173
278 173
279 173
280 173
281 173
282 173
283 173
284 173
285 173
286 173
287 173
288 173
289 173
290 173
291 174
292 174
293 174
294 174
295 174
296 174
297 174
298 174
299 174
300 174
301 174
302 174
303 174
304 174
305 174
306 174
307 174
308 174
309 174
310 174
311 174
312 174
313 174
314 174
315 174
316 174
317 174
318 174
319 174
320 174
321 174
322 174
323 174
324 174
325 174
326 175
327 175
328 175
329 175
330 175
331 175
332 175
333 175
334 175
335 175
336 175
337 175
338 175
339 175
340 175
341 174
342 174
343 174
344 173
345 173
346 173
347 172
348 172
349 171
350 171
351 170
352 170
353 169
354 169
355 168
356 168
357 167
358 166
359 166
360 165
361 164
362 163
363 163
363 162
364 161
365 160
365 159
366 158
366 157
366 156
366 155
366 154
366 153
367 152
367 151
367 150
367 149
367 148
367 147
367 146
367 145
367 144
367 143
367 142
367 141
366 140
366 139
365 138
364 137
363 136
362 135
361 134
360 133
359 132
358 131
357 130
356 129
355 128
354 127
353 127
352 126
351 126
350 125
349 125
348 124
347 124
346 124
345 123
344 123
343 123
342 123
341 123
340 123
339 123
338 123
337 123
336 123
335 123
334 123
333 123
332 123
331 123
330 123
329 123
328 123
327 123
326 123
325 123
324 123
323 123
322 123
321 123
320 123
319 123
318 123
317 123
316 123
315 123
314 123
313 123
312 123
311 123
310 123
309 123
308 123
307 123
306 123
305 123
304 123
303 123
302 123
301 123
300 123
299 123
298 123
297 123
296 123
295 123
294 123
293 123
292 123
291 123
290 123
289 123
288 123
287 123
286 123
285 123
284 123
283 123
282 123
281 123
280 123
279 123
278 123
277 123
276 123
275 122
274 122
273 122
272 122
271 122
270 122
269 122
268 122
267 122
266 122
265 122
264 121
263 121
262 121
261 121
260 121
259 121
258 121
257 121
256 121
255 121
254 121
253 120
252 120
251 120
250 120
249 120
248 120
247 120
246 120
245 120
244 120
243 119
242 119
241 119
240 119
239 119
238 119
237 119
236 119
235 119
234 119
233 119
232 119
231 119
230 119
229 119
228 119
227 120
226 120
225 120
224 120
223 120
222 120
221 119
221 118
220 117
220 116
220 115
220 114
220 113
220 112
219 111
219 110
218 109
218 108
217 107
216 106
215 105
214 105
213 104
212 104
211 104
210 104
209 104
208 104
207 104
206 104
205 104
204 105
203 105
202 106
201 107
200 107
200 108
199 109
198 110
197 111
196 112
195 113
194 114
193 114
192 114
191 114
190 114
189 113
188 113
187 112
186 111
185 110
185 109
184 108
183 107
183 106
182 105
182 104
181 103
180 102
180 101
179 100
179 99
178 98
177 97
177 96
176 95
175 94
174 93
173 92
172 92
171 91
170 90
169 89
168 88
167 88
166 87
165 86
164 85
163 85
162 84
161 83
160 83
159 82
158 81
157 80
156 80
155 79
154 78
153 78
152 77
151 76
150 76
149 75
148 75
147 74
146 74
145 73
144 73
143 72
142 72
141 71
140 71
139 71
138 70
137 70
136 70
135 70
134 70
133 69
132 69
131 69
130 69
129 69
128 68
127 68
126 68
125 68
124 68
123 67
122 67
121 67
120 67
119 66
118 66
117 66
116 66
115 66
