125 43
124 44
123 44
122 44
121 44
120 44
119 44
118 44
117 44
116 44
115 44
114 45
113 45
112 45
111 45
110 45
109 46
108 46
107 46
106 46
105 46
104 46
103 47
102 47
101 47
100 47
99 48
98 48
97 48
96 49
95 49
94 49
93 49
92 50
91 50
90 50
89 51
88 51
87 51
86 52
85 52
84 53
83 53
82 53
81 54
80 54
79 55
78 55
77 55
76 56
75 56
74 57
73 57
72 58
71 58
70 59
69 59
68 60
67 61
66 61
65 62
64 62
63 63
62 64
61 65
60 66
59 66
58 67
57 68
56 69
55 70
54 71
53 72
53 73
52 74
51 75
50 76
49 77
48 78
47 78
47 79
46 80
45 81
45 82
44 83
44 84
44 85
43 86
43 87
42 88
42 89
42 90
41 91
41 92
41 93
40 94
40 95
40 96
39 97
39 98
38 99
38 100
38 101
37 102
37 103
37 104
36 105
36 106
36 107
35 108
35 109
35 110
34 111
34 112
34 113
34 114
34 115
34 116
34 117
34 118
34 119
34 120
34 121
34 122
34 123
34 124
34 125
34 126
34 127
34 128
34 129
34 130
34 131
34 132
35 133
35 134
35 135
36 136
36 137
36 138
36 139
37 140
37 141
37 142
37 143
38 144
38 145
38 146
39 147
40 148
40 149
41 150
41 151
41 152
42 153
42 154
43 155
43 156
43 157
44 158
44 159
45 160
45 161
46 162
46 163
47 164
47 165
48 166
49 167
49 168
50 169
50 170
51 171
52 172
53 173
54 174
55 175
56 176
57 177
58 178
59 179
60 180
61 181
62 182
63 183
64 184
65 184
66 185
67 186
68 187
69 187
70 188
71 188
72 189
73 190
74 190
75 191
76 191
77 192
78 192
79 193
80 193
81 194
82 194
83 194
84 195
85 195
86 196
87 196
88 196
89 196
90 197
91 197
92 197
93 197
94 198
95 198
96 198
97 198
98 199
99 199
100 199
101 199
102 200
103 200
104 200
105 200
106 201
107 201
108 201
109 201
110 201
111 201
112 202
113 202
114 202
115 202
116 202
117 202
118 202
119 203
120 203
121 203
122 203
123 203
124 203
125 203
126 203
127 203
128 203
129 203
130 203
131 203
132 203
133 203
134 203
135 203
136 203
137 203
138 203
139 203
140 203
141 203
142 203
143 203
144 202
145 202
146 202
147 202
148 201
149 201
150 201
151 200
152 200
153 199
154 199
155 198
156 198
157 197
158 197
159 197
160 196
161 195
162 194
163 193
164 192
165 191
166 190
167 189
167 188
168 187
169 186
170 185
170 184
171 183
171 182
172 181
172 180
173 179
173 178
174 177
174 176
175 175
175 174
176 173
176 172
176 171
176 170
176 169
177 168
177 167
178 166
178 165
178 164
178 163
178 162
179 161
179 160
179 159
179 158
179 157
180 156
180 155
180 154
180 153
180 152
180 151
180 150
181 149
181 148
182 147
183 146
184 146
185 145
186 145
187 145
188 145
189 145
190 145
191 145
192 145
193 145
194 145
195 145
196 145
197 145
198 145
199 144
200 144
201 144
202 144
203 144
204 144
205 144
206 144
207 144
208 144
209 144
210 144
211 144
212 144
213 144
214 144
215 144
216 144
217 144
218 144
219 144
220 144
221 144
222 144
223 144
224 144
225 144
226 144
227 144
228 144
229 144
230 144
231 144
232 144
233 144
234 144
235 144
236 144
237 144
238 144
239 143
240 143
241 143
242 143
243 143
244 143
245 143
246 143
247 143
248 143
249 143
250 143
251 143
252 143
253 143
254 143
255 143
256 143
257 143
258 143
259 143
260 143
261 143
262 143
263 143
264 143
265 143
266 143
267 143
268 143
269 143
270 143
271 143
272 143
273 143
274 143
275 142
276 142
277 142
278 142
279 142
280 142
281 142
282 142
283 142
284 142
285 142
286 142
287 142
288 141
289 140
290 140
291 139
292 139
293 138
294 138
295 137
296 137
297 137
298 137
299 137
300 137
301 137
302 137
303 137
304 137
305 137
306 137
307 137
308 137
309 137
310 137
311 137
312 137
313 136
314 136
315 136
316 136
317 136
318 136
319 135
320 135
321 134
322 134
323 134
324 134
325 134
326 134
327 134
328 134
329 133
330 133
331 133
332 133
333 132
334 132
335 132
336 132
337 132
338 132
339 131
340 131
341 130
342 130
343 130
344 130
345 130
346 131
347 131
348 131
349 131
350 131
351 132
352 132
353 132
354 132
355 132
356 132
357 132
358 132
359 132
360 132
361 132
362 132
363 132
364 133
365 133
366 133
367 134
368 134
369 135
370 135
371 135
372 135
373 135
374 135
375 134
376 134
377 133
378 133
379 132
380 132
381 131
382 131
383 130
384 130
385 129
386 128
387 128
388 127
389 126
390 126
391 126
392 125
393 125
394 125
395 124
396 123
397 122
397 121
396 120
396 119
395 118
394 117
393 116
392 115
391 114
390 113
389 112
388 111
387 110
386 110
385 109
384 108
383 108
382 107
381 107
380 107
379 106
378 105
377 105
376 105
375 104
374 104
373 104
372 104
371 105
370 105
369 105
368 105
367 106
366 106
365 106
364 106
363 106
362 106
361 107
360 107
359 107
358 107
357 108
356 108
355 108
354 108
353 108
352 108
351 108
350 108
349 108
348 109
347 109
346 109
345 109
344 109
343 109
342 109
341 109
340 108
339 108
338 108
337 107
336 107
335 106
334 106
333 106
332 106
331 106
330 106
329 106
328 106
327 106
326 106
325 106
324 106
323 105
322 105
321 105
320 105
319 104
318 104
317 104
316 104
315 104
314 104
313 104
312 104
311 104
310 104
309 104
308 104
307 104
306 104
305 104
304 104
303 104
302 104
301 104
300 104
299 104
298 103
297 103
296 103
295 103
294 102
293 102
292 101
291 101
290 100
289 100
288 100
287 100
286 100
285 99
284 99
283 99
282 99
281 99
280 99
279 99
278 99
277 99
276 99
275 99
274 99
273 99
272 99
271 100
270 100
269 100
268 100
267 100
266 100
265 100
264 100
263 100
262 100
261 100
260 100
259 100
258 100
257 100
256 100
255 100
254 100
253 100
252 100
251 100
250 100
249 100
248 100
247 100
246 100
245 100
244 100
243 100
242 100
241 100
240 100
239 100
238 100
237 100
236 100
235 100
234 100
233 100
232 100
231 100
230 100
229 100
228 100
227 100
226 100
225 100
224 100
223 100
222 100
221 100
220 100
219 100
218 100
217 100
216 100
215 100
214 100
213 100
212 100
211 100
210 100
209 100
208 101
207 101
206 102
205 102
204 103
203 103
202 103
201 103
200 102
199 102
198 101
198 100
197 100
196 99
195 99
194 98
193 97
192 96
191 96
190 96
189 96
188 96
187 95
186 95
185 94
184 94
183 93
182 92
181 91
181 90
180 89
180 88
179 87
179 86
178 85
178 84
178 83
178 82
177 81
177 80
176 79
176 78
176 77
176 76
175 75
175 74
175 73
174 72
174 71
174 70
173 69
173 68
172 67
172 66
172 65
171 64
170 63
170 62
169 61
169 60
168 59
167 58
166 57
165 56
164 55
163 54
162 53
161 52
160 51
159 51
158 50
157 49
156 49
155 48
154 48
153 47
152 47
151 47
150 46
149 46
148 45
147 45
146 45
145 45
144 44
143 44
142 44
141 44
140 44
139 43
138 43
137 43
136 43
135 43
134 43
133 43
132 43
131 43
130 43
129 43
128 43
127 43
126 43
