99 49
98 50
97 50
96 50
95 50
94 50
93 50
92 50
91 50
90 51
89 51
88 51
87 51
86 52
85 52
84 52
83 53
82 53
81 53
80 54
79 54
78 55
77 55
76 55
75 56
74 56
73 57
72 57
71 58
70 59
69 59
68 60
67 61
66 61
65 62
64 63
63 63
62 64
61 65
60 66
59 67
58 68
57 69
56 70
55 71
54 72
53 73
53 74
52 75
51 76
50 77
50 78
49 79
48 80
48 81
47 82
47 83
46 84
46 85
45 86
45 87
44 88
44 89
44 90
43 91
43 92
43 93
43 94
42 95
42 96
41 97
41 98
41 99
41 100
41 101
41 102
41 103
41 104
40 105
40 106
40 107
40 108
39 109
39 110
39 111
39 112
39 113
39 114
39 115
39 116
38 117
38 118
38 119
38 120
38 121
38 122
38 123
39 124
39 125
39 126
39 127
39 128
39 129
40 130
40 131
40 132
41 133
41 134
41 135
42 136
42 137
42 138
43 139
43 140
43 141
44 142
44 143
45 144
46 145
46 146
47 147
47 148
48 149
49 150
50 151
51 152
51 153
52 154
52 155
53 156
53 157
54 158
55 158
56 159
57 160
58 160
59 161
60 162
61 163
62 164
63 165
64 166
65 167
66 168
67 169
68 169
69 170
70 170
71 170
72 171
73 171
74 172
75 172
76 173
77 173
78 173
79 174
80 174
81 175
82 175
83 176
84 176
85 176
86 177
87 177
88 177
89 178
90 178
91 178
92 178
93 179
94 179
95 179
96 179
97 179
98 179
99 179
100 180
101 180
102 180
103 180
104 181
105 181
106 181
107 180
108 180
109 180
110 180
111 180
112 180
113 179
114 179
115 179
116 179
117 179
118 179
119 178
120 178
121 178
122 178
123 177
124 177
125 176
126 176
127 175
128 175
129 174
130 173
131 173
132 172
133 172
134 171
135 170
136 170
137 169
138 169
139 168
140 167
141 167
142 166
143 166
144 165
145 164
146 164
147 163
148 163
149 162
150 161
151 161
152 160
153 159
154 158
155 157
156 157
157 156
158 156
159 156
160 156
161 156
162 156
163 156
164 156
165 156
166 156
167 156
168 156
169 156
170 156
171 156
172 156
173 156
174 156
175 156
176 156
177 156
178 156
179 156
180 156
181 156
182 156
183 156
184 156
185 156
186 156
187 156
188 156
189 156
190 156
191 156
192 156
193 156
194 156
195 156
196 155
197 154
198 153
199 152
200 151
201 150
201 149
202 148
203 147
204 146
205 146
206 145
207 145
208 144
209 144
210 144
211 144
212 144
213 144
214 144
215 143
216 143
217 142
218 142
219 142
220 141
221 141
222 140
223 140
224 140
225 139
226 139
227 139
228 139
229 138
230 138
231 138
232 138
233 138
234 138
235 138
236 138
237 138
238 137
239 137
240 137
241 137
242 136
243 136
244 135
245 135
246 134
247 134
248 134
249 133
250 133
251 133
252 132
253 132
254 132
255 132
256 132
257 132
258 133
259 133
260 133
261 134
262 134
263 134
264 134
265 133
266 133
267 133
268 133
269 133
270 133
271 133
272 133
273 134
274 134
275 134
276 134
277 134
278 134
279 134
280 134
281 134
282 135
283 135
284 135
285 135
286 135
287 135
288 136
289 136
290 136
291 136
292 136
293 135
294 135
295 135
296 135
297 134
298 134
299 134
300 134
301 134
302 134
303 134
304 135
305 135
306 136
307 136
308 137
309 138
310 138
311 139
312 140
313 140
314 141
315 141
316 141
317 141
318 141
319 142
320 142
321 142
322 142
323 142
324 142
325 142
326 142
327 142
328 142
329 142
330 142
331 142
332 142
333 142
334 142
335 142
336 142
337 142
338 142
339 142
340 142
341 142
342 142
343 142
344 142
345 142
346 142
347 142
348 142
349 141
350 141
351 141
352 141
353 140
354 140
355 139
356 138
357 137
358 136
359 136
360 135
361 134
362 134
363 133
364 133
365 132
366 132
367 131
368 130
369 130
370 130
371 129
372 129
373 128
374 128
375 127
376 127
377 126
378 125
379 124
379 123
379 122
379 121
378 120
378 119
378 118
377 117
377 116
377 115
376 114
376 113
375 112
375 111
374 110
373 109
373 108
372 107
371 106
371 105
370 104
369 103
369 102
368 101
367 100
367 99
366 98
365 97
364 96
363 96
362 95
361 95
360 95
359 95
358 95
357 95
356 95
355 95
354 95
353 95
352 95
351 95
350 95
349 95
348 95
347 95
346 95
345 95
344 95
343 95
342 95
341 95
340 95
339 95
338 95
337 95
336 95
335 94
334 94
333 94
332 94
331 94
330 94
329 94
328 94
327 94
326 94
325 94
324 94
323 94
322 94
321 94
320 94
319 94
318 94
317 94
316 94
315 94
314 94
313 94
312 94
311 94
310 94
309 94
308 94
307 94
306 94
305 94
304 94
303 94
302 94
301 94
300 94
299 94
298 94
297 94
296 94
295 94
294 94
293 94
292 94
291 94
290 94
289 94
288 94
287 94
286 94
285 94
284 94
283 94
282 94
281 94
280 94
279 94
278 94
277 94
276 94
275 94
274 94
273 94
272 94
271 94
270 94
269 94
268 94
267 94
266 94
265 94
264 94
263 94
262 94
261 94
260 94
259 94
258 94
257 94
256 94
255 94
254 94
253 94
252 94
251 94
250 94
249 94
248 94
247 94
246 94
245 94
244 94
243 94
242 94
241 93
240 93
239 93
238 93
237 93
236 93
235 93
234 93
233 93
232 93
231 93
230 93
229 93
228 93
227 93
226 93
225 93
224 93
223 93
222 93
221 93
220 93
219 93
218 93
217 93
216 93
215 93
214 93
213 93
212 93
211 93
210 93
209 93
208 93
207 93
206 93
205 93
204 93
203 93
202 93
201 93
200 93
199 93
198 93
197 93
196 93
195 93
194 93
193 93
192 93
191 93
190 93
189 93
188 93
187 93
186 94
185 94
184 94
183 94
182 94
181 94
180 94
179 94
178 94
177 94
176 94
175 94
174 94
173 94
172 94
171 94
170 94
169 94
168 93
167 93
166 92
165 91
164 90
163 89
162 88
162 87
161 86
160 85
159 84
159 83
158 82
158 81
158 80
158 79
158 78
157 77
156 76
156 75
155 74
154 73
153 72
153 71
152 70
151 69
150 68
149 67
148 66
147 65
146 64
145 64
144 63
143 62
142 61
141 60
140 60
139 59
138 59
137 58
136 57
135 57
134 56
133 56
132 55
131 55
130 54
129 54
128 54
127 53
126 53
125 52
124 52
123 52
122 51
121 51
120 51
119 51
118 50
117 50
116 50
115 50
114 50
113 49
112 49
111 49
110 49
109 49
108 49
107 49
106 49
105 49
104 49
103 49
102 49
101 49
100 49
