116 40
115 41
114 41
113 41
112 41
111 41
110 41
109 41
108 41
107 42
106 42
105 42
104 42
103 42
102 42
101 43
100 43
99 43
98 43
97 43
96 44
95 44
94 44
93 44
92 45
91 45
90 45
89 46
88 46
87 46
86 46
85 46
84 47
83 47
82 47
81 47
80 48
79 48
78 49
77 49
76 49
75 50
74 50
73 51
72 51
71 52
70 53
69 53
68 53
67 53
66 54
65 54
64 55
63 55
62 56
61 56
60 57
59 57
58 58
57 59
56 60
55 61
54 62
53 62
52 62
51 62
50 63
49 63
49 64
48 65
48 66
47 67
47 68
46 69
46 70
45 71
45 72
45 73
44 74
44 75
44 76
44 77
43 78
43 79
42 80
42 81
42 82
42 83
42 84
41 85
41 86
41 87
40 88
40 89
40 90
39 91
39 92
39 93
39 94
39 95
39 96
39 97
39 98
39 99
39 100
39 101
39 102
39 103
39 104
38 105
38 106
38 107
38 108
38 109
38 110
38 111
38 112
38 113
38 114
38 115
38 116
38 117
38 118
38 119
38 120
38 121
38 122
38 123
38 124
38 125
38 126
38 127
38 128
38 129
38 130
38 131
38 132
38 133
39 134
39 135
39 136
39 137
39 138
39 139
39 140
39 141
39 142
39 143
40 144
40 145
40 146
41 147
41 148
41 149
41 150
41 151
41 152
41 153
41 154
41 155
41 156
42 157
42 158
42 159
43 160
43 161
44 162
45 163
46 164
47 165
48 166
49 167
50 168
51 168
52 169
53 169
54 170
55 170
56 171
57 171
58 172
59 173
60 173
61 174
62 174
63 174
64 175
65 175
66 176
67 176
68 177
69 177
70 178
71 178
72 179
73 179
74 179
75 180
76 180
77 180
78 181
79 181
80 181
81 182
82 182
83 182
84 182
85 183
86 183
87 183
88 184
89 184
90 184
91 184
92 184
93 184
94 185
95 185
96 185
97 185
98 186
99 186
100 186
101 186
102 186
103 186
104 187
105 187
106 187
107 187
108 187
109 187
110 187
111 187
112 187
113 187
114 187
115 187
116 187
117 187
118 187
119 187
120 187
121 187
122 187
123 187
124 187
125 187
126 187
127 187
128 186
129 186
130 185
131 184
132 183
133 182
134 181
134 180
135 179
136 178
137 177
137 176
138 175
139 174
140 173
140 172
141 171
142 170
143 169
143 168
144 167
144 166
145 165
145 164
145 163
146 162
146 161
146 160
147 159
147 158
147 157
148 156
148 155
148 154
148 153
149 152
149 151
149 150
150 149
150 148
151 147
151 146
151 145
152 144
152 143
152 142
153 141
153 140
154 139
154 138
155 137
156 136
157 135
158 135
159 135
160 135
161 135
162 135
163 135
164 135
165 135
166 135
167 135
168 135
169 135
170 135
171 135
172 135
173 135
174 135
175 135
176 135
177 135
178 135
179 135
180 135
181 135
182 135
183 135
184 135
185 135
186 135
187 135
188 135
189 135
190 135
191 135
192 135
193 135
194 135
195 135
196 135
197 135
198 135
199 135
200 135
201 135
202 135
203 135
204 135
205 135
206 135
207 135
208 135
209 135
210 135
211 135
212 135
213 135
214 135
215 135
216 135
217 135
218 135
219 135
220 135
221 135
222 135
223 135
224 135
225 135
226 135
227 135
228 135
229 135
230 135
231 135
232 135
233 135
234 135
235 135
236 135
237 135
238 135
239 135
240 135
241 135
242 135
243 135
244 135
245 135
246 135
247 135
248 135
249 135
250 135
251 135
252 135
253 135
254 135
255 135
256 135
257 135
258 135
259 135
260 135
261 135
262 135
263 135
264 135
265 135
266 135
267 135
268 135
269 135
270 135
271 135
272 135
273 135
274 135
275 135
276 135
277 135
278 135
279 135
280 135
281 135
282 135
283 135
284 135
285 135
286 135
287 135
288 135
289 135
290 135
291 135
292 135
293 135
294 135
295 135
296 135
297 135
298 135
299 135
300 135
301 135
302 135
303 135
304 135
305 135
306 135
307 135
308 135
309 135
310 135
311 135
312 135
313 135
314 135
315 135
316 135
317 134
318 134
319 134
320 134
321 134
322 133
323 133
324 133
325 133
326 133
327 132
328 131
329 130
330 129
331 129
332 128
333 127
334 126
335 125
336 124
337 123
337 122
337 121
337 120
336 119
336 118
335 117
335 116
335 115
334 114
334 113
333 112
332 111
331 111
330 111
329 110
328 109
327 108
327 107
326 106
325 105
324 104
323 103
322 102
321 101
320 101
319 100
318 100
317 100
316 100
315 100
314 100
313 100
312 100
311 100
310 100
309 100
308 100
307 100
306 100
305 100
304 100
303 99
302 99
301 98
300 98
299 98
298 98
297 98
296 99
295 99
294 100
293 100
292 100
291 100
290 100
289 100
288 100
287 100
286 100
285 100
284 100
283 99
282 99
281 98
280 97
279 96
278 95
277 95
276 94
275 93
274 92
273 92
272 91
271 91
270 91
269 91
268 91
267 91
266 91
265 91
264 91
263 92
262 92
261 93
260 93
259 94
258 95
257 96
256 96
255 97
254 98
253 99
252 99
251 100
250 100
249 100
248 100
247 100
246 100
245 100
244 100
243 100
242 100
241 100
240 100
239 99
238 99
237 98
236 97
235 96
234 95
234 94
233 93
232 92
231 92
230 91
229 91
228 91
227 91
226 91
225 91
224 91
223 91
222 91
221 91
220 91
219 91
218 91
217 91
216 91
215 91
214 91
213 91
212 92
211 92
210 93
209 93
208 94
207 94
206 94
205 95
204 95
203 95
202 95
201 95
200 95
199 95
198 95
197 95
196 94
195 93
194 93
193 92
192 92
191 91
190 91
189 91
188 91
187 91
186 91
185 91
184 91
183 91
182 90
181 90
180 90
179 89
178 89
177 89
176 89
175 88
174 87
173 86
173 85
173 84
172 83
171 82
170 82
169 82
168 82
167 82
166 82
165 82
164 82
163 82
162 82
161 82
160 81
159 81
158 80
157 79
156 78
156 77
155 76
155 75
154 74
153 73
153 72
152 71
152 70
151 69
151 68
150 67
149 66
148 65
148 64
147 63
147 62
147 61
146 60
145 59
145 58
144 57
143 56
142 55
142 54
141 53
140 52
139 52
138 51
137 50
136 49
135 49
134 48
133 47
133 46
132 45
131 44
130 44
129 43
128 43
127 42
126 42
125 41
124 41
123 41
122 41
121 41
120 41
119 40
118 40
117 40
