100 42
99 43
98 43
97 44
96 44
95 45
94 45
93 46
92 46
91 47
90 47
89 48
88 48
87 48
86 49
85 49
84 50
83 50
82 51
81 52
80 52
79 53
78 53
77 53
76 54
75 55
74 55
73 56
72 56
71 57
70 57
69 57
68 58
67 59
66 59
65 60
64 61
63 62
63 63
62 64
62 65
61 66
61 67
60 68
60 69
59 70
58 71
58 72
57 73
57 74
56 75
56 76
55 77
55 78
54 79
54 80
53 81
53 82
53 83
52 84
52 85
52 86
52 87
52 88
51 89
51 90
51 91
51 92
50 93
50 94
50 95
50 96
49 97
49 98
49 99
49 100
48 101
48 102
48 103
48 104
48 105
48 106
48 107
48 108
48 109
48 110
48 111
48 112
48 113
48 114
48 115
48 116
48 117
48 118
48 119
49 120
49 121
49 122
49 123
49 124
49 125
49 126
49 127
50 128
50 129
50 130
50 131
50 132
50 133
51 134
51 135
51 136
51 137
51 138
52 139
52 140
53 141
53 142
53 143
54 144
54 145
55 146
55 147
55 148
56 149
56 150
57 151
57 152
58 153
58 154
58 155
59 156
59 157
60 158
60 159
61 160
61 161
62 162
63 163
64 163
65 164
66 165
67 165
68 166
69 167
70 168
71 168
72 169
73 169
74 169
75 169
76 169
77 169
78 169
79 170
80 171
81 172
82 173
83 173
84 174
85 174
86 175
87 176
88 176
89 177
90 177
91 178
92 178
93 178
94 179
95 179
96 180
97 180
98 180
99 181
100 181
101 181
102 181
103 181
104 181
105 182
106 182
107 182
108 182
109 182
110 182
111 182
112 182
113 182
114 182
115 182
116 182
117 182
118 182
119 182
120 182
121 181
122 181
123 181
124 181
125 181
126 181
127 181
128 180
129 180
130 180
131 179
132 179
133 179
134 178
135 178
136 177
137 176
138 175
139 174
140 174
141 173
142 172
143 171
144 170
145 169
146 169
147 169
148 168
149 168
150 167
151 166
152 165
153 164
154 163
155 162
155 161
156 160
156 159
157 158
157 157
158 156
158 155
159 154
160 153
161 152
162 151
163 151
164 150
165 150
166 149
166 148
167 147
168 146
169 145
170 144
171 144
172 144
173 144
174 145
175 145
176 144
177 144
178 144
179 144
180 144
181 144
182 144
183 144
184 144
185 144
186 144
187 144
188 145
189 145
190 146
191 147
192 147
193 148
194 149
195 150
196 150
197 151
198 151
199 151
200 150
201 150
202 149
203 148
204 147
205 146
206 145
206 144
207 143
207 142
207 141
208 140
209 139
210 138
211 138
212 138
213 138
214 138
215 138
216 138
217 138
218 138
219 138
220 138
221 138
222 138
223 138
224 138
225 138
226 138
227 137
228 137
229 137
230 137
231 137
232 136
233 136
234 136
235 136
236 136
237 137
238 137
239 137
240 137
241 137
242 137
243 136
244 136
245 135
246 135
247 134
248 133
249 132
250 131
251 131
252 130
253 129
254 129
255 129
256 128
257 128
258 128
259 128
260 128
261 128
262 128
263 128
264 128
265 128
266 128
267 128
268 128
269 129
270 129
271 129
272 129
273 130
274 131
275 132
275 133
275 134
275 135
276 136
277 136
278 136
279 136
280 136
281 136
282 136
283 136
284 136
285 136
286 136
287 137
288 137
289 138
290 138
291 138
292 138
293 137
294 136
295 135
296 135
297 134
298 134
299 133
300 133
301 133
302 133
303 133
304 133
305 132
306 132
307 132
308 132
309 132
310 132
311 133
312 134
313 135
314 136
315 137
316 137
317 138
318 138
319 138
320 138
321 138
322 138
323 138
324 137
325 137
326 137
327 137
328 137
329 137
330 137
331 137
332 137
333 137
334 137
335 137
336 137
337 137
338 137
339 136
340 135
341 135
342 134
342 133
343 132
344 131
345 130
346 129
347 128
348 127
349 126
350 125
351 124
352 123
353 122
354 121
355 120
356 119
357 118
358 117
358 116
359 115
359 114
359 113
359 112
358 111
358 110
357 109
357 108
356 107
355 106
355 105
354 104
354 103
353 102
352 101
351 100
350 99
349 98
348 97
347 96
346 96
345 95
344 95
343 95
342 95
341 95
340 94
339 94
338 93
337 93
336 93
335 93
334 92
333 92
332 92
331 92
330 92
329 91
328 91
327 91
326 91
325 91
324 91
323 91
322 91
321 91
320 91
319 91
318 90
317 90
316 90
315 90
314 90
313 90
312 90
311 90
310 90
309 90
308 90
307 90
306 90
305 90
304 91
303 91
302 91
301 91
300 91
299 91
298 91
297 91
296 91
295 91
294 90
293 90
292 90
291 90
290 90
289 90
288 91
287 91
286 91
285 91
284 91
283 91
282 91
281 91
280 91
279 91
278 91
277 91
276 91
275 91
274 91
273 91
272 91
271 91
270 91
269 91
268 91
267 91
266 91
265 91
264 90
263 90
262 90
261 90
260 90
259 90
258 90
257 90
256 90
255 90
254 90
253 90
252 90
251 90
250 90
249 90
248 90
247 90
246 90
245 90
244 90
243 90
242 90
241 90
240 90
239 90
238 90
237 90
236 90
235 90
234 90
233 90
232 90
231 90
230 90
229 90
228 90
227 90
226 90
225 90
224 90
223 90
222 89
221 89
220 89
219 89
218 89
217 89
216 89
215 89
214 88
213 88
212 88
211 88
210 88
209 88
208 88
207 87
206 87
205 87
204 87
203 87
202 87
201 87
200 87
199 87
198 87
197 87
196 87
195 87
194 87
193 87
192 87
191 87
190 87
189 87
188 87
187 87
186 87
185 87
184 87
183 87
182 87
181 87
180 88
179 88
178 88
177 88
176 88
175 87
174 86
174 85
174 84
173 83
173 82
172 81
171 80
170 79
170 78
169 77
169 76
169 75
169 74
168 73
167 72
166 71
165 70
164 69
163 68
163 67
162 66
161 65
160 64
159 63
158 62
157 61
156 60
155 59
155 58
154 58
153 57
153 56
152 55
151 55
150 54
149 53
148 53
147 52
146 51
145 50
144 50
143 49
142 48
141 48
140 48
139 48
138 47
137 47
136 46
135 46
134 46
133 45
132 44
131 44
130 44
129 43
128 43
127 43
126 43
125 42
124 42
123 42
122 42
121 42
120 42
119 42
118 42
117 42
116 42
115 42
114 42
113 42
112 42
111 42
110 42
109 42
108 42
107 42
106 42
105 42
104 42
103 42
102 42
101 42
