170 55
169 56
168 56
167 56
166 56
165 56
164 56
163 56
162 56
161 56
160 56
159 56
158 56
157 56
156 56
155 56
154 57
153 57
152 57
151 57
150 57
149 57
148 57
147 57
146 58
145 58
144 58
143 59
142 59
141 59
140 59
139 59
138 59
137 59
136 60
135 60
134 60
133 60
132 60
131 60
130 60
129 60
128 61
127 61
126 61
125 62
124 62
123 62
122 62
121 62
120 63
119 63
118 63
117 64
116 64
115 64
114 64
113 64
112 64
111 65
110 65
109 66
108 66
107 66
106 66
105 67
104 67
103 68
102 68
101 68
100 68
99 69
98 69
97 70
97 71
96 72
95 73
94 73
93 74
92 74
91 74
90 74
89 75
88 75
87 76
86 76
85 76
84 76
83 76
82 77
81 77
80 77
79 78
78 78
77 79
76 79
75 80
74 80
73 81
72 81
71 82
70 83
69 84
68 84
67 84
66 85
65 85
64 86
63 87
62 88
61 89
60 90
59 91
58 92
58 93
57 94
57 95
57 96
56 97
56 98
56 99
56 100
56 101
56 102
56 103
55 104
55 105
55 106
55 107
55 108
55 109
55 110
55 111
55 112
55 113
55 114
55 115
55 116
55 117
55 118
55 119
55 120
55 121
55 122
55 123
55 124
55 125
55 126
55 127
55 128
55 129
55 130
55 131
55 132
55 133
55 134
55 135
55 136
54 137
54 138
55 139
55 140
55 141
56 142
57 143
58 144
59 145
60 146
60 147
61 148
62 149
63 150
64 150
65 151
66 151
67 152
68 153
69 153
70 154
71 154
72 155
73 155
74 155
75 156
76 156
77 157
78 157
79 157
80 158
81 158
82 158
83 158
84 159
85 159
86 160
87 160
88 160
89 161
90 161
91 161
92 162
93 162
94 163
95 163
96 163
97 163
98 164
99 164
100 165
101 165
102 165
103 165
104 165
105 166
106 166
107 167
108 167
109 167
110 167
111 167
112 167
113 168
114 168
115 168
116 168
117 169
118 168
119 168
120 169
121 169
122 169
123 169
124 170
125 170
126 170
127 170
128 171
129 170
130 170
131 170
132 169
133 170
134 170
135 170
136 171
137 172
138 173
139 173
140 173
141 173
142 173
143 173
144 173
145 173
146 174
147 174
148 174
149 174
150 174
151 173
152 173
153 173
154 174
155 174
156 174
157 174
158 174
159 174
160 174
161 174
162 174
163 174
164 175
165 175
166 176
167 176
168 177
169 177
170 177
171 177
172 177
173 178
174 178
175 178
176 178
177 178
178 178
179 178
180 178
181 178
182 178
183 178
184 178
185 178
186 178
187 178
188 178
189 178
190 178
191 178
192 178
193 178
194 178
195 178
196 178
197 179
198 179
199 179
200 178
201 178
202 178
203 177
204 177
205 176
206 175
207 174
207 173
208 172
209 171
210 170
211 169
211 168
212 167
212 166
213 165
213 164
214 163
214 162
215 161
215 160
215 159
216 158
216 157
217 156
218 155
218 154
219 153
220 152
221 152
222 151
223 150
224 149
225 148
226 148
227 147
228 147
229 147
230 147
231 146
232 146
233 146
234 146
235 146
236 145
237 144
238 143
238 142
239 141
239 140
240 139
240 138
241 137
242 136
243 135
244 135
245 134
246 134
247 133
248 132
249 131
250 130
251 129
252 129
253 128
254 128
255 127
256 127
257 127
258 126
259 126
260 126
261 126
262 126
263 126
264 127
265 127
266 128
267 129
268 129
269 130
270 131
271 131
272 131
273 131
274 131
275 131
276 130
277 130
278 130
279 130
280 130
281 130
282 130
283 130
284 130
285 131
286 131
287 131
288 131
289 131
290 130
291 130
292 129
293 128
294 127
295 127
296 126
297 126
298 125
299 125
300 125
301 125
302 125
303 125
304 126
305 126
306 127
307 127
308 128
309 128
310 129
311 129
312 130
313 130
314 130
315 130
316 130
317 130
318 129
319 129
320 129
321 129
322 129
323 129
324 130
325 130
326 130
327 130
328 131
329 131
330 131
331 132
332 131
333 131
334 131
335 130
336 130
337 129
338 129
339 129
340 129
341 128
342 128
343 127
344 127
345 126
346 126
347 125
348 124
349 124
350 123
351 122
351 121
352 120
353 119
353 118
354 117
354 116
355 115
356 114
357 113
358 112
359 111
359 110
359 109
359 108
359 107
358 106
358 105
357 104
356 103
355 102
354 102
353 101
352 101
351 100
350 100
349 99
348 99
347 99
346 99
345 99
344 99
343 99
342 98
341 98
340 98
339 98
338 98
337 98
336 98
335 98
334 98
333 98
332 98
331 98
330 98
329 98
328 98
327 98
326 98
325 98
324 98
323 98
322 98
321 98
320 98
319 98
318 98
317 98
316 98
315 98
314 98
313 98
312 98
311 98
310 98
309 98
308 98
307 98
306 98
305 98
304 98
303 98
302 98
301 98
300 98
299 98
298 98
297 98
296 98
295 98
294 98
293 98
292 98
291 98
290 98
289 98
288 98
287 98
286 98
285 98
284 98
283 98
282 98
281 98
280 98
279 98
278 98
277 98
276 98
275 98
274 98
273 98
272 98
271 98
270 98
269 98
268 98
267 98
266 98
265 98
264 98
263 98
262 98
261 98
260 98
259 98
258 98
257 98
256 98
255 98
254 98
253 98
252 98
251 98
250 98
249 98
248 98
247 98
246 98
245 98
244 98
243 98
242 98
241 98
240 98
239 98
238 98
237 98
236 98
235 98
234 98
233 98
232 97
231 97
230 96
229 95
228 94
227 93
226 92
225 91
224 91
223 90
222 90
221 89
220 89
219 88
218 87
218 86
217 85
217 84
217 83
216 82
216 81
216 80
215 79
215 78
214 77
214 76
213 75
213 74
212 73
211 72
211 71
211 70
210 69
209 68
209 67
208 66
207 65
207 64
206 63
206 62
205 61
204 60
203 60
202 59
201 58
200 57
199 57
198 56
197 56
196 56
195 56
194 56
193 56
192 56
191 55
190 55
189 55
188 55
187 55
186 55
185 55
184 55
183 55
182 55
181 55
180 55
179 55
178 55
177 55
176 55
175 55
174 55
173 55
172 55
171 55
