183 21
182 22
181 22
180 22
179 22
178 22
177 22
176 22
175 22
174 22
173 22
172 22
171 22
170 22
169 22
168 22
167 22
166 22
165 22
164 22
163 22
162 23
161 23
160 23
159 23
158 23
157 23
156 23
155 23
154 23
153 23
152 23
151 23
150 23
149 24
148 24
147 24
146 24
145 24
144 24
143 24
142 24
141 24
140 24
139 25
138 25
137 25
136 25
135 25
134 25
133 26
132 26
131 26
130 26
129 27
128 27
127 27
126 27
125 28
124 28
123 28
122 29
121 29
120 29
119 30
118 30
117 30
116 31
115 31
114 31
113 32
112 32
111 33
110 33
109 34
108 34
107 35
106 35
105 36
104 36
103 37
102 37
101 38
100 39
99 39
98 40
97 41
96 41
95 42
94 43
93 43
92 44
91 45
90 46
89 46
88 47
88 48
87 49
86 50
86 51
85 52
84 53
83 54
82 55
81 56
80 57
79 58
78 59
77 60
76 61
75 62
74 63
74 64
73 65
72 66
72 67
71 68
70 69
69 70
69 71
68 72
68 73
67 74
66 75
65 76
65 77
64 78
64 79
63 80
62 81
62 82
61 83
61 84
60 85
60 86
60 87
59 88
58 89
58 90
57 91
57 92
57 93
56 94
56 95
56 96
55 97
55 98
55 99
55 100
54 101
54 102
54 103
54 104
54 105
53 106
53 107
53 108
53 109
53 110
52 111
52 112
52 113
52 114
52 115
52 116
52 117
52 118
52 119
51 120
51 121
51 122
51 123
51 124
51 125
51 126
51 127
51 128
51 129
51 130
51 131
51 132
51 133
51 134
51 135
51 136
51 137
52 138
52 139
52 140
52 141
52 142
52 143
52 144
52 145
52 146
52 147
52 148
52 149
53 150
53 151
53 152
53 153
53 154
53 155
54 156
54 157
54 158
54 159
55 160
55 161
55 162
56 163
56 164
56 165
56 166
57 167
57 168
58 169
58 170
58 171
59 172
59 173
60 174
60 175
61 176
61 177
62 178
62 179
63 180
63 181
64 182
64 183
65 184
66 185
66 186
67 187
68 188
68 189
69 190
70 191
70 192
71 193
72 194
73 195
73 196
74 197
75 198
76 199
77 200
77 201
78 202
79 203
80 204
81 205
82 206
83 207
84 208
85 208
86 209
87 210
88 211
89 212
90 213
91 214
92 214
93 215
94 216
95 217
96 218
97 218
98 219
99 219
100 220
101 221
102 222
103 222
104 223
105 223
106 224
107 224
108 225
109 225
110 226
111 226
112 227
113 227
114 227
115 228
116 228
117 229
118 229
119 229
120 230
121 230
122 231
123 231
124 231
125 232
126 232
127 233
128 233
129 233
130 233
131 234
132 234
133 234
134 234
135 234
136 234
137 234
138 235
139 235
140 235
141 235
142 235
143 235
144 236
145 236
146 236
147 236
148 236
149 236
150 236
151 236
152 236
153 236
154 236
155 236
156 236
157 236
158 236
159 236
160 236
161 236
162 236
163 236
164 236
165 236
166 236
167 236
168 236
169 236
170 236
171 235
172 235
173 235
174 235
175 235
176 235
177 235
178 235
179 235
180 235
181 235
182 235
183 235
184 234
185 234
186 234
187 234
188 234
189 234
190 234
191 234
192 234
193 234
194 233
195 233
196 233
197 233
198 232
199 232
200 232
201 232
202 232
203 232
204 231
205 231
206 231
207 231
208 230
209 230
210 230
211 229
212 229
213 229
214 228
215 228
216 228
217 227
218 227
219 227
220 227
221 226
222 226
223 225
224 225
225 224
226 224
227 224
228 224
229 223
230 223
231 222
232 221
233 221
234 220
234 219
235 218
236 217
237 216
237 215
237 214
238 213
238 212
238 211
238 210
238 209
238 208
238 207
238 206
238 205
238 204
238 203
238 202
238 201
238 200
238 199
238 198
238 197
238 196
238 195
238 194
238 193
238 192
238 191
238 190
238 189
238 188
238 187
238 186
238 185
238 184
238 183
239 182
239 181
239 180
240 179
240 178
240 177
240 176
241 175
241 174
241 173
242 172
242 171
242 170
242 169
243 168
243 167
243 166
243 165
244 164
244 163
245 162
246 161
247 160
248 160
249 160
250 160
251 160
252 160
253 160
254 160
255 160
256 160
257 160
258 160
259 160
260 160
261 160
262 160
263 160
264 160
265 160
266 160
267 160
268 160
269 160
270 160
271 160
272 160
273 160
274 160
275 159
276 159
277 158
278 157
279 157
280 156
281 155
282 155
283 154
284 153
285 152
286 151
287 151
288 150
289 150
290 150
291 149
292 149
293 149
294 148
295 148
296 148
297 147
298 147
299 147
300 146
301 146
302 146
303 145
304 145
305 144
306 144
307 144
308 143
309 143
310 143
311 142
312 142
313 142
314 141
315 141
316 141
317 140
318 140
319 140
320 140
321 140
322 140
323 141
324 141
325 142
326 143
327 143
328 144
329 145
330 145
331 145
332 146
333 146
334 146
335 145
336 145
337 144
338 143
339 143
340 142
341 142
342 142
343 142
344 143
345 143
346 144
347 145
348 145
349 146
350 146
351 146
352 146
353 146
354 146
355 146
356 146
357 146
358 146
359 146
360 146
361 146
362 146
363 146
364 146
365 145
366 144
367 144
368 143
369 142
370 141
371 140
372 140
373 139
374 139
375 139
376 139
377 140
378 140
379 140
380 140
381 140
382 140
383 140
384 140
385 141
386 141
387 141
388 140
389 140
390 140
391 139
392 139
393 139
394 138
395 138
396 137
397 137
398 137
399 136
400 136
401 135
402 135
403 135
404 135
405 135
406 135
407 135
408 136
409 136
410 137
411 137
412 138
413 138
414 139
415 139
416 139
417 139
418 139
419 139
420 138
421 137
422 136
423 135
424 134
425 133
426 132
427 131
428 130
429 130
430 129
431 128
432 127
433 126
434 125
435 124
436 123
437 122
438 121
439 120
440 120
441 119
442 118
443 117
444 116
444 115
444 114
444 113
443 112
442 112
441 111
440 110
439 109
438 108
437 107
436 106
435 105
434 104
433 103
432 103
431 102
430 101
429 101
428 100
427 99
426 99
425 98
424 97
423 96
422 96
421 95
420 94
419 94
418 93
417 92
416 92
415 91
414 91
413 91
412 91
411 92
410 93
409 93
408 94
407 94
406 94
405 95
404 95
403 95
402 95
401 95
400 95
399 94
398 94
397 94
396 93
395 93
394 92
393 92
392 91
391 91
390 90
389 90
388 89
387 89
386 89
385 88
384 88
383 88
382 88
381 88
380 88
379 88
378 88
377 88
376 88
375 87
374 87
373 87
372 87
371 87
370 87
369 88
368 88
367 88
366 88
365 89
364 89
363 89
362 89
361 89
360 89
359 89
358 89
357 89
356 89
355 89
354 89
353 89
352 89
351 90
350 90
349 91
348 91
347 92
346 93
345 93
344 94
343 94
342 94
341 94
340 94
339 95
338 95
337 95
336 94
335 94
334 94
333 94
332 94
331 94
330 94
329 95
328 96
327 96
326 97
325 97
324 98
323 98
322 99
321 99
320 99
319 99
318 99
317 99
316 99
315 99
314 99
313 98
312 98
311 97
310 97
309 96
308 96
307 95
306 95
305 94
304 94
303 93
302 93
301 92
300 92
299 91
298 91
297 91
296 91
295 91
294 91
293 90
292 90
291 90
290 89
289 89
288 88
287 87
286 86
285 85
284 85
283 84
282 84
281 84
280 84
279 84
278 84
277 84
276 84
275 84
274 84
273 84
272 84
271 84
270 84
269 85
268 85
267 85
266 85
265 85
264 85
263 85
262 85
261 85
260 85
259 85
258 85
257 85
256 85
255 85
254 85
253 85
252 84
251 84
250 84
249 84
248 83
247 83
246 82
245 82
244 81
243 80
242 79
241 78
241 77
240 76
240 75
239 74
238 73
238 72
237 71
237 70
236 69
236 68
235 67
235 66
234 65
234 64
233 63
232 62
232 61
231 60
231 59
230 58
230 57
229 56
229 55
228 54
228 53
228 52
228 51
228 50
228 49
228 48
228 47
228 46
228 45
228 44
228 43
228 42
228 41
228 40
228 39
228 38
228 37
228 36
227 35
227 34
226 33
226 32
225 31
224 30
224 29
223 28
222 27
221 26
220 25
219 24
218 24
217 23
216 23
215 22
214 22
213 21
212 21
211 21
210 21
209 21
208 21
207 21
206 21
205 21
204 21
203 21
202 21
201 21
200 21
199 21
198 21
197 21
196 21
195 21
194 21
193 21
192 21
191 21
190 21
189 21
188 21
187 21
186 21
185 21
184 21
