139 29
138 30
137 30
136 30
135 30
134 30
133 31
132 31
132 32
131 33
130 33
130 34
129 35
130 36
129 37
129 38
129 39
130 40
129 41
130 42
131 42
132 42
133 41
134 41
135 41
136 41
137 42
138 42
139 42
140 42
141 42
142 42
143 42
144 42
145 42
146 42
147 43
148 43
149 44
150 45
150 46
151 47
151 48
150 49
150 50
150 51
151 52
150 53
149 54
148 53
147 54
146 55
145 55
144 54
144 53
143 52
143 51
143 50
142 50
141 49
140 49
139 48
138 48
137 48
136 48
135 49
134 50
133 50
132 50
131 50
132 50
133 51
134 52
133 53
132 54
131 53
130 52
129 52
128 52
127 52
126 52
125 51
124 52
123 51
122 51
121 51
120 52
119 51
118 52
117 52
116 52
115 52
114 52
113 51
113 50
112 50
111 50
110 50
109 49
108 50
107 49
106 49
105 49
104 50
103 49
102 50
101 50
100 50
99 50
98 50
97 50
96 50
95 50
94 50
93 51
92 50
91 50
90 51
89 52
88 52
87 52
86 53
85 54
84 54
83 54
82 54
81 55
80 55
79 55
78 56
77 56
76 57
75 56
74 57
73 57
73 58
72 59
71 60
70 59
70 60
69 61
68 61
67 62
67 63
66 64
66 65
65 66
64 65
63 65
63 66
62 67
61 68
60 69
60 70
59 71
59 72
58 73
58 74
57 75
56 76
56 77
55 78
55 79
54 80
54 81
53 82
53 83
52 84
52 85
51 86
51 87
51 88
51 89
50 90
50 91
50 92
51 93
50 94
51 95
50 96
50 97
49 98
49 99
50 100
50 101
51 102
50 103
50 104
51 105
51 106
50 107
51 108
50 109
51 109
52 110
51 111
51 112
51 113
51 114
52 114
53 115
52 116
53 117
52 118
52 119
53 120
54 121
54 122
55 123
55 124
55 125
55 126
56 127
56 128
57 129
58 130
58 131
57 132
58 133
59 134
59 135
60 136
60 137
61 138
62 139
63 140
63 141
63 142
64 142
65 143
65 144
65 145
66 145
67 146
66 147
67 147
68 148
69 149
69 150
70 151
71 152
71 153
72 153
73 154
73 155
74 155
75 156
75 157
75 158
76 159
77 160
78 161
79 162
79 163
80 163
81 164
81 165
82 165
83 166
83 167
84 167
85 168
85 169
86 170
87 171
88 172
89 172
90 173
89 174
90 175
91 176
92 176
93 177
94 178
95 179
96 180
96 181
97 181
98 182
99 183
100 184
101 184
102 185
101 186
102 186
103 187
104 187
105 188
106 189
107 190
108 190
109 191
108 192
109 192
110 193
111 193
112 194
113 195
114 196
115 196
116 197
115 198
116 198
117 199
118 199
119 200
119 201
120 201
121 202
122 202
123 203
122 204
123 204
124 205
125 205
126 206
126 207
127 207
128 208
128 209
129 210
130 210
131 211
132 211
133 212
133 213
134 213
135 214
136 214
137 215
138 215
139 216
139 217
140 218
141 218
142 219
143 219
144 220
144 221
145 221
146 222
147 222
148 223
148 224
149 225
150 225
151 226
152 226
153 227
153 228
154 228
155 229
156 230
156 231
157 231
158 232
159 232
160 233
160 234
161 234
162 235
163 236
164 236
165 237
165 238
166 238
167 239
167 240
168 240
169 241
170 242
171 242
172 243
172 244
173 244
174 245
175 245
176 246
176 247
177 248
178 248
179 249
179 250
180 250
181 251
182 251
183 252
183 253
184 253
185 254
186 255
186 256
187 256
188 257
188 258
188 259
189 260
190 260
191 261
192 262
193 263
193 264
194 264
195 265
194 266
195 266
196 267
196 268
197 268
198 269
198 270
199 271
200 272
201 273
202 273
203 274
203 275
204 275
205 276
206 277
207 277
208 278
208 279
209 279
210 280
211 280
212 281
212 282
213 283
214 283
215 284
216 284
217 285
218 285
219 286
220 286
221 287
222 287
223 288
224 288
225 289
226 289
227 290
228 289
229 289
230 289
231 288
232 288
232 287
233 286
234 286
235 286
235 285
236 284
236 283
236 282
236 281
237 280
236 279
237 278
237 277
237 276
236 275
236 274
235 273
234 272
235 271
234 271
233 270
233 269
233 268
233 267
232 266
231 265
230 264
230 263
230 262
229 261
228 260
228 259
227 258
227 257
226 256
226 255
225 254
224 253
224 252
223 251
222 252
221 252
220 252
219 252
219 253
219 254
220 255
220 256
220 257
220 258
221 258
222 259
221 260
222 260
223 261
223 262
223 263
224 264
224 265
224 266
224 267
225 267
226 268
226 269
226 270
227 271
227 272
227 273
228 274
228 275
228 276
228 277
228 278
228 279
228 280
227 281
226 280
225 280
224 279
223 278
223 277
222 277
221 276
220 276
219 275
219 274
218 274
217 273
216 273
215 273
214 273
213 272
212 271
212 270
211 269
211 268
210 268
209 267
208 266
207 266
206 265
207 264
206 263
205 262
204 261
203 260
202 259
202 258
201 258
200 257
200 256
199 256
198 255
197 255
196 254
196 253
195 252
195 251
194 251
193 250
193 249
192 249
191 248
190 247
189 246
189 245
188 244
187 244
186 243
185 242
185 241
184 241
183 240
183 239
182 239
181 238
180 238
179 237
179 236
178 235
178 234
177 234
176 233
176 232
175 232
174 231
174 230
173 229
172 228
171 227
170 227
169 226
169 225
168 224
168 223
167 223
166 222
165 222
164 221
164 220
163 220
162 219
162 218
161 217
160 217
159 216
158 215
157 214
156 213
156 212
155 212
154 211
154 210
154 209
153 209
152 208
151 207
150 207
149 206
149 205
149 204
148 204
147 203
146 203
145 202
145 201
144 200
143 199
142 198
141 197
140 196
139 195
138 194
137 193
136 193
135 192
135 191
134 191
133 190
134 189
133 189
132 188
131 188
130 187
129 186
130 185
129 184
128 184
127 183
127 182
126 182
125 181
125 180
124 180
123 179
124 178
123 178
122 177
121 177
120 176
120 175
119 174
119 173
118 173
117 172
117 171
116 171
115 170
115 169
114 169
113 168
112 167
112 166
111 166
110 165
110 164
110 163
109 163
108 162
109 161
108 161
107 160
106 159
106 158
105 157
104 156
104 155
103 155
102 154
102 153
101 153
100 152
99 151
100 150
99 149
98 148
98 147
98 146
97 146
96 145
96 144
95 144
94 143
94 142
93 142
92 141
93 140
92 139
91 138
91 137
90 136
90 135
89 134
89 133
88 132
87 131
88 130
88 129
87 128
86 127
87 126
86 125
87 124
86 123
85 122
86 121
85 120
85 119
85 118
85 117
84 116
85 115
84 114
84 113
85 112
84 111
85 110
85 109
86 108
87 107
87 106
88 105
88 104
89 103
89 102
90 101
90 100
91 99
92 98
93 97
94 96
95 95
96 94
97 94
97 93
98 92
99 92
100 91
101 90
102 90
103 89
104 89
105 88
106 88
107 87
108 86
109 87
110 86
111 86
112 85
113 85
114 85
115 85
116 85
117 85
118 85
119 85
120 85
121 85
122 86
123 86
124 86
125 86
126 86
127 86
128 87
129 87
130 88
131 88
132 89
133 89
134 90
135 90
136 91
137 91
138 92
139 93
140 93
141 94
142 94
143 95
144 95
145 96
146 96
147 97
148 97
149 98
149 99
150 100
151 100
152 101
153 102
154 103
155 103
156 104
157 105
158 106
158 107
159 108
160 108
161 109
162 109
163 110
164 111
165 112
166 113
167 114
168 115
169 115
170 116
171 116
172 117
172 118
173 119
174 120
175 121
175 122
175 123
176 124
177 125
177 126
178 127
178 128
179 129
180 129
181 130
181 131
182 131
183 132
184 132
185 133
186 133
187 134
188 135
188 136
188 137
188 138
187 139
187 140
188 141
189 142
188 143
189 144
190 145
190 146
190 147
191 148
191 149
191 150
191 151
192 151
193 152
193 153
193 154
194 155
195 156
196 157
196 158
197 159
197 160
198 160
199 161
199 162
199 163
200 164
199 165
200 166
200 167
201 168
201 169
201 170
202 170
203 171
203 172
203 173
203 174
204 175
205 175
206 176
207 177
206 178
206 179
205 180
206 181
207 182
208 182
209 183
210 184
211 184
211 183
212 182
213 183
213 182
214 181
214 180
214 179
214 178
215 177
215 176
214 175
214 174
214 173
214 172
214 171
215 170
216 171
217 172
217 173
218 173
219 174
220 174
221 175
221 176
222 176
223 177
223 178
224 178
225 179
226 180
226 181
227 181
228 182
228 183
229 183
230 184
230 185
229 186
230 187
231 188
231 189
231 190
231 191
232 192
233 193
233 194
233 195
234 196
233 197
233 198
234 199
235 199
236 200
237 200
238 201
239 201
240 202
241 202
242 203
243 203
243 202
244 201
244 200
245 199
244 198
245 197
245 196
244 196
243 195
243 194
243 193
242 192
242 191
242 190
241 190
240 189
240 188
240 187
239 186
239 185
238 184
239 183
238 182
239 181
240 181
241 182
242 183
241 184
242 185
243 186
242 187
243 187
244 188
244 189
245 190
246 190
247 191
247 192
248 192
249 193
249 194
248 195
248 196
249 196
250 197
251 197
252 198
253 197
254 196
255 196
256 196
256 195
257 194
256 193
255 192
256 191
255 190
255 189
254 188
255 187
254 186
254 185
253 185
252 184
252 183
251 183
250 182
250 181
249 180
248 179
247 178
246 178
245 177
246 176
246 175
247 174
248 173
249 174
250 174
251 175
252 175
253 176
254 176
255 177
256 177
257 178
258 179
258 180
259 180
260 181
261 181
262 182
263 182
264 182
265 182
266 183
267 183
268 184
269 184
270 185
271 185
272 186
273 186
274 187
275 187
276 188
277 189
278 189
279 190
280 190
281 191
280 192
280 193
279 194
279 195
278 196
277 196
276 196
275 197
275 198
274 199
273 199
273 200
272 201
271 202
271 203
270 204
269 203
268 204
267 204
266 204
265 204
264 203
263 202
262 202
261 203
260 203
259 203
258 203
257 204
256 205
256 206
256 207
256 208
255 209
256 209
257 210
258 210
259 211
260 211
261 212
261 211
262 210
263 210
264 210
265 210
266 211
267 212
268 211
269 211
270 211
271 211
272 212
273 212
274 213
275 214
275 215
275 216
274 217
273 218
273 219
272 220
272 221
271 222
270 222
269 222
268 223
268 224
267 225
267 226
268 227
269 227
270 228
271 228
272 229
273 229
274 229
275 229
276 230
277 230
278 231
278 230
279 229
280 229
281 228
282 229
283 228
283 227
284 226
285 226
285 225
286 224
286 223
287 222
288 222
289 222
290 223
290 224
291 225
292 226
292 227
292 228
291 229
291 230
290 231
290 232
289 233
288 234
288 235
287 236
287 237
287 238
288 239
289 239
290 240
291 240
292 241
293 241
294 241
295 240
296 241
297 240
297 239
298 238
299 238
299 237
300 236
301 235
301 234
302 233
302 232
303 231
303 230
303 229
304 228
305 229
305 230
305 231
306 232
307 233
308 233
309 234
308 235
308 236
308 237
308 238
309 238
310 239
309 240
310 241
309 242
309 243
308 244
309 244
310 245
311 245
312 246
313 246
314 246
315 245
316 246
317 246
318 245
318 244
319 243
319 242
320 241
320 240
319 239
319 238
320 237
319 236
318 235
318 234
317 233
318 232
319 232
320 233
321 233
322 233
323 233
324 234
325 235
325 236
326 236
327 237
328 237
329 237
330 237
331 237
332 237
333 238
333 239
334 240
335 241
336 241
337 241
338 241
339 242
340 241
341 241
342 241
343 242
343 243
343 244
344 245
344 246
345 246
346 247
347 247
348 247
349 247
350 247
351 247
352 247
353 247
354 248
354 249
355 249
356 250
357 250
358 250
359 250
360 250
361 249
362 250
363 250
364 251
364 252
365 252
366 253
367 253
368 253
369 253
370 254
371 254
372 255
373 255
374 256
375 257
376 257
377 258
378 258
379 259
380 259
381 260
382 260
383 260
384 260
385 261
386 261
387 262
388 261
389 262
390 262
391 262
392 262
393 263
394 262
395 263
396 262
397 263
398 263
399 262
400 263
401 264
402 263
403 263
404 263
405 263
406 264
407 265
407 266
408 267
409 268
409 269
410 270
410 271
411 272
412 273
413 274
414 275
413 276
414 276
415 277
415 278
416 278
417 279
417 280
417 281
418 282
419 283
420 284
420 285
420 286
421 287
421 288
422 289
423 290
422 291
423 291
424 292
424 293
424 294
425 295
425 296
425 297
425 298
426 298
427 299
427 300
427 301
428 302
428 303
428 304
429 305
429 306
430 307
430 308
430 309
429 310
430 311
430 312
429 313
428 313
427 312
426 312
425 311
424 311
423 310
422 310
421 310
420 311
419 310
418 311
417 311
416 311
415 311
415 312
414 313
414 314
413 315
412 316
412 317
411 318
412 318
413 319
414 319
415 320
416 320
417 321
417 320
418 319
419 318
420 319
421 319
422 319
423 319
424 320
425 320
426 321
427 322
428 323
427 324
427 325
426 326
426 327
425 328
425 329
424 330
424 331
424 332
425 333
426 333
427 334
428 335
429 335
430 335
431 335
431 334
432 333
433 334
434 334
435 333
436 332
436 331
437 330
438 330
439 330
440 331
441 331
442 332
443 333
443 334
442 335
441 336
441 337
440 338
440 339
440 340
439 341
438 342
438 343
437 344
438 344
439 345
440 345
441 346
442 347
443 347
444 348
445 347
445 346
446 345
447 345
448 345
449 345
450 345
451 346
452 345
452 344
453 343
453 342
454 341
455 342
456 343
455 344
456 345
457 345
458 346
457 347
457 348
458 348
459 349
460 349
461 350
461 351
460 352
460 353
461 353
462 354
463 354
464 355
465 354
466 355
467 355
467 354
468 353
468 352
469 351
469 350
469 349
468 348
469 347
468 346
468 345
467 344
467 343
467 342
468 341
469 342
470 342
471 343
471 342
472 341
472 340
472 339
472 338
472 337
471 337
470 336
470 335
469 334
468 333
469 332
468 332
467 331
466 331
465 330
464 330
463 329
462 330
461 329
460 329
459 329
458 328
458 327
458 326
458 325
457 324
458 323
457 322
458 321
457 320
456 319
457 318
456 317
457 316
456 315
456 314
455 313
455 312
455 311
454 310
455 309
454 308
454 307
453 306
452 305
453 304
452 303
452 302
451 301
451 300
450 299
449 298
450 297
449 297
448 296
448 295
448 294
447 294
446 293
447 292
447 291
447 290
447 289
446 288
446 287
447 286
447 285
447 284
447 283
447 282
446 281
446 280
446 279
446 278
446 277
445 276
445 275
445 274
445 273
444 272
443 271
444 270
443 270
442 269
443 268
442 267
443 266
442 266
441 265
441 264
441 263
442 262
443 261
444 261
445 262
445 261
446 260
447 260
447 259
448 258
449 258
450 259
450 258
451 257
452 257
452 256
453 255
454 255
455 256
455 255
456 254
456 253
457 252
457 251
458 250
459 250
460 249
460 248
461 247
461 246
462 245
462 244
463 243
462 242
463 241
464 240
465 239
465 238
466 237
466 236
467 235
468 234
468 233
469 232
469 231
470 230
470 229
471 228
471 227
472 226
472 225
473 224
473 223
474 222
474 221
475 220
475 219
476 218
475 217
476 216
476 215
477 214
478 213
478 212
478 211
477 210
477 209
478 208
478 207
479 206
478 205
479 204
479 203
478 202
478 201
479 200
479 199
479 198
479 197
480 196
479 195
479 194
479 193
480 192
479 191
480 190
479 189
478 188
479 187
479 186
479 185
479 184
478 183
478 182
479 181
478 180
477 179
477 178
476 177
476 176
475 175
476 174
475 174
474 173
473 172
474 171
473 170
472 169
472 168
471 167
470 166
470 165
470 164
469 164
468 163
468 162
467 161
466 160
465 159
464 158
463 157
464 156
463 156
462 155
461 155
460 154
459 154
458 153
458 152
457 152
456 151
455 151
454 150
454 149
453 148
452 148
451 147
450 147
449 146
448 146
447 145
446 145
445 144
444 144
443 143
442 143
441 142
440 141
439 141
438 140
437 140
436 139
435 139
434 139
433 139
432 138
431 138
430 138
429 138
428 137
427 137
426 136
425 136
424 135
423 136
422 135
421 135
420 134
419 135
418 134
417 134
416 134
415 135
414 134
413 135
412 135
411 135
410 135
409 135
408 136
407 135
406 136
405 135
404 135
403 135
402 135
401 135
400 135
399 134
399 135
398 136
397 136
396 135
395 135
394 135
393 135
392 135
391 135
390 134
389 135
388 135
387 135
386 134
385 135
384 134
383 135
382 134
381 135
380 134
380 135
379 136
378 136
377 136
376 136
375 137
374 137
373 138
372 138
371 138
371 139
370 140
370 141
369 142
370 143
370 144
370 145
371 146
372 147
373 148
373 149
374 150
374 151
375 151
376 152
377 152
378 153
379 154
380 155
381 156
381 157
382 157
383 158
384 158
385 159
386 160
387 161
388 161
389 162
390 163
391 163
392 164
393 164
394 165
394 166
395 166
396 167
397 167
398 168
399 169
399 170
400 171
401 172
401 173
402 174
401 175
400 175
400 176
399 177
398 177
397 176
397 175
396 175
395 174
395 173
394 172
393 172
392 171
392 170
391 170
390 169
390 168
389 168
388 167
387 166
387 165
386 165
385 164
384 164
383 163
382 162
381 161
380 161
379 160
378 159
378 158
377 158
376 157
376 156
375 156
374 155
373 155
372 154
371 153
371 152
370 152
369 151
368 151
367 150
366 150
365 149
365 148
364 147
363 147
362 146
362 145
361 145
360 144
359 144
358 143
357 143
356 142
356 141
355 140
354 140
353 139
352 139
351 138
350 138
349 137
349 136
348 136
347 135
346 135
345 134
344 133
343 133
342 132
341 131
340 130
339 130
338 129
337 129
336 128
335 128
334 127
333 126
332 126
331 125
330 125
329 124
328 123
327 122
326 122
325 121
324 121
323 120
322 119
321 119
320 118
319 118
318 117
317 117
316 116
315 116
314 115
313 115
312 114
311 114
310 113
309 113
308 112
307 111
306 111
305 110
304 110
303 109
303 108
302 108
301 107
300 107
299 106
298 107
297 106
296 106
295 105
295 104
294 103
293 103
292 102
291 102
290 102
289 102
288 101
287 101
286 100
285 100
284 99
283 99
282 98
281 98
280 97
279 97
278 96
277 96
276 95
275 94
274 94
273 93
272 93
271 93
270 93
269 92
268 92
267 91
266 91
265 90
264 90
263 89
262 89
261 89
260 89
259 88
258 88
257 87
256 87
255 86
254 86
253 85
252 86
251 85
250 85
249 84
248 84
247 83
246 83
245 83
244 83
243 82
242 81
241 81
240 82
239 81
238 80
237 80
236 79
235 79
234 79
233 79
232 78
231 79
230 78
229 78
228 77
227 77
226 76
225 76
224 76
223 76
222 75
221 75
220 75
219 75
218 74
217 74
216 73
216 72
217 71
217 70
216 70
215 69
216 68
217 67
217 66
216 65
215 64
215 63
214 62
213 61
213 60
212 60
211 59
210 59
209 58
208 58
207 57
206 57
205 56
204 56
203 55
202 55
201 55
200 55
199 54
198 54
197 54
196 55
195 54
194 54
193 54
192 54
191 54
190 54
189 54
188 54
187 53
186 53
185 52
184 52
183 51
182 52
181 52
180 51
180 50
181 49
181 48
181 47
181 46
181 45
181 44
181 43
181 42
180 41
180 40
179 39
178 38
177 37
177 36
177 35
176 34
176 33
175 32
174 31
173 30
172 30
171 29
170 29
169 29
168 29
167 30
166 30
165 31
164 32
164 33
163 34
163 35
163 36
163 37
163 38
163 39
163 40
162 41
161 40
160 39
159 38
158 37
158 36
157 36
156 35
155 35
154 34
153 34
152 34
151 33
150 33
149 32
148 32
147 31
146 31
145 30
144 30
143 29
142 29
141 29
140 29
