360 1
359 2
358 2
357 2
356 2
355 2
354 2
353 2
352 2
351 3
350 3
349 3
348 3
347 4
346 4
345 5
344 6
343 6
342 7
341 8
340 8
339 9
338 10
337 10
336 11
335 11
334 11
333 12
332 13
331 13
330 13
330 14
329 15
328 15
327 15
326 16
325 16
324 17
323 17
322 17
321 18
320 19
319 19
318 19
317 20
316 20
315 21
314 22
313 22
313 23
312 24
311 25
310 25
310 26
309 27
309 28
308 29
307 29
307 30
307 31
307 32
307 33
307 34
308 34
309 35
309 36
310 36
311 36
312 37
313 38
314 38
315 38
316 39
317 39
318 39
319 39
320 39
321 40
322 40
323 40
324 41
325 41
326 41
327 41
328 41
329 41
330 42
331 42
332 42
333 42
334 42
335 42
336 42
337 42
338 42
339 42
340 43
341 43
342 43
343 43
344 43
345 43
346 44
347 44
348 45
349 46
350 46
351 47
352 47
353 47
354 48
354 49
355 50
355 51
354 52
353 52
352 52
351 52
350 51
349 51
348 51
347 50
346 50
345 50
344 49
343 49
342 49
341 48
340 48
339 48
338 47
337 47
336 47
335 47
334 46
333 46
332 46
331 46
330 46
329 46
328 45
327 45
326 45
325 45
324 45
323 44
322 44
321 44
320 43
319 43
318 43
317 43
316 43
315 43
314 42
313 42
312 42
311 42
310 42
309 42
308 42
307 41
306 41
305 41
304 41
303 41
302 40
301 40
300 40
299 40
298 40
297 40
296 40
295 39
294 39
293 39
292 39
291 39
290 39
289 39
288 39
287 39
286 38
285 38
284 38
283 38
282 38
281 38
280 38
279 38
278 38
277 37
276 37
275 37
274 37
273 37
272 37
271 37
270 37
269 37
268 37
267 37
266 37
265 37
264 37
263 37
262 36
261 36
260 36
259 36
258 36
257 36
256 36
255 36
254 36
253 36
252 36
251 36
250 36
249 36
248 36
247 36
246 36
245 36
244 36
243 36
242 36
241 36
240 36
239 36
238 36
237 36
236 36
235 36
234 36
233 35
232 35
231 35
230 35
229 35
228 35
227 36
226 36
225 36
224 35
223 35
222 35
221 35
220 35
219 35
218 36
217 36
216 36
215 36
214 36
213 36
212 36
211 36
210 36
209 36
208 36
207 36
206 36
205 36
204 36
203 36
202 36
201 36
200 36
199 36
198 36
197 37
196 37
195 37
194 37
193 37
192 37
191 37
190 37
189 37
188 37
187 37
186 38
185 38
184 38
183 38
182 38
181 38
180 38
179 38
178 38
177 39
176 39
175 39
174 39
173 39
172 39
171 39
170 40
169 40
168 40
167 40
166 40
165 40
164 41
163 41
162 41
161 41
160 41
159 41
158 42
157 42
156 42
155 43
154 43
153 43
152 43
151 43
150 43
149 43
148 43
147 44
146 44
145 44
144 45
143 45
142 45
141 45
140 45
139 44
139 43
139 42
138 42
137 41
137 40
137 39
137 38
136 38
135 38
134 37
134 36
133 36
132 36
131 35
130 35
129 35
128 35
127 35
126 35
125 35
124 35
123 35
122 35
121 35
120 35
119 35
118 35
117 36
116 36
115 36
114 37
113 38
112 38
111 38
110 39
109 39
108 40
107 41
106 41
105 41
104 41
103 41
102 41
101 41
100 41
99 42
98 43
97 42
97 41
96 41
95 40
94 39
94 38
93 38
92 37
91 36
90 36
89 36
88 36
87 36
86 36
85 36
84 36
83 36
82 36
81 36
80 36
79 36
79 37
79 38
79 39
79 40
80 40
81 40
82 41
82 42
83 42
84 43
84 44
84 45
83 46
82 46
81 46
80 45
80 44
79 44
78 44
77 43
76 43
75 43
74 42
73 42
72 42
71 42
70 41
69 41
68 41
67 41
66 41
65 41
64 41
63 41
62 41
61 41
60 42
59 42
58 42
57 42
56 43
55 43
54 43
53 43
52 43
51 43
50 44
49 44
48 44
48 45
48 46
47 47
46 47
46 48
45 49
45 50
45 51
45 52
46 53
46 54
46 55
47 55
48 56
48 57
49 58
50 58
51 58
52 58
53 58
54 58
55 59
54 60
54 61
54 62
54 63
54 64
55 64
56 64
57 65
57 66
56 67
55 67
54 67
53 67
52 67
51 68
50 68
49 68
48 69
47 69
46 69
45 70
44 71
43 71
42 71
41 72
40 72
39 72
38 73
37 73
36 73
35 74
34 74
33 75
32 75
31 75
30 76
29 77
28 77
27 78
26 79
25 79
24 80
23 81
22 81
21 82
20 83
19 83
19 84
18 85
17 86
16 86
16 87
15 88
15 89
14 90
13 90
12 91
12 92
11 93
10 93
10 94
9 95
8 96
7 96
7 97
6 98
6 99
6 100
5 101
4 101
4 102
4 103
3 104
3 105
3 106
3 107
3 108
2 109
1 109
1 110
1 111
1 112
1 113
1 114
1 115
1 116
1 117
1 118
1 119
1 120
1 121
1 122
1 123
1 124
1 125
1 126
1 127
1 128
1 129
1 130
1 131
1 132
1 133
1 134
1 135
1 136
1 137
1 138
1 139
2 139
3 140
3 141
4 142
4 143
4 144
4 145
4 146
5 146
6 147
7 148
7 149
7 150
8 150
9 151
9 152
9 153
10 154
11 154
12 155
12 156
12 157
13 158
14 158
15 159
15 160
16 161
16 162
17 162
18 163
19 164
20 164
21 165
22 166
22 167
23 167
24 168
25 169
26 169
27 170
27 171
28 172
29 172
30 173
31 174
32 174
33 175
34 175
35 175
36 176
36 177
37 177
38 177
39 178
40 179
41 179
42 180
43 180
44 180
45 181
46 182
47 182
48 182
49 183
50 183
51 184
52 184
53 184
54 185
55 186
56 186
57 186
58 187
59 187
60 188
61 188
62 188
63 189
64 189
65 189
66 190
67 190
68 190
69 191
70 191
71 191
72 192
73 192
74 192
75 193
76 194
77 194
78 194
79 194
80 194
81 195
82 195
83 195
84 196
85 196
86 196
87 196
88 197
89 197
90 197
91 198
92 198
93 198
94 198
95 198
96 198
97 199
98 199
99 199
100 200
101 200
102 200
103 200
104 200
105 200
106 201
107 201
108 201
109 202
110 202
111 202
112 202
113 202
114 203
115 203
116 203
117 203
118 204
119 204
120 204
121 204
122 204
123 205
124 205
125 205
126 206
127 206
128 206
129 206
130 206
131 206
132 207
133 207
134 207
135 207
136 207
137 207
138 207
139 208
140 208
141 208
142 208
143 208
144 208
145 209
146 209
147 209
148 209
149 209
150 210
151 210
152 210
153 210
154 210
155 210
156 211
157 211
158 211
159 211
160 212
161 212
162 212
163 212
164 212
165 213
166 213
167 213
168 213
169 213
170 213
171 214
172 214
173 214
174 214
175 215
176 215
177 215
178 215
179 215
180 215
181 216
182 216
183 216
184 216
185 216
186 217
187 217
188 217
189 217
190 218
191 218
192 218
193 218
194 218
195 219
196 219
197 219
198 220
199 220
200 220
201 221
202 222
203 222
204 222
205 222
206 222
207 223
208 224
209 224
210 224
211 225
212 225
213 226
214 226
215 226
216 227
217 227
218 227
219 228
220 228
221 228
222 228
223 229
224 229
225 230
226 231
227 231
228 232
229 233
230 233
231 234
232 235
233 235
234 236
235 237
235 238
236 238
237 239
237 240
237 241
238 242
237 243
237 244
237 245
236 246
235 246
234 247
233 248
232 248
231 249
230 249
229 249
228 249
227 250
226 250
225 250
224 249
223 249
222 249
221 249
220 249
219 249
218 249
217 248
216 248
215 248
214 248
213 248
212 247
211 247
210 247
209 246
208 246
207 246
206 246
205 245
204 245
203 244
202 244
201 244
200 244
199 244
198 244
197 244
196 244
195 244
195 245
195 246
195 247
196 248
197 248
198 248
199 249
200 249
201 250
202 250
203 250
204 251
205 251
206 251
207 252
208 252
209 252
210 252
211 253
212 253
213 253
214 253
215 253
216 254
217 254
218 254
219 254
220 254
221 254
222 254
223 254
224 254
225 254
226 254
227 254
228 254
229 254
230 254
231 254
232 254
233 254
234 254
235 254
236 254
237 253
238 253
239 253
240 253
241 253
241 252
242 251
243 250
244 250
245 249
245 248
246 247
247 247
247 246
247 245
247 244
247 243
247 242
247 241
247 240
247 239
247 238
247 237
247 236
246 236
245 235
245 234
244 233
244 232
243 232
242 231
242 230
241 229
240 229
239 228
238 227
237 227
236 226
235 225
234 225
233 224
232 223
231 223
230 223
229 222
229 221
228 221
227 221
226 220
225 220
224 219
223 219
222 219
221 218
220 217
219 217
218 217
217 216
216 216
215 216
214 215
213 215
212 215
211 214
210 214
209 214
208 214
207 214
206 213
205 212
204 212
203 212
202 211
201 211
200 211
199 211
198 211
197 210
196 209
195 209
194 209
193 209
192 209
191 208
190 208
189 208
188 207
187 207
186 207
185 207
184 206
183 206
182 205
181 205
180 205
179 204
178 204
177 204
176 203
175 203
174 203
173 202
172 202
171 202
170 201
169 201
168 201
167 200
166 200
165 200
164 200
163 199
162 199
161 199
160 198
159 198
158 198
157 198
156 198
155 197
154 197
153 197
152 196
151 196
150 196
149 195
148 194
147 194
146 194
145 194
144 194
143 194
142 193
142 192
141 192
140 192
139 192
138 192
137 191
136 191
135 191
134 190
133 190
132 190
131 189
130 189
129 189
128 189
127 188
126 188
125 188
124 187
123 187
122 187
121 186
120 186
119 186
118 186
117 186
116 185
116 184
115 184
114 184
113 184
112 183
111 183
110 183
109 182
108 182
107 181
106 181
105 181
104 181
103 180
102 180
101 179
100 179
99 179
98 178
97 178
96 178
95 177
94 177
93 177
92 176
91 176
90 176
89 175
88 174
87 174
86 173
85 173
84 173
83 172
82 171
81 171
80 171
79 170
78 170
77 169
76 169
75 169
74 169
73 168
73 167
72 167
71 167
70 166
70 165
69 165
68 165
67 164
66 164
65 164
64 163
63 163
62 162
61 161
60 161
59 160
58 159
57 159
56 158
55 157
54 157
53 156
53 155
53 154
52 154
51 154
50 153
50 152
49 151
49 150
48 150
47 149
47 148
46 147
46 146
45 146
44 145
44 144
44 143
44 142
43 141
43 140
43 139
43 138
43 137
43 136
43 135
43 134
44 133
44 132
44 131
44 130
45 129
46 129
46 128
47 127
47 126
47 125
48 124
49 124
49 123
50 122
51 121
52 121
52 120
53 119
54 118
55 118
55 117
56 116
57 115
58 115
59 115
59 114
60 113
61 113
62 113
63 112
64 112
64 111
65 110
66 110
67 110
68 109
69 109
70 109
71 108
72 107
73 107
74 107
75 106
76 106
77 105
78 105
79 105
80 104
81 104
82 104
83 104
84 103
85 103
86 103
87 103
88 103
89 103
90 102
91 102
92 102
93 101
94 102
95 102
96 102
97 102
98 102
99 102
100 102
101 102
102 102
103 102
104 102
105 102
106 102
107 102
108 102
109 102
110 102
111 103
112 103
113 103
114 103
115 104
116 104
117 104
118 104
119 104
120 104
121 105
122 105
123 105
124 106
125 106
126 107
127 108
128 108
129 109
130 110
131 110
132 111
133 111
134 111
135 112
136 112
137 112
138 112
139 112
140 112
141 112
142 112
143 112
144 113
144 114
145 115
145 116
145 117
146 117
147 118
148 119
148 120
149 120
150 121
151 122
152 122
153 123
153 124
154 125
155 125
156 126
157 127
158 127
159 127
160 128
161 128
162 129
163 130
164 130
165 130
166 131
166 132
167 132
168 133
168 134
169 135
170 135
171 136
172 137
173 137
174 138
175 139
175 140
176 140
177 140
178 140
179 140
180 141
180 142
180 143
180 144
181 145
182 145
183 145
184 145
185 145
186 145
187 145
187 144
188 143
188 142
188 141
188 140
187 139
187 138
187 137
187 136
186 136
185 135
185 134
184 133
184 132
185 131
186 131
187 132
188 132
189 132
190 132
191 132
192 133
193 133
194 133
195 134
196 134
197 134
198 134
199 135
200 135
201 136
202 136
203 136
204 137
204 138
205 139
206 139
207 140
208 141
208 142
209 142
210 142
211 143
211 144
212 144
213 145
213 146
213 147
214 147
215 147
216 147
217 147
218 147
219 147
220 147
221 147
222 147
223 147
224 147
224 146
224 145
224 144
224 143
224 142
223 141
223 140
222 140
221 140
220 139
220 138
219 138
218 137
217 136
216 136
215 135
214 134
213 134
212 133
211 132
211 131
210 131
209 130
210 129
211 129
212 129
213 129
214 130
214 131
215 131
216 132
216 133
217 133
218 133
219 134
220 134
221 134
222 134
223 135
224 135
225 136
225 137
225 138
226 138
227 138
228 138
229 138
230 138
230 137
230 136
231 135
232 135
232 134
232 133
232 132
231 132
230 131
230 130
229 129
228 129
227 128
227 127
226 126
225 126
224 126
223 125
222 125
221 125
220 124
219 124
218 124
217 123
216 123
215 123
214 122
214 121
214 120
214 119
215 118
216 118
217 118
218 118
219 118
220 118
221 118
222 118
223 118
224 118
225 118
226 119
227 119
228 119
229 119
230 119
231 119
232 119
233 118
234 118
235 118
236 118
237 118
238 118
239 118
240 118
241 118
242 118
243 118
244 118
245 118
246 118
247 118
248 118
249 118
250 118
251 118
252 118
253 119
252 120
252 121
252 122
252 123
252 124
251 125
250 125
250 126
250 127
250 128
249 129
249 130
249 131
249 132
249 133
249 134
248 135
247 135
246 136
245 137
244 137
243 137
242 137
241 137
240 138
239 139
238 139
238 140
237 141
237 142
237 143
237 144
238 145
238 146
239 146
240 146
241 146
242 146
243 146
244 146
244 145
245 144
246 143
247 143
248 143
249 143
250 143
251 142
252 141
253 141
254 141
255 141
256 141
257 141
258 142
259 143
259 144
258 145
258 146
258 147
258 148
258 149
258 150
257 151
256 151
256 152
256 153
256 154
256 155
256 156
257 156
258 156
259 156
260 156
261 156
262 156
263 156
264 155
265 155
266 155
267 155
268 155
268 154
269 153
269 152
270 151
271 151
271 150
271 149
271 148
272 147
272 146
272 145
272 144
272 143
273 142
274 142
275 142
276 143
277 144
278 144
279 145
279 146
279 147
279 148
279 149
279 150
279 151
279 152
279 153
279 154
279 155
279 156
280 157
281 157
282 157
283 157
284 157
285 157
286 157
287 156
288 155
289 155
289 154
289 153
290 152
290 151
290 150
290 149
290 148
290 147
290 146
290 145
290 144
290 143
290 142
291 141
292 142
293 142
294 143
295 143
296 143
297 144
297 145
298 146
298 147
299 147
300 148
301 149
301 150
301 151
301 152
302 152
303 152
304 152
305 152
306 152
307 152
307 151
308 150
309 150
310 150
310 149
310 148
310 147
310 146
310 145
310 144
310 143
309 143
308 142
308 141
307 140
306 140
305 139
304 139
303 139
302 138
302 137
301 136
302 135
302 134
302 133
302 132
302 131
302 130
301 129
301 128
300 128
299 128
298 127
297 127
296 127
295 127
294 127
293 127
292 127
291 127
290 127
289 127
288 127
287 127
286 126
286 125
287 124
287 123
287 122
288 121
289 121
289 120
290 119
291 118
292 119
293 119
294 119
295 119
296 119
297 119
298 119
299 119
300 119
301 119
302 119
303 119
304 119
305 119
306 120
307 120
308 120
309 121
310 121
311 121
312 121
313 121
314 121
315 121
316 121
317 121
318 121
319 121
320 121
321 122
322 122
323 122
324 122
325 123
326 123
327 123
328 123
329 123
330 123
331 123
332 123
333 124
334 124
335 124
336 124
337 124
338 124
339 124
340 124
341 124
342 124
343 124
344 124
345 124
346 124
347 124
348 124
349 124
350 124
351 124
352 124
353 124
354 124
355 124
356 124
357 124
358 124
359 124
360 124
361 124
362 124
363 124
364 124
365 124
366 124
367 124
368 124
369 124
370 124
371 124
372 124
373 124
374 124
375 124
376 124
377 124
378 124
379 124
380 124
381 124
382 124
383 124
384 124
385 124
386 123
387 123
388 123
389 122
390 122
391 122
392 121
393 121
394 121
395 121
396 121
397 121
398 121
399 121
400 122
401 122
402 123
403 123
404 123
405 124
405 125
406 126
407 126
408 127
409 127
410 127
411 128
412 129
413 129
414 130
415 130
416 130
417 131
418 132
419 132
420 133
421 134
422 134
423 135
424 136
425 136
426 137
427 138
427 139
428 139
429 140
430 141
430 142
431 142
432 143
433 144
433 145
434 145
435 146
435 147
436 148
436 149
437 149
438 150
438 151
439 152
439 153
439 154
440 154
441 155
442 156
442 157
441 158
440 157
439 157
438 157
437 157
436 157
435 157
434 157
433 157
432 158
431 159
430 159
429 160
428 161
427 161
427 162
427 163
427 164
427 165
427 166
427 167
427 168
427 169
428 169
429 169
430 169
431 169
432 169
433 169
433 168
433 167
434 166
435 166
436 166
437 165
438 165
439 165
440 165
441 165
442 165
443 165
444 166
444 167
444 168
444 169
444 170
444 171
444 172
444 173
444 174
444 175
445 176
446 176
447 176
448 176
449 176
450 176
451 176
452 175
452 174
453 173
454 173
454 172
455 171
455 170
455 169
455 168
456 167
457 167
458 167
459 167
460 167
461 167
462 168
462 169
462 170
462 171
462 172
462 173
462 174
462 175
463 176
462 177
462 178
462 179
462 180
463 180
464 180
465 180
466 180
467 180
468 180
469 180
470 180
470 179
470 178
470 177
471 176
472 176
473 175
474 175
475 175
475 174
475 173
475 172
475 171
475 170
476 169
477 170
478 171
478 172
479 172
480 172
481 173
481 174
482 174
483 174
484 174
485 174
486 175
486 176
486 177
487 177
488 177
489 177
490 177
491 177
492 176
492 175
492 174
492 173
492 172
492 171
492 170
491 169
491 168
490 167
489 167
488 166
488 165
487 164
488 163
489 163
490 163
491 163
491 162
491 161
491 160
490 159
490 158
489 158
488 158
487 157
486 157
485 156
484 155
483 155
482 155
481 155
480 155
479 155
478 155
477 156
476 156
475 156
474 157
473 156
472 155
472 154
471 154
470 153
470 152
469 151
469 150
468 150
467 149
467 148
466 147
466 146
465 146
464 145
463 144
463 143
462 143
461 142
461 141
460 140
459 140
458 139
457 138
457 137
456 137
455 136
454 135
453 135
452 134
451 133
450 133
449 132
448 131
447 131
446 130
446 129
445 128
445 127
444 127
443 126
443 125
443 124
443 123
442 122
442 121
441 121
440 120
440 119
439 118
439 117
438 117
437 116
436 115
436 114
435 114
434 113
433 112
432 112
431 111
431 110
430 109
429 109
428 108
427 107
427 106
428 105
429 104
430 104
430 103
430 102
431 101
431 100
432 99
433 99
433 98
434 97
434 96
434 95
435 94
436 94
436 93
436 92
436 91
436 90
436 89
436 88
437 87
437 86
437 85
437 84
437 83
437 82
437 81
437 80
437 79
436 78
436 77
437 76
437 75
437 74
437 73
437 72
437 71
437 70
437 69
437 68
437 67
437 66
437 65
437 64
437 63
437 62
437 61
437 60
437 59
437 58
437 57
437 56
437 55
437 54
437 53
437 52
437 51
436 50
436 49
436 48
436 47
436 46
436 45
436 44
435 44
434 43
434 42
434 41
434 40
434 39
433 38
433 37
433 36
432 36
431 35
431 34
431 33
431 32
430 31
430 30
430 29
429 29
428 28
428 27
428 26
427 25
427 24
426 24
425 23
425 22
425 21
424 20
424 19
423 19
422 18
422 17
421 16
420 16
419 15
418 14
417 14
416 13
416 12
415 12
414 12
413 11
413 10
412 10
411 10
410 9
410 8
409 8
408 8
407 7
406 6
405 6
404 5
403 5
402 5
401 4
400 4
399 4
398 3
397 2
396 2
395 2
394 2
393 2
392 2
391 1
390 1
389 1
388 1
387 1
386 1
385 1
384 1
383 1
382 1
381 1
380 1
379 1
378 1
377 1
376 1
375 1
374 1
373 1
372 1
371 1
370 1
369 1
368 1
367 1
366 1
365 1
364 1
363 1
362 1
361 1
