300 70
299 71
298 71
297 72
296 71
295 71
294 71
293 72
292 72
291 72
290 71
289 72
288 72
287 73
286 74
285 73
284 73
283 73
282 73
281 73
280 74
279 74
278 74
277 74
276 75
275 75
274 75
273 75
272 75
272 76
271 77
270 77
269 76
268 77
267 77
266 77
265 77
264 77
263 77
262 78
261 78
260 78
260 79
259 80
258 79
257 79
256 79
255 80
254 81
253 81
252 81
251 80
251 81
250 82
249 82
248 81
247 81
246 81
245 82
244 82
243 82
242 82
241 82
240 82
239 82
238 82
237 83
236 83
235 83
234 83
233 84
232 84
231 85
230 84
229 85
228 85
228 86
227 87
226 87
225 87
224 88
223 88
223 89
222 90
221 90
220 90
219 91
218 91
217 92
216 91
215 92
214 92
213 93
212 93
211 93
210 94
209 94
208 95
207 95
206 96
205 96
204 96
203 96
202 97
202 98
201 99
200 99
199 99
199 100
198 101
197 101
196 102
197 103
196 104
195 104
195 105
194 106
193 106
192 107
191 108
190 108
190 109
190 110
189 111
189 112
188 113
187 114
186 114
185 115
184 115
183 115
183 116
182 117
181 118
181 119
180 120
179 120
178 121
177 122
176 122
175 123
174 124
174 125
173 126
172 126
171 126
172 127
172 128
171 129
170 129
169 129
170 129
171 129
172 130
173 130
174 131
173 132
172 132
171 133
170 134
169 134
168 135
167 136
166 136
165 136
164 136
163 137
162 137
161 138
160 138
159 139
158 139
157 140
156 140
155 140
154 140
153 141
152 142
151 142
150 141
150 142
149 143
148 143
147 143
146 143
145 143
144 143
143 144
142 145
141 145
140 145
139 146
138 146
137 146
136 147
135 148
134 148
134 149
135 149
136 150
136 151
136 152
135 153
134 153
135 153
136 154
137 155
138 155
139 154
140 155
141 154
142 154
143 154
144 153
145 153
146 152
147 153
148 152
149 152
150 151
151 150
152 150
153 150
154 150
155 150
156 150
156 149
157 148
158 149
159 149
160 148
161 147
162 147
163 147
164 147
165 146
166 146
167 145
168 144
169 145
170 145
170 144
171 143
172 142
173 142
174 142
175 141
175 140
176 139
177 139
178 138
179 137
180 137
181 136
182 136
183 135
184 135
185 136
185 137
186 136
187 136
188 136
189 136
190 136
191 136
192 136
193 136
194 136
195 136
196 135
197 135
198 135
199 134
200 135
201 135
202 135
203 134
204 133
205 133
206 134
206 133
207 132
208 132
209 132
210 132
211 132
212 132
213 131
214 131
215 131
216 131
217 131
218 131
219 131
220 131
220 130
221 129
222 129
223 130
224 130
224 129
225 128
226 128
227 128
228 128
229 128
230 127
231 127
232 128
233 128
234 127
235 127
236 127
236 126
237 125
238 126
239 125
240 125
241 124
242 124
243 124
244 123
245 122
246 123
246 124
247 124
248 123
249 123
250 123
251 124
252 123
253 123
254 123
255 123
256 123
257 123
258 122
259 123
259 124
260 123
261 123
262 124
263 124
264 124
265 123
266 124
267 124
268 124
269 125
270 125
271 125
272 124
273 124
274 125
274 126
274 127
274 128
273 129
272 128
271 129
270 129
269 130
269 131
268 132
267 132
266 133
265 134
264 135
263 135
262 136
262 137
262 138
262 139
261 140
260 140
261 140
262 141
263 141
264 141
265 142
266 142
266 141
266 140
267 139
268 139
269 139
269 138
270 137
271 137
272 138
272 137
273 136
274 137
275 137
276 136
277 137
278 137
279 138
278 139
277 139
276 139
275 140
274 140
273 140
273 141
272 142
271 143
270 143
270 144
269 145
268 146
267 146
268 146
269 147
268 148
267 148
266 148
267 148
268 148
269 149
270 149
271 149
272 149
273 148
274 147
275 147
276 147
276 146
277 145
278 145
279 146
280 145
281 146
282 146
283 147
284 148
285 148
286 149
287 149
288 150
287 151
288 151
289 151
290 152
291 153
292 153
293 154
294 155
295 155
296 155
297 156
296 157
295 157
296 157
297 158
298 159
299 159
300 160
301 160
302 161
303 161
304 162
305 163
306 163
307 162
308 163
309 164
310 164
311 164
312 163
313 163
314 164
315 164
316 165
317 165
318 164
319 164
320 164
321 164
322 163
323 163
324 163
325 163
326 163
327 163
327 162
328 161
329 162
330 161
331 161
331 160
332 159
333 159
334 159
335 159
336 158
336 157
337 156
338 156
339 156
339 155
340 154
341 154
342 153
343 152
343 151
344 150
345 150
346 150
346 149
347 148
348 148
349 147
350 146
351 146
352 146
353 146
354 146
355 146
356 147
356 148
357 148
358 149
359 149
360 150
360 151
361 152
362 152
363 153
364 154
365 154
366 154
367 155
367 156
367 157
368 157
369 157
370 158
369 159
368 159
369 159
370 160
371 160
372 161
372 162
373 162
374 162
375 163
376 163
377 164
377 165
378 166
379 166
380 166
381 167
381 168
382 168
383 168
384 169
384 170
385 170
386 171
387 171
388 172
389 173
389 174
390 174
391 175
392 176
392 177
393 177
394 177
395 178
395 179
395 180
396 181
396 182
397 182
398 183
399 184
400 185
400 186
401 186
402 187
402 188
403 189
402 190
403 190
404 190
405 191
405 192
404 193
403 193
404 193
405 193
406 194
406 195
406 196
407 196
408 196
409 197
408 198
407 198
407 199
408 199
409 200
409 201
410 202
410 203
410 204
410 205
411 205
412 206
412 207
413 208
412 209
413 209
414 210
415 210
416 211
416 212
416 213
415 214
414 214
415 214
416 215
417 215
418 215
419 216
418 217
417 217
418 217
419 218
420 218
421 219
420 220
421 221
421 222
421 223
422 223
423 224
422 225
421 225
422 225
423 226
424 227
424 228
424 229
425 229
426 229
427 230
426 231
427 232
427 233
426 234
425 234
424 234
423 234
423 235
422 236
421 236
420 236
420 237
419 238
418 239
417 239
416 240
416 241
415 242
414 242
414 243
414 244
414 245
413 246
413 247
413 248
413 249
412 250
412 251
412 252
411 253
410 253
410 254
411 254
412 255
411 256
410 256
409 257
409 258
409 259
408 260
407 260
406 259
405 258
406 257
406 256
406 255
406 254
405 254
404 253
404 252
403 252
402 252
401 251
400 251
399 250
398 250
397 249
396 249
395 250
394 250
393 250
392 250
391 251
390 250
390 249
390 248
389 248
388 248
387 247
387 246
386 246
385 246
384 245
384 244
383 244
382 244
381 243
380 242
379 242
378 242
377 242
376 241
375 241
374 241
373 242
372 242
371 241
370 241
369 242
368 242
367 243
366 244
365 244
364 243
363 243
362 242
362 241
361 241
360 241
359 240
358 240
357 241
356 240
355 239
354 239
353 239
352 238
351 238
350 239
349 239
348 238
347 238
346 239
345 240
344 240
343 239
343 240
342 241
341 242
340 242
341 242
342 243
343 244
344 244
345 244
346 244
347 244
348 244
349 244
350 245
351 246
350 247
349 247
350 248
350 249
350 250
351 251
352 251
353 251
354 252
355 252
356 253
355 254
354 254
353 255
352 254
351 254
350 254
349 253
349 252
348 252
347 252
346 251
345 250
344 250
343 249
342 248
341 248
340 248
339 247
339 246
338 247
337 247
336 246
335 246
334 245
333 245
332 245
331 246
330 246
329 245
328 245
327 246
326 246
325 246
324 247
323 247
322 248
321 249
320 249
319 249
318 250
318 251
319 252
320 252
321 253
322 254
322 253
323 252
324 252
325 252
326 252
327 252
328 252
329 251
330 252
331 252
332 252
333 253
333 254
333 255
332 256
333 256
334 256
335 257
335 258
336 258
337 259
338 259
339 260
340 261
341 261
342 262
343 262
344 263
345 263
346 263
347 264
348 264
349 264
350 265
351 265
352 265
353 265
354 266
355 266
356 266
357 267
358 268
359 268
360 269
361 270
362 270
363 270
364 271
365 272
366 272
367 273
368 273
369 273
370 274
370 275
370 276
371 276
372 277
372 278
373 278
374 279
374 280
375 281
374 282
373 282
372 282
371 282
370 283
369 283
368 283
367 283
367 284
366 285
365 285
364 286
363 287
362 288
361 288
360 289
360 290
359 291
358 291
357 291
358 291
359 291
360 292
361 293
362 293
363 292
364 293
364 292
365 291
366 291
367 290
368 291
369 291
370 291
371 291
372 292
373 292
374 292
375 292
376 292
377 292
378 291
379 292
380 292
381 293
382 292
383 292
384 292
385 293
386 293
387 293
388 294
389 293
390 293
391 294
392 293
393 294
394 294
395 294
396 294
397 294
398 294
399 295
400 294
401 294
402 295
403 296
404 296
405 295
406 296
407 296
408 296
409 296
410 296
411 296
412 297
413 297
414 297
415 297
416 296
417 297
418 297
419 297
420 296
421 297
422 297
423 297
424 296
425 296
426 296
427 296
427 295
427 294
428 293
429 293
430 294
431 293
432 293
432 292
433 291
434 290
435 290
436 290
437 290
437 289
438 288
439 288
440 288
440 287
439 286
440 285
441 285
442 284
443 284
444 285
445 286
446 286
447 287
448 288
448 289
449 290
450 290
451 291
451 292
452 292
453 292
454 293
454 294
454 295
455 295
456 296
455 297
456 298
457 298
458 299
458 300
458 301
458 302
458 303
459 304
458 305
459 306
459 307
458 308
459 309
460 309
461 310
460 311
459 311
459 312
459 313
460 313
461 313
462 314
462 315
461 316
462 317
462 318
461 319
462 319
463 320
463 321
462 322
463 323
462 324
462 325
463 326
463 327
464 327
465 328
465 329
464 330
463 330
463 331
464 331
465 331
466 332
465 333
464 333
463 333
464 333
465 334
465 335
464 336
463 336
464 336
465 337
464 338
463 338
463 339
464 339
465 340
464 341
463 341
464 341
465 342
464 343
463 343
463 344
464 344
465 345
464 346
463 346
464 346
465 347
465 348
464 349
463 349
463 350
463 351
463 352
463 353
462 354
462 355
463 356
462 357
461 357
462 358
463 359
462 360
461 360
462 361
461 362
460 363
459 363
459 364
458 365
459 366
459 367
458 368
457 368
456 368
457 368
458 369
458 370
457 371
456 371
455 371
456 372
455 373
454 374
454 375
453 376
452 376
451 376
451 377
451 378
450 379
449 379
449 380
448 381
447 382
446 382
445 382
444 383
443 384
442 384
441 385
441 386
440 387
439 387
438 387
438 388
437 389
436 388
435 388
435 389
434 390
433 390
432 391
431 391
430 391
430 392
429 393
428 393
427 394
426 393
425 394
424 394
423 395
422 396
421 396
420 396
419 396
419 397
418 398
417 398
416 397
415 398
414 398
413 399
412 399
411 399
410 399
409 400
408 400
407 400
406 400
405 401
404 400
403 400
402 401
401 401
400 401
399 402
398 401
397 402
396 402
395 403
394 402
393 402
392 403
391 403
390 403
389 403
388 404
387 403
386 403
385 403
384 403
383 403
382 403
381 403
380 404
379 404
378 403
377 403
376 404
375 404
374 405
373 404
372 404
371 405
370 405
369 405
368 405
367 405
366 405
365 405
364 404
363 405
362 404
362 403
361 403
360 404
359 404
358 404
357 403
356 403
355 403
354 403
353 403
352 402
351 402
350 402
349 402
348 401
347 401
346 401
345 400
344 400
343 400
342 400
341 399
340 399
339 399
338 399
337 399
336 398
335 399
334 398
334 397
333 397
332 397
331 397
330 397
329 396
328 395
327 394
326 394
325 394
324 394
323 394
322 393
321 392
320 392
319 392
318 391
317 390
316 390
315 389
314 388
313 388
312 388
311 387
311 386
310 386
309 386
308 385
309 384
310 384
309 384
308 383
307 383
306 382
305 382
304 381
304 380
303 379
302 379
301 378
300 377
299 376
299 375
298 375
297 374
296 373
295 373
294 372
294 371
293 370
293 369
292 369
291 369
290 368
290 367
289 366
288 366
287 365
287 364
286 363
287 362
286 361
285 360
284 360
283 359
283 358
282 357
281 357
280 356
280 355
279 354
279 353
278 352
278 351
277 351
276 350
276 349
277 348
278 348
277 348
276 347
275 347
274 347
273 346
273 345
273 344
273 343
272 342
271 341
272 340
271 340
270 340
269 339
268 338
268 337
267 337
266 336
265 335
265 334
264 333
265 332
264 332
263 332
262 331
263 330
264 330
264 329
264 328
263 328
262 327
263 326
264 326
263 326
262 326
261 325
261 324
261 323
261 322
261 321
260 321
259 320
258 319
258 318
258 317
257 316
258 315
257 315
256 315
255 314
255 313
255 312
254 311
255 310
254 309
253 309
252 308
253 307
254 307
254 306
253 306
252 306
251 305
251 304
251 303
250 303
249 303
248 302
249 301
250 301
249 301
248 301
247 300
247 299
247 298
246 298
245 298
244 297
245 296
244 295
243 295
242 295
241 294
241 293
241 292
240 291
240 290
239 290
238 289
237 288
237 287
236 287
235 287
234 286
234 285
234 284
233 284
232 284
231 283
232 282
233 282
232 282
231 281
230 280
230 279
230 278
230 277
229 276
228 276
227 275
227 274
226 274
225 274
224 273
224 272
223 271
223 270
222 269
221 269
220 268
219 267
220 266
219 266
218 266
217 265
216 264
217 263
216 263
215 262
214 262
213 261
212 260
211 260
210 260
209 259
208 258
207 258
206 257
205 256
205 255
205 254
204 254
203 253
203 252
202 252
201 251
200 251
199 250
198 249
197 249
196 248
195 247
195 246
194 246
193 246
192 245
192 244
191 244
190 244
189 243
188 242
187 242
186 242
185 241
184 241
183 241
182 241
181 241
180 240
179 240
178 239
177 239
176 239
175 238
175 237
175 236
174 235
173 234
172 234
172 235
171 236
170 235
169 235
168 234
167 233
166 233
165 233
164 232
163 231
162 231
161 230
160 229
159 229
158 229
157 228
157 227
156 227
155 227
154 227
153 226
152 226
151 226
150 225
149 224
148 224
147 223
146 224
145 223
145 222
144 222
143 223
142 222
141 222
140 221
139 221
138 220
138 219
137 219
136 219
135 219
134 219
133 219
132 218
131 218
130 218
129 218
128 217
128 216
127 216
126 216
125 216
124 215
123 215
122 215
121 214
121 213
120 213
119 213
118 213
117 213
116 213
115 213
114 212
113 212
112 211
111 210
110 210
109 210
108 210
107 209
106 209
105 210
104 209
104 208
103 209
102 209
101 208
100 208
99 208
98 207
97 207
96 207
95 207
94 206
93 206
92 206
91 205
90 205
89 205
88 205
87 204
86 203
85 203
84 202
83 202
82 201
82 200
81 200
80 200
79 199
78 199
77 198
76 198
75 197
74 197
73 197
72 196
71 196
70 195
69 194
68 194
67 194
66 193
65 192
64 192
63 191
62 190
61 191
60 191
59 190
59 189
58 190
57 190
56 190
55 191
55 192
55 193
56 193
57 194
56 195
57 196
58 196
59 196
60 197
60 198
61 198
62 198
63 199
64 200
65 200
66 201
67 201
68 201
69 202
69 203
70 203
71 204
72 204
73 205
74 206
75 206
76 207
77 207
78 208
78 209
79 209
80 209
81 210
82 210
83 210
84 210
85 211
86 211
87 212
88 213
89 213
90 212
91 213
91 214
92 214
93 214
94 215
95 216
96 216
97 215
98 216
99 217
100 217
101 218
102 217
103 217
104 218
105 219
106 220
107 220
108 221
109 220
110 220
111 221
112 222
113 223
114 223
115 222
116 223
117 223
118 224
119 225
120 225
121 225
122 225
123 226
124 226
125 227
126 228
127 228
128 228
129 228
130 229
131 229
132 229
133 230
133 231
134 231
135 231
136 231
137 232
138 232
139 232
140 233
140 234
141 234
142 234
143 235
144 236
145 236
146 237
147 237
148 238
148 239
149 239
150 239
151 240
152 240
153 241
154 242
155 243
156 243
157 243
158 244
158 245
159 245
160 245
161 246
162 247
163 247
164 248
165 248
166 248
167 249
167 250
168 250
169 251
170 251
171 252
170 253
169 253
170 253
171 253
172 254
173 254
174 255
175 256
175 257
176 258
177 258
178 259
179 259
180 259
181 260
181 261
181 262
182 262
183 263
183 264
184 264
185 265
186 266
185 267
186 268
187 268
188 269
189 269
190 270
190 271
190 272
191 272
192 273
193 274
193 275
193 276
194 276
195 276
196 277
196 278
197 279
196 280
197 281
198 281
199 282
199 283
200 284
201 284
202 284
203 285
202 286
203 287
204 288
204 289
205 289
206 290
205 291
204 291
205 291
206 291
207 292
208 292
209 293
208 294
207 294
208 294
209 295
210 296
209 297
210 298
211 299
211 300
212 300
213 301
213 302
213 303
214 304
213 305
214 305
215 305
216 306
216 307
216 308
217 309
216 310
217 311
218 312
217 313
217 314
218 314
219 314
220 315
219 316
218 316
219 316
220 317
221 318
221 319
221 320
221 321
221 322
222 322
223 323
222 324
221 324
222 324
223 325
224 326
224 327
224 328
225 329
224 330
225 330
226 330
227 331
227 332
227 333
227 334
228 335
228 336
229 336
230 337
230 338
231 339
232 340
231 341
232 342
232 343
232 344
233 344
234 345
234 346
235 347
235 348
236 348
237 349
237 350
237 351
237 352
238 352
239 353
238 354
239 355
240 355
241 356
241 357
241 358
242 359
242 360
242 361
243 361
244 362
245 363
245 364
245 365
246 366
246 367
246 368
247 368
248 369
249 370
249 371
250 371
251 372
252 373
252 374
252 375
253 376
253 377
254 377
255 378
256 379
257 379
258 380
258 381
259 382
259 383
260 384
260 385
261 385
262 386
262 387
262 388
263 388
264 388
265 389
266 390
267 391
267 392
268 392
269 393
270 394
271 394
272 394
273 395
273 396
274 397
274 398
275 398
276 399
277 399
278 399
279 400
280 401
281 402
282 402
283 402
284 403
284 404
285 404
286 404
287 405
288 406
289 406
290 407
291 408
292 408
293 409
294 409
295 410
296 410
297 411
298 412
299 412
300 413
301 413
302 414
302 415
303 415
304 415
305 416
306 416
307 417
308 418
309 417
310 417
311 418
312 419
313 419
314 420
315 420
316 420
317 420
318 421
319 422
320 422
321 422
322 423
323 423
324 423
325 424
326 423
327 423
328 424
329 424
330 424
331 424
332 425
332 426
333 426
334 426
335 426
336 427
337 426
338 426
339 427
340 427
341 427
342 427
343 427
344 427
345 427
346 428
347 428
348 428
349 429
350 429
351 429
352 429
353 430
354 430
355 430
356 431
357 431
358 431
359 431
360 432
361 431
362 431
363 432
364 432
365 432
366 432
367 432
368 433
369 433
370 433
371 433
372 433
373 433
374 434
375 434
376 434
377 433
378 434
379 433
380 433
381 434
382 434
383 434
384 434
385 434
386 434
387 434
388 434
389 434
390 434
391 435
392 434
393 434
394 434
395 435
396 434
397 434
398 434
399 433
400 434
401 434
402 433
403 433
404 433
405 432
406 433
407 433
408 433
408 432
409 431
410 432
411 432
412 431
413 431
414 432
415 432
416 431
417 430
418 430
419 431
420 430
421 429
422 429
423 429
424 429
425 429
426 428
427 428
428 428
429 428
430 427
431 427
432 427
433 426
434 426
435 425
436 425
437 425
438 424
439 424
440 425
440 424
441 423
442 423
443 423
444 423
445 422
446 422
447 422
448 421
449 420
450 420
451 419
452 419
453 419
454 419
455 418
456 417
457 417
458 417
459 416
460 416
460 415
461 414
462 413
463 414
464 414
464 413
465 412
466 411
467 411
467 410
468 409
469 408
470 408
471 408
471 407
472 406
473 406
474 406
475 406
475 405
476 404
477 403
478 403
478 402
479 401
480 400
481 400
482 400
482 399
483 398
484 397
485 397
486 397
487 396
488 396
489 395
490 394
490 393
491 392
492 392
493 392
493 391
494 390
495 390
496 389
496 388
496 387
497 386
498 385
499 385
500 384
501 383
502 383
502 382
503 381
504 381
503 380
503 379
504 378
505 378
506 378
506 377
506 376
507 375
508 375
509 375
509 374
510 373
510 372
511 371
512 370
513 370
512 370
511 369
512 368
513 368
514 367
513 366
514 365
514 364
515 363
516 363
517 362
516 361
516 360
517 359
517 358
516 357
517 356
518 356
517 355
517 354
518 353
518 352
519 351
520 351
519 351
518 350
518 349
519 348
520 348
521 348
522 348
523 348
524 349
525 349
526 349
527 349
528 350
529 349
530 349
531 350
532 350
533 350
534 350
535 351
536 351
537 351
538 350
539 350
540 349
541 349
542 349
543 348
544 348
545 348
546 347
547 348
548 348
549 347
550 347
551 347
552 346
553 347
553 346
554 345
555 345
556 345
557 345
558 345
558 344
559 343
560 343
561 342
562 342
563 341
563 340
564 339
565 339
565 338
566 337
567 336
568 336
569 336
570 335
571 334
572 334
572 333
573 332
574 332
575 331
576 331
575 331
574 330
573 329
572 329
571 329
570 330
569 330
568 330
567 330
566 330
565 331
564 331
563 331
563 332
562 333
561 333
560 333
559 333
558 333
557 333
556 332
556 331
556 330
557 329
558 329
557 329
556 328
557 327
558 327
558 326
558 325
559 324
559 323
560 322
560 321
560 320
560 319
561 318
562 318
562 317
562 316
563 315
563 314
562 313
563 312
564 312
565 312
565 311
566 310
566 309
567 308
567 307
567 306
568 305
569 305
570 304
569 303
570 302
570 301
571 300
572 300
572 299
572 298
571 298
570 297
571 296
572 296
571 296
570 295
569 294
568 294
567 293
566 293
565 293
564 293
563 292
562 292
561 292
560 292
559 292
558 293
557 293
556 292
555 291
556 290
555 289
555 288
555 287
555 286
555 285
554 285
553 285
552 284
552 283
551 282
551 281
550 281
549 280
548 279
548 278
548 277
547 277
546 277
545 276
544 275
543 275
542 274
541 273
540 273
539 272
539 271
540 270
541 270
540 270
539 269
539 268
540 267
541 267
541 266
541 265
541 264
542 263
541 262
540 262
539 261
540 260
541 260
542 260
541 259
541 258
541 257
542 256
542 255
542 254
541 253
542 252
541 251
541 250
542 249
541 249
540 249
539 248
539 247
540 246
541 246
540 246
539 245
540 244
541 244
541 243
540 243
539 242
540 241
541 241
540 241
539 240
539 239
540 238
541 238
540 238
539 237
538 236
539 235
538 234
539 233
539 232
538 232
537 231
538 230
538 229
537 228
538 227
537 226
537 225
537 224
537 223
538 222
537 221
537 220
536 220
535 219
536 218
537 218
537 217
537 216
536 216
535 215
535 214
536 213
537 213
536 213
535 212
535 211
535 210
535 209
536 208
537 208
537 207
536 207
535 206
534 205
534 204
534 203
533 203
532 202
532 201
533 200
534 200
533 200
532 199
531 198
532 197
532 196
531 195
532 194
531 193
530 192
531 191
530 190
531 189
530 188
530 187
530 186
529 186
528 185
528 184
528 183
527 183
526 183
525 182
524 181
525 180
524 179
525 178
524 177
523 176
523 175
522 175
521 174
521 173
521 172
520 171
519 171
518 170
519 169
520 169
520 168
519 168
518 167
518 166
517 165
517 164
516 163
516 162
515 162
514 161
514 160
513 159
512 159
511 158
511 157
511 156
510 156
509 155
509 154
509 153
508 153
507 153
506 152
505 152
504 151
505 150
506 150
505 150
504 150
503 149
502 148
502 147
501 147
500 146
499 145
498 145
497 144
496 144
495 143
495 142
494 142
493 141
492 140
492 139
491 139
490 139
489 138
488 138
487 138
486 137
486 136
485 136
484 136
483 135
482 135
481 134
481 133
480 133
479 132
478 131
477 131
476 130
475 130
474 129
473 129
472 128
471 127
470 127
469 127
468 126
468 125
467 125
466 125
465 124
465 123
464 123
463 123
462 122
461 121
460 120
460 119
459 119
458 119
457 118
458 117
457 116
457 115
456 115
455 114
455 113
456 112
457 112
456 112
455 111
454 111
453 110
453 109
453 108
452 108
451 107
451 106
450 105
449 105
448 104
448 103
447 103
446 102
446 101
445 101
444 101
443 100
442 100
441 100
440 100
439 99
439 98
438 98
437 98
436 97
435 97
434 97
433 97
432 97
431 97
430 98
429 97
428 97
427 96
427 97
426 98
425 97
424 97
423 97
422 97
421 97
420 97
419 97
418 98
417 98
416 97
415 98
414 98
413 98
412 97
411 98
410 98
409 97
408 97
407 97
406 97
405 96
404 96
403 96
402 96
401 95
400 95
399 95
398 95
397 94
396 94
395 94
394 93
393 93
392 94
391 93
390 93
389 93
388 93
387 92
386 92
385 92
384 91
384 90
383 91
382 91
381 90
380 90
379 90
378 90
377 89
376 90
375 90
374 89
373 89
372 89
371 89
370 88
369 88
368 88
367 87
366 86
365 86
364 86
363 86
362 85
361 85
360 84
359 84
358 84
357 83
356 82
355 82
354 82
353 81
352 81
351 81
350 81
349 80
348 79
347 79
346 78
345 78
344 78
343 77
342 78
341 77
341 76
340 76
339 77
338 76
337 76
336 75
335 76
334 75
333 75
332 74
331 75
330 75
329 74
329 73
328 74
327 73
326 73
325 74
324 73
323 73
322 72
321 72
320 72
319 72
318 71
317 72
316 72
315 71
314 71
313 70
312 70
311 70
310 71
309 71
308 71
307 71
306 70
305 70
304 70
303 71
302 71
301 70
