340 4
339 5
338 5
337 6
336 6
335 7
334 7
333 8
332 9
331 10
330 11
329 12
328 13
328 14
327 15
327 16
327 17
326 18
325 19
325 20
324 21
323 22
322 23
322 24
321 25
320 26
320 27
319 28
319 29
318 30
317 31
317 32
316 33
316 34
315 35
315 36
314 37
314 38
313 39
313 40
313 41
312 42
311 42
311 43
310 44
309 45
308 46
308 47
307 48
306 49
305 50
304 51
303 52
302 53
302 54
301 55
300 56
299 57
299 58
299 59
298 60
297 61
297 62
297 63
296 64
296 65
295 66
295 67
294 68
294 69
294 70
294 71
294 72
293 73
293 74
293 75
292 76
292 77
292 78
292 79
292 80
292 81
292 82
292 83
292 84
292 85
291 86
290 86
290 87
289 88
289 89
289 90
288 91
287 91
287 92
287 93
287 94
287 95
287 96
287 97
286 98
286 99
286 100
286 101
287 102
287 103
287 104
287 105
287 106
287 107
287 108
288 109
288 110
288 111
288 112
288 113
288 114
288 115
288 116
288 117
288 118
288 119
288 120
288 121
288 122
289 123
289 124
289 125
289 126
289 127
289 128
289 129
289 130
289 131
289 132
289 133
289 134
289 135
289 136
289 137
288 138
288 139
288 140
288 141
288 142
288 143
288 144
288 145
287 146
286 146
285 147
284 147
283 148
282 149
281 149
281 150
280 151
279 151
278 152
278 153
277 154
276 154
275 154
274 155
273 156
272 157
271 158
271 159
270 160
270 161
269 162
269 163
269 164
268 165
268 166
268 167
268 168
268 169
268 170
268 171
268 172
268 173
268 174
269 175
269 176
269 177
270 178
271 179
271 180
272 181
273 181
274 182
275 183
275 184
274 185
274 186
274 187
273 188
272 189
272 190
271 191
270 192
270 193
270 194
269 195
268 196
268 197
267 198
266 199
266 200
265 201
265 202
264 203
264 204
264 205
263 206
262 207
262 208
261 209
261 210
260 211
260 212
260 213
259 214
258 214
258 215
258 216
257 217
257 218
256 219
256 220
255 221
255 222
254 223
254 224
254 225
253 226
252 227
252 228
252 229
251 230
250 231
250 232
250 233
249 234
249 235
248 236
248 237
247 238
247 239
247 240
246 241
246 242
246 243
245 244
245 245
244 246
244 247
243 248
243 249
242 250
242 251
242 252
242 253
243 254
242 255
242 256
241 257
240 257
239 257
239 258
239 259
239 260
239 261
238 262
237 262
237 263
237 264
236 265
236 266
235 267
235 268
234 269
234 270
234 271
233 272
233 273
232 274
232 275
232 276
231 277
231 278
231 279
230 280
230 281
230 282
230 283
230 284
229 285
228 286
228 287
228 288
228 289
227 290
226 290
226 291
226 292
226 293
226 294
225 295
224 296
224 297
223 298
223 299
223 300
222 301
222 302
222 303
221 304
221 305
221 306
221 307
220 308
220 309
219 310
219 311
219 312
218 313
218 314
218 315
218 316
217 317
217 318
217 319
217 320
217 321
216 322
216 323
216 324
215 325
215 326
215 327
215 328
214 329
214 330
214 331
214 332
214 333
213 334
213 335
213 336
212 337
212 338
212 339
212 340
212 341
212 342
212 343
212 344
211 345
211 346
211 347
211 348
210 349
209 348
208 347
207 346
206 345
205 345
204 344
203 343
202 343
201 342
200 342
199 342
198 341
197 341
196 340
195 339
194 339
193 338
192 338
191 338
190 337
189 337
188 337
187 336
186 336
185 336
184 336
183 336
182 336
181 336
180 337
179 337
178 337
177 338
176 338
175 339
174 340
173 341
173 342
172 343
172 344
172 345
171 346
171 347
171 348
171 349
171 350
171 351
170 352
170 353
170 354
170 355
170 356
170 357
170 358
170 359
171 360
171 361
171 362
171 363
171 364
172 365
172 366
173 367
173 368
174 369
174 370
175 371
175 372
175 373
175 374
175 375
175 376
176 377
176 378
176 379
176 380
177 381
177 382
177 383
177 384
178 385
179 386
179 387
179 388
179 389
179 390
180 391
180 392
181 392
182 393
182 394
182 395
182 396
183 397
184 398
183 399
182 399
181 400
180 400
179 400
178 400
177 400
176 400
175 400
174 401
173 401
172 401
171 400
170 400
169 400
168 399
167 398
166 398
165 398
164 397
163 397
162 397
161 397
161 398
161 399
161 400
160 401
159 401
158 402
158 403
158 404
158 405
158 406
157 407
156 407
155 407
154 407
153 406
152 406
151 405
150 404
149 404
148 404
147 404
146 404
145 404
144 404
143 404
142 403
141 403
140 403
139 403
138 403
137 403
136 402
135 402
134 402
133 402
132 402
131 402
130 403
129 403
129 404
128 405
127 405
127 406
126 407
126 408
126 409
126 410
125 411
124 411
124 412
124 413
124 414
123 415
122 415
121 415
120 416
119 416
118 416
117 416
116 416
115 416
114 416
113 416
112 416
111 417
110 417
109 417
108 418
107 418
106 418
105 418
104 418
103 419
102 419
101 420
100 420
99 421
98 421
97 422
96 422
96 423
95 424
94 425
93 425
93 426
92 427
92 428
91 429
91 430
91 431
90 432
90 433
90 434
90 435
90 436
91 437
91 438
92 438
93 438
94 438
95 438
96 437
97 436
98 436
99 435
100 435
101 434
102 433
103 433
104 432
105 431
106 431
107 430
108 429
109 429
110 429
110 428
111 427
112 427
113 427
114 426
115 425
116 425
117 425
118 425
119 425
120 424
121 424
122 424
123 424
124 424
125 424
126 424
127 424
128 423
129 423
130 423
131 423
132 423
133 423
134 423
135 423
136 423
137 424
138 424
139 424
140 425
139 426
138 426
137 426
136 426
135 427
134 427
133 427
132 427
131 428
130 428
129 428
128 428
127 428
126 429
125 429
124 430
123 430
122 431
121 431
120 432
119 432
118 432
117 433
116 433
115 434
114 434
113 434
112 435
111 435
110 436
109 437
108 437
107 438
106 438
105 439
104 439
103 440
102 441
101 441
100 442
99 442
98 443
97 443
96 443
95 444
94 444
93 444
92 444
91 445
90 446
89 447
88 447
87 448
86 449
85 449
84 450
83 451
82 451
81 452
80 453
79 453
78 454
77 455
76 455
75 456
74 457
73 458
72 458
72 459
71 460
71 461
71 462
71 463
71 464
71 465
71 466
71 467
71 468
71 469
71 470
71 471
71 472
71 473
71 474
71 475
72 476
72 477
73 478
74 479
75 479
76 479
77 479
78 478
78 477
78 476
78 475
78 474
78 473
79 472
80 471
81 470
82 469
82 468
83 467
84 466
85 465
85 464
86 463
87 462
88 461
89 460
90 459
91 459
91 458
92 457
93 457
94 456
95 455
96 455
97 454
98 453
99 453
100 452
101 452
102 452
103 451
104 451
105 451
106 451
107 450
108 450
109 450
110 449
111 449
112 448
113 448
114 448
115 447
116 447
117 447
118 447
119 446
120 445
121 444
122 444
123 443
124 443
125 443
126 442
127 442
128 442
129 441
130 441
131 440
132 440
133 440
134 440
135 440
136 440
137 440
138 440
139 440
140 439
141 439
142 439
143 439
144 438
145 438
146 438
147 438
148 438
149 437
150 437
151 437
152 437
153 436
154 436
155 436
156 436
157 435
158 435
159 435
160 434
161 434
162 434
163 434
164 434
165 433
166 433
167 433
168 433
169 432
170 432
171 432
172 432
173 432
174 432
175 431
176 431
177 431
178 432
177 433
176 434
175 434
174 435
173 436
172 437
171 438
170 439
169 440
168 441
167 442
166 443
165 444
164 444
163 445
162 446
161 447
160 448
159 448
158 449
157 450
156 451
155 451
155 452
154 453
153 453
153 454
152 455
151 455
150 456
149 457
148 458
147 458
146 459
145 459
144 460
143 461
142 462
141 462
140 463
139 464
138 464
137 465
136 466
135 466
134 467
133 467
132 468
131 468
130 469
129 470
128 470
127 471
126 472
125 472
124 472
123 473
122 474
121 474
120 475
119 475
119 476
118 477
117 478
116 478
115 479
114 479
113 480
112 480
111 481
110 482
109 483
108 483
107 484
106 484
105 485
104 485
103 486
102 486
101 487
100 488
99 488
98 489
97 490
96 490
95 491
94 492
93 492
92 492
92 493
91 494
90 494
89 495
88 496
87 496
86 497
85 498
84 498
84 499
83 500
82 501
81 501
80 502
79 503
78 503
77 503
76 504
75 505
74 506
73 507
72 508
71 508
70 509
69 510
68 510
67 511
66 512
65 512
65 513
64 514
63 514
62 515
61 516
60 516
59 517
58 518
57 518
56 519
56 520
55 521
54 521
53 522
52 523
51 524
50 524
49 525
49 526
48 527
47 528
46 529
45 530
44 531
43 532
42 533
41 534
41 535
40 536
39 537
38 538
37 539
36 540
35 541
34 542
34 543
34 544
33 545
32 545
32 546
31 547
30 548
29 549
28 550
27 551
27 552
27 553
27 554
26 555
25 556
25 557
24 558
23 559
22 560
22 561
22 562
21 563
20 564
19 565
19 566
18 567
18 568
17 569
17 570
16 571
15 572
15 573
14 574
14 575
14 576
14 577
13 578
13 579
12 580
12 581
11 582
11 583
10 584
10 585
9 586
9 587
9 588
8 589
8 590
8 591
8 592
7 593
6 594
6 595
6 596
5 597
5 598
5 599
4 600
4 601
4 602
4 603
3 604
3 605
3 606
3 607
2 608
2 609
2 610
2 611
2 612
2 613
2 614
2 615
2 616
2 617
1 618
1 619
1 620
1 621
1 622
1 623
1 624
1 625
1 626
1 627
1 628
1 629
1 630
1 631
1 632
1 633
1 634
1 635
1 636
1 637
1 638
1 639
1 640
1 641
1 642
2 643
2 644
2 645
2 646
2 647
2 648
2 649
2 650
2 651
2 652
2 653
3 654
3 655
3 656
3 657
4 658
4 659
4 660
4 661
5 662
5 663
5 664
5 665
6 666
6 667
6 668
7 669
7 670
7 671
8 672
8 673
8 674
9 675
10 676
10 677
11 678
11 679
11 680
12 681
13 682
13 683
13 684
14 685
14 686
15 687
16 688
17 689
18 690
18 691
19 692
19 693
20 694
20 695
21 696
21 697
22 698
23 699
24 700
25 701
26 702
26 703
27 704
28 705
29 706
29 707
30 708
31 708
32 709
33 710
33 711
34 712
35 713
36 713
37 714
37 715
38 716
39 716
40 717
41 717
42 718
42 719
43 719
44 720
45 721
46 721
47 722
47 723
48 723
49 723
50 724
51 725
52 726
53 726
54 726
55 727
55 728
56 728
57 729
58 729
59 729
60 730
61 731
62 732
63 732
64 732
65 732
66 733
67 733
68 734
69 734
70 735
71 735
72 736
73 736
74 736
75 736
76 736
77 736
78 737
79 737
80 737
81 737
82 737
83 737
84 737
85 737
86 737
87 737
88 737
89 737
90 737
91 737
92 737
93 737
94 737
95 737
96 737
97 737
98 737
99 737
100 737
101 737
102 737
103 737
104 736
105 736
106 736
107 736
108 736
109 736
110 736
111 736
112 736
113 735
114 735
115 735
116 735
117 735
118 735
119 734
120 734
121 734
122 734
123 733
124 733
125 733
126 733
127 732
128 732
129 732
130 732
131 732
131 731
132 730
133 730
134 730
135 730
136 729
137 729
138 728
139 728
140 727
141 727
142 726
143 726
144 726
145 726
146 725
147 725
148 724
149 724
150 723
151 723
152 722
153 722
154 721
155 721
156 720
157 720
158 719
159 719
160 718
160 717
161 716
162 716
163 716
164 715
164 714
165 713
166 713
167 712
168 712
169 711
170 710
171 709
172 708
173 707
174 707
175 706
176 705
177 704
178 704
179 703
180 702
180 701
181 700
182 699
183 698
183 697
184 696
185 696
186 695
187 694
188 693
188 692
189 691
190 691
191 690
192 689
193 688
194 687
195 686
195 685
196 684
197 683
198 682
199 681
200 680
200 679
201 678
202 677
203 677
203 676
204 675
205 674
206 673
206 672
207 671
208 670
209 669
210 668
210 667
211 666
211 665
212 664
213 664
213 663
214 662
215 662
215 661
216 660
217 659
217 658
218 657
218 656
219 655
220 654
221 653
221 652
221 651
222 650
223 650
224 649
224 648
225 647
226 646
227 645
228 644
228 643
229 642
230 641
231 640
232 639
233 638
233 637
234 636
234 635
235 634
236 633
237 632
237 631
238 630
239 629
240 628
240 627
241 626
241 625
242 624
243 624
243 623
244 622
245 621
245 620
246 619
247 618
248 617
249 616
249 615
250 614
251 613
252 612
253 611
254 610
254 609
255 608
256 607
256 606
257 605
258 604
259 603
260 602
260 601
261 600
262 600
262 599
263 598
264 597
265 596
266 595
267 594
268 593
269 592
270 591
270 590
271 589
272 589
273 588
274 587
275 586
276 585
277 584
278 583
279 583
279 582
280 581
281 581
282 580
283 579
283 578
284 577
285 577
286 576
287 575
287 574
288 573
289 573
290 572
291 572
291 571
292 570
293 570
294 569
295 568
296 567
297 566
298 565
299 565
300 564
301 563
302 562
303 561
304 560
305 560
306 559
307 558
308 557
309 557
309 556
310 555
311 555
312 555
313 554
314 553
315 553
316 552
317 551
318 551
319 550
320 549
321 548
322 548
323 547
324 546
325 545
326 545
327 544
328 543
329 542
330 542
331 541
332 541
332 540
333 539
334 539
335 539
336 538
337 537
338 536
339 536
340 535
341 535
342 534
343 533
344 533
345 532
346 532
347 531
348 531
349 530
350 529
351 528
352 528
353 528
354 527
355 526
356 525
357 525
358 524
359 523
360 522
361 522
361 521
362 520
363 520
364 519
365 519
365 518
366 517
367 517
368 516
369 515
370 514
371 514
371 513
372 512
373 511
374 511
375 510
376 510
377 509
378 508
379 507
380 507
381 506
382 505
383 505
383 504
384 503
385 503
386 502
387 502
387 501
388 500
389 500
390 499
391 498
392 497
393 497
394 496
395 495
395 494
396 493
397 493
398 492
399 491
400 490
401 490
401 489
402 488
403 488
404 487
405 486
406 485
407 484
408 483
409 482
410 481
411 480
411 479
412 478
413 478
413 477
414 476
415 475
416 474
417 473
417 472
418 471
419 470
419 469
419 468
420 467
421 467
422 466
422 465
422 464
422 463
422 462
422 461
422 460
421 459
420 459
419 459
418 459
417 460
416 461
415 462
415 463
414 464
413 465
412 466
411 467
410 468
410 469
409 470
408 471
407 472
406 472
405 473
404 474
403 475
402 476
401 477
400 478
399 479
398 480
397 481
396 481
395 482
394 483
393 484
392 485
391 485
390 486
389 487
388 488
387 488
386 488
385 489
384 490
383 490
382 491
381 492
380 493
379 493
378 493
377 494
376 495
375 495
374 496
374 497
373 498
372 498
371 498
370 498
369 499
368 500
367 500
366 501
365 502
364 502
363 502
362 503
361 504
360 504
360 505
359 506
358 506
357 506
356 507
355 508
354 509
353 509
352 510
351 510
350 511
349 512
348 512
347 512
346 513
345 513
344 514
343 514
342 515
341 516
340 516
339 517
338 517
337 518
336 519
335 519
334 519
333 520
332 521
331 522
330 522
329 522
328 523
327 524
326 525
325 525
324 525
323 526
322 526
321 527
320 528
319 529
318 529
317 530
316 530
315 531
314 531
313 532
312 533
311 533
310 534
309 534
308 535
307 535
306 535
306 536
306 537
305 538
304 538
303 539
302 539
301 539
300 540
300 541
299 542
298 543
297 543
296 543
295 543
294 544
293 545
292 546
291 547
290 548
289 548
288 548
287 549
287 550
286 551
285 551
284 552
283 552
282 553
281 554
280 555
279 556
278 557
277 557
276 558
276 559
275 560
274 560
273 561
273 562
272 563
271 563
270 563
270 564
269 565
268 566
267 567
267 568
267 569
266 570
265 570
264 570
263 570
262 571
261 572
261 573
260 574
259 575
258 575
257 576
256 576
256 577
256 578
255 579
254 579
253 580
252 580
251 581
250 582
249 583
249 584
248 585
247 586
246 587
245 587
244 588
244 589
243 590
243 591
242 592
241 592
240 593
239 594
238 595
238 596
237 597
237 598
236 599
235 600
234 600
233 601
232 602
232 603
231 604
231 605
230 606
229 606
228 607
227 608
226 609
226 610
226 611
225 612
224 613
223 613
222 614
221 615
221 616
220 617
220 618
219 619
218 619
217 619
216 620
216 621
215 622
215 623
214 624
214 625
213 626
212 626
211 626
210 627
209 628
208 629
208 630
208 631
207 632
206 632
205 632
205 633
204 634
204 635
203 636
202 637
202 638
201 639
200 639
199 640
198 640
198 641
197 642
197 643
197 644
196 645
195 646
194 647
193 648
193 649
192 650
192 651
191 652
190 652
189 653
188 654
187 655
187 656
186 657
186 658
185 659
184 659
183 660
182 661
182 662
181 663
181 664
180 665
179 665
178 665
177 666
177 667
176 668
175 669
175 670
174 671
173 671
172 672
171 673
170 674
169 674
169 675
168 676
167 677
166 678
165 679
164 680
163 681
163 682
162 683
161 684
160 685
159 685
158 685
157 686
156 687
155 688
154 689
153 690
152 691
151 692
150 692
149 693
148 694
147 694
146 695
145 696
144 696
143 696
142 697
141 697
140 698
139 699
138 699
137 700
136 700
135 700
134 701
133 701
132 702
131 702
130 702
129 703
128 703
127 703
126 703
125 703
124 704
123 704
122 704
121 705
120 705
119 705
118 705
117 706
116 706
115 706
114 706
113 706
112 706
111 706
110 706
109 706
108 706
107 707
106 707
105 707
104 707
103 707
102 707
101 706
100 706
99 706
98 706
97 707
96 707
95 707
94 706
93 706
92 706
91 706
90 706
89 706
88 705
87 705
86 705
85 705
84 704
83 704
82 704
81 703
80 703
79 703
78 702
77 702
76 701
75 701
74 701
73 700
72 700
71 699
70 699
69 698
68 698
67 697
66 696
65 696
64 695
63 694
62 693
61 692
60 691
59 690
58 689
57 688
57 687
56 686
55 685
54 684
53 683
53 682
52 681
51 680
50 679
50 678
49 677
48 676
48 675
47 674
47 673
46 672
46 671
45 670
44 669
44 668
43 667
43 666
42 665
42 664
41 663
41 662
40 661
40 660
39 659
39 658
38 657
38 656
38 655
38 654
38 653
37 652
37 651
37 650
37 649
37 648
36 647
36 646
36 645
36 644
36 643
36 642
36 641
36 640
36 639
36 638
36 637
36 636
36 635
36 634
36 633
36 632
36 631
36 630
37 629
37 628
38 627
38 626
38 625
38 624
38 623
38 622
38 621
39 620
39 619
39 618
39 617
39 616
39 615
40 614
40 613
40 612
41 611
41 610
41 609
41 608
42 607
42 606
43 605
44 604
44 603
44 602
44 601
45 600
45 599
45 598
45 597
46 596
46 595
47 594
47 593
47 592
48 591
48 590
48 589
49 588
50 587
50 586
50 585
51 584
52 583
52 582
53 581
54 580
54 579
55 578
56 577
57 576
57 575
58 574
59 573
60 572
61 571
61 570
62 569
63 568
64 567
65 566
66 566
67 565
67 564
68 563
69 563
70 562
71 561
72 560
73 559
74 558
75 558
76 557
77 556
78 556
79 555
80 555
81 554
82 553
83 552
84 552
85 551
86 550
87 550
88 549
89 549
90 548
91 547
92 546
93 546
94 545
95 544
96 544
97 543
98 543
99 542
100 542
101 541
102 541
103 540
104 540
105 539
106 538
107 538
108 537
109 537
110 536
111 536
112 535
113 535
114 534
115 533
116 533
117 533
118 532
119 532
120 531
121 531
122 530
123 530
124 529
125 529
126 528
127 528
128 527
129 527
130 526
131 526
132 526
133 525
134 524
135 523
136 523
137 523
138 522
139 521
140 521
141 520
142 520
143 519
144 519
145 518
146 518
147 517
148 517
149 516
150 516
151 515
152 515
153 514
154 514
155 513
156 513
157 513
158 513
159 512
160 511
161 511
162 510
163 510
163 509
164 508
165 508
166 508
167 508
168 507
168 506
169 505
170 505
171 504
172 504
173 503
174 503
175 502
176 502
177 501
178 500
179 500
180 499
181 499
182 498
183 497
184 497
185 496
186 495
187 495
188 494
189 493
190 492
191 491
192 491
193 490
194 489
195 489
196 488
197 487
198 487
199 486
200 485
201 485
202 484
203 483
204 482
205 481
206 481
207 480
208 479
209 478
210 478
211 477
212 476
213 475
214 474
215 474
216 473
217 472
218 471
219 471
219 470
220 469
221 468
222 468
222 467
223 466
224 465
225 464
226 464
227 463
228 462
229 461
230 461
231 460
232 459
233 459
233 458
234 457
235 456
235 455
236 454
237 454
237 453
238 452
239 451
240 450
240 449
241 448
242 447
243 446
244 445
245 444
246 443
246 442
247 441
248 440
248 439
249 438
250 438
250 437
251 436
252 435
253 434
254 433
254 432
255 431
256 431
257 430
258 429
258 428
259 427
260 426
260 425
260 424
261 423
262 423
263 423
264 424
264 425
263 426
263 427
262 428
262 429
262 430
261 431
261 432
261 433
261 434
260 435
260 436
260 437
260 438
260 439
260 440
260 441
260 442
260 443
260 444
261 445
261 446
261 447
261 448
261 449
261 450
261 451
261 452
262 453
263 454
264 455
264 456
265 457
266 458
267 459
267 460
268 461
269 462
270 463
270 464
270 465
270 466
270 467
270 468
269 469
269 470
268 471
268 472
268 473
268 474
267 475
266 476
266 477
266 478
266 479
265 480
265 481
265 482
264 483
264 484
264 485
264 486
264 487
264 488
264 489
264 490
263 491
263 492
262 493
262 494
261 495
260 496
260 497
259 498
258 498
258 499
257 500
257 501
257 502
257 503
257 504
257 505
257 506
257 507
257 508
257 509
257 510
258 511
258 512
259 513
259 514
260 515
261 515
262 515
263 515
264 515
265 515
265 514
265 513
265 512
265 511
265 510
266 509
267 508
268 507
268 506
268 505
269 504
269 503
270 502
270 501
271 500
271 499
271 498
272 497
272 496
272 495
273 494
274 493
274 492
274 491
275 490
275 489
275 488
276 487
276 486
277 485
277 484
277 483
277 482
278 481
278 480
278 479
279 478
279 477
279 476
280 475
280 474
280 473
281 472
281 471
282 470
283 470
283 469
283 468
284 467
285 466
285 465
286 464
287 463
288 463
289 462
290 462
291 462
292 461
293 461
294 461
295 461
296 460
297 461
298 461
299 461
300 461
301 461
302 461
303 461
304 461
305 461
306 461
307 461
308 461
309 461
310 461
311 461
312 461
313 461
314 461
315 461
316 461
317 462
318 462
319 462
320 462
321 462
322 462
323 462
324 462
325 462
326 462
327 463
328 463
329 463
330 463
331 463
332 463
333 463
334 463
335 463
336 463
337 463
338 463
339 463
340 463
341 463
342 463
343 463
344 462
345 462
346 462
347 462
348 462
349 462
350 462
351 462
352 462
353 462
354 462
355 462
356 462
357 462
358 462
359 462
360 462
361 461
362 461
363 461
364 461
365 461
366 460
367 460
368 460
369 460
370 460
371 460
372 460
373 459
374 459
375 459
376 459
377 459
378 458
379 458
380 458
381 457
382 457
383 457
384 456
385 456
386 456
387 455
388 455
389 454
390 454
391 453
392 453
393 453
394 452
395 452
396 451
397 451
398 451
399 451
400 451
401 451
402 450
403 450
404 450
405 450
406 450
407 449
408 448
409 448
410 449
411 449
412 449
413 449
414 449
414 448
414 447
414 446
414 445
414 444
413 443
413 442
412 441
411 440
410 439
409 439
408 438
407 438
406 437
405 437
404 437
403 436
402 436
401 436
400 436
399 437
398 437
397 437
396 438
395 438
394 439
393 439
392 440
391 441
390 442
389 442
388 443
387 443
386 444
385 444
384 444
383 444
382 444
381 444
380 445
379 445
378 445
377 446
376 446
375 446
374 447
373 447
372 448
371 448
370 448
369 448
368 448
367 448
366 447
365 447
364 447
363 447
362 448
361 448
360 448
359 448
358 448
357 448
356 448
355 448
354 448
353 448
352 448
351 448
350 448
349 447
348 446
349 445
350 444
351 443
352 442
353 442
354 442
355 441
356 441
357 440
358 440
359 439
360 439
361 438
361 437
362 436
363 436
363 435
364 434
364 433
365 432
366 431
367 430
367 429
367 428
368 427
369 427
369 426
370 425
371 424
371 423
372 422
373 421
373 420
374 419
375 418
376 417
377 416
378 415
378 414
378 413
378 412
379 411
380 411
381 411
382 411
383 411
384 411
385 411
385 410
385 409
385 408
384 407
383 407
382 406
381 406
380 406
379 406
378 405
377 405
376 405
375 405
374 406
373 406
372 406
371 406
370 407
369 407
368 408
367 409
367 410
366 411
365 412
365 413
365 414
364 415
364 416
363 417
363 418
362 419
361 420
361 421
360 422
359 423
358 424
357 425
356 425
355 426
354 427
353 428
352 428
351 429
351 430
350 431
349 431
348 432
347 432
346 433
345 433
344 434
343 434
342 434
341 433
342 432
343 431
344 430
345 429
346 428
346 427
347 426
347 425
348 424
349 424
349 423
350 422
351 421
352 420
353 419
354 419
355 418
356 417
357 417
358 416
358 415
358 414
358 413
357 413
356 413
355 413
354 412
353 412
352 412
351 412
350 412
349 412
348 412
347 412
346 412
345 412
344 412
343 412
342 413
341 414
340 415
339 416
338 417
338 418
338 419
337 420
337 421
337 422
337 423
336 424
335 423
335 422
335 421
335 420
334 419
333 418
332 418
331 418
330 418
329 417
328 417
327 417
326 417
325 418
324 418
323 418
322 419
321 419
320 420
319 421
319 422
319 423
318 424
317 424
317 425
317 426
317 427
317 428
316 429
316 430
315 431
314 432
313 433
312 434
312 435
311 436
310 436
309 436
308 437
307 437
306 437
305 436
304 436
303 436
302 436
301 435
302 434
303 433
304 432
305 431
306 431
307 430
307 429
308 428
309 428
310 427
311 426
312 425
313 424
314 423
314 422
315 421
316 420
316 419
317 418
318 417
319 416
320 415
321 414
322 413
323 412
323 411
324 410
324 409
325 408
326 408
327 407
328 407
329 406
330 405
330 404
330 403
330 402
330 401
331 400
331 399
331 398
332 397
332 396
332 395
332 394
332 393
332 392
332 391
332 390
332 389
331 388
331 387
331 386
330 385
330 384
329 383
328 382
327 381
326 380
325 379
324 378
323 378
322 377
321 377
320 377
319 376
318 375
317 375
316 375
315 375
314 374
313 374
312 374
311 374
310 374
309 374
308 373
307 372
308 371
309 370
309 369
310 368
311 368
312 367
313 366
313 365
314 364
315 364
315 363
316 362
317 361
318 360
318 359
319 358
320 358
320 357
321 356
322 355
322 354
323 353
324 352
324 351
325 350
325 349
326 348
326 347
327 346
327 345
328 344
329 343
329 342
330 341
330 340
331 339
331 338
332 337
332 336
332 335
332 334
333 333
333 332
334 331
334 330
334 329
335 328
335 327
336 326
336 325
336 324
337 323
337 322
337 321
337 320
337 319
338 318
338 317
338 316
339 315
339 314
340 313
340 312
340 311
340 310
341 309
341 308
341 307
341 306
341 305
341 304
342 303
342 302
342 301
342 300
342 299
342 298
342 297
343 296
343 295
344 294
344 293
344 292
344 291
344 290
344 289
345 288
345 287
345 286
345 285
345 284
345 283
346 282
346 281
346 280
346 279
346 278
347 277
347 276
347 275
347 274
347 273
348 272
348 271
348 270
348 269
348 268
348 267
349 266
349 265
349 264
349 263
349 262
350 261
350 260
350 259
350 258
350 257
350 256
351 255
351 254
351 253
351 252
351 251
351 250
351 249
351 248
350 247
350 246
351 245
351 244
351 243
351 242
351 241
351 240
351 239
351 238
351 237
351 236
351 235
351 234
351 233
352 232
352 231
352 230
352 229
351 228
351 227
351 226
352 225
352 224
352 223
352 222
351 221
352 220
352 219
353 218
354 217
355 217
356 217
357 217
358 217
359 217
360 217
361 217
362 217
363 217
364 217
365 217
366 217
367 217
368 217
369 217
370 216
371 216
372 216
373 216
374 215
375 215
376 215
377 214
378 214
379 214
380 214
381 214
382 213
383 212
384 212
385 211
386 211
387 210
388 210
389 209
390 209
391 208
392 207
393 207
394 206
394 205
395 204
396 204
396 203
397 202
398 202
398 201
399 200
400 199
401 199
402 198
403 197
404 197
405 196
406 196
407 195
408 194
409 194
410 193
411 192
412 192
413 191
414 191
415 190
416 190
417 190
418 189
419 189
420 188
421 188
422 187
423 187
424 188
425 188
426 188
427 188
428 187
428 186
428 185
428 184
427 183
426 182
426 181
425 181
424 180
423 179
422 179
421 178
420 177
419 177
418 176
419 175
419 174
420 173
421 173
422 172
423 171
424 170
425 170
426 169
427 168
428 167
429 167
430 166
431 166
432 166
433 166
434 166
435 166
436 166
437 166
438 165
438 164
438 163
438 162
438 161
437 160
436 159
436 158
435 158
434 157
433 156
432 156
431 156
430 156
429 156
428 156
427 156
426 156
425 157
424 157
423 158
422 157
422 156
423 155
423 154
424 153
425 152
425 151
426 150
427 149
427 148
427 147
427 146
427 145
428 144
429 143
430 143
431 143
431 142
431 141
431 140
430 139
429 139
428 139
427 139
426 139
425 139
424 139
423 139
422 139
421 140
420 140
419 141
418 141
418 142
417 143
416 144
416 145
415 146
414 147
413 146
412 146
411 146
410 146
409 146
408 146
407 146
406 146
405 147
404 147
403 148
403 149
402 150
402 151
402 152
402 153
402 154
402 155
401 156
401 157
401 158
401 159
401 160
401 161
401 162
400 163
399 162
398 161
397 161
396 161
395 161
394 161
393 161
392 161
391 161
390 162
389 162
389 163
388 164
388 165
388 166
388 167
388 168
388 169
388 170
389 171
389 172
389 173
388 174
387 175
386 175
385 176
384 176
383 176
382 176
381 176
380 177
379 177
378 177
377 177
376 177
375 178
374 178
373 178
372 179
371 180
370 180
369 181
368 180
368 179
368 178
369 177
369 176
369 175
369 174
369 173
369 172
369 171
369 170
369 169
369 168
369 167
369 166
369 165
369 164
369 163
368 162
368 161
368 160
368 159
367 158
367 157
366 156
366 155
365 154
364 153
364 152
364 151
364 150
364 149
364 148
364 147
365 146
365 145
365 144
365 143
365 142
365 141
366 140
366 139
366 138
367 137
367 136
367 135
367 134
367 133
367 132
367 131
367 130
368 129
369 128
370 127
370 126
371 125
371 124
371 123
372 122
372 121
373 120
373 119
373 118
374 117
375 116
375 115
375 114
375 113
376 112
376 111
376 110
376 109
376 108
377 107
377 106
377 105
377 104
377 103
377 102
377 101
377 100
377 99
377 98
377 97
376 96
376 95
376 94
376 93
375 92
375 91
375 90
375 89
374 88
374 87
373 86
373 85
373 84
373 83
372 82
372 81
372 80
372 79
372 78
371 77
371 76
371 75
371 74
371 73
371 72
371 71
371 70
371 69
371 68
371 67
371 66
371 65
371 64
371 63
371 62
370 61
370 60
370 59
370 58
370 57
369 56
369 55
369 54
369 53
368 52
368 51
368 50
368 49
368 48
368 47
368 46
368 45
368 44
367 43
367 42
367 41
366 40
366 39
366 38
366 37
366 36
365 35
365 34
365 33
364 32
364 31
364 30
364 29
363 28
363 27
363 26
363 25
363 24
363 23
363 22
363 21
363 20
363 19
363 18
363 17
363 16
362 15
362 14
361 13
360 12
360 11
359 11
358 10
358 9
357 8
356 8
355 8
354 7
353 6
352 6
351 5
350 5
349 5
348 4
347 4
346 4
345 4
344 4
343 4
342 4
341 4
