301 1
300 2
299 2
298 2
297 2
296 2
295 2
294 3
293 4
292 4
291 4
290 4
289 4
288 4
287 5
286 6
285 6
284 6
283 7
282 8
281 8
280 8
279 8
278 9
277 9
276 9
275 9
274 9
273 9
272 9
271 9
270 9
269 9
268 9
267 9
266 9
265 9
264 9
263 9
262 9
261 9
260 9
259 9
258 9
257 9
256 9
255 9
254 9
253 9
252 9
251 9
250 10
249 10
248 10
247 9
246 9
245 9
244 9
243 9
242 9
241 9
240 9
239 9
238 9
237 9
236 9
235 9
234 9
233 10
232 10
231 10
230 10
229 10
228 10
227 10
226 10
225 10
224 10
223 10
222 10
221 10
220 10
219 11
218 11
217 11
216 11
215 12
214 12
213 12
212 12
211 12
210 12
209 13
208 13
207 13
206 13
205 13
204 13
203 14
202 14
201 14
200 14
199 15
198 15
197 15
196 16
195 16
194 17
193 17
192 17
191 18
190 18
189 18
188 19
187 20
186 20
185 20
184 21
183 21
182 21
181 22
180 22
179 22
178 23
177 23
176 23
175 24
174 24
174 25
173 26
172 26
171 26
170 26
169 26
168 26
167 27
166 27
165 27
164 28
163 29
162 29
161 30
160 30
160 31
159 32
158 32
157 32
156 32
155 32
154 33
154 34
153 35
152 36
151 36
150 36
150 37
149 38
148 38
147 38
146 38
146 39
145 40
144 40
143 40
142 40
141 40
140 41
140 42
139 43
138 44
137 44
136 45
135 46
134 46
133 47
132 47
132 48
132 49
131 50
130 50
129 50
128 51
127 51
126 52
125 53
124 54
123 54
122 55
121 56
120 56
119 57
118 58
117 58
116 58
116 59
115 60
114 60
113 60
113 61
112 62
111 62
110 63
109 63
108 64
107 65
106 65
105 66
105 67
104 68
103 68
102 68
102 69
101 70
100 70
99 70
98 71
97 72
96 73
95 73
94 74
93 75
92 75
92 76
91 77
90 78
90 79
89 80
88 80
87 80
87 81
86 82
85 82
85 83
84 84
84 85
83 86
82 86
81 86
81 87
80 88
79 89
78 89
77 89
76 89
75 89
74 89
73 89
72 89
71 89
70 89
69 89
68 90
67 90
66 90
65 90
64 90
63 90
62 91
61 91
60 91
59 92
58 92
57 92
56 92
55 93
54 94
53 94
52 95
51 96
50 96
49 96
48 95
47 94
46 94
45 93
44 93
43 93
42 92
41 92
40 92
39 92
38 92
37 92
36 92
35 92
34 93
33 94
32 94
31 95
31 96
30 97
29 97
29 98
28 99
28 100
28 101
28 102
27 103
27 104
27 105
27 106
26 107
25 107
25 108
25 109
24 110
24 111
23 112
22 112
22 113
22 114
21 115
21 116
20 117
20 118
19 119
18 119
18 120
18 121
17 122
17 123
16 124
15 124
15 125
14 126
14 127
14 128
13 129
12 128
12 127
11 127
10 126
10 125
9 124
9 123
9 122
8 122
7 121
7 120
6 119
5 118
5 117
4 117
3 117
2 117
1 117
1 118
1 119
1 120
1 121
1 122
1 123
1 124
1 125
1 126
1 127
1 128
1 129
1 130
1 131
1 132
1 133
1 134
1 135
1 136
1 137
2 137
3 138
3 139
4 140
4 141
5 141
6 142
6 143
7 143
8 144
8 145
8 146
9 146
10 147
10 148
11 149
12 149
13 150
13 151
14 151
15 151
16 151
17 152
18 153
19 153
20 153
21 154
22 154
23 154
24 154
25 155
26 155
27 156
27 157
26 158
25 158
24 159
24 160
24 161
23 162
22 162
21 163
21 164
20 165
20 166
19 167
18 167
17 168
17 169
17 170
16 171
15 171
15 172
14 173
14 174
14 175
13 176
13 177
13 178
13 179
13 180
12 181
11 181
11 182
11 183
11 184
11 185
11 186
11 187
10 188
10 189
10 190
10 191
10 192
10 193
10 194
10 195
10 196
9 197
8 197
8 198
8 199
8 200
8 201
8 202
8 203
8 204
8 205
8 206
8 207
8 208
8 209
9 209
10 210
10 211
10 212
10 213
10 214
10 215
10 216
10 217
10 218
10 219
10 220
10 221
10 222
11 223
11 224
11 225
11 226
11 227
11 228
11 229
11 230
11 231
11 232
12 232
13 233
13 234
13 235
13 236
13 237
13 238
13 239
14 240
14 241
15 242
15 243
15 244
16 244
17 245
17 246
17 247
17 248
18 249
19 249
20 250
20 251
21 252
21 253
22 254
22 255
23 255
24 256
24 257
25 258
25 259
25 260
26 260
27 261
28 262
28 263
29 264
29 265
30 265
31 266
32 267
32 268
33 268
34 268
35 269
35 270
36 271
36 272
37 272
38 273
39 274
40 274
41 275
41 276
42 277
43 278
44 278
45 279
46 280
47 280
48 281
49 282
50 282
51 282
52 283
53 284
54 284
55 285
56 285
57 286
58 286
59 286
60 287
60 288
61 288
62 288
63 288
64 289
65 289
66 290
67 290
68 290
69 291
70 291
71 292
72 292
73 293
74 293
75 293
76 293
77 294
78 294
79 294
80 294
81 295
82 295
83 295
84 296
85 296
86 296
87 296
88 297
89 297
90 297
91 297
92 298
93 298
94 299
95 299
96 299
97 300
98 300
99 301
100 301
101 301
102 301
103 301
104 301
105 302
106 302
107 302
108 303
109 303
110 303
111 303
112 304
113 304
114 304
115 304
116 304
117 304
118 304
119 305
120 305
121 305
122 305
123 305
124 305
125 305
126 306
127 306
128 306
129 306
130 306
131 306
132 306
133 306
134 306
135 306
136 306
137 306
138 306
139 306
140 306
141 306
142 306
143 306
144 306
145 306
146 306
147 306
148 306
149 306
150 306
151 306
152 306
153 306
154 306
155 306
156 306
157 306
158 306
159 306
160 306
161 306
162 306
163 306
164 306
165 306
166 306
167 306
168 306
169 306
170 306
171 306
172 305
173 305
174 305
175 305
176 305
177 305
178 305
179 305
180 305
181 305
182 304
183 304
184 304
185 304
186 304
187 304
188 304
189 303
190 303
191 303
192 303
193 302
194 302
195 302
196 301
197 301
198 301
199 301
200 300
201 300
202 300
203 300
204 300
205 300
206 299
207 299
208 299
209 298
210 298
211 297
212 297
213 297
214 297
215 297
216 296
217 296
218 296
219 296
220 295
221 294
222 294
223 294
224 293
225 293
226 293
227 293
228 292
229 292
230 292
231 291
232 290
233 290
234 290
235 289
236 289
237 289
238 288
239 288
240 288
241 288
242 287
243 287
244 286
245 286
246 285
247 285
248 285
249 284
250 284
251 284
252 283
253 283
254 283
254 282
255 281
256 281
257 281
258 281
259 280
260 280
261 280
262 279
263 279
264 279
265 279
266 278
267 277
268 277
269 277
270 276
271 276
272 276
273 275
274 274
275 274
276 274
277 273
278 273
279 273
280 272
280 271
281 270
282 270
283 270
284 269
285 269
286 269
287 268
288 268
289 268
290 268
290 267
291 266
292 266
293 266
294 266
294 265
295 264
296 264
297 264
298 263
299 263
300 263
301 262
302 262
303 262
304 261
305 260
306 260
307 260
308 259
309 259
310 259
311 259
312 258
313 258
314 257
315 257
316 256
317 256
318 256
319 256
320 256
321 255
322 255
323 254
324 254
325 254
326 254
327 254
328 253
329 253
330 253
331 253
332 252
333 252
334 252
335 252
336 251
337 250
338 250
339 250
340 250
341 250
342 250
343 249
344 249
345 249
346 248
347 248
348 248
349 248
350 247
351 247
352 247
353 247
354 247
355 247
356 247
357 246
358 246
359 246
360 245
361 245
362 245
363 245
364 245
365 244
366 244
367 244
368 244
369 244
370 244
371 244
372 244
373 244
374 243
375 243
376 243
377 243
378 243
379 243
380 243
381 243
382 242
383 242
384 242
385 242
386 242
387 242
388 242
389 242
390 242
391 242
392 242
393 242
394 242
395 242
396 242
397 242
398 242
399 242
400 242
401 242
402 242
403 242
404 242
405 242
406 242
407 242
408 242
409 242
410 242
411 242
412 242
413 242
414 242
415 242
416 241
417 242
418 242
419 242
420 242
421 242
422 242
423 242
424 242
425 242
426 242
427 243
428 243
429 243
430 243
431 243
432 243
433 243
434 243
435 244
436 244
437 244
438 244
439 244
440 244
441 244
442 244
443 244
444 245
445 245
446 245
447 245
448 245
449 245
450 245
451 246
452 246
453 246
454 246
455 246
456 247
457 247
458 247
459 247
460 247
461 247
462 247
463 247
464 247
465 248
466 248
467 248
468 248
469 248
470 249
471 249
472 249
473 249
474 249
475 249
476 249
477 249
478 249
479 250
480 250
481 250
482 250
483 250
484 250
485 250
486 251
487 251
488 251
489 251
490 251
491 251
492 251
493 251
494 251
495 251
496 251
497 251
498 251
499 251
500 251
501 251
502 251
503 251
504 251
505 251
506 251
507 251
508 251
509 251
510 251
511 251
512 251
513 251
514 251
515 251
516 251
517 251
518 251
519 251
520 251
521 250
522 250
523 250
524 249
524 248
524 247
524 246
523 246
522 246
521 246
520 245
519 245
518 245
517 245
516 245
515 245
514 245
513 245
512 245
511 245
510 245
509 245
508 245
507 245
506 245
505 245
504 245
503 245
502 244
501 244
500 244
499 244
498 244
497 244
496 244
495 244
494 244
493 244
492 244
491 244
490 244
489 244
488 244
487 244
486 244
485 243
484 243
483 243
482 243
481 242
480 242
479 242
478 242
477 242
476 241
475 241
474 241
473 241
472 240
471 240
470 240
469 240
468 239
467 239
466 239
465 238
464 238
463 238
462 238
461 238
460 238
459 238
458 237
457 237
456 237
455 236
454 236
453 236
452 236
451 236
450 236
449 236
448 235
447 235
446 235
445 235
444 235
443 235
442 235
441 234
440 234
439 234
438 234
437 233
436 233
435 233
434 233
433 233
432 233
431 233
430 233
429 232
428 232
427 232
426 232
425 231
424 231
423 231
422 231
421 231
420 231
419 231
418 231
417 231
416 231
415 230
414 230
413 230
412 230
411 230
410 230
409 230
408 230
407 230
406 230
405 230
404 230
403 230
402 230
401 230
400 230
399 230
398 230
397 230
396 230
395 229
395 228
394 228
393 228
392 228
391 228
391 229
390 230
389 230
388 229
387 229
386 229
385 229
384 229
383 229
382 229
381 228
380 228
379 228
378 228
377 227
376 227
375 227
374 227
373 227
372 227
371 227
370 227
369 227
368 227
367 227
366 227
365 227
364 227
363 228
362 228
361 228
360 228
359 228
358 228
357 228
356 228
355 228
354 228
353 228
353 229
352 230
351 230
350 230
349 230
348 230
347 230
346 230
345 230
344 230
343 230
342 230
341 231
340 231
339 230
338 230
337 230
336 230
335 230
334 231
333 231
332 231
331 231
330 231
329 232
328 232
327 232
326 232
325 232
324 233
323 233
322 233
321 233
320 234
319 234
318 234
317 234
316 234
315 234
314 235
313 235
312 235
311 236
310 236
309 236
308 237
307 237
306 238
305 238
304 238
303 238
302 238
301 239
300 239
299 239
298 239
297 240
296 240
295 240
294 240
293 240
292 241
291 241
290 241
289 242
288 242
287 242
286 242
285 242
284 242
283 243
282 243
281 243
280 244
279 244
278 244
277 244
276 244
275 245
274 245
273 245
272 246
271 246
270 246
269 246
268 247
267 247
266 248
265 248
264 249
263 249
262 250
261 250
260 250
259 251
258 251
257 252
256 252
255 252
254 253
253 253
252 254
251 254
250 255
249 255
248 255
247 256
246 256
245 257
244 257
243 258
242 258
241 258
240 259
239 259
239 260
238 261
237 261
236 262
235 262
234 262
233 263
232 263
231 263
230 263
229 263
228 263
227 264
226 264
225 264
224 264
223 265
222 265
221 265
220 265
219 266
218 266
217 267
216 267
215 267
214 267
213 267
213 268
212 269
211 269
210 269
209 270
208 270
207 270
206 270
205 271
204 271
203 271
202 272
201 272
200 272
199 272
198 273
197 273
196 273
195 273
194 273
193 273
192 274
191 275
190 275
189 275
188 275
187 276
186 276
185 276
184 276
183 276
182 276
181 277
180 277
179 277
178 277
177 278
176 278
175 278
174 278
173 278
172 278
171 278
170 279
169 279
168 279
167 279
166 279
165 279
164 279
163 280
162 280
161 280
160 280
159 280
158 280
157 280
156 280
155 280
154 281
153 281
152 281
151 281
150 281
149 281
148 281
147 281
146 281
145 281
144 281
143 281
142 281
141 281
140 281
139 281
138 281
137 281
136 281
135 280
134 280
133 280
132 280
131 280
130 280
129 280
128 279
127 279
126 279
125 279
124 279
123 279
122 278
121 278
120 278
119 278
118 277
117 277
116 277
115 276
114 276
113 276
112 276
111 275
110 275
109 275
108 275
107 274
106 274
105 274
104 273
103 273
102 273
101 273
100 272
99 272
98 271
97 271
96 270
95 270
94 270
93 269
92 269
91 268
90 267
89 266
88 266
87 265
87 264
86 263
85 263
84 262
83 261
82 260
81 260
80 259
79 259
78 259
77 258
77 257
76 256
75 255
74 255
73 254
72 253
72 252
71 252
70 251
69 250
69 249
68 248
67 248
66 247
66 246
65 245
64 245
63 244
63 243
62 242
62 241
61 240
61 239
60 239
59 238
59 237
59 236
59 235
58 234
58 233
57 233
56 232
56 231
56 230
56 229
55 228
55 227
55 226
55 225
54 224
54 223
54 222
54 221
54 220
54 219
54 218
54 217
53 217
52 216
52 215
52 214
52 213
52 212
52 211
53 210
54 210
54 209
54 208
54 207
54 206
54 205
54 204
55 203
55 202
55 201
56 200
56 199
56 198
57 197
58 197
59 196
59 195
59 194
59 193
60 192
61 192
61 191
62 190
63 189
63 188
64 187
65 187
65 186
66 185
67 184
68 184
68 183
69 182
69 181
70 180
71 180
72 180
72 179
73 178
74 177
75 177
76 176
76 175
77 174
78 174
79 174
79 173
80 172
80 171
81 170
82 170
83 170
83 169
84 168
85 168
86 168
86 167
87 166
88 165
89 165
90 165
91 164
92 163
93 163
94 162
95 161
96 161
97 160
98 160
98 159
99 158
100 158
101 158
101 157
102 156
103 156
104 156
105 156
106 155
107 155
107 154
108 153
109 153
110 153
111 152
112 151
113 150
114 150
115 149
116 148
117 148
118 147
119 147
120 146
121 146
122 146
123 145
124 145
125 145
126 144
127 144
128 144
129 144
130 144
131 144
132 143
133 143
134 143
135 143
136 143
137 142
138 142
139 142
140 142
141 142
142 142
143 142
144 143
144 144
144 145
143 146
143 147
143 148
143 149
144 150
144 151
144 152
144 153
144 154
144 155
145 155
146 156
146 157
146 158
146 159
147 160
147 161
148 161
149 161
150 162
150 163
151 163
152 163
153 164
153 165
154 165
155 166
156 166
157 166
158 167
159 167
160 167
161 168
162 168
163 168
164 169
165 169
166 169
167 170
168 170
169 171
170 171
171 172
172 172
173 172
174 173
175 173
176 174
177 174
178 175
179 175
180 175
181 175
182 176
183 177
184 177
185 177
186 178
187 178
188 179
189 180
190 180
191 180
192 180
193 181
194 181
195 181
196 182
196 183
196 184
196 185
197 186
198 186
199 186
200 186
201 186
202 186
202 185
202 184
202 183
202 182
202 181
202 180
202 179
202 178
202 177
202 176
201 175
201 174
201 173
200 173
199 173
198 172
198 171
199 170
200 170
201 170
202 169
203 169
204 169
205 169
206 169
207 169
208 169
209 168
210 168
211 168
212 168
213 168
214 168
215 168
216 168
217 168
218 168
219 168
220 168
221 168
222 168
223 168
224 168
225 168
226 168
227 168
228 169
229 169
230 169
231 170
232 170
233 170
234 170
235 170
236 170
237 170
238 171
239 171
240 171
241 171
242 171
243 171
244 171
245 171
246 171
247 171
248 171
249 171
250 171
251 171
252 171
253 171
254 171
254 170
255 169
256 168
257 168
258 168
259 169
260 170
261 170
262 171
262 172
263 173
263 174
264 174
265 174
266 174
267 174
268 174
269 174
269 173
269 172
269 171
268 170
268 169
268 168
268 167
268 166
267 166
266 165
265 164
264 163
263 163
262 162
261 162
260 162
259 162
258 161
257 161
256 161
255 161
254 161
253 161
252 161
251 161
250 161
249 161
248 161
247 161
246 161
245 161
244 161
243 161
242 161
241 161
240 161
239 161
238 160
237 160
236 160
235 160
234 159
235 158
236 158
237 158
238 158
239 158
240 158
241 158
242 158
243 158
244 158
245 158
246 158
247 158
247 157
248 156
248 155
249 154
250 154
251 154
252 155
253 156
254 156
255 157
256 157
257 157
258 157
259 157
259 156
259 155
259 154
259 153
258 152
258 151
257 150
256 150
255 149
254 149
253 149
252 148
251 148
250 148
249 148
248 147
247 147
246 147
245 147
244 147
243 147
242 147
241 147
240 147
239 147
238 146
238 145
238 144
238 143
237 142
236 141
235 141
234 140
233 140
232 140
231 139
230 139
229 139
228 139
227 139
226 139
225 139
224 139
223 139
222 139
221 139
220 139
219 139
218 139
217 139
216 140
215 140
214 140
213 139
212 138
211 138
210 137
209 136
208 136
207 136
206 136
205 136
204 136
203 136
202 136
201 136
200 136
199 136
198 137
197 137
196 137
196 138
195 139
194 140
193 140
192 139
192 138
193 137
194 137
194 136
194 135
195 134
196 133
196 132
196 131
197 130
198 130
198 129
199 128
199 127
200 126
201 126
201 125
202 124
202 123
203 122
203 121
203 120
203 119
203 118
203 117
203 116
203 115
203 114
203 113
202 112
202 111
202 110
203 109
204 108
205 108
206 108
207 108
208 108
209 107
210 106
211 106
212 106
213 106
214 105
215 105
216 104
217 103
218 103
219 103
220 102
221 102
222 102
223 102
224 101
225 101
226 101
227 101
228 100
229 100
230 99
231 98
232 98
233 98
234 98
235 97
236 97
237 97
238 96
239 96
240 96
241 95
242 94
243 94
244 94
245 93
246 93
247 93
248 92
249 91
250 91
251 91
252 90
253 90
254 90
255 90
255 89
256 88
257 88
258 88
259 88
260 87
261 87
262 86
263 86
264 86
265 86
266 85
267 85
268 85
269 85
270 85
271 85
272 84
273 84
274 84
275 84
276 83
277 83
278 83
279 83
280 82
281 82
282 82
283 82
284 81
285 81
286 81
287 81
288 81
289 81
290 81
291 81
292 81
293 81
294 81
295 81
296 81
297 81
298 81
299 81
300 81
301 81
302 80
303 80
304 80
305 80
306 80
307 80
308 80
309 80
310 80
311 80
312 80
313 80
314 79
315 79
316 79
317 79
318 78
319 78
320 78
321 78
322 78
323 78
324 78
325 78
326 78
327 78
328 77
329 77
330 77
331 77
332 77
333 77
334 77
335 77
336 77
337 78
337 79
338 79
339 80
339 81
339 82
339 83
339 84
339 85
339 86
339 87
339 88
339 89
339 90
339 91
339 92
339 93
339 94
339 95
339 96
340 97
340 98
340 99
340 100
341 100
342 101
342 102
342 103
343 104
344 105
345 105
346 106
346 107
347 108
348 108
349 109
350 109
351 109
352 109
353 110
353 111
354 111
355 111
356 111
357 112
358 112
359 112
360 112
361 112
362 112
363 112
364 112
365 112
366 112
367 112
368 112
369 112
370 112
371 111
372 111
373 111
374 111
375 111
376 111
377 111
378 111
379 111
380 111
381 111
382 111
383 111
384 110
385 110
386 110
387 110
388 110
389 110
390 110
391 110
392 109
393 110
393 111
394 111
395 112
395 113
395 114
395 115
396 116
396 117
396 118
397 118
398 118
399 118
400 118
401 118
401 117
402 116
402 115
402 114
402 113
402 112
402 111
402 110
402 109
402 108
401 107
400 107
399 106
400 105
401 105
402 105
403 105
404 105
405 106
406 107
406 108
407 109
407 110
407 111
407 112
407 113
407 114
407 115
408 115
409 115
410 115
411 115
412 115
413 114
413 113
414 112
415 112
415 111
415 110
415 109
415 108
415 107
415 106
415 105
415 104
415 103
415 102
415 101
414 101
413 100
413 99
413 98
412 97
411 96
411 95
412 94
413 95
414 96
415 96
416 97
417 98
418 98
419 99
420 100
421 100
422 100
423 100
424 101
424 102
425 102
426 102
427 102
428 103
429 103
430 103
431 104
432 104
433 105
434 106
434 107
435 107
436 107
437 108
437 109
438 109
439 109
440 109
441 110
441 111
441 112
442 113
442 114
443 114
444 115
444 116
444 117
445 118
445 119
446 119
447 119
448 120
448 121
449 122
449 123
449 124
450 124
451 125
452 126
452 127
453 127
454 128
455 129
456 130
456 131
457 131
458 132
459 133
460 133
461 134
461 135
461 136
462 137
462 138
463 139
464 139
465 140
466 141
466 142
467 142
468 143
469 144
470 145
471 145
472 146
473 147
474 147
475 147
476 148
477 149
477 150
477 151
477 152
477 153
477 154
477 155
477 156
477 157
478 157
479 158
479 159
479 160
479 161
480 162
480 163
480 164
480 165
481 165
482 166
482 167
483 168
483 169
484 170
484 171
484 172
485 172
486 173
487 174
487 175
487 176
488 176
489 177
490 178
490 179
490 180
491 181
491 182
492 182
493 183
494 183
495 183
496 183
497 183
497 182
497 181
498 180
499 180
500 180
501 180
502 180
502 179
502 178
502 177
502 176
501 176
500 175
500 174
499 173
499 172
499 171
498 171
497 170
497 169
496 168
496 167
495 166
495 165
494 165
493 164
493 163
492 162
492 161
492 160
491 160
490 159
490 158
490 157
489 156
489 155
488 154
488 153
488 152
488 151
488 150
488 149
489 148
490 148
491 148
492 148
492 147
492 146
493 145
493 144
493 143
493 142
493 141
493 140
493 139
493 138
493 137
493 136
493 135
493 134
493 133
493 132
493 131
493 130
493 129
493 128
493 127
493 126
493 125
494 124
495 124
495 123
495 122
495 121
495 120
495 119
495 118
495 117
496 116
496 115
496 114
496 113
496 112
496 111
496 110
496 109
496 108
495 107
495 106
495 105
494 105
493 104
493 103
492 102
492 101
492 100
491 100
490 99
490 98
489 97
489 96
489 95
488 94
488 93
488 92
488 91
487 91
486 90
486 89
486 88
486 87
485 86
485 85
485 84
484 84
483 83
482 82
482 81
481 80
480 80
479 79
478 78
477 78
476 77
475 76
474 75
474 74
473 74
472 73
471 72
471 71
471 70
470 70
469 70
468 69
468 68
468 67
467 66
467 65
466 65
465 64
464 63
463 63
462 62
462 61
462 60
461 59
460 58
459 58
458 57
458 56
457 55
457 54
456 54
455 53
454 53
453 52
453 51
453 50
452 50
451 49
450 48
449 48
448 47
447 46
446 45
446 44
445 44
444 43
443 42
442 42
441 41
440 41
439 40
438 40
437 39
436 38
435 38
434 38
433 37
432 37
431 37
430 36
429 36
428 36
427 35
426 35
425 35
424 35
423 34
422 34
421 34
420 33
419 33
418 33
417 33
416 32
415 32
414 32
413 31
412 31
411 31
410 31
409 30
408 30
407 30
406 29
405 29
404 29
403 29
402 29
401 29
400 29
399 29
398 29
397 28
396 28
395 28
394 28
393 28
392 27
391 27
390 27
389 27
388 27
387 27
386 27
385 27
384 27
383 26
382 26
381 26
380 26
379 26
378 26
377 26
376 25
375 25
374 25
373 25
372 25
371 24
370 23
369 23
368 23
367 23
366 22
365 22
364 22
363 21
362 21
361 21
360 21
359 21
358 21
357 20
356 20
355 19
354 19
353 18
352 18
351 18
350 18
349 18
348 17
347 17
346 17
345 17
344 17
343 16
342 15
341 15
340 15
339 15
338 14
337 14
336 14
335 13
334 13
333 13
332 12
332 11
331 11
330 11
329 10
329 9
328 8
327 7
326 7
325 7
324 6
324 5
323 5
322 5
321 4
320 3
319 3
318 3
317 2
316 2
315 2
314 2
313 2
312 2
311 2
310 1
309 1
308 1
307 1
306 1
305 1
304 1
303 1
302 1
