91 4
90 5
89 5
88 5
87 6
86 6
85 7
84 8
83 8
82 8
81 9
81 10
80 11
79 11
79 12
78 13
77 14
77 15
76 16
76 17
76 18
76 19
76 20
76 21
76 22
76 23
76 24
76 25
76 26
76 27
76 28
75 29
75 30
75 31
75 32
74 33
74 34
74 35
73 36
73 37
73 38
73 39
73 40
72 41
72 42
72 43
71 44
71 45
71 46
71 47
71 48
71 49
71 50
71 51
71 52
70 53
70 54
70 55
70 56
69 57
69 58
69 59
69 60
69 61
68 62
68 63
68 64
68 65
68 66
68 67
68 68
68 69
68 70
68 71
68 72
68 73
68 74
68 75
68 76
68 77
67 78
67 79
67 80
67 81
67 82
66 83
66 84
66 85
66 86
65 87
65 88
64 89
64 90
64 91
64 92
63 93
63 94
63 95
63 96
62 97
62 98
62 99
62 100
62 101
62 102
62 103
62 104
62 105
62 106
62 107
63 108
63 109
63 110
63 111
63 112
64 113
64 114
64 115
64 116
65 117
66 118
66 119
66 120
67 121
67 122
68 123
68 124
68 125
69 126
69 127
70 128
71 129
72 130
72 131
72 132
72 133
72 134
72 135
72 136
72 137
73 138
73 139
73 140
74 141
74 142
74 143
74 144
74 145
74 146
75 147
75 148
75 149
75 150
75 151
75 152
75 153
74 154
73 155
73 156
72 157
72 158
71 159
71 160
71 161
71 162
70 163
70 164
70 165
70 166
70 167
70 168
70 169
70 170
70 171
70 172
70 173
70 174
70 175
70 176
70 177
71 178
71 179
71 180
70 181
69 180
68 180
67 179
66 178
65 178
64 178
63 177
62 177
61 177
60 177
59 177
58 176
57 176
56 176
55 176
54 176
53 175
52 175
51 174
50 173
50 172
50 171
51 170
51 169
51 168
51 167
51 166
51 165
51 164
50 163
50 162
49 162
48 161
47 161
46 161
45 161
44 161
43 161
42 161
41 161
40 162
39 163
38 162
38 161
38 160
38 159
38 158
38 157
38 156
37 155
37 154
37 153
37 152
37 151
37 150
36 149
36 148
35 147
34 147
33 146
32 146
31 146
30 146
29 146
28 146
27 146
26 146
25 147
24 146
23 145
23 144
22 143
21 142
21 141
20 141
19 140
18 140
17 139
16 139
15 139
14 139
13 139
12 139
11 139
10 139
9 139
8 140
8 141
8 142
8 143
9 143
10 143
11 144
12 145
12 146
12 147
12 148
12 149
13 150
14 151
14 152
15 153
16 154
16 155
17 156
17 157
16 158
15 157
14 157
13 156
12 156
11 156
10 156
9 156
8 156
7 156
6 156
5 157
4 158
3 158
3 159
2 160
1 161
1 162
1 163
1 164
1 165
2 166
3 166
4 166
5 166
6 166
7 166
8 166
9 166
10 167
11 167
12 168
13 169
14 170
15 170
16 171
17 172
18 173
19 173
20 174
20 175
21 176
20 177
19 177
18 178
17 179
16 179
15 180
14 181
13 181
13 182
12 183
11 184
11 185
11 186
11 187
12 188
13 188
14 188
15 188
16 187
17 187
18 188
19 188
20 189
21 189
22 190
23 190
24 190
25 191
26 191
27 192
28 192
29 193
30 194
31 194
32 195
33 196
34 196
35 197
36 197
37 198
38 199
39 199
40 200
41 201
41 202
42 202
43 203
43 204
44 204
45 205
45 206
46 207
47 207
48 208
49 209
50 209
51 210
52 210
53 211
54 211
55 212
56 212
57 213
58 214
59 214
60 214
61 214
62 214
63 215
64 215
65 215
66 216
67 216
68 216
69 216
70 217
71 217
72 217
73 217
74 217
75 217
76 217
77 217
78 217
79 217
80 217
81 217
82 217
83 217
84 217
85 217
86 218
87 219
87 220
88 221
87 222
87 223
87 224
87 225
88 226
88 227
88 228
87 229
87 230
87 231
87 232
88 233
88 234
88 235
88 236
88 237
88 238
88 239
88 240
88 241
88 242
88 243
88 244
88 245
89 246
89 247
88 248
88 249
88 250
88 251
88 252
88 253
88 254
88 255
89 256
89 257
89 258
89 259
89 260
89 261
90 262
90 263
90 264
90 265
90 266
91 267
91 268
91 269
91 270
91 271
91 272
92 273
92 274
92 275
92 276
92 277
93 278
93 279
93 280
93 281
93 282
94 283
94 284
94 285
94 286
94 287
94 288
95 289
95 290
95 291
95 292
95 293
95 294
96 295
96 296
97 297
97 298
97 299
97 300
97 301
97 302
97 303
98 304
98 305
98 306
98 307
98 308
98 309
99 310
99 311
99 312
99 313
100 314
100 315
101 316
101 317
101 318
102 319
102 320
102 321
102 322
102 323
103 324
103 325
103 326
104 327
104 328
105 329
105 330
105 331
106 332
106 333
107 334
107 335
107 336
107 337
108 338
108 339
109 340
109 341
110 342
110 343
111 344
112 345
112 346
113 347
113 348
114 349
114 350
115 351
115 352
116 353
117 354
117 355
118 356
119 357
119 358
120 358
121 359
121 360
122 361
123 362
124 363
124 364
125 364
126 365
126 366
127 367
128 368
129 368
130 369
130 370
131 371
132 372
131 373
130 374
129 374
128 374
127 374
126 374
125 374
124 375
123 375
122 375
121 375
120 376
119 377
118 377
117 377
116 378
115 378
114 379
113 380
112 381
111 382
110 383
109 384
109 385
108 386
108 387
108 388
107 389
107 390
107 391
107 392
107 393
107 394
107 395
107 396
107 397
108 398
108 399
108 400
109 401
109 402
109 403
109 404
109 405
110 406
111 407
112 407
113 408
114 408
115 409
115 410
116 411
116 412
117 413
118 414
119 415
120 416
121 417
122 418
123 419
123 420
124 421
125 422
125 423
126 424
127 425
128 426
129 427
130 428
131 428
132 429
132 430
133 431
134 431
135 432
136 433
137 434
138 435
137 436
136 436
135 436
134 436
133 437
132 437
131 437
130 436
129 436
128 436
127 435
127 434
126 433
125 432
124 431
123 430
123 429
122 428
122 427
122 426
122 425
122 424
121 424
120 423
120 422
120 421
119 420
118 419
117 419
116 418
115 418
114 418
113 417
112 417
111 417
110 417
109 418
108 418
107 418
106 418
105 419
104 420
104 421
104 422
104 423
103 424
102 423
102 422
102 421
102 420
101 419
101 418
101 417
100 416
99 415
98 414
97 413
96 412
95 412
94 412
93 412
92 412
91 412
90 412
89 412
88 412
87 412
86 412
85 412
84 413
83 413
82 413
81 413
81 414
81 415
81 416
82 417
83 417
84 418
85 419
86 419
87 420
88 421
89 422
90 423
90 424
91 424
92 425
92 426
93 427
93 428
94 429
95 430
96 431
97 432
98 433
97 434
96 434
95 434
94 433
93 433
92 432
91 432
90 431
89 431
88 430
88 429
87 428
86 428
85 427
84 426
83 425
82 425
81 424
80 423
79 422
78 421
78 420
77 419
76 418
76 417
75 416
75 415
74 414
74 413
74 412
73 411
72 410
72 409
71 408
70 407
69 407
68 406
67 406
66 406
65 406
64 405
63 405
62 405
61 405
60 406
59 406
58 406
57 406
56 407
55 407
54 408
54 409
54 410
54 411
55 411
56 411
57 411
58 411
59 411
60 411
61 412
61 413
61 414
61 415
62 416
63 417
64 418
65 419
66 420
66 421
67 422
68 423
68 424
69 425
70 426
70 427
71 427
72 428
72 429
72 430
73 431
74 432
75 433
75 434
76 435
76 436
77 436
78 437
78 438
79 439
80 439
81 440
82 440
83 441
84 441
85 442
86 442
87 442
88 443
89 444
90 445
91 446
90 447
89 448
88 448
87 448
86 448
85 448
84 448
83 448
82 448
81 448
80 448
79 448
78 448
77 448
76 447
75 447
74 447
73 447
72 448
71 448
70 448
69 448
68 448
67 448
66 447
65 447
64 446
63 446
62 446
61 445
60 445
59 445
58 444
57 444
56 444
55 444
54 444
53 444
52 443
51 443
50 442
49 442
48 441
47 440
46 439
45 439
44 438
43 438
42 437
41 437
40 437
39 436
38 436
37 436
36 436
35 437
34 437
33 437
32 438
31 438
30 439
29 439
28 440
27 441
26 442
26 443
25 444
25 445
25 446
25 447
25 448
25 449
26 449
27 449
28 449
29 449
30 448
31 448
32 449
33 450
34 450
35 450
36 450
37 450
38 451
39 451
40 451
41 451
42 451
43 451
44 452
45 452
46 453
47 453
48 453
49 454
50 454
51 455
52 455
53 456
54 456
55 456
56 457
57 457
58 457
59 458
60 458
61 458
62 459
63 459
64 459
65 459
66 459
67 460
68 460
69 460
70 460
71 460
72 460
73 460
74 461
75 461
76 461
77 461
78 461
79 462
80 462
81 462
82 462
83 462
84 462
85 462
86 462
87 462
88 462
89 462
90 462
91 462
92 462
93 462
94 462
95 462
96 463
97 463
98 463
99 463
100 463
101 463
102 463
103 463
104 463
105 463
106 463
107 463
108 463
109 463
110 463
111 463
112 463
113 462
114 462
115 462
116 462
117 462
118 462
119 462
120 462
121 462
122 462
123 461
124 461
125 461
126 461
127 461
128 461
129 461
130 461
131 461
132 461
133 461
134 461
135 461
136 461
137 461
138 461
139 461
140 461
141 461
142 461
143 460
144 461
145 461
146 461
147 461
148 462
149 462
150 462
151 463
152 463
153 464
154 465
154 466
155 467
156 468
156 469
156 470
157 470
158 471
158 472
159 473
159 474
159 475
160 476
160 477
160 478
161 479
161 480
161 481
162 482
162 483
162 484
162 485
163 486
163 487
164 488
164 489
164 490
165 491
165 492
165 493
166 494
167 495
167 496
167 497
168 498
168 499
168 500
169 501
169 502
170 503
170 504
171 505
171 506
171 507
172 508
173 509
174 510
174 511
174 512
174 513
174 514
174 515
175 515
176 515
177 515
178 515
179 515
180 514
180 513
181 512
181 511
182 510
182 509
182 508
182 507
182 506
182 505
182 504
182 503
182 502
182 501
182 500
181 499
181 498
180 498
179 497
179 496
178 495
177 494
177 493
176 492
176 491
175 490
175 489
175 488
175 487
175 486
175 485
175 484
175 483
174 482
174 481
174 480
173 479
173 478
173 477
173 476
172 475
171 474
171 473
171 472
171 471
170 470
170 469
169 468
169 467
169 466
169 465
169 464
169 463
170 462
171 461
172 460
172 459
173 458
174 457
175 456
175 455
176 454
177 453
178 452
178 451
178 450
178 449
178 448
178 447
178 446
178 445
179 444
179 443
179 442
179 441
179 440
179 439
179 438
179 437
179 436
179 435
178 434
178 433
178 432
178 431
177 430
177 429
177 428
176 427
176 426
175 425
175 424
176 423
177 423
178 423
179 424
179 425
179 426
180 427
181 428
181 429
182 430
183 431
184 431
185 432
185 433
186 434
187 435
188 436
189 437
189 438
190 438
191 439
191 440
192 441
193 442
193 443
194 444
195 445
196 446
197 447
198 448
199 449
199 450
200 451
201 452
202 453
202 454
203 454
204 455
204 456
205 457
206 458
206 459
207 459
208 460
209 461
210 461
211 462
212 463
213 464
214 464
215 465
216 466
217 467
217 468
218 468
219 469
220 470
220 471
221 471
222 472
223 473
224 474
225 474
226 475
227 476
228 477
229 478
230 478
231 479
232 480
233 481
234 481
235 482
236 483
237 484
238 485
239 485
240 486
241 487
242 487
243 488
244 489
245 489
246 490
247 491
248 491
249 492
250 493
251 494
252 495
253 495
254 496
255 497
256 497
257 498
258 499
259 499
260 500
261 500
262 501
263 502
264 502
265 503
266 503
267 504
268 504
269 505
270 505
271 506
271 507
272 508
273 508
274 508
275 508
276 509
276 510
277 510
278 511
279 511
280 512
281 513
282 513
283 513
284 513
285 514
286 514
287 515
288 515
289 516
290 516
291 517
292 517
293 518
294 518
295 519
296 519
297 520
298 520
299 521
300 521
301 522
302 523
303 523
304 523
305 524
306 525
307 526
308 526
309 526
310 527
311 527
312 528
313 528
314 529
315 529
316 530
317 530
318 531
319 531
320 532
321 532
322 533
323 533
324 533
325 534
326 535
327 535
328 536
329 536
330 537
331 537
332 538
333 538
334 539
335 540
336 540
337 541
338 541
339 542
340 542
341 543
342 543
343 544
344 544
345 545
346 546
347 546
348 547
349 548
350 549
351 549
352 550
353 550
354 551
355 552
356 552
357 553
358 554
359 555
360 555
361 556
362 556
363 557
364 558
365 558
366 559
367 560
368 561
369 562
370 563
371 563
372 564
372 565
373 566
374 566
375 567
376 568
377 569
378 570
378 571
379 572
380 573
381 574
382 575
382 576
383 577
384 578
385 579
385 580
386 581
387 582
387 583
388 584
389 585
389 586
389 587
390 588
391 589
391 590
391 591
392 592
392 593
392 594
393 595
393 596
394 597
394 598
394 599
394 600
395 601
395 602
395 603
395 604
396 605
397 606
397 607
398 608
398 609
398 610
398 611
399 612
399 613
399 614
400 615
400 616
400 617
400 618
400 619
400 620
401 621
401 622
401 623
401 624
401 625
401 626
401 627
402 628
402 629
403 630
403 631
403 632
403 633
403 634
403 635
403 636
403 637
403 638
403 639
403 640
403 641
403 642
403 643
403 644
403 645
403 646
403 647
402 648
402 649
402 650
402 651
402 652
401 653
401 654
401 655
401 656
401 657
400 658
400 659
399 660
399 661
398 662
398 663
397 664
397 665
396 666
396 667
395 668
395 669
394 670
393 671
393 672
392 673
392 674
391 675
391 676
390 677
389 678
389 679
388 680
387 681
386 682
386 683
385 684
384 685
383 686
382 687
382 688
381 689
380 690
379 691
378 692
377 693
376 694
375 695
374 696
373 696
372 697
371 698
370 698
369 699
368 699
367 700
366 700
365 701
364 701
363 701
362 702
361 702
360 703
359 703
358 703
357 704
356 704
355 704
354 705
353 705
352 705
351 705
350 706
349 706
348 706
347 706
346 706
345 706
344 707
343 707
342 707
341 706
340 706
339 706
338 706
337 707
336 707
335 707
334 707
333 707
332 707
331 706
330 706
329 706
328 706
327 706
326 706
325 706
324 706
323 706
322 706
321 705
320 705
319 705
318 705
317 704
316 704
315 704
314 703
313 703
312 703
311 703
310 703
309 702
308 702
307 702
306 701
305 701
304 700
303 700
302 700
301 699
300 699
299 698
298 697
297 697
296 696
295 696
294 696
293 695
292 694
291 694
290 693
289 692
288 692
287 691
286 690
285 689
284 688
283 687
282 686
281 685
280 685
279 685
278 684
277 683
276 682
276 681
275 680
274 679
273 678
272 677
271 676
270 675
270 674
269 674
268 673
267 672
266 671
265 671
264 670
264 669
263 668
262 667
262 666
261 665
260 665
259 665
258 664
258 663
257 662
257 661
256 660
255 659
254 659
253 658
253 657
252 656
252 655
251 654
250 653
249 652
248 652
247 651
247 650
246 649
246 648
245 647
244 646
243 645
242 644
242 643
242 642
241 641
241 640
240 640
239 639
238 639
237 638
237 637
236 636
235 635
235 634
234 633
234 632
233 632
232 632
231 631
231 630
231 629
230 628
229 627
228 626
227 626
226 626
225 625
225 624
224 623
224 622
223 621
223 620
222 619
221 619
220 619
219 618
219 617
218 616
218 615
217 614
216 613
215 613
214 612
213 611
213 610
213 609
212 608
211 607
210 606
209 606
208 605
208 604
207 603
207 602
206 601
205 600
204 600
203 599
202 598
202 597
201 596
201 595
200 594
199 593
198 592
197 592
196 591
196 590
195 589
195 588
194 587
193 587
192 586
191 585
190 584
190 583
189 582
188 581
187 580
186 580
185 579
184 579
183 578
183 577
183 576
182 576
181 575
180 575
179 574
178 573
178 572
177 571
176 570
175 570
174 570
173 570
172 569
172 568
172 567
171 566
170 565
169 564
169 563
168 563
167 563
166 562
166 561
165 560
164 560
163 559
163 558
162 557
161 557
160 556
159 555
158 554
157 553
156 552
155 552
154 551
153 551
152 550
152 549
151 548
150 548
149 548
148 547
147 546
146 545
145 544
144 543
143 543
142 543
141 543
140 542
139 541
139 540
138 539
137 539
136 539
135 538
134 538
133 537
133 536
133 535
132 535
131 535
130 534
129 534
128 533
127 533
126 532
125 531
124 531
123 530
122 530
121 529
120 529
119 528
118 527
117 526
116 526
115 525
114 525
113 525
112 524
111 523
110 522
109 522
108 522
107 521
106 520
105 519
104 519
103 519
102 518
101 517
100 517
99 516
98 516
97 515
96 514
95 514
94 513
93 513
92 512
91 512
90 512
89 511
88 510
87 510
86 509
85 509
84 508
83 507
82 506
81 506
80 506
79 505
79 504
78 504
77 503
76 502
75 502
74 502
73 501
72 500
71 500
70 499
69 498
68 498
67 498
66 498
65 497
65 496
64 495
63 495
62 494
61 493
60 493
59 493
58 492
57 491
56 490
55 490
54 489
53 488
52 488
51 488
50 487
49 486
48 485
47 485
46 484
45 483
44 482
43 481
42 481
41 480
40 479
39 478
38 477
37 476
36 475
35 474
34 473
33 472
32 472
31 471
30 470
29 469
29 468
28 467
27 466
26 465
25 464
24 463
24 462
23 461
22 460
21 459
20 459
19 459
18 459
17 460
17 461
17 462
17 463
17 464
17 465
17 466
18 467
19 467
20 468
20 469
20 470
21 471
22 472
22 473
23 474
24 475
25 476
26 477
26 478
27 478
28 479
28 480
29 481
30 482
31 483
32 484
33 485
34 486
35 487
36 488
37 488
38 489
38 490
39 490
40 491
41 492
42 493
43 493
44 494
44 495
45 496
46 497
47 497
48 498
49 499
50 500
51 500
52 501
52 502
53 502
54 503
55 503
56 504
56 505
57 505
58 506
59 507
60 507
61 508
62 509
63 510
64 510
65 511
66 511
67 512
68 513
68 514
69 514
70 515
71 516
72 517
73 517
74 518
74 519
75 519
76 520
77 520
78 521
78 522
79 522
80 523
81 524
82 525
83 525
84 526
85 527
86 528
87 528
88 528
89 529
90 530
91 531
92 531
93 532
94 532
95 533
96 533
97 534
98 535
99 535
100 536
101 536
102 537
103 538
104 539
105 539
106 539
107 540
107 541
108 541
109 542
110 542
111 543
112 544
113 545
114 545
115 546
116 547
117 548
118 548
119 549
120 550
121 551
122 551
123 552
124 553
125 553
126 554
127 555
128 555
129 555
130 556
130 557
131 557
132 558
133 559
134 560
135 560
136 561
137 562
138 563
139 564
140 565
141 565
142 566
143 567
144 568
145 569
146 570
147 570
148 571
148 572
149 572
150 573
151 573
152 574
152 575
153 576
154 577
155 577
156 578
156 579
157 580
158 581
159 581
160 582
160 583
161 583
162 584
163 585
164 586
165 587
166 588
167 589
168 589
169 590
169 591
170 592
171 593
172 594
173 595
174 596
175 597
176 598
177 599
177 600
178 600
179 601
179 602
180 603
181 604
182 605
183 606
183 607
184 608
185 609
185 610
186 611
187 612
188 613
189 614
190 615
190 616
191 617
192 618
193 619
194 620
194 621
195 622
196 623
196 624
197 624
198 625
198 626
199 627
199 628
200 629
201 630
202 631
202 632
203 633
204 634
205 635
205 636
206 637
206 638
207 639
208 640
209 641
210 642
211 643
211 644
212 645
213 646
214 647
215 648
215 649
216 650
217 650
218 651
218 652
218 653
219 654
220 655
221 656
221 657
222 658
222 659
223 660
224 661
224 662
225 662
226 663
226 664
227 664
228 665
228 666
229 667
229 668
230 669
231 670
232 671
233 672
233 673
234 674
235 675
236 676
236 677
237 677
238 678
239 679
239 680
240 681
241 682
242 683
243 684
244 685
244 686
245 687
246 688
247 689
248 690
249 691
250 691
251 692
251 693
252 694
253 695
254 696
255 696
256 697
256 698
257 699
258 700
259 701
259 702
260 703
261 704
262 704
263 705
264 706
265 707
266 707
267 708
268 709
269 710
270 711
271 712
272 712
273 713
274 713
275 714
275 715
276 716
277 716
278 716
279 717
279 718
280 719
281 719
282 720
283 720
284 721
285 721
286 722
287 722
288 723
289 723
290 724
291 724
292 725
293 725
294 726
295 726
296 726
297 726
298 727
299 727
300 728
301 728
302 729
303 729
304 730
305 730
306 730
307 730
308 731
308 732
309 732
310 732
311 732
312 732
313 733
314 733
315 733
316 733
317 734
318 734
319 734
320 734
321 735
322 735
323 735
324 735
325 735
326 735
327 736
328 736
329 736
330 736
331 736
332 736
333 736
334 736
335 736
336 737
337 737
338 737
339 737
340 737
341 737
342 737
343 737
344 737
345 737
346 737
347 737
348 737
349 737
350 737
351 737
352 737
353 737
354 737
355 737
356 737
357 737
358 737
359 737
360 737
361 737
362 736
363 736
364 736
365 736
366 736
367 736
368 735
369 735
370 734
371 734
372 733
373 733
374 732
375 732
376 732
377 732
378 731
379 730
380 729
381 729
382 729
383 728
384 728
384 727
385 726
386 726
387 726
388 725
389 724
390 723
391 723
392 723
392 722
393 721
394 721
395 720
396 719
397 719
397 718
398 717
399 717
400 716
401 716
402 715
402 714
403 713
404 713
405 712
406 711
406 710
407 709
408 708
409 708
410 707
410 706
411 705
412 704
413 703
413 702
414 701
415 700
416 699
417 698
418 697
418 696
419 695
419 694
420 693
420 692
421 691
421 690
422 689
423 688
424 687
425 686
425 685
426 684
426 683
426 682
427 681
428 680
428 679
428 678
429 677
429 676
430 675
431 674
431 673
431 672
432 671
432 670
432 669
433 668
433 667
433 666
434 665
434 664
434 663
434 662
435 661
435 660
435 659
435 658
436 657
436 656
436 655
436 654
437 653
437 652
437 651
437 650
437 649
437 648
437 647
437 646
437 645
437 644
437 643
438 642
438 641
438 640
438 639
438 638
438 637
438 636
438 635
438 634
438 633
438 632
438 631
438 630
438 629
438 628
438 627
438 626
438 625
438 624
438 623
438 622
438 621
438 620
438 619
438 618
437 617
437 616
437 615
437 614
437 613
437 612
437 611
437 610
437 609
437 608
436 607
436 606
436 605
436 604
435 603
435 602
435 601
435 600
434 599
434 598
434 597
433 596
433 595
433 594
432 593
431 592
431 591
431 590
431 589
430 588
430 587
430 586
429 585
429 584
428 583
428 582
427 581
427 580
426 579
426 578
425 577
425 576
425 575
425 574
424 573
424 572
423 571
422 570
422 569
421 568
421 567
420 566
420 565
419 564
418 563
417 562
417 561
417 560
416 559
415 558
414 557
414 556
413 555
412 554
412 553
412 552
412 551
411 550
410 549
409 548
408 547
407 546
407 545
406 545
405 544
405 543
405 542
404 541
403 540
402 539
401 538
400 537
399 536
398 535
398 534
397 533
396 532
395 531
394 530
393 529
392 528
391 527
390 526
390 525
389 524
388 524
387 523
386 522
385 521
384 521
383 520
383 519
382 518
381 518
380 517
379 516
378 516
377 515
376 514
375 514
374 513
374 512
373 512
372 511
371 510
370 510
369 509
368 508
367 508
366 507
365 506
364 505
363 504
362 503
361 503
360 503
359 502
358 501
357 501
356 500
355 499
355 498
354 498
353 497
352 496
351 496
350 495
349 494
348 494
347 493
347 492
346 492
345 492
344 491
343 490
342 490
341 489
340 488
339 488
338 487
337 486
336 486
335 485
334 485
333 484
332 484
331 483
330 483
329 482
328 481
327 480
326 480
325 479
324 479
323 478
322 478
321 477
320 476
320 475
319 475
318 474
317 474
316 473
315 472
314 472
313 472
312 471
311 470
310 470
309 469
308 468
307 468
306 467
305 467
304 466
303 466
302 465
301 464
300 464
299 463
298 462
297 462
296 461
295 460
294 459
293 459
292 458
291 458
290 457
289 456
288 455
287 455
286 454
286 453
285 453
284 452
284 451
283 451
282 450
281 449
280 448
279 448
278 447
277 446
276 445
275 444
274 444
273 443
272 442
271 441
270 440
269 439
268 438
267 437
266 436
265 435
264 434
263 434
262 433
261 432
262 431
263 431
264 431
265 432
266 432
267 432
268 432
269 432
270 432
271 433
272 433
273 433
274 433
275 434
276 434
277 434
278 434
279 434
280 435
281 435
282 435
283 436
284 436
285 436
286 436
287 437
288 437
289 437
290 437
291 438
292 438
293 438
294 438
295 438
296 439
297 439
298 439
299 439
300 440
301 440
302 440
303 440
304 440
305 440
306 440
307 440
308 440
309 441
310 441
311 442
312 442
313 442
314 443
315 443
316 443
317 444
318 444
319 445
320 446
321 447
322 447
323 447
324 447
325 448
326 448
327 448
328 449
329 449
330 450
331 450
332 450
333 451
334 451
335 451
336 451
337 452
338 452
339 452
340 453
341 453
342 454
343 455
344 455
345 456
346 457
347 457
348 458
348 459
349 459
350 460
351 461
352 462
353 463
354 464
354 465
355 466
356 467
357 468
357 469
358 470
359 471
360 472
361 473
361 474
361 475
361 476
361 477
361 478
362 479
363 479
364 479
365 479
366 478
367 477
367 476
368 475
368 474
368 473
368 472
368 471
368 470
368 469
368 468
368 467
368 466
368 465
368 464
368 463
368 462
368 461
368 460
367 459
367 458
366 458
365 457
364 456
363 455
362 455
361 454
360 453
359 453
358 452
357 451
356 451
355 450
354 449
353 449
352 448
351 447
350 447
349 446
348 445
347 444
346 444
345 444
344 444
343 443
342 443
341 443
340 442
339 442
338 441
337 441
336 440
335 439
334 439
333 438
332 438
331 437
330 437
329 436
328 435
327 435
326 434
325 434
324 434
323 433
322 433
321 432
320 432
319 432
318 431
317 431
316 430
315 430
314 429
313 429
312 428
311 428
310 428
309 428
308 428
307 427
306 427
305 427
304 427
303 426
302 426
301 426
300 426
299 425
300 424
301 424
302 424
303 423
304 423
305 423
306 423
307 423
308 423
309 423
310 423
311 423
312 424
313 424
314 424
315 424
316 424
317 424
318 424
319 424
320 425
321 425
322 425
323 425
324 425
325 426
326 427
327 427
328 427
329 428
329 429
330 429
331 429
332 430
333 431
334 431
335 432
336 433
337 433
338 434
339 435
340 435
341 436
342 436
343 437
344 438
345 438
346 438
347 438
348 438
348 437
349 436
349 435
349 434
349 433
349 432
348 431
348 430
348 429
347 428
347 427
346 426
346 425
345 425
344 424
343 423
343 422
342 422
341 421
340 421
339 420
338 420
337 419
336 419
335 418
334 418
333 418
332 418
331 418
330 417
329 417
328 417
327 416
326 416
325 416
324 416
323 416
322 416
321 416
320 416
319 416
318 415
317 415
316 415
315 414
315 413
315 412
315 411
314 411
313 410
313 409
313 408
313 407
312 406
312 405
311 405
310 404
310 403
309 403
308 402
307 402
306 402
305 402
304 402
303 402
302 403
301 403
300 403
299 403
298 403
297 403
296 404
295 404
294 404
293 404
292 404
291 404
290 404
289 404
288 405
287 406
286 406
285 407
284 407
283 407
282 407
281 406
281 405
281 404
281 403
281 402
280 401
279 401
278 400
278 399
278 398
278 397
277 397
276 397
275 397
274 398
273 398
272 398
271 399
270 400
269 400
268 400
267 401
266 401
265 401
264 400
263 400
262 400
261 400
260 400
259 400
258 400
257 399
256 399
255 398
256 397
257 396
257 395
257 394
257 393
258 392
259 392
259 391
260 390
260 389
260 388
260 387
260 386
261 385
262 384
262 383
262 382
262 381
263 380
263 379
263 378
263 377
264 376
264 375
264 374
264 373
264 372
264 371
265 370
265 369
266 368
266 367
267 366
267 365
268 364
268 363
268 362
268 361
268 360
269 359
269 358
269 357
269 356
269 355
269 354
269 353
269 352
268 351
268 350
268 349
268 348
268 347
268 346
267 345
267 344
267 343
266 342
266 341
265 340
264 339
263 338
262 338
261 337
260 337
259 337
258 336
257 336
256 336
255 336
254 336
253 336
252 336
251 337
250 337
249 337
248 338
247 338
246 338
245 339
244 339
243 340
242 341
241 341
240 342
239 342
238 342
237 343
236 343
235 344
234 345
233 345
232 346
231 347
230 348
229 349
228 348
228 347
228 346
228 345
227 344
227 343
227 342
227 341
227 340
227 339
227 338
227 337
226 336
226 335
226 334
225 333
225 332
225 331
225 330
225 329
224 328
224 327
224 326
224 325
223 324
223 323
223 322
222 321
222 320
222 319
222 318
222 317
221 316
221 315
221 314
221 313
220 312
220 311
220 310
219 309
219 308
218 307
218 306
218 305
218 304
217 303
217 302
217 301
216 300
216 299
216 298
215 297
215 296
214 295
213 294
213 293
213 292
213 291
213 290
212 290
211 289
211 288
211 287
211 286
210 285
209 284
209 283
209 282
209 281
209 280
208 279
208 278
208 277
207 276
207 275
207 274
206 273
206 272
205 271
205 270
205 269
204 268
204 267
203 266
203 265
202 264
202 263
202 262
201 262
200 261
200 260
200 259
200 258
200 257
199 257
198 257
197 256
197 255
196 254
197 253
197 252
197 251
197 250
196 249
196 248
195 247
195 246
194 245
194 244
193 243
193 242
193 241
192 240
192 239
192 238
191 237
191 236
190 235
190 234
189 233
189 232
189 231
188 230
187 229
187 228
187 227
186 226
185 225
185 224
185 223
184 222
184 221
183 220
183 219
182 218
182 217
181 216
181 215
181 214
180 214
179 213
179 212
179 211
178 210
178 209
177 208
177 207
176 206
175 205
175 204
175 203
174 202
174 201
173 200
173 199
172 198
171 197
171 196
170 195
169 194
169 193
169 192
168 191
167 190
167 189
166 188
165 187
165 186
165 185
164 184
164 183
165 182
166 181
167 181
168 180
168 179
169 178
170 177
170 176
170 175
171 174
171 173
171 172
171 171
171 170
171 169
171 168
171 167
171 166
171 165
170 164
170 163
170 162
169 161
169 160
168 159
168 158
167 157
166 156
165 155
164 154
163 154
162 154
161 153
161 152
160 151
159 151
158 150
158 149
157 149
156 148
155 147
154 147
153 146
152 146
151 145
151 144
151 143
151 142
151 141
151 140
151 139
151 138
150 137
150 136
150 135
150 134
150 133
150 132
150 131
150 130
150 129
150 128
150 127
150 126
150 125
150 124
150 123
151 122
151 121
151 120
151 119
151 118
151 117
151 116
151 115
151 114
151 113
151 112
151 111
151 110
151 109
152 108
152 107
152 106
152 105
152 104
152 103
152 102
153 101
153 100
153 99
153 98
152 97
152 96
152 95
152 94
152 93
152 92
152 91
151 91
150 90
150 89
150 88
149 87
149 86
148 86
147 85
147 84
147 83
147 82
147 81
147 80
147 79
147 78
147 77
147 76
146 75
146 74
146 73
145 72
145 71
145 70
145 69
145 68
144 67
144 66
143 65
143 64
142 63
142 62
142 61
141 60
140 59
140 58
140 57
139 56
138 55
137 54
137 53
136 52
135 51
134 50
133 49
132 48
131 47
131 46
130 45
129 44
128 43
128 42
127 42
126 41
126 40
126 39
125 38
125 37
124 36
124 35
123 34
123 33
122 32
122 31
121 30
120 29
120 28
119 27
119 26
118 25
117 24
117 23
116 22
115 21
114 20
114 19
113 18
112 17
112 16
112 15
111 14
111 13
110 12
109 11
108 10
107 9
106 8
105 7
104 7
103 6
102 6
101 5
100 5
99 4
98 4
97 4
96 4
95 4
94 4
93 4
92 4
