232 1
231 2
230 2
229 3
228 4
227 5
226 6
225 7
225 8
224 9
223 10
223 11
222 12
222 13
222 14
221 15
221 16
221 17
220 18
220 19
220 20
219 21
219 22
218 23
218 24
217 25
217 26
217 27
217 28
216 29
216 30
216 31
216 32
215 33
215 34
215 35
215 36
214 37
214 38
214 39
213 40
213 41
213 42
212 43
212 44
212 45
212 46
212 47
211 48
211 49
211 50
211 51
211 52
210 53
210 54
210 55
210 56
210 57
210 58
210 59
210 60
210 61
210 62
210 63
210 64
210 65
210 66
210 67
209 68
208 68
207 68
206 68
205 67
204 67
203 67
202 66
203 65
203 64
204 63
204 62
205 61
205 60
205 59
206 58
206 57
206 56
206 55
205 54
204 53
204 52
203 51
202 51
201 50
200 50
199 50
198 50
197 51
196 52
195 53
195 54
195 55
195 56
194 57
193 56
193 55
192 54
191 53
191 52
191 51
190 50
189 49
188 49
187 49
186 48
185 48
184 48
183 48
182 49
181 50
180 51
180 52
180 53
180 54
180 55
180 56
180 57
181 58
181 59
181 60
180 61
179 60
178 59
177 59
176 59
175 59
174 59
173 59
172 59
171 59
170 60
169 60
168 60
168 61
168 62
168 63
169 64
169 65
169 66
169 67
169 68
170 69
171 70
172 71
173 71
174 71
175 72
176 72
177 73
177 74
177 75
177 76
177 77
177 78
177 79
178 80
177 81
178 82
179 83
180 83
181 83
182 84
183 84
184 84
185 84
186 84
187 84
188 85
188 86
188 87
188 88
189 89
190 90
190 91
191 92
191 93
191 94
191 95
191 96
192 97
192 98
193 99
193 100
193 101
194 102
194 103
194 104
195 105
195 106
195 107
196 108
197 109
197 110
198 111
199 112
200 112
201 112
202 112
203 112
204 113
204 114
203 115
202 116
201 117
200 117
199 117
198 118
197 117
197 116
196 115
195 114
195 113
194 112
193 111
192 110
192 109
191 108
190 107
189 106
188 105
188 104
187 103
186 102
186 101
185 100
184 99
183 98
183 97
183 96
182 96
181 95
180 94
179 93
178 93
177 92
176 91
177 90
178 90
177 89
177 88
177 87
177 86
177 85
176 84
176 83
175 82
175 81
174 80
173 79
172 79
171 78
170 78
169 78
168 77
168 76
169 75
169 74
168 73
168 72
167 71
166 71
165 70
165 69
164 68
163 67
163 66
162 66
161 66
160 67
159 67
158 68
157 69
157 70
156 71
156 72
156 73
155 74
155 75
154 76
153 75
153 74
152 73
152 72
152 71
152 70
151 69
151 68
151 67
150 66
149 65
149 64
148 64
147 63
146 63
145 63
144 63
143 63
142 63
141 63
140 64
139 65
139 66
138 67
138 68
138 69
138 70
138 71
138 72
138 73
139 74
139 75
140 76
140 77
140 78
141 79
141 80
142 81
143 82
143 83
143 84
142 85
141 85
140 84
139 84
138 83
137 82
136 82
135 82
134 82
133 81
132 81
131 81
130 81
129 81
128 81
127 81
126 82
125 82
125 83
124 84
123 84
123 85
123 86
123 87
124 88
124 89
125 90
125 91
125 92
126 92
127 93
128 93
129 94
130 94
131 95
132 95
133 95
134 95
135 95
136 95
137 95
138 96
139 96
140 97
139 98
138 98
137 99
136 99
135 100
134 100
133 101
132 101
131 102
131 103
130 104
130 105
129 106
128 107
128 108
128 109
128 110
128 111
128 112
129 113
130 114
131 115
132 115
133 115
134 115
135 115
136 115
137 115
138 114
139 114
140 113
141 113
141 112
142 111
143 111
143 110
144 109
145 108
146 108
147 109
148 109
149 110
150 110
151 111
152 111
153 111
154 111
155 111
156 111
157 111
158 111
159 111
160 111
161 111
162 111
163 111
164 111
165 111
166 111
167 111
168 111
169 112
169 113
168 114
168 115
168 116
167 117
167 118
166 119
165 120
164 121
163 122
162 123
161 124
161 125
161 126
160 127
159 127
159 128
158 129
157 130
157 131
156 132
155 133
155 134
154 135
154 136
154 137
154 138
153 139
153 140
153 141
152 142
152 143
152 144
151 145
150 146
149 146
148 146
147 146
146 146
145 146
144 146
143 146
142 146
141 146
140 146
139 146
138 146
137 145
136 145
135 144
134 144
133 144
132 144
131 144
130 143
129 142
128 142
127 142
126 141
125 141
124 141
123 141
122 141
121 140
120 139
119 138
118 138
117 138
116 138
115 138
114 138
113 138
112 137
111 136
110 135
109 135
108 135
107 135
106 135
105 135
104 134
103 133
102 133
101 132
101 131
100 131
99 131
98 131
97 132
96 131
95 130
94 130
93 129
92 128
91 128
90 128
89 128
88 129
87 128
86 128
85 128
84 127
83 127
82 126
81 126
80 125
79 125
78 125
77 125
76 125
75 126
74 125
73 125
72 125
71 125
70 124
69 124
68 124
67 124
66 123
65 123
64 123
63 123
63 124
62 125
61 125
60 125
59 125
58 125
57 125
56 125
55 125
54 125
53 125
52 125
51 125
50 126
49 127
48 127
47 127
46 127
45 127
44 127
43 128
42 128
41 128
40 129
39 130
38 131
37 131
36 131
35 131
34 132
33 132
32 133
31 133
30 133
29 134
28 134
28 135
28 136
27 137
26 137
25 137
24 138
23 138
22 139
21 140
20 140
19 141
19 142
18 143
17 144
16 145
15 145
14 146
13 147
12 148
12 149
12 150
11 151
10 152
10 153
9 154
9 155
8 156
7 157
7 158
7 159
6 160
6 161
5 162
5 163
4 164
4 165
3 166
3 167
3 168
3 169
2 170
2 171
2 172
2 173
1 174
1 175
1 176
1 177
1 178
1 179
1 180
1 181
1 182
1 183
1 184
1 185
1 186
1 187
1 188
1 189
1 190
1 191
1 192
1 193
1 194
2 195
2 196
2 197
2 198
2 199
3 200
3 201
3 202
4 203
4 204
5 205
5 206
6 207
6 208
7 209
7 210
8 211
8 212
9 213
10 214
11 215
11 216
12 217
13 218
14 219
14 220
15 221
16 222
17 222
18 223
19 224
19 225
20 225
21 226
22 226
23 226
24 226
25 225
25 224
25 223
25 222
24 222
23 221
23 220
22 220
21 219
21 218
20 217
19 216
18 215
18 214
17 213
16 212
16 211
15 210
14 209
14 208
14 207
13 206
13 205
12 204
11 203
11 202
11 201
11 200
11 199
10 198
10 197
10 196
10 195
10 194
10 193
10 192
10 191
10 190
10 189
10 188
10 187
10 186
10 185
10 184
11 183
11 182
11 181
11 180
11 179
11 178
11 177
12 176
12 175
12 174
13 173
14 173
14 172
15 171
15 170
15 169
16 168
16 167
17 166
18 165
18 164
19 163
20 162
21 161
22 161
22 160
23 159
24 158
25 157
26 156
27 155
28 154
29 154
30 153
31 152
32 151
33 151
34 150
35 149
36 149
37 148
38 147
39 147
40 147
41 147
42 147
43 146
44 146
45 145
46 145
47 145
48 145
49 145
50 145
51 145
52 145
53 144
54 144
55 144
56 144
57 145
58 145
59 145
60 145
61 145
62 144
63 144
64 145
65 145
66 145
67 145
68 146
69 146
70 146
71 146
72 146
73 146
74 147
74 148
75 149
76 149
77 149
78 150
79 150
80 150
81 150
82 151
83 151
84 152
84 153
84 154
85 154
86 154
87 154
88 155
89 155
90 156
91 156
92 156
93 157
93 158
93 159
94 159
95 160
96 160
97 161
98 161
99 161
100 162
100 163
101 163
102 164
103 164
104 165
105 165
106 166
106 167
106 168
107 168
108 168
109 168
110 169
111 169
112 170
113 170
114 170
115 171
115 172
116 172
117 173
118 173
119 173
120 174
121 174
122 174
123 174
124 175
124 176
124 177
125 177
126 177
127 177
128 177
129 177
130 177
131 177
132 178
132 179
132 180
133 180
134 180
135 180
136 180
137 180
138 180
139 180
140 180
141 181
141 182
142 182
143 182
144 182
145 182
146 182
147 182
148 182
149 182
150 182
151 183
152 183
153 184
153 185
154 185
155 186
156 187
156 188
157 188
158 189
158 190
159 190
160 191
161 192
162 193
163 194
164 194
165 195
166 196
167 196
168 197
169 198
170 198
171 199
172 200
173 200
174 201
173 202
172 203
171 203
171 204
170 205
169 205
168 205
167 206
166 206
165 206
164 206
163 206
162 207
161 207
160 206
159 206
158 206
157 206
156 207
155 207
154 206
153 206
152 205
151 205
150 204
149 204
148 204
147 204
146 204
145 204
144 204
143 204
142 205
141 206
141 207
141 208
141 209
141 210
141 211
141 212
142 213
143 214
144 215
145 215
146 216
147 216
148 216
149 216
150 217
151 217
152 218
153 219
152 220
151 220
150 220
149 220
148 221
147 222
146 222
146 223
145 224
145 225
145 226
144 227
144 228
144 229
144 230
144 231
144 232
145 232
146 232
147 233
148 233
149 233
150 233
151 233
152 233
153 233
154 233
155 232
156 232
157 233
157 234
156 235
156 236
156 237
156 238
156 239
156 240
156 241
156 242
157 242
158 243
159 243
160 244
161 244
162 244
163 244
164 243
165 243
166 242
167 241
167 240
168 239
168 238
169 237
170 237
171 238
171 239
172 240
172 241
172 242
173 242
174 243
174 244
175 245
176 245
177 246
178 246
179 246
180 246
181 246
182 246
183 246
184 246
185 246
186 246
187 246
187 245
187 244
187 243
187 242
187 241
187 240
187 239
187 238
186 237
185 236
184 236
183 235
184 234
185 234
186 234
187 234
188 234
189 234
190 234
191 234
192 234
193 234
194 234
195 233
196 232
196 231
196 230
196 229
196 228
196 227
195 226
195 225
194 224
193 224
192 224
191 223
190 222
191 221
192 221
193 221
194 220
195 220
196 220
197 219
198 219
199 219
200 219
201 219
202 218
203 218
203 217
204 216
205 216
206 216
207 215
208 215
209 214
210 213
211 213
211 212
211 211
212 210
213 210
213 209
213 208
213 207
212 206
212 205
212 204
212 203
212 202
212 201
211 200
211 199
211 198
210 197
209 196
208 195
208 194
207 193
207 192
208 191
209 191
209 190
210 189
211 189
212 189
213 189
214 189
215 189
216 189
217 188
218 187
219 186
220 186
221 186
222 187
223 187
224 187
225 187
226 186
227 185
228 184
229 184
230 183
231 183
232 183
233 183
234 182
235 182
236 181
237 180
238 180
239 179
240 178
241 178
242 177
243 177
243 176
244 175
245 174
246 173
247 173
247 172
248 171
249 170
250 170
251 170
251 169
251 168
252 167
253 166
253 165
254 164
255 163
256 162
257 161
257 160
258 159
259 159
259 158
259 157
260 156
261 155
261 154
262 153
262 152
263 151
263 150
263 149
263 148
264 147
265 146
266 146
266 145
266 144
266 143
265 142
265 141
265 140
265 139
265 138
265 137
265 136
266 135
267 134
267 133
268 132
269 132
270 132
271 133
272 133
273 133
274 133
275 133
276 133
277 133
278 134
279 134
280 134
281 134
282 135
283 135
284 136
283 137
282 138
281 139
280 140
279 141
279 142
279 143
279 144
279 145
279 146
280 147
281 148
282 149
283 149
284 150
285 150
286 150
287 150
288 149
289 149
290 148
291 147
292 146
293 147
293 148
293 149
293 150
294 151
295 151
296 151
297 152
298 152
299 152
300 152
301 152
302 151
303 151
304 150
304 149
304 148
304 147
304 146
304 145
304 144
304 143
304 142
303 141
304 140
305 140
306 141
307 141
308 141
309 141
310 141
311 141
312 141
313 140
314 140
315 140
315 139
316 138
316 137
316 136
316 135
316 134
316 133
316 132
316 131
316 130
315 129
314 129
313 128
313 127
314 126
315 125
316 124
316 123
316 122
316 121
316 120
316 119
316 118
316 117
315 116
315 115
315 114
314 114
313 113
312 113
311 113
310 113
309 113
308 113
307 114
306 115
305 115
304 116
303 115
303 114
304 113
304 112
304 111
304 110
303 109
303 108
303 107
303 106
302 105
301 105
300 104
299 104
298 104
297 104
296 105
295 105
294 105
293 106
293 107
293 108
292 109
292 110
292 111
292 112
292 113
292 114
292 115
292 116
293 117
292 118
291 118
290 118
289 117
288 116
287 116
286 115
285 115
284 114
284 113
283 113
282 113
281 112
281 111
281 110
282 109
282 108
282 107
282 106
282 105
282 104
282 103
282 102
282 101
282 100
282 99
282 98
281 97
281 96
281 95
281 94
280 93
279 92
279 91
278 90
277 89
277 88
276 88
275 87
274 86
273 85
272 84
271 83
271 82
271 81
271 80
271 79
271 78
271 77
272 76
273 76
274 75
275 74
276 74
276 73
277 72
277 71
278 70
278 69
278 68
279 67
280 66
280 65
280 64
280 63
280 62
280 61
280 60
280 59
280 58
280 57
281 56
281 55
281 54
281 53
280 52
279 51
279 50
279 49
278 48
278 47
277 46
277 45
277 44
276 43
275 42
275 41
275 40
274 39
273 38
273 37
272 36
271 35
270 34
270 33
269 32
268 31
268 30
267 29
267 28
266 28
265 27
265 26
265 25
264 24
264 23
263 22
263 21
262 20
261 19
261 18
260 17
260 16
259 15
258 14
257 13
257 12
256 11
255 10
254 9
253 8
252 7
252 6
251 6
250 5
249 4
248 3
247 2
246 2
245 2
244 1
243 1
242 1
241 1
240 1
239 1
238 1
237 1
236 1
235 1
234 1
233 1
