211 28
210 29
209 29
208 29
207 29
206 30
205 30
204 30
203 30
202 30
201 31
200 31
199 31
198 31
197 32
196 32
195 33
194 33
193 34
192 35
191 35
190 36
189 36
188 37
187 37
186 38
185 39
184 39
183 40
182 40
181 41
180 41
179 42
178 43
177 43
176 44
175 44
174 45
173 46
172 47
171 48
170 48
169 49
168 50
167 50
166 51
165 51
164 50
164 49
165 48
166 47
166 46
167 45
168 44
168 43
168 42
167 41
166 41
165 41
164 41
163 41
162 41
161 42
160 43
159 43
158 43
157 43
156 44
155 44
154 44
153 44
152 45
151 46
150 46
149 47
148 47
147 47
146 47
145 48
144 48
143 49
142 50
141 50
140 50
139 50
138 51
137 51
136 52
135 52
134 53
133 53
132 53
131 54
130 54
129 55
128 55
127 56
126 57
125 57
124 58
123 58
122 59
121 59
120 60
119 61
118 61
117 62
116 62
115 63
114 63
113 64
112 65
112 66
111 67
110 68
109 69
108 70
108 71
107 72
106 73
105 74
105 75
104 76
103 77
102 78
101 78
100 79
99 79
98 80
97 80
96 81
95 81
94 82
93 82
92 83
91 83
90 83
89 82
88 82
87 82
86 82
85 82
84 81
83 81
82 81
81 81
80 81
79 80
78 80
77 80
76 80
75 80
74 80
73 80
72 80
71 80
70 80
69 81
68 81
67 82
66 83
65 84
65 85
65 86
65 87
64 88
64 89
64 90
64 91
63 92
63 93
63 94
62 95
62 96
62 97
62 98
61 99
60 100
59 101
58 102
57 103
56 103
56 104
55 105
55 106
54 107
53 107
52 108
51 109
50 110
49 111
48 112
47 113
46 113
45 114
44 115
43 116
42 117
41 118
40 119
39 119
38 120
37 121
36 122
35 123
34 124
33 125
32 126
31 127
30 128
29 129
28 130
28 131
27 132
26 133
25 134
24 135
23 136
22 137
21 138
21 139
20 140
20 141
19 142
19 143
18 144
17 145
17 146
17 147
17 148
17 149
18 150
19 150
20 150
21 150
22 150
23 150
24 149
25 149
26 149
27 149
28 148
29 148
30 148
31 148
32 148
33 147
34 147
35 147
36 146
37 146
38 146
39 145
40 145
41 145
42 144
43 144
44 143
45 143
46 143
47 143
48 142
49 142
50 141
51 140
52 140
53 139
54 139
55 138
56 137
57 137
58 136
59 136
60 135
61 135
62 134
63 133
64 133
65 132
66 132
67 131
68 131
69 131
70 131
71 130
72 130
73 130
74 130
75 130
76 130
77 130
78 129
79 129
80 129
81 128
82 129
83 128
84 128
85 128
86 128
87 128
88 127
89 127
90 127
91 127
92 126
93 125
94 125
95 124
96 124
97 123
98 122
99 121
100 121
101 120
102 119
103 118
104 117
105 116
105 115
104 115
103 114
102 113
103 112
104 111
105 110
106 110
107 109
108 109
109 108
110 107
111 107
112 106
113 106
114 105
115 105
116 104
117 103
118 103
119 102
120 102
121 101
122 100
123 99
124 98
125 98
126 98
127 98
128 98
129 98
130 98
131 98
132 98
133 98
134 98
135 98
136 98
137 98
138 98
139 98
140 97
141 97
142 96
143 96
144 96
145 95
146 95
147 94
148 94
149 94
150 94
151 93
152 92
153 92
154 91
155 91
156 90
157 90
158 90
159 90
160 89
161 88
162 88
163 87
164 87
165 86
166 86
167 85
168 84
169 84
170 83
171 82
171 81
171 80
170 79
169 78
168 78
167 78
166 78
165 77
164 78
163 77
162 76
163 75
164 74
165 73
166 73
167 72
168 72
169 71
170 71
171 71
172 70
173 70
174 69
175 69
176 68
177 68
178 67
179 66
180 66
181 65
182 65
183 65
184 65
185 64
186 64
187 63
188 63
189 63
190 62
191 62
192 62
193 62
194 61
195 61
196 60
197 60
198 60
199 59
200 59
201 58
202 58
203 57
204 57
205 56
206 56
207 55
208 54
209 54
210 53
211 53
212 52
213 51
214 51
215 50
216 50
217 49
218 48
219 47
220 46
221 45
221 44
222 43
222 42
223 41
223 40
224 39
224 38
223 37
223 36
224 35
223 34
223 33
222 32
222 31
221 30
220 30
219 29
218 28
217 28
216 28
215 28
214 28
213 28
212 28
