649 60
648 61
647 62
646 63
645 64
644 65
643 66
642 66
641 66
640 66
639 66
638 66
637 66
636 66
635 66
634 66
633 66
632 66
631 66
630 67
629 68
628 69
627 69
626 69
625 69
624 69
623 69
622 69
621 69
620 69
619 69
618 69
617 69
616 69
615 70
615 71
615 72
615 73
614 74
613 75
612 75
611 75
610 75
609 75
608 75
607 75
606 75
605 75
604 75
603 75
602 75
601 75
600 76
599 77
598 78
597 78
596 78
595 78
594 79
593 80
592 81
591 81
590 81
589 81
588 81
587 81
586 81
585 81
584 81
583 81
582 82
582 83
582 84
582 85
581 86
580 87
579 87
578 87
577 87
576 87
575 87
574 87
573 86
572 85
571 84
570 85
569 86
568 87
567 87
566 87
565 87
564 88
563 89
562 90
561 90
560 90
559 90
558 91
557 92
556 93
555 94
554 95
553 96
552 96
551 96
550 96
549 96
548 96
547 96
546 97
545 98
544 99
543 99
542 99
541 99
540 100
539 101
538 102
537 102
536 102
535 102
534 102
533 102
532 102
531 103
530 104
529 105
528 105
527 105
526 105
525 105
524 105
523 105
522 105
521 105
520 105
519 104
518 103
517 102
516 102
515 102
514 102
513 103
512 104
511 105
510 105
509 105
508 105
507 105
506 105
505 105
504 105
503 105
502 105
501 105
500 105
499 105
498 106
497 107
496 108
495 108
494 108
493 108
492 108
491 108
490 108
489 108
488 108
487 108
486 108
485 108
484 108
483 108
482 108
481 108
480 109
479 110
478 111
477 111
476 111
475 111
474 111
473 111
472 111
471 111
470 111
469 111
468 111
467 111
466 111
465 112
464 113
463 114
462 113
461 112
460 111
459 111
458 111
457 111
456 111
455 111
454 111
453 111
452 111
451 111
450 111
449 111
448 111
447 112
446 113
445 114
444 114
443 114
442 114
441 114
440 114
439 114
438 114
437 114
436 114
435 114
434 114
433 114
432 113
431 112
432 111
433 110
434 109
435 108
436 107
437 106
438 105
439 104
440 103
441 102
442 101
443 100
444 99
445 98
446 97
447 96
448 95
449 95
450 95
451 95
452 94
453 93
454 92
455 92
456 92
457 92
458 91
459 90
460 89
461 88
462 87
463 86
464 85
464 84
464 83
464 82
464 81
464 80
464 79
464 78
464 77
464 76
463 75
462 74
461 73
460 72
459 72
458 72
457 72
456 72
455 72
454 72
453 71
452 70
451 69
450 69
449 69
448 69
447 69
446 69
445 69
444 70
443 71
442 72
441 71
440 70
439 69
438 69
437 69
436 69
435 69
434 69
433 69
432 69
431 69
430 69
429 69
428 69
427 69
426 70
425 71
424 72
423 72
422 72
421 72
420 72
419 72
418 72
417 72
416 72
415 72
414 72
413 72
412 72
411 71
410 70
409 69
408 70
407 71
406 72
405 72
404 72
403 72
402 72
401 72
400 72
399 71
398 70
397 69
396 69
395 69
394 69
393 70
392 71
391 72
390 71
389 70
388 69
387 69
386 69
385 69
384 69
383 69
382 69
381 69
380 69
379 69
378 69
377 69
376 69
375 70
374 71
373 72
372 71
371 70
370 69
369 70
368 71
367 72
366 72
365 72
364 72
363 72
362 72
361 72
360 72
359 72
358 72
357 73
357 74
357 75
357 76
356 77
355 78
354 78
353 78
352 78
351 79
350 80
349 81
348 81
347 81
346 81
345 82
344 83
343 84
342 84
341 84
340 84
339 85
339 86
339 87
339 88
338 89
337 90
336 90
335 90
334 90
333 91
333 92
333 93
333 94
332 95
331 96
330 97
329 98
328 99
327 100
326 101
325 102
324 103
325 104
326 105
327 106
327 107
327 108
327 109
327 110
327 111
327 112
326 113
325 114
324 115
323 116
322 117
321 118
320 119
319 120
318 121
317 122
316 123
315 124
314 125
313 126
312 126
311 126
310 126
309 127
308 128
307 129
306 129
305 129
304 129
303 129
302 129
301 129
300 129
299 129
298 129
297 129
296 129
295 129
294 129
293 129
292 129
291 128
290 127
290 126
290 125
290 124
290 123
290 122
290 121
290 120
290 119
290 118
290 117
290 116
290 115
290 114
290 113
290 112
290 111
290 110
290 109
290 108
290 107
290 106
289 105
288 104
287 103
286 102
285 101
284 100
283 99
282 98
281 97
281 96
281 95
281 94
280 93
279 92
278 91
278 90
278 89
278 88
277 87
276 86
275 85
275 84
275 83
275 82
274 81
273 80
272 79
271 78
270 79
269 80
268 81
267 80
266 79
265 78
264 78
263 78
262 78
261 78
260 78
259 78
258 77
257 76
256 75
255 76
254 77
253 78
252 78
251 78
250 78
249 78
248 78
247 78
246 77
245 76
244 75
243 75
242 75
241 75
240 75
239 75
238 75
237 76
236 77
235 78
234 79
233 80
232 81
231 81
230 81
229 81
228 81
227 81
226 81
225 82
224 83
223 84
222 84
221 84
220 84
219 85
219 86
219 87
219 88
218 89
217 90
216 91
215 92
214 93
213 94
212 95
211 96
210 97
210 98
210 99
210 100
210 101
210 102
210 103
210 104
210 105
210 106
210 107
210 108
210 109
209 110
208 111
207 112
208 113
209 114
210 115
209 116
208 117
207 118
207 119
207 120
207 121
207 122
207 123
207 124
206 125
205 126
204 127
204 128
204 129
204 130
204 131
204 132
204 133
204 134
204 135
204 136
204 137
204 138
204 139
204 140
204 141
204 142
203 143
202 144
201 144
200 144
199 144
198 144
197 144
196 144
195 145
194 146
193 147
192 146
191 145
190 144
189 145
189 146
189 147
189 148
188 149
187 150
186 150
185 150
184 150
183 150
182 150
181 150
180 150
179 150
178 150
177 150
176 150
175 150
174 151
173 152
172 153
171 153
170 153
169 153
168 152
167 151
166 150
165 150
164 150
163 150
162 150
161 150
160 150
159 150
158 150
157 150
156 151
155 152
154 153
153 153
152 153
151 153
150 153
149 153
148 153
147 153
146 153
145 153
144 153
143 153
142 153
141 153
140 153
139 153
138 154
137 155
136 156
135 157
134 158
133 159
132 159
131 159
130 159
129 159
128 159
127 159
126 159
125 159
124 159
123 159
122 159
121 159
120 160
119 161
118 162
117 162
116 162
115 162
114 162
113 162
112 162
111 162
110 162
109 162
108 163
107 164
106 165
105 166
104 167
103 168
102 168
101 168
100 168
99 168
98 168
97 168
96 168
95 168
94 168
93 168
92 168
91 168
90 169
89 170
88 171
87 172
86 173
85 174
84 174
83 174
82 174
81 174
80 174
79 174
78 173
77 172
76 171
75 171
74 171
73 171
72 172
72 173
72 174
72 175
71 176
70 177
69 177
68 177
67 177
66 177
65 177
64 177
63 178
62 179
61 180
60 181
59 182
58 183
57 184
56 185
55 186
54 187
53 188
52 189
51 189
50 189
49 189
48 189
47 189
46 189
45 190
44 191
43 192
42 192
41 192
40 192
39 193
38 194
37 195
36 196
35 197
34 198
33 199
32 200
31 201
30 201
29 201
28 201
27 201
26 201
25 201
24 202
23 203
22 204
21 205
22 206
23 207
24 208
23 209
22 210
21 211
21 212
21 213
21 214
20 215
19 216
18 217
19 218
20 219
21 220
21 221
21 222
21 223
22 224
23 225
24 226
25 227
26 228
27 229
27 230
27 231
27 232
28 233
29 234
30 235
31 236
32 237
33 238
34 239
35 240
36 241
37 242
38 242
39 242
40 242
41 243
42 244
43 245
44 245
45 245
46 245
47 245
48 245
49 245
50 246
51 247
52 248
53 248
54 248
55 248
56 249
57 250
58 251
59 250
60 249
61 248
62 248
63 248
64 248
65 248
66 248
67 248
68 249
69 250
70 251
71 251
72 251
73 251
74 251
75 251
76 251
77 251
78 251
79 251
80 251
81 251
82 251
83 251
84 251
85 251
86 251
87 251
88 251
89 252
90 253
91 254
92 254
93 254
94 254
95 253
96 252
97 251
98 251
99 251
100 251
101 252
102 253
103 254
104 254
105 254
106 254
107 254
108 254
109 254
110 255
111 256
112 257
113 256
114 255
115 254
116 254
117 254
118 254
119 254
120 254
121 254
122 254
123 254
124 254
125 254
126 254
127 254
128 253
129 252
130 251
131 251
132 251
133 251
134 251
135 251
136 251
137 251
138 251
139 251
140 251
141 251
142 251
143 251
144 251
145 251
146 251
147 251
148 251
149 251
150 251
151 251
152 251
153 251
154 251
155 251
156 251
157 251
158 251
159 251
160 251
161 251
162 251
163 251
164 250
165 249
166 248
167 248
168 248
169 248
170 248
171 248
172 248
173 248
174 248
175 248
176 248
177 248
178 248
179 248
180 248
181 248
182 248
183 248
184 248
185 249
186 250
186 251
186 252
186 253
186 254
186 255
186 256
187 257
188 258
189 259
189 260
189 261
189 262
189 263
189 264
189 265
189 266
189 267
189 268
190 269
191 270
192 271
193 272
194 272
195 272
196 272
197 272
198 272
199 272
200 272
201 272
202 272
203 272
204 272
205 272
206 272
207 272
208 272
209 272
210 272
211 272
212 271
213 270
214 269
215 268
216 267
217 266
218 266
219 266
220 266
221 266
222 266
223 266
224 266
225 266
226 266
227 266
228 266
229 266
230 266
231 266
232 266
233 265
234 264
235 263
236 263
237 263
238 263
239 263
240 263
241 263
242 263
243 263
244 263
245 263
246 263
247 263
248 263
249 263
250 263
251 262
252 261
253 260
254 260
255 260
256 260
257 260
258 260
259 260
260 260
261 260
262 260
263 260
264 260
265 260
266 260
267 260
268 260
269 259
270 258
271 257
272 256
273 255
274 254
275 255
276 256
277 257
278 257
279 257
280 257
281 257
282 257
283 257
284 256
285 255
286 254
287 253
288 252
289 251
290 252
291 253
292 254
293 253
294 252
295 251
296 251
297 251
298 251
299 250
299 249
299 248
299 247
298 246
297 245
296 244
295 243
294 243
293 243
292 243
291 242
290 241
289 240
288 240
287 240
286 240
285 240
284 240
283 240
282 241
281 242
280 243
279 242
278 241
277 240
276 240
275 240
274 240
273 240
272 240
271 240
270 240
269 240
268 240
267 240
266 240
265 240
264 240
263 240
262 240
261 240
260 240
259 240
258 240
257 240
256 240
255 240
254 240
253 240
252 240
251 240
250 240
249 241
248 242
247 243
246 243
245 243
244 243
243 243
242 243
241 243
240 243
239 243
238 243
237 243
236 243
235 243
234 244
233 245
232 246
231 246
230 246
229 246
228 246
227 246
226 246
225 245
224 244
225 243
226 242
227 242
228 242
229 242
230 241
231 240
232 239
233 239
234 239
235 239
236 239
237 239
238 239
239 239
240 239
241 239
242 239
243 239
244 239
245 238
246 237
247 236
248 235
249 234
250 233
251 233
252 233
253 233
254 233
255 233
256 233
257 233
258 233
259 233
260 233
261 233
262 233
263 233
264 233
265 233
266 232
267 231
268 230
269 230
270 230
271 230
272 230
273 230
274 230
275 230
276 230
277 230
278 230
279 230
280 230
281 229
282 228
283 227
284 227
285 227
286 227
287 227
288 227
289 227
290 226
291 225
292 224
293 224
294 224
295 224
296 224
297 224
298 224
299 223
300 222
301 221
302 221
303 221
304 221
305 221
306 221
307 221
308 221
309 221
310 221
311 221
312 221
313 221
314 221
315 221
316 221
317 220
318 219
319 218
320 218
321 218
322 218
323 218
324 218
325 218
326 218
327 218
328 218
329 217
330 216
331 215
332 215
333 215
334 215
335 216
336 217
337 218
338 219
339 220
339 221
339 222
339 223
340 224
341 225
342 226
343 227
344 228
345 229
346 230
347 230
348 230
349 230
350 230
351 230
352 230
353 231
354 232
355 233
356 234
357 235
358 236
359 236
360 236
361 236
362 237
363 238
364 239
365 239
366 239
367 239
368 239
369 239
370 239
371 239
372 239
373 239
374 239
375 239
376 239
377 240
378 241
379 242
380 242
381 242
382 242
383 242
384 242
385 242
386 241
387 240
388 239
389 239
390 239
391 239
392 239
393 239
394 239
395 239
396 239
397 239
398 239
399 239
400 239
401 239
402 239
403 239
404 238
405 237
406 236
407 235
408 234
409 233
410 233
411 233
412 233
413 233
414 233
415 233
416 232
417 231
418 230
419 229
420 228
421 227
422 227
423 227
424 227
425 227
426 227
427 227
428 227
429 227
430 227
431 226
432 225
433 224
434 224
435 224
436 224
437 223
438 222
439 221
440 220
441 219
442 218
443 217
444 216
445 215
446 215
447 215
448 215
449 215
450 215
451 215
452 215
453 215
454 215
455 214
455 213
455 212
455 211
456 210
457 209
458 208
459 207
460 206
461 205
462 204
463 203
464 202
464 201
464 200
464 199
463 198
462 197
461 196
460 195
459 195
458 195
457 195
456 195
455 195
454 195
453 195
452 195
451 195
450 195
449 195
448 195
447 194
446 193
445 192
444 192
443 192
442 192
441 191
440 190
439 189
438 189
437 189
436 189
435 189
434 188
434 187
434 186
434 185
434 184
435 183
436 182
437 182
438 182
439 182
440 182
441 182
442 182
443 182
444 182
445 182
446 182
447 182
448 182
449 182
450 182
451 182
452 181
453 180
454 179
455 179
456 179
457 179
458 179
459 179
460 179
461 179
462 179
463 179
464 179
465 179
466 179
467 179
468 179
469 179
470 178
471 177
472 176
473 176
474 176
475 176
476 175
477 174
478 173
479 173
480 173
481 173
482 172
483 171
484 170
485 170
486 170
487 170
488 170
489 170
490 170
491 170
492 170
493 170
494 170
495 170
496 170
497 170
498 170
499 170
500 169
501 168
502 167
503 167
504 167
505 167
506 167
507 167
508 167
509 167
510 167
511 167
512 167
513 167
514 167
515 167
516 167
517 167
518 166
519 165
520 164
521 164
522 164
523 164
524 164
525 164
526 164
527 164
528 164
529 164
530 164
531 164
532 164
533 164
534 164
535 164
536 163
537 162
538 161
539 161
540 161
541 161
542 161
543 161
544 161
545 161
546 161
547 161
548 161
549 161
550 161
551 160
552 159
553 158
554 158
555 158
556 158
557 158
558 158
559 158
560 158
561 158
562 158
563 158
564 158
565 158
566 158
567 158
568 158
569 157
570 156
571 155
572 155
573 155
574 155
575 156
576 157
577 158
578 158
579 158
580 158
581 158
582 158
583 158
584 158
585 158
586 158
587 157
588 156
589 155
590 155
591 155
592 155
593 155
594 155
595 155
596 156
597 157
598 158
599 158
600 158
601 158
602 158
603 158
604 158
605 157
606 156
607 155
608 155
609 155
610 155
611 156
612 157
613 158
614 158
615 158
616 158
617 158
618 158
619 158
620 157
621 156
622 155
623 155
624 155
625 155
626 156
627 157
628 158
629 158
630 158
631 158
632 158
633 158
634 158
635 158
636 158
637 158
638 158
639 158
640 158
641 158
642 158
643 158
644 158
645 158
646 158
647 158
648 158
649 158
650 159
651 160
652 161
653 161
654 161
655 161
656 160
657 159
658 158
659 158
660 158
661 158
662 158
663 158
664 158
665 158
666 158
667 158
668 158
669 158
670 158
671 158
672 158
673 158
674 157
675 156
676 155
677 154
678 153
679 152
680 151
680 150
680 149
680 148
680 147
680 146
680 145
680 144
680 143
680 142
679 141
678 140
677 139
676 138
675 137
674 136
673 135
672 135
671 135
670 135
669 134
668 133
668 132
668 131
668 130
668 129
668 128
668 127
668 126
668 125
668 124
668 123
668 122
668 121
668 120
668 119
668 118
668 117
668 116
668 115
668 114
668 113
668 112
668 111
668 110
668 109
668 108
668 107
668 106
667 105
666 105
665 105
664 105
663 104
662 103
662 102
662 101
662 100
662 99
662 98
662 97
663 96
664 95
665 94
665 93
665 92
665 91
665 90
665 89
665 88
665 87
665 86
665 85
665 84
665 83
665 82
665 81
665 80
665 79
666 78
667 77
668 76
668 75
668 74
668 73
668 72
668 71
668 70
667 69
666 69
665 69
664 69
663 68
662 67
661 66
660 65
659 64
658 63
657 63
656 63
655 63
654 62
653 61
652 60
651 60
650 60
