265 16
264 17
263 17
262 17
261 17
260 17
259 17
258 17
257 17
256 17
255 17
254 17
253 17
252 18
251 18
250 18
249 18
248 18
247 19
246 19
245 19
244 19
243 19
242 20
241 21
240 21
239 21
238 21
237 21
236 21
235 22
234 23
233 23
232 23
231 24
230 24
229 25
228 25
227 25
226 26
225 27
224 27
223 28
222 28
221 28
220 29
219 30
218 31
217 31
216 31
215 32
214 33
213 33
212 34
211 34
210 35
209 36
208 37
207 37
206 38
205 38
204 38
203 39
202 39
201 39
200 39
199 39
198 39
197 40
196 40
195 40
194 39
194 38
195 37
196 37
197 36
198 35
199 34
200 33
201 33
202 32
203 31
204 31
205 30
206 30
207 29
208 28
209 28
210 27
210 26
209 25
209 24
208 23
207 23
206 23
205 23
204 22
203 21
202 21
201 21
200 21
199 20
198 20
197 20
196 20
195 20
194 20
193 20
192 20
191 20
190 20
189 20
188 20
187 20
186 20
185 20
184 20
183 21
182 21
181 21
180 21
179 21
178 22
177 22
176 22
175 22
174 22
173 22
172 22
171 22
170 22
169 23
168 23
167 24
166 24
165 24
164 24
163 24
162 24
161 24
160 25
159 25
158 25
157 25
156 26
155 26
154 26
153 26
152 26
151 26
150 27
149 27
148 27
147 27
146 27
145 27
144 28
143 29
142 29
141 29
140 29
139 30
138 30
137 31
136 31
135 31
134 32
133 32
132 33
131 34
130 34
129 35
128 36
127 37
126 37
125 38
124 39
123 40
122 41
122 42
121 43
120 44
120 45
120 46
119 47
118 48
118 49
117 50
116 51
115 52
114 51
113 50
112 49
112 48
112 47
111 46
111 45
110 45
109 44
109 43
108 42
108 41
107 40
106 39
105 38
104 37
103 36
102 36
101 35
100 35
99 36
98 36
97 35
96 35
95 35
94 35
93 36
92 36
91 36
90 36
89 37
88 37
87 38
86 39
85 40
84 41
84 42
83 43
83 44
82 45
82 46
82 47
82 48
81 49
81 50
80 51
80 52
80 53
80 54
79 55
78 56
78 57
77 58
76 59
75 59
74 59
73 59
72 60
71 60
70 60
69 60
68 60
67 61
66 62
65 62
64 62
63 62
62 62
61 63
60 63
59 63
58 63
57 63
56 63
55 64
54 64
53 64
52 64
51 64
50 64
49 65
48 65
47 65
46 65
45 65
44 65
43 66
42 66
41 66
40 67
39 67
38 68
37 68
36 68
35 68
34 68
33 68
32 69
31 69
30 69
29 69
28 70
27 71
26 71
25 71
24 71
23 71
22 72
21 72
20 72
19 73
18 73
17 74
16 75
15 75
14 75
13 76
12 76
11 77
10 78
9 79
8 80
7 81
7 82
8 83
9 84
9 85
8 86
7 87
8 88
9 88
10 89
11 90
12 90
13 91
14 91
15 91
16 92
17 92
18 92
19 92
20 92
21 92
22 93
23 93
24 93
25 93
26 94
27 94
28 94
29 94
30 94
31 94
32 94
33 95
34 95
35 95
36 95
37 95
38 95
39 95
40 95
41 95
42 95
43 95
44 95
45 95
46 95
47 94
48 94
49 94
50 94
51 94
52 94
53 93
54 93
55 93
56 93
57 93
58 93
59 93
60 93
61 93
62 93
63 94
64 95
65 96
66 96
67 97
68 97
69 97
70 96
71 96
72 96
73 97
74 97
75 97
76 96
77 96
78 96
79 96
80 96
81 96
82 95
83 95
84 95
85 95
86 95
87 95
88 94
89 94
90 94
91 94
92 94
93 93
94 93
95 93
96 93
97 93
98 93
99 92
100 92
101 92
102 91
103 90
102 89
101 88
100 88
99 87
99 86
100 85
101 85
102 85
103 85
104 84
105 84
106 84
107 84
108 84
109 84
110 83
111 83
112 83
113 83
114 83
115 82
116 81
117 81
118 81
119 81
120 81
121 80
122 80
123 80
124 80
125 80
126 79
127 79
128 79
129 79
130 79
131 78
132 77
133 77
134 77
135 77
136 78
137 78
138 79
139 79
140 79
141 80
142 80
143 80
144 80
145 80
146 81
147 81
148 82
149 82
150 82
151 82
152 82
153 82
154 82
155 82
156 82
157 82
158 82
159 82
160 82
161 82
162 81
163 81
164 81
165 80
166 80
167 79
168 79
169 79
170 79
171 79
172 78
173 78
174 78
175 78
176 78
177 78
178 77
179 76
180 76
181 76
182 76
183 76
184 75
185 75
186 75
187 75
188 74
189 73
190 73
191 73
192 73
193 73
194 72
195 72
196 71
197 71
198 71
199 71
200 70
201 69
202 69
203 69
204 68
205 68
206 67
207 66
208 66
209 66
210 65
210 64
211 63
211 62
210 61
209 61
208 61
207 61
206 61
205 60
204 60
203 60
202 60
201 60
200 60
199 60
198 59
197 58
198 57
199 57
200 56
201 56
202 56
203 56
204 56
205 56
206 56
207 56
208 56
209 56
210 55
211 55
212 55
213 55
214 56
215 56
216 55
217 55
218 56
219 56
220 56
221 56
222 56
223 56
224 56
225 56
226 56
227 56
228 56
229 56
230 56
231 56
232 56
233 55
234 55
235 55
236 55
237 56
238 56
239 55
240 55
241 55
242 55
243 55
244 55
245 54
246 54
247 54
248 54
249 54
250 54
251 53
252 53
253 53
254 53
255 53
256 52
257 52
258 52
259 52
260 52
261 52
262 51
263 51
264 51
265 51
266 51
267 50
268 50
269 49
270 49
271 48
272 48
273 48
274 47
275 46
276 46
277 46
278 45
279 44
280 44
281 43
282 43
283 42
284 42
285 41
286 40
287 40
288 39
289 38
289 37
290 36
291 35
292 34
292 33
292 32
293 31
293 30
293 29
293 28
293 27
293 26
292 25
292 24
291 23
290 23
289 23
288 23
287 22
286 22
285 21
284 21
283 20
282 20
281 20
280 19
279 19
278 18
277 18
276 17
275 17
274 17
273 17
272 17
271 17
270 16
269 16
268 16
267 16
266 16
