139 30
138 31
137 31
136 32
135 33
135 34
134 35
133 36
132 36
131 37
130 37
129 38
128 38
127 39
126 40
125 41
124 42
123 42
122 43
121 43
120 44
119 44
118 45
117 46
116 47
115 48
114 49
113 50
113 51
112 52
112 53
111 54
110 55
109 56
108 57
107 58
106 59
105 60
104 61
103 62
103 63
102 64
102 65
101 66
101 67
100 68
100 69
101 70
101 71
100 72
99 73
98 74
98 75
97 76
97 77
97 78
96 79
96 80
95 81
95 82
94 83
93 83
92 84
91 84
90 84
89 84
88 84
87 84
86 84
85 84
84 85
83 85
82 85
81 85
80 85
79 85
78 85
77 85
76 86
75 86
74 87
73 87
72 88
71 88
70 88
69 89
68 89
67 90
66 90
65 90
64 90
63 90
62 90
61 90
60 91
59 92
58 93
57 93
56 93
55 93
54 93
53 93
52 94
51 95
50 96
49 96
48 96
47 96
46 96
45 96
44 97
43 98
42 98
41 98
40 98
39 97
38 97
37 97
36 97
35 97
34 98
33 98
32 99
31 99
30 99
29 100
28 101
27 102
27 103
27 104
27 105
27 106
26 107
25 108
24 109
23 109
22 110
21 110
20 111
19 112
19 113
18 114
17 115
16 115
15 115
14 115
13 116
12 117
11 118
11 119
11 120
12 121
13 122
13 123
13 124
14 125
14 126
15 127
16 128
17 129
18 130
18 131
19 132
20 133
21 134
22 134
23 135
24 135
25 136
26 136
27 137
28 137
29 137
30 137
31 137
32 137
33 138
34 138
35 139
36 139
37 140
38 140
39 139
40 139
41 139
42 139
43 140
44 140
45 140
46 140
47 140
48 140
49 140
50 140
51 140
52 140
53 140
54 140
55 140
56 140
57 140
58 140
59 140
60 140
61 140
62 140
63 141
64 141
65 141
66 141
67 140
68 140
69 140
70 140
71 140
72 140
73 140
74 139
75 139
76 139
77 139
78 140
79 140
80 140
81 140
82 140
83 140
84 141
85 141
86 142
87 142
88 143
89 144
90 144
91 145
92 145
93 145
94 146
95 146
96 147
97 147
98 148
99 148
100 148
101 148
102 148
103 148
104 148
105 148
106 148
107 148
108 148
109 147
110 147
111 146
112 146
113 146
114 146
115 146
116 146
117 145
118 145
119 145
120 145
121 145
122 145
123 145
124 145
125 144
126 144
127 143
128 143
129 143
130 143
131 143
132 143
133 143
134 143
135 142
136 142
137 142
138 142
139 143
140 143
141 143
142 143
143 143
144 142
145 142
146 142
147 142
148 142
149 142
150 142
151 141
152 141
153 140
154 140
155 140
156 140
156 139
155 138
154 137
153 136
152 136
151 135
150 135
149 136
148 136
147 136
146 136
145 136
144 136
143 136
142 137
141 137
140 138
139 138
138 138
137 137
136 137
135 136
134 136
133 137
132 137
131 138
130 138
129 138
128 138
127 138
126 138
125 139
124 139
123 139
122 139
121 139
120 139
119 138
118 138
117 138
116 139
115 139
114 139
113 139
112 139
111 139
110 139
109 139
108 139
107 138
107 137
108 136
109 136
110 136
111 136
112 136
113 136
114 136
115 135
116 135
117 134
118 134
119 134
120 134
121 134
122 134
123 134
124 134
125 133
126 133
127 133
128 133
129 133
130 133
131 133
132 133
133 132
134 132
135 131
136 131
137 131
138 130
139 130
140 130
141 130
142 129
143 129
144 128
145 128
146 128
147 129
148 129
149 130
150 130
151 130
152 129
153 129
154 129
155 130
156 130
157 131
158 131
159 131
160 131
161 132
162 132
163 133
164 133
165 134
166 134
167 134
168 134
169 134
170 134
171 134
172 134
173 135
174 135
175 136
176 135
177 135
178 134
179 134
180 134
181 134
182 134
183 134
184 133
185 132
186 131
187 131
188 131
189 131
190 131
191 131
192 131
193 131
194 130
195 130
196 129
197 129
198 128
199 128
200 128
201 128
202 128
203 127
204 127
205 126
206 126
207 125
208 125
209 125
210 125
211 125
212 124
213 124
214 124
215 124
216 124
217 123
218 122
219 121
220 121
221 121
222 121
223 120
224 120
225 119
226 119
227 118
228 118
229 118
230 117
231 117
232 116
233 115
234 114
234 113
234 112
234 111
233 110
233 109
232 108
231 108
230 108
229 108
228 108
227 108
226 107
225 106
226 105
227 105
228 104
229 104
230 104
231 104
232 104
233 104
234 104
234 103
235 102
236 101
237 101
238 101
239 101
240 101
241 101
242 101
243 100
244 100
245 100
246 100
247 100
248 100
249 100
250 99
251 99
252 98
253 98
254 99
255 99
256 100
257 100
258 100
259 99
260 99
261 98
262 98
263 98
264 98
265 98
266 98
267 98
268 98
269 97
270 97
271 97
272 97
273 97
274 97
275 97
276 97
277 96
278 96
279 95
280 95
281 95
282 95
283 95
284 94
285 93
286 92
287 92
288 92
289 92
290 92
291 92
292 92
293 91
294 90
295 89
296 89
297 88
298 87
298 86
299 85
300 84
300 83
301 82
301 81
302 80
303 79
304 78
305 77
306 76
307 75
308 74
309 73
310 72
310 71
310 70
309 69
308 68
308 67
308 66
308 65
308 64
307 63
307 62
307 61
307 60
307 59
306 58
306 57
305 56
305 55
305 54
304 53
303 52
302 52
301 52
300 52
299 51
298 51
297 50
296 50
295 49
294 49
293 48
292 48
291 47
290 47
289 47
288 47
287 47
286 46
285 46
284 45
283 45
282 44
281 44
280 44
279 44
278 45
277 45
276 45
275 45
274 45
273 45
272 46
271 46
270 46
269 46
268 46
267 47
266 47
265 48
264 49
263 50
262 51
261 51
260 52
259 52
258 52
257 52
256 53
255 54
254 55
253 55
252 56
251 56
250 57
249 57
248 57
247 58
246 59
245 60
244 60
243 60
242 61
241 61
240 62
239 62
238 63
237 63
236 64
235 64
234 65
233 65
232 66
231 66
230 67
229 67
228 67
227 67
226 67
225 67
224 67
223 67
222 68
221 68
220 69
219 69
218 69
217 69
216 69
215 69
214 69
213 70
212 70
211 70
210 70
209 70
208 70
207 70
206 69
206 68
207 67
208 67
209 66
210 66
211 65
212 65
213 64
214 64
215 64
216 64
217 63
218 62
219 61
220 60
221 59
221 58
221 57
221 56
221 55
220 54
219 53
218 53
217 52
216 52
215 52
214 51
213 51
212 51
211 51
210 51
209 51
208 51
207 50
206 50
205 49
204 50
203 50
202 50
201 49
200 49
199 48
198 48
197 47
196 47
195 47
194 47
193 47
192 46
191 46
190 46
189 46
188 46
187 45
186 45
185 46
184 46
183 46
182 46
181 46
180 46
179 46
178 45
177 45
176 46
175 46
174 46
173 46
172 46
171 46
170 46
169 47
168 47
167 48
166 48
165 48
164 48
163 48
162 48
161 48
160 49
159 50
158 51
157 51
156 51
155 51
154 51
153 52
153 53
152 54
152 55
151 56
150 57
149 58
148 59
147 60
146 61
145 62
144 63
144 64
143 65
142 66
141 67
141 68
141 69
141 70
140 71
140 72
139 73
139 74
138 75
137 76
136 76
135 75
135 74
134 73
134 72
135 71
135 70
135 69
134 68
133 67
133 66
133 65
132 64
132 63
132 62
133 61
133 60
133 59
133 58
133 57
133 56
134 55
134 54
134 53
134 52
134 51
134 50
134 49
135 48
135 47
135 46
135 45
135 44
136 43
137 42
138 41
139 41
140 40
140 39
140 38
140 37
141 36
141 35
141 34
141 33
141 32
142 31
141 30
140 30
