531 92
530 93
529 93
528 93
527 93
526 93
525 93
525 94
524 95
523 95
522 96
521 96
520 95
519 95
518 95
517 95
517 96
516 97
515 97
514 98
513 98
512 99
511 99
511 100
510 101
509 101
509 102
508 103
507 103
507 104
506 105
505 105
504 106
503 106
502 107
502 108
501 109
500 110
499 110
498 111
498 112
497 113
497 114
496 115
495 115
495 116
494 117
493 117
493 118
492 119
491 119
490 120
489 120
488 121
488 122
487 123
487 124
486 125
486 126
485 127
485 128
484 129
483 129
483 130
482 131
481 131
481 132
480 133
480 134
480 135
480 136
479 137
478 138
477 138
476 139
476 140
476 141
476 142
475 143
475 144
475 145
475 146
475 147
474 148
473 148
472 149
472 150
471 151
471 152
470 153
469 153
469 154
469 155
469 156
469 157
469 158
468 159
468 160
467 161
467 162
466 163
465 163
465 164
464 165
464 166
464 167
464 168
463 169
463 170
462 171
462 172
462 173
462 174
461 175
461 176
460 177
460 178
460 179
460 180
459 181
459 182
458 183
458 184
457 185
457 186
456 187
455 187
455 188
455 189
455 190
455 191
455 192
454 193
453 193
453 194
452 195
452 196
452 197
452 198
451 199
451 200
450 201
449 201
449 202
448 203
448 204
447 205
447 206
446 207
445 207
445 208
444 209
443 209
443 210
442 211
442 212
442 213
442 214
441 215
440 216
439 216
438 217
438 218
437 219
436 220
435 220
434 220
433 220
432 221
432 222
431 223
430 223
429 223
428 223
428 224
427 225
427 226
426 227
425 227
425 228
424 229
423 229
423 230
422 231
421 231
420 231
419 231
418 231
418 232
417 233
417 234
416 235
415 235
414 236
413 236
412 236
411 236
410 237
409 237
408 237
407 236
407 235
408 234
408 233
408 232
408 231
407 230
407 229
407 228
407 227
407 226
407 225
406 224
406 223
406 222
406 221
407 220
408 220
408 219
408 218
408 217
407 216
407 215
407 214
407 213
408 212
408 211
409 210
409 209
408 208
408 207
408 206
409 205
410 205
410 204
410 203
410 202
410 201
411 200
412 200
412 199
413 198
413 197
413 196
413 195
413 194
413 193
414 192
414 191
414 190
414 189
414 188
414 187
415 186
416 186
416 185
417 184
417 183
418 182
418 181
419 180
419 179
419 178
419 177
420 176
420 175
421 174
421 173
422 172
422 171
423 170
423 169
423 168
423 167
423 166
423 165
423 164
423 163
424 162
425 161
426 161
426 160
425 160
424 159
424 158
424 157
424 156
424 155
424 154
424 153
424 152
424 151
423 151
422 150
421 150
420 149
419 149
418 148
418 147
417 147
416 147
415 147
414 148
413 148
412 148
411 148
410 148
409 148
408 149
407 149
406 149
405 149
404 149
403 149
402 150
401 150
400 151
399 151
399 152
398 153
397 153
396 154
395 154
394 154
393 154
392 154
391 154
390 155
389 155
388 155
387 155
386 155
385 155
385 156
384 157
383 157
382 158
381 158
380 159
379 159
378 160
377 160
376 161
375 161
375 162
374 163
373 163
372 163
371 163
370 163
369 163
369 164
368 165
367 165
366 166
365 166
364 166
363 166
362 167
361 167
360 168
359 168
358 169
358 170
357 171
356 172
355 172
354 172
353 172
352 173
352 174
351 175
350 176
349 176
348 176
347 176
346 177
345 177
345 178
344 179
343 179
342 180
341 180
340 181
339 181
338 182
337 182
336 183
336 184
335 185
334 186
333 186
332 187
331 187
331 188
330 189
330 190
329 191
328 191
327 191
326 191
325 191
325 192
324 193
323 194
322 195
321 195
321 196
320 197
320 198
319 199
318 200
317 200
316 201
315 201
315 202
314 203
313 203
313 204
312 205
311 205
310 206
309 206
308 207
308 208
307 209
307 210
306 211
305 211
305 212
304 213
303 213
303 214
302 215
301 215
301 216
300 217
299 217
299 218
298 219
297 219
297 220
296 221
295 221
295 222
294 223
293 223
293 224
292 225
291 225
290 226
289 226
288 227
288 228
287 229
287 230
286 231
286 232
285 233
284 234
283 234
282 235
282 236
281 237
281 238
280 239
279 239
279 240
278 241
278 242
277 243
276 244
275 244
274 245
273 245
273 246
272 247
272 248
272 249
272 250
271 251
270 252
269 251
270 252
269 253
269 254
268 255
267 255
267 256
266 257
265 257
265 258
264 259
263 259
263 260
262 261
261 261
261 262
260 263
259 263
259 264
258 265
257 265
257 266
256 267
255 267
255 268
254 269
254 270
253 271
253 272
252 273
252 274
252 275
252 276
251 277
251 278
250 279
250 280
250 281
250 282
249 283
249 284
248 285
248 286
248 287
248 288
248 289
248 290
247 291
247 292
246 293
245 293
245 294
245 295
245 296
246 297
246 298
246 299
246 300
246 301
246 302
245 303
245 304
245 305
245 306
245 307
245 308
244 309
244 310
244 311
244 312
245 313
245 314
245 315
244 316
243 316
242 317
242 318
243 319
243 320
243 321
243 322
243 323
243 324
243 325
243 326
242 327
241 327
241 328
241 329
241 330
241 331
241 332
241 333
241 334
242 335
242 336
242 337
242 338
241 339
240 339
239 339
238 338
237 338
236 337
235 337
234 336
234 335
233 334
233 333
233 332
233 331
232 330
232 329
231 328
231 327
231 326
231 325
230 324
230 323
230 322
230 321
230 320
230 319
229 318
229 317
230 316
230 315
230 314
230 313
229 312
230 311
230 310
229 309
229 308
230 307
229 308
229 309
230 310
230 311
229 312
228 312
227 312
226 313
225 313
224 314
223 314
222 313
221 312
221 311
220 310
220 309
220 308
220 307
220 306
220 305
220 304
220 303
221 302
221 301
220 300
219 299
219 298
220 297
219 298
219 299
220 300
219 301
218 302
217 302
216 303
215 303
215 304
214 305
213 305
212 306
211 306
210 305
209 304
209 303
210 302
210 301
210 300
209 300
208 299
208 298
208 297
208 296
208 295
207 294
207 293
207 292
208 291
208 290
207 289
207 288
208 287
207 288
207 289
208 290
208 291
207 292
206 292
205 292
204 293
203 293
203 294
202 295
201 295
201 296
200 297
199 297
198 297
197 297
196 296
196 295
195 294
195 293
195 292
195 291
195 290
195 289
194 289
194 290
193 291
193 292
192 293
191 294
190 295
190 296
190 297
190 298
190 299
190 300
189 301
189 302
188 303
187 303
187 304
186 305
186 306
186 307
186 308
186 309
186 310
185 311
184 312
183 312
182 311
181 310
181 309
180 309
179 309
179 310
178 311
178 312
178 313
178 314
178 315
178 316
178 317
178 318
178 319
178 320
177 321
177 322
177 323
177 324
178 325
178 326
177 327
177 328
176 329
176 330
176 331
176 332
177 333
177 334
177 335
177 336
176 337
176 338
176 339
176 340
175 341
175 342
174 343
173 343
172 343
171 342
171 341
171 340
171 339
170 339
170 340
169 341
169 342
169 343
169 344
169 345
169 346
169 347
169 348
169 349
169 350
168 351
167 351
167 352
167 353
167 354
168 355
168 356
168 357
168 358
168 359
168 360
168 361
168 362
168 363
168 364
167 365
167 366
167 367
168 367
169 368
169 369
169 370
168 371
168 372
168 373
168 374
168 375
168 376
168 377
168 378
167 379
167 380
167 381
168 381
169 382
169 383
169 384
168 385
168 386
169 387
169 388
169 389
169 390
168 391
168 392
167 393
166 394
165 394
164 395
164 396
163 397
162 398
161 398
160 399
159 399
159 400
158 401
158 402
157 403
156 404
155 404
154 405
154 406
153 407
152 408
151 408
150 409
149 409
149 410
148 411
147 411
147 412
146 413
145 413
145 414
144 415
144 416
143 417
142 418
141 418
140 419
139 419
139 420
139 421
139 422
139 423
138 424
137 424
136 425
136 426
135 427
135 428
135 429
135 430
135 431
134 432
133 432
132 433
131 433
131 434
130 435
129 435
129 436
128 437
128 438
128 439
128 440
127 441
126 442
125 442
124 443
123 443
123 444
123 445
123 446
123 447
123 448
122 449
121 449
121 450
120 451
119 451
119 452
119 453
119 454
119 455
118 456
117 456
116 457
115 457
115 458
115 459
115 460
115 461
115 462
114 463
114 464
113 465
113 466
112 467
111 467
111 468
110 469
109 469
109 470
108 471
108 472
108 473
108 474
107 475
107 476
106 477
106 478
106 479
106 480
105 481
105 482
104 483
104 484
103 485
103 486
102 487
102 488
102 489
102 490
101 491
101 492
100 493
100 494
99 495
99 496
98 497
98 498
97 499
96 500
95 500
94 501
93 501
93 502
92 503
92 504
91 505
90 506
89 506
88 507
88 508
88 509
88 510
88 511
88 512
88 513
88 514
87 515
86 516
85 516
85 517
85 518
85 519
85 520
84 521
84 522
83 523
83 524
82 525
82 526
82 527
82 528
82 529
82 530
81 531
81 532
80 533
79 533
79 534
78 535
78 536
78 537
78 538
77 539
76 540
75 540
75 541
75 542
76 543
76 544
77 545
78 545
79 546
79 547
79 548
78 549
78 550
78 551
78 552
78 553
78 554
79 555
79 556
80 556
81 557
82 557
83 557
84 557
85 557
86 557
87 556
88 556
89 555
90 555
91 555
92 555
93 555
94 555
95 555
96 555
97 554
98 554
99 553
100 553
101 554
102 554
103 554
104 554
105 554
106 555
106 556
105 557
104 558
103 558
102 559
101 559
101 560
100 561
99 561
98 561
97 561
96 561
96 562
95 563
94 564
93 564
92 565
91 565
91 566
90 567
90 568
91 569
91 570
92 571
92 572
93 572
94 572
95 571
96 571
97 572
98 572
99 573
100 573
101 573
102 573
103 573
104 573
105 573
106 573
107 572
108 572
109 572
110 572
111 573
112 573
113 572
114 572
115 571
116 571
117 571
118 571
119 571
120 571
121 570
122 570
123 570
124 570
125 570
126 570
127 569
128 569
129 569
130 569
131 568
132 568
133 567
134 567
135 567
136 567
137 567
138 567
139 566
140 566
141 566
142 566
143 566
144 566
144 565
145 564
146 564
147 564
148 564
149 564
150 564
150 563
151 562
152 562
153 561
154 561
155 560
156 560
156 559
157 558
158 558
159 558
160 558
161 558
162 558
162 557
163 556
164 556
164 555
165 554
166 554
166 553
167 552
168 552
169 551
170 551
171 550
172 550
172 549
173 548
174 548
175 548
176 548
177 548
178 548
178 547
179 546
180 546
180 545
181 544
182 544
182 543
183 542
184 542
185 541
186 541
187 540
188 540
188 539
189 538
190 538
191 537
192 537
193 536
193 535
194 534
195 533
196 533
197 533
198 533
199 532
199 531
200 530
201 529
202 529
203 528
203 527
204 526
205 525
206 525
207 524
208 524
208 523
209 522
209 521
210 520
211 519
212 519
213 518
213 517
214 516
215 515
216 515
217 514
218 514
219 513
220 513
221 512
222 512
222 511
223 510
224 510
224 509
225 508
226 508
226 507
227 506
228 506
228 505
229 504
229 503
230 502
231 502
232 502
233 503
234 503
235 502
236 502
237 501
238 501
239 501
240 501
241 501
242 501
243 502
244 502
245 502
246 502
247 501
248 501
249 501
250 501
251 501
252 501
253 501
254 501
255 501
256 501
257 501
258 501
259 501
260 501
261 501
262 501
263 500
264 500
265 500
266 500
267 500
268 500
269 499
270 499
271 500
272 500
273 500
274 500
274 499
275 498
276 498
277 498
278 498
279 499
280 499
281 499
282 499
283 498
284 498
285 498
286 498
287 498
288 498
289 497
290 497
291 497
292 497
293 496
294 496
295 495
296 495
297 496
298 496
299 496
300 496
300 495
301 494
302 494
303 494
304 494
305 494
305 493
306 492
307 491
308 491
309 490
310 490
311 489
312 489
313 488
314 488
314 487
315 486
316 486
316 485
317 484
318 484
319 483
320 484
319 483
320 482
320 481
321 480
321 479
322 478
323 477
324 477
325 477
326 477
327 476
327 475
328 474
329 474
330 474
331 474
331 473
332 472
332 471
332 470
332 469
332 468
333 467
334 467
335 466
336 466
336 465
337 464
337 463
338 462
338 461
339 460
339 459
340 458
341 457
342 457
343 456
344 456
344 455
345 454
345 453
346 452
346 451
346 450
346 449
345 449
344 448
343 448
342 449
341 449
340 450
339 450
338 450
337 450
336 451
335 451
334 452
333 452
332 452
331 452
330 453
329 453
328 454
327 454
326 454
325 454
324 455
323 455
322 455
321 455
320 455
319 455
319 456
318 457
317 457
316 457
315 457
314 457
313 457
312 458
311 458
310 459
309 459
308 460
307 460
306 461
305 461
304 461
303 461
302 461
301 461
300 462
299 462
298 462
297 462
296 463
295 463
295 464
294 465
293 465
292 465
291 465
290 465
289 465
289 466
288 467
287 467
286 467
285 467
284 467
283 467
282 468
281 468
280 469
279 469
278 470
277 470
276 471
275 471
274 471
273 470
273 469
274 468
274 467
275 466
276 466
277 465
278 465
279 464
279 463
280 462
280 461
281 460
282 460
282 459
283 458
284 458
284 457
285 456
286 456
287 455
288 455
289 454
289 453
290 452
291 451
292 451
293 451
294 451
295 450
295 449
296 448
297 447
298 447
299 446
299 445
300 444
301 443
302 443
303 442
304 442
304 441
305 440
305 439
306 438
307 437
308 437
309 436
309 435
310 434
311 433
312 433
313 432
314 432
314 431
315 430
315 429
316 428
317 427
318 427
318 426
318 425
318 424
318 423
319 422
320 422
320 421
321 420
322 420
322 419
323 418
324 418
325 417
326 417
326 416
326 415
326 414
326 413
327 412
327 411
328 410
329 409
330 409
331 408
332 408
333 407
334 407
335 407
336 407
337 407
338 407
339 406
340 406
341 405
342 405
343 406
344 406
345 407
346 407
347 406
348 406
349 406
350 406
351 407
352 407
353 406
354 406
355 406
356 406
357 407
358 407
359 406
360 406
361 405
362 405
363 405
364 405
365 405
366 405
367 405
368 405
369 404
370 404
371 403
372 403
373 403
374 403
375 404
376 404
377 404
378 404
379 403
380 403
381 403
382 403
383 403
384 403
385 402
386 402
387 401
388 401
389 401
390 401
391 401
392 401
393 401
394 401
395 400
396 400
397 399
398 399
399 400
400 400
401 400
402 400
402 399
403 398
404 398
405 397
406 397
407 397
408 397
409 396
410 396
411 395
412 395
413 394
414 394
415 393
416 393
417 392
418 391
419 390
420 390
420 389
421 388
422 388
423 388
424 388
425 388
425 387
426 386
427 385
428 385
429 384
430 384
430 383
431 382
431 381
432 380
432 379
433 378
433 377
434 376
434 375
435 374
436 374
437 373
438 373
439 372
439 371
440 370
441 369
442 369
443 369
444 369
445 368
445 367
446 366
447 366
448 366
449 366
450 366
450 365
451 364
451 363
452 362
453 361
454 361
455 360
456 360
456 359
457 358
458 358
459 357
460 358
459 357
460 356
461 355
462 355
463 355
464 355
465 354
465 353
466 352
466 351
467 350
468 350
469 350
470 350
471 350
472 350
472 349
473 348
474 348
474 347
475 346
476 346
476 345
477 344
477 343
478 342
479 342
480 342
481 342
482 342
482 341
483 340
484 340
485 339
486 339
487 338
487 337
488 336
489 335
490 335
491 334
491 333
492 332
492 331
493 330
494 330
494 329
495 328
496 328
496 327
497 326
498 326
499 326
500 326
501 326
501 325
501 324
501 323
502 322
503 321
504 321
505 320
505 319
506 318
506 317
507 316
508 316
509 315
510 315
511 314
511 313
512 312
513 311
514 311
515 310
515 309
516 308
516 307
517 306
518 306
518 305
519 304
520 304
520 303
521 302
522 302
523 301
524 301
525 300
525 299
526 298
526 297
527 296
527 295
528 294
528 293
529 292
530 292
530 291
530 290
530 289
530 288
531 287
532 287
533 286
533 285
534 284
534 283
534 282
534 281
534 280
535 279
536 279
537 278
538 278
538 277
538 276
538 275
538 274
539 273
540 273
540 272
540 271
539 270
540 269
539 270
538 270
537 270
536 270
535 270
534 271
533 271
533 272
532 273
531 273
531 274
530 275
530 276
529 277
528 278
527 278
526 278
525 278
524 279
523 279
522 280
521 280
520 280
519 280
518 281
517 281
516 282
515 282
514 283
513 283
513 284
512 285
511 285
510 286
509 286
508 287
507 287
506 288
505 288
504 288
503 288
502 288
501 288
500 289
499 289
498 290
497 290
496 291
495 291
494 292
493 292
492 292
491 292
490 293
489 293
488 294
487 294
486 294
485 294
484 294
483 294
482 295
481 295
480 295
479 295
478 295
478 296
477 297
477 298
476 299
475 299
474 299
473 299
472 298
471 298
470 299
469 299
468 300
467 300
466 301
465 301
464 301
463 301
462 300
461 300
460 301
459 301
459 302
458 303
457 303
456 303
455 303
454 302
453 302
452 303
451 303
450 303
449 303
448 302
447 302
446 303
445 303
445 304
444 305
443 305
442 305
441 305
440 305
439 305
438 306
437 306
436 305
436 304
436 303
437 302
438 302
438 301
439 300
440 300
441 299
442 299
443 298
443 297
443 296
443 295
444 294
445 293
446 293
447 292
448 292
448 291
449 290
450 290
450 289
451 288
452 288
452 287
453 286
453 285
454 284
455 283
456 283
457 282
457 281
458 280
459 279
460 279
461 278
462 278
462 277
463 276
464 276
464 275
465 274
466 274
466 273
467 272
467 271
468 270
469 269
470 269
471 269
472 269
473 268
474 268
475 267
476 267
477 266
477 265
478 264
478 263
479 262
480 262
480 261
481 260
482 260
483 259
484 259
485 259
486 259
487 259
488 259
489 258
490 258
491 257
492 257
493 256
494 256
494 255
495 254
496 254
497 254
498 254
499 254
500 254
500 253
501 252
502 252
503 252
504 252
505 252
506 252
506 251
507 250
508 250
509 249
510 249
511 249
512 249
513 248
514 248
515 248
516 248
517 248
518 248
518 247
519 246
520 246
521 245
522 245
523 245
524 245
525 244
526 244
527 244
528 244
529 244
530 244
530 243
531 242
532 242
533 241
534 241
535 240
536 240
537 239
538 239
539 239
540 239
541 239
542 239
543 238
544 238
545 237
546 237
547 236
548 236
548 235
549 234
550 234
551 234
552 234
553 234
554 234
554 233
555 232
556 232
557 232
558 232
559 232
560 232
561 231
562 231
563 231
564 231
565 230
566 230
566 229
567 228
568 228
569 227
570 227
571 226
572 226
573 225
574 225
575 224
576 224
576 223
577 222
578 222
579 221
580 221
581 220
582 220
582 219
583 218
584 218
584 217
585 216
586 216
586 215
587 214
587 213
588 212
589 211
590 211
591 210
592 210
592 209
592 208
592 207
592 206
592 205
593 204
593 203
593 202
593 201
594 200
594 199
595 198
596 198
596 197
597 196
597 195
597 194
597 193
598 192
598 191
598 190
598 189
598 188
598 187
599 186
600 186
600 185
601 184
601 183
602 182
602 181
602 180
602 179
602 178
602 177
603 176
603 175
603 174
603 173
604 172
604 171
604 170
604 169
604 168
604 167
605 166
605 165
605 164
605 163
605 162
605 161
605 160
605 159
606 158
606 157
607 156
607 155
607 154
607 153
607 152
607 151
606 150
606 149
605 148
605 147
604 146
603 146
602 145
602 144
602 143
602 142
602 141
602 140
602 139
602 138
602 137
601 137
600 136
600 135
599 134
599 133
598 132
598 131
598 130
598 129
598 128
598 127
597 126
597 125
596 125
595 125
594 125
593 124
593 123
592 122
592 121
591 121
590 120
590 119
590 118
590 117
590 116
589 116
588 116
587 116
586 116
585 116
584 115
583 114
583 113
582 112
582 111
581 111
580 110
580 109
579 109
578 108
577 108
576 108
575 108
574 108
573 108
572 107
571 107
570 106
570 105
569 104
570 103
569 104
568 103
567 103
566 102
565 102
564 102
563 102
562 101
561 101
560 100
559 100
558 99
557 99
556 98
555 98
554 98
553 98
552 97
551 97
550 96
549 96
548 95
547 95
546 94
545 94
544 95
543 95
542 95
541 95
540 94
539 94
538 94
537 94
536 94
535 94
534 93
533 93
532 92
