19 22
18 23
17 24
16 25
15 26
14 27
14 28
13 29
14 30
14 31
14 32
14 33
15 34
15 35
16 36
16 37
17 38
17 39
17 40
18 41
18 42
19 43
20 44
21 44
22 45
22 46
23 47
23 48
24 49
25 50
26 51
27 52
28 53
29 54
30 55
31 56
32 57
33 58
34 59
35 60
36 61
36 62
36 63
36 64
36 65
37 66
38 67
39 68
40 69
40 70
41 71
41 72
42 73
43 74
44 75
44 76
45 77
46 78
47 79
48 80
49 81
50 82
51 83
52 84
53 85
54 84
53 83
53 82
53 81
54 80
55 80
56 81
57 82
58 83
59 83
60 84
61 85
62 85
63 86
63 87
64 88
65 89
66 90
67 90
68 91
68 92
69 93
70 94
71 95
72 96
73 97
73 98
74 99
74 100
74 101
73 102
73 103
73 104
74 105
74 106
74 107
75 108
75 109
75 110
75 111
76 112
76 113
77 114
77 115
78 116
79 117
80 118
81 119
82 120
83 121
84 122
85 123
86 124
87 124
88 125
89 125
90 126
91 127
92 128
93 128
94 129
95 130
96 130
97 131
98 131
99 132
99 133
100 133
101 134
102 134
103 135
104 136
105 137
106 137
107 137
108 138
109 139
110 139
111 139
112 139
113 139
114 138
114 137
114 136
113 135
113 134
112 133
112 132
112 131
113 130
114 130
115 130
116 131
117 132
118 133
119 134
120 135
121 136
122 137
123 138
124 139
125 140
126 141
127 142
128 143
128 144
129 145
129 146
130 147
131 148
131 149
132 150
133 151
133 152
134 153
135 154
135 155
136 156
136 157
137 158
138 159
139 160
140 161
141 162
142 163
143 164
144 165
145 166
146 167
147 168
148 169
149 169
150 170
151 170
152 170
153 171
154 171
155 171
156 172
157 172
158 172
159 172
160 172
161 172
162 172
163 173
164 173
165 173
166 173
167 173
168 173
169 172
169 171
169 170
169 169
170 168
169 167
169 166
169 165
169 164
168 163
167 162
167 161
167 160
167 159
166 158
166 157
166 156
166 155
165 154
165 153
164 152
163 151
162 150
161 149
161 148
160 147
160 146
159 146
158 145
157 145
156 144
155 143
154 142
153 141
152 140
151 139
150 138
149 138
148 137
147 136
146 135
145 135
144 134
143 134
142 133
141 133
140 133
139 132
138 132
137 131
136 130
135 130
134 129
133 128
132 127
131 126
130 126
129 125
128 124
127 124
126 123
126 122
125 122
124 121
124 120
123 119
122 118
122 117
121 116
122 115
123 114
124 114
125 114
126 114
127 115
128 115
129 115
130 116
131 116
132 117
133 117
134 117
135 117
136 116
137 115
137 114
137 113
136 112
136 111
136 110
135 109
135 108
134 107
133 106
133 105
132 104
131 103
131 102
130 101
129 100
128 99
127 98
127 97
126 96
126 95
125 94
124 93
123 93
122 92
122 91
121 90
120 89
119 88
119 87
118 86
117 85
116 84
115 83
114 82
113 82
112 81
111 81
110 80
110 79
109 78
108 77
107 76
106 76
105 75
104 75
103 75
102 74
101 74
100 73
99 74
98 74
97 74
96 74
95 74
94 74
93 74
92 74
91 74
90 74
89 74
88 74
87 74
86 73
85 72
85 71
86 70
87 69
88 68
89 67
90 66
91 65
91 64
91 63
92 62
93 61
93 60
93 59
93 58
94 57
94 56
94 55
93 54
92 53
91 52
90 51
89 51
88 51
87 50
86 50
85 50
84 50
83 50
82 50
81 50
80 49
79 49
78 49
77 49
76 49
75 50
74 50
73 50
72 50
71 51
70 51
69 51
68 51
67 52
66 52
65 51
64 50
63 49
62 48
61 47
60 47
59 46
59 45
58 45
57 44
56 43
55 42
54 41
54 40
53 40
52 39
52 38
51 38
50 37
49 37
48 36
47 35
46 34
45 33
44 32
43 32
42 31
41 30
40 30
39 29
38 28
37 27
37 26
36 25
35 24
34 24
33 24
32 23
31 23
30 23
29 23
28 23
27 23
26 22
25 22
24 22
23 22
22 22
21 22
20 22
