212 22
211 23
210 23
209 23
208 24
207 25
207 26
206 27
205 27
205 28
204 29
203 30
202 31
202 32
201 33
201 34
200 35
199 36
199 37
199 38
198 39
197 40
196 41
196 42
195 43
194 44
194 45
194 46
193 47
192 48
192 49
192 50
192 51
191 52
190 53
190 54
190 55
189 56
189 57
188 58
187 59
186 60
185 61
185 62
184 63
184 64
184 65
183 66
183 67
182 68
181 69
181 70
180 71
179 72
178 73
177 74
176 75
175 76
174 77
173 78
172 79
171 80
170 81
169 82
168 83
167 84
166 85
165 86
164 87
163 88
162 89
161 90
160 90
159 89
160 88
160 87
161 86
161 85
162 84
162 83
163 82
164 81
165 80
165 79
165 78
166 77
166 76
165 75
164 75
163 75
162 75
161 74
160 74
159 74
158 75
157 75
156 76
155 76
154 77
153 77
152 77
151 77
150 77
149 77
148 77
147 78
146 78
145 79
144 79
143 79
142 79
141 80
140 80
139 80
138 80
137 80
136 81
135 81
134 81
133 81
132 82
131 82
130 82
129 82
128 83
127 84
126 84
125 85
124 86
123 86
122 87
121 88
120 89
119 89
118 90
118 91
117 92
116 92
115 93
115 94
114 95
114 96
114 97
113 98
113 99
113 100
113 101
113 102
113 103
112 104
112 105
112 106
112 107
112 108
112 109
112 110
112 111
112 112
112 113
112 114
113 115
113 116
113 117
112 118
112 119
112 120
113 121
113 122
113 123
113 124
114 125
114 126
114 127
115 128
115 129
115 130
114 131
114 132
113 133
112 133
111 134
110 135
109 134
108 134
107 133
106 132
105 131
104 130
103 129
102 128
101 127
100 126
99 126
98 125
97 125
96 124
95 124
94 124
93 123
92 123
91 123
90 123
89 122
88 122
87 122
86 123
85 123
84 123
83 124
82 124
81 124
80 125
79 125
78 126
78 127
77 128
76 128
75 129
74 130
73 131
72 132
72 133
72 134
71 135
71 136
71 137
70 138
70 139
69 140
69 141
69 142
69 143
69 144
70 145
70 146
70 147
70 148
70 149
70 150
70 151
71 152
71 153
72 153
73 154
73 155
74 156
74 157
74 158
75 159
75 160
76 161
76 162
76 163
77 164
78 165
79 166
79 167
79 168
78 169
77 170
76 171
75 172
74 172
74 173
73 174
72 175
71 176
70 177
69 177
69 178
68 179
67 180
66 181
65 182
64 182
64 183
63 184
62 185
61 186
61 187
60 188
59 189
58 190
58 191
57 192
56 193
55 194
55 195
54 196
53 197
53 198
52 199
51 200
50 201
50 202
49 203
48 204
47 205
46 205
45 206
44 207
43 208
42 209
41 210
40 211
40 212
39 213
39 214
38 215
38 216
38 217
38 218
38 219
38 220
37 221
37 222
36 223
36 224
35 225
35 226
34 227
34 228
34 229
34 230
34 231
34 232
34 233
34 234
35 235
35 236
35 237
35 238
36 239
37 240
38 240
39 240
40 240
41 241
42 241
43 241
44 241
45 241
46 241
47 241
48 240
49 240
50 240
51 240
52 240
53 240
54 240
55 239
56 239
57 238
58 238
59 238
60 238
61 238
62 237
63 237
64 237
65 236
66 236
67 235
68 235
69 234
70 234
71 234
72 233
73 233
74 233
75 232
76 232
77 231
78 230
79 229
80 229
81 228
82 227
83 226
84 226
85 225
86 224
87 224
87 223
88 222
89 222
90 221
91 220
92 219
92 218
93 217
94 217
95 216
96 215
97 215
98 214
99 213
100 212
101 211
102 211
103 210
104 210
105 210
106 210
107 210
108 210
109 210
110 210
111 210
112 210
113 211
114 211
115 210
116 210
117 211
118 211
119 210
120 209
121 208
122 207
123 206
124 205
124 204
125 203
126 202
127 201
128 200
129 199
130 198
131 197
132 196
133 195
133 194
134 193
135 193
135 192
136 191
136 190
137 189
138 188
139 187
140 186
141 185
141 184
142 183
143 182
144 181
145 180
145 179
146 178
145 177
144 177
143 177
142 177
141 178
140 178
139 178
138 178
137 179
136 180
135 180
134 180
133 181
132 182
131 183
130 182
130 181
131 180
132 179
133 178
133 177
134 176
135 175
135 174
136 173
137 173
137 172
138 171
139 170
140 169
141 168
141 167
142 166
143 165
144 164
144 163
145 162
146 161
146 160
147 159
148 159
149 158
150 157
150 156
151 155
152 154
153 154
154 154
155 154
156 154
157 154
158 154
159 154
160 154
161 154
162 154
163 154
164 154
165 153
166 153
167 153
168 153
169 153
170 152
171 151
172 151
173 150
174 149
175 149
175 148
176 147
177 146
178 145
179 144
180 144
180 143
181 142
182 142
182 141
183 140
183 139
184 138
185 137
185 136
185 135
186 134
186 133
187 132
187 131
187 130
188 129
188 128
188 127
188 126
188 125
188 124
189 123
189 122
189 121
190 120
190 119
190 118
190 117
191 116
191 115
191 114
191 113
191 112
191 111
191 110
192 109
192 108
193 107
193 106
193 105
193 104
193 103
192 102
191 102
190 101
189 102
188 102
188 103
187 104
186 105
185 105
184 105
183 104
184 103
185 102
186 101
186 100
187 99
188 98
188 97
189 96
190 95
191 94
192 93
193 92
194 91
195 90
196 89
197 88
197 87
198 86
199 85
200 84
201 83
202 82
203 81
204 81
205 80
206 79
207 79
208 78
209 77
210 77
211 76
212 76
213 75
214 74
215 74
216 73
217 73
218 73
219 72
220 72
221 71
222 70
223 69
224 68
225 68
226 67
227 67
227 66
228 65
229 65
230 64
231 63
232 62
233 61
234 60
235 59
236 58
237 57
238 56
239 55
239 54
240 53
241 52
241 51
241 50
240 49
240 48
240 47
240 46
240 45
239 44
239 43
238 42
237 41
236 40
236 39
235 38
234 37
234 36
233 35
232 34
231 33
230 32
229 31
228 30
227 29
226 28
225 28
224 27
224 26
223 26
222 25
221 24
220 23
219 23
218 22
217 23
216 22
215 23
214 22
213 22
