131 1
130 2
129 2
128 2
127 3
126 3
125 3
124 4
123 4
122 5
121 5
120 5
119 6
118 6
117 7
116 7
115 7
114 8
113 9
112 9
111 10
110 10
109 11
108 11
107 12
106 12
105 13
104 14
103 14
102 14
101 15
100 16
99 16
98 17
97 18
96 18
95 19
94 19
93 20
92 21
91 22
90 22
89 23
88 24
87 24
86 25
85 26
84 26
83 27
82 28
81 29
80 29
79 30
78 31
77 32
76 32
75 33
74 34
73 35
72 36
71 36
70 37
69 38
68 39
67 40
66 41
65 42
64 42
63 43
62 44
61 45
60 46
59 47
58 48
57 48
56 49
55 50
54 51
53 52
52 53
51 54
50 55
49 56
48 57
47 58
46 59
45 60
44 61
43 62
43 63
42 64
41 64
41 65
40 66
39 67
38 68
37 69
36 70
35 71
35 72
34 73
33 74
32 75
31 76
30 77
30 78
29 79
28 80
27 81
27 82
26 83
25 84
25 85
24 86
23 87
23 88
22 89
21 90
21 91
20 92
20 93
19 94
19 95
18 96
18 97
17 98
17 99
16 100
16 101
16 102
15 103
15 104
15 105
14 106
14 107
14 108
14 109
13 110
13 111
13 112
13 113
13 114
13 115
13 116
13 117
14 118
14 119
14 120
13 121
12 122
11 122
10 123
9 123
8 124
7 124
6 125
5 126
4 126
3 127
2 128
1 128
1 129
1 130
1 131
1 132
2 133
3 133
4 133
5 133
6 133
7 133
8 133
9 134
10 134
11 134
12 134
13 134
14 134
15 134
16 134
17 134
18 134
19 134
20 134
21 134
22 133
23 133
24 133
25 133
26 133
27 133
28 133
29 133
30 133
31 133
32 133
33 133
34 133
35 133
36 133
37 133
38 133
39 133
40 133
41 133
42 133
43 133
44 133
45 132
46 132
47 132
48 132
49 132
50 132
51 132
52 132
53 132
54 132
55 132
56 132
57 132
58 132
59 132
60 132
61 132
62 132
63 132
64 132
65 132
66 132
67 132
68 132
69 132
70 132
71 132
72 132
73 132
74 132
75 132
76 132
77 132
78 132
79 132
80 132
81 132
82 132
83 132
84 132
85 132
86 132
87 133
88 133
89 133
90 133
91 133
92 133
93 133
94 133
95 134
96 134
97 134
98 134
99 134
100 135
101 135
102 135
103 136
104 136
105 136
106 137
107 137
108 138
109 138
110 139
111 140
112 141
112 142
113 143
113 144
114 145
114 146
114 147
114 148
113 149
113 150
113 151
112 152
112 153
112 154
111 155
110 156
110 157
109 158
108 159
107 160
107 161
107 162
107 163
107 164
106 165
106 166
105 167
105 168
104 169
103 170
102 171
101 172
100 172
99 172
98 173
97 173
96 173
95 174
94 174
93 174
92 174
91 174
90 174
89 174
88 174
87 174
86 174
85 174
84 174
83 174
82 174
81 174
80 174
79 174
78 174
77 174
76 174
75 174
74 174
73 174
72 174
71 174
70 174
69 174
68 174
67 173
66 173
65 173
64 173
63 173
62 173
61 173
60 173
59 173
58 173
57 173
56 173
55 173
54 173
53 173
52 173
51 173
50 173
49 173
48 173
47 173
46 173
45 174
44 174
43 174
42 174
41 174
40 174
39 175
38 175
37 175
36 176
35 176
34 177
33 177
32 178
31 178
30 179
29 180
28 181
27 182
26 183
26 184
25 185
24 186
23 187
23 188
22 189
22 190
21 191
20 192
20 193
19 194
19 195
19 196
18 197
18 198
17 199
17 200
17 201
16 202
16 203
16 204
16 205
15 206
15 207
15 208
14 209
14 210
14 211
14 212
14 213
14 214
13 215
13 216
13 217
13 218
13 219
13 220
13 221
12 222
12 223
12 224
12 225
12 226
12 227
12 228
12 229
12 230
12 231
12 232
12 233
12 234
12 235
12 236
12 237
12 238
12 239
12 240
12 241
12 242
12 243
12 244
12 245
12 246
12 247
13 248
13 249
13 250
13 251
13 252
13 253
13 254
13 255
13 256
14 257
14 258
14 259
14 260
14 261
14 262
15 263
15 264
15 265
15 266
16 267
16 268
16 269
16 270
16 271
17 272
17 273
17 274
17 275
18 276
18 277
18 278
19 279
19 280
19 281
20 282
20 283
20 284
21 285
21 286
21 287
22 288
22 289
23 290
23 291
23 292
24 293
24 294
25 295
25 296
26 297
26 298
26 299
27 300
27 301
28 302
29 303
29 304
29 305
30 306
31 307
31 308
32 309
33 310
33 311
34 312
35 313
35 314
36 315
37 316
38 317
39 318
40 319
41 318
42 317
43 317
44 317
45 316
46 316
47 315
48 315
49 315
50 315
51 314
52 314
53 314
54 315
55 315
56 315
57 315
58 316
59 316
60 317
61 318
62 318
63 319
63 320
64 320
65 321
65 322
66 323
67 324
67 325
68 326
69 327
69 328
70 329
71 330
71 331
72 332
72 333
73 334
74 335
74 336
75 337
75 338
76 339
76 340
77 341
78 342
78 343
79 344
79 345
80 346
80 347
81 348
82 349
82 350
83 351
83 352
84 353
85 354
86 355
86 356
87 357
88 358
89 359
90 360
90 361
91 362
92 363
93 364
94 364
95 365
96 366
97 367
98 367
99 368
100 369
101 369
102 370
103 370
104 370
105 370
106 371
107 371
108 371
109 371
110 372
111 372
112 372
113 372
114 372
115 372
116 372
117 372
118 372
119 373
120 373
121 373
122 374
123 374
124 374
125 375
126 375
127 375
128 376
129 376
130 377
131 377
132 377
133 378
134 378
135 378
136 379
137 379
138 380
139 380
140 380
141 381
142 381
143 382
144 382
145 383
146 383
147 383
148 384
149 384
150 385
151 385
152 385
153 386
154 386
155 387
156 387
157 388
158 388
159 388
160 389
161 389
162 390
163 390
164 391
165 391
166 391
167 392
168 392
169 393
170 393
171 393
172 394
173 394
174 394
175 395
176 395
177 396
178 396
179 396
180 397
181 397
182 397
183 398
184 398
185 398
186 399
187 399
188 399
189 399
190 400
191 400
192 400
193 400
194 400
195 401
196 401
197 401
198 401
199 401
200 401
201 401
202 401
203 401
204 401
205 401
206 401
207 401
208 401
209 401
210 401
211 401
212 401
213 401
214 401
215 401
216 401
217 401
218 401
219 401
220 401
221 401
222 401
223 401
224 401
225 401
226 401
227 401
228 401
229 401
230 400
231 400
232 400
233 400
234 400
235 399
236 399
237 399
238 399
239 398
240 398
241 398
242 398
243 397
244 397
245 397
246 396
247 396
248 396
249 396
250 395
251 395
252 395
253 394
254 394
255 393
256 393
257 393
258 392
259 392
260 391
261 391
262 391
263 390
264 390
265 389
266 389
267 389
268 388
269 388
270 387
271 387
272 386
273 386
274 385
275 385
276 384
277 384
278 384
279 383
280 383
281 382
282 382
283 381
284 381
285 380
286 380
287 379
288 379
289 378
290 377
291 377
292 377
293 376
294 376
295 375
296 374
297 374
298 373
299 373
300 372
301 372
302 371
303 370
304 370
305 369
306 369
307 368
308 368
309 367
310 367
311 366
312 365
313 364
314 364
315 363
316 362
316 361
317 360
317 359
317 358
316 357
316 356
316 355
315 354
314 353
313 352
312 351
311 350
310 350
309 349
308 348
307 348
306 347
305 346
304 346
303 345
302 345
301 344
300 344
299 343
298 343
297 342
296 342
295 341
294 341
293 340
292 340
291 340
290 339
289 339
288 339
287 338
286 338
285 337
284 337
283 337
282 336
281 336
280 335
279 335
278 335
277 334
276 334
275 334
274 333
273 333
272 333
271 332
270 332
269 332
268 331
267 331
266 331
265 330
264 330
263 330
262 330
261 329
260 329
259 329
258 328
257 328
256 328
255 327
254 327
253 327
252 326
251 326
250 326
249 326
248 325
247 325
246 325
245 324
244 324
243 324
242 324
241 323
240 323
239 323
238 323
237 322
236 322
235 322
234 322
233 321
232 321
231 321
230 321
229 320
228 320
227 320
226 319
225 319
224 319
223 319
222 319
221 318
220 318
219 318
218 317
217 317
216 317
215 317
214 317
213 316
212 316
211 316
210 315
209 314
210 313
210 312
210 311
211 310
211 309
211 308
212 307
212 306
213 305
213 304
214 303
214 302
215 301
215 300
216 299
216 298
217 297
217 296
218 295
219 294
219 293
220 292
220 291
221 290
222 289
223 288
224 287
225 286
226 285
227 284
228 283
229 283
230 282
231 281
232 281
233 280
234 279
235 279
236 278
237 278
238 278
239 277
240 277
241 277
242 277
243 277
244 276
245 276
246 276
247 276
248 276
249 276
250 276
251 276
252 276
253 276
254 276
255 276
256 276
257 276
258 276
259 277
260 277
261 277
262 277
263 277
264 278
265 278
266 278
267 278
268 279
269 279
270 279
271 280
272 280
273 280
274 280
275 281
276 281
277 282
278 282
279 282
280 283
281 283
282 283
283 284
284 284
285 285
286 285
287 285
288 286
289 286
290 286
291 287
292 287
293 288
294 288
295 288
296 289
297 289
298 290
299 290
300 290
301 291
302 291
303 291
304 292
305 292
306 292
307 292
308 293
309 293
310 293
311 293
312 294
313 294
314 294
315 294
316 294
317 294
318 294
319 294
320 294
321 294
322 294
323 294
324 293
325 293
326 293
327 292
328 292
329 291
330 290
331 289
332 289
332 288
333 287
334 286
334 285
335 284
335 283
336 282
336 281
337 280
337 279
337 278
337 277
337 276
337 275
338 274
338 273
338 272
338 271
338 270
338 269
338 268
338 267
338 266
338 265
338 264
338 263
338 262
338 261
338 260
338 259
338 258
338 257
338 256
338 255
338 254
338 253
338 252
337 251
337 250
337 249
337 248
336 247
336 246
336 245
335 244
335 243
334 242
334 241
333 240
333 239
332 238
331 237
331 236
330 235
329 234
329 233
328 232
327 231
326 230
325 229
324 228
324 227
323 226
322 225
321 224
320 223
319 222
318 221
317 220
316 219
315 218
314 217
313 216
312 215
311 214
310 213
309 212
308 211
307 210
307 209
306 208
305 207
304 206
304 205
303 204
302 203
302 202
301 201
300 200
300 199
299 198
299 197
298 196
298 195
297 194
297 193
296 192
296 191
296 190
295 189
295 188
295 187
294 186
294 185
294 184
294 183
293 182
293 181
293 180
293 179
294 178
295 178
296 177
297 177
298 176
299 176
300 175
301 175
302 174
303 174
304 173
305 173
306 172
307 172
308 171
309 170
310 170
311 169
312 169
313 168
314 167
315 167
316 166
317 165
318 165
319 164
320 163
321 163
322 162
323 161
324 160
325 160
325 159
326 158
327 158
328 157
328 156
329 155
330 155
330 154
331 153
332 152
333 151
334 150
335 149
335 148
336 147
336 146
337 145
337 144
337 143
338 142
338 141
338 140
338 139
338 138
338 137
338 136
338 135
338 134
338 133
338 132
338 131
338 130
338 129
337 128
337 127
336 126
336 125
335 124
335 123
334 122
333 121
332 120
331 119
331 118
330 117
329 116
328 116
327 115
326 114
325 113
324 112
323 112
322 111
321 110
320 109
319 109
318 108
317 107
316 107
315 106
315 105
316 104
316 103
317 102
317 101
318 100
318 99
319 98
320 97
320 96
320 95
321 94
322 93
322 92
323 91
323 90
324 89
324 88
325 87
325 86
326 85
326 84
326 83
327 82
327 81
328 80
328 79
328 78
329 77
329 76
330 75
330 74
330 73
331 72
331 71
331 70
331 69
331 68
332 67
332 66
332 65
332 64
332 63
332 62
331 61
331 60
331 59
330 58
329 57
328 56
327 56
326 55
325 55
324 55
323 55
322 55
321 55
320 55
319 55
318 55
317 55
316 55
315 55
314 55
313 55
312 56
311 56
310 56
309 56
308 56
307 57
306 57
305 57
304 57
303 57
302 58
301 58
300 58
299 58
298 59
297 59
296 59
295 59
294 60
293 60
292 60
291 60
290 60
289 61
288 61
287 61
286 61
285 61
284 61
283 61
282 61
281 62
280 62
279 62
278 62
277 61
276 61
275 61
274 61
273 61
272 60
271 60
270 59
269 58
268 58
267 57
266 57
265 56
264 56
263 55
262 54
261 53
260 53
259 52
258 51
257 51
256 50
255 50
254 49
254 48
253 48
252 47
251 46
250 45
249 45
248 44
247 43
246 42
245 41
244 40
243 40
242 39
242 38
241 38
240 37
239 36
238 35
237 34
236 33
235 32
234 31
233 30
232 29
231 28
230 27
229 26
228 26
227 25
226 24
225 23
224 22
223 22
222 21
221 20
220 19
219 19
218 18
217 17
216 17
215 16
214 15
213 15
212 14
211 13
210 13
209 12
208 12
207 11
206 11
205 11
204 10
203 10
202 9
201 9
200 8
199 8
198 7
197 7
196 7
195 6
194 6
193 6
192 6
191 5
190 5
189 5
188 4
187 4
186 4
185 4
184 3
183 3
182 3
181 3
180 3
179 3
178 2
177 2
176 2
175 2
174 2
173 2
172 2
171 1
170 1
169 1
168 1
167 1
166 1
165 1
164 1
163 1
162 1
161 1
160 1
159 1
158 1
157 1
156 1
155 1
154 1
153 1
152 1
151 1
150 1
149 1
148 1
147 1
146 1
145 1
144 1
143 1
142 1
141 1
140 1
139 1
138 1
137 1
136 1
135 1
134 1
133 1
132 1
