114 1
113 2
112 2
111 3
110 4
109 4
109 5
108 6
107 7
106 8
106 9
105 10
105 11
104 12
103 13
103 14
103 15
102 16
102 17
102 18
101 19
101 20
101 21
100 22
100 23
100 24
100 25
99 26
99 27
99 28
99 29
98 30
98 31
98 32
98 33
98 34
97 35
97 36
97 37
97 38
97 39
97 40
97 41
96 42
96 43
96 44
96 45
96 46
96 47
96 48
96 49
95 50
95 51
95 52
95 53
95 54
95 55
95 56
95 57
95 58
95 59
95 60
94 61
94 62
94 63
94 64
94 65
94 66
94 67
94 68
94 69
94 70
94 71
94 72
93 73
93 74
93 75
93 76
93 77
93 78
93 79
93 80
93 81
93 82
93 83
93 84
93 85
92 86
92 87
92 88
92 89
92 90
92 91
92 92
92 93
92 94
92 95
91 96
91 97
91 98
91 99
91 100
91 101
91 102
91 103
90 104
90 105
90 106
90 107
90 108
89 109
89 110
89 111
89 112
88 113
88 114
87 115
87 116
86 117
85 117
84 118
83 118
82 119
81 119
80 120
79 120
78 121
77 121
76 121
75 122
74 122
73 122
72 123
71 123
70 124
69 124
68 124
67 125
66 125
65 125
64 126
63 126
62 126
61 126
60 127
59 127
58 127
57 127
56 127
55 127
54 128
53 128
52 128
51 128
50 128
49 128
48 128
47 128
46 128
45 128
44 127
43 127
42 127
41 127
40 126
39 126
38 126
37 125
36 125
36 126
36 127
36 128
36 129
36 130
36 131
37 132
37 133
37 134
37 135
37 136
37 137
37 138
37 139
38 140
38 141
38 142
38 143
38 144
38 145
38 146
38 147
38 148
38 149
38 150
38 151
38 152
38 153
38 154
39 155
39 156
39 157
39 158
39 159
39 160
39 161
39 162
39 163
39 164
39 165
39 166
39 167
39 168
39 169
39 170
39 171
39 172
39 173
39 174
39 175
39 176
39 177
38 178
38 179
38 180
38 181
38 182
38 183
38 184
38 185
38 186
37 187
37 188
37 189
37 190
37 191
36 192
36 193
36 194
36 195
36 196
35 197
35 198
35 199
34 200
34 201
34 202
34 203
33 204
33 205
33 206
32 207
32 208
32 209
31 210
31 211
30 212
30 213
30 214
29 215
29 216
28 217
28 218
28 219
27 220
27 221
26 222
26 223
25 224
25 225
24 226
24 227
23 228
23 229
22 230
22 231
21 232
20 233
20 234
19 235
19 236
18 237
18 238
17 239
17 240
16 241
16 242
15 243
15 244
14 245
13 246
13 247
12 248
12 249
11 250
11 251
10 252
10 253
9 254
9 255
8 256
8 257
7 258
7 259
6 260
6 261
5 262
5 263
5 264
4 265
4 266
3 267
3 268
3 269
2 270
2 271
2 272
2 273
1 274
1 275
1 276
1 277
1 278
1 279
1 280
1 281
1 282
1 283
1 284
1 285
1 286
1 287
1 288
1 289
1 290
1 291
1 292
1 293
2 294
2 295
2 296
3 297
3 298
3 299
4 300
4 301
5 302
5 303
6 304
6 305
7 306
8 307
8 308
9 309
10 310
10 311
11 312
12 313
13 314
13 315
14 316
15 317
16 318
17 319
18 318
19 318
20 317
21 317
22 316
23 316
24 315
25 315
26 315
27 315
28 315
29 314
30 314
31 315
32 315
33 315
34 315
35 316
36 316
37 317
38 318
39 318
40 319
41 320
42 321
42 322
43 323
44 324
45 325
46 326
46 327
47 328
47 329
48 330
48 331
49 332
50 333
50 334
51 335
51 336
52 337
53 338
53 339
54 340
54 341
55 342
56 343
56 344
57 345
57 346
58 347
58 348
59 349
59 350
60 351
61 352
62 353
62 354
63 355
64 356
64 357
65 358
66 359
67 360
68 361
69 362
70 363
71 364
72 365
73 366
74 366
75 367
76 368
77 368
78 369
79 369
80 370
81 370
82 370
83 371
84 371
85 371
86 371
87 372
88 372
89 372
90 372
91 372
92 372
93 372
94 372
95 372
96 372
97 373
98 373
99 373
100 374
101 374
102 375
103 375
104 375
105 376
106 376
107 376
108 377
109 377
110 377
111 378
112 378
113 379
114 379
115 379
116 380
117 380
118 381
119 381
120 382
121 382
122 382
123 383
124 383
125 384
126 384
127 385
128 385
129 385
130 386
131 386
132 387
133 387
134 388
135 388
136 388
137 389
138 389
139 390
140 390
141 391
142 391
143 391
144 392
145 392
146 393
147 393
148 393
149 394
150 394
151 394
152 395
153 395
154 396
155 396
156 396
157 397
158 397
159 397
160 398
161 398
162 398
163 399
164 399
165 399
166 399
167 400
168 400
169 400
170 400
171 400
172 401
173 401
174 401
175 401
176 401
177 401
178 401
179 401
180 401
181 401
182 401
183 401
184 401
185 401
186 401
187 401
188 401
189 401
190 401
191 401
192 401
193 401
194 401
195 401
196 401
197 401
198 401
199 401
200 401
201 401
202 401
203 401
204 401
205 401
206 401
207 400
208 400
209 400
210 400
211 400
212 399
213 399
214 399
215 399
216 398
217 398
218 398
219 398
220 397
221 397
222 397
223 397
224 396
225 396
226 396
227 395
228 395
229 394
230 394
231 394
232 393
233 393
234 393
235 392
236 392
237 392
238 391
239 391
240 390
241 390
242 389
243 389
244 389
245 388
246 388
247 387
248 387
249 386
250 386
251 386
252 385
253 384
254 384
255 384
256 383
257 383
258 382
259 382
260 381
261 381
262 380
263 380
264 379
265 379
266 378
267 378
268 377
269 376
270 376
271 375
272 375
273 374
274 374
275 373
276 373
277 372
278 372
279 371
280 370
281 370
282 369
283 369
284 368
285 367
286 367
287 366
288 366
289 365
290 364
291 364
292 363
293 362
293 361
294 360
294 359
294 358
293 357
293 356
293 355
292 354
291 353
290 352
289 351
288 350
287 350
286 349
285 348
284 347
283 347
282 346
281 346
280 345
279 345
278 344
277 344
276 343
275 343
274 342
273 342
272 341
271 341
270 341
269 340
268 340
267 339
266 339
265 339
264 338
263 338
262 337
261 337
260 337
259 336
258 336
257 335
256 335
255 335
254 334
253 334
252 334
251 333
250 333
249 333
248 332
247 332
246 332
245 331
244 331
243 331
242 330
241 330
240 330
239 329
238 329
237 329
236 329
235 328
234 328
233 328
232 327
231 327
230 327
229 326
228 326
227 326
226 326
225 325
224 325
223 325
222 324
221 324
220 324
219 324
218 323
217 323
216 323
215 323
214 322
213 322
212 322
211 322
210 321
209 321
208 321
207 320
206 320
205 320
204 320
203 319
202 319
201 319
200 319
199 318
198 318
197 318
196 318
195 317
194 317
193 317
192 317
191 316
190 316
189 316
188 316
187 315
187 314
187 313
187 312
187 311
188 310
188 309
189 308
189 307
189 306
190 305
190 304
191 303
191 302
192 301
192 300
193 299
193 298
194 297
194 296
195 295
196 294
196 293
197 292
198 291
199 290
200 289
200 288
201 287
202 286
203 285
204 284
205 283
206 283
207 282
208 281
209 281
210 280
211 279
212 279
213 279
214 278
215 278
216 277
217 277
218 277
219 277
220 277
221 276
222 276
223 276
224 276
225 276
226 276
227 276
228 276
229 276
230 276
231 276
232 276
233 276
234 276
235 276
236 277
237 277
238 277
239 277
240 277
241 278
242 278
243 278
244 278
245 279
246 279
247 279
248 280
249 280
250 280
251 280
252 281
253 281
254 282
255 282
256 282
257 283
258 283
259 283
260 284
261 284
262 285
263 285
264 285
265 286
266 286
267 286
268 287
269 287
270 288
271 288
272 288
273 289
274 289
275 289
276 290
277 290
278 291
279 291
280 291
281 292
282 292
283 292
284 292
285 293
286 293
287 293
288 293
289 294
290 294
291 294
292 294
293 294
294 294
295 294
296 294
297 294
298 294
299 294
300 294
301 293
302 293
303 293
304 292
305 292
306 291
307 290
308 289
309 289
309 288
310 287
311 286
311 285
312 284
312 283
313 282
313 281
314 280
314 279
314 278
314 277
314 276
314 275
315 274
315 273
315 272
315 271
315 270
315 269
315 268
315 267
315 266
315 265
315 264
315 263
315 262
315 261
315 260
315 259
315 258
315 257
315 256
315 255
315 254
315 253
315 252
314 251
314 250
314 249
314 248
313 247
313 246
313 245
312 244
312 243
311 242
311 241
310 240
310 239
309 238
308 237
308 236
307 235
306 234
306 233
305 232
304 231
303 230
302 229
301 228
301 227
300 226
299 225
298 224
297 223
296 222
295 221
294 220
293 219
292 218
291 217
290 216
289 215
288 214
287 213
286 212
286 211
285 211
284 210
284 209
283 208
282 207
281 206
281 205
280 204
279 203
279 202
278 201
277 200
277 199
276 198
276 197
275 196
275 195
274 194
274 193
274 192
273 191
273 190
272 189
272 188
272 187
272 186
271 185
271 184
271 183
270 182
270 181
270 180
270 179
271 178
272 178
273 177
274 177
275 176
276 176
277 175
278 175
279 174
280 174
281 173
282 173
283 172
284 171
285 171
286 170
287 170
288 169
289 169
290 168
291 168
292 167
293 166
294 165
295 165
296 164
297 163
298 163
299 162
300 161
301 160
302 160
302 159
303 158
304 158
305 157
306 156
306 155
307 154
308 153
309 152
310 151
311 150
311 149
312 148
313 147
313 146
314 145
314 144
315 143
315 142
315 141
315 140
315 139
315 138
315 137
315 136
315 135
315 134
315 133
315 132
315 131
315 130
315 129
314 128
314 127
313 126
313 125
312 124
312 123
311 122
310 121
309 120
308 119
308 118
307 117
306 116
305 116
304 115
303 114
302 113
301 112
300 112
299 111
298 110
297 109
296 109
295 108
294 107
293 107
292 106
292 105
293 104
293 103
294 102
294 101
295 100
295 99
296 98
297 97
297 96
297 95
298 94
299 93
299 92
300 91
300 90
301 89
301 88
302 87
302 86
303 85
303 84
303 83
304 82
304 81
305 80
305 79
305 78
306 77
306 76
307 75
307 74
307 73
308 72
308 71
308 70
308 69
308 68
309 67
309 66
309 65
309 64
309 63
309 62
309 61
308 60
308 59
307 58
306 57
305 56
304 56
303 55
302 55
301 55
300 55
299 55
298 55
297 55
296 55
295 55
294 55
293 55
292 55
291 55
290 55
289 56
288 56
287 56
286 56
285 56
284 57
283 57
282 57
281 57
280 58
279 58
278 58
277 58
276 59
275 59
274 59
273 59
272 59
271 60
270 60
269 60
268 60
267 60
266 61
265 61
264 61
263 61
262 61
261 61
260 61
259 61
258 62
257 62
256 62
255 62
254 61
253 61
252 61
251 61
250 61
249 60
248 60
247 59
246 58
245 58
244 57
243 57
242 56
241 56
240 55
239 54
238 54
237 53
236 52
235 51
234 51
233 50
232 49
231 49
230 48
229 47
228 46
227 45
226 45
225 44
224 43
223 42
222 41
221 40
220 39
219 38
218 38
217 37
217 36
216 36
215 35
214 34
213 33
212 32
211 31
210 30
209 29
208 28
207 27
206 26
205 26
204 25
203 24
202 23
201 22
200 22
199 21
198 20
197 19
196 19
195 18
194 17
193 17
192 16
191 15
190 15
189 14
188 13
187 13
186 12
185 12
184 11
183 11
182 10
181 10
180 10
179 9
178 9
177 8
176 8
175 7
174 7
173 7
172 6
171 6
170 6
169 6
168 5
167 5
166 5
165 4
164 4
163 4
162 4
161 4
160 3
159 3
158 3
157 3
156 3
155 2
154 2
153 2
152 2
151 2
150 2
149 1
148 1
147 1
146 1
145 1
144 1
143 1
142 1
141 1
140 1
139 1
138 1
137 1
136 1
135 1
134 1
133 1
132 1
131 1
130 1
129 1
128 1
127 1
126 1
125 1
124 1
123 1
122 1
121 1
120 1
119 1
118 1
117 1
116 1
115 1
