137 1
136 2
135 2
134 2
133 2
132 3
131 3
130 3
129 4
128 4
127 4
126 4
125 5
124 5
123 6
122 6
121 7
120 7
119 7
118 8
117 8
116 9
115 9
114 9
113 10
112 10
111 11
110 11
109 12
108 12
107 13
106 14
105 14
104 15
103 15
102 16
101 16
100 17
99 18
98 18
97 19
96 19
95 20
94 20
93 21
92 22
91 22
90 23
89 24
88 24
87 25
86 26
85 27
84 27
83 28
82 29
81 29
80 30
79 31
78 32
77 32
76 33
75 34
74 35
73 35
72 36
71 37
70 37
69 38
68 39
67 40
66 41
65 41
64 42
63 43
62 44
61 45
60 46
59 46
59 47
58 48
57 48
56 49
55 50
54 51
53 52
52 53
51 54
50 55
49 56
48 57
47 58
46 59
45 60
44 61
43 61
42 62
41 62
40 63
39 64
38 64
37 65
36 66
35 66
34 67
33 68
32 68
31 69
30 70
29 70
28 71
27 72
26 73
25 74
24 75
23 76
22 77
21 78
20 79
19 80
18 81
17 82
16 83
15 84
15 85
14 86
13 87
12 88
12 89
11 90
10 91
10 92
9 93
9 94
8 95
7 96
7 97
6 98
6 99
5 100
5 101
4 102
4 103
4 104
3 105
3 106
3 107
2 108
2 109
2 110
1 111
1 112
1 113
1 114
1 115
1 116
1 117
1 118
1 119
1 120
1 121
1 122
1 123
1 124
1 125
1 126
1 127
1 128
1 129
1 130
1 131
1 132
1 133
1 134
1 135
1 136
1 137
1 138
1 139
1 140
2 141
2 142
3 143
3 144
3 145
4 146
4 147
5 148
5 149
6 150
6 151
7 152
7 153
8 154
9 155
10 156
11 157
11 158
12 159
13 159
14 160
15 160
16 161
15 162
16 162
17 163
18 164
19 164
20 165
21 166
22 166
23 167
24 167
25 168
26 168
27 169
28 169
29 170
30 170
31 170
32 171
33 171
34 171
35 172
36 172
37 172
38 172
39 172
40 173
41 173
42 173
43 173
44 173
45 173
46 173
47 173
48 174
49 174
50 174
51 174
52 174
53 174
54 174
55 174
56 174
57 173
58 173
59 173
60 173
61 173
62 173
63 173
64 173
65 173
66 173
67 172
68 172
69 172
70 172
71 172
72 173
72 174
72 175
73 176
73 177
73 178
73 179
73 180
74 181
74 182
74 183
75 184
75 185
76 186
76 187
77 188
77 189
78 190
78 191
79 192
79 193
80 194
80 195
81 196
82 197
82 198
83 199
84 200
84 201
85 202
86 203
86 204
87 205
88 206
89 207
89 208
90 209
91 210
92 211
92 212
93 213
94 214
94 215
95 216
96 217
97 218
98 219
98 220
99 221
100 222
101 223
102 224
102 225
103 226
104 227
105 228
105 229
106 230
107 231
107 232
108 233
109 234
110 235
111 236
111 237
112 238
112 239
113 240
114 241
114 242
115 243
116 244
116 245
117 246
117 247
118 248
118 249
118 250
119 251
119 252
119 253
120 254
120 255
120 256
120 257
120 258
120 259
120 260
120 261
119 262
119 263
118 264
118 265
117 266
116 267
115 267
114 268
113 269
112 270
111 270
110 271
109 271
108 272
107 272
106 272
105 273
104 273
103 273
102 274
101 274
100 274
99 274
98 275
97 275
96 275
95 275
94 275
93 275
92 276
91 276
90 276
89 276
88 276
87 276
86 276
85 276
84 276
83 276
82 276
81 276
80 276
79 277
78 277
77 277
76 277
75 277
74 277
73 277
72 277
71 277
70 277
69 277
68 277
67 277
66 277
65 277
64 277
63 277
62 277
61 277
60 277
59 277
58 277
57 277
56 277
55 277
54 277
53 278
52 278
51 278
50 278
49 278
48 278
47 278
46 279
45 279
44 279
43 279
42 280
41 281
40 282
40 283
39 284
40 285
40 286
40 287
41 288
41 289
42 290
43 291
44 292
45 293
46 293
47 292
48 292
49 291
50 291
51 291
52 290
53 290
54 290
55 290
56 290
57 290
58 290
59 290
60 291
61 291
62 292
63 293
64 293
65 294
66 295
67 296
68 297
69 298
69 299
70 300
71 301
71 302
72 303
73 304
73 305
74 306
74 307
75 308
75 309
76 310
77 311
77 312
78 313
78 314
78 315
79 316
79 317
80 318
80 319
81 320
81 321
82 322
82 323
83 324
83 325
84 326
84 327
85 328
85 329
85 330
86 331
87 332
87 333
87 334
88 335
88 336
89 337
89 338
90 339
90 340
91 341
91 342
92 343
92 344
93 345
94 346
94 347
95 348
95 349
96 350
96 351
97 352
98 353
98 354
99 355
100 356
100 357
101 358
102 359
103 360
104 361
104 362
105 362
106 363
107 364
108 365
109 366
110 367
111 367
112 368
113 368
114 369
115 370
116 370
117 370
118 371
119 371
120 371
121 371
122 372
123 372
124 372
125 372
126 372
127 372
128 372
129 372
130 373
131 373
132 373
133 374
134 374
135 374
136 375
137 375
138 375
139 376
140 376
141 376
142 377
143 377
144 378
145 378
146 378
147 379
148 379
149 380
150 380
151 381
152 381
153 381
154 382
155 382
156 383
157 383
158 383
159 384
160 384
161 385
162 385
163 386
164 386
165 386
166 387
167 387
168 388
169 388
170 389
171 389
172 389
173 390
174 390
175 391
176 391
177 391
178 392
179 392
180 393
181 393
182 393
183 394
184 394
185 395
186 395
187 395
188 396
189 396
190 396
191 397
192 397
193 397
194 398
195 398
196 398
197 399
198 399
199 399
200 399
201 400
202 400
203 400
204 400
205 400
206 401
207 401
208 401
209 401
210 401
211 401
212 401
213 401
214 401
215 401
216 401
217 401
218 401
219 401
220 401
221 401
222 401
223 401
224 401
225 401
226 401
227 401
228 401
229 401
230 401
231 401
232 401
233 401
234 401
235 401
236 401
237 401
238 401
239 401
240 401
241 400
242 400
243 400
244 400
245 400
246 399
247 399
248 399
249 399
250 398
251 398
252 398
253 398
254 397
255 397
256 397
257 396
258 396
259 396
260 396
261 395
262 395
263 394
264 394
265 394
266 393
267 393
268 393
269 392
270 392
271 392
272 391
273 391
274 390
275 390
276 389
277 389
278 388
279 388
280 388
281 387
282 387
283 386
284 386
285 386
286 385
287 385
288 384
289 384
290 383
291 382
292 382
293 382
294 381
295 381
296 380
297 380
298 379
299 379
300 378
301 378
302 377
303 377
304 376
305 375
306 375
307 374
308 374
309 373
310 373
311 372
312 372
313 371
314 370
315 370
316 369
317 369
318 368
319 367
320 367
321 366
322 366
323 365
324 364
325 364
326 363
327 362
327 361
328 360
328 359
328 358
327 357
327 356
327 355
326 354
325 353
324 352
323 351
322 351
321 350
320 349
319 348
318 348
317 347
316 347
315 346
314 345
313 345
312 344
311 344
310 343
309 343
308 342
307 342
306 341
305 341
304 341
303 340
302 340
301 339
300 339
299 339
298 338
297 338
296 337
295 337
294 337
293 336
292 336
291 335
290 335
289 335
288 334
287 334
286 334
285 333
284 333
283 333
282 332
281 332
280 332
279 331
278 331
277 331
276 330
275 330
274 330
273 330
272 329
271 329
270 329
269 328
268 328
267 328
266 327
265 327
264 327
263 326
262 326
261 326
260 326
259 325
258 325
257 325
256 324
255 324
254 324
253 324
252 323
251 323
250 323
249 323
248 322
247 322
246 322
245 322
244 321
243 321
242 321
241 321
240 320
239 320
238 320
237 319
236 319
235 319
234 319
233 319
232 318
231 318
230 318
229 318
228 317
227 317
226 317
225 316
224 316
223 316
222 316
221 316
220 315
220 314
221 313
221 312
221 311
222 310
222 309
222 308
223 307
223 306
224 305
224 304
224 303
225 302
225 301
226 300
226 299
227 298
228 297
228 296
229 295
229 294
230 293
231 292
231 291
232 290
233 289
234 288
235 287
236 286
237 285
238 284
239 283
240 283
241 282
242 281
243 281
244 280
245 279
246 279
247 278
248 278
249 278
250 277
251 277
252 277
253 277
254 277
255 276
256 276
257 276
258 276
259 276
260 276
261 276
262 276
263 276
264 276
265 276
266 276
267 276
268 276
269 276
270 277
271 277
272 277
273 277
274 277
275 278
276 278
277 278
278 279
279 279
280 279
281 279
282 280
283 280
284 280
285 281
286 281
287 281
288 282
289 282
290 282
291 283
292 283
293 283
294 284
295 284
296 285
297 285
298 285
299 286
300 286
301 287
302 287
303 287
304 288
305 288
306 288
307 289
308 289
309 290
310 290
311 290
312 291
313 291
314 291
315 292
316 292
317 292
318 292
319 293
320 293
321 293
322 293
323 294
324 294
325 294
326 294
327 294
328 294
329 294
330 294
331 294
332 294
333 294
334 294
335 293
336 293
337 293
338 292
339 292
340 291
341 290
342 289
343 289
343 288
344 287
345 286
345 285
346 284
346 283
347 282
347 281
347 280
348 279
348 278
348 277
348 276
348 275
349 274
349 273
349 272
349 271
349 270
349 269
349 268
349 267
349 266
349 265
349 264
349 263
349 262
349 261
349 260
349 259
349 258
349 257
349 256
349 255
349 254
349 253
349 252
348 251
348 250
348 249
348 248
347 247
347 246
347 245
346 244
346 243
345 242
345 241
344 240
344 239
343 238
342 237
342 236
341 235
340 234
340 233
339 232
338 231
337 230
336 229
335 228
334 227
334 226
333 225
332 224
331 223
330 222
329 221
328 220
327 219
326 218
325 217
324 216
323 215
322 214
321 213
320 212
319 211
318 210
318 209
317 208
316 207
315 206
315 205
314 204
313 203
313 202
312 201
311 200
311 199
310 198
310 197
309 196
309 195
308 194
308 193
307 192
307 191
307 190
306 189
306 188
306 187
305 186
305 185
305 184
305 183
304 182
304 181
304 180
304 179
305 178
306 177
307 177
308 177
309 176
310 176
311 175
312 175
313 174
314 174
315 173
316 173
317 172
318 172
319 171
320 170
321 170
322 169
323 169
324 168
325 167
326 167
327 166
328 165
329 165
330 164
331 163
332 163
333 162
334 161
335 160
336 159
337 159
338 158
339 157
340 156
340 155
341 154
342 153
343 152
344 151
345 150
346 149
346 148
347 147
347 146
348 145
348 144
348 143
349 142
349 141
349 140
349 139
349 138
349 137
349 136
349 135
349 134
349 133
349 132
349 131
349 130
349 129
348 128
348 127
347 126
347 125
346 124
346 123
345 122
344 121
343 120
342 119
342 118
341 117
340 116
339 116
338 115
338 114
337 114
336 113
335 112
334 112
333 111
332 110
331 109
330 109
329 108
328 108
327 107
326 106
326 105
327 104
327 103
328 102
328 101
329 100
329 99
330 98
331 97
331 96
331 95
332 94
333 93
333 92
334 91
334 90
335 89
335 88
336 87
336 86
337 85
337 84
337 83
338 82
338 81
339 80
339 79
339 78
340 77
340 76
341 75
341 74
341 73
342 72
342 71
342 70
342 69
342 68
343 67
343 66
343 65
343 64
343 63
343 62
342 61
342 60
342 59
341 58
340 57
339 56
338 56
337 55
336 55
335 55
334 55
333 55
332 55
331 55
330 55
329 55
328 55
327 55
326 55
325 55
324 55
323 56
322 56
321 56
320 56
319 56
318 57
317 57
316 57
315 57
314 57
313 58
312 58
311 58
310 58
309 59
308 59
307 59
306 59
305 59
304 60
303 60
302 60
301 60
300 61
299 61
298 61
297 61
296 61
295 61
294 61
293 61
292 62
291 62
290 62
289 62
288 61
287 61
286 61
285 61
284 61
283 60
282 60
281 59
280 58
279 58
278 57
277 57
276 56
275 56
274 55
273 54
272 54
271 53
270 52
269 52
268 51
267 50
266 49
265 49
264 48
263 47
262 46
261 46
260 45
260 44
259 44
258 43
257 42
256 41
255 40
254 39
253 39
252 38
251 37
251 36
250 36
249 35
248 34
247 33
246 32
245 31
244 30
243 29
242 29
241 28
241 27
240 26
239 26
238 25
237 24
236 23
235 23
234 22
233 21
232 20
231 19
230 19
229 18
228 17
227 17
226 16
225 15
224 15
223 14
222 14
221 13
220 12
219 12
218 12
217 11
216 11
215 10
214 10
213 9
212 9
211 8
210 8
209 7
208 7
207 7
206 6
205 6
204 6
203 6
202 5
201 5
200 5
199 4
198 4
197 4
196 4
195 4
194 3
193 3
192 3
191 3
190 3
189 2
188 2
187 2
186 2
185 2
184 2
183 2
182 1
181 1
180 1
179 1
178 1
177 1
176 1
175 1
174 1
173 1
172 1
171 1
170 1
169 1
168 1
167 1
166 1
165 1
164 1
163 1
162 1
161 1
160 1
159 1
158 1
157 1
156 1
155 1
154 1
153 1
152 1
151 1
150 1
149 1
148 1
147 1
146 1
145 1
144 1
143 1
142 1
141 1
140 1
139 1
138 1
