117 1
116 2
115 2
114 2
113 2
112 3
111 3
110 3
109 4
108 4
107 4
106 5
105 5
104 5
103 6
102 6
101 7
100 7
99 7
98 8
97 8
96 9
95 9
94 10
93 10
92 11
91 11
90 12
89 12
88 13
87 13
86 14
85 14
84 15
83 15
82 16
81 16
80 17
79 18
78 18
77 19
76 19
75 20
74 21
73 21
72 22
71 22
70 23
69 24
68 25
67 25
66 26
65 27
64 27
63 28
62 29
61 29
60 30
59 31
58 32
57 32
56 33
55 34
54 34
53 35
52 36
51 37
50 37
49 38
48 39
47 40
46 41
45 42
44 42
43 43
42 44
41 45
40 46
39 47
38 47
37 48
36 49
35 50
34 51
33 52
32 53
31 54
30 55
29 56
28 57
27 58
26 59
25 60
24 61
23 61
22 62
21 62
20 63
19 64
18 64
17 64
16 65
15 66
14 66
13 67
12 68
11 68
10 69
9 70
8 70
7 71
6 72
5 72
4 73
4 74
3 75
2 76
1 77
1 78
1 79
1 80
1 81
1 82
1 83
1 84
1 85
2 86
3 87
3 88
4 89
5 90
6 91
7 92
8 93
9 94
10 94
11 95
12 96
13 97
14 98
15 98
16 99
17 100
18 101
19 102
20 103
21 104
22 105
23 106
24 106
25 107
26 108
27 109
28 110
29 111
30 112
31 113
32 114
32 115
33 116
34 117
35 118
36 119
37 120
37 121
38 122
38 123
39 124
40 125
41 126
41 127
42 128
42 129
43 130
43 131
44 132
44 133
45 134
45 135
46 136
46 137
47 138
47 139
47 140
48 141
48 142
48 143
49 144
49 145
49 146
49 147
50 148
50 149
50 150
50 151
51 152
51 153
51 154
51 155
51 156
51 157
52 158
52 159
52 160
52 161
52 162
52 163
52 164
52 165
52 166
52 167
52 168
52 169
52 170
52 171
52 172
52 173
52 174
52 175
52 176
52 177
52 178
52 179
52 180
52 181
52 182
52 183
51 184
51 185
51 186
51 187
51 188
51 189
50 190
50 191
50 192
50 193
50 194
49 195
49 196
49 197
49 198
48 199
48 200
48 201
47 202
47 203
47 204
47 205
46 206
46 207
46 208
45 209
45 210
44 211
44 212
44 213
43 214
43 215
42 216
42 217
42 218
41 219
41 220
40 221
40 222
39 223
39 224
38 225
38 226
37 227
37 228
36 229
36 230
35 231
35 232
34 233
34 234
33 235
32 236
32 237
31 238
31 239
30 240
30 241
29 242
29 243
28 244
28 245
27 246
27 247
26 248
25 249
25 250
24 251
24 252
23 253
23 254
22 255
22 256
21 257
21 258
20 259
20 260
19 261
19 262
19 263
18 264
18 265
17 266
17 267
17 268
16 269
16 270
16 271
15 272
15 273
15 274
15 275
14 276
14 277
14 278
14 279
14 280
14 281
14 282
14 283
14 284
14 285
14 286
14 287
14 288
14 289
14 290
14 291
15 292
15 293
15 294
15 295
16 296
16 297
16 298
17 299
17 300
18 301
18 302
19 303
19 304
20 305
21 306
21 307
22 308
23 309
23 310
24 311
25 312
25 313
26 314
27 315
28 316
29 317
30 318
31 319
32 318
33 317
34 317
35 316
36 316
37 316
38 315
39 315
40 315
41 315
42 314
43 314
44 314
45 315
46 315
47 315
48 315
49 316
50 316
51 317
52 318
53 319
54 320
55 321
56 322
57 323
58 324
58 325
59 326
60 327
60 328
61 329
62 330
62 331
63 332
64 333
64 334
65 335
65 336
66 337
66 338
67 339
67 340
68 341
68 342
69 343
70 344
70 345
71 346
71 347
72 348
73 349
73 350
74 351
74 352
75 353
76 354
76 355
77 356
78 357
79 358
79 359
80 360
81 360
82 361
82 362
83 363
84 364
85 365
86 365
87 366
88 367
89 367
90 368
91 368
92 369
93 369
94 370
95 370
96 371
97 371
98 371
99 371
100 371
101 372
102 372
103 372
104 372
105 372
106 372
107 372
108 372
109 372
110 373
111 373
112 373
113 374
114 374
115 374
116 375
117 375
118 375
119 376
120 376
121 376
122 377
123 377
124 378
125 378
126 379
127 379
128 379
129 380
130 380
131 381
132 381
133 381
134 382
135 382
136 382
137 383
138 383
139 384
140 384
141 385
142 385
143 385
144 386
145 386
146 387
147 387
148 388
149 388
150 388
151 389
152 389
153 390
154 390
155 391
156 391
157 391
158 392
159 392
160 393
161 393
162 393
163 394
164 394
165 395
166 395
167 395
168 396
169 396
170 396
171 397
172 397
173 397
174 398
175 398
176 398
177 399
178 399
179 399
180 399
181 400
182 400
183 400
184 400
185 400
186 401
187 401
188 401
189 401
190 401
191 401
192 401
193 401
194 401
195 401
196 401
197 401
198 401
199 401
200 401
201 401
202 401
203 401
204 401
205 401
206 401
207 401
208 401
209 401
210 401
211 401
212 401
213 401
214 401
215 401
216 401
217 401
218 401
219 401
220 401
221 400
222 400
223 400
224 400
225 400
226 399
227 399
228 399
229 399
230 398
231 398
232 398
233 398
234 397
235 397
236 397
237 396
238 396
239 396
240 396
241 395
242 395
243 394
244 394
245 394
246 393
247 393
248 393
249 392
250 392
251 392
252 391
253 391
254 390
255 390
256 390
257 389
258 389
259 388
260 388
261 387
262 387
263 386
264 386
265 385
266 385
267 385
268 384
269 383
270 383
271 383
272 382
273 381
274 381
275 381
276 380
277 380
278 379
279 379
280 378
281 377
282 377
283 377
284 376
285 375
286 375
287 374
288 374
289 373
290 373
291 372
292 372
293 371
294 371
295 370
296 369
297 369
298 368
299 368
300 367
301 366
302 366
303 365
304 364
305 364
305 363
306 362
307 361
307 360
307 359
307 358
307 357
307 356
307 355
307 354
307 353
306 352
306 351
306 350
305 349
305 348
304 347
304 346
303 345
303 344
302 343
301 342
301 341
300 340
299 339
298 338
298 337
297 336
296 335
295 334
294 333
293 332
292 331
291 330
291 329
290 328
289 327
288 326
287 325
286 324
285 323
284 322
283 321
282 320
281 319
280 318
279 317
278 316
277 315
276 314
275 313
274 312
273 312
272 311
271 310
270 309
269 308
268 307
267 306
266 305
265 304
264 304
263 303
262 302
261 301
260 300
259 299
258 298
257 297
256 296
255 296
254 295
253 294
252 293
251 293
250 292
249 291
248 290
247 289
246 288
245 288
244 287
243 286
242 285
241 284
240 283
239 283
238 282
237 281
236 280
235 280
234 279
233 278
232 277
231 277
230 276
229 275
228 274
227 273
226 273
225 272
224 271
223 270
222 269
221 269
220 268
219 267
218 266
217 266
216 265
215 264
214 263
213 262
212 262
211 261
210 260
209 259
208 259
207 258
206 257
205 256
204 256
203 255
202 254
201 253
200 253
199 252
198 251
197 250
196 249
195 249
194 248
193 247
192 246
191 245
190 244
189 244
188 243
187 242
186 241
185 240
185 239
186 238
186 237
186 236
187 235
187 234
187 233
188 232
188 231
189 230
189 229
190 228
190 227
191 226
191 225
192 224
193 223
193 222
194 221
195 220
196 219
197 218
198 217
199 216
200 215
201 215
202 214
203 214
204 213
205 213
206 213
207 212
208 212
209 212
210 212
211 212
212 212
213 212
214 212
215 212
216 213
217 213
218 213
219 213
220 214
221 214
222 215
223 215
224 215
225 216
226 216
227 217
228 217
229 218
230 218
231 219
232 220
233 220
234 221
235 222
236 222
237 223
238 224
239 224
240 225
241 226
242 227
243 228
244 228
245 229
246 230
247 231
248 232
249 233
250 234
251 235
252 235
253 236
254 237
255 238
256 239
257 240
258 241
259 242
260 243
261 244
262 245
263 246
264 246
265 247
266 248
267 249
268 250
269 251
270 252
271 253
272 254
273 255
273 256
274 256
275 257
275 258
276 259
277 260
278 261
279 261
280 262
281 263
281 264
282 264
283 265
283 266
284 266
285 267
286 268
287 269
288 270
289 271
290 272
291 273
292 274
293 275
294 276
295 277
296 277
297 278
298 279
299 280
300 281
301 282
302 282
303 283
304 284
305 284
306 285
307 285
308 286
309 286
310 287
311 288
312 288
313 288
314 289
315 289
316 289
317 289
318 289
319 289
320 289
321 288
322 288
323 287
324 286
325 285
326 284
326 283
327 282
327 281
328 280
328 279
328 278
328 277
328 276
328 275
329 274
329 273
329 272
329 271
329 270
329 269
329 268
329 267
329 266
329 265
329 264
329 263
329 262
329 261
329 260
329 259
329 258
329 257
329 256
329 255
329 254
329 253
329 252
328 251
328 250
328 249
328 248
327 247
327 246
327 245
326 244
326 243
325 242
325 241
324 240
324 239
323 238
322 237
322 236
321 235
320 234
320 233
319 232
318 231
317 230
316 229
315 228
314 227
314 226
313 225
312 224
311 223
310 222
309 221
308 220
307 219
306 218
305 217
304 216
303 215
302 214
301 213
300 212
299 211
298 210
298 209
297 208
296 207
295 206
295 205
294 204
293 203
293 202
292 201
291 200
291 199
290 198
290 197
289 196
289 195
288 194
288 193
287 192
287 191
287 190
286 189
286 188
286 187
285 186
285 185
285 184
285 183
284 182
284 181
284 180
284 179
285 178
286 177
287 177
288 177
289 176
290 176
291 175
292 175
293 174
294 174
295 173
296 173
297 172
298 172
299 171
300 170
301 170
302 169
303 169
304 168
305 167
306 167
307 166
308 165
309 165
310 164
311 163
312 163
313 162
314 161
315 160
316 160
316 159
317 158
318 158
319 157
319 156
320 155
321 155
321 154
322 153
323 152
324 151
325 150
326 149
326 148
327 147
327 146
328 145
328 144
328 143
329 142
329 141
329 140
329 139
329 138
329 137
329 136
329 135
329 134
329 133
329 132
329 131
329 130
329 129
328 128
328 127
327 126
327 125
326 124
326 123
325 122
324 121
323 120
322 119
322 118
321 117
320 116
319 116
318 115
317 114
316 113
315 112
314 111
313 111
312 110
311 109
310 109
309 108
308 108
307 107
306 106
306 105
307 104
307 103
308 102
308 101
309 100
309 99
310 98
311 97
311 96
311 95
312 94
313 93
313 92
314 91
314 90
315 89
315 88
316 87
316 86
317 85
317 84
317 83
318 82
318 81
319 80
319 79
319 78
320 77
320 76
321 75
321 74
321 73
322 72
322 71
322 70
322 69
322 68
323 67
323 66
323 65
323 64
323 63
323 62
322 61
322 60
322 59
321 58
320 57
319 56
318 56
317 55
316 55
315 55
314 55
313 55
312 55
311 55
310 55
309 55
308 55
307 55
306 55
305 55
304 55
303 56
302 56
301 56
300 56
299 56
298 57
297 57
296 57
295 57
294 57
293 58
292 58
291 58
290 58
289 59
288 59
287 59
286 59
285 59
284 60
283 60
282 60
281 60
280 61
279 61
278 61
277 61
276 61
275 61
274 61
273 61
272 62
271 62
270 62
269 62
268 61
267 61
266 61
265 61
264 61
263 60
262 60
261 59
260 58
259 58
258 57
257 57
256 56
255 56
254 55
253 54
252 54
251 53
250 52
249 52
248 51
247 50
246 49
245 49
244 48
243 47
242 46
241 46
240 45
239 44
238 43
237 42
236 41
235 40
234 40
233 39
232 38
232 37
231 37
230 36
229 35
228 34
227 33
226 32
225 31
224 30
223 29
222 28
221 27
220 27
219 26
218 25
217 24
216 23
215 22
214 22
213 21
212 20
211 19
210 19
209 18
208 17
207 17
206 16
205 15
204 15
203 14
202 14
201 13
200 12
199 12
198 11
197 11
196 11
195 10
194 10
193 9
192 9
191 8
190 8
189 7
188 7
187 7
186 6
185 6
184 6
183 6
182 5
181 5
180 5
179 4
178 4
177 4
176 4
175 4
174 3
173 3
172 3
171 3
170 3
169 2
168 2
167 2
166 2
165 2
164 2
163 2
162 1
161 1
160 1
159 1
158 1
157 1
156 1
155 1
154 1
153 1
152 1
151 1
150 1
149 1
148 1
147 1
146 1
145 1
144 1
143 1
142 1
141 1
140 1
139 1
138 1
137 1
136 1
135 1
134 1
133 1
132 1
131 1
130 1
129 1
128 1
127 1
126 1
125 1
124 1
123 1
122 1
121 1
120 1
119 1
118 1
