117 1
116 2
115 2
114 2
113 2
112 3
111 3
110 3
109 4
108 4
107 4
106 5
105 5
104 5
103 6
102 6
101 7
100 7
99 7
98 8
97 8
96 9
95 9
94 10
93 10
92 11
91 11
90 12
89 12
88 13
87 13
86 14
85 14
84 15
83 15
82 16
81 16
80 17
79 18
78 18
77 19
76 19
75 20
74 21
73 21
72 22
71 22
70 23
69 24
68 25
67 25
66 26
65 27
64 27
63 28
62 29
61 29
60 30
59 31
58 32
57 32
56 33
55 34
54 34
53 35
52 36
51 37
50 37
49 38
48 39
47 40
46 41
45 42
44 42
43 43
42 44
41 45
40 46
39 47
38 47
37 48
36 49
35 50
34 51
33 52
32 53
31 54
30 55
29 56
28 57
27 58
26 59
25 60
24 61
23 61
22 62
21 62
20 63
19 64
18 64
17 64
16 65
15 66
14 66
13 67
12 68
11 68
10 69
9 70
8 70
7 71
6 72
5 72
4 73
4 74
3 75
2 76
1 77
1 78
1 79
1 80
1 81
1 82
1 83
1 84
1 85
2 86
3 87
3 88
4 89
5 90
6 91
7 92
8 93
9 94
10 94
11 95
12 96
13 97
14 98
15 98
16 99
17 100
18 101
19 102
20 103
21 104
22 105
23 106
24 106
25 107
26 108
27 109
28 110
29 111
30 112
31 113
32 114
32 115
33 116
34 117
35 118
36 119
37 120
37 121
38 122
38 123
39 124
40 125
41 126
41 127
42 128
42 129
43 130
43 131
44 132
44 133
45 134
45 135
46 136
46 137
47 138
47 139
47 140
48 141
48 142
48 143
49 144
49 145
49 146
49 147
50 148
50 149
50 150
50 151
51 152
51 153
51 154
51 155
51 156
51 157
52 158
52 159
52 160
52 161
52 162
52 163
52 164
52 165
52 166
52 167
52 168
52 169
52 170
52 171
52 172
52 173
52 174
52 175
52 176
52 177
52 178
52 179
52 180
52 181
52 182
52 183
52 184
52 185
52 186
52 187
52 188
52 189
52 190
53 191
53 192
53 193
53 194
53 195
53 196
53 197
53 198
53 199
54 200
54 201
54 202
55 203
56 204
57 205
58 205
59 205
60 205
61 204
62 204
63 204
64 203
65 203
66 203
67 202
68 202
69 201
70 201
71 201
72 201
73 200
74 200
75 200
76 200
77 200
78 200
79 200
80 200
81 200
82 200
83 200
84 200
85 201
86 201
87 201
88 201
89 202
90 202
91 203
92 203
93 203
94 204
95 204
96 205
97 206
98 206
99 207
100 208
101 208
102 209
103 210
104 211
105 211
106 212
107 213
108 214
109 215
110 216
111 217
112 218
113 219
114 218
115 217
116 217
117 217
118 217
119 217
120 218
121 219
121 220
121 221
122 222
122 223
122 224
122 225
122 226
122 227
121 228
121 229
121 230
121 231
121 232
121 233
121 234
120 235
120 236
120 237
120 238
120 239
119 240
119 241
119 242
119 243
119 244
118 245
118 246
118 247
118 248
117 249
117 250
117 251
117 252
116 253
116 254
116 255
116 256
115 257
115 258
115 259
115 260
114 261
114 262
114 263
114 264
113 265
113 266
113 267
112 268
112 269
112 270
112 271
111 272
111 273
111 274
111 275
110 276
110 277
110 278
109 279
109 280
109 281
109 282
108 283
108 284
108 285
107 286
107 287
107 288
107 289
106 290
106 291
106 292
106 293
105 294
105 295
105 296
105 297
104 298
104 299
104 300
104 301
103 302
103 303
103 304
103 305
102 306
102 307
102 308
102 309
101 310
101 311
101 312
101 313
100 314
100 315
100 316
100 317
99 318
99 319
99 320
99 321
99 322
98 323
98 324
98 325
98 326
98 327
97 328
97 329
97 330
97 331
97 332
96 333
96 334
96 335
96 336
96 337
96 338
96 339
95 340
95 341
95 342
95 343
95 344
95 345
95 346
95 347
95 348
95 349
95 350
95 351
94 352
94 353
94 354
95 355
95 356
95 357
95 358
95 359
95 360
95 361
95 362
96 363
96 364
96 365
97 366
97 367
98 368
99 369
100 370
101 371
102 371
103 371
104 372
105 372
106 372
107 372
108 372
109 372
110 373
111 373
112 373
113 374
114 374
115 374
116 375
117 375
118 375
119 376
120 376
121 376
122 377
123 377
124 378
125 378
126 379
127 379
128 379
129 380
130 380
131 381
132 381
133 381
134 382
135 382
136 382
137 383
138 383
139 384
140 384
141 385
142 385
143 385
144 386
145 386
146 387
147 387
148 388
149 388
150 388
151 389
152 389
153 390
154 390
155 391
156 391
157 391
158 392
159 392
160 393
161 393
162 393
163 394
164 394
165 395
166 395
167 395
168 396
169 396
170 396
171 397
172 397
173 397
174 398
175 398
176 398
177 399
178 399
179 399
180 399
181 400
182 400
183 400
184 400
185 400
186 401
187 401
188 401
189 401
190 401
191 401
192 401
193 401
194 401
195 401
196 401
197 401
198 401
199 401
200 401
201 401
202 401
203 401
204 401
205 401
206 401
207 401
208 401
209 401
210 401
211 401
212 401
213 401
214 401
215 401
216 401
217 401
218 401
219 401
220 401
221 400
222 400
223 400
224 400
225 400
226 399
227 399
228 399
229 399
230 398
231 398
232 398
233 398
234 397
235 397
236 397
237 396
238 396
239 396
240 396
241 395
242 395
243 394
244 394
245 394
246 393
247 393
248 393
249 392
250 392
251 392
252 391
253 391
254 390
255 390
256 390
257 389
258 389
259 388
260 388
261 387
262 387
263 386
264 386
265 385
266 385
267 385
268 384
269 383
270 383
271 383
272 382
273 381
274 381
275 381
276 380
277 380
278 379
279 379
280 378
281 377
282 377
283 377
284 376
285 375
286 375
287 374
288 374
289 373
290 373
291 372
292 372
293 371
294 371
295 370
296 369
297 369
298 368
299 368
300 367
301 366
302 366
303 365
304 364
305 364
306 363
307 362
307 361
308 360
308 359
308 358
307 357
307 356
307 355
306 354
305 353
304 352
303 351
302 351
301 350
300 349
299 348
298 348
297 347
296 346
295 346
294 345
293 345
292 344
291 344
290 343
289 343
288 342
287 342
286 341
285 341
284 340
283 340
282 340
281 339
280 339
279 339
278 338
277 338
276 337
275 337
274 337
273 336
272 336
271 335
270 335
269 335
268 334
267 334
266 334
265 333
264 333
263 333
262 332
261 332
260 332
259 331
258 331
257 331
256 330
255 330
254 330
253 329
252 329
251 329
250 329
249 328
248 328
247 328
246 327
245 327
244 327
243 327
242 326
241 326
240 326
239 325
238 325
237 325
236 325
235 324
234 324
233 324
232 323
231 323
230 323
229 323
228 322
227 322
226 322
225 322
224 321
223 321
222 321
221 321
220 320
219 320
218 320
217 319
216 319
215 319
214 319
213 318
212 318
211 318
210 318
209 317
208 317
207 317
206 317
205 317
204 316
203 316
202 316
201 315
200 314
201 313
201 312
201 311
202 310
202 309
202 308
203 307
203 306
204 305
204 304
204 303
205 302
205 301
206 300
207 299
207 298
208 297
208 296
209 295
210 294
210 293
211 292
211 291
212 290
213 289
214 288
215 287
216 286
217 285
218 284
219 283
220 283
221 282
222 281
223 281
224 280
225 279
226 279
227 278
228 278
229 278
230 277
231 277
232 277
233 277
234 277
235 276
236 276
237 276
238 276
239 276
240 276
241 276
242 276
243 276
244 276
245 276
246 276
247 276
248 276
249 276
250 277
251 277
252 277
253 277
254 277
255 278
256 278
257 278
258 278
259 279
260 279
261 279
262 280
263 280
264 280
265 281
266 281
267 281
268 282
269 282
270 282
271 283
272 283
273 283
274 284
275 284
276 285
277 285
278 285
279 286
280 286
281 287
282 287
283 287
284 288
285 288
286 288
287 289
288 289
289 289
290 290
291 290
292 291
293 291
294 291
295 292
296 292
297 292
298 292
299 293
300 293
301 293
302 293
303 294
304 294
305 294
306 294
307 294
308 294
309 294
310 294
311 294
312 294
313 294
314 294
315 293
316 293
317 293
318 292
319 292
320 291
321 290
322 289
323 289
323 288
324 287
325 286
325 285
326 284
326 283
327 282
327 281
328 280
328 279
328 278
328 277
328 276
328 275
329 274
329 273
329 272
329 271
329 270
329 269
329 268
329 267
329 266
329 265
329 264
329 263
329 262
329 261
329 260
329 259
329 258
329 257
329 256
329 255
329 254
329 253
329 252
328 251
328 250
328 249
328 248
327 247
327 246
327 245
326 244
326 243
325 242
325 241
324 240
324 239
323 238
322 237
322 236
321 235
320 234
320 233
319 232
318 231
317 230
316 229
315 228
314 227
314 226
313 225
312 224
311 223
310 222
309 221
308 220
307 219
306 218
305 217
304 216
303 215
302 214
301 213
300 212
299 211
298 210
298 209
297 208
296 207
295 206
295 205
294 204
293 203
293 202
292 201
291 200
291 199
290 198
290 197
289 196
289 195
288 194
288 193
287 192
287 191
287 190
286 189
286 188
286 187
285 186
285 185
285 184
285 183
284 182
284 181
284 180
284 179
285 178
286 177
287 177
288 177
289 176
290 176
291 175
292 175
293 174
294 174
295 173
296 173
297 172
298 172
299 171
300 170
301 170
302 169
303 169
304 168
305 167
306 167
307 166
308 165
309 165
310 164
311 163
312 163
313 162
314 161
315 160
316 160
316 159
317 158
318 158
319 157
319 156
320 155
321 155
321 154
322 153
323 152
324 151
325 150
326 149
326 148
327 147
327 146
328 145
328 144
328 143
329 142
329 141
329 140
329 139
329 138
329 137
329 136
329 135
329 134
329 133
329 132
329 131
329 130
329 129
328 128
328 127
327 126
327 125
326 124
326 123
325 122
324 121
323 120
322 119
322 118
321 117
320 116
319 116
318 115
317 114
316 113
315 112
314 111
313 111
312 110
311 109
310 109
309 108
308 108
307 107
306 106
306 105
307 104
307 103
308 102
308 101
309 100
309 99
310 98
311 97
311 96
311 95
312 94
313 93
313 92
314 91
314 90
315 89
315 88
316 87
316 86
317 85
317 84
317 83
318 82
318 81
319 80
319 79
319 78
320 77
320 76
321 75
321 74
321 73
322 72
322 71
322 70
322 69
322 68
323 67
323 66
323 65
323 64
323 63
323 62
322 61
322 60
322 59
321 58
320 57
319 56
318 56
317 55
316 55
315 55
314 55
313 55
312 55
311 55
310 55
309 55
308 55
307 55
306 55
305 55
304 55
303 56
302 56
301 56
300 56
299 56
298 57
297 57
296 57
295 57
294 57
293 58
292 58
291 58
290 58
289 59
288 59
287 59
286 59
285 59
284 60
283 60
282 60
281 60
280 61
279 61
278 61
277 61
276 61
275 61
274 61
273 61
272 62
271 62
270 62
269 62
268 61
267 61
266 61
265 61
264 61
263 60
262 60
261 59
260 58
259 58
258 57
257 57
256 56
255 56
254 55
253 54
252 54
251 53
250 52
249 52
248 51
247 50
246 49
245 49
244 48
243 47
242 46
241 46
240 45
239 44
238 43
237 42
236 41
235 40
234 40
233 39
232 38
232 37
231 37
230 36
229 35
228 34
227 33
226 32
225 31
224 30
223 29
222 28
221 27
220 27
219 26
218 25
217 24
216 23
215 22
214 22
213 21
212 20
211 19
210 19
209 18
208 17
207 17
206 16
205 15
204 15
203 14
202 14
201 13
200 12
199 12
198 11
197 11
196 11
195 10
194 10
193 9
192 9
191 8
190 8
189 7
188 7
187 7
186 6
185 6
184 6
183 6
182 5
181 5
180 5
179 4
178 4
177 4
176 4
175 4
174 3
173 3
172 3
171 3
170 3
169 2
168 2
167 2
166 2
165 2
164 2
163 2
162 1
161 1
160 1
159 1
158 1
157 1
156 1
155 1
154 1
153 1
152 1
151 1
150 1
149 1
148 1
147 1
146 1
145 1
144 1
143 1
142 1
141 1
140 1
139 1
138 1
137 1
136 1
135 1
134 1
133 1
132 1
131 1
130 1
129 1
128 1
127 1
126 1
125 1
124 1
123 1
122 1
121 1
120 1
119 1
118 1
