218 1
217 2
216 2
215 2
214 2
213 3
212 3
211 3
210 3
209 4
208 4
207 4
206 4
205 5
204 5
203 5
202 5
201 6
200 6
199 6
198 6
197 7
196 7
195 7
194 7
193 7
192 8
191 8
190 8
189 8
188 8
187 9
186 9
185 9
184 9
183 9
182 9
181 9
180 10
179 10
178 10
177 10
176 10
175 10
174 10
173 10
172 11
171 11
170 11
169 11
168 11
167 11
166 11
165 11
164 11
163 11
162 11
161 11
160 12
159 12
158 12
157 12
156 12
155 12
154 12
153 12
152 12
151 12
150 12
149 12
148 12
147 12
146 12
145 12
144 12
143 12
142 12
141 12
140 12
139 11
138 11
137 11
136 11
135 11
134 11
133 10
132 10
131 10
130 10
129 10
128 10
127 9
126 9
125 9
124 9
123 9
122 9
121 9
120 8
119 8
118 8
117 8
116 8
115 8
114 8
113 8
112 7
111 7
110 7
109 7
108 7
107 7
106 7
105 7
104 6
103 6
102 6
101 6
100 6
99 6
98 6
97 6
96 6
95 5
94 5
93 5
92 5
91 5
90 5
89 5
88 5
87 5
86 5
85 5
84 4
83 4
82 4
81 4
80 4
79 4
78 4
77 4
76 4
75 4
74 4
73 4
72 4
71 4
70 4
69 4
68 4
67 4
66 4
65 4
64 4
63 4
62 4
61 4
60 4
59 4
58 4
57 4
56 4
55 4
54 4
53 4
52 4
51 4
50 4
49 4
48 4
47 4
46 4
45 4
44 5
43 5
42 5
41 5
40 5
39 5
38 6
37 6
36 6
35 6
34 7
33 7
32 7
31 8
30 8
29 9
28 10
27 10
26 11
25 12
24 13
23 13
22 14
21 14
20 15
19 15
18 16
17 16
16 17
15 18
14 18
13 19
12 19
11 20
10 21
9 22
8 22
7 23
6 24
5 24
4 25
3 26
2 27
2 28
1 29
1 30
1 31
1 32
1 33
1 34
1 35
1 36
1 37
2 38
3 39
4 40
4 41
5 42
6 43
7 44
8 44
9 45
10 46
11 47
12 48
13 49
14 50
15 50
16 51
17 52
18 53
19 54
20 54
21 55
22 56
23 57
24 58
25 59
26 60
27 61
28 62
29 63
30 64
31 65
32 66
33 67
33 68
34 69
35 70
36 71
37 72
37 73
38 74
39 75
39 76
40 77
41 78
41 79
42 80
42 81
43 82
44 83
44 84
44 85
45 86
45 87
46 88
46 89
47 90
47 91
47 92
48 93
48 94
48 95
49 96
49 97
49 98
49 99
50 100
50 101
50 102
50 103
51 104
51 105
51 106
51 107
51 108
51 109
52 110
52 111
52 112
52 113
52 114
52 115
52 116
52 117
52 118
52 119
52 120
52 121
52 122
52 123
52 124
52 125
52 126
52 127
52 128
52 129
52 130
52 131
52 132
52 133
52 134
52 135
51 136
51 137
51 138
51 139
51 140
51 141
50 142
50 143
50 144
50 145
50 146
49 147
49 148
49 149
49 150
48 151
48 152
48 153
47 154
47 155
47 156
46 157
46 158
46 159
46 160
45 161
45 162
44 163
44 164
44 165
43 166
43 167
42 168
42 169
42 170
41 171
41 172
40 173
40 174
39 175
39 176
38 177
38 178
37 179
37 180
36 181
36 182
35 183
34 184
34 185
33 186
33 187
32 188
32 189
31 190
31 191
30 192
30 193
29 194
29 195
28 196
28 197
27 198
26 199
26 200
25 201
25 202
24 203
24 204
23 205
23 206
22 207
22 208
21 209
21 210
20 211
20 212
19 213
19 214
18 215
18 216
18 217
17 218
17 219
17 220
16 221
16 222
16 223
15 224
15 225
15 226
15 227
14 228
14 229
14 230
14 231
14 232
14 233
14 234
14 235
14 236
14 237
14 238
14 239
14 240
14 241
14 242
14 243
15 244
15 245
15 246
15 247
16 248
16 249
17 250
17 251
17 252
18 253
18 254
19 255
20 256
20 257
21 258
21 259
22 260
23 261
23 262
24 263
25 264
25 265
26 266
27 267
28 268
29 269
30 270
31 271
32 270
33 269
34 269
35 268
36 268
37 268
38 267
39 267
40 267
41 267
42 266
43 266
44 266
45 267
46 267
47 267
48 267
49 268
50 268
51 269
52 270
53 271
54 272
55 273
56 274
57 275
58 276
58 277
59 278
60 279
60 280
61 281
62 282
62 283
63 284
63 285
64 286
65 287
65 288
66 289
66 290
67 291
67 292
68 293
69 294
69 295
70 296
70 297
71 298
71 299
72 300
72 301
73 302
74 303
74 304
75 305
76 306
77 307
77 308
78 309
79 310
80 311
81 312
81 313
82 314
83 314
84 315
85 316
86 317
87 318
88 319
89 319
90 320
91 320
92 321
93 321
94 322
95 322
96 323
97 323
98 323
99 323
100 323
101 324
102 324
103 324
104 324
105 324
106 324
107 324
108 324
109 324
110 325
111 325
112 325
113 326
114 326
115 326
116 327
117 327
118 327
119 328
120 328
121 328
122 329
123 329
124 330
125 330
126 331
127 331
128 331
129 332
130 332
131 333
132 333
133 333
134 334
135 334
136 334
137 335
138 335
139 336
140 336
141 337
142 337
143 337
144 338
145 338
146 339
147 339
148 340
149 340
150 340
151 341
152 341
153 342
154 342
155 343
156 343
157 343
158 344
159 344
160 345
161 345
162 345
163 346
164 346
165 347
166 347
167 347
168 348
169 348
170 348
171 349
172 349
173 349
174 350
175 350
176 350
177 351
178 351
179 351
180 351
181 352
182 352
183 352
184 352
185 352
186 353
187 353
188 353
189 353
190 353
191 353
192 353
193 353
194 353
195 353
196 353
197 353
198 353
199 353
200 353
201 353
202 353
203 353
204 353
205 353
206 353
207 353
208 353
209 353
210 353
211 353
212 353
213 353
214 353
215 353
216 353
217 353
218 353
219 353
220 353
221 352
222 352
223 352
224 352
225 352
226 351
227 351
228 351
229 351
230 350
231 350
232 350
233 350
234 349
235 349
236 349
237 348
238 348
239 348
240 348
241 347
242 347
243 346
244 346
245 346
246 345
247 345
248 345
249 344
250 344
251 344
252 343
253 343
254 342
255 342
256 342
257 341
258 341
259 340
260 340
261 339
262 339
263 338
264 338
265 337
266 337
267 336
268 336
269 335
270 335
271 335
272 334
273 333
274 333
275 333
276 332
277 331
278 331
279 331
280 330
281 329
282 329
283 329
284 328
285 327
286 327
287 326
288 326
289 325
290 325
291 324
292 324
293 323
294 323
295 322
296 321
297 321
298 320
299 320
300 319
301 318
302 318
303 317
304 316
305 316
306 315
307 314
307 313
308 312
308 311
308 310
307 309
307 308
307 307
306 306
305 305
304 304
303 303
302 302
301 302
300 301
299 300
298 300
297 299
296 298
295 298
294 297
293 297
292 296
291 296
290 295
289 295
288 294
287 294
286 293
285 293
284 292
283 292
282 292
281 291
280 291
279 291
278 290
277 290
276 289
275 289
274 289
273 288
272 288
271 287
270 287
269 287
268 286
267 286
266 286
265 285
264 285
263 285
262 284
261 284
260 284
259 283
258 283
257 283
256 282
255 282
254 282
253 281
252 281
251 281
250 281
249 280
248 280
247 280
246 279
245 279
244 279
243 278
242 278
241 278
240 278
239 277
238 277
237 277
236 276
235 276
234 276
233 276
232 275
231 275
230 275
229 274
228 274
227 274
226 274
225 273
224 273
223 273
222 273
221 272
220 272
219 272
218 272
217 271
216 271
215 271
214 271
213 270
212 270
211 270
210 270
209 269
208 269
207 269
206 269
205 268
204 268
203 268
202 268
201 267
200 266
201 265
201 264
201 263
202 262
202 261
202 260
203 259
203 258
204 257
204 256
204 255
205 254
206 253
206 252
206 251
207 250
208 249
208 248
209 247
209 246
210 245
211 244
211 243
212 242
213 241
214 240
215 239
216 238
217 237
218 236
219 235
220 235
221 234
222 233
223 233
224 232
225 232
226 231
227 231
228 230
229 230
230 229
231 229
232 229
233 229
234 228
235 228
236 228
237 228
238 228
239 228
240 228
241 228
242 228
243 228
244 228
245 228
246 228
247 228
248 228
249 228
250 229
251 229
252 229
253 229
254 229
255 230
256 230
257 230
258 230
259 231
260 231
261 231
262 231
263 232
264 232
265 232
266 233
267 233
268 234
269 234
270 234
271 235
272 235
273 235
274 236
275 236
276 237
277 237
278 237
279 238
280 238
281 238
282 239
283 239
284 240
285 240
286 240
287 241
288 241
289 241
290 242
291 242
292 242
293 243
294 243
295 243
296 244
297 244
298 244
299 245
300 245
301 245
302 245
303 245
304 246
305 246
306 246
307 246
308 246
309 246
310 246
311 246
312 246
313 246
314 246
315 245
316 245
317 245
318 244
319 244
320 243
321 242
322 241
323 240
324 239
325 238
325 237
326 236
326 235
327 234
327 233
328 232
328 231
328 230
328 229
328 228
328 227
329 226
329 225
329 224
329 223
329 222
329 221
329 220
329 219
329 218
329 217
329 216
329 215
329 214
329 213
329 212
329 211
329 210
329 209
329 208
329 207
329 206
329 205
329 204
328 203
328 202
328 201
328 200
327 199
327 198
327 197
326 196
326 195
325 194
325 193
324 192
324 191
323 190
322 189
322 188
321 187
321 186
320 185
319 184
318 183
317 182
317 181
316 180
315 179
314 178
313 177
312 176
311 175
310 174
309 173
308 172
307 171
306 170
305 169
304 168
303 167
302 166
301 165
300 164
299 163
299 162
298 161
297 160
296 159
295 158
295 157
294 156
293 155
293 154
292 153
292 152
291 151
290 150
290 149
289 148
289 147
288 146
288 145
288 144
287 143
287 142
287 141
286 140
286 139
285 138
285 137
285 136
285 135
284 134
284 133
284 132
284 131
285 130
286 129
287 129
288 129
289 128
290 128
291 127
292 126
293 126
294 126
295 125
296 125
297 124
298 123
299 123
300 122
301 122
302 121
303 121
304 120
305 119
306 119
307 118
308 117
309 117
310 116
311 115
312 115
313 114
314 113
315 112
316 111
317 110
318 110
319 109
319 108
320 107
321 106
322 105
323 104
324 103
325 102
325 101
326 100
327 99
327 98
328 97
328 96
328 95
329 94
329 93
329 92
329 91
329 90
329 89
329 88
329 87
329 86
329 85
329 84
329 83
329 82
329 81
328 80
328 79
327 78
327 77
326 76
326 75
325 74
324 73
323 72
322 71
321 70
321 69
320 68
319 67
318 67
317 66
316 65
315 64
314 63
313 63
312 62
311 61
310 60
309 60
308 59
307 59
306 58
306 57
306 56
307 55
308 54
308 53
309 52
309 51
310 50
311 49
311 48
312 47
312 46
313 45
313 44
314 43
314 42
314 41
315 40
315 39
316 38
316 37
317 36
317 35
318 34
318 33
319 32
319 31
319 30
320 29
320 28
321 27
321 26
321 25
321 24
322 23
322 22
322 21
322 20
323 19
323 18
323 17
323 16
323 15
323 14
323 13
322 12
322 11
321 10
320 9
319 8
318 7
317 7
316 7
315 7
314 7
313 7
312 6
311 6
310 7
309 7
308 7
307 7
306 7
305 7
304 7
303 7
302 8
301 8
300 8
299 8
298 8
297 9
296 9
295 9
294 9
293 9
292 10
291 10
290 10
289 10
288 11
287 11
286 11
285 11
284 11
283 12
282 12
281 12
280 12
279 13
278 13
277 13
276 13
275 13
274 13
273 13
272 13
271 13
270 13
269 13
268 13
267 13
266 13
265 13
264 12
263 12
262 12
261 11
260 10
259 10
258 9
257 9
256 8
255 8
254 7
253 7
252 6
251 6
250 5
249 5
248 4
247 4
246 4
245 3
244 3
243 2
242 2
241 2
240 1
239 1
238 1
237 1
236 1
235 1
234 1
233 1
232 1
231 1
230 1
229 1
228 1
227 1
226 1
225 1
224 1
223 1
222 1
221 1
220 1
219 1
