117 1
116 2
115 2
114 2
113 2
112 3
111 3
110 3
109 3
108 4
107 4
106 5
105 5
104 5
103 6
102 6
101 7
100 7
99 8
98 8
97 8
96 9
95 9
94 10
93 10
92 11
91 11
90 12
89 12
88 13
87 13
86 14
85 14
84 15
83 15
82 16
81 16
80 17
79 18
78 18
77 19
76 19
75 20
74 21
73 21
72 22
71 23
70 23
69 24
68 25
67 25
66 26
65 27
64 27
63 28
62 29
61 29
60 30
59 31
58 32
57 32
56 33
55 34
54 34
53 35
52 36
51 37
50 38
49 38
48 39
47 40
46 41
45 42
44 42
43 43
42 44
41 45
40 46
39 47
38 47
37 48
36 49
35 50
34 51
33 52
32 53
31 54
30 55
29 56
28 57
27 58
26 59
25 60
24 61
23 61
22 62
21 62
20 63
19 64
18 64
17 64
16 65
15 66
14 66
13 67
12 67
11 68
10 69
9 69
8 70
7 71
6 72
5 73
4 74
3 75
2 76
2 77
1 78
1 79
1 80
1 81
1 82
1 83
1 84
1 85
2 86
3 87
3 88
4 89
5 90
6 91
7 92
8 93
9 94
10 94
11 95
12 96
13 97
14 98
15 98
16 99
17 100
18 101
19 102
20 103
21 104
22 105
23 106
24 106
25 107
26 108
27 109
28 110
29 111
30 112
31 113
32 114
32 115
33 116
34 117
35 118
36 119
37 120
37 121
38 122
39 123
39 124
40 125
40 126
41 127
42 128
42 129
43 130
43 131
44 132
44 133
45 134
45 135
46 136
46 137
46 138
47 139
47 140
48 141
48 142
48 143
49 144
49 145
49 146
49 147
50 148
50 149
50 150
50 151
51 152
51 153
51 154
51 155
51 156
52 157
52 158
52 159
52 160
52 161
52 162
52 163
52 164
52 165
52 166
52 167
52 168
52 169
52 170
52 171
52 172
52 173
52 174
52 175
52 176
52 177
52 178
52 179
52 180
52 181
52 182
52 183
51 184
51 185
51 186
51 187
51 188
51 189
51 190
50 191
50 192
50 193
50 194
49 195
49 196
49 197
49 198
48 199
48 200
48 201
48 202
47 203
47 204
47 205
46 206
46 207
46 208
45 209
45 210
45 211
44 212
44 213
43 214
43 215
42 216
42 217
42 218
41 219
41 220
40 221
40 222
39 223
39 224
38 225
38 226
37 227
37 228
36 229
36 230
35 231
35 232
34 233
34 234
33 235
32 236
32 237
31 238
31 239
30 240
30 241
29 242
29 243
28 244
28 245
27 246
27 247
26 248
25 249
25 250
24 251
24 252
23 253
23 254
22 255
22 256
21 257
21 258
20 259
20 260
19 261
19 262
19 263
18 264
18 265
17 266
17 267
17 268
16 269
16 270
16 271
15 272
15 273
15 274
15 275
14 276
14 277
14 278
14 279
14 280
14 281
14 282
14 283
14 284
14 285
14 286
14 287
14 288
14 289
14 290
14 291
15 292
15 293
15 294
15 295
16 296
16 297
16 298
17 299
17 300
18 301
18 302
19 303
19 304
20 305
21 306
21 307
22 308
23 309
23 310
24 311
25 312
25 313
26 314
27 315
28 316
29 317
30 318
31 319
32 318
33 317
34 317
35 316
36 316
37 316
38 315
39 315
40 315
41 315
42 314
43 314
44 314
45 315
46 315
47 315
48 315
49 316
50 316
51 317
52 318
53 318
54 319
54 320
55 321
56 322
57 323
58 324
58 325
59 326
60 327
60 328
61 329
62 330
62 331
63 332
63 333
64 334
65 335
65 336
66 337
66 338
67 339
67 340
68 341
69 342
69 343
70 344
70 345
71 346
71 347
72 348
73 349
73 350
74 351
74 352
75 353
76 354
77 355
77 356
78 357
79 358
80 359
81 360
81 361
82 362
83 363
84 364
85 364
86 365
87 366
88 367
89 367
90 368
91 369
92 369
93 370
94 370
95 370
96 370
97 371
98 371
99 371
100 371
101 372
102 372
103 372
104 372
105 372
106 372
107 372
108 372
109 372
110 373
111 373
112 373
113 374
114 374
115 374
116 375
117 375
118 375
119 376
120 376
121 376
122 377
123 377
124 378
125 378
126 378
127 379
128 379
129 380
130 380
131 380
132 381
133 381
134 382
135 382
136 382
137 383
138 383
139 384
140 384
141 385
142 385
143 386
144 386
145 386
146 387
147 387
148 388
149 388
150 388
151 389
152 389
153 390
154 390
155 391
156 391
157 391
158 392
159 392
160 393
161 393
162 393
163 394
164 394
165 394
166 395
167 395
168 396
169 396
170 396
171 397
172 397
173 397
174 398
175 398
176 398
177 399
178 399
179 399
180 399
181 400
182 400
183 400
184 400
185 400
186 401
187 401
188 401
189 401
190 401
191 401
192 401
193 401
194 401
195 401
196 401
197 401
198 401
199 401
200 401
201 401
202 401
203 401
204 401
205 401
206 401
207 401
208 401
209 401
210 401
211 401
212 401
213 401
214 401
215 401
216 401
217 401
218 401
219 401
220 401
221 400
222 400
223 400
224 400
225 400
226 399
227 399
228 399
229 399
230 398
231 398
232 398
233 398
234 397
235 397
236 397
237 396
238 396
239 396
240 396
241 395
242 395
243 395
244 394
245 394
246 393
247 393
248 393
249 392
250 392
251 391
252 391
253 391
254 390
255 390
256 390
257 389
258 389
259 388
260 388
261 387
262 387
263 386
264 386
265 386
266 385
267 385
268 384
269 384
270 383
271 383
272 382
273 382
274 381
275 381
276 380
277 380
278 379
279 379
280 378
281 378
282 377
283 377
284 376
285 375
286 375
287 374
288 374
289 373
290 373
291 372
292 372
293 371
294 370
295 370
296 369
297 369
298 368
299 368
300 367
301 367
302 366
303 365
304 365
305 364
306 363
307 362
307 361
308 360
308 359
308 358
308 357
307 356
307 355
306 354
305 353
304 352
303 351
302 350
301 349
300 349
299 348
298 347
297 347
296 346
295 346
294 345
293 344
292 344
291 344
290 343
289 343
288 342
287 342
286 341
285 341
284 341
283 340
282 340
281 339
280 339
279 338
278 338
277 338
276 337
275 337
274 336
273 336
272 336
271 335
270 335
269 335
268 334
267 334
266 334
265 333
264 333
263 333
262 332
261 332
260 332
259 331
258 331
257 331
256 330
255 330
254 330
253 330
252 329
251 329
250 329
249 328
248 328
247 328
246 327
245 327
244 327
243 326
242 326
241 326
240 326
239 325
238 325
237 325
236 324
235 324
234 324
233 324
232 323
231 323
230 323
229 323
228 322
227 322
226 322
225 322
224 321
223 321
222 321
221 320
220 320
219 320
218 320
217 319
216 319
215 319
214 319
213 318
212 318
211 318
210 318
209 317
208 317
207 317
206 317
205 317
204 316
203 316
202 316
201 315
201 314
201 313
201 312
201 311
202 310
202 309
203 308
203 307
203 306
204 305
204 304
205 303
205 302
206 301
206 300
207 299
207 298
208 297
208 296
209 295
210 294
210 293
211 292
212 291
213 290
214 289
214 288
215 287
216 286
217 285
218 284
219 284
220 283
221 282
222 281
223 281
224 280
225 280
226 279
227 279
228 278
229 278
230 278
231 277
232 277
233 277
234 277
235 276
236 276
237 276
238 276
239 276
240 276
241 276
242 276
243 276
244 276
245 276
246 276
247 276
248 276
249 276
250 277
251 277
252 277
253 277
254 277
255 278
256 278
257 278
258 278
259 279
260 279
261 279
262 280
263 280
264 280
265 280
266 281
267 281
268 281
269 282
270 282
271 283
272 283
273 283
274 284
275 284
276 284
277 285
278 285
279 286
280 286
281 286
282 287
283 287
284 288
285 288
286 288
287 289
288 289
289 289
290 290
291 290
292 290
293 291
294 291
295 291
296 292
297 292
298 292
299 293
300 293
301 293
302 293
303 293
304 294
305 294
306 294
307 294
308 294
309 294
310 294
311 294
312 294
313 294
314 294
315 293
316 293
317 293
318 292
319 292
320 291
321 290
322 289
323 289
323 288
324 287
325 286
325 285
326 284
326 283
327 282
328 281
328 280
328 279
328 278
328 277
328 276
329 275
329 274
329 273
329 272
329 271
329 270
329 269
329 268
329 267
329 266
329 265
329 264
329 263
329 262
329 261
329 260
329 259
329 258
329 257
329 256
329 255
329 254
329 253
329 252
329 251
328 250
328 249
328 248
328 247
327 246
327 245
326 244
326 243
326 242
325 241
325 240
324 239
323 238
323 237
322 236
321 235
321 234
320 233
319 232
318 231
318 230
317 229
316 228
315 227
314 226
313 225
312 224
311 223
310 222
309 221
308 220
307 219
306 218
305 217
304 216
303 215
302 214
301 213
300 212
300 211
299 211
298 210
298 209
297 208
296 207
296 206
295 205
294 204
294 203
293 202
292 201
292 200
291 199
291 198
290 197
290 196
289 195
289 194
288 193
288 192
287 191
287 190
287 189
286 188
286 187
286 186
285 185
285 184
285 183
285 182
284 181
284 180
284 179
285 178
286 178
287 177
288 177
289 176
290 175
291 175
292 174
293 173
294 172
294 171
295 170
295 169
294 168
293 167
292 166
291 165
290 165
289 164
288 164
287 163
286 163
285 162
284 162
283 162
282 161
281 161
280 161
279 160
278 160
277 160
276 160
275 159
274 159
273 159
272 158
271 158
270 158
269 158
268 158
267 157
266 157
265 157
264 157
263 156
262 156
261 156
260 156
259 155
258 155
257 155
256 155
255 155
254 154
253 154
252 154
251 154
250 153
249 153
248 153
247 153
246 153
245 152
244 152
243 152
242 152
241 152
240 151
239 151
238 151
237 151
236 151
235 150
234 150
233 150
232 150
231 149
230 149
229 149
228 149
227 149
226 148
225 148
224 148
223 148
222 147
221 147
220 147
219 147
218 147
217 146
216 146
215 146
214 146
213 145
212 145
211 145
210 145
209 144
208 144
207 144
206 144
205 143
204 143
203 143
202 142
201 142
200 142
199 141
198 141
197 141
196 140
195 140
194 140
193 140
192 139
191 139
190 139
189 138
188 138
187 138
186 137
185 137
184 137
183 136
182 136
181 135
180 135
179 135
178 134
177 134
176 133
175 133
174 132
173 132
172 131
171 131
170 130
169 129
170 128
171 127
171 126
172 125
172 124
173 123
174 122
174 121
175 120
176 119
176 118
177 117
177 116
178 115
179 114
179 113
180 112
181 111
181 110
182 109
182 108
183 107
184 106
184 105
185 104
186 103
187 102
188 101
188 100
189 99
190 98
190 97
191 96
192 95
193 94
193 93
194 92
195 91
196 90
196 89
197 88
198 88
198 87
199 86
200 85
201 84
202 83
202 82
203 81
204 81
204 80
205 79
206 78
207 77
208 76
209 76
210 75
210 74
211 73
212 73
213 72
214 71
215 70
216 69
217 68
218 67
219 66
220 66
221 65
222 64
223 63
224 63
225 62
226 61
227 61
228 60
229 60
230 59
231 58
232 58
233 57
234 56
235 56
236 55
236 54
236 53
236 52
235 51
234 50
233 50
232 49
232 48
231 48
230 47
229 46
228 46
227 45
226 45
225 44
224 43
223 43
222 42
221 41
220 40
219 40
218 39
217 38
216 37
215 36
214 35
213 34
212 33
211 32
210 31
210 30
209 29
208 28
207 27
207 26
206 25
205 24
204 23
204 22
203 21
202 20
201 19
201 18
200 17
199 16
198 15
197 14
196 13
195 12
194 11
193 10
192 10
191 9
190 8
189 8
188 7
187 7
186 6
185 6
184 6
183 5
182 5
181 5
180 4
179 4
178 4
177 3
176 3
175 3
174 3
173 3
172 2
171 2
170 2
169 2
168 2
167 2
166 2
165 1
164 1
163 1
162 1
161 1
160 1
159 1
158 1
157 1
156 1
155 1
154 1
153 1
152 1
151 1
150 1
149 1
148 1
147 1
146 1
145 1
144 1
143 1
142 1
141 1
140 1
139 1
138 1
137 1
136 1
135 1
134 1
133 1
132 1
131 1
130 1
129 1
128 1
127 1
126 1
125 1
124 1
123 1
122 1
121 1
120 1
119 1
118 1
