194 1
194 2
193 3
192 4
192 5
192 6
192 7
192 8
192 9
192 10
192 11
192 12
192 13
192 14
192 15
192 16
192 17
192 18
192 19
192 20
192 21
192 22
193 23
193 24
193 25
193 26
193 27
193 28
193 29
193 30
193 31
193 32
194 33
194 34
194 35
194 36
194 37
194 38
194 39
194 40
194 41
194 42
194 43
194 44
194 45
194 46
194 47
194 48
194 49
194 50
194 51
194 52
194 53
194 54
193 55
193 56
193 57
193 58
193 59
193 60
192 61
192 62
192 63
191 64
191 65
191 66
190 67
190 68
189 69
189 70
188 71
188 72
187 73
187 74
186 75
185 75
185 76
184 77
183 77
182 78
181 79
180 80
179 81
178 81
177 82
176 83
175 83
174 83
173 84
172 84
171 85
170 85
169 85
168 85
167 86
166 86
165 86
164 86
163 86
162 87
161 87
160 87
159 87
158 87
157 87
156 87
155 87
154 87
153 87
152 87
151 87
150 87
149 87
148 86
147 86
146 86
145 86
144 86
143 85
142 85
141 85
140 84
139 84
138 84
137 84
136 83
135 83
134 83
133 82
132 82
131 82
130 81
129 81
128 81
127 80
126 80
125 80
124 79
123 79
122 78
121 78
120 78
119 77
118 77
117 77
116 76
115 76
114 75
113 75
112 75
111 74
110 74
109 74
108 73
107 73
106 73
105 72
104 72
103 71
102 71
101 71
100 70
99 70
98 69
97 69
96 69
95 68
94 68
93 67
92 67
91 67
90 66
89 66
88 66
87 65
86 65
85 65
84 64
83 64
82 64
81 63
80 63
79 63
78 62
77 62
76 62
75 61
74 61
73 61
72 60
71 60
70 60
69 60
68 59
67 59
66 59
65 59
64 59
63 58
62 58
61 58
60 58
59 58
58 58
57 58
56 58
55 58
54 58
53 58
52 58
51 58
50 58
49 59
48 59
47 60
46 61
45 62
44 62
43 63
42 63
41 64
40 65
39 65
38 66
37 66
36 67
35 68
34 68
33 69
32 70
31 71
30 71
29 72
28 73
27 74
26 75
25 75
24 76
23 77
22 78
21 79
20 80
19 81
18 82
18 83
17 84
16 85
15 86
14 87
14 88
13 89
12 90
11 91
11 92
10 93
9 94
9 95
8 96
8 97
7 98
7 99
6 100
6 101
5 102
5 103
4 104
4 105
4 106
3 107
3 108
3 109
2 110
2 111
2 112
1 113
1 114
1 115
1 116
1 117
1 118
1 119
1 120
1 121
1 122
1 123
1 124
1 125
1 126
1 127
1 128
1 129
1 130
1 131
1 132
1 133
1 134
1 135
1 136
1 137
1 138
1 139
1 140
1 141
2 142
2 143
2 144
3 145
3 146
4 147
4 148
4 149
5 150
5 151
6 152
7 153
7 154
8 155
8 156
9 157
10 158
11 159
12 160
13 161
14 162
15 163
16 164
17 165
18 165
19 166
20 167
21 167
22 168
23 168
24 169
25 170
26 170
27 171
28 171
29 171
30 172
31 172
32 172
33 173
34 173
35 173
36 173
37 174
38 174
39 174
40 174
41 174
42 175
43 175
44 175
45 175
46 175
47 175
48 175
49 175
50 175
51 175
52 175
53 175
54 175
55 175
56 175
57 175
58 175
59 175
60 175
61 175
62 175
63 175
64 174
65 174
66 174
67 174
68 174
69 174
70 173
71 173
72 174
72 175
72 176
73 177
73 178
73 179
73 180
73 181
74 182
74 183
74 184
75 185
75 186
75 187
76 188
76 189
77 190
77 191
78 192
78 193
79 194
80 195
80 196
81 197
81 198
82 199
82 200
83 201
84 202
85 203
85 204
86 205
87 206
87 207
88 208
89 209
90 210
90 211
91 212
92 213
92 214
93 215
94 216
95 217
95 218
96 219
97 220
98 221
99 222
99 223
100 224
101 225
102 226
103 227
103 228
104 229
105 230
106 231
106 232
107 233
108 234
108 235
109 236
110 237
111 238
111 239
112 240
113 241
113 242
114 243
115 244
115 245
116 246
116 247
117 248
117 249
118 250
118 251
118 252
119 253
119 254
119 255
120 256
120 257
120 258
120 259
120 260
120 261
120 262
120 263
119 264
119 265
118 266
117 267
116 268
115 269
114 270
113 271
112 271
111 272
110 273
109 273
108 273
107 274
106 274
105 274
104 275
103 275
102 275
101 276
100 276
99 276
98 276
97 276
96 277
95 277
94 277
93 277
92 277
91 277
90 278
89 278
88 278
87 278
86 278
85 278
84 278
83 278
82 278
81 278
80 278
79 278
78 278
77 278
76 279
75 279
74 279
73 279
72 279
71 279
70 279
69 279
68 279
67 279
66 279
65 279
64 279
63 279
62 279
61 279
60 279
59 279
58 279
57 279
56 279
55 279
54 279
53 279
52 279
51 280
50 280
49 280
48 280
47 280
46 280
45 281
44 281
43 281
42 282
41 282
41 283
40 284
40 285
39 286
40 287
40 288
40 289
41 290
42 291
42 292
43 293
44 294
45 295
46 295
47 294
48 293
49 293
50 293
51 292
52 292
53 292
54 292
55 292
56 292
57 292
58 292
59 292
60 293
61 293
62 294
63 294
64 295
65 296
66 297
67 298
68 299
68 300
69 301
70 302
71 303
71 304
72 305
73 306
73 307
74 308
74 309
75 310
76 311
76 312
76 313
77 314
78 315
78 316
79 317
79 318
80 319
80 320
80 321
81 322
81 323
82 324
82 325
83 326
83 327
84 328
84 329
85 330
85 331
86 332
86 333
86 334
87 335
87 336
88 337
88 338
89 339
89 340
90 341
90 342
91 343
92 344
92 345
93 346
93 347
94 348
94 349
95 350
95 351
96 352
96 353
97 354
98 355
98 356
99 357
100 358
100 359
101 360
102 361
103 362
104 363
105 364
106 365
107 366
108 367
109 368
110 369
111 369
112 370
113 370
114 371
115 372
116 372
117 372
118 373
119 373
120 373
121 373
122 374
123 374
124 374
125 374
126 374
127 374
128 374
129 374
130 374
131 375
132 375
133 376
134 376
135 376
136 377
137 377
138 377
139 378
140 378
141 378
142 379
143 379
144 380
145 380
146 380
147 381
148 381
149 382
150 382
151 382
152 383
153 383
154 384
155 384
156 385
157 385
158 385
159 386
160 386
161 387
162 387
163 388
164 388
165 388
166 389
167 389
168 390
169 390
170 391
171 391
172 391
173 392
174 392
175 393
176 393
177 393
178 394
179 394
180 395
181 395
182 395
183 396
184 396
185 397
186 397
187 397
188 398
189 398
190 398
191 399
192 399
193 399
194 400
195 400
196 400
197 401
198 401
199 401
200 401
201 402
202 402
203 402
204 402
205 402
206 403
207 403
208 403
209 403
210 403
211 403
212 403
213 403
214 403
215 403
216 403
217 403
218 403
219 403
220 403
221 403
222 403
223 403
224 403
225 403
226 403
227 403
228 403
229 403
230 403
231 403
232 403
233 403
234 403
235 403
236 403
237 403
238 403
239 403
240 403
241 402
242 402
243 402
244 402
245 402
246 401
247 401
248 401
249 401
250 400
251 400
252 400
253 400
254 399
255 399
256 399
257 398
258 398
259 398
260 398
261 397
262 397
263 396
264 396
265 396
266 395
267 395
268 395
269 394
270 394
271 393
272 393
273 393
274 392
275 392
276 391
277 391
278 390
279 390
280 390
281 389
282 389
283 388
284 388
285 388
286 387
287 387
288 386
289 385
290 385
291 384
292 384
293 384
294 383
295 383
296 382
297 382
298 381
299 381
300 380
301 380
302 379
303 379
304 378
305 377
306 377
307 376
308 376
309 375
310 375
311 374
312 373
313 373
314 372
315 372
316 371
317 371
318 370
319 369
320 369
321 368
322 368
323 367
324 366
325 366
326 365
326 364
327 363
328 362
328 361
328 360
328 359
327 358
327 357
326 356
325 355
324 354
323 353
322 352
321 352
320 351
319 350
318 350
317 349
316 348
315 348
314 347
313 347
312 346
311 346
310 345
309 345
308 344
307 344
306 343
305 343
304 343
303 342
302 342
301 341
300 341
299 341
298 340
297 340
296 339
295 339
294 338
293 338
292 338
291 337
290 337
289 337
288 336
287 336
286 336
285 335
284 335
283 335
282 334
281 334
280 334
279 333
278 333
277 333
276 332
275 332
274 332
273 331
272 331
271 331
270 331
269 330
268 330
267 330
266 329
265 329
264 329
263 328
262 328
261 328
260 327
259 327
258 327
257 327
256 326
255 326
254 326
253 326
252 325
251 325
250 325
249 325
248 324
247 324
246 324
245 323
244 323
243 323
242 323
241 322
240 322
239 322
238 322
237 321
236 321
235 321
234 321
233 320
232 320
231 320
230 320
229 319
228 319
227 319
226 319
225 318
224 318
223 318
222 318
221 317
220 316
221 315
221 314
221 313
222 312
222 311
222 310
223 309
223 308
223 307
224 306
224 305
225 304
225 303
226 302
226 301
227 300
227 299
228 298
229 297
229 296
230 295
231 294
231 293
232 292
233 291
234 290
235 289
236 288
237 287
238 286
239 285
240 284
241 283
242 283
243 282
244 282
245 281
246 281
247 280
248 280
249 280
250 279
251 279
252 279
253 278
254 278
255 278
256 278
257 278
258 278
259 278
260 278
261 278
262 278
263 278
264 278
265 278
266 278
267 278
268 278
269 278
270 278
271 279
272 279
273 279
274 279
275 279
276 280
277 280
278 280
279 280
280 281
281 281
282 281
283 282
284 282
285 282
286 283
287 283
288 283
289 284
290 284
291 284
292 285
293 285
294 286
295 286
296 286
297 287
298 287
299 288
300 288
301 288
302 289
303 289
304 289
305 290
306 290
307 291
308 291
309 291
310 292
311 292
312 292
313 293
314 293
315 293
316 294
317 294
318 294
319 295
320 295
321 295
322 295
323 295
324 296
325 296
326 296
327 296
328 296
329 296
330 296
331 296
332 296
333 296
334 295
335 295
336 295
337 294
338 294
339 294
340 293
341 292
342 291
343 290
344 289
344 288
345 287
346 286
346 285
347 284
347 283
347 282
348 281
348 280
348 279
348 278
348 277
349 276
349 275
349 274
349 273
349 272
349 271
349 270
349 269
349 268
349 267
349 266
349 265
349 264
349 263
349 262
349 261
349 260
349 259
349 258
349 257
349 256
349 255
349 254
348 253
348 252
348 251
348 250
347 249
347 248
347 247
346 246
346 245
345 244
345 243
344 242
344 241
343 240
342 239
342 238
341 237
341 236
340 235
339 234
338 233
337 232
337 231
336 230
335 229
334 228
333 227
332 226
331 225
330 224
329 223
328 222
327 221
326 220
325 219
324 218
323 217
322 216
321 215
320 214
319 213
319 212
318 211
317 210
316 209
315 208
315 207
314 206
313 205
313 204
312 203
312 202
311 201
311 200
310 199
309 198
309 197
308 196
308 195
308 194
307 193
307 192
307 191
306 190
306 189
305 188
305 187
305 186
305 185
304 184
304 183
304 182
304 181
305 180
306 179
307 179
308 178
309 178
310 177
311 177
312 176
313 176
314 175
315 175
316 174
317 174
318 173
319 173
320 172
321 172
322 171
323 170
324 170
325 169
326 168
327 168
328 167
329 166
330 166
331 165
332 164
333 164
334 163
335 162
336 161
337 160
338 159
339 158
340 157
341 156
342 155
343 154
344 153
345 152
345 151
346 150
346 149
347 148
348 147
348 146
348 145
349 144
349 143
349 142
349 141
349 140
349 139
349 138
349 137
349 136
349 135
349 134
349 133
349 132
349 131
348 130
348 129
348 128
347 127
346 126
346 125
345 124
345 123
344 122
343 121
342 120
341 119
340 118
339 117
338 116
337 115
336 115
335 114
334 113
333 112
332 112
331 111
330 110
329 109
328 109
327 108
326 107
326 106
327 105
328 104
328 103
329 102
329 101
329 100
330 99
330 98
331 97
331 96
332 95
332 94
332 93
333 92
333 91
334 90
334 89
334 88
334 87
335 86
335 85
335 84
335 83
336 82
336 81
336 80
336 79
336 78
336 77
336 76
336 75
336 74
336 73
336 72
336 71
336 70
336 69
336 68
336 67
335 66
335 65
335 64
335 63
334 62
334 61
334 60
333 59
333 58
332 57
332 56
331 55
330 54
330 53
329 52
328 51
328 50
327 49
326 49
325 48
325 47
324 46
323 46
322 45
321 44
320 43
319 42
318 41
317 41
316 40
315 39
314 39
313 38
312 37
311 37
310 36
309 36
308 35
307 35
306 34
305 34
304 33
303 33
302 32
301 32
300 31
299 31
298 30
297 30
296 30
295 29
294 29
293 28
292 28
291 28
290 27
289 27
288 27
287 26
286 26
285 26
284 25
283 25
282 25
281 24
280 24
279 24
278 23
277 23
276 23
275 22
274 22
273 22
272 22
271 21
270 21
269 21
268 21
267 20
266 20
265 20
264 20
263 19
262 19
261 19
260 19
259 18
258 18
257 18
256 18
255 17
254 17
253 17
252 17
251 16
250 16
249 16
248 16
247 16
246 15
245 15
244 15
243 15
242 14
241 14
240 14
239 14
238 14
237 13
236 13
235 13
234 13
233 12
232 12
231 12
230 12
229 12
228 11
227 11
226 11
225 11
224 10
223 10
222 10
221 9
220 9
219 9
218 9
217 8
216 8
215 8
214 7
213 7
212 7
211 6
210 5
209 5
208 4
207 3
206 3
205 2
204 2
203 1
202 1
201 1
200 1
199 1
198 1
197 1
196 1
195 1
