114 44
113 45
112 45
111 45
110 45
109 45
108 45
107 45
106 45
105 45
104 45
103 45
102 46
101 46
100 46
99 46
98 46
97 46
96 46
95 47
94 47
93 47
92 47
91 47
90 47
89 47
88 48
87 48
86 48
85 48
84 48
83 49
82 49
81 49
80 49
79 50
78 50
77 50
76 50
75 51
74 51
73 51
72 51
71 52
70 52
69 52
68 53
67 53
66 53
65 53
64 54
63 54
62 54
61 55
60 55
59 56
58 56
57 56
56 57
55 57
54 58
53 58
52 58
51 59
50 59
49 60
48 60
47 61
46 61
45 62
44 62
43 63
42 63
41 64
40 64
39 65
38 66
37 66
36 67
35 68
34 68
33 69
32 70
31 71
30 71
29 72
28 73
27 74
26 75
25 76
24 77
23 78
22 79
21 80
21 81
20 82
19 83
19 84
18 85
18 86
17 87
17 88
16 89
16 90
15 91
15 92
15 93
15 94
14 95
14 96
14 97
14 98
14 99
14 100
14 101
14 102
14 103
14 104
14 105
15 106
15 107
15 108
15 109
16 110
16 111
17 112
17 113
18 114
18 115
19 116
19 117
20 118
21 119
21 120
22 121
23 122
24 123
25 124
26 125
27 126
28 127
29 128
30 129
31 129
32 130
33 131
34 132
35 132
36 133
37 134
38 134
39 135
38 136
38 137
37 138
37 139
37 140
37 141
36 142
36 143
36 144
35 145
35 146
35 147
35 148
34 149
34 150
34 151
34 152
34 153
34 154
34 155
34 156
34 157
34 158
34 159
34 160
34 161
34 162
34 163
34 164
34 165
34 166
34 167
34 168
34 169
34 170
34 171
34 172
34 173
34 174
34 175
34 176
34 177
34 178
33 179
33 180
33 181
33 182
33 183
33 184
33 185
33 186
33 187
33 188
33 189
32 190
32 191
32 192
32 193
32 194
31 195
31 196
30 197
30 198
30 199
30 200
29 201
29 202
29 203
28 204
27 205
27 206
26 207
25 208
25 209
24 210
24 211
24 212
23 213
22 214
22 215
21 216
21 217
21 218
21 219
21 220
22 221
22 222
23 223
24 224
25 224
26 225
27 225
28 225
29 225
30 225
31 224
32 224
33 223
34 222
34 221
35 220
36 219
36 218
37 217
37 216
37 215
38 214
39 213
39 212
40 211
41 210
41 209
42 208
42 207
42 206
43 205
43 204
43 203
43 202
44 201
44 200
45 199
45 198
46 197
46 196
46 195
46 194
46 193
46 192
46 191
47 190
47 189
47 188
47 187
47 186
47 185
47 184
47 183
47 182
47 181
47 180
48 179
48 178
48 177
48 176
48 175
48 174
48 173
48 172
48 171
48 170
48 169
48 168
48 167
48 166
48 165
48 164
48 163
48 162
48 161
48 160
48 159
48 158
48 157
48 156
48 155
48 154
48 153
48 152
48 151
48 150
49 149
49 148
49 147
50 146
50 145
50 144
50 143
51 142
52 142
53 142
54 142
55 143
56 143
57 144
58 144
59 144
60 145
59 146
59 147
59 148
59 149
58 150
58 151
58 152
58 153
57 154
57 155
57 156
57 157
57 158
57 159
57 160
57 161
57 162
57 163
57 164
57 165
57 166
57 167
57 168
57 169
57 170
57 171
57 172
57 173
57 174
57 175
57 176
57 177
57 178
57 179
57 180
57 181
57 182
57 183
57 184
57 185
57 186
56 187
56 188
56 189
56 190
56 191
56 192
56 193
56 194
56 195
56 196
56 197
55 198
55 199
55 200
55 201
55 202
55 203
55 204
55 205
55 206
55 207
55 208
55 209
55 210
54 211
54 212
53 213
53 214
53 215
52 216
52 217
52 218
52 219
51 220
51 221
51 222
50 223
49 224
49 225
48 226
48 227
48 228
48 229
48 230
49 231
49 232
50 233
51 234
52 234
53 235
54 235
55 235
56 235
57 235
58 234
59 234
60 233
61 232
61 231
62 230
63 229
63 228
64 227
64 226
64 225
65 224
65 223
65 222
65 221
66 220
66 219
66 218
67 217
67 216
68 215
68 214
69 213
69 212
69 211
69 210
69 209
69 208
69 207
69 206
69 205
69 204
69 203
69 202
69 201
69 200
69 199
70 198
70 197
70 196
70 195
70 194
70 193
70 192
70 191
70 190
70 189
70 188
71 187
71 186
71 185
71 184
71 183
71 182
71 181
71 180
71 179
71 178
71 177
71 176
71 175
71 174
71 173
71 172
71 171
71 170
71 169
71 168
71 167
71 166
71 165
71 164
71 163
71 162
71 161
71 160
71 159
71 158
71 157
71 156
71 155
72 154
72 153
72 152
72 151
73 150
74 149
75 149
76 150
77 150
78 150
79 150
80 151
81 152
81 153
81 154
80 155
80 156
80 157
80 158
80 159
80 160
80 161
79 162
79 163
79 164
79 165
78 166
78 167
78 168
78 169
78 170
78 171
78 172
77 173
77 174
77 175
77 176
76 177
76 178
76 179
76 180
76 181
76 182
76 183
76 184
76 185
76 186
76 187
76 188
76 189
76 190
76 191
76 192
76 193
76 194
76 195
76 196
76 197
76 198
76 199
76 200
76 201
76 202
76 203
76 204
76 205
76 206
76 207
76 208
76 209
76 210
76 211
76 212
76 213
76 214
76 215
77 216
77 217
77 218
77 219
77 220
77 221
77 222
77 223
77 224
76 225
76 226
76 227
76 228
75 229
75 230
74 231
74 232
73 233
73 234
73 235
73 236
73 237
74 238
74 239
75 240
76 241
77 241
78 242
79 242
80 242
81 242
82 242
83 241
84 241
85 240
86 239
86 238
87 237
87 236
88 235
88 234
88 233
88 232
89 231
89 230
90 229
90 228
90 227
91 226
91 225
91 224
91 223
91 222
91 221
91 220
91 219
91 218
91 217
91 216
91 215
91 214
90 213
90 212
90 211
90 210
90 209
90 208
90 207
90 206
90 205
90 204
90 203
90 202
90 201
90 200
90 199
90 198
90 197
90 196
90 195
90 194
90 193
90 192
90 191
90 190
90 189
90 188
90 187
90 186
90 185
90 184
90 183
90 182
90 181
90 180
90 179
90 178
91 177
91 176
91 175
92 174
92 173
92 172
92 171
92 170
92 169
92 168
92 167
93 166
93 165
93 164
94 163
94 162
94 161
94 160
94 159
94 158
94 157
94 156
95 155
96 154
97 154
98 154
99 154
100 154
101 154
102 154
103 155
104 155
105 155
106 156
105 157
105 158
105 159
105 160
105 161
105 162
105 163
105 164
104 165
104 166
104 167
103 168
103 169
103 170
103 171
103 172
103 173
103 174
103 175
103 176
103 177
103 178
103 179
103 180
103 181
103 182
103 183
103 184
103 185
103 186
103 187
103 188
103 189
103 190
103 191
103 192
103 193
103 194
103 195
103 196
103 197
103 198
103 199
104 200
104 201
104 202
104 203
104 204
104 205
104 206
104 207
104 208
104 209
104 210
104 211
104 212
104 213
104 214
104 215
104 216
104 217
104 218
104 219
104 220
104 221
104 222
104 223
104 224
104 225
104 226
104 227
104 228
104 229
104 230
104 231
104 232
104 233
104 234
104 235
104 236
104 237
103 238
103 239
102 240
102 241
102 242
102 243
102 244
103 245
103 246
104 247
105 248
106 248
107 249
108 249
109 249
110 249
111 249
112 248
113 248
114 247
115 246
115 245
116 244
116 243
116 242
116 241
116 240
116 239
117 238
117 237
118 236
118 235
118 234
118 233
118 232
118 231
118 230
118 229
118 228
118 227
118 226
118 225
118 224
118 223
118 222
118 221
118 220
118 219
118 218
118 217
118 216
118 215
118 214
118 213
118 212
118 211
118 210
118 209
118 208
118 207
118 206
118 205
118 204
118 203
118 202
118 201
118 200
118 199
118 198
117 197
117 196
117 195
117 194
117 193
117 192
117 191
117 190
117 189
117 188
117 187
117 186
117 185
117 184
117 183
117 182
117 181
117 180
117 179
117 178
117 177
117 176
117 175
117 174
117 173
117 172
117 171
117 170
118 169
118 168
118 167
118 166
119 165
119 164
119 163
119 162
119 161
119 160
119 159
120 158
120 157
121 156
122 156
123 156
124 156
125 156
126 156
127 156
128 156
129 156
130 156
131 156
132 156
133 156
134 157
135 158
135 159
136 160
137 161
138 162
138 163
139 164
139 165
139 166
139 167
139 168
139 169
139 170
139 171
140 172
140 173
140 174
141 175
141 176
141 177
141 178
142 179
142 180
142 181
142 182
143 183
143 184
143 185
144 186
144 187
144 188
144 189
145 190
145 191
145 192
145 193
145 194
145 195
145 196
146 197
146 198
146 199
146 200
146 201
146 202
146 203
146 204
146 205
146 206
146 207
146 208
146 209
146 210
146 211
146 212
146 213
146 214
146 215
146 216
146 217
145 218
145 219
145 220
145 221
145 222
145 223
145 224
145 225
145 226
145 227
145 228
145 229
145 230
146 231
146 232
146 233
146 234
146 235
146 236
146 237
147 238
147 239
148 240
148 241
148 242
148 243
148 244
149 245
149 246
150 247
151 248
152 248
153 249
154 249
155 249
156 249
157 249
158 248
159 248
160 247
161 246
161 245
162 244
162 243
162 242
162 241
162 240
161 239
161 238
160 237
160 236
160 235
160 234
160 233
160 232
160 231
160 230
160 229
159 228
159 227
159 226
159 225
159 224
159 223
159 222
159 221
159 220
159 219
160 218
160 217
160 216
160 215
160 214
160 213
160 212
160 211
160 210
160 209
160 208
160 207
160 206
160 205
160 204
160 203
160 202
160 201
160 200
160 199
160 198
160 197
160 196
159 195
159 194
159 193
159 192
159 191
159 190
159 189
159 188
158 187
158 186
158 185
157 184
157 183
157 182
157 181
156 180
156 179
156 178
155 177
155 176
155 175
155 174
154 173
154 172
154 171
154 170
153 169
153 168
153 167
153 166
153 165
153 164
153 163
152 162
152 161
152 160
152 159
153 158
154 159
155 160
155 161
156 162
157 163
157 164
157 165
157 166
158 167
158 168
158 169
159 170
159 171
160 172
161 173
161 174
161 175
161 176
162 177
162 178
162 179
162 180
163 181
163 182
163 183
164 184
164 185
164 186
164 187
164 188
164 189
164 190
164 191
165 192
165 193
165 194
166 195
166 196
166 197
166 198
166 199
166 200
166 201
166 202
166 203
166 204
166 205
167 206
167 207
167 208
167 209
167 210
167 211
167 212
167 213
167 214
167 215
167 216
167 217
168 218
168 219
168 220
169 221
169 222
169 223
169 224
170 225
170 226
170 227
171 228
171 229
172 230
172 231
173 232
173 233
174 234
175 235
175 236
176 237
177 238
178 238
179 239
180 239
181 239
182 239
183 239
184 238
185 238
186 237
187 236
187 235
188 234
188 233
188 232
188 231
188 230
187 229
187 228
186 227
185 226
185 225
184 224
184 223
183 222
183 221
183 220
182 219
182 218
182 217
182 216
181 215
181 214
181 213
181 212
181 211
181 210
181 209
181 208
181 207
181 206
181 205
180 204
180 203
180 202
180 201
180 200
180 199
180 198
180 197
180 196
180 195
180 194
179 193
179 192
179 191
179 190
178 189
178 188
178 187
178 186
178 185
178 184
178 183
177 182
177 181
177 180
177 179
176 178
176 177
176 176
175 175
175 174
175 173
175 172
174 171
174 170
174 169
174 168
173 167
173 166
172 165
171 164
171 163
171 162
170 161
170 160
170 159
170 158
169 157
169 156
168 155
167 154
168 153
169 153
170 153
171 154
172 155
172 156
173 157
174 158
174 159
175 160
175 161
176 162
176 163
176 164
177 165
177 166
177 167
177 168
178 169
178 170
178 171
179 172
179 173
180 174
180 175
181 176
181 177
182 178
183 179
183 180
183 181
183 182
184 183
184 184
184 185
185 186
185 187
185 188
185 189
186 190
186 191
186 192
187 193
187 194
188 195
188 196
189 197
189 198
189 199
190 200
190 201
190 202
190 203
191 204
191 205
191 206
191 207
192 208
192 209
192 210
193 211
193 212
193 213
193 214
194 215
194 216
195 217
196 218
196 219
197 220
198 221
198 222
199 223
200 224
201 224
202 225
203 226
204 226
205 227
206 227
207 227
208 227
209 227
210 226
211 226
212 225
213 224
213 223
214 222
214 221
214 220
214 219
214 218
213 217
213 216
212 215
211 214
210 214
209 213
208 212
208 211
207 210
206 209
206 208
206 207
206 206
205 205
205 204
205 203
204 202
204 201
204 200
204 199
203 198
203 197
203 196
203 195
202 194
202 193
202 192
201 191
201 190
200 189
200 188
199 187
199 186
199 185
198 184
198 183
198 182
198 181
197 180
197 179
197 178
196 177
196 176
196 175
196 174
195 173
195 172
194 171
193 170
193 169
192 168
192 167
191 166
191 165
191 164
190 163
190 162
190 161
190 160
189 159
189 158
189 157
188 156
188 155
187 154
187 153
186 152
187 151
188 151
189 151
190 151
191 151
192 152
193 153
194 154
194 155
195 156
196 157
196 158
196 159
196 160
197 161
197 162
198 163
199 164
199 165
199 166
199 167
200 168
200 169
200 170
201 171
201 172
201 173
201 174
202 175
202 176
202 177
203 178
203 179
204 180
205 181
205 182
205 183
205 184
206 185
206 186
206 187
206 188
207 189
207 190
208 191
209 192
209 193
210 194
211 195
211 196
212 197
213 198
214 199
215 200
216 201
216 202
217 203
218 204
219 205
220 206
221 206
222 207
223 208
224 208
225 209
226 209
227 209
228 209
229 209
230 208
231 208
232 207
233 206
233 205
234 204
234 203
234 202
234 201
234 200
233 199
233 198
232 197
231 196
230 196
229 195
228 194
227 193
226 192
226 191
225 190
224 189
223 188
222 187
221 186
221 185
220 184
219 183
219 182
219 181
219 180
218 179
218 178
218 177
218 176
217 175
217 174
216 173
215 172
215 171
215 170
214 169
214 168
214 167
214 166
213 165
213 164
213 163
212 162
212 161
212 160
212 159
211 158
211 157
210 156
209 155
209 154
209 153
209 152
208 151
208 150
207 149
206 148
206 147
205 146
204 145
204 144
203 143
204 142
205 142
206 142
207 141
208 141
209 140
210 140
211 139
212 139
213 138
214 138
215 137
216 137
217 136
218 136
219 135
220 134
221 134
222 133
223 132
224 132
225 131
226 130
227 129
228 129
229 128
230 127
231 126
232 125
233 124
234 123
235 122
236 121
237 120
237 119
238 118
239 117
239 116
240 115
240 114
241 113
241 112
242 111
242 110
243 109
243 108
243 107
243 106
244 105
244 104
244 103
244 102
244 101
244 100
244 99
244 98
244 97
244 96
244 95
243 94
243 93
243 92
243 91
242 90
242 89
241 88
241 87
240 86
240 85
239 84
239 83
238 82
237 81
237 80
236 79
235 78
234 77
233 76
232 75
231 74
230 73
229 72
228 71
227 71
226 70
225 69
224 68
223 68
222 67
221 66
220 66
219 65
218 64
217 64
216 63
215 63
214 62
213 62
212 61
211 61
210 60
209 60
208 59
207 59
206 58
205 58
204 58
203 57
202 57
201 56
200 56
199 56
198 55
197 55
196 54
195 54
194 54
193 53
192 53
191 53
190 53
189 52
188 52
187 52
186 51
185 51
184 51
183 51
182 50
181 50
180 50
179 50
178 49
177 49
176 49
175 49
174 48
173 48
172 48
171 48
170 48
169 47
168 47
167 47
166 47
165 47
164 47
163 47
162 46
161 46
160 46
159 46
158 46
157 46
156 46
155 45
154 45
153 45
152 45
151 45
150 45
149 45
148 45
147 45
146 45
145 45
144 44
143 44
142 44
141 44
140 44
139 44
138 44
137 44
136 44
135 44
134 44
133 44
132 44
131 44
130 44
129 44
128 44
127 44
126 44
125 44
124 44
123 44
122 44
121 44
120 44
119 44
118 44
117 44
116 44
115 44
