124 9
123 10
122 10
121 10
120 10
119 10
118 11
117 11
116 12
115 12
114 12
113 13
112 13
111 14
110 15
109 15
108 16
107 17
106 17
105 18
104 19
103 20
102 21
101 22
100 23
99 24
98 25
97 26
96 27
96 28
95 29
94 30
94 31
93 32
92 33
92 34
91 35
91 36
90 37
89 38
89 39
88 40
88 41
88 42
87 43
87 44
86 45
86 46
85 47
85 48
85 49
84 50
84 51
84 52
83 53
83 54
83 55
83 56
82 57
82 58
82 59
82 60
81 61
81 62
81 63
81 64
81 65
80 66
80 67
80 68
80 69
80 70
80 71
80 72
80 73
79 74
79 75
79 76
79 77
79 78
79 79
79 80
79 81
79 82
79 83
79 84
79 85
79 86
79 87
79 88
79 89
79 90
79 91
79 92
79 93
79 94
80 95
80 96
80 97
80 98
80 99
80 100
80 101
80 102
81 103
80 104
79 104
78 103
77 103
76 103
75 103
74 103
73 103
72 103
71 103
70 103
69 103
68 103
67 103
66 103
65 104
64 104
63 104
62 105
61 105
60 106
59 107
58 107
57 108
56 109
55 109
54 110
53 111
52 112
51 113
50 114
50 115
49 116
48 117
48 118
47 119
46 120
46 121
45 122
45 123
45 124
44 125
44 126
44 127
44 128
43 129
42 130
42 131
41 132
41 133
41 134
41 135
40 136
40 137
40 138
40 139
39 140
39 141
39 142
39 143
39 144
39 145
39 146
39 147
39 148
39 149
39 150
39 151
39 152
39 153
39 154
39 155
39 156
39 157
39 158
39 159
40 160
40 161
40 162
40 163
40 164
40 165
40 166
40 167
40 168
39 169
39 170
39 171
39 172
40 173
41 173
42 174
43 175
44 175
45 176
46 177
47 177
48 178
49 179
50 179
51 180
52 181
52 180
52 179
52 178
53 177
53 176
53 175
53 174
53 173
53 172
53 171
54 170
54 169
54 168
54 167
54 166
54 165
54 164
54 163
54 162
54 161
54 160
54 159
54 158
53 157
53 156
53 155
53 154
53 153
53 152
53 151
53 150
53 149
53 148
53 147
53 146
53 145
53 144
53 143
53 142
53 141
54 140
54 139
54 138
54 137
55 136
56 135
56 134
57 133
57 132
57 131
57 130
58 129
58 128
58 127
59 126
60 125
60 124
61 123
62 122
63 121
64 120
65 119
66 119
67 118
68 117
69 117
70 117
71 117
72 117
73 117
74 117
75 117
76 117
77 117
78 118
79 118
80 118
81 118
82 118
83 119
84 119
85 120
85 121
84 122
83 122
82 122
81 122
80 123
79 123
78 124
77 125
76 125
75 125
74 125
73 126
72 126
71 127
70 128
70 129
69 130
68 131
67 131
66 132
65 133
65 134
64 135
63 136
63 137
62 138
62 139
61 140
61 141
60 142
60 143
60 144
59 145
59 146
59 147
59 148
58 149
58 150
58 151
57 152
57 153
57 154
57 155
57 156
57 157
57 158
57 159
57 160
57 161
57 162
57 163
57 164
57 165
57 166
57 167
57 168
57 169
57 170
57 171
58 172
58 173
58 174
59 175
59 176
59 177
59 178
60 179
60 180
60 181
60 182
61 183
61 184
61 185
61 186
61 187
61 188
62 188
63 189
64 190
65 190
66 191
67 192
68 193
69 193
70 194
71 195
72 195
73 196
74 197
75 197
75 196
75 195
75 194
75 193
75 192
75 191
75 190
75 189
75 188
75 187
75 186
75 185
75 184
75 183
75 182
75 181
74 180
74 179
74 178
73 177
73 176
73 175
73 174
72 173
72 172
72 171
72 170
71 169
71 168
71 167
71 166
71 165
71 164
71 163
71 162
71 161
71 160
71 159
71 158
71 157
71 156
71 155
71 154
72 153
72 152
72 151
72 150
73 149
73 148
73 147
74 146
74 145
75 144
75 143
76 142
77 141
78 141
79 140
80 139
81 138
82 138
83 137
84 137
85 136
86 136
87 136
88 136
89 136
90 136
91 136
92 137
93 138
92 139
91 139
90 140
89 141
88 142
87 143
86 144
85 145
84 146
84 147
83 148
82 149
82 150
81 151
81 152
81 153
81 154
80 155
80 156
80 157
79 158
79 159
79 160
79 161
78 162
78 163
78 164
78 165
78 166
78 167
78 168
78 169
78 170
78 171
78 172
78 173
78 174
79 175
79 176
79 177
79 178
79 179
79 180
79 181
80 182
80 183
80 184
81 185
81 186
81 187
81 188
82 189
82 190
83 191
84 192
84 193
84 194
84 195
85 196
85 197
85 198
85 199
85 200
85 201
85 202
86 202
87 203
88 203
89 203
90 203
91 204
92 204
93 204
94 204
95 204
96 204
97 204
98 204
99 204
100 204
100 203
100 202
99 201
99 200
99 199
99 198
99 197
99 196
99 195
99 194
98 193
98 192
98 191
97 190
97 189
97 188
97 187
96 186
96 185
95 184
94 183
94 182
94 181
94 180
93 179
93 178
93 177
93 176
93 175
93 174
93 173
92 172
92 171
92 170
92 169
92 168
92 167
92 166
92 165
92 164
92 163
93 162
93 161
93 160
94 159
94 158
94 157
94 156
95 155
96 154
97 153
98 152
99 151
100 151
101 151
102 150
103 150
104 150
105 150
106 151
106 152
106 153
105 154
104 155
104 156
103 157
103 158
103 159
103 160
102 161
102 162
102 163
102 164
102 165
102 166
102 167
102 168
102 169
102 170
102 171
102 172
102 173
102 174
102 175
102 176
102 177
102 178
102 179
102 180
102 181
102 182
102 183
103 184
103 185
103 186
103 187
104 188
104 189
104 190
105 191
105 192
105 193
105 194
106 195
106 196
106 197
107 198
107 199
108 200
108 201
109 202
109 203
109 204
109 205
110 205
111 205
112 205
113 205
114 205
115 205
116 205
117 205
118 205
119 205
120 205
121 205
122 205
123 205
123 204
123 203
123 202
123 201
123 200
122 199
122 198
122 197
121 196
121 195
120 194
120 193
119 192
119 191
119 190
118 189
118 188
118 187
118 186
117 185
117 184
117 183
116 182
116 181
116 180
116 179
116 178
116 177
116 176
116 175
116 174
116 173
116 172
116 171
116 170
116 169
116 168
116 167
116 166
116 165
116 164
116 163
116 162
117 161
118 160
119 159
120 158
121 158
122 158
123 158
124 159
125 159
126 159
127 160
128 160
129 161
130 161
131 161
132 162
133 163
134 163
135 164
136 165
136 166
137 167
138 168
139 169
139 170
140 171
140 172
141 173
141 174
141 175
141 176
141 177
142 178
142 179
142 180
142 181
142 182
142 183
142 184
142 185
142 186
142 187
142 188
142 189
142 190
142 191
142 192
142 193
142 194
141 195
141 196
141 197
140 198
140 199
139 200
139 201
138 202
137 203
137 204
136 205
137 205
138 205
139 205
140 205
141 205
142 205
143 205
144 205
145 205
146 204
147 204
148 204
149 203
150 203
151 203
152 203
153 202
154 202
154 201
154 200
155 199
155 198
155 197
155 196
156 195
156 194
156 193
156 192
156 191
156 190
156 189
156 188
156 187
156 186
156 185
156 184
156 183
156 182
156 181
156 180
156 179
156 178
156 177
156 176
155 175
155 174
155 173
155 172
155 171
155 170
155 169
154 168
154 167
153 166
152 165
152 164
152 163
152 162
151 161
151 160
150 159
149 158
148 158
147 157
146 156
146 155
147 154
148 153
149 153
150 153
151 153
152 152
153 152
154 152
155 152
156 152
157 153
158 153
159 154
159 155
160 156
161 157
161 158
162 159
163 160
163 161
163 162
163 163
164 164
164 165
164 166
165 167
165 168
165 169
165 170
165 171
165 172
165 173
165 174
165 175
165 176
165 177
165 178
165 179
165 180
164 181
164 182
164 183
164 184
164 185
164 186
164 187
163 188
163 189
163 190
163 191
163 192
163 193
163 194
163 195
162 196
162 197
162 198
161 199
161 200
161 201
162 201
163 201
164 200
165 200
166 200
167 199
168 199
169 199
170 199
171 198
172 197
173 197
174 196
174 195
175 194
176 193
177 192
177 191
177 190
178 189
178 188
178 187
178 186
178 185
178 184
178 183
178 182
179 181
179 180
179 179
179 178
179 177
179 176
179 175
179 174
179 173
179 172
179 171
179 170
179 169
179 168
179 167
179 166
178 165
178 164
178 163
178 162
177 161
177 160
177 159
176 158
176 157
176 156
176 155
175 154
175 153
174 152
173 151
173 150
172 149
171 148
171 147
170 146
169 145
169 144
168 143
167 142
166 142
165 141
164 141
163 140
163 139
164 138
165 138
166 138
167 139
168 139
169 139
170 140
171 140
172 141
173 142
174 143
174 144
175 145
176 146
176 147
177 148
178 149
178 150
178 151
178 152
179 153
179 154
179 155
179 156
179 157
179 158
179 159
180 160
180 161
180 162
180 163
181 164
181 165
181 166
182 167
182 168
182 169
182 170
182 171
182 172
182 173
182 174
182 175
182 176
182 177
182 178
182 179
182 180
182 181
182 182
182 183
182 184
182 185
182 186
182 187
182 188
183 187
184 187
185 186
186 185
187 185
188 184
189 183
190 183
191 182
192 181
193 181
194 180
195 179
196 179
196 178
196 177
196 176
196 175
196 174
196 173
196 172
196 171
196 170
196 169
196 168
196 167
196 166
195 165
195 164
195 163
195 162
194 161
194 160
194 159
193 158
193 157
193 156
193 155
193 154
193 153
193 152
193 151
192 150
192 149
192 148
191 147
191 146
191 145
191 144
190 143
190 142
189 141
188 140
188 139
187 138
186 137
186 136
185 135
184 134
184 133
183 132
182 131
181 130
180 129
179 128
178 128
177 127
176 127
175 127
174 126
173 126
172 126
171 125
171 124
172 123
173 123
174 123
175 123
176 123
177 123
178 123
179 123
180 123
181 123
182 123
183 123
184 123
185 123
186 124
187 124
188 125
189 126
190 127
191 128
192 129
193 130
193 131
194 132
194 133
194 134
195 135
195 136
195 137
195 138
195 139
195 140
195 141
196 142
196 143
196 144
196 145
196 146
196 147
196 148
196 149
196 150
196 151
196 152
196 153
196 154
196 155
196 156
197 157
197 158
197 159
197 160
197 161
197 162
197 163
198 164
198 165
198 166
198 167
199 168
199 169
199 170
200 171
200 172
201 173
201 174
202 174
203 173
203 172
204 171
204 170
205 169
205 168
206 167
207 166
207 165
208 164
209 163
209 162
209 161
210 160
210 159
211 158
211 157
211 156
210 155
210 154
210 153
210 152
210 151
210 150
210 149
210 148
210 147
210 146
210 145
210 144
210 143
210 142
210 141
209 140
209 139
209 138
209 137
209 136
209 135
209 134
208 133
208 132
208 131
208 130
207 129
207 128
207 127
206 126
206 125
205 124
205 123
204 122
204 121
203 120
202 119
201 118
200 117
199 116
198 115
197 114
196 114
195 113
194 112
193 112
192 111
191 111
190 110
189 110
188 109
187 109
186 109
185 109
184 109
183 109
182 109
181 109
180 109
179 109
178 109
177 109
176 108
177 107
177 106
177 105
177 104
177 103
178 102
178 101
178 100
178 99
178 98
178 97
178 96
178 95
179 94
179 93
179 92
179 91
179 90
179 89
179 88
179 87
179 86
179 85
179 84
179 83
179 82
179 81
179 80
179 79
179 78
179 77
179 76
179 75
179 74
178 73
178 72
178 71
178 70
178 69
178 68
178 67
178 66
177 65
177 64
177 63
177 62
177 61
176 60
176 59
176 58
176 57
175 56
175 55
175 54
175 53
174 52
174 51
174 50
173 49
173 48
173 47
172 46
172 45
171 44
171 43
170 42
170 41
170 40
169 39
169 38
168 37
167 36
167 35
166 34
166 33
165 32
164 31
164 30
163 29
162 28
162 27
161 26
160 25
159 24
158 23
157 22
156 21
155 20
154 19
153 18
152 17
151 17
150 16
149 15
148 15
147 14
146 13
145 13
144 12
143 12
142 12
141 11
140 11
139 10
138 10
137 10
136 10
135 10
134 9
133 9
132 9
131 9
130 9
129 9
128 9
127 9
126 9
125 9
