115 16
114 17
113 17
112 17
111 17
110 17
109 18
108 18
107 18
106 19
105 19
104 20
103 20
102 21
101 21
100 22
99 22
98 23
97 24
96 25
95 25
94 26
93 27
92 28
91 29
90 30
90 31
89 32
88 32
87 32
86 31
85 31
84 31
83 31
82 31
81 31
80 31
79 31
78 31
77 31
76 31
75 31
74 31
73 31
72 31
71 31
70 31
69 31
68 31
67 31
66 31
65 31
64 31
63 31
62 32
61 32
60 32
59 33
58 33
57 33
56 33
55 34
54 34
53 35
52 36
51 36
50 36
49 37
48 37
47 38
46 38
45 39
44 39
43 40
42 41
42 42
41 43
40 44
39 44
38 45
37 46
36 47
35 48
34 49
33 50
32 51
32 52
31 53
30 54
29 55
28 56
27 57
27 58
27 59
28 60
28 61
29 62
29 63
29 64
29 65
30 66
31 67
31 68
32 69
32 70
32 71
32 72
32 73
32 74
33 75
33 76
33 75
34 74
35 73
36 72
36 71
37 70
37 69
37 68
37 67
38 66
39 65
40 64
41 63
42 62
42 61
43 60
44 59
45 58
46 57
47 56
48 55
49 54
50 54
51 53
52 52
52 51
53 50
54 50
55 49
56 49
57 49
58 48
59 48
60 47
61 46
62 46
63 46
64 46
65 45
66 45
67 45
68 45
69 45
70 45
71 45
72 45
73 45
74 45
75 45
76 45
77 45
78 45
79 45
80 45
81 45
82 45
83 46
83 47
83 48
83 49
83 50
83 51
82 52
81 52
80 52
79 53
78 53
77 53
76 53
75 54
74 54
73 54
72 55
71 55
70 56
69 56
68 57
67 57
66 58
65 59
64 60
63 61
62 62
61 63
60 64
59 65
58 66
57 67
57 68
56 69
56 70
56 71
55 72
54 73
54 74
53 75
52 76
52 77
51 78
50 79
50 80
49 81
49 82
48 83
48 84
47 85
46 86
46 87
45 88
44 89
44 90
43 91
43 92
43 93
43 94
43 95
43 96
43 97
43 98
42 99
42 100
43 101
44 102
44 103
45 104
46 105
46 106
47 107
47 108
47 109
48 110
49 111
50 112
51 113
52 114
52 115
53 116
54 117
54 116
54 115
55 114
55 113
55 112
55 111
55 110
55 109
55 108
55 107
56 106
56 105
56 104
56 103
56 102
56 101
56 100
57 99
57 98
57 97
57 96
57 95
58 94
58 93
59 92
60 91
60 90
61 89
61 88
62 87
62 86
63 85
64 84
64 83
65 82
66 81
66 80
67 79
68 78
68 77
69 76
69 75
70 74
71 73
72 72
73 71
74 70
75 69
76 68
77 68
78 67
79 67
80 67
81 66
82 66
83 66
84 66
85 66
86 66
87 67
88 68
88 69
89 70
88 71
87 72
86 73
85 74
84 75
83 76
82 77
82 78
81 79
80 80
80 81
79 82
79 83
79 84
78 85
77 86
77 87
76 88
75 89
75 90
74 91
74 92
73 93
73 94
72 95
72 96
72 97
71 98
71 99
71 100
71 101
70 102
70 103
70 104
70 105
70 106
70 107
70 108
69 109
69 110
69 111
69 112
69 113
69 114
69 115
69 116
69 117
69 118
69 119
69 120
69 121
69 122
69 123
69 124
69 125
69 126
69 127
69 128
69 129
69 130
69 131
69 132
69 133
69 134
70 135
71 135
72 136
73 137
74 138
75 139
76 140
77 140
78 141
79 142
80 142
81 143
82 144
83 144
84 144
85 144
85 143
84 142
84 141
84 140
84 139
84 138
84 137
84 136
84 135
83 134
83 133
83 132
83 131
83 130
83 129
83 128
83 127
83 126
83 125
83 124
83 123
83 122
83 121
83 120
83 119
83 118
83 117
83 116
83 115
83 114
83 113
83 112
83 111
84 110
84 109
84 108
84 107
84 106
84 105
84 104
84 103
85 102
85 101
85 100
86 99
86 98
87 97
87 96
88 95
89 94
89 93
90 92
91 91
91 90
92 89
92 88
92 87
93 86
94 85
95 84
96 83
97 82
98 81
99 81
100 80
101 81
102 81
103 82
103 83
103 84
103 85
103 86
102 87
102 88
102 89
101 90
101 91
101 92
101 93
100 94
100 95
100 96
100 97
99 98
99 99
99 100
99 101
99 102
99 103
99 104
98 105
98 106
98 107
98 108
98 109
98 110
98 111
98 112
98 113
98 114
98 115
98 116
98 117
98 118
98 119
98 120
99 121
99 122
99 123
99 124
100 125
100 126
101 127
102 128
102 129
102 130
102 131
102 132
102 133
102 134
103 135
103 136
103 137
103 138
103 139
103 140
103 141
103 142
103 143
103 144
103 145
104 146
104 147
104 148
104 149
104 150
104 151
104 152
104 153
105 153
106 154
107 154
108 154
109 154
110 155
111 155
112 155
113 155
114 155
115 155
116 155
117 156
118 156
118 155
118 154
118 153
118 152
118 151
118 150
118 149
118 148
118 147
118 146
118 145
117 144
117 143
117 142
117 141
117 140
117 139
117 138
117 137
117 136
117 135
117 134
116 133
116 132
116 131
116 130
116 129
116 128
116 127
115 126
115 125
115 124
115 123
114 122
114 121
113 120
112 119
112 118
112 117
112 116
112 115
112 114
112 113
112 112
112 111
112 110
112 109
112 108
112 107
112 106
113 105
113 104
113 103
113 102
113 101
113 100
113 99
114 98
114 97
114 96
114 95
115 94
115 93
115 92
116 91
116 90
116 89
117 88
118 88
119 89
120 90
121 91
122 92
123 93
124 94
124 95
125 96
125 97
125 98
126 99
126 100
126 101
126 102
127 103
127 104
127 105
127 106
128 107
128 108
128 109
128 110
128 111
128 112
128 113
129 114
129 115
129 116
129 117
129 118
129 119
129 120
129 121
129 122
129 123
129 124
129 125
129 126
129 127
129 128
129 129
129 130
129 131
129 132
129 133
129 134
129 135
129 136
129 137
129 138
129 139
129 140
129 141
129 142
129 143
129 144
129 145
129 146
129 147
129 148
129 149
129 150
129 151
129 152
129 153
129 154
129 155
129 156
130 156
131 156
132 156
133 156
134 156
135 156
136 156
137 156
138 156
139 156
140 156
141 156
142 156
143 156
143 155
143 154
143 153
143 152
143 151
143 150
143 149
143 148
143 147
143 146
143 145
143 144
143 143
143 142
143 141
143 140
143 139
143 138
143 137
143 136
143 135
143 134
143 133
143 132
143 131
143 130
143 129
143 128
143 127
143 126
143 125
143 124
143 123
143 122
143 121
143 120
143 119
143 118
143 117
143 116
143 115
143 114
143 113
142 112
142 111
142 110
142 109
142 108
142 107
142 106
142 105
141 104
141 103
141 102
140 101
140 100
140 99
140 98
139 97
139 96
139 95
139 94
138 93
138 92
138 91
137 90
137 89
136 88
136 87
135 86
135 85
135 84
136 83
137 83
138 82
139 82
140 81
141 81
142 81
143 82
144 83
145 84
146 85
147 85
148 86
149 87
149 88
150 89
151 90
151 91
152 92
153 93
154 94
154 95
154 96
155 97
155 98
155 99
156 100
156 101
156 102
156 103
157 104
157 105
157 106
158 107
158 108
158 109
158 110
159 111
159 112
159 113
159 114
160 115
160 116
160 117
160 118
160 119
160 120
160 121
161 122
161 123
161 124
161 125
161 126
161 127
161 128
161 129
161 130
161 131
160 132
160 133
160 134
160 135
160 136
160 137
160 138
160 139
160 140
160 141
160 142
160 143
160 144
160 145
160 146
160 147
161 146
162 145
163 144
164 143
165 142
166 142
167 141
167 140
168 139
169 138
170 137
171 136
172 135
173 134
174 134
174 133
175 132
175 131
175 130
175 129
175 128
175 127
175 126
175 125
175 124
175 123
175 122
175 121
174 120
174 119
174 118
174 117
174 116
174 115
174 114
174 113
173 112
173 111
173 110
172 109
172 108
172 107
172 106
171 105
171 104
171 103
171 102
170 101
170 100
170 99
169 98
169 97
169 96
169 95
168 94
168 93
168 92
167 91
167 90
167 89
167 88
166 87
166 86
165 85
164 84
163 83
162 82
161 81
161 80
160 79
159 78
159 77
158 76
157 75
156 75
155 74
154 73
153 72
152 71
153 70
154 69
154 68
155 67
156 68
157 68
158 69
159 69
160 70
161 71
162 72
162 73
163 74
164 75
164 76
165 77
166 78
166 79
167 80
168 81
169 82
170 83
171 84
171 85
172 86
173 87
174 88
175 89
176 90
176 91
177 92
178 93
178 94
178 95
179 96
179 97
179 98
179 99
180 100
180 101
180 102
180 103
181 104
181 105
181 106
182 107
182 108
182 109
182 110
183 111
183 112
183 113
183 114
183 115
183 116
183 117
184 118
184 119
184 120
184 121
184 122
184 123
184 124
185 123
186 122
187 121
187 120
188 119
189 118
189 117
189 116
189 115
190 114
190 113
190 112
191 111
191 110
191 109
191 108
191 107
191 106
191 105
191 104
192 103
192 102
192 101
192 100
192 99
192 98
192 97
193 96
193 95
192 94
192 93
192 92
192 91
191 90
191 89
191 88
190 87
190 86
189 85
188 84
188 83
187 82
186 81
186 80
185 79
184 78
183 77
182 76
181 75
181 74
180 73
179 72
178 71
177 70
176 69
176 68
175 67
174 66
174 65
173 64
172 63
172 62
171 61
170 60
169 59
168 58
167 57
166 57
165 56
164 56
163 56
162 55
161 55
160 54
159 53
159 52
159 51
159 50
159 49
160 48
161 48
162 48
163 48
164 49
165 49
166 49
167 50
168 51
169 51
170 52
171 52
172 53
173 53
174 54
175 54
176 54
177 55
178 55
179 55
180 56
181 57
182 58
183 58
184 59
185 60
186 61
187 62
188 63
189 64
190 65
191 66
192 67
193 68
194 69
195 70
196 71
197 72
198 73
198 74
199 75
200 76
201 75
201 74
201 73
202 72
202 71
202 70
202 69
203 68
203 67
204 66
205 65
205 64
205 63
205 62
206 61
205 60
204 59
203 58
202 57
201 56
200 55
199 54
198 53
197 52
196 51
195 50
194 49
193 48
192 48
191 47
190 46
189 45
188 44
187 43
186 43
185 42
184 42
183 42
182 42
181 41
180 41
179 41
178 40
177 40
176 39
175 39
174 38
173 37
172 37
171 36
170 36
169 36
168 35
167 35
166 35
165 35
164 34
163 34
162 34
161 33
160 33
159 33
158 33
157 33
156 33
155 33
154 33
153 32
152 31
152 30
151 29
150 28
149 27
148 26
147 25
146 25
145 24
144 23
143 22
142 22
141 21
140 21
139 20
138 20
137 19
136 19
135 18
134 18
133 18
132 17
131 17
130 17
129 17
128 17
127 16
126 16
125 16
124 16
123 16
122 16
121 16
120 16
119 16
118 16
117 16
116 16
