180 32
179 33
178 33
177 33
176 33
175 34
174 34
173 34
172 34
171 35
170 35
169 35
168 36
167 36
166 37
165 38
164 39
163 40
162 41
161 41
160 42
159 42
158 43
157 43
156 44
155 45
154 46
153 47
152 48
151 49
150 50
149 51
148 52
148 53
147 54
146 55
146 56
145 57
145 58
144 59
144 60
143 61
142 62
142 63
141 64
141 65
141 66
141 67
140 68
140 69
140 70
139 71
139 72
138 73
137 73
136 73
135 73
134 73
133 73
132 73
131 73
130 73
129 73
128 73
127 73
126 72
125 71
125 70
124 69
123 68
123 67
122 66
121 65
120 64
119 63
118 62
118 61
117 60
116 59
115 59
114 58
113 57
113 56
112 55
111 54
110 54
109 53
108 52
107 52
106 51
105 50
104 50
103 49
102 49
101 48
100 48
99 47
98 46
97 46
96 45
95 44
94 44
93 43
92 43
91 43
90 42
89 42
88 41
87 41
86 40
85 40
84 40
83 39
82 39
81 39
80 39
79 38
78 38
77 38
76 37
75 37
74 37
73 37
72 37
71 37
70 38
69 39
68 39
67 40
66 41
65 41
64 42
63 43
63 44
63 45
63 46
63 47
63 48
63 49
63 50
64 51
65 51
66 51
67 51
68 51
69 51
70 51
71 51
72 51
73 51
74 51
75 52
76 52
77 52
78 52
79 53
80 53
81 53
82 54
83 54
84 55
85 55
86 56
87 56
88 56
89 57
90 58
91 58
92 59
93 60
94 60
95 61
96 61
97 62
98 62
99 63
100 64
101 64
102 65
103 66
103 67
104 68
105 69
106 69
107 70
108 71
108 72
109 73
110 74
111 75
112 76
112 77
111 78
110 78
109 79
108 79
107 80
106 81
105 81
104 82
103 83
102 84
101 84
100 85
99 86
98 87
97 88
96 87
95 87
94 86
93 85
92 84
91 83
90 82
89 82
88 81
87 80
86 80
85 79
84 79
83 79
82 79
81 78
80 78
79 78
78 78
77 77
76 77
75 77
74 77
73 77
72 77
71 77
70 77
69 77
68 77
67 77
66 77
65 77
64 77
63 77
62 77
61 77
60 77
59 77
58 77
57 77
56 77
55 77
54 78
53 78
52 79
51 79
50 80
49 80
48 80
47 81
47 82
47 83
47 84
46 85
46 86
46 87
45 88
45 89
45 90
45 91
44 92
44 93
44 94
44 95
44 96
44 97
44 98
45 98
46 99
47 98
48 97
49 96
50 95
51 95
52 94
53 93
54 93
55 93
56 92
57 92
58 91
59 91
60 91
61 91
62 91
63 91
64 91
65 91
66 91
67 91
68 91
69 91
70 91
71 91
72 91
73 91
74 91
75 91
76 91
77 92
78 92
79 92
80 92
81 93
82 94
83 95
84 96
85 96
86 97
87 98
88 99
89 100
89 101
89 102
88 103
88 104
88 105
87 106
87 107
87 108
86 109
86 110
86 111
86 112
86 113
85 114
85 115
85 116
85 117
85 118
85 119
85 120
85 121
85 122
84 123
83 124
82 124
81 124
80 125
79 125
78 125
77 125
76 126
75 126
74 126
73 127
72 127
71 128
70 129
69 130
68 131
67 132
67 133
66 134
65 135
64 135
63 136
62 137
62 138
61 139
61 140
61 141
61 142
60 143
60 144
60 145
59 146
59 147
59 148
59 149
58 150
58 151
58 152
58 153
58 154
58 155
58 156
58 157
58 158
58 159
58 160
58 161
58 162
58 163
58 164
58 165
58 166
58 167
58 168
58 169
58 170
58 171
58 172
58 173
58 174
59 175
60 176
60 177
61 178
62 179
63 179
64 179
65 179
66 179
67 179
68 179
69 179
70 179
71 180
71 179
71 178
71 177
72 176
72 175
72 174
72 173
72 172
72 171
72 170
72 169
72 168
72 167
72 166
72 165
72 164
72 163
72 162
72 161
72 160
72 159
72 158
72 157
72 156
72 155
72 154
72 153
72 152
72 151
73 150
73 149
73 148
74 147
74 146
75 145
76 144
77 143
77 142
78 141
79 140
80 139
81 139
82 138
83 138
84 138
85 138
86 137
87 137
88 138
88 139
89 140
89 141
90 142
90 143
91 144
91 145
92 146
92 147
93 148
94 149
94 150
95 151
96 152
97 153
97 154
98 155
99 156
100 157
101 158
101 159
100 160
99 161
98 162
98 163
97 164
97 165
96 166
96 167
95 168
95 169
95 170
94 171
94 172
94 173
93 174
93 175
93 176
93 177
93 178
93 179
93 180
93 181
93 182
93 183
93 184
93 185
93 186
93 187
93 188
93 189
93 190
94 191
94 192
94 193
95 194
95 195
95 196
95 197
96 198
96 199
96 200
96 201
96 202
96 203
97 204
97 205
97 206
98 207
99 207
100 207
101 207
102 208
103 208
104 208
105 207
106 207
107 206
108 205
109 205
110 204
110 203
110 202
110 201
110 200
110 199
110 198
110 197
109 196
109 195
109 194
109 193
108 192
108 191
108 190
108 189
107 188
107 187
107 186
107 185
107 184
107 183
107 182
107 181
107 180
107 179
107 178
107 177
107 176
108 175
108 174
108 173
109 172
109 171
110 170
111 169
112 168
113 167
114 166
115 166
116 166
117 167
118 167
119 167
120 168
121 168
122 168
123 168
124 168
125 169
126 169
127 169
128 169
129 169
130 169
131 169
132 169
133 169
134 169
135 169
136 169
137 169
138 168
139 168
140 168
141 168
142 168
143 169
144 169
145 170
146 171
147 171
148 172
149 173
150 173
151 174
152 175
152 176
152 177
152 178
153 179
153 180
154 181
154 182
154 183
154 184
154 185
153 186
153 187
152 188
152 189
152 190
152 191
151 192
151 193
151 194
150 195
150 196
150 197
150 198
149 199
149 200
149 201
149 202
150 203
151 203
152 203
153 203
154 203
155 203
156 203
157 204
158 204
159 204
160 203
161 203
162 203
163 202
163 201
163 200
164 199
164 198
164 197
165 196
165 195
165 194
165 193
166 192
167 191
167 190
168 189
168 188
168 187
168 186
168 185
168 184
168 183
168 182
168 181
168 180
168 179
168 178
168 177
167 176
167 175
166 174
165 173
165 172
165 171
165 170
164 169
164 168
163 167
162 166
162 165
161 164
160 163
159 163
158 162
157 161
158 160
159 159
160 158
161 158
162 157
163 156
164 155
165 154
165 153
166 152
167 151
168 150
168 149
169 148
170 147
170 146
171 145
172 145
173 146
174 147
175 148
176 148
177 149
178 150
179 151
180 152
181 153
181 154
182 155
183 156
183 157
183 158
183 159
184 160
184 161
185 162
186 163
186 164
186 165
186 166
187 167
187 168
187 169
187 170
187 171
187 172
187 173
187 174
187 175
187 176
187 177
187 178
187 179
187 180
187 181
188 181
189 182
190 182
191 183
192 184
193 185
194 185
195 185
196 184
197 183
198 182
199 181
199 180
199 179
199 178
200 177
200 176
200 175
201 174
201 173
201 172
201 171
201 170
201 169
201 168
201 167
201 166
201 165
200 164
200 163
200 162
199 161
199 160
199 159
199 158
198 157
198 156
197 155
196 154
196 153
196 152
196 151
195 150
195 149
194 148
193 147
193 146
192 145
191 144
191 143
190 142
189 141
188 140
187 139
186 138
185 138
184 137
183 136
182 135
181 134
180 133
179 133
178 132
177 132
176 131
176 130
176 129
177 128
177 127
177 126
177 125
177 124
177 123
177 122
177 121
177 120
177 119
177 118
177 117
177 116
177 115
177 114
176 113
176 112
176 111
176 110
176 109
175 108
175 107
175 106
174 105
174 104
174 103
173 102
173 101
172 100
173 99
174 98
175 97
176 96
177 95
178 95
179 94
180 93
181 93
182 93
183 93
184 93
185 93
186 93
187 93
188 93
189 93
190 93
191 93
192 93
193 94
194 95
195 95
196 96
197 97
198 97
199 98
200 99
201 100
202 101
203 102
203 103
204 104
205 105
205 106
206 107
207 108
207 109
207 110
207 111
208 112
209 112
210 112
211 113
212 113
213 114
214 114
215 113
216 112
217 112
217 111
218 110
218 109
219 108
220 107
220 106
220 105
220 104
220 103
219 102
219 101
218 100
217 99
217 98
216 97
215 96
215 95
214 94
213 93
213 92
212 91
211 90
210 89
209 88
208 87
207 87
206 86
205 85
204 85
203 84
202 83
201 82
200 81
199 80
198 80
197 79
196 79
195 79
194 79
193 79
192 79
191 79
190 79
189 79
188 79
187 79
186 79
185 79
184 79
183 79
182 79
181 79
180 79
179 79
178 79
177 80
176 80
175 80
174 81
173 81
172 82
171 83
170 83
169 84
168 85
167 85
166 86
165 87
164 87
163 86
162 85
161 84
160 84
159 83
158 82
157 81
156 81
155 80
154 79
153 79
152 78
152 77
152 76
153 75
153 74
153 73
154 72
154 71
154 70
154 69
155 68
156 67
156 66
157 65
157 64
158 63
158 62
159 61
160 60
161 59
162 58
163 57
164 56
165 55
166 54
167 54
168 53
169 53
170 52
171 51
172 51
173 50
174 49
175 48
176 48
177 47
178 47
179 47
180 47
181 46
182 46
183 46
184 46
185 46
186 45
186 44
186 43
186 42
187 41
187 40
186 39
185 38
185 37
184 36
183 35
183 34
182 33
182 32
181 32
