380 54
379 55
378 55
377 55
376 55
375 55
374 55
373 55
372 55
371 56
370 56
369 56
368 56
367 56
366 56
365 56
364 56
363 56
362 56
361 57
360 57
359 58
359 59
358 60
358 61
357 62
356 63
355 63
354 63
353 62
352 62
351 61
350 60
349 59
348 59
347 59
346 59
345 59
344 59
343 59
342 59
341 59
340 59
339 59
338 60
337 60
336 60
335 60
334 60
333 60
332 61
331 61
330 61
329 61
328 61
327 61
326 62
325 62
324 62
323 62
322 62
321 62
320 62
319 62
318 63
317 63
316 63
315 63
314 63
313 63
312 63
311 63
310 63
309 63
308 63
307 64
306 64
305 64
304 64
303 64
302 64
301 64
300 65
299 65
298 65
297 65
296 65
295 65
294 65
293 65
292 65
291 65
290 66
289 66
288 66
287 66
286 66
285 66
284 66
283 66
282 66
281 67
280 67
279 67
278 67
277 67
276 67
275 67
274 68
273 68
272 68
271 68
270 68
269 68
268 68
267 68
266 69
265 69
264 69
263 69
262 69
261 69
260 69
259 69
258 69
257 69
256 69
255 69
254 70
253 70
252 70
251 70
250 70
249 70
248 71
247 71
246 71
245 71
244 71
243 71
242 71
241 71
240 71
239 71
238 71
237 72
236 72
235 72
234 72
233 72
232 72
231 72
230 72
229 72
228 72
227 72
226 73
225 73
224 73
223 73
222 73
221 73
220 73
219 73
218 73
217 74
216 74
215 74
214 74
213 74
212 74
211 74
210 74
209 74
208 74
207 74
206 75
205 75
204 75
203 75
202 75
201 75
200 75
199 75
198 75
197 76
196 76
195 76
194 76
193 76
192 76
191 76
190 76
189 76
188 76
187 77
186 77
185 77
184 77
183 77
182 77
181 77
180 77
179 77
178 77
177 77
176 77
175 77
174 78
173 78
172 78
171 78
170 78
169 78
168 78
167 78
166 78
165 78
164 79
163 79
162 79
161 79
160 79
159 79
158 79
157 79
156 79
155 80
154 80
153 80
152 80
151 80
150 80
149 80
148 81
147 81
146 81
145 81
144 81
143 81
142 81
141 81
140 81
139 81
138 81
137 82
136 82
135 82
134 82
133 82
132 82
131 82
130 82
129 82
128 82
127 82
126 83
125 83
124 83
123 83
122 83
121 83
120 83
119 83
118 83
117 84
116 84
115 84
114 84
113 84
112 84
111 84
110 84
109 84
108 84
107 84
106 85
105 85
104 85
103 85
102 85
101 85
100 85
99 85
98 85
97 85
96 86
95 86
94 86
93 86
92 86
91 87
90 87
89 88
88 88
87 88
86 89
85 89
84 89
83 90
82 90
81 91
80 91
79 91
78 92
77 92
76 92
75 93
74 93
73 94
72 94
71 95
70 95
69 96
68 96
67 96
66 97
65 97
64 98
63 98
62 99
61 99
60 99
59 100
58 100
57 101
56 101
55 102
54 102
53 103
52 103
51 103
50 104
49 104
48 104
47 104
46 104
45 104
44 104
43 105
42 105
41 105
40 105
39 106
38 107
38 108
39 109
40 110
41 110
42 110
43 109
44 109
45 109
46 109
47 109
48 109
49 109
50 109
51 109
52 109
53 109
54 109
55 109
56 109
57 109
58 109
59 110
60 110
61 110
62 110
63 111
64 111
65 111
66 111
67 111
68 111
69 112
70 112
71 112
72 112
73 112
74 112
75 112
76 113
77 113
78 113
79 113
80 113
81 114
82 114
83 114
84 114
85 114
86 115
87 115
88 115
89 115
90 115
91 116
92 116
93 116
94 116
95 116
96 116
97 116
98 116
99 116
100 115
101 115
102 115
103 115
104 115
105 115
106 115
107 115
108 115
109 115
110 115
111 114
112 114
113 114
114 114
115 114
116 114
117 114
118 113
119 113
120 113
121 113
122 113
123 113
124 113
125 113
126 113
127 113
128 113
129 112
130 112
131 112
132 112
133 112
134 112
135 112
136 112
137 112
138 111
139 111
140 111
141 111
142 111
143 111
144 111
145 111
146 111
147 110
148 110
149 110
150 110
151 110
152 110
153 110
154 110
155 109
156 108
157 108
158 108
159 109
160 109
161 109
162 109
163 109
164 109
165 108
166 108
167 108
168 108
169 108
170 108
171 108
172 108
173 108
174 108
175 108
176 108
177 107
178 107
179 107
180 107
181 107
182 107
183 107
184 107
185 107
186 107
187 106
188 106
189 106
190 106
191 106
192 106
193 106
194 106
195 106
196 105
197 105
198 105
199 105
200 105
201 105
202 105
203 104
204 104
205 104
206 104
207 104
208 104
209 104
210 104
211 104
212 104
213 104
214 104
215 104
216 104
217 103
218 103
219 103
220 103
221 103
222 103
223 103
224 103
225 102
226 102
227 102
228 102
229 102
230 102
231 102
232 102
233 102
234 102
235 101
236 101
237 101
238 101
239 101
240 101
241 100
242 100
243 100
244 100
245 100
246 100
247 100
248 100
249 100
250 100
251 99
252 99
253 99
254 99
255 99
256 99
257 99
258 99
259 99
260 99
261 98
262 98
263 98
264 98
265 98
266 98
267 97
268 97
269 97
270 97
271 97
272 97
273 97
274 97
275 97
276 96
277 96
278 96
279 96
280 96
281 96
282 96
283 96
284 96
285 96
286 96
287 95
288 95
289 95
290 95
291 95
292 95
293 95
294 95
295 95
296 94
297 94
298 94
299 94
300 94
301 94
302 93
303 93
304 93
305 93
306 93
307 93
308 93
309 93
310 93
311 92
312 92
313 92
314 92
315 92
316 92
317 92
318 92
319 92
320 91
321 91
322 91
323 91
324 91
325 91
326 90
327 90
328 90
329 90
330 90
331 90
332 90
333 90
334 90
335 90
336 90
337 90
338 90
339 89
340 89
341 89
342 89
343 89
344 89
345 89
346 89
347 89
348 89
349 89
350 88
351 88
352 88
353 87
354 86
354 85
354 84
355 83
355 82
356 81
357 81
358 81
359 81
360 82
361 83
362 84
363 85
364 86
365 86
366 86
367 86
368 86
369 86
370 86
371 86
372 86
373 86
374 85
375 85
376 85
377 85
378 85
379 85
380 85
381 85
382 84
383 84
384 84
385 84
386 84
387 84
388 84
389 84
390 84
391 83
392 82
393 81
393 80
394 79
394 78
394 77
394 76
393 75
393 74
393 73
393 72
393 71
393 70
393 69
393 68
392 67
392 66
392 65
392 64
392 63
392 62
392 61
392 60
391 59
391 58
391 57
390 56
390 55
389 55
388 54
387 54
386 54
385 54
384 54
383 54
382 54
381 54
