30 56
29 57
28 57
27 57
26 58
25 58
24 59
24 60
23 61
22 62
22 63
22 64
22 65
22 66
22 67
22 68
22 69
22 70
23 71
24 72
25 73
26 74
27 75
28 76
29 76
30 77
31 77
32 77
33 77
34 78
35 78
36 79
37 79
38 79
39 79
40 80
41 80
42 81
43 81
44 81
45 82
46 82
47 82
48 83
49 83
50 83
51 83
52 84
53 84
54 85
55 85
56 85
57 86
58 86
59 86
60 87
61 87
62 88
63 89
64 90
65 91
66 91
67 91
68 92
69 92
70 93
71 93
72 93
73 94
74 94
75 94
76 94
77 94
78 95
79 95
80 95
81 96
82 96
83 96
84 97
85 97
86 98
87 98
88 99
89 99
90 99
91 99
92 100
93 100
94 100
95 100
96 101
97 101
98 101
99 102
100 102
101 102
102 103
103 103
104 103
105 104
106 104
107 104
108 105
109 105
110 105
111 105
112 106
113 106
114 106
115 106
116 106
117 107
118 107
119 107
120 107
121 108
122 108
123 108
124 108
125 108
126 108
127 108
128 108
129 108
130 109
131 109
132 109
133 109
134 109
135 109
136 109
137 109
138 110
139 110
140 110
141 110
142 110
143 110
144 110
145 110
146 110
147 110
148 110
149 111
150 111
151 111
152 111
153 111
154 111
155 111
156 111
157 111
158 111
159 111
160 111
161 111
162 111
163 112
164 112
165 112
166 112
167 112
168 112
169 112
170 112
171 112
172 112
173 112
174 112
175 112
176 112
177 112
178 112
179 112
180 112
181 112
182 112
183 112
184 112
185 112
186 112
187 112
188 112
189 112
190 112
191 112
192 112
193 112
194 112
195 112
196 112
197 112
198 112
199 112
200 112
201 112
202 112
203 112
204 112
205 112
206 112
207 112
208 112
209 112
210 112
211 112
212 112
213 112
214 112
215 112
216 112
217 112
218 112
219 113
220 113
221 113
222 113
223 114
224 114
225 114
226 114
227 114
228 114
229 115
230 115
231 115
232 115
233 115
234 115
235 115
236 115
237 116
238 116
239 116
240 116
241 116
242 116
243 116
244 117
245 117
246 117
247 117
248 117
249 117
250 117
251 117
252 117
253 117
254 117
255 117
256 118
257 118
258 118
259 118
260 118
261 118
262 118
263 119
264 119
265 119
266 120
267 120
268 120
269 120
270 120
271 120
272 120
273 120
274 120
275 121
276 121
277 121
278 121
279 121
280 121
281 122
282 122
283 122
284 122
285 122
286 122
287 122
288 123
289 123
290 123
291 123
292 123
293 123
294 123
295 123
296 123
297 124
298 124
299 124
300 124
301 124
302 125
303 125
304 125
305 125
306 125
307 125
308 125
309 125
310 126
311 126
312 126
313 126
314 126
315 126
316 126
317 126
318 126
319 127
320 127
321 127
322 127
323 127
324 127
325 128
326 128
327 128
328 128
329 128
330 128
331 128
332 128
333 128
334 129
335 129
336 129
337 129
338 130
339 130
340 130
341 130
342 131
343 131
344 131
345 131
346 131
347 131
348 131
349 131
350 131
351 131
352 131
353 131
354 131
355 131
356 131
357 131
358 131
359 131
360 131
361 131
362 131
363 131
364 131
365 131
366 131
367 131
368 132
369 132
370 132
371 132
372 132
373 132
374 131
375 131
376 131
377 131
378 131
379 131
380 131
381 131
382 131
383 131
384 131
385 131
386 131
387 131
388 131
389 131
390 131
391 130
392 130
393 130
394 130
395 130
396 130
397 130
398 130
399 130
400 130
401 130
402 130
403 129
404 129
405 129
406 129
407 129
408 129
409 129
410 129
411 129
412 129
413 129
414 129
415 128
416 128
417 128
418 128
419 128
420 128
421 128
422 128
423 128
424 128
425 128
426 128
427 128
428 127
428 126
428 125
428 124
427 123
426 122
425 122
424 121
423 121
422 120
421 120
420 120
419 119
418 119
417 119
416 118
415 118
414 118
413 117
412 117
411 117
410 117
409 116
408 116
407 116
406 116
405 115
404 115
403 115
402 115
401 114
400 114
399 114
398 114
397 114
396 113
395 113
394 113
393 112
392 112
391 112
390 112
389 111
388 111
387 110
386 109
385 108
384 107
383 107
382 106
381 106
380 106
379 106
378 106
377 106
376 106
375 105
374 105
373 105
372 105
371 105
370 104
369 104
368 104
367 104
366 104
365 104
364 103
363 103
362 103
361 103
360 103
359 102
358 102
357 102
356 102
355 102
354 102
353 101
352 101
351 101
350 101
349 101
348 100
347 100
346 100
345 100
344 100
343 100
342 99
341 99
340 99
339 99
338 99
337 98
336 98
335 98
334 98
333 98
332 98
331 97
330 97
329 97
328 97
327 97
326 96
325 96
324 96
323 96
322 96
321 96
320 95
319 95
318 95
317 95
316 95
315 95
314 94
313 94
312 94
311 94
310 94
309 93
308 93
307 93
306 93
305 93
304 93
303 92
302 92
301 92
300 92
299 92
298 91
297 91
296 91
295 91
294 91
293 91
292 90
291 90
290 90
289 90
288 90
287 90
286 90
285 89
284 89
283 89
282 89
281 89
280 89
279 89
278 88
277 88
276 88
275 88
274 88
273 87
272 87
271 87
270 87
269 87
268 87
267 87
266 86
265 86
264 86
263 86
262 86
261 86
260 85
259 85
258 85
257 85
256 85
255 85
254 84
253 84
252 84
251 84
250 84
249 84
248 83
247 83
246 83
245 83
244 83
243 83
242 83
241 83
240 82
239 82
238 82
237 82
236 82
235 82
234 81
233 81
232 81
231 81
230 81
229 81
228 80
227 80
226 80
225 80
224 80
223 80
222 80
221 79
220 79
219 79
218 79
217 79
216 79
215 79
214 78
213 78
212 78
211 78
210 78
209 78
208 77
207 77
206 77
205 77
204 77
203 77
202 77
201 76
200 76
199 76
198 76
197 76
196 76
195 76
194 75
193 75
192 75
191 75
190 75
189 75
188 75
187 74
186 74
185 74
184 74
183 74
182 74
181 74
180 74
179 73
178 73
177 73
176 73
175 73
174 73
173 73
172 72
171 72
170 72
169 72
168 72
167 72
166 72
165 71
164 71
163 71
162 71
161 71
160 71
159 70
158 70
157 70
156 70
155 70
154 70
153 70
152 69
151 69
150 69
149 69
148 69
147 69
146 69
145 68
144 68
143 68
142 68
141 68
140 68
139 67
138 67
137 67
136 67
135 67
134 67
133 67
132 67
131 66
130 66
129 66
128 66
127 66
126 66
125 65
124 65
123 65
122 65
121 65
120 65
119 65
118 64
117 63
116 63
115 62
114 62
113 62
112 62
111 62
110 62
109 62
108 62
107 62
106 62
105 62
104 62
103 62
102 62
101 62
100 62
99 62
98 62
97 62
96 62
95 61
94 61
93 61
92 61
91 61
90 61
89 61
88 61
87 60
86 60
85 60
84 60
83 60
82 60
81 60
80 60
79 59
78 59
77 59
76 59
75 59
74 59
73 58
72 58
71 58
70 58
69 58
68 58
67 58
66 58
65 57
64 57
63 57
62 57
61 57
60 56
59 56
58 56
57 56
56 56
55 56
54 56
53 56
52 56
51 56
50 56
49 56
48 56
47 56
46 56
45 56
44 56
43 56
42 56
41 56
40 56
39 56
38 56
37 56
36 56
35 56
34 56
33 56
32 56
31 56
