132 59
131 60
130 60
129 60
128 60
127 60
126 60
125 60
124 60
123 60
122 60
121 60
120 60
119 60
118 60
117 60
116 60
115 60
114 60
113 60
112 60
111 60
110 60
109 60
108 60
107 61
106 61
105 61
104 61
103 61
102 61
101 61
100 61
99 62
98 62
97 62
96 62
95 62
94 63
93 63
92 63
91 63
90 64
89 64
88 65
87 65
86 65
85 66
84 67
83 67
82 68
81 69
80 70
79 71
78 72
77 73
76 74
75 75
74 76
74 77
73 78
73 79
72 80
72 81
72 82
71 83
71 84
71 85
70 86
70 87
70 88
70 89
70 90
70 91
70 92
71 93
71 94
72 95
72 96
73 97
73 98
74 99
75 100
75 101
76 102
77 103
78 104
79 105
80 105
81 106
82 107
83 108
84 108
85 109
86 109
87 110
88 110
89 111
90 111
91 111
92 112
93 112
94 112
95 112
96 112
97 113
98 113
99 113
100 113
101 113
102 114
103 114
104 114
105 114
106 114
107 114
108 114
109 114
110 114
111 114
112 114
113 114
114 114
115 114
116 114
117 114
118 114
119 114
120 114
121 114
122 114
123 114
124 114
125 114
126 114
127 114
128 114
129 114
130 114
131 114
132 114
133 114
134 114
135 114
136 114
137 114
138 114
139 114
140 113
141 113
142 113
143 113
144 113
145 113
146 113
147 113
148 113
149 113
150 113
151 113
152 113
153 113
154 113
155 113
156 113
157 113
158 113
159 113
160 113
161 112
162 112
163 112
164 112
165 111
166 111
167 110
168 110
169 110
170 109
171 109
172 108
173 108
174 107
175 106
176 105
177 104
178 103
179 102
180 102
181 101
182 101
183 101
184 101
185 101
186 101
187 101
188 101
189 101
190 102
191 102
192 103
193 104
194 105
195 106
196 107
197 107
198 108
199 108
200 108
201 108
202 109
203 109
204 109
205 109
206 109
207 109
208 109
209 109
210 109
211 109
212 109
213 109
214 109
215 109
216 109
217 110
218 110
219 110
220 110
221 110
222 110
223 110
224 110
225 110
226 110
227 110
228 110
229 110
230 110
231 110
232 110
233 110
234 110
235 110
236 110
237 110
238 110
239 110
240 110
241 110
242 110
243 110
244 110
245 110
246 111
247 111
248 111
249 111
250 111
251 111
252 111
253 111
254 111
255 111
256 111
257 111
258 111
259 111
260 111
261 111
262 111
263 111
264 111
265 111
266 111
267 111
268 111
269 111
270 111
271 111
272 111
273 111
274 111
275 111
276 111
277 111
278 111
279 111
280 111
281 111
282 111
283 111
284 111
285 111
286 111
287 111
288 111
289 111
290 111
291 111
292 111
293 111
294 111
295 111
296 111
297 111
298 111
299 111
300 111
301 111
302 110
303 110
304 110
305 110
306 110
307 110
308 110
309 110
310 110
311 110
312 110
313 110
314 110
315 110
316 109
317 109
318 109
319 109
320 108
321 108
322 108
323 108
324 107
325 107
326 106
327 105
328 104
329 103
330 102
331 102
332 101
333 101
334 101
335 101
336 101
337 100
338 100
339 100
340 99
341 99
342 99
343 98
344 98
345 97
346 97
347 96
348 96
349 96
350 95
351 95
352 95
353 95
354 95
355 94
356 94
357 94
358 93
359 93
360 93
361 92
362 92
363 92
364 91
365 91
366 91
367 91
368 90
369 90
370 90
371 89
372 89
373 89
374 88
375 88
376 88
377 88
378 88
379 88
380 88
381 88
382 87
383 87
384 86
385 85
385 84
385 83
385 82
384 81
384 80
383 80
382 79
381 79
380 78
379 78
378 78
377 78
376 78
375 78
374 78
373 77
372 77
371 77
370 77
369 76
368 76
367 76
366 76
365 76
364 75
363 75
362 75
361 75
360 75
359 74
358 74
357 74
356 73
355 73
354 73
353 73
352 72
351 72
350 72
349 72
348 72
347 71
346 71
345 71
344 71
343 71
342 70
341 70
340 69
339 69
338 68
337 68
336 68
335 68
334 68
333 68
332 67
331 67
330 67
329 66
328 66
327 65
326 65
325 64
324 64
323 64
322 63
321 63
320 63
319 62
318 62
317 62
316 62
315 62
314 62
313 62
312 62
311 62
310 62
309 62
308 62
307 62
306 61
305 61
304 61
303 61
302 62
301 62
300 62
299 62
298 62
297 61
296 61
295 61
294 61
293 61
292 61
291 61
290 61
289 62
288 62
287 62
286 61
285 61
284 61
283 61
282 61
281 61
280 61
279 61
278 61
277 61
276 61
275 61
274 61
273 61
272 61
271 61
270 61
269 61
268 61
267 61
266 61
265 61
264 61
263 61
262 61
261 61
260 61
259 61
258 61
257 61
256 61
255 61
254 62
253 62
252 62
251 62
250 62
249 62
248 62
247 62
246 62
245 62
244 62
243 62
242 62
241 62
240 62
239 62
238 62
237 62
236 62
235 61
234 61
233 61
232 61
231 61
230 61
229 61
228 61
227 61
226 61
225 61
224 61
223 61
222 61
221 61
220 61
219 61
218 61
217 61
216 61
215 61
214 61
213 61
212 61
211 61
210 61
209 61
208 61
207 61
206 61
205 61
204 61
203 61
202 61
201 61
200 61
199 61
198 62
197 62
196 62
195 63
194 63
193 64
192 64
191 65
190 66
189 66
188 67
187 68
186 68
185 68
184 69
183 69
182 69
181 69
180 68
179 68
178 67
177 66
176 65
175 64
174 64
173 63
172 62
171 62
170 62
169 61
168 61
167 61
166 61
165 60
164 60
163 60
162 60
161 60
160 60
159 60
158 60
157 60
156 60
155 60
154 60
153 60
152 60
151 60
150 60
149 60
148 60
147 60
146 60
145 60
144 60
143 60
142 60
141 60
140 60
139 60
138 60
137 60
136 60
135 60
134 59
133 59
