64 46
63 47
62 47
61 48
60 48
59 49
58 50
58 51
57 52
56 53
56 54
55 55
55 56
55 57
55 58
56 59
56 60
56 61
56 62
57 63
57 64
58 65
58 66
59 67
59 68
59 69
60 70
60 71
61 72
61 73
61 74
61 75
61 76
61 77
61 78
61 79
62 80
62 81
63 82
64 83
64 84
65 85
65 86
66 87
66 88
66 89
67 90
68 91
68 92
69 93
69 94
70 95
71 96
71 97
72 98
72 99
72 100
73 101
73 102
74 103
74 104
75 105
76 106
76 107
76 108
77 109
78 110
78 111
78 112
79 113
79 114
80 115
80 116
80 117
81 118
81 119
82 120
82 121
83 122
83 123
84 124
85 125
85 126
85 127
86 128
86 129
86 130
87 131
88 132
88 133
88 134
89 135
90 136
90 137
90 138
91 139
91 140
92 141
92 142
93 143
93 144
93 145
94 146
94 147
95 148
96 149
96 150
96 151
97 152
97 153
98 154
98 155
98 156
99 157
99 158
99 159
100 160
101 161
101 162
102 163
102 164
102 165
103 166
103 167
104 168
104 169
105 170
105 171
106 172
106 173
106 174
107 175
107 176
108 177
108 178
109 179
109 180
110 181
110 182
110 183
111 184
111 185
112 186
112 187
113 188
113 189
113 190
114 191
114 192
115 193
115 194
116 195
116 196
117 197
117 198
117 199
118 200
118 201
119 202
119 203
120 204
120 205
121 206
121 207
122 208
122 209
122 210
123 211
124 212
124 213
124 214
125 215
125 216
125 217
126 218
126 219
127 220
127 221
128 222
128 223
129 224
129 225
129 226
130 227
130 228
131 229
131 230
132 231
132 232
133 233
133 234
133 235
134 236
134 237
135 238
135 239
136 240
136 241
137 242
137 243
138 244
138 245
138 246
139 247
140 248
140 249
140 250
141 251
141 252
142 253
142 254
143 255
143 256
144 257
144 258
144 259
145 260
145 261
146 262
146 263
147 264
147 265
147 266
148 267
148 268
149 269
149 270
150 271
150 272
151 273
151 274
151 275
152 276
152 277
153 278
153 279
154 280
154 281
155 282
155 283
156 284
157 285
158 286
159 287
160 288
161 289
162 290
163 291
164 292
165 293
166 294
167 295
168 296
169 296
170 297
171 298
172 299
173 300
174 301
175 302
176 302
177 303
178 304
179 305
180 306
180 307
181 308
181 309
182 310
183 311
183 312
183 313
184 314
185 315
185 316
186 317
187 317
188 317
188 316
188 315
188 314
187 313
187 312
187 311
186 310
186 309
185 308
185 307
184 306
184 305
184 304
184 303
184 302
184 301
184 300
184 299
184 298
184 297
183 296
183 295
183 294
183 293
183 292
183 291
183 290
183 289
183 288
183 287
183 286
183 285
183 284
183 283
183 282
183 281
183 280
183 279
183 278
182 277
182 276
182 275
182 274
182 273
182 272
182 271
181 270
181 269
181 268
180 267
180 266
179 265
179 264
178 263
178 262
178 261
177 260
177 259
176 258
176 257
175 256
175 255
174 254
174 253
173 252
173 251
173 250
172 249
172 248
171 247
171 246
170 245
170 244
169 243
169 242
168 241
168 240
167 239
167 238
166 237
166 236
166 235
165 234
165 233
164 232
164 231
163 230
163 229
162 228
162 227
161 226
161 225
160 224
160 223
159 222
159 221
159 220
158 219
158 218
157 217
157 216
156 215
156 214
156 213
155 212
155 211
154 210
153 209
153 208
153 207
152 206
152 205
151 204
151 203
150 202
150 201
150 200
149 199
149 198
148 197
148 196
147 195
147 194
147 193
146 192
146 191
145 190
145 189
144 188
144 187
143 186
143 185
143 184
142 183
142 182
141 181
140 180
140 179
140 178
139 177
139 176
138 175
138 174
138 173
137 172
136 171
136 170
136 169
135 168
135 167
134 166
134 165
133 164
133 163
132 162
132 161
131 160
131 159
131 158
130 157
130 156
129 155
129 154
128 153
128 152
128 151
127 150
127 149
126 148
126 147
125 146
125 145
124 144
124 143
123 142
123 141
123 140
122 139
122 138
121 137
121 136
120 135
120 134
119 133
119 132
118 131
118 130
117 129
117 128
117 127
116 126
116 125
115 124
115 123
114 122
114 121
113 120
113 119
112 118
112 117
111 116
111 115
111 114
110 113
110 112
110 111
109 110
109 109
108 108
108 107
107 106
107 105
106 104
106 103
105 102
105 101
104 100
104 99
104 98
103 97
103 96
102 95
102 94
101 93
101 92
101 91
100 90
100 89
99 88
99 87
98 86
98 85
98 84
97 83
97 82
97 81
96 80
96 79
95 78
95 77
95 76
94 75
94 74
93 73
93 72
92 71
91 70
91 69
91 68
90 67
89 66
89 65
88 65
87 64
86 63
85 62
85 61
84 60
84 59
84 58
83 57
83 56
83 55
82 54
82 53
81 52
81 51
80 50
79 49
78 48
77 48
76 47
75 47
74 47
73 46
72 46
71 46
70 46
69 46
68 46
67 46
66 46
65 46
