210 21
209 22
208 23
207 24
206 25
206 26
206 27
206 28
206 29
205 30
205 31
205 32
205 33
204 34
204 35
204 36
204 37
204 38
203 39
203 40
203 41
203 42
203 43
202 44
201 45
200 45
199 44
198 44
197 45
196 45
195 45
194 45
193 45
192 45
191 45
190 45
189 45
188 45
187 45
186 45
185 46
184 46
183 46
182 46
181 46
180 46
179 46
178 46
177 46
176 46
175 46
174 46
173 46
172 46
171 46
170 46
169 46
168 46
167 46
166 46
165 46
164 46
163 46
162 46
161 46
160 46
159 47
158 47
157 47
156 47
155 47
154 47
153 47
152 47
151 47
150 48
149 48
148 48
147 48
146 48
145 48
144 48
143 48
142 48
141 49
140 49
139 49
138 50
137 50
136 50
135 50
134 50
133 51
132 51
131 51
130 52
129 52
128 53
127 53
126 53
125 54
124 54
123 54
122 54
121 55
120 55
119 56
118 56
117 57
116 57
115 58
114 58
113 59
112 59
111 60
110 60
109 60
108 61
107 61
106 62
105 62
104 63
103 64
102 64
101 65
100 65
99 65
98 66
97 66
96 67
95 67
94 68
93 68
92 69
91 70
90 70
89 71
88 71
87 72
86 73
85 74
84 74
83 75
82 75
81 76
80 77
79 78
78 78
77 79
76 79
75 80
74 81
73 82
72 82
71 83
70 83
69 84
68 85
67 86
66 86
65 87
64 88
63 88
62 89
61 90
60 91
59 91
58 92
57 93
56 94
55 94
54 95
53 96
52 96
51 97
50 98
49 99
48 99
47 100
46 100
45 101
44 101
43 101
42 101
41 102
40 102
39 102
38 102
37 102
36 103
35 104
34 105
33 106
33 107
33 108
33 109
33 110
33 111
33 112
33 113
33 114
33 115
33 116
33 117
32 118
32 119
32 120
32 121
32 122
32 123
32 124
32 125
32 126
32 127
32 128
32 129
32 130
32 131
32 132
32 133
32 134
32 135
32 136
32 137
32 138
32 139
32 140
32 141
32 142
32 143
33 144
33 145
33 146
33 147
33 148
34 149
34 150
34 151
34 152
35 153
35 154
36 155
37 156
38 156
39 157
40 158
41 158
42 159
43 159
44 160
45 160
46 160
47 161
48 161
49 161
50 161
51 161
52 161
53 161
54 161
55 161
56 162
57 163
58 164
59 165
59 166
59 167
59 168
60 169
60 170
60 171
60 172
61 173
61 174
62 175
62 176
63 177
64 178
64 179
65 180
66 181
67 182
68 183
69 183
70 184
71 185
72 186
73 186
74 187
75 187
76 188
77 188
78 189
79 189
80 189
81 189
82 190
83 190
84 190
85 190
86 190
87 190
88 190
89 190
90 190
91 190
92 190
93 189
94 189
95 188
96 188
97 188
98 187
99 187
100 187
101 186
102 186
103 185
104 185
105 184
106 183
107 182
108 182
109 181
109 180
110 179
111 178
112 178
113 177
114 177
115 176
116 176
117 177
118 177
119 177
120 177
121 177
122 178
123 178
124 178
125 178
126 178
127 179
128 179
129 179
130 179
131 179
132 179
133 180
134 180
135 180
136 180
137 180
138 180
139 180
140 181
141 181
142 181
143 181
144 181
145 182
146 182
147 182
148 182
149 182
150 182
151 183
152 183
153 183
154 183
155 184
156 184
157 184
158 184
159 184
160 184
161 185
162 185
163 185
164 185
165 185
166 185
167 186
168 186
169 186
170 186
171 186
172 187
173 187
174 187
175 187
176 187
177 188
178 188
179 188
180 188
181 189
182 189
183 189
184 189
185 189
186 189
187 190
188 190
189 190
190 190
191 190
192 191
193 191
194 191
195 191
196 191
197 192
198 192
199 193
200 194
201 195
201 196
201 197
202 198
202 199
203 200
203 201
203 202
204 203
204 204
205 205
206 206
206 207
207 208
208 209
209 210
210 211
211 212
212 213
213 214
214 215
215 215
216 216
217 217
218 218
219 218
220 218
221 219
222 220
223 220
224 221
225 221
226 221
227 221
228 222
229 222
230 222
231 222
232 222
233 223
234 223
235 223
236 223
237 223
238 223
239 223
240 223
241 223
242 222
243 222
244 221
245 221
246 221
247 221
248 220
249 220
250 219
251 219
252 218
253 218
254 217
255 217
256 216
257 215
258 214
259 213
260 212
261 211
262 210
263 209
264 208
265 207
266 206
267 205
268 204
269 204
270 204
271 204
272 203
273 203
274 204
275 204
276 204
277 204
278 204
279 204
280 204
281 205
282 205
283 205
284 205
285 205
286 205
287 205
288 205
289 205
290 206
291 206
292 206
293 206
294 206
295 206
296 206
297 206
298 206
299 207
300 207
301 207
302 207
303 207
304 207
305 207
306 207
307 207
308 207
309 207
310 207
311 207
312 207
313 207
314 207
315 207
316 208
317 208
318 208
319 208
320 208
321 208
322 208
323 208
324 208
325 208
326 208
327 208
328 208
329 208
330 208
331 208
332 208
333 208
334 208
335 208
336 209
337 209
338 209
339 209
340 209
341 209
342 210
343 210
344 210
345 210
346 210
347 210
348 210
349 209
350 209
351 209
352 209
353 209
354 209
355 209
356 208
357 208
358 208
359 208
360 208
361 208
362 208
363 208
364 208
365 208
366 208
367 208
368 208
369 209
370 209
371 209
372 209
373 209
374 210
375 210
376 210
377 210
378 210
379 210
380 210
381 210
382 210
383 210
384 210
385 210
386 209
387 209
388 209
389 208
390 207
391 207
392 207
393 206
394 205
395 205
396 204
397 203
398 203
399 202
400 202
401 202
402 201
403 201
404 201
405 201
406 201
407 201
408 200
409 200
410 200
411 200
412 200
413 199
414 199
415 199
416 199
417 199
418 198
419 198
420 198
421 198
422 197
423 197
424 197
425 197
426 197
427 197
428 196
429 196
430 196
431 196
432 195
433 195
434 195
435 195
436 195
437 194
438 194
439 194
440 194
441 194
442 193
443 193
444 192
445 192
446 192
447 191
448 191
449 190
450 189
451 188
452 187
453 187
454 186
455 185
456 184
457 184
458 183
459 182
460 181
461 180
461 179
461 178
462 177
462 176
462 175
463 174
463 173
463 172
463 171
463 170
463 169
463 168
462 167
462 166
461 165
461 164
460 163
460 162
460 161
459 160
459 159
459 158
459 157
459 156
459 155
459 154
460 153
460 152
460 151
459 150
459 149
459 148
459 147
459 146
459 145
459 144
459 143
459 142
459 141
458 140
458 139
458 138
458 137
457 136
457 135
457 134
456 133
456 132
455 131
455 130
454 129
453 128
452 127
451 126
450 125
450 124
449 123
448 122
447 121
446 120
445 119
444 119
443 118
442 117
441 116
440 116
439 115
438 114
437 114
436 113
435 112
434 112
433 112
432 111
431 110
430 110
429 109
428 109
427 109
426 108
425 108
424 108
423 107
422 107
421 107
420 106
419 106
418 106
417 105
416 105
415 105
414 104
413 104
412 104
411 104
410 104
409 104
408 104
407 103
406 103
405 103
404 102
403 102
402 102
401 102
400 102
399 101
398 101
397 101
396 101
395 101
394 100
393 100
392 100
391 100
390 100
389 100
388 100
387 99
386 99
385 99
384 99
383 99
382 99
381 99
380 98
379 98
378 98
377 98
376 98
375 98
374 98
373 97
372 97
371 97
370 97
369 97
368 97
367 96
366 96
365 96
364 96
363 96
362 96
361 96
360 96
359 96
358 96
357 95
356 95
355 95
354 95
353 95
352 95
351 95
350 95
349 94
348 94
347 94
346 94
345 94
344 94
343 94
342 94
341 94
340 94
339 93
338 93
337 93
336 93
335 93
334 92
333 92
332 92
331 92
330 92
329 92
328 92
327 91
326 91
325 91
324 91
323 91
322 91
321 91
320 91
319 90
318 89
317 88
316 87
315 86
314 85
313 84
312 83
311 82
310 81
309 80
308 79
307 78
306 77
305 76
304 75
303 74
302 73
301 73
300 72
299 71
298 71
297 70
296 69
295 69
294 68
293 67
292 66
291 65
290 64
289 63
288 62
287 62
286 61
285 60
284 60
283 59
282 59
281 58
280 57
279 56
278 56
277 56
276 55
275 55
274 54
273 54
272 53
271 52
270 52
269 52
268 51
267 51
266 50
265 50
264 50
263 49
262 49
261 49
260 49
259 49
258 48
257 48
256 48
255 47
254 47
253 47
252 47
251 47
250 46
249 46
248 46
247 46
246 46
245 46
244 46
243 46
242 46
241 46
240 46
239 45
238 45
237 45
236 45
235 45
234 45
233 45
232 45
231 44
230 43
229 42
228 41
228 40
228 39
228 38
227 37
227 36
227 35
226 34
226 33
226 32
226 31
226 30
226 29
226 28
226 27
226 26
226 25
225 24
225 23
224 22
223 22
222 22
221 21
220 21
219 21
218 21
217 21
216 21
215 21
214 21
213 21
212 21
211 21
