220 22
219 23
218 23
217 23
216 23
215 23
214 23
213 23
212 23
211 23
210 24
209 24
208 24
207 24
206 24
205 24
204 24
203 24
202 24
201 24
200 25
199 25
198 25
197 25
196 25
195 25
194 25
193 25
192 25
191 26
190 26
189 26
188 26
187 26
186 26
185 26
184 26
183 27
182 27
181 27
180 27
179 27
178 27
177 28
176 28
175 28
174 28
173 28
172 28
171 29
170 29
169 29
168 29
167 29
166 29
165 30
164 30
163 30
162 30
161 30
160 30
159 31
158 31
157 31
156 31
155 32
154 32
153 32
152 33
151 33
150 34
149 34
148 35
147 35
146 35
145 36
144 36
143 37
142 38
141 39
140 40
139 41
138 41
137 42
136 43
135 44
134 45
133 45
132 46
131 47
130 48
129 49
128 50
127 50
126 51
125 52
124 53
123 54
122 54
121 55
120 56
119 57
118 58
117 58
116 59
115 59
114 59
113 59
112 59
111 59
110 59
109 59
108 60
107 60
106 61
105 62
105 63
104 64
104 65
103 66
102 67
101 67
100 68
99 68
98 68
97 68
96 69
95 69
94 69
93 69
92 69
91 69
90 69
89 69
88 69
87 70
86 70
85 70
84 70
83 70
82 70
81 70
80 71
79 71
78 71
77 71
76 72
75 72
74 72
73 72
72 73
71 73
70 73
69 73
68 73
67 74
66 74
65 74
64 74
63 75
62 75
61 75
60 76
59 76
58 77
57 77
56 77
55 78
54 78
53 79
52 79
51 80
50 80
49 80
48 81
47 81
46 82
45 82
44 82
43 83
42 83
41 84
40 84
39 85
38 85
37 86
36 86
35 87
34 88
34 89
33 90
33 91
32 92
31 93
31 94
30 95
30 96
30 97
29 98
29 99
29 100
30 101
30 102
30 103
30 104
30 105
29 106
29 107
28 108
27 109
26 110
25 111
25 112
24 113
24 114
23 115
23 116
23 117
22 118
22 119
22 120
23 121
23 122
23 123
23 124
23 125
24 126
24 127
24 128
24 129
24 130
25 131
25 132
25 133
25 134
25 135
26 136
26 137
26 138
27 139
27 140
27 141
28 142
28 143
29 144
29 145
30 145
31 146
32 146
33 146
34 146
35 146
36 146
37 147
38 147
39 148
40 149
41 150
42 151
43 152
44 153
44 154
45 155
46 156
46 157
47 158
47 159
48 160
49 161
49 162
50 163
51 164
52 165
53 166
54 166
55 166
56 166
57 166
58 166
59 166
60 166
61 166
62 166
63 166
64 166
65 166
66 166
67 166
68 166
69 166
70 166
71 166
72 166
73 166
74 166
75 166
76 166
77 166
78 166
79 166
80 165
81 165
82 164
83 164
84 163
85 163
86 162
87 161
88 161
89 160
90 160
91 159
92 158
92 157
93 156
93 155
93 154
93 153
93 152
94 151
95 150
96 149
97 149
98 149
99 149
100 149
101 149
102 149
103 149
104 149
105 149
106 150
107 150
108 150
109 150
110 150
111 150
112 150
113 150
114 150
115 150
116 150
117 150
118 150
119 150
120 150
121 150
122 150
123 150
124 150
125 150
126 150
127 150
128 150
129 150
130 150
131 150
132 150
133 150
134 150
135 150
136 150
137 150
138 150
139 150
140 150
141 150
142 150
143 150
144 150
145 151
146 151
147 152
148 153
149 154
149 155
150 156
151 157
151 158
152 159
152 160
153 161
154 162
155 162
156 163
157 163
158 163
159 164
160 164
161 165
162 165
163 166
164 166
165 166
166 167
167 167
168 167
169 167
170 167
171 167
172 167
173 167
174 167
175 167
176 167
177 167
178 167
179 167
180 167
181 167
182 167
183 167
184 167
185 167
186 166
187 166
188 165
189 164
190 164
191 163
192 162
193 161
194 160
195 159
196 158
197 157
198 156
199 155
199 154
200 153
201 152
202 151
203 150
204 149
205 148
206 148
207 147
208 147
209 146
210 146
211 146
212 145
213 145
214 145
215 144
216 144
217 144
218 143
219 143
220 143
221 143
222 143
223 143
224 143
225 143
226 143
227 143
228 144
229 144
230 144
231 144
232 144
233 144
234 144
235 144
236 144
237 144
238 144
239 144
240 144
241 144
242 144
243 144
244 143
245 143
246 143
247 143
248 143
249 143
250 143
251 143
252 143
253 143
254 143
255 143
256 143
257 142
258 142
259 142
260 142
261 142
262 142
263 142
264 142
265 142
266 142
267 142
268 142
269 142
270 142
271 142
272 142
273 142
274 142
275 142
276 142
277 142
278 142
279 142
280 142
281 142
282 142
283 141
284 141
285 141
286 141
287 141
288 141
289 141
290 141
291 141
292 141
293 141
294 141
295 141
296 141
297 141
298 141
299 141
300 142
301 142
302 143
303 144
303 145
304 146
304 147
304 148
305 149
305 150
306 151
307 152
308 152
309 153
310 153
311 153
312 153
313 154
314 154
315 154
316 154
317 154
318 155
319 155
320 155
321 155
322 155
323 156
324 156
325 156
326 156
327 156
328 156
329 156
330 156
331 156
332 156
333 156
334 155
335 155
336 154
336 153
337 152
337 151
338 150
338 149
339 148
339 147
340 146
340 145
340 144
341 143
341 142
341 141
342 140
342 139
342 138
343 137
343 136
344 135
345 134
346 133
347 133
348 132
349 132
350 131
351 131
352 130
353 130
354 130
355 129
356 129
357 128
358 127
358 126
359 125
359 124
360 123
360 122
361 121
361 120
362 119
362 118
362 117
363 116
363 115
363 114
364 113
364 112
364 111
365 110
365 109
365 108
365 107
366 106
365 105
365 104
365 103
364 102
364 101
364 100
363 99
363 98
363 97
363 96
363 95
363 94
363 93
363 92
363 91
363 90
363 89
363 88
363 87
363 86
363 85
363 84
363 83
363 82
363 81
363 80
363 79
363 78
363 77
363 76
363 75
363 74
363 73
362 72
362 71
361 70
360 69
359 68
358 67
357 66
357 65
356 64
355 63
354 62
353 61
352 60
351 60
350 59
349 59
348 59
347 59
346 58
345 58
344 58
343 58
342 58
341 58
340 58
339 58
338 58
337 57
336 57
335 56
334 55
333 54
332 53
332 52
331 51
331 50
330 49
329 48
328 48
327 47
326 47
325 46
324 45
323 45
322 44
321 43
320 43
319 42
318 42
317 41
316 40
315 40
314 39
313 38
312 38
311 37
310 36
309 36
308 35
307 35
306 34
305 33
304 33
303 32
302 32
301 32
300 31
299 31
298 30
297 30
296 29
295 29
294 29
293 28
292 28
291 27
290 27
289 26
288 26
287 26
286 25
285 25
284 25
283 25
282 25
281 25
280 25
279 25
278 25
277 25
276 25
275 24
274 24
273 24
272 24
271 24
270 24
269 24
268 24
267 24
266 24
265 24
264 24
263 24
262 24
261 24
260 24
259 24
258 24
257 24
256 24
255 24
254 23
253 23
252 23
251 23
250 23
249 23
248 23
247 23
246 23
245 23
244 23
243 23
242 23
241 23
240 23
239 23
238 23
237 23
236 23
235 23
234 22
233 22
232 22
231 22
230 22
229 22
228 22
227 22
226 22
225 22
224 22
223 22
222 22
221 22
