217 47
216 48
215 48
214 48
213 48
212 48
211 48
210 48
209 48
208 48
207 48
206 48
205 49
204 49
203 49
202 49
201 49
200 49
199 49
198 49
197 49
196 49
195 49
194 50
193 50
192 50
191 50
190 50
189 50
188 50
187 50
186 50
185 50
184 50
183 51
182 51
181 51
180 51
179 51
178 51
177 51
176 51
175 51
174 52
173 52
172 52
171 52
170 52
169 52
168 53
167 53
166 53
165 53
164 53
163 53
162 54
161 54
160 54
159 54
158 54
157 55
156 55
155 55
154 56
153 56
152 56
151 57
150 57
149 57
148 58
147 58
146 58
145 59
144 59
143 60
142 60
141 61
140 62
139 62
138 63
137 63
136 64
135 65
134 66
133 67
132 68
131 69
130 70
129 71
128 72
127 73
126 74
125 75
124 76
123 76
122 77
121 77
120 77
119 77
118 77
117 77
116 77
115 77
114 78
113 78
112 78
111 78
110 78
109 79
108 79
107 80
106 81
105 82
105 83
105 84
105 85
106 86
106 87
106 88
106 89
105 90
104 91
103 91
102 91
101 91
100 91
99 91
98 91
97 91
96 91
95 91
94 91
93 91
92 91
91 92
90 92
89 92
88 92
87 93
86 93
85 93
84 93
83 94
82 94
81 94
80 95
79 95
78 95
77 95
76 96
75 96
74 96
73 96
72 97
71 97
70 97
69 97
68 97
67 97
66 98
65 98
64 98
63 98
62 98
61 98
60 98
59 99
58 99
57 99
56 99
55 99
54 99
53 99
52 100
51 100
50 100
49 100
48 100
47 100
46 101
45 101
44 102
43 103
42 104
41 105
40 105
39 106
38 107
37 108
36 109
35 110
35 111
34 112
34 113
34 114
33 115
33 116
33 117
32 118
31 119
30 120
29 121
28 121
27 122
26 122
25 123
24 123
23 123
22 124
21 124
20 125
19 126
18 127
18 128
18 129
17 130
17 131
17 132
17 133
16 134
16 135
16 136
15 137
15 138
15 139
16 140
16 141
17 142
17 143
18 144
18 145
18 146
19 147
19 148
20 149
20 150
21 151
21 152
22 153
22 154
22 155
23 156
23 157
24 158
25 159
26 160
27 160
28 161
29 161
30 162
31 162
32 163
33 163
34 163
35 163
36 163
37 163
38 163
39 163
40 163
41 163
42 164
43 165
44 166
45 167
46 168
46 169
47 170
47 171
48 172
49 173
50 174
51 175
52 176
53 177
54 178
55 179
56 180
57 181
58 182
59 182
60 183
61 183
62 183
63 183
64 183
65 183
66 183
67 183
68 183
69 183
70 183
71 183
72 183
73 183
74 183
75 183
76 183
77 183
78 183
79 182
80 182
81 181
82 180
83 179
84 178
85 177
86 176
87 175
88 174
89 173
90 173
91 172
92 172
93 172
94 172
95 172
96 172
97 172
98 172
99 172
100 172
101 172
102 172
103 172
104 172
105 172
106 172
107 172
108 172
109 172
110 172
111 172
112 172
113 172
114 172
115 172
116 172
117 172
118 172
119 172
120 172
121 173
122 173
123 173
124 173
125 173
126 173
127 173
128 173
129 173
130 173
131 173
132 173
133 173
134 173
135 173
136 174
137 174
138 174
139 174
140 174
141 174
142 175
143 176
144 177
145 178
146 179
146 180
147 181
148 182
149 183
150 184
151 185
152 186
153 187
154 187
155 187
156 188
157 188
158 188
159 189
160 189
161 189
162 190
163 190
164 190
165 191
166 191
167 191
168 191
169 191
170 191
171 191
172 191
173 191
174 191
175 191
176 191
177 192
178 192
179 192
180 192
181 192
182 192
183 192
184 192
185 192
186 192
187 191
188 191
189 190
190 189
191 189
192 188
193 187
194 187
195 186
196 185
197 184
198 184
199 183
200 182
201 182
202 181
203 180
204 179
204 178
205 177
205 176
205 175
205 174
206 173
206 172
207 171
208 171
209 170
210 170
211 170
212 170
213 170
214 170
215 170
216 170
217 170
218 170
219 169
220 169
221 169
222 169
223 169
224 169
225 169
226 168
227 168
228 168
229 168
230 168
231 168
232 168
233 167
234 167
235 167
236 167
237 167
238 167
239 167
240 166
241 166
242 166
243 166
244 166
245 166
246 166
247 165
248 165
249 165
250 165
251 165
252 164
253 164
254 164
255 163
256 163
257 163
258 162
259 162
260 162
261 161
262 161
263 161
264 161
265 160
266 160
267 160
268 159
269 159
270 159
271 158
272 158
273 158
274 157
275 157
276 157
277 156
278 156
279 156
280 156
281 156
282 156
283 156
284 156
285 156
286 156
287 156
288 156
289 156
290 156
291 156
292 156
293 156
294 156
295 156
296 156
297 156
298 156
299 156
300 156
301 156
302 156
303 156
304 157
305 158
306 159
306 160
306 161
306 162
306 163
307 164
307 165
308 165
309 166
310 167
311 167
312 168
313 168
314 169
315 169
316 169
317 169
318 169
319 169
320 169
321 169
322 169
323 169
324 169
325 169
326 169
327 169
328 169
329 169
330 169
331 169
332 169
333 169
334 169
335 168
336 168
337 167
338 167
339 166
340 165
341 164
342 164
343 163
344 162
345 161
346 160
347 159
348 158
348 157
349 156
350 155
351 154
352 153
353 152
354 151
354 150
355 149
355 148
355 147
356 146
356 145
357 144
358 144
359 143
360 143
361 143
362 142
363 142
364 142
365 141
366 141
367 141
368 140
369 139
370 138
371 137
372 136
373 135
374 134
374 133
375 132
376 131
376 130
377 129
378 128
378 127
379 126
379 125
380 124
380 123
379 122
379 121
378 121
377 120
376 119
375 118
375 117
374 116
374 115
374 114
374 113
374 112
374 111
374 110
374 109
374 108
374 107
374 106
374 105
374 104
374 103
374 102
374 101
374 100
374 99
374 98
374 97
374 96
374 95
374 94
374 93
374 92
374 91
373 90
373 89
372 88
371 87
370 86
369 86
368 86
367 86
366 86
365 86
364 86
363 86
362 86
361 86
360 86
359 86
358 86
357 86
356 86
355 86
354 86
353 86
352 86
351 86
350 86
349 86
348 86
347 86
346 86
345 86
344 86
343 85
342 85
341 84
340 83
339 82
338 81
337 80
336 79
335 78
334 77
333 76
332 75
331 74
330 73
329 72
328 71
327 70
326 69
325 68
324 67
323 66
322 65
321 64
320 63
319 62
318 61
317 61
316 60
315 59
314 58
313 57
312 56
311 55
310 54
309 53
308 53
307 53
306 52
305 52
304 52
303 51
302 51
301 51
300 51
299 50
298 50
297 50
296 49
295 49
294 49
293 48
292 48
291 48
290 48
289 48
288 48
287 48
286 48
285 48
284 48
283 48
282 48
281 48
280 48
279 48
278 48
277 48
276 48
275 48
274 48
273 48
272 48
271 48
270 48
269 48
268 48
267 48
266 48
265 48
264 48
263 48
262 48
261 48
260 48
259 48
258 48
257 48
256 48
255 48
254 48
253 48
252 48
251 48
250 48
249 48
248 48
247 48
246 48
245 48
244 48
243 48
242 48
241 48
240 48
239 48
238 48
237 48
236 47
235 47
234 47
233 47
232 47
231 47
230 47
229 47
228 47
227 47
226 47
225 47
224 47
223 47
222 47
221 47
220 47
219 47
218 47
