252 21
251 22
250 22
249 22
248 22
247 22
246 22
245 22
244 22
243 22
242 22
241 22
240 22
239 22
238 22
237 22
236 22
235 22
234 22
233 22
232 22
231 22
230 23
229 23
228 23
227 23
226 23
225 23
224 23
223 23
222 23
221 23
220 23
219 23
218 23
217 23
216 23
215 23
214 23
213 23
212 23
211 23
210 23
209 24
208 24
207 24
206 24
205 24
204 24
203 24
202 24
201 24
200 24
199 24
198 24
197 24
196 24
195 24
194 24
193 24
192 25
191 25
190 25
189 25
188 25
187 26
186 26
185 26
184 26
183 26
182 27
181 27
180 27
179 27
178 27
177 28
176 28
175 28
174 28
173 28
172 29
171 29
170 29
169 30
168 30
167 31
166 31
165 32
164 32
163 33
162 33
161 34
160 34
159 35
158 35
157 36
156 36
155 37
154 37
153 38
152 38
151 39
150 39
149 40
148 41
147 42
146 43
145 44
144 45
143 46
142 47
141 48
140 49
139 50
138 51
137 52
136 53
135 53
134 53
133 54
132 54
131 54
130 53
129 53
128 54
127 54
126 54
125 54
124 54
123 55
122 55
121 55
120 55
119 55
118 56
117 56
116 57
115 58
114 59
114 60
114 61
115 62
116 63
117 64
118 65
119 66
119 67
119 68
119 69
118 70
117 71
116 71
115 71
114 71
113 71
112 71
111 72
110 72
109 72
108 72
107 72
106 72
105 72
104 72
103 73
102 73
101 73
100 73
99 73
98 73
97 73
96 74
95 74
94 74
93 74
92 74
91 74
90 75
89 75
88 75
87 75
86 75
85 75
84 76
83 76
82 76
81 76
80 76
79 76
78 77
77 77
76 77
75 77
74 77
73 77
72 78
71 78
70 78
69 78
68 79
67 79
66 79
65 80
64 80
63 81
62 81
61 82
60 82
59 83
58 83
57 84
56 84
55 85
54 85
53 85
52 86
51 86
50 87
49 87
48 88
47 89
47 90
46 91
46 92
45 93
44 94
43 95
43 96
42 97
41 98
40 99
39 100
38 101
38 102
37 103
36 104
35 105
34 106
33 107
33 108
32 109
31 110
31 111
30 112
30 113
29 114
29 115
28 116
28 117
27 118
27 119
27 120
26 121
26 122
27 123
27 124
27 125
27 126
27 127
27 128
27 129
27 130
28 131
28 132
28 133
28 134
28 135
28 136
29 137
29 138
30 139
30 140
31 141
31 142
32 143
32 144
33 145
34 146
35 147
36 148
37 149
38 150
39 150
40 151
41 152
42 152
43 152
44 152
45 152
46 152
47 152
48 152
49 152
50 152
51 153
52 153
53 154
54 155
54 156
55 157
55 158
56 159
56 160
57 161
57 162
58 163
58 164
59 165
59 166
60 167
61 168
62 169
63 170
64 170
65 170
66 171
67 171
68 171
69 172
70 172
71 172
72 172
73 173
74 173
75 173
76 174
77 174
78 174
79 174
80 175
81 175
82 175
83 175
84 174
85 174
86 174
87 174
88 174
89 174
90 173
91 173
92 173
93 173
94 172
95 172
96 171
97 171
98 170
99 169
100 169
101 168
102 167
103 166
103 165
103 164
103 163
103 162
103 161
103 160
103 159
104 158
105 157
106 157
107 157
108 157
109 157
110 157
111 157
112 157
113 157
114 157
115 157
116 157
117 157
118 158
119 158
120 158
121 158
122 158
123 158
124 158
125 158
126 159
127 159
128 159
129 159
130 159
131 159
132 159
133 159
134 159
135 159
136 159
137 159
138 159
139 159
140 159
141 159
142 159
143 159
144 159
145 159
146 159
147 159
148 159
149 159
150 159
151 159
152 159
153 160
154 160
155 160
156 160
157 160
158 160
159 160
160 160
161 160
162 160
163 160
164 160
165 160
166 160
167 160
168 160
169 160
170 160
171 160
172 161
173 162
174 163
174 164
174 165
175 166
175 167
175 168
176 169
176 170
176 171
177 172
178 173
179 174
180 174
181 175
182 175
183 176
184 176
185 177
186 177
187 177
188 178
189 178
190 179
191 179
192 179
193 180
194 180
195 180
196 180
197 180
198 179
199 179
200 179
201 179
202 179
203 179
204 179
205 179
206 178
207 178
208 178
209 178
210 178
211 178
212 178
213 178
214 177
215 177
216 177
217 177
218 176
219 176
220 175
221 175
222 174
223 174
224 173
225 172
226 172
227 171
228 170
229 170
229 169
230 168
230 167
230 166
231 165
231 164
231 163
231 162
231 161
231 160
231 159
232 158
232 157
232 156
233 155
234 154
235 154
236 153
237 153
238 153
239 153
240 153
241 153
242 152
243 152
244 152
245 152
246 152
247 152
248 152
249 151
250 151
251 151
252 151
253 151
254 151
255 151
256 150
257 150
258 150
259 150
260 150
261 150
262 149
263 149
264 149
265 149
266 149
267 149
268 148
269 148
270 148
271 148
272 148
273 148
274 147
275 147
276 147
277 147
278 147
279 146
280 146
281 146
282 146
283 146
284 146
285 146
286 145
287 145
288 145
289 145
290 145
291 144
292 144
293 144
294 144
295 144
296 144
297 144
298 143
299 143
300 143
301 143
302 143
303 143
304 143
305 143
306 142
307 142
308 142
309 142
310 142
311 142
312 142
313 142
314 142
315 141
316 141
317 141
318 142
319 142
320 143
320 144
321 145
321 146
321 147
321 148
321 149
321 150
321 151
322 152
322 153
322 154
322 155
323 156
324 157
325 158
326 159
327 160
328 160
329 161
330 161
331 161
332 161
333 161
334 161
335 161
336 161
337 161
338 160
339 160
340 160
341 160
342 160
343 160
344 160
345 160
346 160
347 160
348 160
349 160
350 160
351 160
352 159
352 158
353 157
353 156
354 155
354 154
354 153
354 152
355 151
355 150
355 149
355 148
355 147
355 146
355 145
356 144
356 143
356 142
357 141
358 140
359 139
359 138
360 137
361 136
362 135
362 134
363 133
364 132
365 131
366 130
366 129
367 128
368 127
369 126
370 125
371 124
372 123
373 122
374 121
375 120
376 119
377 118
378 117
379 116
379 115
380 114
380 113
380 112
380 111
380 110
379 109
379 108
379 107
378 106
378 105
378 104
378 103
377 102
377 101
377 100
377 99
377 98
376 97
376 96
376 95
376 94
376 93
375 92
375 91
375 90
375 89
375 88
374 87
374 86
374 85
374 84
374 83
374 82
373 81
373 80
373 79
372 78
372 77
372 76
371 75
371 74
370 73
370 72
369 71
369 70
368 69
368 68
367 67
366 66
365 66
364 66
363 66
362 66
361 66
360 66
359 66
358 66
357 66
356 66
355 65
354 65
353 64
352 63
351 62
351 61
350 60
349 59
349 58
348 57
347 56
347 55
346 54
345 53
345 52
344 51
343 50
342 49
341 48
340 48
339 47
338 46
337 45
336 45
335 44
334 43
333 42
332 42
331 41
330 40
329 39
328 39
327 38
326 37
325 36
324 36
323 35
322 34
321 33
320 33
319 32
318 31
317 30
316 30
315 29
314 29
313 28
312 28
311 28
310 27
309 27
308 27
307 26
306 26
305 26
304 25
303 25
302 25
301 24
300 24
299 24
298 24
297 24
296 24
295 24
294 24
293 24
292 24
291 24
290 23
289 23
288 23
287 23
286 23
285 23
284 23
283 23
282 23
281 23
280 23
279 23
278 23
277 22
276 22
275 22
274 22
273 22
272 22
271 22
270 22
269 22
268 22
267 22
266 22
265 22
264 22
263 21
262 21
261 21
260 21
259 21
258 21
257 21
256 21
255 21
254 21
253 21
