171 19
170 20
169 20
168 20
167 20
166 20
165 20
164 20
163 20
162 20
161 20
160 21
159 21
158 21
157 21
156 22
155 22
154 22
153 23
152 23
151 23
150 24
149 24
148 24
147 24
146 25
145 25
144 25
143 26
142 26
141 26
140 27
139 27
138 27
137 28
136 28
135 29
134 29
133 29
132 30
131 30
130 31
129 31
128 31
127 32
126 32
125 33
124 34
123 34
122 35
121 36
120 37
119 38
118 39
117 40
116 41
115 42
114 43
113 44
112 45
111 46
110 47
109 48
108 49
107 50
106 51
106 52
105 53
104 54
103 55
103 56
102 57
101 58
100 59
100 60
99 61
98 62
98 63
97 64
96 65
95 66
95 67
94 68
93 69
93 70
92 71
91 72
91 73
90 74
90 75
89 76
89 77
88 78
88 79
88 80
88 81
87 82
87 83
87 84
86 85
86 86
86 87
86 88
85 89
85 90
85 91
85 92
85 93
85 94
84 95
84 96
84 97
84 98
84 99
84 100
84 101
83 102
83 103
83 104
83 105
83 106
83 107
83 108
83 109
82 110
82 111
82 112
82 113
82 114
81 115
81 116
81 117
81 118
81 119
82 120
82 121
83 122
84 123
84 124
84 125
85 126
85 127
85 128
85 129
85 130
86 131
86 132
86 133
86 134
86 135
87 136
87 137
87 138
87 139
87 140
88 141
88 142
88 143
88 144
89 145
89 146
90 147
90 148
91 149
92 150
93 151
94 151
95 152
96 153
97 153
98 154
99 154
100 154
101 154
102 154
103 154
104 153
105 153
106 153
107 153
108 153
109 153
110 152
111 152
112 152
113 151
114 150
115 150
116 149
117 148
118 147
119 146
120 145
120 144
121 143
122 142
123 141
124 141
125 140
126 140
127 140
128 140
129 140
130 140
131 140
132 140
133 140
134 140
135 140
136 140
137 140
138 140
139 140
140 140
141 140
142 140
143 140
144 140
145 140
146 140
147 140
148 140
149 140
150 140
151 141
152 141
153 141
154 141
155 141
156 141
157 141
158 141
159 141
160 141
161 141
162 141
163 141
164 142
165 142
166 142
167 142
168 142
169 142
170 142
171 142
172 142
173 142
174 142
175 142
176 143
177 143
178 143
179 143
180 143
181 143
182 143
183 143
184 143
185 143
186 143
187 143
188 143
189 144
190 144
191 144
192 144
193 144
194 145
195 145
196 146
197 147
198 148
199 149
200 150
201 151
202 151
203 152
204 153
205 153
206 154
207 154
208 155
209 155
210 156
211 156
212 156
213 157
214 157
215 158
216 158
217 158
218 159
219 159
220 159
221 159
222 159
223 159
224 159
225 159
226 159
227 159
228 159
229 159
230 159
231 159
232 159
233 159
234 159
235 159
236 159
237 159
238 159
239 158
240 158
241 158
242 158
243 158
244 157
245 157
246 157
247 156
248 156
249 155
250 155
251 154
252 153
253 153
254 152
255 151
256 151
257 150
258 149
259 149
260 148
261 148
262 148
263 147
264 147
265 147
266 147
267 147
268 147
269 147
270 147
271 146
272 146
273 146
274 146
275 146
276 146
277 146
278 146
279 146
280 146
281 146
282 146
283 146
284 146
285 145
286 145
287 145
288 145
289 145
290 145
291 145
292 145
293 145
294 145
295 145
296 145
297 146
298 146
299 146
300 146
301 146
302 146
303 146
304 146
305 146
306 146
307 146
308 147
309 147
310 147
311 147
312 147
313 147
314 147
315 147
316 147
317 147
318 147
319 148
320 148
321 148
322 148
323 149
324 149
325 150
326 151
327 152
328 153
329 154
330 154
331 155
332 156
333 156
334 157
335 157
336 157
337 157
338 157
339 157
340 157
341 157
342 156
343 156
344 156
345 156
346 156
347 156
348 156
349 156
350 156
351 156
352 156
353 156
354 156
355 156
356 156
357 155
358 155
359 155
360 155
361 155
362 155
363 154
364 154
365 153
366 152
366 151
367 150
368 149
369 148
370 147
371 146
372 145
373 144
374 144
375 143
376 143
377 142
378 142
379 142
380 141
381 141
382 141
383 140
384 139
385 138
385 137
385 136
385 135
385 134
385 133
384 132
384 131
383 130
383 129
382 128
382 127
382 126
382 125
382 124
382 123
382 122
382 121
383 120
383 119
383 118
383 117
383 116
384 115
384 114
384 113
384 112
384 111
385 110
385 109
385 108
385 107
385 106
385 105
384 104
384 103
384 102
384 101
384 100
384 99
384 98
383 97
383 96
383 95
383 94
382 93
382 92
381 91
380 90
379 89
379 88
378 87
377 86
376 85
375 85
374 84
373 83
372 83
371 82
370 81
369 81
368 80
367 80
366 79
365 79
364 78
363 78
362 77
361 76
360 76
359 76
358 75
357 75
356 74
355 74
354 74
353 73
352 73
351 73
350 72
349 72
348 72
347 71
346 71
345 71
344 70
343 70
342 70
341 69
340 69
339 69
338 68
337 68
336 68
335 67
334 67
333 67
332 66
331 66
330 65
329 65
328 64
327 64
326 63
325 62
324 62
323 61
322 60
321 59
320 58
319 58
318 57
317 56
316 55
315 55
314 54
313 53
312 52
311 51
310 51
309 50
308 49
307 48
306 48
305 47
304 46
303 45
302 45
301 44
300 43
299 43
298 42
297 42
296 41
295 41
294 40
293 40
292 39
291 39
290 38
289 38
288 37
287 36
286 36
285 35
284 35
283 34
282 34
281 33
280 33
279 32
278 32
277 31
276 31
275 31
274 30
273 30
272 29
271 29
270 29
269 28
268 28
267 28
266 27
265 27
264 27
263 26
262 26
261 26
260 26
259 25
258 25
257 25
256 25
255 25
254 25
253 25
252 24
251 24
250 24
249 24
248 24
247 24
246 24
245 23
244 23
243 23
242 23
241 23
240 23
239 23
238 22
237 22
236 22
235 22
234 22
233 22
232 22
231 21
230 21
229 21
228 21
227 21
226 21
225 21
224 21
223 21
222 21
221 21
220 21
219 21
218 21
217 20
216 20
215 20
214 20
213 20
212 20
211 20
210 20
209 20
208 20
207 20
206 20
205 20
204 20
203 20
202 20
201 20
200 20
199 20
198 20
197 20
196 20
195 20
194 19
193 19
192 19
191 19
190 19
189 19
188 19
187 19
186 19
185 19
184 19
183 19
182 19
181 19
180 19
179 19
178 19
177 19
176 19
175 19
174 19
173 19
172 19
