231 18
230 19
229 19
228 19
227 19
226 19
225 19
224 19
223 19
222 19
221 19
220 19
219 19
218 19
217 19
216 19
215 19
214 19
213 19
212 19
211 19
210 19
209 19
208 19
207 19
206 19
205 19
204 19
203 19
202 19
201 19
200 20
199 20
198 20
197 20
196 20
195 20
194 20
193 20
192 20
191 20
190 20
189 20
188 20
187 21
186 21
185 21
184 21
183 21
182 21
181 21
180 21
179 22
178 22
177 22
176 22
175 22
174 22
173 22
172 22
171 23
170 23
169 23
168 23
167 23
166 24
165 24
164 24
163 24
162 25
161 25
160 25
159 25
158 26
157 26
156 26
155 27
154 27
153 27
152 28
151 29
150 29
149 30
148 31
147 31
146 32
145 33
144 34
143 34
142 35
141 36
140 36
139 37
138 38
137 38
136 39
135 40
134 41
133 42
132 43
131 44
130 45
129 46
128 47
127 48
126 49
126 50
125 51
124 52
123 53
122 54
121 55
120 56
119 57
118 58
118 59
117 60
116 61
115 62
114 63
113 64
112 65
111 65
110 66
109 66
108 67
107 67
106 67
105 67
104 67
103 68
102 68
101 68
100 68
99 68
98 69
97 69
96 69
95 69
94 70
93 70
92 70
91 70
90 70
89 71
88 71
87 71
86 71
85 71
84 72
83 72
82 72
81 72
80 73
79 73
78 73
77 74
76 74
75 74
74 75
73 75
72 75
71 76
70 76
69 77
68 77
67 77
66 78
65 78
64 79
63 79
62 79
61 80
60 80
59 81
58 81
57 81
56 82
55 82
54 83
53 83
52 84
51 84
50 85
49 86
48 87
47 87
46 88
45 89
44 89
43 90
42 91
42 92
41 93
40 94
40 95
39 96
38 97
37 98
36 99
36 100
35 101
35 102
35 103
35 104
35 105
35 106
35 107
35 108
34 109
34 110
34 111
34 112
33 113
33 114
33 115
32 116
32 117
32 118
32 119
32 120
32 121
32 122
32 123
33 124
33 125
34 126
34 127
35 128
36 129
36 130
37 131
37 132
38 133
39 134
39 135
40 136
41 137
42 137
43 138
44 138
45 138
46 139
47 139
48 139
49 140
50 140
51 140
52 141
53 141
54 141
55 141
56 142
57 142
58 143
59 143
60 144
61 145
62 146
63 147
64 148
64 149
65 150
66 151
67 152
68 153
69 153
70 154
71 154
72 154
73 154
74 154
75 154
76 154
77 154
78 154
79 154
80 154
81 154
82 154
83 154
84 154
85 154
86 154
87 153
88 153
89 153
90 152
91 152
92 151
93 151
94 151
95 150
96 150
97 149
98 149
99 149
100 148
101 148
102 148
103 148
104 148
105 148
106 148
107 148
108 148
109 148
110 148
111 148
112 148
113 148
114 148
115 148
116 148
117 148
118 148
119 148
120 148
121 148
122 148
123 148
124 148
125 148
126 148
127 148
128 148
129 148
130 148
131 148
132 148
133 148
134 148
135 148
136 148
137 148
138 148
139 148
140 148
141 148
142 147
143 147
144 147
145 147
146 147
147 147
148 147
149 147
150 147
151 146
152 146
153 146
154 146
155 146
156 146
157 146
158 146
159 145
160 145
161 146
162 146
163 146
164 147
165 148
166 149
167 150
168 151
169 152
170 153
171 153
172 154
173 154
174 154
175 154
176 155
177 155
178 156
179 157
180 157
181 158
182 159
183 160
184 160
185 161
186 161
187 161
188 161
189 161
190 161
191 161
192 161
193 161
194 161
195 161
196 161
197 161
198 161
199 161
200 161
201 161
202 161
203 160
204 160
205 160
206 160
207 160
208 160
209 160
210 159
211 158
212 158
212 157
213 156
214 155
215 154
216 153
217 153
218 152
218 151
219 150
219 149
220 148
220 147
221 146
222 145
223 144
224 143
225 143
226 142
227 142
228 142
229 141
230 141
231 141
232 140
233 140
234 140
235 139
236 139
237 139
238 138
239 138
240 138
241 137
242 137
243 136
244 136
245 136
246 135
247 135
248 134
249 134
250 133
251 133
252 133
253 132
254 132
255 132
256 131
257 131
258 131
259 131
260 130
261 130
262 130
263 130
264 130
265 129
266 129
267 129
268 129
269 129
270 129
271 128
272 128
273 128
274 128
275 128
276 128
277 127
278 127
279 127
280 127
281 127
282 126
283 126
284 126
285 126
286 126
287 126
288 125
289 125
290 125
291 125
292 125
293 124
294 124
295 124
296 124
297 124
298 124
299 124
300 124
301 124
302 124
303 124
304 124
305 124
306 125
307 125
308 126
309 127
310 128
311 129
312 130
313 131
314 132
314 133
315 133
316 134
317 134
318 135
319 135
320 135
321 135
322 134
323 134
324 134
325 134
326 134
327 134
328 134
329 133
330 133
331 133
332 132
333 132
334 132
335 132
336 132
337 132
338 132
339 131
340 131
341 130
342 130
343 129
344 128
344 127
345 126
345 125
345 124
345 123
345 122
345 121
345 120
345 119
346 118
346 117
346 116
347 115
347 114
348 113
349 112
350 111
351 111
352 110
353 109
354 109
355 108
356 108
357 107
358 106
359 106
360 105
361 104
362 104
363 103
364 102
364 101
365 100
365 99
366 98
366 97
366 96
367 95
367 94
367 93
367 92
367 91
367 90
367 89
367 88
367 87
367 86
367 85
367 84
367 83
367 82
367 81
367 80
367 79
367 78
367 77
367 76
367 75
367 74
367 73
367 72
367 71
367 70
367 69
367 68
367 67
366 66
366 65
365 64
365 63
364 62
363 61
363 60
362 59
361 59
360 58
359 58
358 57
357 57
356 57
355 57
354 57
353 56
352 56
351 56
350 56
349 56
348 56
347 55
346 55
345 55
344 55
343 54
342 54
341 54
340 53
339 53
338 53
337 52
336 52
335 51
334 51
333 50
332 50
331 49
330 49
329 48
328 47
327 46
326 45
325 44
324 43
323 42
322 41
321 41
320 40
319 39
318 38
317 37
316 36
315 35
314 34
313 34
312 33
311 32
310 31
309 30
308 29
307 28
306 28
305 27
304 27
303 26
302 26
301 26
300 25
299 25
298 25
297 24
296 24
295 24
294 24
293 23
292 23
291 23
290 22
289 22
288 22
287 22
286 21
285 21
284 21
283 21
282 21
281 21
280 20
279 20
278 20
277 20
276 20
275 20
274 20
273 20
272 20
271 20
270 20
269 19
268 19
267 19
266 19
265 19
264 19
263 19
262 19
261 19
260 19
259 19
258 18
257 18
256 18
255 18
254 18
253 18
252 18
251 18
250 18
249 18
248 18
247 18
246 18
245 18
244 18
243 18
242 18
241 18
240 18
239 18
238 18
237 18
236 18
235 18
234 18
233 18
232 18
