175 1
174 2
173 2
172 2
171 2
170 2
169 3
168 3
167 3
166 3
165 4
164 4
163 4
162 5
161 5
160 5
159 6
158 6
157 7
156 7
155 7
154 8
153 8
152 9
151 9
150 10
149 10
148 11
147 12
146 12
145 13
144 14
143 14
142 15
141 16
140 16
139 17
139 18
138 19
137 19
137 20
136 21
135 21
135 22
134 23
133 23
132 24
132 25
131 26
130 27
129 28
128 29
128 30
127 31
126 32
125 33
125 34
124 35
124 36
123 37
122 38
121 39
121 40
120 41
120 42
120 43
119 44
119 45
118 46
118 47
118 48
118 49
117 50
117 51
117 52
116 53
116 54
116 55
116 56
116 57
116 58
116 59
115 60
115 61
115 62
115 63
115 64
115 65
115 66
115 67
115 68
115 69
115 70
115 71
115 72
115 73
115 74
115 75
115 76
115 77
115 78
115 79
115 80
115 81
115 82
115 83
116 84
116 85
116 86
116 87
117 88
117 89
117 90
117 91
117 92
118 93
118 94
118 95
118 96
119 97
119 98
120 99
121 100
121 101
121 102
122 103
122 104
123 105
123 106
123 107
124 108
125 109
125 110
126 111
127 112
128 113
128 114
129 115
130 116
130 117
131 117
132 118
132 119
133 120
134 120
135 121
135 122
136 123
137 124
138 125
139 125
140 126
141 127
142 128
143 129
144 129
145 130
146 131
147 132
148 132
149 132
150 133
150 134
151 134
152 134
153 135
154 135
155 136
156 136
157 137
158 137
159 137
160 138
161 138
162 139
162 140
162 141
162 142
161 143
161 144
161 145
161 146
161 147
161 148
162 149
163 150
164 151
165 151
166 152
167 153
167 154
167 155
167 156
166 157
165 157
164 157
164 158
163 159
163 160
163 161
163 162
163 163
162 164
161 165
160 166
160 167
160 168
160 169
160 170
160 171
160 172
160 173
160 174
159 175
158 175
157 176
156 176
155 176
154 176
153 176
152 176
151 176
150 177
149 177
148 177
147 177
146 178
145 178
144 178
143 178
142 178
141 179
140 179
139 179
138 180
137 180
136 180
135 181
134 181
133 181
132 182
131 182
130 183
129 183
128 183
127 183
126 183
125 183
124 183
123 184
122 184
121 185
120 185
119 186
118 186
117 186
116 187
115 187
114 188
113 188
112 189
111 189
110 189
109 190
108 190
107 191
106 191
105 192
104 192
103 193
102 193
101 194
100 194
99 195
98 195
97 196
96 196
95 197
94 197
93 198
92 198
91 199
90 200
89 200
88 201
87 202
86 202
85 203
84 204
83 204
82 205
81 206
80 206
79 207
78 208
77 208
76 209
75 210
74 210
73 211
72 212
71 213
70 214
69 214
68 215
67 216
66 217
65 218
64 218
64 219
63 220
62 220
61 221
60 222
59 223
58 224
57 225
56 225
56 226
55 227
54 227
53 228
53 229
52 230
51 231
50 232
49 233
48 234
47 235
46 236
45 237
44 238
44 239
43 240
42 240
42 241
41 242
40 243
39 244
39 245
38 246
37 247
36 248
36 249
35 250
34 251
34 252
33 253
32 254
32 255
31 256
30 257
29 258
29 259
28 260
28 261
27 262
27 263
26 264
25 265
25 266
24 267
23 268
23 269
22 270
22 271
22 272
21 273
20 274
20 275
19 276
19 277
19 278
18 279
17 280
17 281
16 282
16 283
16 284
15 285
15 286
14 287
14 288
14 289
13 290
13 291
12 292
12 293
12 294
11 295
11 296
11 297
10 298
10 299
9 300
9 301
9 302
9 303
8 304
8 305
8 306
7 307
7 308
7 309
7 310
6 311
6 312
6 313
5 314
5 315
5 316
5 317
5 318
4 319
4 320
4 321
4 322
3 323
3 324
3 325
3 326
2 327
2 328
2 329
2 330
2 331
2 332
2 333
2 334
2 335
2 336
2 337
2 338
1 339
1 340
1 341
1 342
1 343
1 344
1 345
1 346
1 347
1 348
1 349
1 350
1 351
1 352
1 353
1 354
1 355
1 356
1 357
1 358
1 359
1 360
1 361
1 362
1 363
1 364
1 365
1 366
1 367
1 368
1 369
2 370
2 371
2 372
2 373
2 374
2 375
2 376
2 377
2 378
3 379
3 380
3 381
3 382
4 383
4 384
4 385
4 386
4 387
5 388
5 389
5 390
5 391
6 392
6 393
6 394
6 395
6 396
7 397
7 398
7 399
7 400
8 401
8 402
8 403
9 404
9 405
9 406
9 407
10 408
10 409
10 410
11 411
11 412
12 413
12 414
12 415
13 416
13 417
13 418
14 419
14 420
14 421
15 422
15 423
15 424
16 425
16 426
17 427
17 428
18 429
18 430
18 431
19 432
19 433
19 434
20 435
21 436
21 437
21 438
22 439
23 440
23 441
24 442
25 443
25 444
25 445
26 446
27 447
27 448
28 449
29 450
29 451
30 452
30 453
31 454
32 455
33 456
33 457
34 458
35 459
35 460
36 461
37 462
38 463
39 464
40 465
40 466
41 466
42 467
42 468
43 469
44 470
45 471
46 472
47 473
47 474
48 475
49 476
50 477
51 478
52 479
53 480
54 480
55 481
55 482
56 483
57 483
58 484
59 485
60 485
61 486
61 487
62 487
63 488
63 489
64 489
65 490
66 490
67 491
67 492
68 493
69 494
70 495
71 496
72 496
73 497
74 498
75 499
76 499
77 500
78 501
79 501
80 502
81 503
82 504
83 504
84 505
85 506
86 506
87 506
88 507
88 508
89 508
90 509
91 509
92 510
93 510
94 511
95 511
96 512
97 513
98 513
99 514
100 514
101 515
102 515
103 515
104 516
105 516
106 517
107 518
108 518
109 518
110 519
111 519
112 520
113 520
114 521
115 521
116 521
117 522
118 522
119 522
120 523
121 523
122 524
123 524
124 524
125 524
126 525
127 525
128 525
129 526
130 526
131 527
132 527
133 527
134 527
135 527
136 527
137 528
138 529
139 529
140 529
141 529
142 529
143 529
144 529
145 530
146 530
147 530
148 530
149 530
150 531
151 531
152 531
153 531
154 531
155 531
156 532
157 532
158 532
159 532
160 532
161 532
162 532
163 532
164 532
165 532
166 532
167 532
168 532
169 532
170 532
171 532
172 532
173 532
174 532
175 532
176 532
177 532
178 532
179 532
180 532
181 532
182 532
183 532
184 532
185 532
186 532
187 532
188 532
189 532
190 532
191 532
192 532
193 532
194 532
195 532
196 532
197 532
198 532
199 532
200 532
201 532
202 532
203 532
204 532
205 532
206 532
207 532
208 532
209 532
210 531
211 531
212 531
213 531
214 531
215 530
216 530
217 530
218 530
219 529
220 529
221 529
222 529
223 529
224 529
225 528
226 528
227 528
228 527
229 527
230 527
231 526
232 526
233 526
234 526
235 526
236 525
237 524
238 524
239 524
240 524
241 523
242 523
243 522
244 522
245 522
246 521
247 521
248 521
249 520
250 520
251 520
252 519
253 518
254 518
255 518
256 517
257 517
258 517
259 516
260 515
261 515
262 515
263 514
264 514
265 514
266 513
267 512
268 512
269 511
270 511
271 510
272 509
273 509
274 508
275 507
276 507
277 506
278 506
278 505
279 504
280 504
281 504
282 503
283 502
284 502
285 501
286 500
287 500
288 499
289 498
290 497
291 497
292 496
293 495
294 494
295 494
296 493
297 492
298 491
299 490
300 490
301 489
302 488
303 487
304 486
305 485
306 484
307 484
307 483
308 482
309 481
310 480
311 479
312 478
313 477
314 476
315 475
316 474
317 473
318 472
319 472
319 471
320 470
321 469
321 468
322 467
323 466
324 465
324 464
325 463
326 462
327 461
327 460
328 459
328 458
329 457
330 456
330 455
331 454
332 453
333 452
333 451
334 450
334 449
335 448
335 447
336 446
337 445
338 444
338 443
338 442
339 441
340 440
341 439
341 438
342 437
342 436
343 435
343 434
344 433
344 432
345 431
345 430
346 429
346 428
346 427
347 426
347 425
348 424
348 423
349 422
349 421
350 420
350 419
350 418
350 417
351 416
351 415
351 414
352 413
352 412
353 411
353 410
354 409
354 408
354 407
354 406
355 405
355 404
356 403
356 402
356 401
356 400
357 399
357 398
357 397
357 396
357 395
358 394
358 393
359 392
359 391
359 390
359 389
359 388
360 387
360 386
360 385
360 384
360 383
360 382
361 381
361 380
361 379
361 378
361 377
361 376
362 375
362 374
362 373
362 372
362 371
362 370
362 369
362 368
362 367
362 366
362 365
362 364
362 363
362 362
362 361
362 360
362 359
362 358
362 357
362 356
362 355
362 354
362 353
362 352
362 351
362 350
362 349
362 348
362 347
362 346
362 345
362 344
362 343
362 342
362 341
362 340
362 339
362 338
362 337
362 336
362 335
362 334
362 333
362 332
362 331
362 330
361 329
361 328
361 327
361 326
361 325
361 324
361 323
361 322
360 321
360 320
360 319
360 318
360 317
360 316
359 315
359 314
359 313
359 312
358 311
358 310
358 309
358 308
358 307
357 306
357 305
357 304
356 303
356 302
356 301
356 300
355 299
355 298
355 297
354 296
354 295
354 294
353 293
353 292
353 291
352 290
352 289
351 288
351 287
351 286
350 285
350 284
349 283
349 282
349 281
348 280
347 279
347 278
347 277
346 276
346 275
345 274
345 273
344 272
344 271
343 270
343 269
342 268
341 267
341 266
340 265
340 264
339 263
339 262
338 261
338 260
337 259
336 258
335 257
335 256
335 255
334 254
333 253
332 252
331 251
331 250
330 249
329 248
329 247
328 246
327 245
326 244
326 243
325 242
324 241
323 240
322 239
322 238
321 237
320 236
319 235
318 234
317 233
317 232
316 232
315 231
314 230
313 229
313 228
312 228
311 227
311 226
310 225
309 225
308 224
308 223
307 223
306 222
306 221
305 221
304 220
303 219
302 218
301 217
300 217
299 216
298 215
297 214
296 213
295 212
294 212
293 211
292 210
291 209
290 209
289 208
288 207
287 207
286 206
285 205
284 205
283 204
282 204
281 203
280 202
279 202
278 201
277 201
276 200
275 199
274 199
273 198
272 198
271 197
270 196
269 196
268 195
267 195
266 194
265 194
264 193
263 193
262 192
261 192
260 191
259 191
258 190
257 190
256 189
256 188
256 187
256 186
256 185
256 184
256 183
256 182
256 181
255 180
254 180
253 180
252 179
251 179
250 178
249 178
248 177
247 177
246 177
245 176
244 176
243 176
242 176
241 176
240 176
239 176
238 177
238 178
238 179
237 180
237 181
236 182
235 182
234 181
233 181
232 181
231 180
230 180
229 180
228 180
227 179
226 179
225 179
224 178
223 178
222 178
221 178
220 178
219 178
218 177
217 177
216 177
215 177
214 176
213 176
212 176
211 176
210 176
209 175
208 174
209 173
209 172
209 171
209 170
209 169
209 168
209 167
208 166
208 165
207 164
206 163
205 162
205 161
205 160
204 159
204 158
203 157
202 157
201 157
200 156
199 155
200 154
200 153
201 152
202 151
203 150
204 150
205 150
206 150
206 149
206 148
206 147
206 146
206 145
206 144
206 143
206 142
206 141
206 140
207 139
208 139
209 139
210 138
211 138
212 138
213 137
214 136
215 136
216 136
217 136
218 135
219 135
220 134
221 134
222 133
223 133
224 132
225 131
226 131
227 130
228 129
229 129
230 128
231 127
232 126
233 126
233 125
234 124
235 124
235 123
236 122
237 122
238 121
238 120
239 119
240 118
241 118
241 117
242 116
243 115
243 114
244 113
245 112
246 111
246 110
247 109
247 108
248 107
248 106
249 105
249 104
250 103
250 102
251 101
251 100
252 99
252 98
252 97
253 96
253 95
254 94
254 93
255 92
255 91
255 90
255 89
255 88
255 87
255 86
255 85
255 84
256 83
256 82
256 81
256 80
256 79
256 78
256 77
256 76
256 75
257 74
257 73
257 72
257 71
257 70
257 69
257 68
257 67
256 66
256 65
256 64
256 63
256 62
256 61
256 60
256 59
255 58
255 57
255 56
255 55
255 54
255 53
254 52
254 51
253 50
253 49
253 48
253 47
252 46
251 45
251 44
251 43
251 42
250 41
250 40
249 39
248 38
248 37
248 36
247 35
246 34
245 33
245 32
244 31
244 30
243 29
242 28
241 27
240 26
239 25
238 24
238 23
237 23
236 22
235 21
235 20
234 20
233 19
233 18
232 17
231 17
230 16
229 15
228 15
227 14
226 13
225 12
224 12
223 11
222 10
221 10
220 9
219 9
218 8
217 8
216 7
215 7
214 7
213 6
212 6
211 6
210 5
209 5
208 4
207 4
206 4
205 3
204 3
203 3
202 2
201 2
200 2
199 2
198 2
197 2
196 2
195 1
194 1
193 1
192 1
191 1
190 1
189 1
188 1
187 1
186 1
185 1
184 1
183 1
182 1
181 1
180 1
179 1
178 1
177 1
176 1
