82 1
81 2
80 2
79 2
78 2
77 2
76 2
75 2
74 3
73 3
72 3
71 3
70 4
69 4
68 5
67 5
66 5
65 6
64 6
63 7
62 8
61 8
60 9
59 9
58 10
57 11
56 12
55 13
54 14
53 15
52 16
51 17
51 18
50 19
50 20
49 21
49 22
49 23
49 24
48 25
48 26
48 27
48 28
48 29
48 30
48 31
48 32
48 33
48 34
49 35
49 36
49 37
49 38
50 39
50 40
50 41
51 42
51 43
52 44
53 45
54 46
54 47
55 47
56 48
56 49
57 49
58 50
59 50
60 51
60 52
61 52
62 53
63 53
64 54
65 54
66 55
67 55
68 55
69 55
70 55
71 56
72 56
73 57
74 58
75 58
76 58
77 59
78 59
79 60
80 60
81 61
81 62
81 63
81 64
82 65
82 66
81 67
81 68
81 69
81 70
81 71
81 72
81 73
80 74
79 74
78 75
77 75
76 75
75 75
74 75
73 75
72 75
71 75
70 76
69 76
68 76
67 77
66 77
65 77
64 77
63 77
62 78
61 78
60 78
59 79
58 79
57 79
56 78
55 78
54 78
53 78
52 78
51 78
50 78
49 78
48 78
47 77
46 77
45 77
44 77
43 77
42 78
41 78
40 79
39 79
39 80
39 81
39 82
39 83
38 84
37 85
37 86
36 87
35 88
35 89
34 90
34 91
33 92
33 93
33 94
32 95
31 96
30 97
29 97
28 98
27 99
26 100
25 101
24 102
23 103
22 104
21 105
20 106
19 107
19 108
18 109
17 110
16 111
15 112
15 113
14 114
14 115
13 116
13 117
12 118
11 119
11 120
10 121
10 122
9 123
9 124
8 125
8 126
7 127
7 128
7 129
6 130
6 131
6 132
5 133
5 134
5 135
4 136
4 137
4 138
4 139
3 140
3 141
3 142
3 143
2 144
2 145
2 146
2 147
2 148
2 149
2 150
1 151
1 152
1 153
1 154
1 155
1 156
1 157
1 158
1 159
1 160
1 161
1 162
1 163
1 164
1 165
1 166
1 167
1 168
1 169
1 170
1 171
1 172
1 173
2 174
2 175
2 176
2 177
2 178
2 179
2 180
3 181
3 182
4 183
4 184
4 185
4 186
5 187
5 188
5 189
6 190
6 191
6 192
6 193
7 194
7 195
8 196
8 197
9 198
9 199
10 200
10 201
11 202
11 203
11 204
12 204
13 205
13 206
13 207
14 208
15 209
15 210
16 211
17 212
18 213
18 214
19 215
20 216
21 217
21 218
22 219
23 220
24 221
25 222
25 223
26 223
27 224
28 225
29 226
30 227
31 228
32 229
33 229
34 230
35 231
36 232
37 233
38 233
39 234
40 235
41 236
42 236
43 237
43 238
43 239
43 240
43 241
43 242
43 243
44 244
44 245
45 245
46 245
47 246
48 246
49 246
50 246
51 245
52 245
53 245
54 245
55 245
56 245
57 246
58 246
59 246
60 246
61 245
62 246
63 246
64 246
65 247
66 247
67 247
68 247
69 248
70 248
71 248
72 248
73 249
74 249
75 249
76 249
77 249
78 249
79 249
80 249
81 249
82 249
83 249
84 249
85 249
86 249
87 249
88 249
89 249
90 249
91 249
92 249
93 249
94 249
95 249
96 249
97 249
98 249
99 249
100 249
101 249
102 249
103 249
104 249
105 248
106 248
107 248
108 247
109 247
110 247
111 247
112 246
113 246
114 246
115 246
116 246
117 246
118 246
119 246
120 246
121 246
122 246
123 246
124 246
125 246
126 246
127 246
128 246
129 246
130 246
131 245
132 244
132 243
132 242
132 241
132 240
133 239
134 238
135 237
136 237
137 236
138 235
139 235
140 234
141 234
142 233
143 232
144 231
145 230
146 230
147 229
148 228
149 227
150 226
151 225
152 224
153 223
154 223
154 222
155 221
156 220
157 219
158 218
159 217
160 216
160 215
161 214
162 213
163 212
164 211
164 210
165 209
166 208
166 207
167 206
168 205
168 204
168 203
169 202
170 201
170 200
170 199
171 198
171 197
171 196
172 195
172 194
173 193
173 192
173 191
173 190
174 189
174 188
174 187
174 186
175 185
175 184
176 183
176 182
176 181
176 180
176 179
176 178
176 177
177 176
177 175
177 174
177 173
177 172
177 171
177 170
177 169
177 168
177 167
177 166
177 165
177 164
177 163
177 162
177 161
177 160
177 159
177 158
177 157
177 156
177 155
177 154
177 153
177 152
177 151
177 150
177 149
177 148
177 147
177 146
176 145
176 144
176 143
176 142
175 141
175 140
175 139
175 138
174 137
174 136
174 135
173 134
173 133
173 132
172 131
172 130
171 129
171 128
171 127
170 126
170 125
169 124
169 123
169 122
168 121
167 120
167 119
167 118
166 117
165 116
165 115
165 114
164 114
163 113
163 112
163 111
162 111
161 110
161 109
160 108
160 107
159 107
158 106
158 105
157 104
156 103
156 102
155 101
154 100
153 99
152 98
152 97
151 97
150 96
150 95
149 94
148 93
147 92
146 92
145 91
144 90
143 90
142 89
141 88
140 87
139 87
138 86
137 86
136 86
135 85
134 85
133 84
132 84
131 83
130 83
129 83
128 82
127 82
126 81
125 81
124 81
123 80
122 80
121 80
120 79
119 79
118 78
117 78
116 78
115 78
114 77
113 77
112 77
111 76
110 76
109 76
108 76
107 75
106 75
105 75
104 75
103 75
102 75
101 74
100 73
100 72
101 71
101 70
101 69
101 68
100 67
99 66
100 65
100 64
101 63
101 62
101 61
102 60
103 60
104 59
105 59
106 58
107 58
108 57
109 57
110 56
111 56
112 56
113 55
114 55
115 54
116 54
117 53
118 53
119 52
120 52
121 51
122 50
123 49
124 48
125 48
126 47
127 46
127 45
128 44
129 43
129 42
130 41
130 40
131 39
131 38
131 37
131 36
132 35
132 34
132 33
132 32
132 31
132 30
132 29
132 28
132 27
132 26
132 25
131 24
131 23
131 22
130 21
130 20
130 19
130 18
129 17
128 16
127 15
126 14
125 13
125 12
124 12
123 11
122 10
121 9
120 8
119 8
118 8
117 7
117 6
116 6
115 6
114 5
113 5
112 4
111 4
110 4
109 3
108 3
107 3
106 3
105 2
104 2
103 2
102 2
101 2
100 2
99 1
98 1
97 1
96 1
95 1
94 1
93 1
92 1
91 1
90 1
89 1
88 1
87 1
86 1
85 1
84 1
83 1
