63 1
62 2
61 2
60 2
59 2
58 2
57 2
56 2
55 2
54 2
53 3
52 3
51 4
50 4
49 5
48 5
47 6
46 7
45 7
44 8
43 9
42 10
41 11
40 12
39 13
38 14
38 15
37 16
37 17
36 18
36 19
36 20
35 21
35 22
35 23
35 24
35 25
35 26
34 27
34 28
34 29
34 30
35 31
35 32
35 33
35 34
36 35
36 36
37 37
37 38
38 39
38 40
39 41
40 42
41 43
42 44
43 45
44 46
45 46
46 47
46 48
47 49
47 50
47 51
47 52
48 53
48 54
49 55
50 55
51 55
52 55
53 55
54 56
55 57
55 58
56 59
56 60
57 60
58 60
59 60
60 61
59 62
59 63
59 64
59 65
59 66
59 67
59 68
59 69
59 70
59 71
59 72
58 73
57 73
56 73
55 73
54 73
53 73
52 74
51 74
50 74
49 75
48 75
47 75
46 75
45 75
44 76
43 76
42 77
41 77
40 78
39 78
38 79
37 79
36 80
35 80
34 79
33 79
32 79
31 79
30 79
29 79
28 80
27 81
27 82
27 83
27 84
27 85
27 86
26 87
25 87
24 88
24 89
24 90
23 91
22 91
21 91
20 92
19 93
18 94
17 95
17 96
16 97
15 97
15 98
14 99
14 100
13 101
12 102
12 103
11 104
10 105
10 106
9 107
9 108
8 109
8 110
7 111
7 112
6 113
6 114
6 115
5 116
5 117
5 118
4 119
4 120
4 121
3 122
3 123
3 124
3 125
2 126
2 127
2 128
2 129
2 130
1 131
1 132
1 133
1 134
1 135
1 136
1 137
1 138
1 139
1 140
1 141
1 142
1 143
1 144
1 145
1 146
1 147
1 148
2 149
2 150
2 151
2 152
2 153
2 154
2 155
2 156
3 157
3 158
3 159
3 160
4 161
4 162
4 163
5 164
5 165
5 166
6 167
6 168
6 169
7 170
7 171
8 172
9 173
9 174
9 175
10 176
10 177
11 177
12 178
12 179
12 180
13 181
14 182
14 183
15 184
16 185
16 186
17 186
18 187
18 188
19 189
20 190
21 191
22 192
23 193
24 194
25 195
26 195
27 196
28 197
28 198
29 198
30 199
31 199
32 200
33 200
34 201
35 202
36 202
37 203
38 204
39 204
40 204
41 205
42 205
43 206
44 206
45 206
46 207
47 207
48 207
49 208
50 208
51 208
52 208
53 208
54 209
55 209
56 209
57 209
58 209
59 210
60 210
61 210
62 210
63 210
64 210
65 210
66 210
67 210
68 210
69 210
70 210
71 210
72 210
73 210
74 210
75 210
76 210
77 210
78 210
79 210
80 210
81 209
82 209
83 209
84 209
85 209
86 209
87 208
88 208
89 208
90 207
91 207
92 207
93 206
94 206
95 206
96 205
97 205
98 205
99 204
100 204
101 203
102 202
103 202
104 202
105 201
106 200
107 200
108 199
109 198
110 198
111 197
112 196
113 195
114 195
114 194
115 193
116 193
116 192
117 191
118 191
118 190
119 189
120 189
120 188
121 187
122 187
122 186
123 185
124 184
125 183
125 182
126 181
127 180
128 179
128 178
129 177
129 176
130 175
131 174
131 173
131 172
132 171
132 170
133 169
133 168
134 167
134 166
134 165
135 164
135 163
136 162
136 161
136 160
136 159
137 158
137 157
137 156
137 155
137 154
138 153
138 152
138 151
138 150
138 149
138 148
138 147
138 146
138 145
138 144
138 143
138 142
138 141
138 140
138 139
138 138
138 137
138 136
138 135
138 134
138 133
138 132
138 131
138 130
137 129
137 128
137 127
137 126
137 125
136 124
136 123
136 122
135 121
135 120
135 119
134 118
134 117
134 116
133 115
133 114
133 113
132 112
132 111
131 110
131 109
130 108
130 107
129 106
129 105
128 104
127 103
127 102
126 101
126 100
125 99
124 98
123 97
123 96
122 95
121 94
120 93
119 92
118 91
117 90
116 89
116 88
116 87
116 86
116 85
115 85
114 84
113 84
112 83
111 82
110 81
109 80
108 79
107 78
106 78
105 77
104 77
103 77
102 77
101 76
100 76
99 76
98 76
97 75
97 74
96 74
95 74
94 74
93 74
92 74
91 75
90 75
89 74
88 74
87 74
86 74
85 73
84 73
83 73
82 73
81 72
81 71
81 70
81 69
81 68
81 67
81 66
81 65
81 64
81 63
81 62
81 61
82 60
83 60
84 60
85 59
86 59
87 58
88 57
89 57
90 57
91 57
92 56
93 56
93 55
93 54
93 53
93 52
93 51
93 50
94 49
95 49
96 48
97 47
98 47
99 46
100 45
101 44
102 43
103 42
104 41
104 40
105 39
105 38
106 37
106 36
107 35
107 34
107 33
107 32
108 31
108 30
108 29
108 28
107 27
107 26
107 25
107 24
107 23
107 22
106 21
106 20
106 19
105 18
105 17
104 16
103 15
103 14
102 13
102 12
101 11
100 10
99 9
98 8
97 8
96 7
95 6
94 5
93 5
92 5
91 4
90 3
89 3
88 3
87 2
86 2
85 2
84 2
83 2
82 2
81 2
80 2
79 2
78 2
77 2
76 2
75 1
74 1
73 1
72 1
71 1
70 1
69 1
68 1
67 1
66 1
65 1
64 1
