57 1
56 2
55 2
54 3
53 3
52 3
51 4
50 4
49 4
48 5
47 6
46 6
45 7
44 8
43 9
42 9
41 10
41 11
41 12
40 13
39 13
38 14
37 15
37 16
36 17
36 18
36 19
35 20
35 21
34 22
34 23
34 24
34 25
33 26
33 27
33 28
33 29
33 30
33 31
34 32
34 33
34 34
34 35
34 36
34 37
35 38
35 39
35 40
35 41
35 42
36 43
36 44
37 45
37 46
38 47
38 48
39 49
39 50
40 51
41 52
42 53
43 54
44 55
44 56
45 56
46 57
47 58
47 59
48 60
49 61
50 62
50 63
51 64
52 65
53 65
54 66
55 67
55 68
55 69
55 70
55 71
55 72
55 73
55 74
54 75
54 76
54 77
54 78
54 79
54 80
53 81
53 82
53 83
52 84
51 85
51 86
51 87
51 88
51 89
51 90
51 91
51 92
51 93
50 94
49 94
48 94
47 94
46 94
45 94
44 95
43 95
42 96
41 96
40 97
39 98
38 98
37 99
36 100
35 101
34 102
34 103
33 104
32 105
31 106
31 107
30 108
30 109
29 110
28 111
28 112
27 113
27 114
26 115
26 116
26 117
25 118
25 119
24 120
24 121
24 122
23 123
23 124
22 125
22 126
22 127
21 128
21 129
21 130
20 131
20 132
20 133
19 134
19 135
19 136
18 137
18 138
18 139
18 140
17 141
17 142
17 143
16 144
16 145
16 146
16 147
15 148
15 149
15 150
15 151
14 152
14 153
14 154
13 155
13 156
13 157
13 158
13 159
12 160
12 161
12 162
12 163
11 164
11 165
11 166
11 167
11 168
11 169
11 170
10 171
10 172
10 173
10 174
10 175
9 176
9 177
9 178
9 179
9 180
8 181
8 182
8 183
8 184
8 185
8 186
7 187
7 188
7 189
7 190
7 191
7 192
7 193
7 194
7 195
7 196
7 197
6 198
6 199
6 200
6 201
6 202
6 203
6 204
6 205
6 206
6 207
6 208
6 209
5 210
5 211
5 212
5 213
5 214
5 215
5 216
5 217
5 218
5 219
5 220
5 221
5 222
5 223
5 224
5 225
5 226
4 227
4 228
4 229
4 230
5 231
5 232
5 233
5 234
4 235
4 236
4 237
4 238
4 239
4 240
4 241
4 242
4 243
4 244
5 245
4 246
4 247
4 248
4 249
5 250
5 251
5 252
5 253
5 254
5 255
5 256
5 257
5 258
5 259
5 260
5 261
5 262
5 263
6 264
6 265
6 266
6 267
6 268
6 269
6 270
6 271
6 272
7 273
7 274
7 275
7 276
7 277
7 278
7 279
7 280
7 281
8 282
8 283
8 284
8 285
8 286
8 287
8 288
8 289
9 290
9 291
9 292
9 293
9 294
10 295
10 296
10 297
10 298
11 299
11 300
11 301
11 302
11 303
12 304
12 305
12 306
12 307
12 308
13 309
13 310
13 311
14 312
14 313
14 314
14 315
14 316
15 317
15 318
15 319
16 320
16 321
16 322
16 323
17 324
17 325
17 326
18 327
18 328
18 329
18 330
19 331
19 332
19 333
20 334
20 335
20 336
21 337
21 338
21 339
22 340
22 341
22 342
22 343
23 344
23 345
24 346
24 347
24 348
25 349
25 350
26 351
26 352
26 353
26 354
27 355
28 356
28 357
28 358
29 359
30 360
30 361
30 362
31 362
32 363
32 364
32 365
32 366
33 367
34 367
35 368
35 369
35 370
35 371
36 372
37 372
38 373
38 374
39 375
40 376
41 377
41 378
42 378
43 379
43 380
44 380
45 381
46 382
47 383
48 383
49 384
50 385
51 385
52 386
53 386
54 387
55 387
56 388
57 388
58 388
59 388
60 388
61 388
62 388
63 388
64 388
65 388
66 388
67 388
68 388
69 388
70 388
71 388
72 388
73 388
74 388
75 388
76 388
77 388
78 388
79 388
80 388
81 388
82 388
83 388
84 388
85 387
86 387
87 387
88 387
89 386
90 386
91 386
92 386
93 385
94 385
95 384
96 384
97 383
98 382
99 381
100 380
100 379
101 378
102 377
102 376
102 375
102 374
102 373
102 372
103 371
103 370
103 369
103 368
103 367
104 366
104 365
105 364
106 363
106 362
107 361
107 360
107 359
108 358
108 357
109 356
109 355
109 354
110 353
110 352
111 351
111 350
111 349
112 348
112 347
113 346
113 345
113 344
114 343
114 342
114 341
115 340
115 339
115 338
116 337
116 336
116 335
116 334
117 333
117 332
117 331
118 330
118 329
118 328
119 327
119 326
119 325
119 324
119 323
120 322
120 321
120 320
121 319
121 318
121 317
121 316
122 315
122 314
122 313
122 312
122 311
122 310
123 309
123 308
123 307
123 306
123 305
124 304
124 303
124 302
124 301
125 300
125 299
125 298
125 297
125 296
125 295
126 294
126 293
126 292
126 291
126 290
126 289
126 288
126 287
126 286
127 285
127 284
127 283
127 282
127 281
127 280
127 279
127 278
127 277
127 276
128 275
128 274
128 273
128 272
128 271
128 270
128 269
128 268
128 267
128 266
128 265
128 264
128 263
128 262
128 261
128 260
128 259
128 258
128 257
128 256
128 255
128 254
128 253
128 252
128 251
128 250
128 249
128 248
128 247
128 246
128 245
128 244
128 243
128 242
128 241
128 240
128 239
128 238
128 237
128 236
128 235
128 234
128 233
128 232
128 231
128 230
128 229
128 228
128 227
128 226
128 225
128 224
128 223
128 222
128 221
128 220
128 219
128 218
128 217
128 216
128 215
128 214
128 213
128 212
128 211
128 210
128 209
128 208
128 207
128 206
127 205
127 204
127 203
127 202
127 201
127 200
127 199
127 198
127 197
126 196
126 195
126 194
126 193
126 192
126 191
126 190
125 189
125 188
125 187
125 186
125 185
125 184
125 183
125 182
124 181
124 180
124 179
124 178
124 177
124 176
124 175
123 174
123 173
123 172
123 171
123 170
122 169
122 168
122 167
122 166
121 165
121 164
121 163
121 162
120 161
120 160
120 159
120 158
120 157
119 156
119 155
118 154
118 153
118 152
118 151
117 150
117 149
116 148
116 147
116 146
115 145
115 144
115 143
115 142
114 141
114 140
113 139
113 138
113 137
112 136
112 135
111 134
111 133
111 132
110 131
110 130
109 129
109 128
109 127
108 126
108 125
107 124
107 123
106 122
106 121
105 120
105 119
104 118
103 117
103 116
103 115
102 114
101 113
101 112
100 111
99 110
99 109
98 108
98 107
97 106
96 105
95 104
94 103
94 102
93 101
92 100
91 99
90 98
89 97
88 96
87 95
86 94
85 93
84 93
83 92
82 91
81 91
80 90
80 89
80 88
80 87
80 86
80 85
79 84
79 83
78 82
78 81
78 80
78 79
77 78
77 77
77 76
77 75
77 74
76 73
76 72
76 71
76 70
76 69
76 68
77 67
78 66
79 65
80 64
81 63
82 62
83 61
84 60
85 60
86 59
87 59
88 58
89 58
90 58
90 57
91 56
92 56
93 55
94 54
94 53
95 52
96 52
96 51
96 50
97 49
98 49
98 48
98 47
99 46
99 45
100 44
100 43
100 42
101 41
101 40
101 39
101 38
101 37
101 36
102 35
102 34
102 33
102 32
101 31
101 30
101 29
101 28
100 27
100 26
100 25
100 24
99 23
99 22
99 21
99 20
98 19
98 18
97 17
96 16
95 15
95 14
94 13
93 12
93 11
92 11
91 10
91 9
90 8
89 8
88 7
87 7
86 6
85 6
84 5
83 4
82 4
81 4
80 3
79 3
78 2
77 2
76 2
75 1
74 1
73 1
72 1
71 1
70 1
69 1
68 1
67 1
66 1
65 1
64 1
63 1
62 1
61 1
60 1
59 1
58 1
