169 41
168 42
167 42
166 43
165 44
164 44
163 45
162 46
162 47
161 48
160 49
160 50
159 51
159 52
158 53
158 54
157 55
157 56
156 57
156 58
155 59
155 60
154 61
154 62
154 63
154 64
154 65
154 66
154 67
154 68
154 69
154 70
154 71
154 72
154 73
154 74
154 75
154 76
154 77
154 78
154 79
155 80
155 81
156 81
157 82
158 83
158 84
159 84
160 85
161 85
162 86
163 86
164 87
165 87
166 88
167 88
168 89
168 90
168 91
168 92
168 93
168 94
168 95
168 96
167 97
167 98
166 99
166 100
166 101
165 102
165 103
165 104
164 105
164 106
163 107
163 108
162 109
162 110
162 111
162 112
162 113
161 114
161 115
160 116
160 117
160 118
159 119
159 120
159 121
158 122
158 123
157 124
157 125
157 126
156 127
156 128
155 129
155 130
154 131
154 132
154 133
153 134
153 135
152 136
152 137
151 138
151 139
151 140
151 141
151 142
150 143
150 144
150 145
150 146
150 147
150 148
150 149
150 150
150 151
150 152
150 153
150 154
150 155
150 156
150 157
150 158
150 159
150 160
150 161
150 162
150 163
150 164
150 165
150 166
150 167
149 168
150 169
151 170
152 170
153 169
154 169
155 168
156 168
157 167
158 167
159 166
160 166
161 165
162 165
163 164
164 164
165 164
166 163
167 163
168 162
169 162
170 163
170 164
170 165
170 166
170 167
170 168
169 169
169 170
169 171
168 172
168 173
167 174
167 175
166 176
166 177
166 178
166 179
165 180
165 181
165 182
164 183
164 184
164 185
164 186
164 187
163 188
163 189
163 190
163 191
163 192
163 193
163 194
163 195
163 196
163 197
162 198
162 199
162 200
162 201
162 202
162 203
162 204
162 205
162 206
162 207
162 208
162 209
162 210
162 211
162 212
163 213
163 214
163 215
164 216
164 217
165 218
166 219
167 220
168 221
168 222
168 223
167 224
166 224
165 224
164 224
163 224
162 224
161 224
160 224
159 224
158 224
157 223
156 223
155 223
154 222
153 222
152 221
151 221
150 221
149 221
148 221
147 221
146 222
145 222
144 223
143 223
142 224
141 225
140 225
139 226
138 226
137 227
136 227
135 228
134 228
134 229
133 230
133 231
133 232
134 233
135 233
136 232
137 232
138 232
139 232
140 232
141 232
142 232
143 232
144 232
145 232
146 232
147 232
148 232
149 232
150 232
151 232
152 232
153 232
154 232
155 232
156 232
157 232
158 232
159 232
160 232
161 232
162 232
163 232
164 232
165 232
166 232
167 232
168 232
169 232
170 232
171 232
172 232
173 232
174 232
175 232
176 232
177 232
178 231
179 231
180 230
181 230
181 229
181 228
181 227
181 226
181 225
181 224
181 223
181 222
181 221
181 220
181 219
181 218
181 217
181 216
181 215
181 214
181 213
181 212
181 211
182 210
183 210
184 210
185 210
186 209
187 209
188 209
189 209
190 209
191 209
192 209
193 209
194 209
195 209
196 209
197 209
198 209
199 209
200 210
200 211
200 212
200 213
200 214
200 215
199 216
199 217
199 218
198 219
198 220
198 221
197 222
197 223
197 224
197 225
196 226
196 227
196 228
196 229
196 230
197 231
198 231
199 231
200 231
201 231
202 231
203 231
204 231
205 231
206 231
207 231
208 231
209 231
210 231
211 231
212 231
213 231
214 231
215 231
216 231
217 231
218 231
219 231
220 231
221 231
222 231
223 231
224 231
225 231
226 231
227 231
228 231
229 231
230 231
231 231
232 231
233 231
234 231
235 231
236 231
237 231
238 231
239 231
240 230
241 230
242 230
243 230
244 229
245 228
245 227
245 226
245 225
245 224
245 223
244 222
243 221
242 221
241 220
240 220
239 220
238 220
237 220
236 220
235 220
234 220
233 221
232 221
231 221
230 222
229 222
228 223
227 223
226 223
225 224
224 224
223 224
222 224
221 225
220 225
219 225
218 225
217 225
216 225
215 225
214 226
213 226
212 226
211 226
210 226
209 226
208 225
208 224
208 223
208 222
208 221
208 220
208 219
208 218
208 217
209 216
210 216
211 215
212 215
213 214
214 213
215 213
216 212
217 212
217 211
218 210
218 209
219 208
219 207
219 206
219 205
219 204
220 203
221 203
222 203
223 203
224 203
225 203
226 203
227 203
228 203
229 203
230 203
231 203
232 203
233 203
234 203
235 203
236 203
237 202
238 202
239 202
240 201
241 201
242 200
243 199
244 198
245 197
246 196
247 196
248 195
249 195
250 194
251 193
252 193
253 193
254 192
255 192
256 191
257 190
258 189
259 188
260 187
261 186
262 185
262 184
263 183
263 182
263 181
263 180
264 179
264 178
264 177
264 176
264 175
264 174
264 173
264 172
264 171
264 170
264 169
264 168
264 167
264 166
264 165
264 164
264 163
265 162
265 161
265 160
265 159
266 158
266 157
266 156
267 155
267 154
268 153
268 152
269 151
269 150
270 149
271 148
271 147
272 146
273 145
274 144
275 143
276 142
277 141
278 141
279 140
280 140
279 139
278 138
277 138
276 138
275 138
274 138
273 139
272 139
271 140
270 140
269 141
268 142
267 142
266 143
265 144
264 145
263 146
262 147
262 148
261 149
261 150
260 151
260 152
260 153
259 154
259 155
259 156
258 157
258 158
258 159
257 160
257 161
257 162
257 163
257 164
256 165
256 166
256 167
256 168
255 169
255 170
255 171
255 172
254 173
254 174
254 175
254 176
253 177
253 178
253 179
253 180
253 181
253 182
252 183
251 184
250 185
250 186
249 187
248 188
247 188
246 189
245 190
244 190
244 191
243 192
242 192
241 193
240 193
239 193
238 193
237 193
236 194
235 194
234 195
233 195
232 195
231 195
230 195
229 195
228 195
227 195
226 195
225 195
224 195
223 195
222 195
221 195
220 195
219 195
218 195
217 195
216 195
215 194
215 193
215 192
215 191
215 190
215 189
215 188
215 187
215 186
215 185
215 184
214 183
214 182
214 181
213 180
213 179
213 178
212 177
212 176
211 175
211 174
211 173
210 172
210 171
210 170
209 169
209 168
208 167
208 166
208 165
207 164
207 163
207 162
207 161
207 160
206 159
206 158
206 157
205 156
205 155
205 154
205 153
205 152
205 151
205 150
205 149
205 148
205 147
205 146
205 145
205 144
206 143
207 143
208 143
209 143
210 143
211 143
212 143
213 144
214 145
215 146
215 147
216 148
217 149
218 149
219 150
220 151
221 152
221 153
222 154
222 155
223 156
223 157
224 158
225 158
226 159
227 160
228 161
229 162
229 163
230 164
231 165
231 166
232 167
233 168
234 168
235 169
236 168
237 167
237 166
237 165
237 164
237 163
237 162
238 161
239 161
240 161
241 161
242 161
243 161
244 162
245 162
246 163
247 163
248 163
249 162
250 162
251 161
252 160
252 159
253 158
253 157
252 156
252 155
251 155
250 154
249 154
248 154
247 154
246 154
245 153
244 153
243 153
242 153
241 152
240 152
239 152
238 152
237 152
236 152
235 152
234 152
233 152
232 152
231 152
230 153
229 153
228 153
227 153
226 152
225 151
225 150
224 149
224 148
223 147
223 146
222 145
222 144
221 143
220 142
219 141
218 141
217 140
216 140
215 139
214 138
213 138
212 137
211 136
210 135
209 135
208 134
207 134
206 133
206 132
207 131
208 130
209 129
210 129
211 128
212 128
212 127
213 126
214 125
214 124
215 123
215 122
215 121
215 120
216 119
216 118
216 117
216 116
217 115
217 114
217 113
217 112
217 111
217 110
218 109
218 108
218 107
218 106
219 105
220 105
221 106
221 107
222 108
223 108
224 109
225 109
226 109
227 109
228 109
229 109
230 109
231 109
232 109
233 108
234 108
235 107
236 107
237 107
238 106
239 106
240 105
241 105
242 105
243 104
244 104
244 103
245 102
246 101
247 100
248 99
249 98
250 98
251 97
252 96
253 96
254 95
255 94
256 93
257 92
257 91
257 90
258 89
258 88
259 87
259 86
259 85
259 84
259 83
260 82
260 81
260 80
261 79
261 78
261 77
261 76
261 75
261 74
261 73
261 72
260 71
260 70
259 70
258 69
257 68
257 67
256 66
256 65
255 64
255 63
254 62
253 61
252 60
251 59
250 58
250 57
249 56
248 55
247 55
246 54
245 54
244 53
243 53
242 52
241 52
240 52
239 52
238 52
237 52
236 52
235 52
234 52
233 52
232 52
231 52
230 52
229 52
228 52
227 52
226 52
225 52
224 52
223 52
222 52
221 52
220 53
219 53
218 54
217 55
216 55
215 56
214 57
213 58
212 59
211 60
211 61
210 62
210 63
210 64
209 65
209 66
209 67
209 68
209 69
208 70
208 71
208 72
207 73
206 74
205 74
204 74
203 74
202 74
201 74
200 73
200 72
200 71
200 70
200 69
200 68
200 67
200 66
200 65
200 64
200 63
200 62
200 61
200 60
200 59
199 58
199 57
199 56
199 55
198 54
198 53
197 52
196 52
195 51
194 51
193 50
192 50
191 49
190 48
189 47
188 47
187 46
186 45
185 44
184 44
183 43
182 43
181 42
180 42
179 41
178 41
177 41
176 41
175 41
174 41
173 41
172 41
171 41
170 41
