165 40
164 41
163 41
162 42
161 43
160 44
160 45
159 46
159 47
158 48
157 49
156 50
156 51
155 52
154 53
154 54
153 55
153 56
153 57
152 58
152 59
151 60
151 61
151 62
151 63
151 64
151 65
151 66
151 67
151 68
151 69
151 70
151 71
151 72
151 73
151 74
151 75
152 76
152 77
153 78
153 79
154 80
155 81
156 82
157 83
158 83
159 83
160 84
161 85
162 86
163 87
163 88
164 89
164 90
165 91
166 92
166 93
166 94
166 95
165 96
164 97
164 98
163 99
163 100
163 101
162 102
162 103
162 104
161 105
161 106
160 107
160 108
159 109
159 110
159 111
159 112
159 113
158 114
158 115
157 116
157 117
157 118
156 119
156 120
156 121
156 122
155 123
155 124
155 125
155 126
154 127
154 128
153 129
153 130
153 131
153 132
153 133
153 134
153 135
153 136
153 137
153 138
152 139
152 140
152 141
152 142
152 143
152 144
152 145
152 146
152 147
152 148
152 149
151 150
151 151
151 152
151 153
151 154
151 155
151 156
150 157
150 158
150 159
150 160
150 161
150 162
149 163
149 164
149 165
149 166
149 167
149 168
149 169
150 170
151 171
152 171
153 171
154 171
155 170
156 170
157 169
158 168
159 167
160 166
161 165
162 165
163 164
164 163
165 162
166 161
167 161
168 160
169 161
170 162
170 163
171 164
171 165
171 166
171 167
171 168
171 169
171 170
171 171
171 172
171 173
171 174
171 175
171 176
171 177
171 178
171 179
170 180
170 181
170 182
169 183
169 184
169 185
168 186
168 187
168 188
167 189
167 190
166 191
166 192
165 193
165 194
165 195
164 196
164 197
164 198
164 199
164 200
163 201
163 202
163 203
163 204
163 205
163 206
163 207
163 208
164 209
164 210
164 211
164 212
164 213
164 214
165 215
165 216
166 217
166 218
167 219
168 220
168 221
169 222
169 223
170 224
169 225
168 225
167 225
166 225
165 225
164 225
163 225
162 225
161 225
160 225
159 224
158 224
157 224
156 223
155 223
154 223
153 223
152 223
151 222
150 222
149 222
148 222
147 222
146 222
145 222
144 222
143 223
142 223
141 223
140 224
139 224
138 225
137 226
136 227
135 228
135 229
134 230
134 231
134 232
134 233
134 234
135 235
136 235
137 235
138 235
139 235
140 234
141 234
142 234
143 234
144 234
145 234
146 234
147 234
148 234
149 234
150 234
151 234
152 234
153 234
154 234
155 234
156 234
157 234
158 234
159 234
160 234
161 234
162 234
163 234
164 234
165 234
166 234
167 234
168 234
169 234
170 234
171 234
172 234
173 234
174 234
175 234
176 234
177 233
178 232
178 231
178 230
178 229
178 228
178 227
178 226
177 225
177 224
176 223
176 222
176 221
175 220
175 219
175 218
175 217
175 216
175 215
175 214
175 213
175 212
175 211
175 210
175 209
175 208
176 207
177 207
178 207
179 207
180 207
181 207
182 207
183 207
184 207
185 207
186 207
187 207
188 207
189 207
190 207
191 207
192 207
193 207
194 207
195 207
196 207
197 207
198 207
199 208
199 209
199 210
199 211
199 212
199 213
199 214
198 215
198 216
198 217
198 218
197 219
197 220
197 221
197 222
197 223
196 224
196 225
195 226
195 227
194 228
194 229
193 230
193 231
194 232
195 233
196 233
197 233
198 233
199 233
200 233
201 233
202 233
203 233
204 233
205 233
206 233
207 233
208 233
209 233
210 233
211 233
212 233
213 233
214 233
215 233
216 233
217 233
218 234
219 234
220 234
221 234
222 234
223 234
224 235
225 235
226 235
227 235
228 235
229 235
230 235
231 235
232 235
233 235
234 235
235 235
236 235
237 235
238 235
239 235
240 235
241 234
242 233
242 232
243 231
243 230
243 229
243 228
243 227
242 226
242 225
241 224
240 223
239 223
238 222
237 222
236 222
235 222
234 222
233 222
232 222
231 222
230 222
229 222
228 222
227 222
226 222
225 223
224 223
223 223
222 224
221 224
220 224
219 225
218 225
217 225
216 225
215 225
214 225
213 225
212 225
211 225
210 225
209 225
208 225
207 225
206 225
205 224
205 223
205 222
205 221
205 220
206 219
206 218
207 217
208 217
209 216
210 215
211 214
212 213
213 213
214 212
215 211
215 210
216 209
216 208
216 207
217 206
217 205
218 204
219 204
220 204
221 204
222 204
223 204
224 204
225 204
226 204
227 204
228 204
229 204
230 204
231 204
232 204
233 204
234 203
235 203
236 203
237 203
238 202
239 202
240 202
241 201
242 201
243 200
244 200
245 199
246 198
247 198
248 197
249 197
250 196
251 195
252 195
253 194
254 194
255 193
256 192
257 192
258 191
258 190
259 189
260 188
261 187
261 186
262 185
262 184
262 183
263 182
263 181
264 180
264 179
264 178
264 177
264 176
265 175
265 174
265 173
265 172
265 171
265 170
265 169
265 168
265 167
265 166
265 165
265 164
265 163
265 162
265 161
265 160
265 159
265 158
265 157
265 156
265 155
265 154
266 153
266 152
266 151
267 150
267 149
267 148
268 147
268 146
269 145
270 144
271 144
272 144
273 143
274 143
274 142
273 141
272 141
271 140
270 140
269 140
268 140
267 141
266 141
265 141
264 142
263 142
262 143
261 144
261 145
260 146
260 147
259 148
259 149
259 150
259 151
259 152
258 153
258 154
258 155
258 156
258 157
258 158
258 159
258 160
258 161
257 162
257 163
257 164
257 165
256 166
256 167
256 168
256 169
256 170
256 171
255 172
255 173
255 174
255 175
255 176
255 177
255 178
254 179
254 180
254 181
254 182
253 183
253 184
253 185
252 186
252 187
251 188
250 189
249 189
248 190
247 191
246 192
245 193
244 193
243 194
242 195
241 195
240 195
239 195
238 195
237 195
236 195
235 195
234 195
233 195
232 195
231 195
230 195
229 195
228 194
227 194
226 194
225 194
224 194
223 194
222 193
221 192
220 191
219 190
219 189
218 188
217 187
216 186
215 185
215 184
214 183
214 182
213 181
213 180
212 179
212 178
212 177
212 176
211 175
211 174
211 173
211 172
211 171
211 170
210 169
210 168
210 167
210 166
210 165
209 164
209 163
209 162
209 161
209 160
208 159
208 158
208 157
208 156
208 155
207 154
207 153
207 152
206 151
206 150
206 149
206 148
206 147
206 146
206 145
207 144
208 144
209 144
210 144
211 144
212 144
213 144
214 145
214 146
215 147
216 148
217 149
218 150
219 151
220 152
221 153
222 154
222 155
223 156
224 157
225 158
226 159
226 160
227 161
228 162
229 163
229 164
230 165
231 166
232 167
233 168
234 169
234 170
235 170
236 170
237 169
237 168
237 167
236 166
236 165
235 164
235 163
235 162
235 161
236 160
237 160
238 160
239 160
240 160
241 161
242 161
243 162
244 162
245 162
246 162
247 162
248 161
248 160
248 159
248 158
248 157
247 156
246 155
245 155
244 155
243 155
242 155
241 155
240 155
239 155
238 155
237 155
236 155
235 155
234 155
233 155
232 155
231 155
230 155
229 155
228 154
228 153
227 152
226 151
226 150
225 149
225 148
225 147
224 146
224 145
223 144
222 143
221 142
220 141
219 140
218 139
217 138
216 138
215 137
214 137
213 137
212 136
211 136
210 136
209 136
208 135
207 135
206 135
205 134
204 134
203 133
204 132
205 131
205 130
206 129
207 128
208 128
208 127
209 126
210 125
211 124
212 124
213 123
213 122
214 121
215 120
216 119
217 118
217 117
218 116
219 115
219 114
220 113
220 112
220 111
220 110
220 109
220 108
220 107
221 106
222 106
223 106
224 106
225 106
226 106
227 106
228 106
229 106
230 105
231 105
232 105
233 105
234 104
235 104
236 104
237 103
238 103
239 103
240 102
241 102
242 102
243 101
244 101
245 101
246 101
247 100
248 100
249 99
250 98
251 98
252 98
253 98
254 97
255 97
256 96
257 95
257 94
258 93
258 92
258 91
258 90
258 89
258 88
258 87
258 86
258 85
258 84
258 83
258 82
258 81
258 80
258 79
258 78
258 77
258 76
258 75
257 74
257 73
257 72
256 71
256 70
255 69
255 68
255 67
255 66
255 65
255 64
254 63
254 62
253 61
253 60
252 59
252 58
251 57
251 56
250 55
249 54
248 54
247 54
246 54
245 54
244 54
243 54
242 54
241 54
240 54
239 54
238 54
237 53
236 53
235 53
234 53
233 53
232 53
231 53
230 53
229 53
228 53
227 53
226 53
225 53
224 53
223 53
222 54
221 54
220 55
219 56
218 56
217 57
216 57
215 58
214 59
213 60
212 61
212 62
211 63
211 64
211 65
210 66
210 67
210 68
209 69
208 70
208 71
207 72
206 73
205 73
204 73
203 73
202 73
201 73
200 72
199 71
198 70
198 69
198 68
198 67
198 66
198 65
198 64
198 63
197 62
197 61
197 60
197 59
197 58
197 57
197 56
196 55
196 54
195 53
195 52
194 51
194 50
193 49
192 48
191 47
190 46
189 45
188 44
187 43
186 43
185 42
184 42
183 42
182 41
181 41
180 41
179 41
178 41
177 40
176 40
175 40
174 40
173 40
172 40
171 40
170 40
169 40
168 40
167 40
166 40
