183 37
182 38
181 38
180 38
179 38
178 38
177 38
176 38
175 38
174 38
173 39
172 39
171 39
170 40
169 40
168 40
167 41
166 41
165 42
164 42
163 43
162 43
161 44
160 45
160 46
159 47
159 48
159 49
159 50
158 51
158 52
158 53
158 54
158 55
158 56
158 57
158 58
158 59
158 60
158 61
158 62
158 63
158 64
158 65
158 66
158 67
158 68
158 69
158 70
158 71
158 72
159 73
159 74
160 75
160 76
161 77
161 78
162 79
163 80
163 81
164 82
165 83
166 84
166 85
167 86
168 87
169 88
170 89
170 90
171 91
171 92
171 93
171 94
171 95
171 96
171 97
171 98
170 99
169 100
168 101
167 102
166 103
165 104
164 105
163 106
162 107
161 108
160 109
159 110
159 111
158 112
158 113
157 114
157 115
156 116
155 117
154 118
154 119
153 120
153 121
152 122
152 123
151 124
151 125
150 126
150 127
149 128
149 129
149 130
149 131
149 132
149 133
149 134
148 135
148 136
147 137
147 138
147 139
146 140
146 141
146 142
146 143
146 144
145 145
145 146
145 147
144 148
144 149
144 150
143 151
143 152
143 153
142 154
142 155
142 156
141 157
141 158
141 159
141 160
141 161
140 162
141 163
141 164
142 164
143 163
144 163
145 163
146 163
147 162
148 162
149 162
150 161
151 161
152 161
153 160
154 160
155 160
156 159
157 159
158 158
159 157
160 157
161 156
162 155
163 154
164 153
165 152
166 151
167 151
168 150
169 150
170 149
171 148
172 147
173 147
174 147
175 147
176 147
177 147
178 147
179 147
180 147
181 148
181 149
181 150
181 151
181 152
181 153
181 154
181 155
180 156
180 157
180 158
179 159
179 160
179 161
178 162
178 163
177 164
177 165
177 166
176 167
176 168
176 169
175 170
175 171
174 172
174 173
173 174
173 175
173 176
173 177
173 178
172 179
172 180
172 181
171 182
171 183
170 184
170 185
169 186
169 187
169 188
168 189
168 190
167 191
167 192
166 193
166 194
165 195
165 196
165 197
164 198
164 199
164 200
164 201
164 202
164 203
164 204
164 205
164 206
164 207
164 208
164 209
164 210
164 211
164 212
164 213
164 214
165 215
165 216
166 217
167 218
168 218
169 219
170 219
171 220
171 221
171 222
170 223
169 223
168 223
167 223
166 224
165 224
164 224
163 224
162 224
161 224
160 224
159 225
158 225
157 225
156 225
155 225
154 225
153 225
152 225
151 225
150 225
149 225
148 225
147 225
146 225
145 225
144 225
143 225
142 225
141 225
140 225
139 226
138 226
137 226
136 226
135 227
134 227
133 228
133 229
132 230
133 231
132 232
133 232
134 232
135 232
136 232
137 232
138 232
139 232
140 232
141 232
142 232
143 232
144 232
145 232
146 232
147 232
148 232
149 232
150 232
151 232
152 232
153 232
154 232
155 232
156 232
157 232
158 232
159 232
160 232
161 232
162 232
163 232
164 232
165 232
166 232
167 232
168 232
169 232
170 232
171 232
172 232
173 232
174 232
175 232
176 232
177 232
178 231
179 230
179 229
179 228
179 227
179 226
179 225
179 224
179 223
179 222
179 221
179 220
178 219
178 218
178 217
178 216
177 215
177 214
177 213
177 212
177 211
177 210
177 209
177 208
177 207
177 206
178 205
179 205
180 205
181 205
182 205
183 205
184 205
185 205
186 205
187 205
188 205
189 205
190 205
191 205
192 206
193 206
194 207
194 208
194 209
194 210
194 211
194 212
194 213
194 214
194 215
194 216
194 217
194 218
194 219
193 220
193 221
193 222
193 223
193 224
193 225
193 226
193 227
193 228
193 229
193 230
194 231
195 232
196 232
197 233
198 233
199 233
200 233
201 233
202 234
203 234
204 234
205 235
206 235
207 235
208 236
209 236
210 236
211 236
212 236
213 236
214 236
215 236
216 236
217 236
218 236
219 236
220 236
221 236
222 236
223 236
224 236
225 236
226 236
227 236
228 236
229 236
230 236
231 236
232 236
233 235
234 235
235 235
236 235
237 235
238 234
239 234
240 233
241 233
242 232
243 231
243 230
244 229
244 228
243 227
243 226
242 226
241 225
240 224
239 223
238 222
237 222
236 221
235 221
234 221
233 221
232 221
231 221
230 222
229 222
228 222
227 222
226 223
225 223
224 223
223 223
222 224
221 224
220 224
219 225
218 225
217 225
216 226
215 226
214 226
213 227
212 227
211 227
210 227
209 228
208 228
207 228
206 228
205 228
204 228
203 228
202 228
201 228
200 227
200 226
200 225
201 224
201 223
201 222
202 221
203 220
203 219
204 218
205 217
206 216
207 215
208 214
209 213
209 212
210 211
211 210
212 209
212 208
213 207
214 206
215 205
216 205
217 204
218 204
219 204
220 204
221 203
222 203
223 203
224 203
225 203
226 203
227 203
228 203
229 203
230 203
231 203
232 203
233 203
234 202
235 202
236 202
237 202
238 202
239 201
240 201
241 201
242 200
243 200
244 199
245 199
246 199
247 198
248 198
249 197
250 196
251 196
252 195
253 194
254 193
254 192
255 191
256 190
257 190
258 189
258 188
259 187
259 186
260 185
260 184
260 183
261 182
261 181
261 180
262 179
262 178
262 177
262 176
263 175
263 174
263 173
264 172
264 171
265 170
265 169
266 168
266 167
267 166
267 165
268 164
268 163
269 162
269 161
269 160
270 159
270 158
270 157
270 156
270 155
270 154
270 153
271 152
271 151
271 150
271 149
272 148
272 147
273 146
274 145
275 144
276 144
277 143
278 143
279 142
278 141
278 140
277 140
276 139
275 139
274 139
273 139
272 139
271 140
270 140
269 141
268 142
267 143
266 143
266 144
265 145
265 146
264 147
263 148
263 149
262 150
262 151
261 152
261 153
261 154
261 155
261 156
261 157
261 158
261 159
260 160
260 161
260 162
260 163
260 164
259 165
259 166
259 167
258 168
258 169
257 170
257 171
257 172
257 173
256 174
255 175
255 176
254 177
254 178
253 179
253 180
252 181
251 182
251 183
250 184
250 185
250 186
249 187
248 188
247 189
246 190
245 191
244 192
243 192
242 193
241 193
240 194
239 194
238 194
237 194
236 194
235 194
234 194
233 194
232 194
231 194
230 194
229 194
228 194
227 194
226 194
225 194
224 194
223 194
222 194
221 194
220 194
219 194
218 194
217 194
216 194
215 194
214 193
213 193
212 192
212 191
211 190
211 189
211 188
211 187
211 186
211 185
210 184
210 183
210 182
210 181
209 180
209 179
209 178
209 177
209 176
209 175
209 174
209 173
209 172
208 171
208 170
208 169
208 168
207 167
207 166
207 165
207 164
207 163
206 162
206 161
205 160
205 159
204 158
204 157
203 156
203 155
202 154
202 153
202 152
202 151
202 150
202 149
203 148
204 148
205 148
206 148
207 148
208 148
209 149
210 149
211 150
212 150
213 151
214 151
215 151
216 151
217 151
218 151
219 152
220 152
221 153
222 154
222 155
223 156
224 157
225 158
225 159
226 160
226 161
227 162
227 163
228 164
229 165
229 166
230 167
231 168
231 169
232 170
233 170
234 171
235 171
236 171
237 170
238 169
238 168
238 167
238 166
237 165
237 164
237 163
238 162
239 162
240 162
241 162
242 162
243 162
244 162
245 162
246 162
247 162
248 162
249 162
250 161
251 161
251 160
251 159
251 158
250 158
249 157
248 156
247 156
246 155
245 155
244 154
243 154
242 154
241 154
240 154
239 154
238 154
237 154
236 154
235 154
234 154
233 154
232 154
231 154
230 154
229 153
228 153
227 152
226 152
225 151
224 150
223 149
223 148
223 147
222 146
222 145
222 144
221 143
221 142
220 141
220 140
219 139
218 139
217 138
216 137
215 137
214 136
213 136
212 136
211 135
210 135
209 135
208 135
207 134
206 134
205 134
204 134
203 134
202 133
203 132
204 131
205 130
206 129
207 129
208 129
209 128
210 128
211 127
212 126
213 126
214 125
215 124
216 124
216 123
217 122
218 121
219 120
220 119
220 118
221 117
221 116
222 115
222 114
222 113
223 112
223 111
223 110
224 109
224 108
224 107
225 106
226 106
227 106
228 107
229 108
229 109
230 110
230 111
231 112
232 113
233 113
234 113
235 113
236 113
237 113
238 113
239 113
240 113
241 113
242 113
243 113
244 113
245 113
246 113
247 113
248 113
249 113
250 112
251 112
252 112
253 111
254 111
255 110
256 110
256 109
257 108
258 107
259 107
260 106
261 105
262 104
263 103
263 102
264 101
264 100
265 99
265 98
266 97
267 96
267 95
268 94
268 93
269 92
269 91
270 90
270 89
270 88
270 87
270 86
270 85
270 84
270 83
270 82
269 81
269 80
269 79
268 78
268 77
267 76
266 76
265 75
265 74
264 73
264 72
263 71
262 70
261 69
261 68
260 67
259 66
258 65
257 64
257 63
256 62
255 61
254 60
253 60
252 59
251 59
250 58
249 58
248 58
247 58
246 58
245 58
244 58
243 58
242 58
241 58
240 59
239 59
238 59
237 59
236 59
235 59
234 60
233 60
232 60
231 60
230 60
229 60
228 61
227 61
226 62
225 63
224 63
223 64
222 65
222 66
221 67
221 68
221 69
220 70
219 71
219 72
218 73
218 74
217 75
216 75
215 75
214 75
213 74
212 74
211 73
210 72
210 71
211 70
211 69
211 68
211 67
211 66
211 65
211 64
211 63
211 62
211 61
211 60
211 59
211 58
211 57
211 56
211 55
211 54
210 53
209 52
208 52
207 51
206 51
205 50
204 49
203 49
202 48
201 48
200 47
199 47
198 47
197 46
196 46
195 45
194 44
193 44
192 43
191 42
190 42
189 41
188 41
187 40
186 39
185 38
184 38
