179 39
178 40
177 40
176 41
175 41
174 41
173 42
172 42
171 43
170 44
169 44
168 44
167 45
166 45
165 45
164 46
163 47
162 48
162 49
161 50
161 51
160 52
160 53
160 54
160 55
160 56
160 57
160 58
160 59
160 60
160 61
160 62
160 63
160 64
160 65
160 66
160 67
160 68
160 69
160 70
160 71
160 72
160 73
160 74
160 75
161 76
161 77
161 78
162 79
162 80
163 81
164 81
165 82
166 82
167 83
168 84
169 85
170 86
171 87
172 88
172 89
172 90
172 91
172 92
172 93
172 94
172 95
172 96
171 97
171 98
171 99
170 100
170 101
170 102
169 103
169 104
168 105
167 106
167 107
166 108
166 109
166 110
165 111
164 112
164 113
163 114
162 115
162 116
161 117
160 118
159 119
159 120
158 121
157 122
157 123
156 124
155 125
155 126
154 127
153 128
152 129
152 130
151 131
151 132
150 133
149 134
148 135
148 136
147 137
147 138
147 139
146 140
145 141
145 142
144 143
144 144
144 145
144 146
144 147
144 148
144 149
144 150
144 151
144 152
144 153
144 154
144 155
144 156
145 157
146 157
147 157
148 157
149 157
150 157
151 157
152 157
153 156
154 156
155 156
156 155
157 155
158 155
159 155
160 154
161 154
162 153
163 153
164 152
165 152
166 151
167 151
168 151
169 150
170 150
171 149
172 148
173 148
174 147
175 147
176 147
177 147
178 147
179 147
180 147
181 148
181 149
180 150
180 151
179 152
179 153
178 154
177 154
176 155
176 156
175 157
174 158
174 159
173 160
173 161
173 162
173 163
172 164
172 165
171 166
171 167
171 168
170 169
170 170
169 171
169 172
169 173
168 174
168 175
168 176
167 177
167 178
166 179
166 180
166 181
166 182
165 183
165 184
165 185
165 186
164 187
164 188
164 189
164 190
164 191
164 192
164 193
164 194
164 195
164 196
164 197
164 198
164 199
164 200
164 201
164 202
164 203
164 204
164 205
164 206
164 207
164 208
164 209
164 210
164 211
165 212
165 213
166 214
166 215
167 216
168 217
169 218
170 219
170 220
171 221
171 222
171 223
170 224
169 224
168 224
167 224
166 224
165 224
164 224
163 223
162 223
161 223
160 223
159 223
158 223
157 223
156 223
155 223
154 223
153 223
152 223
151 223
150 223
149 223
148 223
147 223
146 223
145 223
144 223
143 223
142 223
141 223
140 223
139 223
138 223
137 223
136 223
135 224
134 224
133 225
132 225
131 226
130 227
130 228
130 229
130 230
131 231
132 232
133 232
134 232
135 232
136 232
137 232
138 232
139 232
140 232
141 232
142 232
143 232
144 232
145 232
146 232
147 232
148 232
149 232
150 232
151 232
152 232
153 232
154 232
155 232
156 232
157 232
158 232
159 232
160 232
161 232
162 232
163 232
164 232
165 232
166 232
167 232
168 232
169 232
170 231
171 231
172 231
173 231
174 231
175 231
176 231
177 230
178 229
178 228
178 227
178 226
178 225
178 224
178 223
179 222
179 221
179 220
179 219
179 218
180 217
180 216
180 215
180 214
180 213
180 212
180 211
180 210
180 209
180 208
180 207
180 206
181 205
182 205
183 205
184 205
185 205
186 205
187 205
188 205
189 205
190 205
191 205
192 205
193 205
194 205
195 205
196 205
197 205
198 205
199 206
199 207
199 208
199 209
199 210
199 211
199 212
198 213
198 214
197 215
197 216
196 217
196 218
195 219
195 220
194 221
194 222
194 223
194 224
194 225
194 226
194 227
194 228
194 229
194 230
194 231
194 232
195 233
196 234
197 234
198 234
199 234
200 234
201 234
202 234
203 234
204 234
205 234
206 234
207 234
208 234
209 234
210 234
211 234
212 234
213 234
214 234
215 234
216 234
217 234
218 234
219 234
220 234
221 234
222 234
223 234
224 234
225 234
226 234
227 234
228 234
229 234
230 234
231 234
232 234
233 234
234 234
235 234
236 234
237 234
238 234
239 234
240 234
241 234
242 234
243 234
244 233
245 232
245 231
244 230
243 229
242 228
241 227
240 226
239 225
238 224
237 224
236 223
235 223
234 223
233 222
232 222
231 222
230 222
229 222
228 222
227 222
226 222
225 222
224 222
223 222
222 222
221 222
220 223
219 223
218 223
217 223
216 224
215 224
214 224
213 224
212 225
211 225
210 225
209 226
208 226
207 226
206 226
205 226
204 226
203 225
203 224
204 223
205 222
206 221
206 220
207 219
208 218
208 217
209 216
210 215
210 214
211 213
212 212
213 211
214 210
215 209
216 208
217 207
218 206
219 205
219 204
220 203
221 202
222 202
223 202
224 202
225 202
226 202
227 202
228 202
229 202
230 202
231 202
232 202
233 202
234 202
235 202
236 202
237 202
238 202
239 202
240 202
241 202
242 202
243 202
244 202
245 201
246 201
247 201
248 200
249 200
250 200
251 200
252 199
253 199
254 198
255 197
256 196
257 196
258 195
258 194
259 193
259 192
260 191
260 190
261 189
262 188
262 187
263 186
263 185
264 184
264 183
264 182
264 181
264 180
264 179
264 178
264 177
264 176
264 175
264 174
264 173
264 172
264 171
264 170
264 169
264 168
265 167
265 166
265 165
265 164
266 163
266 162
266 161
266 160
267 159
267 158
268 157
269 156
269 155
270 154
271 153
272 153
273 153
274 153
275 153
276 153
277 152
278 152
279 152
280 152
281 151
282 150
282 149
283 148
283 147
282 146
282 145
281 144
281 143
280 142
279 142
278 141
277 141
276 141
275 141
274 140
273 140
272 140
271 140
270 141
269 141
268 142
267 142
266 143
265 143
265 144
264 145
263 146
262 147
261 148
261 149
260 150
260 151
259 152
259 153
258 154
258 155
258 156
258 157
257 158
257 159
257 160
257 161
256 162
256 163
256 164
256 165
256 166
256 167
256 168
255 169
255 170
255 171
255 172
255 173
255 174
254 175
254 176
253 177
253 178
252 179
252 180
252 181
251 182
251 183
251 184
250 185
250 186
250 187
249 188
249 189
248 190
248 191
247 192
247 193
246 194
245 195
244 196
243 196
242 196
241 196
240 196
239 196
238 196
237 196
236 196
235 196
234 196
233 196
232 196
231 196
230 196
229 196
228 196
227 196
226 196
225 196
224 196
223 196
222 196
221 196
220 196
219 196
218 196
217 195
216 194
215 193
215 192
215 191
214 190
214 189
213 188
213 187
213 186
212 185
212 184
211 183
211 182
210 181
210 180
209 179
209 178
208 177
208 176
208 175
208 174
207 173
207 172
207 171
207 170
207 169
207 168
207 167
207 166
207 165
207 164
206 163
206 162
206 161
206 160
206 159
205 158
205 157
205 156
205 155
205 154
205 153
205 152
205 151
205 150
205 149
205 148
206 147
207 147
208 147
209 147
210 147
211 148
212 149
213 150
214 151
215 152
216 153
217 154
218 155
219 156
220 157
221 158
221 159
222 160
223 161
224 162
225 163
225 164
226 165
227 166
228 167
228 168
229 169
230 170
231 171
232 171
233 172
234 172
235 171
236 170
236 169
236 168
236 167
236 166
236 165
236 164
237 163
238 164
239 164
240 165
241 165
242 164
243 163
243 162
243 161
243 160
243 159
242 158
242 157
241 157
240 156
239 156
238 155
237 155
236 155
235 155
234 155
233 155
232 155
231 155
230 155
229 155
228 155
227 155
226 155
225 155
224 154
223 153
223 152
223 151
222 150
222 149
221 148
221 147
220 146
219 145
218 144
217 143
216 142
215 141
215 140
214 139
213 139
212 138
211 138
210 138
209 138
208 138
207 138
206 138
205 138
204 138
203 138
202 139
201 138
201 137
201 136
202 135
203 134
204 133
204 132
205 131
206 130
207 129
208 128
208 127
209 126
210 125
211 124
212 123
213 122
213 121
214 120
215 119
216 118
217 117
218 116
219 115
220 114
220 113
221 112
222 111
223 111
224 111
225 111
226 111
227 111
228 111
229 111
230 112
231 113
232 114
233 114
234 114
235 115
236 115
237 116
238 116
239 116
240 116
241 116
242 116
243 116
244 116
245 116
246 116
247 116
248 116
249 116
250 115
251 115
252 115
253 115
254 115
255 114
256 114
257 114
258 113
259 112
259 111
260 110
260 109
260 108
260 107
260 106
260 105
260 104
260 103
260 102
260 101
260 100
260 99
260 98
260 97
260 96
260 95
260 94
260 93
260 92
260 91
260 90
260 89
260 88
260 87
260 86
260 85
260 84
260 83
260 82
259 81
259 80
259 79
259 78
259 77
259 76
259 75
259 74
259 73
259 72
259 71
259 70
259 69
259 68
259 67
258 66
258 65
258 64
257 63
256 62
255 62
254 61
253 61
252 61
251 60
251 59
250 59
249 58
248 58
247 59
246 59
245 59
244 59
243 59
242 59
241 59
240 59
239 59
238 59
237 59
236 59
235 59
234 59
233 59
232 59
231 59
230 59
229 60
228 60
227 61
226 61
225 62
224 63
223 64
222 65
221 66
221 67
220 68
219 69
218 70
217 71
216 72
215 73
214 73
213 73
212 73
211 73
210 72
209 72
208 72
207 72
206 72
205 72
204 71
204 70
204 69
204 68
204 67
204 66
204 65
204 64
204 63
204 62
204 61
204 60
204 59
204 58
204 57
204 56
204 55
203 54
203 53
203 52
202 51
202 50
201 49
200 48
199 47
198 46
197 46
196 45
195 45
194 44
194 43
193 42
192 41
191 41
190 40
189 40
188 39
187 39
186 39
185 39
184 39
183 39
182 39
181 39
180 39
