178 41
177 42
176 42
175 43
174 44
173 45
172 46
172 47
171 48
170 49
170 50
169 51
168 52
167 52
167 53
166 54
166 55
165 56
164 57
164 58
163 59
163 60
162 61
161 62
161 63
160 64
160 65
159 66
159 67
158 68
158 69
158 70
158 71
158 72
158 73
158 74
158 75
158 76
158 77
158 78
158 79
158 80
159 81
159 82
160 83
161 84
162 84
163 85
164 85
165 86
166 86
167 87
167 88
167 89
167 90
167 91
167 92
166 93
165 94
165 95
164 96
164 97
163 98
163 99
162 100
162 101
161 102
161 103
160 104
160 105
159 106
159 107
159 108
158 109
158 110
158 111
157 112
157 113
156 114
156 115
155 116
155 117
155 118
154 119
154 120
154 121
154 122
154 123
153 124
153 125
153 126
152 127
152 128
152 129
152 130
151 131
151 132
151 133
151 134
150 135
150 136
150 137
150 138
150 139
150 140
150 141
150 142
149 143
149 144
149 145
149 146
149 147
148 148
148 149
148 150
147 151
147 152
147 153
146 154
146 155
145 156
145 157
144 158
145 159
146 160
147 160
148 160
149 160
150 159
151 159
152 158
153 158
154 157
155 157
156 157
157 156
158 156
159 155
160 155
161 154
162 154
163 153
164 153
165 153
166 152
167 152
168 151
169 151
170 150
171 150
172 149
173 148
174 147
175 147
176 147
177 146
178 146
179 145
180 144
181 145
181 146
181 147
181 148
181 149
181 150
181 151
181 152
181 153
181 154
181 155
180 156
180 157
180 158
179 159
179 160
178 161
178 162
177 163
177 164
176 165
176 166
176 167
175 168
175 169
175 170
175 171
174 172
174 173
173 174
173 175
173 176
172 177
172 178
171 179
171 180
171 181
170 182
170 183
170 184
169 185
169 186
168 187
168 188
168 189
167 190
167 191
167 192
167 193
167 194
166 195
166 196
166 197
166 198
165 199
165 200
165 201
165 202
165 203
165 204
165 205
165 206
165 207
165 208
165 209
165 210
165 211
165 212
165 213
165 214
165 215
165 216
165 217
166 218
166 219
167 220
167 221
168 222
168 223
169 224
169 225
169 226
168 227
167 227
166 227
165 227
164 227
163 227
162 227
161 227
160 227
159 227
158 227
157 227
156 227
155 227
154 227
153 227
152 227
151 227
150 227
149 227
148 227
147 227
146 227
145 227
144 227
143 227
142 227
141 227
140 227
139 227
138 227
137 227
136 227
135 227
134 228
133 228
132 229
131 229
130 229
129 230
128 231
127 232
126 232
125 233
125 234
125 235
126 236
127 236
128 236
129 236
130 236
131 236
132 236
133 236
134 236
135 236
136 236
137 236
138 236
139 236
140 236
141 236
142 236
143 236
144 236
145 236
146 236
147 236
148 236
149 236
150 236
151 236
152 236
153 236
154 236
155 236
156 236
157 236
158 236
159 236
160 236
161 236
162 236
163 236
164 237
165 237
166 237
167 237
168 237
169 237
170 237
171 237
172 237
173 236
174 236
175 236
176 235
177 235
177 234
178 233
178 232
178 231
178 230
178 229
178 228
178 227
178 226
178 225
178 224
178 223
178 222
178 221
178 220
179 219
179 218
179 217
179 216
179 215
180 214
180 213
181 212
181 211
182 210
182 209
183 208
184 207
185 206
186 206
187 206
188 206
189 206
190 206
191 206
192 206
193 206
194 206
195 206
196 206
197 206
198 206
199 207
199 208
199 209
199 210
199 211
199 212
199 213
199 214
199 215
199 216
199 217
199 218
199 219
198 220
198 221
198 222
198 223
197 224
197 225
197 226
197 227
196 228
196 229
195 230
195 231
195 232
196 233
196 234
197 234
198 234
199 234
200 234
201 234
202 234
203 234
204 234
205 234
206 234
207 234
208 234
209 234
210 234
211 234
212 234
213 234
214 234
215 234
216 234
217 234
218 234
219 234
220 234
221 234
222 234
223 234
224 234
225 234
226 234
227 234
228 234
229 234
230 235
231 235
232 235
233 235
234 235
235 235
236 236
237 236
238 236
239 236
240 236
241 236
242 236
243 236
244 236
245 236
246 236
246 235
246 234
246 233
245 232
245 231
244 231
243 230
243 229
242 228
241 227
240 227
239 227
238 227
237 227
236 227
235 227
234 227
233 227
232 227
231 227
230 227
229 227
228 227
227 227
226 227
225 227
224 227
223 227
222 227
221 227
220 227
219 227
218 227
217 227
216 227
215 227
214 227
213 227
212 227
211 228
210 228
209 228
208 228
207 228
206 228
205 227
205 226
205 225
205 224
205 223
205 222
206 221
207 220
208 219
209 218
210 217
211 216
212 215
213 214
214 213
214 212
215 211
215 210
216 209
216 208
216 207
216 206
217 205
218 205
219 205
220 205
221 204
222 204
223 204
224 204
225 204
226 204
227 204
228 204
229 204
230 204
231 204
232 204
233 204
234 203
235 203
236 203
237 203
238 203
239 203
240 202
241 202
242 202
243 201
244 201
245 201
246 200
247 200
248 199
249 199
250 199
251 198
252 198
253 197
254 197
255 197
256 196
257 196
258 195
259 194
259 193
260 192
260 191
261 190
261 189
261 188
261 187
262 186
262 185
262 184
263 183
263 182
263 181
264 180
264 179
264 178
264 177
264 176
265 175
265 174
265 173
265 172
266 171
266 170
267 169
267 168
267 167
268 166
268 165
268 164
268 163
269 162
269 161
269 160
270 159
270 158
271 157
271 156
271 155
272 154
272 153
273 152
274 151
275 150
276 149
277 149
278 148
279 148
280 148
281 148
282 147
283 147
284 146
285 146
286 145
285 144
284 143
283 143
282 143
281 143
280 143
279 143
278 143
277 144
276 144
275 145
274 145
274 146
273 147
272 148
271 149
271 150
270 151
270 152
269 153
269 154
268 155
268 156
267 157
267 158
266 159
266 160
266 161
265 162
265 163
265 164
265 165
264 166
264 167
264 168
263 169
263 170
262 171
262 172
262 173
261 174
261 175
261 176
260 177
260 178
260 179
259 180
259 181
258 182
258 183
258 184
258 185
257 186
256 187
256 188
255 189
254 190
253 191
252 191
251 192
250 192
249 192
248 193
247 193
246 193
245 194
244 194
243 195
242 195
241 196
240 196
239 197
238 197
237 198
236 198
235 198
234 198
233 199
232 199
231 199
230 200
229 200
228 201
227 201
226 201
225 201
224 201
223 201
222 202
221 202
220 202
219 202
218 202
217 202
216 201
215 200
215 199
215 198
215 197
214 196
214 195
214 194
214 193
214 192
214 191
214 190
214 189
214 188
213 187
213 186
213 185
213 184
212 183
212 182
212 181
212 180
212 179
212 178
211 177
211 176
211 175
211 174
211 173
210 172
210 171
210 170
209 169
209 168
209 167
208 166
208 165
207 164
207 163
207 162
207 161
206 160
206 159
206 158
206 157
206 156
206 155
206 154
206 153
206 152
206 151
206 150
206 149
206 148
206 147
206 146
206 145
207 144
208 144
209 144
210 144
211 144
212 144
213 144
214 144
215 144
216 144
217 145
218 146
218 147
218 148
219 149
219 150
220 151
220 152
220 153
221 154
221 155
222 156
223 157
223 158
224 159
225 160
226 161
227 161
228 162
229 162
230 162
231 163
232 163
233 164
234 165
235 166
236 167
236 168
237 169
238 169
239 168
239 167
240 166
241 166
242 166
243 166
244 166
245 165
246 165
247 164
248 164
248 163
249 162
249 161
249 160
250 159
250 158
249 157
248 156
247 156
246 155
245 155
244 155
243 155
242 155
241 155
240 155
239 155
238 155
237 155
236 155
235 156
234 156
233 156
232 156
231 156
230 155
229 154
228 153
227 152
226 151
225 150
224 149
223 148
222 147
222 146
221 145
221 144
220 143
219 142
218 141
217 140
216 140
215 139
214 139
213 139
212 138
211 138
210 138
209 138
208 138
207 138
206 137
206 136
206 135
206 134
207 133
208 132
209 132
210 131
211 130
212 130
213 129
214 129
215 128
216 128
216 127
217 126
218 125
219 125
220 124
221 124
222 123
223 122
224 121
224 120
225 119
226 118
226 117
227 116
227 115
227 114
227 113
228 112
229 111
230 112
231 112
232 113
233 113
234 114
235 114
236 114
237 115
238 115
239 115
240 115
241 115
242 115
243 115
244 115
245 115
246 115
247 114
248 114
249 114
250 113
251 113
252 113
253 113
254 112
255 112
256 111
257 111
257 110
258 109
258 108
259 107
259 106
259 105
260 104
260 103
260 102
261 101
261 100
262 99
262 98
262 97
263 96
263 95
263 94
264 93
264 92
264 91
264 90
264 89
264 88
264 87
264 86
264 85
264 84
264 83
264 82
264 81
264 80
264 79
264 78
264 77
264 76
264 75
264 74
264 73
264 72
264 71
264 70
264 69
264 68
264 67
263 66
263 65
262 65
261 64
260 64
259 64
258 64
257 64
256 63
255 63
254 62
253 62
252 62
251 61
250 61
249 61
248 61
247 61
246 61
245 61
244 60
243 60
242 60
241 60
240 60
239 60
238 60
237 60
236 61
235 61
234 62
233 62
232 63
231 63
230 64
229 65
228 65
227 66
226 67
225 68
224 68
223 69
222 70
222 71
221 72
221 73
221 74
220 75
220 76
219 77
219 78
219 79
219 80
218 81
217 81
216 81
215 81
214 81
213 81
212 81
211 81
210 80
210 79
210 78
210 77
210 76
210 75
210 74
210 73
210 72
210 71
210 70
210 69
210 68
210 67
210 66
210 65
210 64
210 63
210 62
209 61
209 60
209 59
208 58
208 57
208 56
207 55
207 54
207 53
206 52
206 51
206 50
206 49
205 48
205 47
204 47
203 46
202 46
201 46
200 45
199 45
198 45
197 44
196 44
195 43
194 43
193 43
192 42
191 42
190 41
189 41
188 41
187 41
186 41
185 41
184 41
183 41
182 41
181 41
180 41
179 41
