171 40
170 41
169 41
168 42
167 43
166 43
166 44
165 45
165 46
164 47
164 48
164 49
164 50
163 51
163 52
163 53
162 54
162 55
162 56
162 57
162 58
162 59
162 60
162 61
162 62
162 63
162 64
162 65
162 66
162 67
162 68
162 69
162 70
162 71
163 72
163 73
164 74
164 75
164 76
165 77
165 78
166 79
166 80
167 81
168 82
169 83
170 84
170 85
171 86
171 87
172 88
172 89
172 90
172 91
172 92
172 93
172 94
171 95
171 96
170 97
170 98
170 99
169 100
169 101
168 102
168 103
167 104
167 105
166 106
166 107
166 108
165 109
165 110
164 111
164 112
163 113
162 114
161 115
161 116
160 117
159 118
158 119
157 120
156 121
156 122
155 123
155 124
154 125
153 126
153 127
152 128
151 129
151 130
150 131
150 132
150 133
149 134
148 135
147 136
147 137
146 138
146 139
146 140
146 141
145 142
144 143
144 144
143 145
143 146
143 147
142 148
142 149
141 150
140 151
139 152
139 153
139 154
140 155
141 155
142 155
143 155
144 155
145 155
146 155
147 155
148 155
149 155
150 155
151 154
152 154
153 154
154 153
155 153
156 152
157 152
158 152
159 152
160 151
161 151
162 151
163 150
164 150
165 149
166 149
167 149
168 149
169 148
170 148
171 147
172 147
173 147
174 147
175 147
176 146
177 146
178 145
179 145
180 146
180 147
180 148
180 149
180 150
180 151
180 152
180 153
180 154
179 155
179 156
178 157
178 158
178 159
177 160
176 161
175 162
175 163
174 164
174 165
173 166
172 167
172 168
171 169
171 170
170 171
170 172
169 173
169 174
168 175
168 176
168 177
167 178
167 179
167 180
166 181
166 182
166 183
166 184
166 185
166 186
165 187
165 188
165 189
165 190
165 191
165 192
165 193
165 194
165 195
164 196
163 197
163 198
163 199
162 200
162 201
162 202
162 203
162 204
162 205
162 206
162 207
162 208
162 209
162 210
162 211
162 212
163 213
163 214
164 215
165 216
165 217
166 218
166 219
167 220
168 221
169 222
169 223
169 224
170 225
169 226
168 226
167 226
166 226
165 226
164 226
163 226
162 226
161 226
160 225
159 224
158 224
157 223
156 223
155 223
154 223
153 222
152 222
151 222
150 222
149 222
148 222
147 222
146 222
145 222
144 222
143 222
142 222
141 222
140 222
139 222
138 223
137 223
136 224
135 225
134 226
133 227
133 228
132 229
132 230
132 231
131 232
132 233
133 234
134 233
135 233
136 233
137 233
138 233
139 233
140 233
141 233
142 233
143 233
144 233
145 233
146 233
147 233
148 233
149 233
150 233
151 233
152 233
153 233
154 233
155 233
156 233
157 233
158 233
159 233
160 233
161 233
162 233
163 233
164 233
165 233
166 233
167 233
168 233
169 233
170 233
171 233
172 233
173 233
174 233
175 233
176 233
177 233
178 232
179 232
180 231
180 230
180 229
180 228
179 227
179 226
179 225
178 224
178 223
178 222
178 221
178 220
178 219
178 218
178 217
178 216
178 215
178 214
178 213
179 212
180 212
181 212
182 212
183 212
184 211
185 211
186 211
187 211
188 211
189 211
190 211
191 211
192 211
193 211
194 211
195 211
196 211
197 211
198 211
199 212
199 213
199 214
199 215
199 216
199 217
199 218
199 219
199 220
199 221
198 222
198 223
198 224
197 225
196 226
196 227
195 228
195 229
195 230
195 231
196 231
197 231
198 231
199 231
200 231
201 231
202 231
203 231
204 231
205 231
206 231
207 231
208 231
209 231
210 231
211 231
212 231
213 232
214 232
215 232
216 232
217 232
218 232
219 232
220 232
221 232
222 232
223 232
224 232
225 232
226 232
227 232
228 232
229 232
230 232
231 232
232 232
233 232
234 232
235 233
236 233
237 233
238 233
239 233
240 233
241 233
242 233
243 232
244 231
244 230
244 229
244 228
243 227
242 226
241 225
240 225
239 224
238 224
237 223
236 223
235 223
234 223
233 223
232 223
231 223
230 223
229 223
228 223
227 223
226 223
225 223
224 223
223 223
222 223
221 223
220 223
219 223
218 223
217 223
216 223
215 223
214 224
213 224
212 225
211 225
210 225
209 225
208 225
207 224
207 223
207 222
207 221
207 220
207 219
207 218
207 217
207 216
208 215
208 214
208 213
209 212
209 211
210 210
211 209
212 208
213 207
214 206
215 205
216 205
217 205
218 205
219 205
220 205
221 205
222 205
223 205
224 205
225 205
226 205
227 205
228 205
229 205
230 205
231 205
232 205
233 205
234 205
235 205
236 205
237 204
238 204
239 204
240 204
241 204
242 204
243 203
244 203
245 203
246 202
247 202
248 201
249 201
250 200
251 200
252 199
253 198
254 197
254 196
255 195
256 194
256 193
257 192
257 191
257 190
258 189
258 188
259 187
259 186
260 185
260 184
260 183
261 182
261 181
262 180
262 179
262 178
262 177
263 176
263 175
263 174
264 173
264 172
264 171
264 170
265 169
265 168
265 167
265 166
265 165
265 164
265 163
265 162
266 161
266 160
266 159
266 158
266 157
266 156
266 155
266 154
266 153
267 152
268 151
269 150
270 149
271 149
272 148
273 148
274 147
275 147
276 146
277 146
278 145
277 144
276 143
275 143
274 143
273 143
272 144
271 144
270 145
269 146
269 147
268 148
267 149
266 150
265 151
264 151
263 152
262 153
261 154
260 155
260 156
259 157
259 158
258 159
258 160
257 161
257 162
257 163
257 164
257 165
257 166
257 167
256 168
256 169
256 170
256 171
256 172
256 173
256 174
255 175
255 176
255 177
255 178
254 179
254 180
254 181
253 182
253 183
252 184
252 185
251 186
251 187
250 188
249 189
248 190
247 191
246 192
245 193
244 194
243 194
242 195
241 195
240 196
239 196
238 196
237 196
236 196
235 196
234 196
233 196
232 196
231 196
230 196
229 196
228 196
227 196
226 196
225 196
224 196
223 196
222 196
221 196
220 196
219 195
218 194
217 193
216 192
216 191
215 190
215 189
214 188
214 187
213 186
213 185
213 184
212 183
212 182
211 181
211 180
210 179
210 178
209 177
209 176
209 175
209 174
209 173
208 172
208 171
207 170
207 169
206 168
206 167
205 166
204 165
204 164
203 163
202 162
202 161
202 160
201 159
201 158
201 157
201 156
201 155
201 154
201 153
201 152
201 151
201 150
202 149
203 148
204 148
205 147
206 147
207 147
208 147
209 147
210 147
211 147
212 148
213 149
214 150
215 150
216 151
216 152
217 153
217 154
218 155
219 156
220 157
221 158
222 159
223 160
224 161
225 162
225 163
226 164
227 165
227 166
228 167
229 168
229 169
230 170
231 171
232 172
233 173
234 174
235 173
236 172
236 171
236 170
235 169
235 168
235 167
235 166
235 165
235 164
235 163
236 162
237 162
238 162
239 162
240 163
241 163
242 164
243 164
244 165
245 165
246 166
247 165
248 164
248 163
248 162
247 161
247 160
246 159
245 159
244 158
243 158
242 158
241 158
240 158
239 158
238 157
237 157
236 157
235 157
234 156
233 156
232 156
231 155
230 154
229 153
228 152
227 152
226 151
225 150
224 149
223 148
222 147
222 146
221 145
220 144
219 143
218 142
217 141
216 140
215 140
214 140
213 140
212 140
211 140
210 139
209 139
208 139
207 139
206 139
205 139
204 139
203 138
203 137
203 136
203 135
203 134
203 133
203 132
203 131
204 130
205 129
206 129
207 128
208 128
209 127
210 127
211 126
212 126
213 125
214 124
215 123
216 122
217 121
218 120
219 119
219 118
220 117
220 116
221 115
221 114
221 113
222 112
222 111
223 110
224 110
225 110
226 110
227 110
228 110
229 111
230 111
231 111
232 111
233 111
234 112
235 112
236 112
237 112
238 112
239 112
240 112
241 112
242 112
243 112
244 112
245 112
246 112
247 112
248 112
249 112
250 112
251 112
252 112
253 111
254 111
255 111
256 110
257 110
258 109
259 109
260 108
260 107
261 106
261 105
262 104
262 103
263 102
263 101
263 100
263 99
264 98
264 97
264 96
264 95
265 94
265 93
265 92
265 91
265 90
266 89
266 88
266 87
266 86
266 85
266 84
266 83
266 82
266 81
266 80
266 79
266 78
266 77
266 76
266 75
266 74
266 73
266 72
266 71
266 70
265 69
265 68
264 67
264 66
263 65
262 64
261 63
260 62
259 61
258 60
257 59
256 58
255 57
254 57
253 56
252 55
251 54
250 54
249 53
248 53
247 52
246 52
245 52
244 51
243 51
242 51
241 51
240 51
239 51
238 52
237 52
236 53
235 53
234 54
233 55
232 56
231 57
230 58
229 59
228 60
227 61
226 61
226 62
225 63
225 64
224 65
223 66
222 67
221 68
221 69
220 70
219 71
219 72
218 73
218 74
217 75
216 76
215 76
214 76
213 76
212 75
212 74
212 73
212 72
212 71
212 70
212 69
212 68
212 67
212 66
212 65
212 64
212 63
212 62
212 61
212 60
212 59
212 58
212 57
212 56
212 55
211 54
211 53
210 52
209 51
208 50
207 49
206 48
205 47
204 46
203 45
202 45
201 44
200 44
199 43
198 43
197 43
196 42
195 42
194 42
193 41
192 41
191 41
190 40
189 40
188 40
187 40
186 40
185 40
184 40
183 40
182 40
181 40
180 40
179 40
178 40
177 40
176 40
175 40
174 40
173 40
172 40
