173 37
172 38
171 38
170 39
169 39
168 40
167 40
166 41
165 41
164 42
163 42
162 43
161 44
160 44
159 45
158 45
157 46
157 47
156 48
155 49
155 50
154 51
154 52
153 53
153 54
153 55
153 56
152 57
152 58
152 59
152 60
152 61
152 62
152 63
152 64
152 65
152 66
152 67
152 68
152 69
152 70
152 71
152 72
152 73
152 74
152 75
152 76
153 77
153 78
153 79
153 80
153 81
153 82
153 83
154 84
154 85
154 86
155 87
156 88
157 89
158 89
159 90
160 90
161 91
162 91
163 92
164 92
165 93
165 94
165 95
165 96
165 97
164 98
164 99
163 100
163 101
163 102
163 103
162 104
162 105
162 106
161 107
161 108
160 109
160 110
159 111
159 112
158 113
158 114
158 115
158 116
157 117
157 118
157 119
156 120
156 121
156 122
156 123
155 124
155 125
155 126
155 127
155 128
154 129
154 130
154 131
154 132
154 133
153 134
153 135
153 136
152 137
152 138
151 139
151 140
151 141
151 142
151 143
150 144
150 145
150 146
150 147
150 148
150 149
150 150
150 151
150 152
150 153
149 154
149 155
149 156
149 157
149 158
149 159
149 160
149 161
149 162
149 163
149 164
149 165
149 166
149 167
149 168
150 169
151 169
152 169
153 168
154 168
155 168
156 167
157 167
158 166
159 166
160 165
161 165
162 164
163 164
164 163
165 163
166 162
167 161
168 161
169 161
170 161
171 162
171 163
172 164
172 165
172 166
172 167
172 168
172 169
172 170
171 171
170 172
169 173
169 174
168 175
168 176
167 177
167 178
167 179
167 180
166 181
166 182
166 183
166 184
166 185
166 186
166 187
166 188
166 189
166 190
166 191
166 192
166 193
166 194
166 195
166 196
166 197
166 198
166 199
166 200
166 201
166 202
166 203
166 204
166 205
166 206
166 207
166 208
166 209
166 210
166 211
167 212
167 213
167 214
167 215
168 216
168 217
168 218
169 219
169 220
170 221
170 222
170 223
170 224
170 225
170 226
169 227
168 227
167 227
166 227
165 227
164 227
163 226
162 225
162 224
161 224
160 223
159 223
158 223
157 223
156 222
155 222
154 222
153 222
152 222
151 222
150 222
149 222
148 222
147 222
146 222
145 223
144 223
143 224
142 225
141 226
140 227
140 228
139 229
139 230
138 231
138 232
138 233
139 234
140 234
141 233
142 233
143 233
144 233
145 233
146 232
147 232
148 232
149 232
150 232
151 231
152 231
153 231
154 231
155 230
156 230
157 230
158 230
159 230
160 230
161 230
162 230
163 230
164 230
165 230
166 230
167 231
168 231
169 231
170 231
171 231
172 231
173 231
174 232
175 232
176 232
177 232
178 231
179 230
179 229
179 228
179 227
178 226
178 225
178 224
177 223
177 222
177 221
176 220
176 219
175 218
175 217
175 216
175 215
175 214
175 213
175 212
176 211
176 210
176 209
177 208
177 207
178 206
179 206
180 206
181 206
182 206
183 206
184 206
185 206
186 206
187 206
188 206
189 206
190 206
191 206
192 206
193 206
194 206
195 206
196 206
197 206
198 206
199 206
200 206
201 207
201 208
201 209
201 210
201 211
201 212
201 213
201 214
201 215
201 216
201 217
201 218
201 219
201 220
200 221
200 222
199 223
199 224
198 225
198 226
198 227
197 228
197 229
198 230
199 231
200 231
201 231
202 231
203 231
204 232
205 232
206 232
207 232
208 232
209 232
210 232
211 232
212 232
213 232
214 232
215 232
216 232
217 232
218 232
219 232
220 232
221 232
222 232
223 232
224 232
225 232
226 232
227 232
228 232
229 232
230 232
231 232
232 232
233 232
234 232
235 233
236 233
237 233
238 233
239 233
240 233
241 233
242 233
243 233
244 233
245 232
245 231
245 230
244 229
244 228
244 227
243 226
243 225
242 224
242 223
241 223
240 222
239 222
238 222
237 222
236 222
235 222
234 222
233 222
232 222
231 222
230 223
229 223
228 223
227 223
226 224
225 224
224 224
223 225
222 225
221 225
220 225
219 225
218 226
217 226
216 226
215 226
214 226
213 226
212 226
211 226
210 226
209 226
208 226
207 227
206 227
205 226
205 225
205 224
205 223
205 222
206 221
207 221
208 220
209 219
209 218
210 217
210 216
210 215
210 214
210 213
210 212
210 211
211 210
211 209
211 208
211 207
211 206
212 205
212 204
212 203
212 202
213 201
214 201
215 200
216 200
217 200
218 199
219 199
220 199
221 199
222 199
223 199
224 199
225 199
226 199
227 199
228 199
229 199
230 199
231 199
232 199
233 199
234 199
235 199
236 199
237 199
238 199
239 199
240 199
241 199
242 199
243 199
244 199
245 199
246 199
247 198
248 198
249 197
250 196
251 195
251 194
252 193
252 192
252 191
253 190
254 189
254 188
255 187
255 186
256 185
257 184
258 183
258 182
259 181
259 180
259 179
260 178
260 177
260 176
261 175
261 174
261 173
262 172
262 171
262 170
262 169
263 168
263 167
263 166
263 165
263 164
263 163
263 162
263 161
264 160
264 159
264 158
264 157
264 156
264 155
264 154
264 153
265 152
265 151
266 150
266 149
267 148
267 147
268 146
269 145
270 145
271 144
272 144
273 143
274 143
273 142
272 141
271 141
270 142
269 142
268 143
267 144
266 145
266 146
265 147
264 148
264 149
263 150
262 151
262 152
261 153
261 154
260 155
260 156
259 157
259 158
259 159
258 160
258 161
258 162
257 163
257 164
257 165
256 166
256 167
256 168
255 169
255 170
255 171
254 172
254 173
254 174
253 175
253 176
253 177
252 178
252 179
251 180
250 181
250 182
249 183
249 184
248 185
247 186
246 187
245 188
244 189
243 190
242 190
241 190
240 191
239 191
238 192
237 192
236 192
235 192
234 192
233 192
232 192
231 192
230 193
229 193
228 193
227 193
226 193
225 193
224 193
223 193
222 192
221 192
220 192
219 192
218 192
217 191
217 190
216 189
216 188
216 187
215 186
215 185
214 184
214 183
214 182
214 181
214 180
214 179
214 178
213 177
213 176
213 175
213 174
213 173
213 172
213 171
212 170
212 169
211 168
211 167
210 166
210 165
210 164
209 163
209 162
208 161
208 160
208 159
207 158
207 157
207 156
206 155
206 154
205 153
205 152
204 151
204 150
204 149
204 148
204 147
204 146
204 145
205 144
206 144
207 144
208 144
209 144
210 144
211 144
212 144
213 144
214 145
215 146
216 147
217 148
217 149
218 150
218 151
219 152
220 153
221 154
222 155
223 156
224 157
224 158
225 159
226 160
227 161
228 162
228 163
229 164
230 165
231 166
231 167
232 168
232 169
233 170
234 169
235 168
235 167
235 166
235 165
235 164
235 163
235 162
236 161
237 161
238 161
239 161
240 162
241 163
242 163
243 164
244 164
245 164
246 164
247 165
248 164
249 163
249 162
249 161
249 160
249 159
249 158
249 157
249 156
249 155
248 154
248 153
247 153
246 152
245 152
244 152
243 152
242 152
241 152
240 152
239 152
238 152
237 152
236 152
235 152
234 152
233 151
232 151
231 150
230 149
229 148
228 147
227 146
226 145
225 144
224 143
223 142
223 141
222 140
221 139
220 138
219 138
218 137
217 137
216 136
215 136
214 135
213 135
212 135
211 134
210 134
209 134
208 133
207 132
207 131
208 130
208 129
209 128
209 127
209 126
210 125
211 124
211 123
212 122
213 121
214 120
215 119
215 118
216 117
217 116
217 115
218 114
218 113
219 112
219 111
219 110
219 109
219 108
220 107
220 106
220 105
219 104
219 103
220 102
221 102
222 102
223 102
224 102
225 102
226 102
227 102
228 102
229 103
230 103
231 103
232 103
233 103
234 103
235 103
236 103
237 103
238 103
239 103
240 103
241 103
242 102
243 102
244 101
245 101
246 100
247 99
248 98
249 97
250 96
251 95
251 94
252 93
252 92
253 91
253 90
254 89
254 88
254 87
254 86
255 85
255 84
255 83
256 82
256 81
256 80
256 79
256 78
256 77
256 76
256 75
256 74
256 73
256 72
256 71
256 70
256 69
256 68
256 67
256 66
256 65
256 64
256 63
255 62
255 61
255 60
255 59
254 58
254 57
253 56
253 55
252 54
252 53
251 52
250 51
250 50
249 49
248 48
247 47
246 47
245 46
244 46
243 46
242 45
241 45
240 45
239 45
238 45
237 45
236 45
235 46
234 46
233 47
232 47
231 47
230 48
229 48
228 49
227 49
226 50
225 51
224 52
223 52
222 53
221 54
220 55
219 55
218 56
217 57
216 57
215 58
214 59
213 60
212 60
212 61
211 62
211 63
210 64
209 65
208 66
208 67
207 68
207 69
206 70
206 71
205 72
205 73
205 74
204 75
203 75
202 75
201 74
201 73
201 72
201 71
201 70
201 69
201 68
201 67
201 66
201 65
201 64
201 63
201 62
201 61
201 60
201 59
201 58
201 57
201 56
201 55
200 54
200 53
199 52
199 51
198 50
198 49
197 48
196 47
195 46
194 45
193 44
192 43
191 42
190 42
189 41
188 40
187 39
186 39
185 38
184 38
183 37
182 37
181 37
180 37
179 37
178 37
177 37
176 37
175 37
174 37
