176 37
175 38
174 38
173 39
172 39
171 40
171 41
170 42
169 43
169 44
168 45
168 46
167 47
167 48
167 49
166 50
166 51
166 52
166 53
165 54
165 55
165 56
165 57
165 58
164 59
164 60
164 61
164 62
164 63
164 64
163 65
163 66
163 67
163 68
163 69
163 70
163 71
163 72
163 73
163 74
163 75
163 76
163 77
163 78
164 79
164 80
165 81
166 82
167 83
168 84
168 85
169 86
170 86
171 87
172 88
172 89
172 90
171 91
171 92
170 93
169 94
169 95
168 96
168 97
167 98
167 99
166 100
165 101
165 102
164 103
164 104
164 105
163 106
163 107
162 108
162 109
162 110
161 111
161 112
161 113
161 114
161 115
160 116
160 117
159 118
159 119
158 120
158 121
157 122
157 123
157 124
156 125
156 126
156 127
156 128
155 129
155 130
154 131
153 132
153 133
152 134
152 135
152 136
151 137
150 138
150 139
149 140
149 141
148 142
148 143
147 144
147 145
147 146
146 147
145 148
144 149
144 150
143 151
143 152
142 153
141 154
140 155
140 156
139 157
139 158
140 159
140 160
141 160
142 159
143 159
144 158
145 158
146 157
147 157
148 157
149 156
150 156
151 156
152 155
153 155
154 154
155 154
156 153
157 153
158 153
159 153
160 152
161 152
162 152
163 152
164 152
165 152
166 152
167 152
168 152
169 152
170 151
171 151
172 151
173 151
174 151
175 151
176 151
177 151
178 151
179 151
180 151
181 150
182 150
183 151
182 152
182 153
181 154
181 155
180 156
180 157
179 158
179 159
178 160
178 161
177 162
177 163
176 164
176 165
175 166
175 167
174 168
173 169
173 170
172 171
172 172
171 173
171 174
171 175
170 176
170 177
169 178
169 179
168 180
168 181
167 182
167 183
167 184
166 185
166 186
165 187
165 188
164 189
164 190
164 191
164 192
164 193
164 194
164 195
164 196
164 197
164 198
164 199
164 200
164 201
164 202
164 203
163 204
163 205
163 206
163 207
163 208
163 209
163 210
163 211
164 212
164 213
165 214
165 215
166 216
167 217
168 217
169 218
170 219
170 220
170 221
170 222
170 223
169 224
168 224
167 224
166 224
165 224
164 224
163 224
162 224
161 224
160 224
159 224
158 224
157 224
156 224
155 224
154 224
153 224
152 224
151 224
150 224
149 224
148 224
147 224
146 224
145 224
144 224
143 224
142 224
141 224
140 224
139 224
138 225
137 225
137 226
136 227
136 228
135 229
135 230
135 231
134 232
134 233
133 234
134 235
135 235
136 235
137 234
138 234
139 233
140 233
141 233
142 233
143 233
144 233
145 233
146 233
147 233
148 233
149 233
150 233
151 233
152 233
153 233
154 233
155 233
156 234
157 234
158 234
159 234
160 234
161 235
162 235
163 235
164 235
165 235
166 235
167 235
168 236
169 236
170 236
171 236
172 236
173 236
174 236
175 235
176 235
176 234
177 233
177 232
177 231
177 230
177 229
177 228
177 227
177 226
177 225
177 224
177 223
177 222
177 221
177 220
177 219
177 218
177 217
177 216
177 215
177 214
177 213
177 212
178 211
179 210
180 210
181 210
182 210
183 210
184 210
185 210
186 210
187 210
188 210
189 210
190 210
191 210
192 210
193 210
194 210
195 210
196 209
197 210
197 211
197 212
197 213
197 214
197 215
197 216
197 217
197 218
197 219
197 220
197 221
197 222
196 223
196 224
195 225
195 226
195 227
195 228
195 229
195 230
196 231
197 231
198 232
199 232
200 232
201 232
202 232
203 232
204 232
205 232
206 232
207 232
208 232
209 232
210 232
211 232
212 232
213 232
214 232
215 232
216 232
217 232
218 232
219 232
220 232
221 232
222 231
223 231
224 231
225 231
226 231
227 231
228 231
229 231
230 231
231 231
232 231
233 231
234 231
235 231
236 232
237 232
238 232
239 233
240 233
241 233
242 233
243 233
243 232
243 231
243 230
242 229
242 228
242 227
241 226
240 225
239 225
238 225
237 224
236 224
235 224
234 224
233 224
232 223
231 223
230 223
229 223
228 223
227 223
226 223
225 223
224 223
223 223
222 223
221 224
220 224
219 224
218 224
217 224
216 224
215 225
214 225
213 225
212 225
211 225
210 225
209 225
208 226
207 226
206 226
205 225
205 224
205 223
205 222
205 221
205 220
206 219
207 218
208 217
209 217
210 216
211 215
212 214
212 213
213 212
214 211
214 210
215 209
215 208
216 207
217 206
218 206
219 206
220 206
221 206
222 206
223 206
224 206
225 206
226 206
227 206
228 206
229 206
230 206
231 206
232 206
233 206
234 206
235 206
236 205
237 205
238 205
239 205
240 205
241 204
242 204
243 204
244 203
245 203
246 202
247 202
248 202
249 202
250 201
251 201
252 201
253 200
254 200
255 199
256 198
257 198
258 197
259 197
260 196
261 195
262 194
263 193
264 192
264 191
265 190
265 189
265 188
265 187
265 186
265 185
265 184
265 183
265 182
265 181
265 180
265 179
265 178
265 177
265 176
265 175
265 174
265 173
265 172
265 171
265 170
265 169
265 168
265 167
265 166
265 165
265 164
265 163
266 162
266 161
266 160
266 159
266 158
267 157
267 156
267 155
268 154
268 153
269 152
270 151
271 150
272 150
273 149
274 148
275 147
276 147
277 146
278 145
277 144
276 143
275 143
274 143
273 143
272 144
271 144
270 145
269 145
268 146
267 146
266 147
265 148
264 149
263 150
262 150
262 151
261 152
260 153
260 154
259 155
259 156
259 157
259 158
259 159
258 160
258 161
258 162
258 163
258 164
258 165
258 166
258 167
257 168
257 169
257 170
257 171
256 172
256 173
256 174
256 175
255 176
255 177
255 178
254 179
254 180
254 181
254 182
253 183
253 184
253 185
252 186
252 187
251 188
251 189
251 190
250 191
249 192
248 193
247 193
246 194
245 195
244 195
243 196
242 196
241 197
240 197
239 198
238 198
237 198
236 198
235 198
234 198
233 198
232 198
231 198
230 198
229 198
228 198
227 198
226 198
225 198
224 198
223 198
222 198
221 198
220 198
219 198
218 198
217 198
216 198
215 197
214 196
214 195
214 194
214 193
214 192
213 191
213 190
213 189
213 188
212 187
212 186
212 185
212 184
211 183
211 182
211 181
210 180
210 179
210 178
210 177
210 176
209 175
209 174
208 173
208 172
208 171
208 170
207 169
207 168
207 167
207 166
207 165
207 164
207 163
207 162
207 161
207 160
206 159
206 158
206 157
206 156
206 155
206 154
206 153
206 152
206 151
206 150
206 149
207 148
208 148
209 148
210 148
211 148
212 148
213 148
214 149
215 150
216 151
217 152
218 153
219 154
220 155
221 156
222 157
223 158
223 159
224 160
225 161
225 162
225 163
226 164
226 165
227 166
227 167
228 168
229 169
230 170
230 171
231 172
232 173
233 174
234 173
235 172
235 171
235 170
235 169
235 168
235 167
235 166
235 165
235 164
236 163
237 164
238 164
239 165
240 166
241 167
242 167
243 168
244 168
245 169
246 169
247 170
248 169
249 168
249 167
249 166
249 165
249 164
248 163
248 162
247 161
246 160
245 159
244 159
243 158
242 158
241 158
240 157
239 157
238 156
237 156
236 156
235 155
234 155
233 155
232 155
231 154
230 153
229 152
229 151
228 150
227 149
226 148
225 147
224 147
223 146
222 145
221 144
220 143
219 143
218 142
217 142
216 141
215 141
214 141
213 140
212 140
211 140
210 140
209 140
208 140
207 140
206 139
205 138
205 137
205 136
205 135
205 134
205 133
205 132
205 131
206 130
207 130
208 130
209 129
210 129
211 128
212 128
213 128
214 128
215 127
216 127
217 126
218 126
219 125
220 125
221 124
222 123
222 122
223 121
223 120
224 119
224 118
224 117
224 116
224 115
225 114
226 114
227 114
228 114
229 114
230 114
231 114
232 114
233 114
234 114
235 114
236 114
237 114
238 114
239 114
240 114
241 113
242 113
243 113
244 113
245 113
246 113
247 112
248 112
249 112
250 111
251 111
252 111
253 111
254 110
255 110
256 109
257 108
258 107
259 106
259 105
260 104
261 103
262 102
262 101
263 100
263 99
263 98
264 97
264 96
264 95
264 94
264 93
264 92
264 91
264 90
264 89
264 88
264 87
264 86
264 85
264 84
263 83
263 82
263 81
262 80
262 79
262 78
262 77
261 76
261 75
261 74
260 73
260 72
259 71
259 70
258 69
258 68
257 67
256 66
255 65
254 64
253 63
252 63
251 62
250 62
249 61
248 61
247 61
246 60
245 60
244 60
243 59
242 59
241 59
240 59
239 59
238 59
237 59
236 59
235 59
234 59
233 59
232 60
231 60
230 61
229 61
228 62
227 62
226 63
225 64
224 65
223 66
223 67
222 68
222 69
221 70
221 71
220 72
220 73
219 74
218 75
218 76
217 77
217 78
216 79
215 79
214 79
213 79
212 79
211 79
210 79
209 78
208 78
207 77
207 76
207 75
207 74
207 73
207 72
207 71
208 70
208 69
208 68
208 67
208 66
209 65
209 64
209 63
209 62
210 61
210 60
210 59
210 58
210 57
210 56
210 55
210 54
209 53
209 52
208 51
207 50
206 49
205 48
204 47
203 46
202 45
201 44
200 43
199 42
198 42
197 41
196 40
195 40
194 39
193 39
192 39
191 38
190 38
189 37
188 37
187 37
186 37
185 37
184 37
183 37
182 37
181 37
180 37
179 37
178 37
177 37
