180 42
179 43
178 43
177 43
176 43
175 44
174 44
173 45
172 45
171 46
170 46
170 47
169 48
168 49
168 50
167 51
166 52
165 53
165 54
164 55
164 56
163 57
163 58
163 59
163 60
162 61
162 62
162 63
162 64
162 65
162 66
162 67
162 68
162 69
162 70
162 71
162 72
162 73
162 74
162 75
162 76
162 77
162 78
162 79
162 80
162 81
163 82
163 83
163 84
163 85
163 86
164 87
164 88
165 89
165 90
166 91
167 92
168 93
169 93
170 94
171 95
170 96
169 97
168 98
168 99
167 100
167 101
166 102
165 103
165 104
164 105
164 106
163 107
162 108
162 109
161 110
161 111
160 112
159 113
159 114
158 115
157 116
157 117
156 118
156 119
156 120
155 121
154 122
153 123
153 124
152 125
152 126
152 127
152 128
151 129
150 130
150 131
149 132
149 133
148 134
148 135
148 136
147 137
147 138
147 139
146 140
145 141
145 142
144 143
144 144
144 145
143 146
142 147
142 148
141 149
141 150
141 151
140 152
140 153
139 154
140 155
141 156
142 156
143 156
144 156
145 156
146 156
147 156
148 156
149 156
150 156
151 156
152 155
153 155
154 155
155 154
156 154
157 153
158 153
159 152
160 152
161 152
162 151
163 151
164 150
165 150
166 149
167 149
168 149
169 148
170 148
171 148
172 148
173 147
174 147
175 147
176 147
177 147
178 148
178 149
178 150
177 151
177 152
176 153
176 154
175 155
175 156
174 157
173 158
173 159
172 160
172 161
171 162
171 163
171 164
170 165
170 166
170 167
169 168
169 169
168 170
168 171
168 172
167 173
167 174
166 175
166 176
165 177
165 178
165 179
165 180
165 181
165 182
165 183
165 184
164 185
164 186
164 187
164 188
164 189
164 190
164 191
164 192
164 193
164 194
164 195
164 196
164 197
164 198
164 199
164 200
163 201
163 202
163 203
163 204
163 205
163 206
163 207
164 208
164 209
165 210
165 211
166 212
166 213
167 214
167 215
168 215
169 216
170 217
170 218
171 219
172 220
172 221
172 222
172 223
172 224
172 225
172 226
171 227
170 227
169 227
168 227
167 227
166 227
165 227
164 227
163 227
162 226
161 226
160 226
159 226
158 225
157 225
156 225
155 224
154 224
153 224
152 224
151 224
150 224
149 224
148 224
147 224
146 224
145 224
144 224
143 224
142 224
141 224
140 224
139 224
138 224
137 224
136 224
135 224
134 224
133 224
132 224
131 225
130 225
129 226
129 227
128 228
129 229
130 230
131 231
132 231
133 232
134 232
135 232
136 232
137 232
138 232
139 232
140 232
141 232
142 232
143 232
144 232
145 232
146 232
147 232
148 232
149 232
150 232
151 232
152 232
153 232
154 232
155 232
156 232
157 232
158 232
159 232
160 232
161 232
162 232
163 232
164 232
165 232
166 232
167 232
168 232
169 232
170 232
171 232
172 232
173 232
174 232
175 231
176 230
176 229
177 228
177 227
178 226
178 225
178 224
178 223
178 222
178 221
178 220
178 219
178 218
178 217
178 216
178 215
178 214
178 213
178 212
178 211
178 210
178 209
178 208
179 207
180 206
181 206
182 206
183 206
184 206
185 206
186 206
187 206
188 206
189 205
190 205
191 205
192 205
193 205
194 205
195 205
196 206
197 206
198 207
198 208
198 209
198 210
198 211
198 212
198 213
198 214
198 215
198 216
198 217
198 218
198 219
198 220
198 221
198 222
198 223
198 224
198 225
197 226
197 227
196 228
196 229
196 230
195 231
196 232
197 233
198 233
199 233
200 233
201 233
202 233
203 233
204 233
205 233
206 233
207 233
208 233
209 233
210 233
211 233
212 233
213 233
214 233
215 233
216 233
217 233
218 233
219 233
220 233
221 233
222 233
223 233
224 233
225 233
226 233
227 233
228 233
229 234
230 234
231 234
232 234
233 234
234 234
235 235
236 235
237 235
238 235
239 235
240 235
241 235
242 235
243 234
244 234
244 233
245 232
245 231
245 230
245 229
244 228
244 227
243 226
243 225
243 224
242 223
241 222
240 222
239 222
238 222
237 222
236 222
235 222
234 222
233 222
232 222
231 223
230 223
229 223
228 223
227 223
226 224
225 224
224 224
223 224
222 224
221 224
220 224
219 224
218 225
217 225
216 225
215 225
214 225
213 226
212 226
211 226
210 226
209 226
208 227
207 226
207 225
207 224
207 223
207 222
207 221
207 220
207 219
207 218
207 217
207 216
208 215
209 214
209 213
210 212
210 211
211 210
211 209
212 208
213 207
214 207
215 206
215 205
216 204
217 204
218 204
219 204
220 204
221 204
222 204
223 204
224 204
225 204
226 204
227 204
228 204
229 204
230 204
231 204
232 204
233 204
234 204
235 204
236 204
237 204
238 204
239 204
240 204
241 203
242 203
243 203
244 203
245 203
246 203
247 202
248 202
249 201
250 201
251 200
252 200
253 199
254 198
255 198
256 197
257 196
257 195
258 194
259 193
259 192
260 191
260 190
260 189
261 188
261 187
262 186
262 185
262 184
262 183
263 182
263 181
263 180
263 179
264 178
264 177
264 176
264 175
264 174
264 173
264 172
265 171
265 170
265 169
265 168
265 167
266 166
266 165
266 164
266 163
266 162
266 161
266 160
266 159
266 158
267 157
267 156
267 155
267 154
267 153
268 152
269 151
270 150
271 149
272 148
273 147
274 147
275 146
276 145
277 144
278 143
279 142
279 141
278 140
277 140
276 140
275 140
274 141
273 141
272 142
271 142
270 143
269 144
269 145
268 146
267 147
266 148
265 149
265 150
264 151
263 152
262 153
262 154
261 155
261 156
260 157
260 158
259 159
258 160
258 161
257 162
257 163
257 164
256 165
256 166
255 167
255 168
254 169
254 170
254 171
253 172
253 173
252 174
252 175
252 176
251 177
251 178
251 179
251 180
250 181
250 182
250 183
249 184
249 185
249 186
248 187
248 188
248 189
247 190
246 191
245 191
244 192
243 192
242 193
241 194
240 194
239 195
238 195
237 196
236 196
235 196
234 196
233 196
232 196
231 196
230 196
229 196
228 196
227 196
226 196
225 196
224 196
223 196
222 196
221 196
220 196
219 196
218 196
217 196
216 196
215 196
214 196
213 195
213 194
212 193
212 192
212 191
212 190
212 189
211 188
211 187
211 186
211 185
210 184
210 183
210 182
210 181
210 180
210 179
210 178
210 177
209 176
209 175
209 174
209 173
209 172
209 171
208 170
208 169
208 168
208 167
208 166
207 165
207 164
207 163
207 162
206 161
206 160
206 159
205 158
205 157
205 156
205 155
205 154
205 153
204 152
204 151
204 150
204 149
204 148
203 147
203 146
203 145
203 144
204 143
205 143
206 143
207 143
208 143
209 143
210 144
211 145
212 146
212 147
213 148
213 149
214 150
215 151
215 152
216 153
217 154
218 155
219 156
220 157
220 158
221 159
222 160
223 161
224 162
225 163
226 164
226 165
227 166
228 167
229 168
230 169
231 169
232 170
233 170
234 169
235 168
235 167
235 166
235 165
235 164
235 163
235 162
236 161
237 161
238 161
239 161
240 161
241 161
242 161
243 161
244 162
245 162
246 162
247 161
248 161
248 160
249 159
249 158
248 157
248 156
247 156
246 155
245 155
244 155
243 155
242 155
241 155
240 155
239 155
238 155
237 155
236 155
235 155
234 155
233 155
232 155
231 155
230 155
229 155
228 154
228 153
228 152
227 151
227 150
227 149
226 148
226 147
225 146
224 145
223 144
223 143
222 143
221 142
220 141
219 140
219 139
218 139
217 138
216 138
215 138
214 138
213 137
212 137
211 137
210 137
209 137
208 137
207 137
206 136
205 136
204 135
204 134
204 133
204 132
204 131
205 130
206 130
207 129
208 128
209 128
210 127
211 127
212 126
213 126
214 125
215 125
216 124
217 124
218 123
219 122
220 121
221 120
221 119
222 118
222 117
223 116
223 115
223 114
224 113
224 112
225 111
226 111
227 111
228 111
229 111
230 111
231 112
232 112
233 113
234 113
235 113
236 113
237 113
238 113
239 113
240 113
241 113
242 113
243 113
244 113
245 113
246 113
247 113
248 113
249 113
250 112
251 112
252 111
253 111
254 110
255 109
256 109
257 108
258 107
259 106
260 105
260 104
261 103
261 102
262 101
262 100
263 99
263 98
263 97
264 96
264 95
264 94
265 93
265 92
266 91
266 90
267 89
267 88
267 87
267 86
267 85
267 84
267 83
267 82
267 81
267 80
267 79
267 78
267 77
267 76
266 75
266 74
266 73
266 72
265 71
265 70
264 69
264 68
263 67
263 66
262 65
262 64
262 63
261 62
260 61
259 61
258 61
257 61
256 61
255 61
254 61
253 61
252 60
251 60
250 60
249 60
248 60
247 60
246 60
245 60
244 60
243 60
242 60
241 60
240 60
239 60
238 60
237 61
236 61
235 61
234 62
233 62
232 63
231 63
230 64
229 64
228 65
227 66
226 66
225 67
224 68
223 69
222 70
221 71
220 72
219 73
218 74
217 75
216 76
215 77
214 77
213 78
212 79
212 80
211 81
210 81
209 80
209 79
209 78
209 77
209 76
209 75
209 74
209 73
209 72
209 71
209 70
209 69
209 68
209 67
209 66
209 65
209 64
209 63
209 62
208 61
208 60
207 59
207 58
206 57
205 56
204 55
203 54
202 53
201 52
200 51
200 50
199 49
199 48
198 47
198 46
197 46
196 45
195 45
194 45
193 45
192 44
191 44
190 44
189 44
188 43
187 43
186 42
185 42
184 42
183 42
182 42
181 42
