216 1
216 2
215 3
215 4
214 5
214 6
213 7
213 8
213 9
212 10
212 11
212 12
212 13
211 14
210 14
210 15
209 16
209 17
208 18
208 19
208 20
207 21
206 21
206 22
205 23
204 24
203 25
202 25
201 26
200 27
199 27
198 28
197 29
196 29
195 29
195 30
194 31
193 31
192 31
192 32
191 33
190 33
189 34
188 34
187 35
186 35
185 36
184 36
183 37
182 38
181 39
180 39
179 39
178 40
177 40
177 41
176 42
175 42
174 42
174 43
173 44
172 44
172 45
172 46
171 47
170 47
170 48
169 49
168 49
168 50
167 51
166 52
165 52
165 53
164 54
164 55
163 56
162 56
161 57
160 58
160 59
159 60
158 61
158 62
157 63
156 63
156 64
155 65
155 66
154 67
154 68
153 69
152 69
152 70
151 71
151 72
150 73
149 73
149 74
149 75
148 76
148 77
147 78
146 79
145 80
145 81
144 82
143 83
142 83
142 84
141 85
140 85
139 86
139 87
138 88
138 89
137 90
136 90
136 91
135 92
134 93
133 94
132 95
131 96
130 97
129 98
129 99
128 100
127 100
127 101
126 102
125 103
124 104
123 105
122 106
122 107
121 108
120 108
119 109
119 110
118 111
117 111
116 112
115 113
114 114
113 115
112 116
111 116
110 117
109 118
108 119
107 119
106 120
105 121
104 121
103 122
102 122
101 123
100 124
99 124
98 125
97 125
96 126
95 127
94 127
93 128
92 128
91 129
90 129
89 130
88 130
87 131
86 132
85 132
84 133
83 133
82 134
81 135
80 136
79 136
78 137
77 137
76 138
75 139
74 139
73 140
72 141
71 141
70 142
69 143
68 143
67 144
66 145
65 145
64 146
63 147
62 147
61 148
60 148
59 149
58 150
57 150
56 151
55 151
54 152
53 153
52 153
51 154
50 155
49 155
48 156
47 157
46 157
45 158
44 158
43 159
42 159
41 160
40 161
39 161
38 161
37 162
36 162
35 163
34 163
33 164
32 165
31 165
30 166
29 167
28 168
27 169
26 170
25 171
24 171
23 172
22 173
21 174
20 174
19 175
18 175
17 176
16 177
15 178
14 179
13 180
12 180
12 181
11 182
10 183
9 183
9 184
8 185
8 186
7 187
7 188
7 189
6 190
6 191
6 192
6 193
6 194
6 195
5 196
5 197
5 198
5 199
6 200
6 201
7 202
7 203
7 204
8 204
9 205
10 206
11 207
12 208
13 209
14 209
15 210
15 211
16 212
17 212
18 213
19 214
20 215
21 215
22 216
23 216
24 217
24 218
25 218
26 219
27 220
28 220
29 221
30 222
31 223
32 224
33 225
34 225
35 226
36 227
37 228
38 229
38 230
39 230
40 231
40 232
41 232
42 233
43 233
44 234
45 234
46 235
47 235
48 236
49 236
50 236
51 237
51 238
52 239
53 240
53 241
54 241
55 242
56 243
56 244
57 244
58 245
58 246
59 247
59 248
60 249
61 250
62 251
63 252
63 253
64 253
65 254
65 255
66 256
67 257
68 258
68 259
69 260
70 261
71 262
72 263
73 264
73 265
74 265
75 266
75 267
75 268
76 269
77 269
78 270
78 271
79 272
80 273
80 274
81 274
82 275
82 276
83 277
84 278
85 279
86 280
87 281
87 282
88 283
89 284
90 285
91 286
92 287
93 287
94 288
95 289
96 290
97 291
98 292
99 292
100 293
101 294
102 295
103 295
104 296
105 296
106 297
107 298
108 298
109 299
110 300
111 300
112 301
113 301
114 301
115 302
116 302
117 302
118 302
119 303
120 303
121 304
122 304
123 304
124 304
125 304
126 304
127 304
128 304
129 305
130 305
131 305
132 305
133 305
134 305
135 305
136 305
137 305
138 305
139 304
140 304
141 304
142 304
143 304
144 304
145 304
146 303
147 303
148 303
149 303
150 302
151 302
152 301
153 301
154 301
155 300
156 300
157 299
158 299
159 298
160 297
161 296
162 296
163 295
164 296
164 297
163 298
163 299
162 300
162 301
162 302
162 303
162 304
161 305
161 306
161 307
161 308
161 309
161 310
160 311
160 312
160 313
160 314
160 315
160 316
160 317
160 318
160 319
160 320
160 321
160 322
160 323
161 324
161 325
162 325
163 325
164 326
164 327
165 327
166 327
167 327
168 327
169 326
170 325
170 324
171 323
171 322
171 321
172 320
173 320
174 320
174 319
174 318
174 317
174 316
174 315
175 314
176 314
177 313
178 313
178 312
178 311
178 310
178 309
179 308
180 308
181 308
182 309
181 310
181 311
181 312
181 313
182 314
181 315
181 316
181 317
181 318
181 319
181 320
181 321
181 322
181 323
181 324
181 325
181 326
181 327
181 328
181 329
181 330
181 331
181 332
181 333
181 334
181 335
181 336
181 337
181 338
181 339
181 340
182 341
182 342
183 343
183 344
183 345
184 346
184 347
185 348
185 349
185 350
185 351
185 352
186 353
187 354
187 355
188 356
189 356
190 356
191 357
191 358
190 359
189 360
189 361
189 362
189 363
189 364
189 365
190 365
191 366
191 367
190 368
189 369
188 370
188 371
187 372
186 372
186 373
186 374
186 375
186 376
187 376
188 376
189 376
190 377
189 378
188 378
187 379
186 380
185 381
184 382
183 383
182 384
182 385
182 386
182 387
183 388
182 389
181 389
180 390
179 391
179 392
178 393
177 394
177 395
177 396
177 397
178 398
177 399
176 399
175 400
174 401
174 402
174 403
174 404
174 405
175 405
176 406
175 407
174 408
173 408
172 408
171 408
170 408
169 408
168 409
167 409
166 410
165 411
165 412
165 413
165 414
166 414
167 414
168 415
167 416
166 417
165 417
164 417
163 417
162 417
161 417
160 418
159 419
158 420
158 421
158 422
158 423
157 424
156 424
155 424
154 425
153 425
152 425
151 425
151 426
150 427
150 428
150 429
150 430
149 431
148 431
147 431
146 431
145 431
144 431
143 431
142 431
141 431
141 432
141 433
141 434
141 435
140 436
139 436
138 436
137 436
136 436
135 436
134 435
133 435
132 435
131 435
130 435
129 435
128 436
127 436
127 437
126 438
125 438
124 438
123 438
122 438
121 438
120 438
119 438
119 439
119 440
119 441
118 442
117 441
116 441
115 441
114 441
113 441
112 440
111 440
110 440
109 439
108 439
107 438
106 438
105 437
104 436
103 435
102 434
102 433
101 432
100 431
100 430
99 429
98 429
97 428
96 427
95 426
94 425
93 425
92 425
91 424
90 424
89 423
88 423
87 423
86 423
85 422
84 422
83 422
82 422
81 421
80 421
79 421
78 421
77 421
76 421
75 421
74 421
73 421
72 421
71 421
70 421
69 422
68 423
67 423
66 424
65 425
64 424
64 423
63 422
62 421
61 420
61 419
60 418
59 417
58 416
58 415
57 415
56 414
55 413
54 413
53 412
52 411
51 411
50 411
49 411
48 411
47 411
46 411
45 410
44 410
43 410
42 410
41 410
40 409
39 409
38 409
37 409
36 410
35 410
34 410
34 411
33 412
32 413
32 414
31 415
31 416
31 417
31 418
31 419
32 419
33 420
32 421
32 422
31 423
30 422
29 422
28 421
27 420
26 420
25 420
24 420
23 421
22 420
21 420
20 420
19 420
18 421
17 420
16 420
15 420
14 420
13 420
12 420
11 420
10 421
9 421
8 422
7 423
6 423
5 423
4 423
3 424
3 425
2 426
2 427
2 428
2 429
2 430
1 431
1 432
1 433
1 434
1 435
1 436
2 436
3 437
4 437
5 437
6 437
7 437
8 437
9 437
10 437
11 437
12 436
13 436
14 436
15 435
16 435
17 435
18 435
19 434
20 434
21 434
22 434
23 434
24 434
25 434
26 434
27 434
28 434
29 434
30 434
31 434
32 434
33 434
34 434
35 435
36 435
37 435
38 435
39 436
40 436
41 436
42 436
43 436
44 437
43 438
43 439
43 440
42 441
41 441
41 442
41 443
41 444
42 444
43 444
44 444
45 444
46 444
46 443
47 442
48 442
49 441
50 441
51 441
52 441
53 442
53 443
53 444
53 445
54 445
55 445
56 445
57 445
58 445
59 445
60 445
61 445
62 445
63 445
64 445
65 446
64 447
63 448
62 448
61 449
60 449
60 450
60 451
60 452
61 452
62 452
63 452
64 452
65 452
66 451
67 451
68 451
69 451
70 451
71 450
72 449
73 449
74 450
75 451
74 452
73 452
72 453
72 454
72 455
72 456
73 456
74 456
75 456
76 456
77 455
78 455
79 455
80 455
81 454
82 454
83 453
84 453
85 454
85 455
85 456
85 457
86 457
87 457
88 458
89 458
90 458
91 459
92 459
93 460
94 460
95 460
96 460
97 460
97 459
97 458
97 457
98 456
99 456
100 456
101 457
101 458
101 459
101 460
102 460
103 460
104 460
105 460
106 460
107 459
108 460
109 460
110 460
111 460
112 459
113 459
114 459
114 458
115 457
116 457
117 458
117 459
117 460
117 461
117 462
118 462
119 462
120 462
121 461
122 461
123 461
124 461
125 461
126 461
127 460
128 461
129 461
130 461
131 461
132 461
133 460
134 460
135 460
136 459
137 459
138 459
139 458
140 459
141 459
142 459
143 459
144 459
145 458
146 458
147 457
148 457
149 456
150 455
150 454
150 453
151 452
152 453
152 454
153 454
154 454
155 454
156 454
157 453
158 452
159 451
160 450
161 449
161 448
161 447
161 446
162 445
163 444
164 445
164 446
164 447
165 447
166 447
167 447
168 446
169 445
170 445
171 444
171 443
172 442
172 441
172 440
172 439
173 438
174 439
174 440
174 441
174 442
175 442
176 442
177 442
177 441
178 440
179 439
179 438
180 437
181 436
181 435
181 434
181 433
181 432
181 431
182 430
183 431
183 432
183 433
183 434
184 434
185 434
186 434
187 433
187 432
188 431
189 430
189 429
189 428
190 427
190 426
190 425
190 424
191 423
192 424
193 424
194 424
195 424
196 423
197 423
198 422
199 421
200 420
200 419
200 418
200 417
199 416
199 415
199 414
199 413
200 412
201 411
202 412
202 413
202 414
202 415
202 416
202 417
203 417
204 417
205 417
205 416
205 415
205 414
205 413
205 412
206 411
207 410
207 409
207 408
208 407
208 406
208 405
208 404
207 403
207 402
207 401
208 400
209 399
209 398
210 397
211 398
211 399
211 400
211 401
211 402
212 402
213 402
214 402
214 401
214 400
215 399
215 398
215 397
216 396
216 395
216 394
216 393
216 392
216 391
216 390
216 389
215 388
215 387
216 386
216 385
216 384
217 383
218 384
218 385
218 386
218 387
219 387
220 387
221 387
222 386
222 385
223 384
223 383
223 382
223 381
224 380
224 379
224 378
224 377
223 376
223 375
223 374
223 373
223 372
224 371
224 370
225 369
226 369
227 369
228 369
229 369
230 369
230 368
230 367
230 366
231 365
231 364
231 363
232 362
232 361
232 360
232 359
232 358
232 357
232 356
231 355
231 354
231 353
231 352
232 351
232 350
233 349
233 348
233 347
234 346
234 345
234 344
235 343
235 342
236 341
237 342
237 343
238 344
238 345
238 346
239 347
239 348
240 349
240 350
240 351
240 352
240 353
240 354
240 355
241 356
242 357
242 358
243 359
243 360
244 360
245 361
245 362
246 362
247 362
248 362
249 361
249 360
250 359
250 358
251 357
251 356
251 355
251 354
252 353
253 352
253 351
253 350
253 349
253 348
253 347
254 346
255 346
255 345
256 344
256 343
257 342
257 341
257 340
258 339
258 338
258 337
258 336
259 335
260 334
260 333
260 332
261 331
261 330
261 329
261 328
261 327
262 326
262 325
262 324
262 323
262 322
262 321
262 320
262 319
263 318
263 317
263 316
263 315
263 314
263 313
263 312
263 311
264 310
265 311
265 312
265 313
266 313
267 313
268 313
269 314
269 315
269 316
270 317
271 317
272 317
273 318
273 319
274 320
274 321
275 321
276 321
277 322
278 323
278 324
278 325
279 326
280 327
281 327
282 327
283 328
284 329
284 330
285 330
286 330
287 330
288 330
288 329
288 328
288 327
288 326
288 325
289 324
289 323
289 322
289 321
289 320
289 319
290 318
290 317
290 316
290 315
290 314
290 313
289 312
289 311
289 310
289 309
289 308
289 307
288 306
288 305
288 304
288 303
287 302
288 301
289 301
290 302
291 302
292 302
293 303
294 303
295 304
296 304
297 304
298 305
299 305
300 305
301 306
302 306
303 306
304 306
305 306
306 306
307 306
308 306
309 306
310 306
311 305
312 305
313 305
314 305
315 305
316 305
317 305
318 305
319 305
320 305
321 304
322 304
323 304
324 303
325 303
326 302
327 302
328 301
329 301
330 301
331 300
332 300
333 299
334 298
335 298
335 297
336 296
337 296
338 295
339 295
339 294
340 293
341 293
342 292
343 291
344 290
345 290
345 289
346 288
347 287
348 286
349 285
350 284
350 283
351 282
352 281
353 280
354 279
355 278
356 277
356 276
357 275
358 274
359 273
359 272
360 271
361 270
362 269
363 268
363 267
363 266
364 265
365 264
365 263
366 262
366 261
367 260
368 260
368 259
369 258
370 257
370 256
371 255
372 254
372 253
373 252
374 251
374 250
375 249
376 249
377 248
377 247
378 246
379 245
380 244
381 243
382 242
383 242
383 241
384 240
385 240
386 239
386 238
387 237
388 237
388 236
389 235
390 235
390 234
391 233
392 232
393 231
394 231
394 230
395 229
396 228
397 228
398 227
399 226
400 225
401 224
402 224
403 223
404 222
405 221
406 221
407 221
408 220
409 219
410 219
411 219
412 218
413 218
414 217
415 217
416 216
417 215
418 214
419 214
420 213
421 212
422 212
423 211
424 210
425 209
426 209
427 208
428 208
429 207
430 206
431 205
431 204
432 203
433 202
433 201
434 200
434 199
434 198
434 197
435 196
435 195
435 194
435 193
435 192
435 191
434 190
434 189
434 188
434 187
434 186
433 185
433 184
433 183
432 182
431 181
430 180
430 179
429 178
428 177
427 176
426 176
425 175
425 174
424 173
423 172
422 171
421 170
420 170
419 169
419 168
418 168
417 167
416 166
415 165
414 165
413 164
412 164
411 163
410 162
409 162
408 161
407 160
406 160
405 159
404 159
403 158
402 157
401 157
400 156
399 156
398 155
397 154
396 154
395 153
394 153
393 152
392 152
391 151
390 151
389 150
388 150
387 150
386 149
385 148
384 148
383 147
382 147
381 146
380 146
379 146
378 145
377 144
376 144
375 143
374 143
373 142
372 142
371 141
370 141
369 140
368 140
367 139
366 139
365 138
364 138
363 137
362 136
361 136
360 135
359 135
358 134
357 134
356 133
355 132
354 132
353 131
352 131
351 130
350 129
349 129
348 128
347 127
346 126
345 126
344 125
343 125
342 124
342 123
341 123
340 122
339 121
338 120
337 120
336 119
335 118
334 117
333 116
332 116
331 115
331 114
330 114
329 113
329 112
328 111
327 111
326 110
325 109
325 108
324 108
323 107
322 106
321 105
320 104
319 103
318 102
317 101
316 101
315 100
315 99
314 99
313 98
312 97
311 96
310 95
309 94
308 93
307 92
307 91
307 90
306 89
306 88
306 87
305 87
304 87
303 86
303 85
303 84
303 83
303 82
302 82
301 81
301 80
301 79
300 79
299 78
299 77
299 76
299 75
299 74
298 74
297 74
296 73
296 72
296 71
295 70
295 69
294 68
294 67
293 67
292 66
292 65
292 64
291 64
290 63
290 62
289 62
288 61
288 60
287 60
286 59
286 58
286 57
285 57
284 56
284 55
283 55
282 54
282 53
281 53
280 52
280 51
280 50
279 50
278 49
277 48
277 47
277 46
276 46
275 46
274 45
273 45
272 45
271 44
271 43
271 42
270 42
269 42
268 41
268 40
268 39
267 39
266 38
265 38
264 37
263 37
262 37
261 37
260 37
259 36
259 35
258 35
257 35
256 35
255 34
255 33
254 33
253 33
252 32
251 32
250 32
249 31
249 30
249 29
248 29
247 29
246 28
246 27
245 27
244 27
243 26
243 25
242 24
242 23
241 23
240 23
239 23
238 22
238 21
237 20
237 19
237 18
237 17
236 17
235 16
235 15
234 15
233 14
233 13
233 12
232 11
232 10
232 9
231 8
230 7
230 6
229 5
229 4
228 3
228 2
227 2
226 1
225 1
224 1
223 1
222 1
221 1
220 1
219 1
218 1
217 1
