216 1
215 2
214 2
213 2
213 3
212 4
211 5
210 6
209 6
209 7
208 8
207 8
207 9
206 10
205 10
204 11
204 12
203 13
202 13
201 14
200 14
199 15
198 16
197 17
196 18
195 19
194 20
194 21
193 22
192 23
191 24
190 25
189 26
188 27
188 28
187 29
186 30
185 31
184 32
183 33
182 34
182 35
181 36
180 37
179 38
179 39
178 40
177 41
176 42
175 43
174 44
173 45
172 46
171 47
170 48
170 49
169 50
168 51
167 52
166 53
165 54
164 55
163 56
162 57
161 58
160 59
160 60
159 61
158 62
157 63
156 64
155 65
154 66
153 67
152 67
151 68
150 69
149 70
148 71
147 72
146 73
145 74
144 75
143 76
142 76
141 77
140 78
139 79
138 80
137 81
136 82
135 83
134 83
133 84
132 85
131 85
130 86
129 87
128 88
127 89
126 90
125 91
124 91
123 92
122 92
121 93
120 93
119 94
118 95
117 96
116 96
115 97
114 98
113 99
112 99
111 100
110 100
109 101
108 101
107 102
106 103
105 103
104 104
103 105
102 106
101 107
100 108
99 109
98 109
97 110
96 110
95 111
94 111
93 112
92 112
92 113
91 114
90 114
89 115
88 115
87 116
86 116
85 117
84 118
83 118
82 119
81 120
80 120
79 121
78 122
77 122
76 123
75 123
74 124
73 124
72 125
71 126
70 126
69 126
68 127
67 127
66 128
65 128
64 128
63 129
62 130
61 130
60 130
59 131
58 132
57 132
56 132
55 133
54 134
53 134
52 135
51 135
50 136
49 137
48 137
47 138
46 139
45 139
44 140
43 141
42 141
41 142
40 143
39 144
38 144
37 145
36 146
35 146
34 147
33 148
32 148
31 149
30 150
29 151
28 152
27 153
26 153
25 154
24 155
24 156
23 157
22 157
21 158
20 159
19 160
19 161
18 162
17 163
16 163
16 164
15 165
14 166
14 167
13 168
12 169
11 170
11 171
10 172
9 173
8 174
8 175
7 176
6 177
5 178
5 179
4 180
3 181
2 182
2 183
1 184
1 185
1 186
1 187
1 188
1 189
2 190
2 191
2 192
2 193
3 194
4 195
5 196
5 197
6 198
7 199
7 200
8 201
9 202
9 203
10 204
11 205
12 206
12 207
13 208
13 209
14 210
14 211
15 212
16 213
17 214
17 215
18 216
19 217
19 218
20 219
21 220
21 221
22 222
23 223
24 224
24 225
25 226
25 227
26 228
27 229
28 230
29 231
30 232
30 233
31 234
32 235
33 236
33 237
34 237
35 238
35 239
36 240
37 241
38 242
39 243
40 244
41 245
42 245
43 246
44 247
45 248
46 249
47 250
48 251
49 252
50 253
51 254
52 254
53 255
54 256
54 257
55 257
56 258
57 259
58 260
59 261
60 262
61 263
62 264
63 265
64 266
65 267
66 268
67 269
68 270
69 271
70 272
71 273
72 273
73 274
73 275
74 275
75 276
76 277
77 278
78 279
79 280
80 281
81 282
82 282
83 283
83 284
84 284
85 285
86 286
86 287
87 287
88 288
89 289
89 290
90 290
91 291
92 292
93 292
94 293
95 294
96 295
97 295
98 296
99 297
100 298
101 299
102 299
103 300
104 301
105 301
106 302
107 302
108 303
109 304
110 304
111 305
112 306
113 307
114 307
115 308
116 309
117 309
118 309
119 310
120 311
121 311
122 311
123 312
124 312
125 313
126 313
127 313
128 314
129 314
130 315
131 316
131 317
132 317
133 317
134 317
135 316
136 316
137 316
138 316
139 316
140 315
141 315
142 314
143 314
144 314
145 314
146 314
147 314
147 313
148 312
149 311
150 310
151 310
151 309
152 308
153 307
154 306
155 306
156 305
157 304
158 303
159 302
160 301
161 300
161 299
162 298
163 297
164 296
164 295
165 294
165 293
166 292
167 293
167 294
167 295
167 296
167 297
167 298
166 299
166 300
166 301
166 302
165 303
165 304
165 305
164 306
164 307
164 308
163 309
163 310
162 311
161 312
160 313
160 314
159 315
158 316
157 317
156 318
156 319
155 320
154 321
153 322
153 323
152 324
151 324
151 325
150 326
149 327
148 328
147 329
147 330
146 331
145 332
145 333
145 334
144 335
143 336
143 337
143 338
143 339
144 340
145 341
145 342
146 343
146 344
147 344
148 345
149 345
150 345
151 345
152 345
153 345
154 345
155 345
156 344
157 344
158 344
159 344
160 344
161 343
162 342
163 342
164 341
165 340
165 339
166 338
167 337
167 336
167 335
168 334
169 333
169 332
170 331
170 330
171 329
172 330
172 331
172 332
172 333
172 334
172 335
172 336
172 337
173 338
173 339
173 340
173 341
173 342
173 343
173 344
173 345
173 346
173 347
173 348
173 349
173 350
174 351
174 352
174 353
174 354
175 355
175 356
175 357
176 358
176 359
176 360
177 361
177 362
177 363
178 364
179 365
179 366
180 367
180 368
181 368
182 369
183 369
184 369
185 369
186 369
187 369
188 368
188 367
188 366
189 365
189 364
189 363
190 362
190 361
190 360
191 359
191 358
192 357
192 356
193 355
194 356
194 357
194 358
194 359
193 360
193 361
192 362
192 363
191 364
191 365
191 366
191 367
191 368
191 369
190 370
190 371
190 372
190 373
190 374
190 375
190 376
191 377
191 378
191 379
192 380
193 380
194 381
195 381
196 381
197 381
198 380
199 380
200 380
200 379
201 378
201 377
201 376
202 375
202 374
202 373
202 372
203 371
203 370
203 369
204 368
204 367
204 366
204 365
203 364
203 363
203 362
203 361
202 360
202 359
202 358
202 357
202 356
202 355
202 354
202 353
202 352
202 351
202 350
203 349
203 348
204 347
205 348
205 349
206 350
206 351
206 352
206 353
207 354
207 355
207 356
207 357
206 358
206 359
206 360
206 361
206 362
206 363
206 364
206 365
206 366
206 367
206 368
206 369
205 370
205 371
205 372
205 373
205 374
205 375
205 376
205 377
205 378
204 379
203 380
203 381
203 382
203 383
203 384
203 385
203 386
203 387
202 388
201 389
201 390
201 391
200 392
200 393
200 394
199 395
198 396
198 397
198 398
197 399
197 400
197 401
197 402
197 403
197 404
196 405
196 406
195 407
194 408
193 408
193 409
192 410
191 411
190 412
189 413
188 414
187 415
186 415
185 416
184 417
184 418
183 419
183 420
182 421
181 422
180 423
179 424
178 425
177 425
176 426
175 426
174 426
173 426
172 426
171 427
170 428
169 428
168 429
167 430
167 431
166 432
165 433
164 433
163 433
162 434
161 434
160 435
159 435
158 436
157 436
156 436
155 437
154 437
153 437
152 438
151 438
150 438
149 438
148 439
147 439
146 439
145 440
144 440
143 440
142 440
141 441
140 441
139 441
138 440
137 440
136 440
135 440
134 439
133 439
132 438
131 438
130 437
129 437
128 437
127 436
126 436
125 436
124 436
123 437
122 437
122 438
122 439
122 440
121 441
120 440
119 440
118 440
117 439
116 439
115 439
114 439
113 439
112 439
111 438
110 438
109 438
108 438
108 439
108 440
108 441
108 442
107 443
106 443
105 443
104 443
103 443
102 443
101 443
100 442
99 442
98 442
97 442
96 442
95 442
94 443
93 443
92 443
91 443
90 442
90 441
89 441
88 441
87 441
86 440
85 439
84 438
83 437
82 437
81 436
80 435
79 435
78 434
77 434
76 433
75 433
74 433
73 433
72 433
71 433
70 432
69 432
68 431
67 431
66 431
65 430
64 430
63 430
62 430
61 430
60 430
60 431
60 432
60 433
60 434
59 435
58 435
57 434
57 433
56 432
55 431
54 430
54 429
54 428
53 427
52 426
52 425
51 424
50 423
50 422
49 421
48 421
47 421
46 420
45 420
44 420
43 419
42 418
41 418
40 417
39 416
38 415
37 414
36 413
36 412
35 411
34 410
34 409
33 408
33 407
32 406
32 405
32 404
32 403
32 402
32 401
32 400
32 399
32 398
32 397
32 396
33 395
33 394
34 393
34 392
35 391
35 390
36 389
36 388
37 387
37 386
38 385
38 384
39 383
40 382
41 382
42 381
42 380
43 379
44 378
45 377
46 376
47 376
48 375
49 375
50 375
51 374
52 373
53 373
54 372
55 372
56 371
57 371
58 370
59 370
60 369
61 369
62 368
62 367
63 366
64 365
65 364
66 363
67 363
67 362
67 361
67 360
67 359
67 358
67 357
67 356
66 355
65 355
64 355
63 355
62 355
61 355
60 356
59 357
58 358
57 358
56 359
55 359
55 360
54 361
53 361
52 361
51 361
50 361
49 361
48 361
47 361
46 362
45 362
44 362
43 362
42 362
41 363
40 363
39 363
38 363
37 363
36 364
35 364
34 365
33 365
32 366
31 366
30 367
29 368
28 368
27 369
26 370
25 371
25 372
24 373
23 374
22 375
22 376
21 377
21 378
20 379
20 380
19 381
19 382
18 383
18 384
17 385
17 386
16 387
16 388
15 389
15 390
15 391
15 392
14 393
14 394
14 395
14 396
14 397
14 398
14 399
14 400
14 401
14 402
14 403
14 404
14 405
14 406
14 407
14 408
14 409
15 410
15 411
15 412
15 413
16 414
16 415
17 416
17 417
18 418
18 419
19 420
20 421
20 422
21 423
22 424
22 425
23 426
24 427
25 428
26 429
27 430
28 431
29 432
30 433
31 433
32 434
33 434
34 434
35 435
36 436
37 436
38 437
39 437
40 437
41 437
42 438
43 439
44 440
45 440
46 441
47 441
48 442
49 443
50 443
51 444
52 444
53 445
54 445
55 446
56 446
57 447
58 447
59 448
60 448
61 448
62 449
63 449
64 449
65 449
66 450
67 451
68 451
69 452
70 452
71 452
72 453
73 453
74 453
75 454
76 454
77 454
78 455
79 455
80 455
81 455
82 454
83 455
84 455
85 455
86 455
87 455
88 456
89 456
90 456
91 457
92 457
93 457
94 458
95 458
96 458
97 458
98 459
99 459
100 459
101 459
102 459
103 459
104 459
105 459
106 459
107 459
108 459
109 460
108 461
108 462
108 463
109 463
110 463
111 463
112 463
113 463
114 463
115 463
116 463
117 463
118 463
119 463
120 463
121 463
122 463
123 463
124 463
125 463
126 462
127 462
128 462
129 461
130 461
131 461
132 461
133 461
134 461
135 461
136 460
137 460
138 460
139 460
140 460
141 460
142 460
143 460
144 460
145 459
146 459
147 460
147 461
148 461
149 461
150 461
151 460
152 460
153 460
154 459
155 459
156 459
157 458
158 458
159 457
160 457
161 456
162 456
163 455
164 455
165 454
166 454
167 454
168 453
169 452
170 452
171 452
172 452
173 451
174 451
175 450
176 450
177 449
178 449
179 449
180 448
181 448
182 447
183 447
184 446
185 446
186 445
187 445
188 444
189 444
190 443
190 442
191 441
192 440
193 440
194 439
195 439
196 439
197 439
198 438
199 437
200 437
201 436
201 435
202 434
203 433
204 432
205 431
205 430
206 429
207 428
208 427
209 427
210 427
210 426
211 425
212 424
212 423
213 422
214 421
214 420
215 419
216 418
216 417
217 416
217 415
218 414
218 413
219 412
220 411
221 410
221 409
222 408
223 407
223 406
224 405
224 404
225 403
225 402
226 401
226 400
226 399
226 398
227 397
227 396
227 395
228 394
229 394
229 393
229 392
229 391
230 390
230 389
230 388
230 387
230 386
230 385
231 384
231 383
232 382
232 381
232 380
232 379
231 378
231 377
232 376
232 375
233 374
233 373
233 372
233 371
233 370
233 369
233 368
233 367
234 366
234 365
234 364
234 363
234 362
235 361
235 360
235 359
236 358
236 357
236 356
236 355
236 354
236 353
237 352
237 351
237 350
238 349
239 350
239 351
239 352
239 353
239 354
239 355
239 356
239 357
239 358
239 359
239 360
239 361
239 362
239 363
239 364
239 365
238 366
238 367
238 368
238 369
238 370
238 371
238 372
238 373
238 374
238 375
238 376
239 377
239 378
240 379
241 379
242 379
243 379
244 379
245 379
246 379
247 379
248 379
249 378
250 377
250 376
250 375
250 374
250 373
250 372
250 371
250 370
250 369
250 368
250 367
249 366
249 365
249 364
249 363
249 362
250 361
251 362
251 363
251 364
252 365
252 366
252 367
252 368
253 368
254 368
255 368
256 368
257 368
258 367
259 366
260 366
261 365
261 364
262 363
262 362
263 361
263 360
263 359
264 358
264 357
265 356
265 355
265 354
265 353
266 352
266 351
266 350
267 349
267 348
267 347
268 346
268 345
268 344
269 343
269 342
269 341
269 340
270 339
270 338
270 337
270 336
271 335
271 334
271 333
272 332
272 331
272 330
273 329
274 330
274 331
275 332
275 333
275 334
276 335
276 336
277 337
277 338
277 339
277 340
277 341
278 341
279 342
280 343
281 344
282 345
283 345
284 346
285 346
286 346
287 347
288 347
289 347
290 347
291 347
292 347
293 347
294 347
295 346
296 346
297 346
297 345
297 344
298 343
298 342
298 341
299 340
299 339
299 338
299 337
299 336
299 335
299 334
299 333
299 332
298 331
298 330
297 329
297 328
296 327
295 326
294 325
294 324
293 323
292 322
291 321
291 320
290 319
289 318
289 317
288 316
287 315
286 314
286 313
285 312
284 311
283 310
283 309
282 308
281 307
280 306
280 305
280 304
279 303
279 302
279 301
280 300
281 301
282 302
282 303
283 304
284 305
285 306
286 307
287 308
288 309
289 310
290 311
291 311
292 312
293 313
294 313
295 314
296 315
297 316
298 317
299 317
300 317
301 317
302 318
303 318
304 318
305 318
306 317
307 317
308 317
309 317
309 316
310 315
311 314
312 314
313 314
314 314
315 313
316 312
317 312
318 312
319 311
320 311
321 310
322 310
323 309
324 308
325 308
326 307
327 306
328 306
329 305
330 304
331 304
332 303
333 302
334 301
335 300
336 299
337 298
338 297
339 296
340 295
341 294
342 293
343 292
344 292
344 291
345 290
346 289
347 288
348 288
348 287
349 286
350 285
351 284
352 283
353 283
353 282
354 281
355 281
356 280
357 279
358 278
359 278
360 277
361 277
361 276
362 275
363 275
363 274
364 273
365 272
366 271
367 270
368 270
368 269
369 268
370 267
371 266
372 265
373 265
373 264
374 263
375 263
376 262
377 261
378 260
379 259
380 258
381 257
382 256
383 256
383 255
384 254
385 254
386 253
386 252
387 251
388 251
389 250
390 249
391 248
392 248
393 247
394 246
395 245
396 244
397 243
398 242
399 241
400 240
401 239
402 238
402 237
403 236
404 236
404 235
405 234
406 233
406 232
407 231
408 231
409 230
410 229
410 228
411 227
412 227
413 226
413 225
414 224
415 224
416 223
416 222
417 221
418 220
419 219
420 218
420 217
421 216
422 215
423 214
424 213
424 212
425 211
426 211
426 210
427 209
428 208
428 207
429 206
430 205
431 204
431 203
432 202
432 201
433 200
434 199
434 198
435 197
435 196
436 195
436 194
437 193
438 192
438 191
438 190
438 189
439 188
440 187
440 186
440 185
440 184
441 183
441 182
441 181
441 180
441 179
441 178
441 177
441 176
440 175
439 174
439 173
439 172
438 171
437 170
436 169
436 168
435 168
434 167
434 166
433 165
432 164
431 163
430 163
429 162
429 161
428 161
427 160
426 159
425 158
424 157
423 156
422 156
421 155
421 154
420 154
419 153
418 152
417 151
416 151
415 150
415 149
414 149
413 148
412 147
411 146
410 145
409 145
408 144
407 143
406 142
405 142
404 141
403 141
402 140
401 140
400 139
399 139
398 138
397 137
396 137
395 136
394 135
393 135
392 135
391 134
390 133
389 133
388 132
387 131
386 131
385 130
384 130
383 129
382 129
381 128
380 127
379 127
378 127
377 126
376 126
375 125
375 124
374 124
373 123
372 123
371 122
370 122
369 121
368 121
367 120
367 119
366 119
365 119
364 119
363 119
362 118
361 118
360 118
359 117
359 116
358 116
357 116
356 116
355 115
354 115
353 114
352 113
351 113
350 112
349 111
348 110
347 109
347 108
346 107
345 107
344 106
343 106
342 105
341 105
340 104
339 103
338 103
337 102
336 102
335 101
334 101
333 100
332 100
331 99
330 99
329 98
328 97
327 97
326 96
325 95
324 94
323 94
322 93
321 92
320 92
319 91
318 90
317 89
316 88
315 88
314 87
313 87
312 86
311 85
310 84
309 83
308 82
307 82
306 81
305 80
304 79
303 78
302 77
301 76
300 75
299 74
298 73
297 72
296 71
295 71
294 70
293 69
292 68
291 67
290 66
289 65
288 64
287 63
286 62
285 61
284 61
283 60
282 59
281 58
280 57
280 56
279 55
278 55
277 54
276 53
275 53
274 52
273 51
272 50
271 49
270 48
269 47
268 46
267 46
266 45
265 44
264 44
263 43
262 42
261 41
260 41
259 40
258 39
257 39
256 38
255 37
254 36
253 35
252 34
251 34
250 33
249 32
248 31
247 30
247 29
246 28
245 27
244 26
243 25
242 24
242 23
241 22
240 21
239 20
238 19
237 18
236 17
236 16
235 15
234 14
233 13
232 12
232 11
231 10
230 9
230 8
229 7
228 6
227 5
226 4
226 3
225 2
224 2
223 1
222 1
221 1
220 1
219 1
218 1
217 1
