163 16
162 17
161 18
161 19
160 20
159 21
158 22
157 23
156 23
155 24
154 25
153 26
152 26
151 27
150 28
150 29
149 30
149 31
148 32
147 33
146 34
145 35
144 36
144 37
143 38
142 39
141 40
140 41
139 42
138 43
137 44
136 44
135 45
134 46
133 47
132 47
131 48
130 49
129 50
128 51
127 52
126 52
125 53
124 53
123 54
122 55
121 56
120 57
119 58
118 58
117 59
116 59
115 60
114 60
113 61
112 62
111 62
110 63
109 64
108 65
107 65
106 66
105 66
104 67
103 67
102 68
101 68
100 69
99 69
98 70
97 70
96 71
95 71
94 72
93 72
92 72
91 72
90 72
89 73
88 73
87 74
86 74
85 75
84 75
83 76
82 76
81 77
80 78
79 79
78 79
77 80
76 80
75 80
74 81
73 81
72 82
71 83
70 83
69 84
68 84
67 84
66 85
65 85
64 86
63 86
62 86
61 86
60 87
59 87
58 88
57 88
56 89
55 89
54 89
53 89
52 90
51 90
50 91
49 91
48 92
47 93
46 94
45 94
44 95
43 95
42 95
41 96
40 96
39 97
38 97
37 98
36 98
35 99
34 99
33 99
33 100
32 101
31 102
30 103
29 104
28 105
27 106
27 107
26 108
26 109
25 110
24 111
24 112
23 113
22 114
22 115
21 116
20 117
20 118
19 119
18 120
18 121
17 122
16 123
16 124
15 125
15 126
15 127
14 128
14 129
13 130
13 131
13 132
13 133
12 134
11 135
11 136
10 137
10 138
9 139
9 140
9 141
8 142
8 143
8 144
8 145
8 146
8 147
8 148
8 149
9 150
9 151
10 152
10 153
11 154
11 155
11 156
12 156
13 157
13 158
14 159
14 160
15 161
16 162
16 163
17 164
17 165
18 166
19 167
20 168
20 169
20 170
21 171
21 172
22 172
23 173
23 174
23 175
24 176
25 177
25 178
26 178
27 179
27 180
28 181
29 182
29 183
30 184
31 185
32 186
32 187
33 188
33 189
34 190
34 191
35 192
36 193
36 194
37 195
37 196
38 197
39 198
40 199
40 200
41 201
41 202
42 203
43 204
43 205
43 206
44 207
45 208
46 209
46 210
47 211
47 212
48 212
49 213
49 214
49 215
49 216
50 217
51 218
52 219
52 220
53 221
53 222
54 223
55 224
56 225
56 226
57 227
58 228
59 229
59 230
60 230
61 231
62 232
62 233
62 234
63 235
64 236
65 237
65 238
66 238
67 239
67 240
68 241
68 242
69 243
70 244
71 245
71 246
72 247
73 248
74 249
75 250
76 251
77 252
78 253
79 254
80 255
81 255
82 256
83 257
84 258
85 259
86 259
87 260
88 261
89 261
90 262
91 263
92 264
93 264
94 265
95 265
96 266
97 267
98 267
99 268
100 269
101 269
102 270
102 271
103 271
104 272
105 272
106 273
107 274
108 274
109 275
110 276
111 276
112 276
113 276
114 276
115 276
116 276
117 276
118 277
118 278
118 279
117 280
117 281
116 282
116 283
116 284
116 285
116 286
116 287
115 288
115 289
115 290
115 291
114 292
114 293
114 294
113 295
113 296
113 297
113 298
113 299
113 300
114 301
114 302
115 303
116 304
117 304
118 305
119 305
120 306
121 306
122 307
123 307
124 307
125 308
126 308
127 309
128 309
129 309
130 310
131 310
132 310
133 310
134 310
135 310
136 310
137 311
138 311
139 311
140 311
141 310
142 310
143 310
144 310
145 310
146 310
147 310
148 310
149 310
150 310
151 310
152 311
152 312
152 313
152 314
152 315
152 316
152 317
151 318
151 319
151 320
150 321
150 322
150 323
149 324
149 325
149 326
148 327
148 328
147 329
147 330
147 331
146 332
146 333
145 334
145 335
144 336
144 337
143 338
143 339
142 340
142 341
141 342
141 343
140 344
140 345
139 346
138 347
138 348
137 349
136 350
135 351
134 352
134 353
133 354
132 354
132 355
131 356
130 357
129 358
128 359
127 360
126 360
126 361
125 362
124 363
123 363
122 364
121 364
120 365
119 365
118 366
117 367
116 367
115 368
114 369
113 369
112 370
111 370
110 370
109 371
108 372
107 372
106 372
105 373
104 373
103 373
102 373
101 374
100 374
99 374
98 374
97 375
96 375
95 375
94 375
93 375
92 375
91 376
90 376
89 376
88 376
87 376
86 376
85 376
84 376
83 376
82 376
81 375
80 375
79 375
78 375
77 375
76 375
75 375
74 374
73 374
72 374
71 374
70 374
69 374
68 373
67 373
66 372
65 372
64 371
63 371
62 371
61 370
60 370
59 369
58 368
57 367
56 367
55 366
54 365
53 364
52 363
51 362
50 361
49 360
49 359
48 359
47 358
47 357
46 356
45 355
45 354
44 353
44 352
43 351
43 350
42 349
42 348
42 347
41 346
41 345
41 344
40 343
40 342
40 341
40 340
39 339
39 338
39 337
39 336
39 335
39 334
39 333
39 332
39 331
39 330
39 329
39 328
39 327
39 326
39 325
39 324
39 323
39 322
39 321
39 320
39 319
39 318
39 317
40 316
40 315
40 314
41 313
41 312
41 311
41 310
42 309
42 308
42 307
43 306
43 305
43 304
44 303
44 302
45 301
45 300
45 299
45 298
46 297
46 296
47 295
47 294
47 293
48 292
48 291
48 290
49 289
49 288
49 287
50 286
49 286
48 286
47 287
46 288
45 289
44 290
43 291
42 292
41 293
40 294
39 295
38 296
37 297
37 298
37 299
36 300
36 301
35 302
34 303
34 304
33 305
32 306
32 307
31 308
30 309
30 310
30 311
30 312
29 313
29 314
28 315
28 316
28 317
28 318
27 319
27 320
27 321
27 322
27 323
27 324
27 325
26 326
26 327
26 328
26 329
26 330
26 331
26 332
26 333
25 334
24 334
24 335
24 336
24 337
24 338
24 339
24 340
24 341
25 341
26 342
26 343
26 344
26 345
26 346
26 347
27 348
27 349
27 350
27 351
28 352
28 353
28 354
28 355
29 356
29 357
29 358
30 359
30 360
31 361
31 362
32 363
32 364
33 365
33 366
34 367
35 368
35 369
36 370
37 370
38 371
38 372
39 373
40 373
41 374
41 375
42 375
43 376
44 377
45 378
46 379
47 380
48 380
49 381
50 382
51 382
52 383
53 383
54 384
55 385
56 385
57 386
58 387
59 387
60 388
61 388
62 388
63 389
64 390
65 390
66 390
67 390
68 390
69 390
70 390
71 391
72 391
73 391
74 391
75 391
76 392
77 392
78 392
79 392
80 392
81 392
82 392
83 392
84 392
85 392
86 392
87 392
88 392
89 392
90 393
91 393
92 393
93 393
94 393
95 393
96 393
97 393
98 393
99 393
100 393
101 393
102 393
103 393
104 393
105 393
106 393
107 393
108 393
109 393
110 393
111 393
112 393
113 392
114 392
115 392
116 392
117 391
118 391
119 391
120 391
121 391
122 390
123 390
124 390
125 389
126 389
127 389
128 389
129 388
130 388
131 388
132 387
133 387
134 387
135 386
136 386
137 385
138 385
139 384
140 384
141 384
142 383
143 383
144 382
145 381
146 381
147 380
148 380
149 379
150 378
151 378
152 377
153 377
153 376
154 375
155 375
156 374
157 373
158 372
159 372
160 371
161 370
162 369
163 368
164 367
165 366
166 365
167 364
168 363
168 362
169 361
170 360
171 359
171 358
172 357
173 356
174 355
174 354
175 353
175 352
176 351
177 350
177 349
178 348
179 347
179 346
180 345
181 344
181 343
182 342
182 341
182 340
183 339
183 338
184 337
184 336
185 335
185 334
185 333
186 332
186 331
187 330
187 329
187 328
188 327
188 326
188 325
189 324
189 323
189 322
190 321
190 320
190 319
190 318
191 317
191 316
191 315
192 314
192 313
193 312
194 312
195 313
196 313
197 313
198 313
199 313
200 313
201 312
201 311
201 310
202 309
203 309
204 310
205 310
206 310
207 310
208 310
209 310
210 310
211 310
212 310
213 309
214 309
215 309
216 309
217 309
218 309
219 309
220 309
221 309
222 309
223 308
224 308
225 307
226 307
227 307
228 307
229 307
230 307
231 306
232 306
233 306
234 305
235 304
236 304
236 303
236 302
236 301
237 300
237 299
237 298
237 297
236 296
236 295
236 294
236 293
236 292
235 291
235 290
234 289
234 288
233 287
233 286
232 285
232 284
231 283
231 282
230 281
229 280
228 279
228 278
229 277
230 277
231 278
232 278
233 278
234 278
235 278
236 278
237 277
238 277
239 277
240 276
241 275
242 275
243 274
244 273
245 273
245 272
246 271
247 271
248 270
249 269
250 268
251 268
252 267
253 267
254 266
255 265
256 264
257 263
258 262
259 261
259 260
260 259
261 258
262 257
263 257
263 256
264 255
265 255
266 254
266 253
267 252
268 252
269 251
269 250
270 249
271 249
272 248
273 247
273 246
274 245
275 244
276 244
276 243
277 242
278 241
278 240
279 239
279 238
280 237
281 236
281 235
282 234
283 234
283 233
284 232
284 231
285 230
286 229
287 228
287 227
288 226
289 225
289 224
290 223
290 222
291 221
292 220
292 219
293 218
294 217
294 216
294 215
295 214
295 213
296 212
297 211
297 210
298 209
298 208
298 207
299 206
300 205
300 204
301 203
302 202
302 201
303 200
304 199
305 198
305 197
305 196
306 195
306 194
307 193
307 192
308 191
309 190
310 189
310 188
311 187
312 186
313 185
314 184
314 183
315 182
316 181
317 180
317 179
317 178
318 177
319 176
320 175
320 174
321 173
321 172
322 171
322 170
323 169
323 168
324 167
325 166
325 165
326 164
326 163
327 162
327 161
328 160
328 159
328 158
329 157
330 156
330 155
330 154
331 153
331 152
332 151
332 150
333 149
333 148
334 147
334 146
335 145
335 144
335 143
335 142
335 141
335 140
335 139
335 138
335 137
335 136
335 135
335 134
335 133
335 132
335 131
335 130
335 129
335 128
335 127
335 126
335 125
334 124
333 123
333 122
332 121
332 120
331 119
331 118
330 117
329 116
329 115
328 114
327 113
326 112
326 111
326 110
325 110
324 109
324 108
323 107
323 106
322 106
321 105
321 104
320 103
319 102
318 101
317 100
316 99
315 98
314 98
313 97
313 96
312 96
311 95
310 95
309 95
308 94
307 94
306 94
305 94
304 93
303 93
302 93
301 93
300 92
299 92
298 91
297 91
296 90
295 90
294 90
293 90
292 89
291 89
290 89
289 89
288 88
287 88
286 87
285 87
284 86
283 86
282 85
281 85
280 85
279 84
278 84
277 84
276 84
275 83
274 83
273 83
272 83
271 82
270 82
269 81
268 81
267 81
266 80
265 80
264 79
263 79
262 78
261 78
260 78
259 78
258 77
257 77
256 77
255 77
254 77
253 76
252 76
251 75
250 75
249 74
248 74
247 73
246 73
245 72
244 72
243 71
242 71
241 71
240 70
239 70
238 69
237 68
236 68
235 67
234 67
233 67
232 66
231 66
230 65
229 64
228 63
227 62
226 62
225 62
224 61
223 61
222 60
221 59
220 58
219 58
218 57
217 57
216 56
215 56
214 55
213 54
212 53
211 52
210 51
209 50
208 49
208 48
207 47
206 46
205 45
204 44
203 43
202 42
202 41
201 40
200 39
199 38
198 37
197 36
196 35
195 34
194 33
193 33
192 32
191 31
190 30
189 30
188 29
187 28
186 28
185 27
184 26
183 25
182 25
181 24
180 23
179 23
178 22
177 21
176 20
175 20
174 19
173 18
172 18
171 17
170 16
169 16
168 16
167 16
166 16
165 16
164 16
