198 7
197 8
196 8
195 8
194 8
193 8
192 8
191 8
190 8
189 8
188 8
187 8
186 8
185 9
184 9
183 9
182 9
181 9
180 9
179 9
178 9
177 10
176 10
175 10
174 11
173 11
172 11
171 12
170 12
169 12
168 12
167 12
166 12
165 12
164 12
163 12
162 13
161 13
160 13
159 13
158 13
157 13
156 13
155 13
154 13
153 13
152 13
151 14
150 14
149 14
148 14
147 13
146 13
145 13
144 13
143 13
142 13
141 13
140 13
139 13
138 13
137 13
136 13
135 13
134 13
133 13
132 13
131 13
130 13
129 13
128 13
127 13
126 13
125 13
124 13
123 13
122 13
121 13
120 13
119 13
118 13
117 13
116 13
115 13
114 13
113 13
112 14
111 14
110 13
109 13
108 13
107 13
106 14
105 14
104 15
103 15
102 15
101 15
100 15
99 15
98 15
97 15
96 15
95 15
94 15
93 16
92 16
91 16
90 17
89 17
88 17
87 17
86 17
85 17
84 17
83 17
82 18
81 18
80 18
79 17
78 17
77 17
76 17
75 17
74 17
73 17
72 17
71 17
70 17
69 17
68 17
67 17
66 17
65 17
64 17
63 17
62 17
61 17
60 17
59 17
58 17
57 17
56 17
55 17
54 17
53 17
52 17
51 17
50 17
49 17
48 17
47 18
46 19
45 19
44 19
43 19
42 19
41 19
40 20
39 20
38 20
37 20
36 21
35 22
34 22
33 22
32 23
31 23
30 24
29 25
28 25
27 26
26 27
25 27
24 28
23 29
22 29
21 30
20 31
19 31
18 32
17 33
16 34
15 35
15 36
14 37
13 38
12 39
11 40
10 41
10 42
10 43
10 44
10 45
10 46
10 47
10 48
9 49
8 50
7 51
7 52
7 53
7 54
7 55
7 56
6 57
6 58
6 59
5 60
5 61
5 62
5 63
5 64
4 65
4 66
5 67
5 68
6 69
6 70
6 71
6 72
7 73
7 74
7 75
7 76
7 77
8 78
8 79
8 80
8 81
9 82
9 83
9 84
9 85
9 86
10 87
11 88
12 89
13 90
13 91
14 92
14 93
15 94
15 95
15 96
16 97
16 98
17 99
18 100
19 101
19 102
20 103
21 104
22 105
23 106
24 107
25 108
26 109
27 109
28 109
29 110
30 110
31 111
32 112
33 112
34 113
35 113
36 114
37 114
38 114
39 115
40 116
41 116
42 116
43 116
44 117
45 117
46 118
47 118
48 118
49 119
50 119
51 119
52 119
53 119
54 119
55 120
56 120
57 120
58 120
59 120
60 120
61 120
62 121
63 121
64 121
65 120
66 120
67 120
68 120
69 120
70 120
71 120
72 120
73 120
74 120
75 120
76 119
77 119
78 119
79 119
80 119
81 119
82 119
83 119
84 118
85 118
86 118
87 117
88 117
89 116
90 116
91 116
92 115
93 115
94 115
95 115
96 114
97 113
98 113
99 112
100 112
101 111
102 111
103 111
104 111
105 110
106 110
107 109
108 109
109 108
110 107
111 106
112 106
113 105
114 105
115 104
116 104
117 104
118 103
119 103
120 102
121 101
122 100
123 99
124 99
125 98
126 98
127 98
128 97
129 97
130 96
131 96
132 95
133 94
134 93
135 92
136 91
137 90
138 89
139 88
140 88
141 87
142 86
143 85
144 84
145 84
146 83
147 82
148 82
149 81
150 80
151 80
152 79
153 78
154 77
154 76
155 75
156 74
157 73
158 73
159 72
160 72
161 71
162 71
163 70
164 70
165 69
166 68
167 67
168 66
169 66
170 66
171 65
172 65
173 64
174 64
175 64
176 64
177 63
178 63
179 63
180 63
181 63
182 63
183 63
184 63
185 63
186 63
187 63
188 62
189 62
190 62
191 62
192 62
193 62
194 62
195 62
196 62
197 62
198 62
199 62
200 61
201 61
202 61
203 61
204 61
205 61
206 61
207 61
208 61
209 61
210 61
211 60
212 60
213 60
214 60
215 60
216 60
217 60
218 60
219 60
220 60
221 60
222 60
223 59
224 59
225 59
226 59
227 59
228 59
229 59
230 59
231 59
232 59
233 59
234 58
235 58
236 57
237 57
238 56
239 56
240 55
240 54
240 53
240 52
240 51
239 50
238 49
237 49
236 48
235 48
234 48
233 47
232 47
231 47
230 47
229 47
228 46
227 46
226 46
225 46
224 45
223 45
222 45
221 45
220 45
219 44
218 44
217 43
216 43
215 43
214 43
213 42
212 42
211 42
210 42
209 42
208 42
207 42
206 41
205 41
204 41
203 41
202 41
201 41
200 41
199 41
198 42
197 42
196 42
195 42
194 42
193 42
192 42
191 42
190 42
189 42
188 42
187 42
186 43
185 44
184 44
183 44
182 44
181 44
180 44
179 45
178 45
177 46
176 46
175 47
174 47
173 48
172 48
171 49
170 49
169 49
168 50
167 50
166 50
165 51
164 52
163 52
162 53
161 54
160 54
159 55
158 55
157 56
156 56
155 57
154 58
153 58
152 59
151 60
150 60
149 61
148 62
147 62
146 63
145 64
144 64
143 65
142 66
141 66
140 67
139 68
138 69
137 69
136 70
135 70
134 71
133 72
132 73
131 73
130 74
129 75
128 76
127 76
126 77
125 78
124 78
123 79
122 79
121 80
120 81
119 82
118 83
117 83
116 83
115 84
114 84
113 85
112 86
111 86
110 86
109 87
108 88
107 89
106 89
105 90
104 91
103 92
102 92
101 93
100 93
99 94
98 94
97 95
96 95
95 95
94 95
93 95
92 95
91 95
90 95
89 95
88 95
87 95
86 96
85 96
84 96
83 96
82 96
81 96
80 96
79 96
78 96
77 96
76 96
75 96
74 97
73 97
72 97
71 97
70 97
69 97
68 97
67 97
66 97
65 97
64 97
63 98
62 98
61 98
60 98
59 98
58 98
57 98
56 98
55 98
54 98
53 98
52 98
51 99
50 99
49 98
48 98
47 97
46 97
45 96
44 96
43 95
42 95
41 94
40 93
39 93
38 92
38 91
37 91
36 90
35 89
34 88
33 87
32 86
31 85
30 84
30 83
29 82
29 81
29 80
29 79
29 78
29 77
29 76
29 75
29 74
29 73
29 72
29 71
29 70
29 69
28 68
28 67
28 66
28 65
28 64
27 63
27 62
27 61
27 60
27 59
27 58
27 57
27 56
27 55
27 54
27 53
27 52
28 51
29 50
30 49
31 49
32 48
33 48
34 47
35 46
36 46
37 45
38 44
39 43
40 43
41 43
42 42
43 42
44 42
45 42
46 41
47 41
48 41
49 40
50 40
51 39
52 39
53 39
54 39
55 39
56 39
57 39
58 39
59 39
60 39
61 38
62 38
63 38
64 38
65 38
66 38
67 38
68 38
69 38
70 38
71 38
72 37
73 37
74 37
75 37
76 37
77 37
78 37
79 37
80 37
81 38
82 38
83 37
84 37
85 37
86 37
87 37
88 37
89 37
90 37
91 37
92 37
93 37
94 37
95 36
96 36
97 36
98 36
99 36
100 36
101 36
102 36
103 36
104 36
105 36
106 36
107 35
108 35
109 35
110 35
111 35
112 35
113 35
114 35
115 35
116 35
117 35
118 34
119 34
120 34
121 34
122 34
123 34
124 34
125 34
126 34
127 34
128 34
129 34
130 33
131 33
132 33
133 33
134 33
135 33
136 33
137 33
138 33
139 33
140 33
141 32
142 32
143 32
144 32
145 32
146 32
147 32
148 32
149 32
150 32
151 32
152 32
153 31
154 31
155 31
156 31
157 31
158 31
159 31
160 31
161 31
162 31
163 31
164 30
165 30
166 30
167 30
168 30
169 30
170 30
171 31
172 31
173 31
174 31
175 31
176 30
177 30
178 30
179 30
180 30
181 30
182 30
183 30
184 30
185 30
186 30
187 30
188 30
189 30
190 30
191 30
192 30
193 30
194 30
195 30
196 30
197 30
198 29
199 29
200 28
201 28
202 28
203 28
204 28
205 28
206 27
207 27
208 27
209 26
210 26
211 25
212 25
213 25
214 25
215 25
216 25
217 25
218 25
219 25
220 25
221 25
222 24
223 24
224 23
225 23
226 23
227 23
228 22
229 22
230 22
231 21
231 20
231 19
230 18
229 18
228 18
227 17
227 16
228 15
229 15
230 14
231 13
231 12
231 11
230 10
229 10
228 10
227 10
226 10
225 9
224 9
223 9
222 9
221 9
220 10
219 10
218 10
217 9
216 9
215 9
214 9
213 9
212 8
211 8
210 8
209 8
208 8
207 8
206 8
205 8
204 8
203 8
202 7
201 7
200 7
199 7
