213 24
212 25
211 25
210 25
209 26
208 26
207 26
206 26
205 26
204 26
203 26
202 27
201 27
200 27
199 27
198 28
197 28
196 28
195 29
194 29
193 29
192 30
191 30
190 30
189 31
188 31
187 32
186 32
185 33
184 34
183 34
182 35
181 36
180 36
179 37
178 37
177 38
176 38
175 38
174 38
173 38
172 39
171 40
170 41
169 42
168 43
167 43
166 44
165 44
164 44
163 45
162 45
161 45
160 46
159 46
158 46
157 47
156 48
155 48
154 48
153 49
152 49
151 50
150 50
149 51
148 51
147 51
146 51
145 52
144 52
143 53
142 53
141 53
140 53
139 54
138 55
137 55
136 55
135 56
134 57
133 57
132 58
131 58
130 59
129 59
128 59
127 60
126 61
125 61
124 62
123 62
122 63
121 63
120 63
119 64
118 64
117 65
116 65
115 65
114 65
113 66
112 67
111 68
110 68
109 69
108 69
107 70
106 70
105 71
104 71
103 71
102 72
101 72
100 73
99 74
98 74
97 75
96 75
95 75
94 76
93 76
92 77
91 78
90 78
89 78
88 79
87 79
86 80
85 80
84 81
83 81
82 82
81 83
80 83
79 84
78 85
77 85
76 86
75 86
74 87
73 87
72 88
71 89
70 89
69 90
68 91
67 92
66 92
65 93
64 93
63 94
62 94
61 95
60 96
59 96
58 97
57 97
56 98
55 99
54 100
53 100
52 101
51 101
50 102
49 103
48 103
47 104
46 105
45 106
44 107
43 107
42 108
41 109
40 110
39 111
38 112
37 113
36 113
35 114
34 115
33 116
32 117
31 118
31 119
30 120
29 121
29 122
28 123
28 124
27 125
26 126
26 127
25 128
24 129
24 130
24 131
23 132
23 133
23 134
23 135
22 136
22 137
22 138
22 139
21 140
21 141
21 142
21 143
21 144
21 145
21 146
20 147
21 148
21 149
21 150
21 151
21 152
21 153
21 154
21 155
21 156
22 157
22 158
22 159
22 160
22 161
22 162
23 163
23 164
24 165
24 166
24 167
24 168
24 169
25 170
25 171
26 172
26 173
27 174
28 175
28 176
29 177
29 178
29 179
30 180
31 181
32 182
33 183
34 184
35 184
36 185
37 186
37 187
38 188
39 189
40 189
41 190
42 191
43 192
44 193
45 193
46 194
47 195
48 195
49 196
50 196
51 197
52 197
53 197
54 198
55 199
56 199
57 200
58 200
59 200
60 200
61 201
62 201
63 201
64 202
65 202
66 203
67 203
68 203
69 203
70 203
71 203
72 204
73 204
74 204
75 205
76 204
77 205
78 205
79 205
80 205
81 205
82 205
83 205
84 205
85 204
86 204
87 204
88 204
89 204
90 204
91 203
92 204
93 203
94 204
95 203
96 203
97 203
98 202
99 201
100 201
101 201
102 201
103 200
104 200
105 199
106 198
107 197
108 197
109 196
110 196
111 196
112 195
113 195
114 194
115 193
116 192
117 191
118 190
119 190
120 189
121 188
122 187
123 186
124 185
125 184
126 183
127 182
128 181
128 180
129 179
130 178
131 177
131 176
132 175
132 174
133 173
134 172
135 171
135 170
136 169
137 168
137 167
138 166
138 165
139 164
140 163
141 162
142 161
143 161
143 160
143 159
143 158
143 157
143 156
144 155
144 154
145 153
145 152
146 151
146 150
147 149
148 148
148 147
149 146
149 145
150 144
151 143
151 142
152 141
152 140
152 139
153 138
154 137
154 136
155 135
156 134
157 133
157 132
158 131
158 130
159 129
160 128
161 127
162 126
162 125
163 124
163 123
164 122
165 121
166 120
167 119
167 118
168 117
169 116
170 115
170 114
171 113
172 113
172 112
173 111
174 110
174 109
175 108
175 107
176 106
177 106
177 105
178 104
179 103
179 102
179 101
179 100
179 99
178 98
177 97
177 96
176 95
175 95
174 96
173 97
172 98
172 99
171 100
170 100
169 101
168 102
167 103
166 104
165 104
164 105
163 106
162 106
161 107
160 108
159 109
158 110
157 111
156 112
155 113
154 114
153 115
152 116
151 117
151 118
150 119
149 120
148 121
147 122
146 123
146 124
145 125
144 126
143 127
143 128
142 129
141 130
140 131
140 132
139 133
139 134
138 135
137 136
137 137
136 138
135 139
135 140
134 141
134 142
133 143
133 144
132 145
131 146
131 147
130 148
130 149
129 150
129 151
128 152
127 152
127 153
126 154
126 155
125 156
124 157
124 158
123 159
123 160
122 161
122 162
121 163
121 164
120 165
119 166
119 167
118 168
117 169
116 170
115 171
114 172
113 173
112 174
111 175
111 176
110 177
109 177
108 178
107 179
106 180
105 181
104 181
103 182
102 182
101 182
100 183
99 183
98 184
97 184
96 184
95 185
94 185
93 186
92 186
91 186
90 186
89 186
88 186
87 186
86 186
85 187
84 186
83 186
82 186
81 186
80 186
79 186
78 187
77 186
76 186
75 186
74 186
73 185
72 185
71 185
70 185
69 185
68 185
67 184
66 184
65 183
64 183
63 183
62 182
61 182
60 182
59 181
58 180
57 180
56 179
55 179
54 178
53 177
52 176
52 175
51 174
50 173
49 172
48 171
47 170
47 169
46 168
45 167
45 166
44 165
44 164
43 163
42 162
42 161
42 160
41 159
41 158
41 157
40 156
40 155
40 154
40 153
40 152
40 151
40 150
40 149
40 148
40 147
40 146
40 145
40 144
40 143
40 142
41 141
41 140
42 139
42 138
42 137
43 136
43 135
44 134
45 133
45 132
46 131
47 130
48 129
48 128
49 127
49 126
50 125
51 125
52 124
53 123
54 122
55 121
56 121
57 120
58 120
59 119
60 118
61 118
62 117
63 116
64 116
65 115
66 114
67 114
68 113
69 113
70 112
71 111
72 111
73 110
74 110
75 109
76 108
77 107
78 107
79 106
80 106
81 105
82 105
83 104
84 103
85 103
86 103
87 102
88 102
89 101
90 100
91 100
92 99
93 99
94 98
95 98
96 97
97 96
98 96
99 95
100 95
101 95
102 95
103 94
104 93
105 92
106 92
107 91
108 91
109 91
110 91
111 90
112 89
113 89
114 89
115 88
116 88
117 88
118 87
119 87
120 86
121 86
122 85
123 85
124 85
125 84
126 84
127 84
128 83
129 82
130 82
131 81
132 81
133 80
134 80
135 79
136 78
137 77
138 77
139 76
140 76
141 75
142 75
143 75
144 74
145 74
146 73
147 72
148 72
149 72
150 72
151 71
152 71
153 70
154 69
155 68
156 68
157 67
158 67
159 66
160 66
161 66
162 65
163 65
164 64
165 64
166 63
167 63
168 62
169 62
170 61
171 61
172 61
173 60
174 60
175 60
176 59
177 58
178 58
179 57
180 57
181 57
182 56
183 56
184 55
185 54
186 54
187 54
188 54
189 53
190 53
191 53
192 52
193 52
194 51
195 51
196 50
197 50
198 50
199 50
200 49
201 49
202 49
203 48
204 47
205 47
206 46
207 45
208 44
209 43
210 42
211 42
212 41
213 40
214 40
215 39
216 39
217 38
218 37
219 37
220 36
221 36
222 35
222 34
223 33
224 32
225 31
226 30
227 29
226 28
226 27
225 26
224 25
223 25
222 25
221 24
220 24
219 24
218 24
217 24
216 24
215 24
214 24
