133 27
132 28
131 28
130 28
129 28
128 29
127 29
126 29
125 29
124 28
123 28
122 29
121 29
120 30
119 30
118 30
117 30
116 31
115 31
114 32
113 32
112 33
111 33
110 34
109 34
108 34
107 34
106 35
105 35
104 36
103 36
102 37
101 37
101 38
100 39
99 39
98 40
97 40
96 41
95 41
94 42
93 42
92 42
91 42
90 43
90 44
89 45
88 46
87 46
86 47
86 48
85 49
84 50
83 50
82 51
81 51
81 52
80 53
79 53
78 54
77 54
76 55
75 55
75 56
75 57
75 58
75 59
75 60
74 61
73 61
73 62
72 63
71 63
71 64
70 65
69 65
68 66
67 66
66 67
65 67
65 68
65 69
65 70
65 71
65 72
64 73
64 74
63 75
62 76
61 76
60 77
60 78
60 79
60 80
59 81
59 82
58 83
57 83
57 84
56 85
56 86
55 87
54 88
53 88
52 89
52 90
53 91
53 92
53 93
53 94
52 95
52 96
51 97
51 98
50 99
49 99
49 100
49 101
49 102
50 103
50 104
50 105
50 106
49 107
49 108
48 109
48 110
47 111
47 112
46 113
46 114
45 115
45 116
45 117
45 118
45 119
45 120
44 121
44 122
43 123
43 124
43 125
43 126
43 127
43 128
43 129
43 130
43 131
43 132
42 133
42 134
41 135
41 136
41 137
41 138
42 139
42 140
42 141
42 142
42 143
42 144
41 145
41 146
41 147
41 148
42 149
42 150
42 151
42 152
42 153
42 154
42 155
42 156
41 157
41 158
41 159
41 160
42 161
42 162
41 163
41 164
40 165
40 166
41 167
41 168
42 169
42 170
43 171
43 172
44 173
44 174
43 175
43 176
43 177
43 178
44 179
44 180
45 181
45 182
46 183
46 184
46 185
46 186
47 187
47 188
48 189
48 190
47 191
47 192
47 193
47 194
48 195
48 196
48 197
48 198
49 199
49 200
50 201
50 202
50 203
50 204
51 205
51 206
52 207
52 208
53 209
53 210
54 211
54 212
54 213
54 214
55 215
55 216
56 217
56 218
55 219
55 220
55 221
55 222
56 223
56 224
56 225
56 226
57 227
57 228
58 229
58 230
58 231
58 232
59 233
60 233
61 234
62 235
62 236
62 237
62 238
63 239
63 240
64 240
65 241
65 242
66 243
66 244
66 245
66 246
66 247
66 248
67 249
67 250
68 251
68 252
69 253
69 254
70 255
70 256
70 257
70 258
70 259
70 260
71 261
71 262
72 262
73 263
73 264
74 265
74 266
74 267
74 268
74 269
74 270
74 271
74 272
75 273
76 273
77 274
78 275
78 276
78 277
78 278
78 279
78 280
78 281
78 282
79 283
79 284
80 284
81 285
81 286
82 287
82 288
82 289
82 290
82 291
82 292
82 293
82 294
83 295
84 295
85 296
86 296
87 297
87 298
88 299
88 300
88 301
88 302
89 303
89 304
90 305
90 306
91 307
91 308
92 309
92 310
92 311
92 312
91 313
91 314
91 315
91 316
92 316
93 317
93 318
94 319
94 320
94 321
94 322
94 323
94 324
94 325
94 326
95 327
95 328
96 328
97 329
97 330
98 331
98 332
98 333
98 334
98 335
98 336
99 337
99 338
100 339
100 340
101 341
101 342
102 343
102 344
102 345
102 346
103 347
103 348
104 348
105 349
105 350
106 350
107 351
107 352
108 353
108 354
108 355
108 356
108 357
108 358
109 359
110 359
111 360
112 361
112 362
113 363
113 364
114 365
114 366
115 367
115 368
116 369
116 370
116 371
116 372
117 373
117 374
118 374
119 375
119 376
120 376
121 377
122 377
123 378
124 379
124 380
124 381
124 382
125 383
125 384
126 384
127 385
127 386
128 386
129 387
130 387
131 388
132 389
132 390
132 391
132 392
133 393
133 394
134 394
135 395
136 395
137 396
138 396
139 397
140 397
141 397
142 397
143 398
144 399
144 400
144 401
144 402
144 403
144 404
145 405
146 405
147 406
148 407
148 408
149 409
149 410
150 410
151 411
151 412
152 412
153 413
153 414
154 414
155 414
156 414
157 414
158 414
159 415
159 416
160 416
161 416
162 416
163 415
164 415
165 415
166 415
167 414
168 414
168 413
169 412
170 412
170 411
170 410
169 410
168 409
167 408
167 407
167 406
167 405
168 404
168 403
169 402
169 401
169 400
169 399
168 398
167 398
166 397
165 396
165 395
166 394
166 393
167 392
167 391
167 390
167 389
167 388
167 387
166 386
165 386
164 385
163 384
163 383
163 382
163 381
163 380
163 379
163 378
163 377
162 376
161 376
160 375
159 374
159 373
159 372
159 371
159 370
159 369
159 368
159 367
158 366
158 365
157 365
156 364
156 363
155 362
155 361
155 360
155 359
155 358
155 357
156 356
156 355
157 354
157 353
156 352
156 351
156 350
156 349
157 348
157 347
157 346
157 345
158 344
158 343
158 342
157 342
156 341
155 340
155 339
155 338
155 337
155 336
155 335
155 334
155 333
156 332
156 331
156 330
155 330
154 329
153 328
153 327
153 326
153 325
153 324
153 323
153 322
153 321
153 320
153 319
152 318
151 318
150 317
149 316
149 315
149 314
149 313
149 312
149 311
148 310
148 309
147 309
146 308
146 307
145 307
144 306
144 305
143 304
143 303
143 302
143 301
143 300
143 299
142 298
142 297
141 297
140 296
140 295
140 294
140 293
141 292
141 291
141 290
141 289
140 288
139 288
138 287
137 286
137 285
136 284
136 283
135 283
134 282
134 281
133 280
133 279
132 278
132 277
131 276
131 275
130 274
130 273
129 272
129 271
129 270
129 269
128 268
128 267
127 266
127 265
127 264
127 263
126 262
126 261
125 260
125 259
124 258
124 257
123 257
122 256
122 255
121 254
121 253
121 252
121 251
120 250
120 249
119 249
118 248
118 247
117 246
117 245
117 244
117 243
117 242
117 241
116 240
116 239
115 238
115 237
114 236
114 235
113 234
113 233
113 232
113 231
113 230
113 229
112 228
112 227
111 226
111 225
110 224
110 223
109 222
109 221
109 220
109 219
109 218
109 217
108 216
108 215
107 214
107 213
107 212
107 211
107 210
107 209
107 208
107 207
106 206
106 205
105 205
104 204
103 204
102 203
101 202
101 201
101 200
101 199
101 198
101 197
101 196
101 195
100 194
100 193
99 193
98 192
98 191
97 190
97 189
97 188
97 187
97 186
97 185
96 184
96 183
95 183
94 182
94 181
93 180
93 179
93 178
93 177
93 176
93 175
93 174
93 173
92 172
91 172
90 171
89 170
89 169
89 168
89 167
89 166
89 165
89 164
89 163
89 162
89 161
88 160
87 160
86 159
86 158
86 157
87 156
87 155
87 154
87 153
87 152
87 151
86 150
86 149
85 149
84 148
84 147
83 146
83 145
84 144
84 143
85 142
85 141
85 140
85 139
84 138
83 138
82 137
82 136
82 135
83 134
83 133
83 132
83 131
83 130
83 129
84 128
84 127
84 126
84 125
84 124
84 123
85 122
85 121
86 120
86 119
87 118
87 117
86 116
86 115
85 115
84 114
84 113
84 112
84 111
85 110
86 110
86 109
87 108
88 108
88 107
89 106
89 105
89 104
89 103
90 102
90 101
91 100
91 99
92 98
92 97
93 96
93 95
94 94
94 93
95 92
96 92
96 91
97 90
97 89
98 88
98 87
99 86
100 86
101 85
102 85
103 84
103 83
104 82
104 81
105 80
106 80
106 79
107 78
108 78
108 77
109 76
110 76
110 75
111 74
112 74
112 73
113 72
114 72
115 71
116 71
117 70
117 69
118 68
119 67
120 67
121 66
121 65
122 64
123 63
124 63
125 63
126 63
127 62
128 62
129 61
130 61
131 61
132 61
133 60
134 60
135 59
136 59
137 59
138 59
139 59
140 59
141 59
142 59
143 59
144 59
145 59
146 59
147 59
148 59
149 59
150 59
151 59
152 59
153 60
154 60
155 61
156 61
157 61
158 61
159 61
160 61
161 62
162 62
163 63
164 63
165 64
166 64
167 65
168 65
169 65
170 65
171 66
172 66
173 67
173 68
174 68
175 68
176 68
177 68
178 68
179 69
179 70
180 70
181 71
181 72
182 72
183 73
184 73
185 74
186 75
186 76
187 77
188 77
189 78
190 78
191 79
191 80
192 80
193 81
193 82
194 83
194 84
195 85
195 86
196 87
196 88
197 89
197 90
198 90
199 91
199 92
200 92
201 93
201 94
202 94
203 95
203 96
204 97
204 98
204 99
204 100
204 101
204 102
205 103
205 104
206 104
207 105
207 106
208 107
208 108
207 109
207 110
206 111
206 112
207 113
207 114
208 114
209 115
209 116
209 117
209 118
208 119
208 120
208 121
208 122
208 123
208 124
209 125
209 126
210 127
210 128
210 129
210 130
210 131
210 132
210 133
210 134
209 135
209 136
209 137
209 138
210 139
210 140
211 141
211 142
211 143
211 144
210 145
210 146
210 147
210 148
210 149
210 150
210 151
210 152
210 153
210 154
210 155
210 156
210 157
210 158
210 159
210 160
210 161
210 162
210 163
210 164
210 165
210 166
210 167
210 168
210 169
210 170
210 171
210 172
210 173
210 174
209 175
209 176
208 177
208 178
208 179
208 180
207 181
207 182
206 183
205 183
205 184
204 185
204 186
204 187
204 188
205 189
205 190
206 190
207 191
208 191
209 190
210 190
211 189
212 189
213 188
213 187
213 186
213 185
214 184
214 183
215 182
216 182
216 181
217 180
217 179
218 178
218 177
219 176
220 176
220 175
220 174
220 173
220 172
220 171
221 170
221 169
222 168
222 167
223 166
223 165
224 164
224 163
225 162
225 161
224 160
224 159
224 158
224 157
225 156
225 155
225 154
225 153
226 152
226 151
227 150
228 150
228 149
228 148
228 147
227 146
227 145
227 144
227 143
228 142
228 141
229 140
229 139
228 138
228 137
227 136
227 135
227 134
227 133
227 132
227 131
227 130
227 129
228 128
228 127
228 126
228 125
227 124
227 123
227 122
227 121
227 120
227 119
227 118
227 117
228 116
228 115
228 114
228 113
227 112
227 111
226 110
226 109
225 108
225 107
226 106
226 105
226 104
226 103
225 102
225 101
224 100
224 99
224 98
224 97
225 96
225 95
225 94
225 93
224 92
224 91
223 90
223 89
222 88
222 87
221 86
221 85
221 84
221 83
221 82
221 81
220 80
220 79
219 78
219 77
218 76
217 76
216 75
215 74
215 73
215 72
215 71
214 70
214 69
213 69
212 68
212 67
211 67
210 66
210 65
209 64
209 63
209 62
209 61
208 60
208 59
207 59
206 58
205 58
204 57
203 56
203 55
203 54
203 53
202 52
202 51
201 51
200 50
200 49
199 49
198 48
198 47
197 47
196 46
196 45
195 45
194 44
193 44
192 43
191 42
191 41
190 41
189 41
188 41
187 41
186 40
186 39
185 39
184 38
183 38
182 37
181 37
180 36
179 36
178 35
177 35
176 34
175 34
174 34
173 34
172 33
171 33
170 33
169 33
168 33
167 33
166 32
166 31
165 31
164 30
163 30
162 30
161 30
160 29
159 29
158 29
157 29
156 29
155 29
154 28
153 28
152 29
151 29
150 29
149 29
148 28
147 28
146 28
145 28
144 28
143 28
142 27
141 27
140 27
139 27
138 28
137 28
136 27
135 27
134 27
