63 21
62 22
61 22
60 22
59 22
58 22
57 22
56 22
55 23
54 23
53 23
52 23
51 23
50 23
49 23
48 23
47 24
46 25
45 25
44 26
43 26
42 27
41 28
40 28
39 29
38 29
37 30
36 31
35 32
34 33
33 34
32 35
31 36
30 37
29 38
28 39
27 40
26 41
26 42
25 43
24 44
24 45
23 46
23 47
22 48
22 49
22 50
22 51
21 52
21 53
21 54
21 55
21 56
21 57
21 58
20 59
20 60
19 61
19 62
19 63
20 64
19 65
19 66
19 67
19 68
19 69
19 70
19 71
19 72
18 73
19 74
19 75
19 76
19 77
20 78
20 79
20 80
20 81
21 82
21 83
21 84
22 85
22 86
23 87
23 88
24 89
24 90
25 91
25 92
26 93
26 94
27 95
27 96
28 97
28 98
29 99
30 100
30 101
31 102
31 103
31 104
32 105
32 106
33 107
34 108
35 109
35 110
36 111
36 112
37 113
37 114
38 115
39 116
39 117
40 118
40 119
41 120
41 121
42 122
42 123
42 124
43 125
44 126
45 127
46 128
47 129
48 130
49 131
50 132
50 133
51 134
52 135
52 136
53 137
54 138
54 139
55 140
55 141
56 142
56 143
57 144
58 145
58 146
59 147
59 148
60 149
60 150
61 151
61 152
61 153
62 154
63 154
64 155
65 156
65 157
66 158
67 159
67 160
67 161
67 162
68 163
69 164
70 165
71 166
71 167
72 168
72 169
73 170
74 170
75 170
76 170
77 169
78 169
79 168
80 167
81 167
82 166
83 165
82 164
82 163
81 162
81 161
81 160
80 159
79 158
78 157
78 156
77 155
77 154
76 153
76 152
75 151
74 150
74 149
73 148
72 147
72 146
72 145
71 144
71 143
71 142
71 141
70 140
70 139
69 138
69 137
68 136
68 135
67 134
67 133
66 132
66 131
66 130
66 129
66 128
65 127
65 126
64 125
63 124
63 123
62 122
62 121
61 120
61 119
60 118
59 117
59 116
58 115
58 114
57 113
56 112
56 111
55 110
55 109
54 108
54 107
53 106
52 105
52 104
51 103
51 102
50 101
50 100
49 99
48 98
48 97
48 96
48 95
47 94
47 93
46 92
45 91
45 90
44 89
44 88
44 87
43 86
43 85
43 84
42 83
42 82
41 81
41 80
40 79
40 78
40 77
40 76
40 75
39 74
39 73
39 72
39 71
39 70
39 69
39 68
39 67
39 66
39 65
40 64
40 63
40 62
40 61
40 60
41 59
42 58
42 57
42 56
43 55
43 54
44 53
44 52
45 51
46 50
47 49
48 48
48 47
49 46
50 46
51 45
52 45
53 44
54 43
55 43
56 43
57 43
58 43
59 42
60 42
61 42
62 42
63 42
64 42
65 42
66 42
67 42
68 42
69 43
70 43
71 43
72 44
73 44
74 45
75 46
76 47
77 48
78 49
79 49
80 50
80 51
81 52
81 53
82 54
83 55
83 56
83 57
84 58
85 59
85 60
86 61
87 62
87 63
88 64
89 65
90 66
90 67
91 68
92 69
92 70
93 71
93 72
94 73
94 74
95 75
96 76
96 77
97 78
97 79
97 80
98 81
99 82
100 83
100 84
101 85
101 86
101 87
101 88
102 89
103 90
103 91
104 92
104 93
105 94
106 95
106 96
107 97
107 98
108 99
109 100
110 101
111 102
111 103
112 104
112 105
113 106
114 107
114 108
115 109
115 110
116 111
116 112
117 113
118 114
118 115
118 116
119 117
120 118
121 119
121 120
122 121
122 122
122 123
123 124
124 125
125 126
125 127
126 128
126 129
127 130
127 131
128 132
128 133
128 134
129 135
129 136
130 137
131 138
131 139
132 140
132 141
133 142
133 143
134 144
135 144
136 145
136 146
137 147
137 148
138 149
139 150
140 151
141 152
141 153
142 154
142 155
143 156
143 157
144 158
144 159
144 160
144 161
144 162
144 163
144 164
145 165
145 166
145 167
145 168
145 169
145 170
146 171
146 172
147 173
147 174
147 175
148 176
149 177
149 178
149 179
150 180
150 181
151 182
152 183
153 184
153 185
154 186
155 187
155 188
156 189
156 190
157 191
158 192
158 193
159 194
159 195
160 196
160 197
161 198
161 199
162 200
163 201
163 202
164 203
164 204
165 205
166 206
166 207
167 208
168 209
169 209
170 209
170 208
170 207
170 206
170 205
169 204
169 203
169 202
169 201
168 200
168 199
169 198
170 199
171 200
171 201
172 202
172 203
173 204
173 205
174 206
175 207
176 208
177 208
178 207
178 206
179 205
179 204
179 203
179 202
179 201
179 200
179 199
178 198
179 197
179 196
179 195
179 194
179 193
179 192
179 191
179 190
179 189
179 188
179 187
180 186
180 185
180 184
180 183
180 182
179 181
179 180
179 179
179 178
179 177
178 176
178 175
177 174
177 173
177 172
177 171
176 170
176 169
176 168
176 167
176 166
175 165
175 164
174 163
174 162
174 161
174 160
174 159
173 158
173 157
172 156
172 155
171 154
171 153
170 152
169 151
169 150
168 149
168 148
167 147
167 146
166 145
166 144
165 143
165 142
164 141
164 140
163 139
163 138
162 137
162 136
161 135
161 134
160 133
159 132
159 131
158 130
158 129
157 128
157 127
156 126
155 125
155 124
154 123
154 122
153 121
152 120
152 119
151 118
151 117
150 116
150 115
149 114
149 113
149 112
148 111
148 110
147 109
147 108
146 107
145 106
145 105
144 104
144 103
143 102
143 101
143 100
143 99
142 98
141 98
140 97
140 96
139 95
139 94
138 93
138 92
137 91
136 90
136 89
135 88
134 87
133 86
132 85
132 84
131 83
131 82
130 81
130 80
130 79
130 78
129 77
128 76
127 75
126 74
125 73
125 72
124 71
124 70
123 69
123 68
122 67
121 66
121 65
120 64
120 63
119 62
118 61
117 60
116 59
116 58
115 57
115 56
114 55
114 54
113 53
113 52
112 52
111 51
110 50
110 49
109 48
108 47
108 46
107 45
106 44
105 43
104 42
104 41
103 41
102 40
101 39
100 38
99 37
98 36
97 35
96 35
95 34
94 33
93 32
92 31
91 30
90 30
89 29
88 29
87 28
86 27
85 27
84 26
83 26
82 25
81 25
80 24
79 24
78 24
77 24
76 23
75 23
74 23
73 23
72 22
71 22
70 22
69 22
68 21
67 21
66 21
65 21
64 21
