262 113
261 114
260 114
259 114
258 114
257 115
256 115
255 115
254 115
253 115
252 116
251 116
250 116
249 117
248 117
247 117
246 118
245 118
244 118
243 119
242 120
242 121
242 122
242 123
242 124
242 125
242 126
241 127
240 127
239 128
238 128
238 129
237 130
237 131
237 132
237 133
237 134
237 135
236 136
235 137
235 138
235 139
235 140
235 141
236 142
236 143
236 144
236 145
237 146
238 147
238 148
239 149
239 150
240 151
241 152
242 153
243 154
244 155
245 156
246 157
247 157
248 158
249 158
250 159
251 160
252 161
253 161
254 162
255 163
256 163
257 164
258 165
259 165
260 166
261 167
262 168
263 168
264 169
265 170
266 170
267 170
268 171
269 171
270 172
271 173
272 174
273 175
272 176
272 177
272 178
272 179
271 180
271 181
271 182
271 183
272 184
272 185
273 186
273 187
274 188
274 189
275 190
275 191
276 192
277 193
278 194
279 195
280 196
281 197
282 198
283 199
284 200
285 201
286 202
287 203
288 204
289 205
290 206
291 207
292 208
293 209
294 210
295 211
295 212
296 213
297 214
298 215
299 216
299 217
300 218
301 219
302 220
302 221
301 222
302 223
302 224
302 225
303 226
304 227
304 228
304 229
304 230
304 231
304 232
304 233
303 234
302 234
301 234
300 234
299 234
298 234
297 233
296 233
295 232
294 232
293 232
292 232
291 232
290 232
289 231
288 231
287 231
286 231
285 231
284 231
283 231
282 231
281 230
280 230
279 230
278 230
277 230
276 229
275 228
274 229
273 229
272 229
271 229
270 229
269 229
268 229
267 228
266 228
265 227
264 226
263 226
262 225
261 224
260 224
259 224
258 223
257 222
256 222
255 221
254 221
253 220
252 220
251 220
250 219
250 218
249 217
249 216
248 216
247 215
246 215
245 214
244 213
243 212
242 212
241 211
240 210
239 209
238 209
237 208
236 208
235 207
234 206
233 206
232 206
231 206
230 207
229 206
228 206
227 206
226 206
225 207
224 207
223 208
222 207
221 207
220 207
219 206
218 206
217 205
216 205
215 204
214 203
214 202
213 201
212 201
211 202
210 202
209 201
208 200
208 199
207 198
206 198
205 198
204 198
203 198
202 197
201 197
200 196
199 196
198 195
197 194
196 193
195 193
194 192
193 191
192 190
191 190
190 189
189 188
188 188
187 187
186 186
185 186
184 185
183 185
182 185
181 184
180 183
179 182
178 182
177 182
176 181
175 180
174 179
173 179
172 178
171 178
170 178
169 177
168 177
167 176
166 176
165 175
164 175
163 174
162 174
161 174
160 173
159 173
158 172
157 172
156 171
155 171
154 171
153 171
152 170
151 170
150 169
149 169
148 168
147 168
146 168
145 168
144 167
143 167
142 167
141 166
140 166
139 166
138 165
137 165
136 165
135 165
134 165
133 165
132 165
131 164
130 164
129 164
128 164
127 164
126 163
125 163
124 163
123 163
122 163
121 163
120 162
119 162
118 162
117 162
116 161
115 162
114 161
113 161
112 160
111 159
112 158
113 157
114 157
115 157
116 156
117 156
118 155
119 154
120 154
121 153
122 153
123 153
124 152
125 152
126 152
127 152
128 152
129 152
130 151
129 150
128 150
127 149
126 150
125 149
124 149
123 149
122 149
121 149
120 149
119 149
118 150
117 150
116 149
115 149
114 150
113 150
112 151
111 151
110 151
109 151
108 152
107 152
106 153
105 153
104 154
103 154
102 154
101 155
100 155
99 156
98 156
97 157
96 157
95 157
94 157
93 157
92 156
91 156
90 156
89 156
88 156
87 156
86 155
85 155
84 154
83 154
82 154
81 154
80 153
79 153
78 153
77 152
76 152
75 152
74 152
73 151
72 151
71 151
70 151
69 150
68 150
67 149
66 149
65 149
64 149
63 148
62 148
61 148
60 148
59 148
58 147
57 147
56 147
55 146
54 147
53 146
52 147
51 146
50 146
49 146
48 146
47 146
46 146
45 146
44 145
43 145
42 144
41 144
40 144
39 144
38 144
37 143
36 143
35 143
34 143
33 143
32 143
31 143
30 143
29 143
28 143
27 143
26 143
25 143
24 143
23 143
22 143
21 143
20 143
19 142
18 141
18 142
17 143
17 144
16 145
17 146
18 147
19 148
20 148
21 148
22 149
23 150
23 151
22 152
21 151
20 151
19 151
18 151
17 151
16 151
15 152
15 153
15 154
15 155
14 156
15 157
15 158
16 159
17 160
18 160
19 161
20 162
21 162
22 163
23 164
24 165
25 166
26 167
27 168
28 169
29 169
30 170
31 171
32 172
33 173
34 174
35 174
36 174
37 175
38 176
39 176
40 177
41 178
42 178
43 179
44 179
45 179
46 180
47 181
48 181
49 182
50 183
51 183
52 184
53 185
54 186
55 186
56 186
57 187
58 187
59 188
60 188
61 188
62 189
63 190
64 190
65 190
66 191
67 191
68 192
69 193
70 193
71 193
72 194
73 194
74 195
75 196
76 196
77 196
78 196
79 197
80 197
81 198
82 198
83 199
84 199
85 200
86 200
87 201
88 201
89 202
90 202
91 202
92 203
93 203
94 204
95 205
96 205
97 205
98 206
99 206
100 207
101 207
102 208
103 208
104 208
105 209
106 209
107 209
108 210
109 211
110 211
111 212
112 212
113 212
114 213
115 214
116 214
117 214
118 215
119 216
120 217
120 218
121 219
122 220
123 221
124 222
124 223
125 224
126 225
126 226
127 227
127 228
128 229
129 230
129 231
129 232
130 233
130 234
131 235
131 236
131 237
132 238
133 239
134 240
134 241
135 242
135 243
136 244
137 245
138 246
139 246
140 247
141 248
142 249
143 249
144 249
145 250
146 250
147 251
148 251
149 251
150 252
151 251
152 251
153 251
154 252
155 252
156 252
157 251
158 250
159 249
160 248
161 247
161 246
162 245
163 244
163 243
163 242
163 241
164 240
164 239
165 238
166 238
167 238
168 238
169 239
170 240
171 241
171 242
172 243
173 244
173 245
174 246
174 247
175 248
176 249
176 250
177 250
178 251
178 252
179 253
180 254
180 255
181 256
182 257
183 258
184 258
185 259
185 260
186 260
187 261
188 262
189 262
190 263
191 263
192 264
193 265
194 265
195 266
196 267
197 267
198 267
199 268
200 268
201 268
202 269
203 269
204 269
205 270
206 270
207 270
208 270
209 271
210 271
211 272
212 271
213 272
214 272
215 272
216 273
217 273
218 273
219 274
220 274
221 275
222 275
223 276
224 276
225 277
226 277
227 278
228 278
229 279
230 279
231 280
232 281
233 281
234 281
235 281
236 282
237 283
238 284
239 284
240 284
241 285
242 285
243 285
244 285
245 286
246 286
247 286
248 286
249 287
250 287
251 288
252 288
253 288
254 288
255 288
256 289
257 289
258 289
259 288
260 289
261 288
262 289
263 289
264 289
265 289
266 289
267 289
268 289
269 290
270 290
271 290
272 289
273 289
274 289
275 289
276 289
277 289
278 289
279 289
280 288
281 288
282 287
283 287
284 287
285 287
286 287
287 286
288 286
289 285
290 285
291 284
292 283
293 283
294 282
295 282
296 281
297 280
298 280
299 279
300 278
301 277
302 277
303 276
304 275
305 274
306 274
307 274
308 273
309 273
310 272
311 272
312 271
313 271
314 270
315 270
316 269
317 268
318 268
318 267
319 266
320 266
321 265
322 264
322 263
323 262
324 261
324 260
325 259
326 258
327 257
328 256
328 255
329 254
330 253
330 252
330 251
330 250
331 249
331 248
332 247
332 246
332 245
333 244
333 243
334 242
334 241
334 240
335 239
335 238
335 237
336 236
336 235
336 234
336 233
336 232
336 231
336 230
336 229
336 228
336 227
337 226
337 225
337 224
336 223
336 222
336 221
336 220
336 219
336 218
336 217
336 216
335 215
335 214
334 213
334 212
334 211
334 210
334 209
334 208
333 207
333 206
332 205
332 204
332 203
331 202
331 201
331 200
331 199
331 198
330 197
330 196
329 195
328 194
328 193
327 192
326 191
326 190
325 189
325 188
325 187
324 186
323 185
323 184
322 183
322 182
321 181
320 180
320 179
319 178
319 177
318 176
317 175
316 174
316 173
315 172
314 171
314 170
313 169
313 168
312 167
312 166
311 165
310 164
310 163
309 162
308 161
307 160
306 160
305 159
304 158
303 157
302 156
301 155
300 154
299 155
298 154
297 154
296 153
295 154
294 154
293 155
292 156
291 157
290 157
289 156
288 155
288 154
287 153
287 152
286 151
286 150
286 149
286 148
286 147
286 146
285 145
285 144
284 143
284 142
284 141
283 140
282 139
282 138
282 137
282 136
281 135
281 134
280 133
280 132
280 131
279 130
278 129
278 128
278 127
278 126
277 125
276 124
276 123
275 122
275 121
274 120
273 119
272 118
271 117
270 116
269 116
268 116
267 115
266 115
265 114
264 114
263 114
