74 18
73 19
72 19
71 19
70 20
69 20
68 20
67 21
66 21
65 22
64 23
63 24
62 25
61 26
60 27
59 27
58 28
57 29
56 29
55 30
54 31
53 31
52 32
51 32
50 33
49 34
48 34
47 34
46 35
45 35
44 36
43 36
42 37
41 37
40 38
39 38
38 39
37 39
36 40
35 41
34 41
33 41
32 42
31 43
30 44
29 45
28 45
27 46
26 47
25 48
24 49
23 50
23 51
22 52
21 53
20 54
19 55
19 56
18 57
17 58
17 59
16 60
16 61
15 62
15 63
14 64
14 65
13 66
13 67
13 68
12 69
12 70
12 71
11 72
11 73
11 74
11 75
10 76
10 77
10 78
10 79
10 80
10 81
10 82
10 83
10 84
10 85
10 86
10 87
11 88
11 89
11 90
11 91
11 92
11 93
12 94
12 95
13 96
13 97
14 98
14 99
15 100
15 101
16 102
16 103
17 104
18 105
19 106
20 106
21 107
22 107
23 108
24 108
25 109
26 109
27 109
28 109
29 109
30 109
31 109
32 109
33 108
34 108
35 108
36 107
37 107
38 106
39 106
40 105
41 104
42 103
43 102
44 101
45 100
46 99
47 98
48 97
48 96
49 95
50 94
51 93
52 92
52 91
53 90
54 89
54 88
55 87
55 86
56 85
56 84
57 83
57 82
58 81
59 80
59 79
60 78
61 77
61 76
62 75
63 74
64 73
64 72
65 71
66 70
66 69
67 68
68 67
69 66
70 65
70 64
71 63
72 62
73 61
74 60
74 59
75 58
76 57
76 56
77 55
78 54
78 53
79 52
80 51
80 50
81 49
81 48
82 47
82 46
83 45
83 44
83 43
84 42
83 41
82 41
81 42
80 43
79 44
79 45
78 46
78 47
77 48
76 49
76 50
75 51
74 52
73 53
72 54
71 55
71 56
70 57
69 58
68 59
67 60
66 61
65 62
64 63
63 64
63 65
62 66
61 67
60 68
59 69
58 70
58 71
57 72
56 73
56 74
55 75
54 76
53 77
53 78
52 79
51 80
51 81
50 82
50 83
49 84
48 85
48 86
47 87
46 88
45 89
44 90
44 91
43 92
42 93
41 94
40 95
39 96
38 97
37 97
36 98
35 98
34 98
33 99
32 99
31 99
30 99
29 99
28 100
27 100
26 99
25 99
24 98
23 98
22 97
21 96
20 95
19 94
19 93
18 92
18 91
18 90
18 89
18 88
17 87
17 86
17 85
17 84
17 83
17 82
17 81
17 80
18 79
18 78
18 77
18 76
18 75
19 74
19 73
20 72
20 71
20 70
21 69
21 68
22 67
22 66
23 65
23 64
24 63
25 62
25 61
26 60
27 59
28 58
29 57
30 56
31 55
32 54
33 53
34 52
35 51
36 51
37 50
38 50
39 49
40 49
41 48
42 48
43 47
44 46
45 46
46 45
47 45
48 44
49 44
50 43
51 43
52 42
53 42
54 41
55 41
56 40
57 40
58 39
59 38
60 38
61 37
62 36
63 36
64 35
65 34
66 34
67 34
68 34
69 34
70 34
71 34
72 33
73 33
74 32
75 31
76 30
77 30
78 29
79 29
80 28
81 27
82 27
83 26
84 25
85 24
85 23
85 22
85 21
84 20
83 20
82 20
81 19
80 19
79 18
78 18
77 18
76 18
75 18
