86 2
85 3
84 3
83 4
82 4
81 4
80 4
79 5
78 5
77 6
76 7
75 7
74 7
73 7
72 7
71 7
70 7
69 8
68 8
67 9
66 9
65 10
65 11
64 12
63 13
62 14
61 14
60 15
59 16
58 16
57 15
57 14
57 13
57 12
58 11
58 10
57 9
56 10
55 11
55 12
54 13
54 14
53 15
52 16
51 16
50 17
49 18
48 19
48 20
48 21
47 22
46 23
45 23
44 23
43 22
42 23
42 24
42 25
41 26
41 27
40 28
39 29
38 30
38 31
37 32
37 33
37 34
37 35
37 36
36 37
35 36
34 36
33 35
32 36
32 37
32 38
32 39
31 40
31 41
31 42
31 43
30 44
30 45
30 46
30 47
29 48
28 49
27 49
26 50
26 51
25 52
25 53
24 54
24 55
23 56
23 57
23 58
22 59
22 60
21 61
21 62
21 63
20 64
20 65
20 66
20 67
19 68
19 69
18 70
18 71
17 72
17 73
17 74
17 75
17 76
17 77
17 78
16 79
16 80
16 81
15 82
15 83
15 84
15 85
14 86
14 87
13 88
13 89
13 90
13 91
13 92
13 93
13 94
12 95
12 96
11 97
11 98
11 99
11 100
11 101
11 102
11 103
11 104
11 105
11 106
11 107
11 108
11 109
11 110
11 111
11 112
10 113
10 114
9 115
9 116
9 117
9 118
9 119
9 120
8 121
8 122
8 123
8 124
8 125
8 126
8 127
8 128
9 129
9 130
9 131
8 132
8 133
8 134
8 135
8 136
8 137
8 138
8 139
8 140
8 141
8 142
8 143
8 144
8 145
8 146
8 147
8 148
8 149
7 150
6 151
5 152
5 153
5 154
5 155
5 156
5 157
5 158
5 159
5 160
5 161
6 162
6 163
5 164
4 165
3 166
3 167
4 168
4 169
4 170
4 171
5 172
5 173
5 174
5 175
5 176
5 177
5 178
5 179
5 180
5 181
5 182
5 183
5 184
5 185
5 186
5 187
5 188
5 189
5 190
5 191
5 192
6 193
6 194
6 195
6 196
5 197
5 198
5 199
5 200
5 201
5 202
5 203
5 204
5 205
5 206
5 207
5 208
5 209
5 210
5 211
5 212
5 213
4 214
4 215
4 216
4 217
4 218
4 219
4 220
4 221
5 222
5 223
5 224
5 225
4 226
4 227
3 228
3 229
3 230
3 231
3 232
3 233
3 234
3 235
3 236
3 237
3 238
3 239
3 240
3 241
3 242
3 243
3 244
3 245
2 246
2 247
1 248
1 249
1 250
1 251
1 252
2 253
2 254
2 255
2 256
3 257
3 258
4 259
4 260
4 261
5 262
6 263
6 264
7 265
7 266
8 267
9 268
10 269
11 270
12 271
12 272
12 273
12 274
13 275
13 276
14 277
14 278
14 279
15 280
16 281
17 282
17 283
17 284
18 285
18 286
18 287
19 288
19 289
19 290
20 291
21 292
21 293
22 294
22 295
22 296
23 297
23 298
23 299
24 300
24 301
24 302
24 303
25 304
25 305
26 306
26 307
26 308
26 309
27 310
27 311
27 312
28 313
29 313
30 314
31 314
32 314
33 314
34 313
35 313
36 313
37 313
38 314
39 315
40 315
41 315
42 315
43 314
43 313
43 312
44 311
45 310
45 309
45 308
45 307
45 306
45 305
45 304
45 303
44 302
44 301
44 300
44 299
44 298
44 297
44 296
44 295
44 294
45 293
45 292
45 291
45 290
45 289
45 288
45 287
45 286
45 285
44 284
44 283
43 282
43 281
43 280
43 279
43 278
43 277
43 276
43 275
43 274
43 273
43 272
44 271
45 270
45 269
45 268
46 267
46 266
46 265
46 264
46 263
46 262
46 261
46 260
46 259
45 258
45 257
45 256
45 255
45 254
45 253
45 252
45 251
45 250
45 249
45 248
45 247
45 246
44 245
44 244
44 243
44 242
44 241
44 240
45 239
45 238
45 237
45 236
45 235
45 234
45 233
45 232
45 231
45 230
44 229
44 228
44 227
44 226
44 225
45 224
45 223
45 222
45 221
45 220
45 219
45 218
45 217
45 216
45 215
45 214
45 213
45 212
44 211
44 210
43 209
44 208
45 207
45 206
45 205
45 204
45 203
46 202
46 201
46 200
46 199
46 198
46 197
47 196
48 195
48 194
48 193
48 192
48 191
47 190
47 189
47 188
48 187
49 186
50 185
50 184
50 183
50 182
50 181
50 180
50 179
49 178
49 177
49 176
50 175
51 174
51 173
51 172
51 171
51 170
51 169
51 168
51 167
51 166
51 165
51 164
51 163
51 162
51 161
51 160
51 159
51 158
51 157
51 156
51 155
51 154
51 153
51 152
51 151
51 150
51 149
51 148
51 147
51 146
51 145
51 144
51 143
51 142
51 141
51 140
51 139
51 138
51 137
52 136
52 135
52 134
52 133
52 132
52 131
53 130
53 129
53 128
53 127
53 126
53 125
53 124
53 123
53 122
53 121
53 120
53 119
53 118
53 117
54 116
54 115
54 114
54 113
54 112
54 111
54 110
54 109
54 108
54 107
54 106
54 105
54 104
54 103
55 102
55 101
55 100
55 99
55 98
55 97
55 96
55 95
55 94
55 93
55 92
54 91
54 90
54 89
54 88
54 87
54 86
54 85
54 84
54 83
54 82
54 81
53 80
53 79
53 78
53 77
53 76
54 75
55 74
55 73
55 72
55 71
55 70
55 69
56 68
55 67
55 66
55 65
55 64
55 63
56 62
56 61
56 60
56 59
56 58
56 57
57 56
58 55
59 54
59 53
59 52
59 51
59 50
59 49
60 48
60 47
60 46
60 45
60 44
61 43
61 42
61 41
61 40
62 39
62 38
62 37
62 36
63 35
63 34
64 33
64 32
64 31
65 30
66 29
67 28
68 27
69 27
70 26
71 25
72 24
73 23
74 22
75 21
76 20
77 20
78 20
79 19
80 18
81 17
82 17
83 17
84 17
85 16
86 16
87 16
88 15
89 15
90 15
91 15
92 15
93 15
94 15
95 15
96 16
97 16
98 16
99 16
100 16
101 16
102 17
103 17
104 17
105 17
106 18
107 18
108 19
109 20
110 20
111 21
112 22
113 23
114 23
115 24
116 25
117 26
118 27
119 28
120 29
121 30
121 31
122 32
122 33
123 34
123 35
124 36
124 37
124 38
124 39
124 40
124 41
124 42
125 43
125 44
125 45
125 46
125 47
125 48
125 49
125 50
125 51
125 52
124 53
124 54
124 55
124 56
124 57
124 58
124 59
124 60
124 61
124 62
124 63
123 64
123 65
123 66
124 67
124 68
124 69
124 70
124 71
124 72
124 73
124 74
125 75
125 76
125 77
125 78
125 79
125 80
125 81
125 82
125 83
125 84
125 85
125 86
125 87
125 88
125 89
125 90
125 91
125 92
125 93
124 94
124 95
124 96
124 97
124 98
124 99
124 100
125 101
125 102
125 103
125 104
125 105
125 106
125 107
125 108
125 109
125 110
125 111
125 112
125 113
125 114
125 115
125 116
125 117
125 118
125 119
125 120
125 121
125 122
125 123
125 124
125 125
125 126
125 127
125 128
125 129
125 130
125 131
125 132
125 133
125 134
125 135
126 136
126 137
126 138
125 139
125 140
125 141
124 142
124 143
123 144
123 145
122 146
121 147
120 148
120 149
119 150
118 151
117 152
116 153
115 154
114 155
113 156
113 157
114 158
115 158
116 157
117 156
118 155
119 155
120 154
121 153
122 152
123 151
123 150
124 149
125 148
125 147
126 146
126 145
127 144
127 143
128 142
128 141
128 140
128 139
128 138
128 137
128 136
128 135
128 134
128 133
128 132
128 131
128 130
128 129
128 128
128 127
128 126
128 125
128 124
128 123
128 122
128 121
128 120
128 119
128 118
128 117
128 116
128 115
128 114
128 113
128 112
128 111
128 110
128 109
128 108
128 107
128 106
128 105
128 104
128 103
129 102
129 101
129 100
129 99
129 98
129 97
129 96
129 95
130 94
130 93
130 92
130 91
130 90
130 89
130 88
131 87
131 86
131 85
131 84
131 83
131 82
131 81
132 80
132 79
132 78
132 77
132 76
132 75
132 74
132 73
132 72
132 71
132 70
132 69
132 68
132 67
132 66
132 65
132 64
132 63
132 62
131 61
131 60
131 59
131 58
131 57
131 56
131 55
131 54
131 53
131 52
131 51
130 50
130 49
130 48
130 47
130 46
130 45
130 44
130 43
131 42
132 42
133 43
134 43
135 42
135 41
134 40
133 39
133 38
132 37
132 36
132 35
132 34
131 33
130 32
130 31
130 30
130 29
130 28
129 27
128 26
128 25
128 24
128 23
127 22
126 22
125 21
124 20
123 20
122 19
121 19
120 18
119 17
118 16
117 16
116 15
115 15
114 14
113 14
112 14
111 14
110 13
109 13
108 13
107 13
106 13
105 12
104 11
104 10
105 9
106 8
107 7
106 6
105 6
104 6
103 6
102 6
101 6
100 6
99 6
98 6
97 6
96 7
95 7
94 7
93 7
92 7
91 7
90 6
90 5
90 4
91 3
90 2
89 2
88 2
87 2
