211 48
210 49
209 49
208 50
207 51
206 52
205 52
204 53
204 54
203 55
203 56
202 57
201 58
200 59
199 60
199 61
198 62
197 63
197 64
196 65
195 65
194 66
193 67
192 68
191 69
191 70
190 71
190 72
189 73
189 74
189 75
188 76
188 77
187 78
187 79
186 80
186 81
185 82
185 83
184 84
184 85
184 86
183 87
183 88
182 89
182 90
181 91
180 92
180 93
179 94
179 95
178 96
178 97
177 98
177 99
176 100
176 101
175 102
174 103
174 104
173 105
173 106
172 107
171 108
171 109
170 110
170 111
170 112
170 113
169 114
168 115
167 116
167 117
166 118
165 119
164 120
163 121
163 122
163 123
163 124
162 125
162 126
161 127
160 128
160 129
159 130
159 131
158 132
158 133
157 134
156 135
155 135
155 136
154 137
154 138
153 139
152 140
152 141
151 142
150 143
149 144
149 145
149 146
148 147
148 148
147 149
146 150
146 151
146 152
145 153
145 154
145 155
144 156
144 157
143 158
143 159
142 160
142 161
141 162
141 163
140 164
139 165
139 166
138 167
137 168
137 169
137 170
136 171
136 172
135 173
134 174
133 175
132 176
132 177
131 178
131 179
130 180
129 181
128 182
128 183
128 184
127 185
126 186
126 187
125 188
124 189
123 190
122 191
122 192
122 193
121 194
120 195
120 196
119 197
118 198
117 199
117 200
116 201
115 202
114 203
114 204
113 205
112 206
111 207
110 208
110 209
109 210
108 211
108 212
107 213
106 214
105 215
104 216
103 217
102 218
101 218
100 219
99 219
98 220
97 221
96 221
95 222
94 222
93 223
92 224
91 224
90 224
89 225
88 225
87 225
86 226
85 226
84 226
83 226
82 226
81 226
80 226
79 226
78 225
77 225
76 225
75 226
74 225
73 225
72 225
71 225
70 224
69 223
68 223
67 223
66 222
65 222
64 221
63 220
62 219
61 219
60 218
59 217
58 217
57 216
56 215
56 214
55 213
54 212
53 212
52 211
51 210
50 209
50 208
50 207
50 206
49 205
48 204
48 203
48 202
48 201
47 200
46 199
46 198
46 197
46 196
45 195
45 194
45 193
45 192
45 191
45 190
44 189
44 188
44 187
44 186
44 185
44 184
44 183
44 182
44 181
44 180
44 179
44 178
44 177
45 176
45 175
45 174
45 173
46 172
46 171
46 170
47 169
47 168
47 167
48 166
48 165
49 164
50 163
50 162
50 161
51 160
51 159
52 158
53 157
54 156
55 156
56 155
56 154
57 153
58 153
59 152
60 151
61 150
62 149
63 148
64 147
65 146
66 146
67 145
68 145
69 144
70 143
71 143
72 143
73 143
74 142
75 141
76 141
77 140
78 140
79 139
80 139
81 138
82 138
83 137
84 137
85 136
86 136
87 135
88 135
89 134
90 134
91 133
92 133
93 132
94 132
95 131
96 131
97 130
98 130
99 129
100 129
101 128
102 127
103 127
104 126
105 125
106 125
107 124
108 124
109 123
110 123
111 122
112 121
113 121
114 120
115 119
116 118
117 117
118 117
119 116
120 116
121 115
122 114
123 113
124 112
125 112
126 111
126 110
127 109
128 108
129 107
130 107
130 106
131 105
132 104
133 103
133 102
134 101
135 100
136 100
137 99
137 98
138 97
139 97
140 96
141 95
142 94
143 94
144 93
144 92
145 91
146 90
147 89
148 88
149 87
150 86
151 85
152 84
152 83
152 82
151 82
150 82
149 83
148 83
147 83
146 83
145 84
144 84
143 85
142 86
141 86
140 86
139 87
138 87
137 88
136 89
135 90
134 90
133 91
132 92
131 92
130 93
129 93
128 94
127 95
126 95
125 96
124 97
123 98
122 98
121 99
120 100
119 101
118 101
117 101
116 102
115 103
114 104
113 104
112 105
111 106
110 106
109 107
108 107
107 108
106 109
105 109
104 110
103 110
102 111
101 111
100 112
99 112
98 113
97 114
96 114
95 114
94 115
93 115
92 116
91 117
90 117
89 117
88 118
87 119
86 120
85 120
84 120
83 120
82 121
81 121
80 122
79 122
78 122
77 122
76 122
75 121
74 122
74 123
73 124
72 125
71 126
70 126
69 127
68 127
67 128
66 128
65 129
64 129
63 129
62 130
61 131
60 132
59 132
58 132
57 132
56 133
55 134
54 135
53 136
52 136
51 137
50 138
49 139
48 140
47 141
46 142
45 143
44 144
43 144
43 145
42 146
41 147
40 147
39 148
38 149
38 150
37 151
37 152
37 153
36 154
35 155
35 156
34 157
33 157
32 158
32 159
31 160
31 161
31 162
31 163
30 164
29 165
29 166
28 167
28 168
28 169
28 170
28 171
27 172
27 173
27 174
27 175
27 176
27 177
26 178
26 179
26 180
26 181
26 182
26 183
26 184
26 185
26 186
26 187
26 188
26 189
26 190
26 191
27 192
27 193
27 194
27 195
27 196
28 197
28 198
29 199
29 200
29 201
29 202
29 203
29 204
29 205
30 206
30 207
31 208
31 209
32 210
32 211
32 212
33 213
33 214
34 215
34 216
35 217
35 218
36 219
37 220
37 221
38 222
38 223
39 224
40 225
41 226
42 227
43 228
43 229
44 230
45 231
46 232
47 233
48 234
49 234
50 235
51 235
52 236
53 237
54 237
55 238
56 239
57 239
58 240
59 240
60 240
61 241
62 241
63 241
64 242
65 243
66 243
67 243
68 243
69 243
70 243
71 244
72 244
73 244
74 244
75 244
76 244
77 244
78 245
79 245
80 245
81 245
82 245
83 245
84 245
85 245
86 245
87 244
88 244
89 244
90 244
91 244
92 244
93 243
94 243
95 243
96 243
97 242
98 242
99 242
100 241
101 241
102 240
103 240
104 239
105 239
106 238
107 238
108 237
109 236
110 236
111 235
112 234
113 233
114 232
115 231
116 230
117 229
118 228
119 227
120 226
120 225
121 224
122 223
123 222
124 221
125 220
126 219
127 218
128 217
128 216
129 215
130 214
131 213
131 212
132 211
133 210
134 209
134 208
135 207
136 206
137 205
137 204
138 203
138 202
139 201
140 200
141 199
141 198
142 197
143 196
144 195
145 194
145 193
146 192
146 191
147 190
148 189
149 188
149 187
150 186
150 185
151 184
152 183
152 182
153 181
153 180
154 179
155 178
155 177
156 176
157 175
157 174
158 173
158 172
159 171
159 170
160 169
161 168
161 167
162 166
162 165
162 164
163 163
164 162
165 161
165 160
166 159
167 158
167 157
168 156
168 155
169 154
169 153
170 152
170 151
170 150
171 149
172 148
172 147
173 146
174 145
174 144
175 143
175 142
176 141
176 140
177 139
178 138
178 137
179 136
179 135
180 134
181 133
181 132
182 131
182 130
182 129
182 128
183 127
184 126
184 125
184 124
185 123
186 122
186 121
187 120
187 119
188 118
188 117
189 116
189 115
190 114
190 113
191 112
191 111
191 110
192 109
192 108
193 107
193 106
194 105
195 104
196 103
197 102
198 101
199 100
199 99
199 98
199 97
199 96
200 95
201 94
202 93
202 92
203 91
204 90
205 89
205 88
206 87
207 86
207 85
207 84
208 83
208 82
209 81
210 80
210 79
210 78
211 77
211 76
212 75
212 74
212 73
213 72
212 71
213 70
213 69
213 68
213 67
214 66
214 65
214 64
215 63
215 62
215 61
215 60
216 59
216 58
216 57
216 56
216 55
216 54
216 53
215 52
215 51
214 50
214 49
213 48
212 48
