208 17
207 18
206 18
205 18
204 18
203 18
202 18
201 19
200 19
199 19
198 19
197 19
196 20
195 20
194 20
193 20
192 20
191 20
190 21
189 21
188 22
187 22
186 22
185 22
184 23
183 23
182 23
181 23
180 23
179 24
178 24
177 25
176 25
175 25
174 26
173 26
172 26
171 26
170 26
169 26
168 27
167 28
166 28
165 28
164 28
163 28
162 29
161 29
160 29
159 29
158 29
157 29
156 29
155 29
154 29
153 29
152 29
151 29
150 30
149 30
148 30
147 30
146 30
145 31
144 31
143 31
142 32
141 32
140 32
139 33
138 33
137 33
136 33
135 33
134 33
133 34
132 34
131 34
130 34
129 34
128 34
127 35
126 36
125 36
124 36
123 36
122 36
121 36
120 36
119 36
118 36
117 37
116 37
115 37
114 37
113 37
112 38
111 39
110 39
109 39
108 39
107 39
106 40
105 40
104 41
103 41
102 41
101 41
100 42
99 42
98 42
97 43
96 43
95 43
94 44
93 45
92 45
91 45
90 44
89 44
88 45
87 45
86 45
85 46
84 47
83 48
82 48
81 48
80 49
79 49
78 50
77 51
76 51
75 51
74 52
73 53
72 54
71 54
70 55
69 55
68 55
67 56
66 57
65 57
64 57
63 58
62 58
61 59
60 59
59 60
58 60
57 61
56 61
55 62
54 62
53 63
52 63
51 64
50 64
49 65
48 65
47 66
46 67
45 67
44 68
43 69
42 70
41 71
40 71
39 72
38 73
37 74
36 74
35 75
34 76
33 77
32 77
31 78
30 79
30 80
29 81
28 82
28 83
27 84
27 85
27 86
26 87
25 88
24 89
24 90
23 91
23 92
22 93
21 94
21 95
20 96
20 97
20 98
20 99
19 100
19 101
19 102
19 103
19 104
18 105
18 106
18 107
18 108
17 109
17 110
17 111
16 112
16 113
16 114
17 115
17 116
16 117
16 118
16 119
16 120
16 121
16 122
15 123
15 124
15 125
16 126
16 127
15 128
14 129
14 130
15 131
15 132
16 133
16 134
16 135
16 136
16 137
17 138
17 139
17 140
17 141
18 142
18 143
19 144
19 145
19 146
19 147
19 148
20 149
21 150
21 151
21 152
22 153
22 154
23 155
23 156
24 157
24 158
24 159
25 160
26 161
27 162
27 163
28 164
29 165
29 166
30 167
31 168
31 169
32 170
33 171
34 172
35 173
36 174
37 175
38 176
39 177
40 178
41 179
42 180
43 181
44 181
45 182
46 182
47 183
48 184
49 184
50 184
51 185
52 185
53 186
54 187
55 187
56 187
57 187
58 188
59 188
60 189
61 189
62 189
63 189
64 189
65 190
66 190
67 190
68 191
69 191
70 191
71 191
72 191
73 192
74 192
75 192
76 192
77 192
78 192
79 192
80 192
81 192
82 192
83 192
84 192
85 191
86 191
87 192
88 192
89 192
90 192
91 191
92 191
93 191
94 191
95 191
96 190
97 190
98 190
99 190
100 190
101 190
102 189
103 189
104 189
105 189
106 189
107 189
108 188
109 188
110 188
111 188
112 188
113 187
114 187
115 186
116 186
117 186
118 185
119 185
120 184
121 184
122 183
123 183
124 182
125 181
126 180
127 180
128 180
129 179
130 178
131 178
132 178
133 178
134 178
135 178
136 177
137 176
138 176
139 176
140 175
141 175
142 174
143 173
144 173
145 173
146 172
147 171
148 170
149 170
150 169
151 168
152 168
153 167
154 166
155 165
156 164
157 163
157 162
158 161
158 160
158 159
159 158
160 157
160 156
161 155
161 154
162 153
162 152
162 151
162 150
162 149
161 148
160 147
159 147
158 147
157 147
156 147
155 147
154 147
153 148
152 148
151 149
150 149
149 150
148 150
147 150
146 150
145 150
144 151
143 151
142 151
141 151
140 151
139 151
138 152
137 152
136 153
135 153
134 153
133 154
132 155
131 155
130 155
129 155
128 156
127 157
126 157
125 157
124 158
123 158
122 158
121 159
120 159
119 160
118 160
117 160
116 160
115 161
114 161
113 161
112 162
111 162
110 163
109 163
108 163
107 163
106 163
105 164
104 164
103 164
102 164
101 164
100 164
99 165
98 165
97 164
96 164
95 164
94 164
93 165
92 165
91 164
90 164
89 164
88 165
87 165
86 165
85 164
84 164
83 164
82 163
81 163
80 163
79 163
78 163
77 163
76 163
75 163
74 163
73 162
72 161
71 161
70 161
69 161
68 161
67 161
66 160
65 159
64 159
63 158
62 157
61 156
60 155
60 154
59 153
58 152
57 151
56 150
55 149
54 148
53 147
52 146
52 145
52 144
52 143
52 142
52 141
51 140
51 139
50 138
49 137
48 136
48 135
47 134
47 133
47 132
48 131
48 130
49 129
49 128
49 127
49 126
49 125
49 124
49 123
50 122
50 121
51 120
51 119
52 118
53 117
53 116
53 115
53 114
53 113
54 112
54 111
55 110
55 109
56 108
57 107
58 106
59 106
60 105
61 104
61 103
62 102
63 101
64 100
65 99
66 98
67 97
68 96
69 96
70 95
71 94
72 94
73 93
74 93
75 92
76 92
77 91
78 90
79 90
80 90
81 89
82 88
83 88
84 88
85 87
86 87
87 86
88 86
89 86
90 85
91 85
92 84
93 84
94 83
95 83
96 83
97 82
98 82
99 81
100 81
101 80
102 80
103 80
104 79
105 79
106 79
107 79
108 79
109 78
110 78
111 77
112 77
113 77
114 77
115 76
116 76
117 76
118 75
119 75
120 75
121 74
122 74
123 74
124 74
125 74
126 74
127 73
128 73
129 73
130 73
131 73
132 72
133 72
134 72
135 72
136 72
137 72
138 71
139 71
140 71
141 71
142 71
143 71
144 71
145 71
146 71
147 71
148 71
149 71
150 71
151 71
152 71
153 71
154 71
155 70
156 70
157 70
158 70
159 70
160 70
161 69
162 69
163 70
164 70
165 70
166 70
167 69
168 69
169 70
170 70
171 70
172 70
173 69
174 69
175 69
176 69
177 69
178 69
179 69
180 69
181 69
182 69
183 68
184 68
185 68
186 68
187 68
188 68
189 67
190 67
191 68
192 68
193 68
194 68
195 67
196 67
197 67
198 67
199 67
200 67
201 66
202 66
203 66
204 66
205 66
206 65
207 65
208 66
209 66
210 66
211 66
212 65
213 65
214 65
215 65
216 65
217 65
218 65
219 65
220 65
221 65
222 65
223 64
224 64
225 64
226 64
227 64
228 64
229 63
230 63
231 63
232 63
233 63
234 63
235 63
236 63
237 63
238 62
239 62
240 62
241 62
242 62
243 62
244 62
245 62
246 62
247 61
248 61
249 61
250 61
251 61
252 60
253 60
254 60
255 61
256 61
257 61
258 60
259 60
260 60
261 61
262 61
263 61
264 60
265 60
266 60
267 60
268 59
269 59
270 58
271 58
272 58
273 57
274 56
275 56
276 56
277 55
278 55
279 54
280 54
281 53
282 52
283 52
284 51
285 50
286 49
287 49
288 48
289 48
290 47
291 47
292 46
293 46
294 45
295 44
296 43
297 43
298 42
299 42
300 41
301 40
302 39
303 38
304 37
305 36
304 35
304 34
304 33
304 32
304 31
304 30
304 29
303 28
302 28
301 28
300 27
299 27
298 27
297 26
296 26
295 26
294 26
293 26
292 25
291 25
290 24
289 24
288 23
287 23
286 22
285 21
284 20
283 20
282 20
281 20
280 20
279 20
278 19
277 19
276 19
275 19
274 18
273 18
272 17
271 17
270 18
269 18
268 18
267 18
266 18
265 19
264 19
263 18
262 18
261 18
260 18
259 19
258 19
257 19
256 19
255 19
254 19
253 19
252 19
251 19
250 19
249 19
248 19
247 20
246 20
245 20
244 20
243 20
242 20
241 20
240 20
239 20
238 20
237 20
236 20
235 20
234 20
233 19
232 19
231 19
230 19
229 19
228 19
227 18
226 18
225 18
224 18
223 18
222 17
221 17
220 17
219 17
218 17
217 17
216 17
215 17
214 17
213 17
212 17
211 17
210 17
209 17
