250 41
249 42
248 42
247 42
246 42
245 43
244 43
243 44
242 44
241 45
240 46
239 47
238 48
237 48
236 49
235 49
234 50
233 50
232 50
231 51
230 51
229 51
228 51
227 52
226 52
225 53
224 54
223 54
222 55
221 55
220 55
219 55
218 54
218 53
217 52
216 52
215 52
214 52
213 53
212 53
211 54
210 55
209 56
208 57
207 57
206 57
205 57
204 57
203 57
202 57
201 57
200 57
199 57
198 57
197 58
196 58
195 59
194 60
193 60
192 61
191 61
190 62
189 62
188 63
187 64
186 65
185 65
184 65
183 65
182 66
181 66
180 67
179 68
179 69
179 70
178 71
178 72
177 73
176 74
175 74
174 74
173 75
172 75
171 75
170 75
169 75
168 76
167 76
166 77
165 77
164 77
163 77
162 78
161 78
160 78
159 78
158 78
157 78
156 78
155 78
154 78
153 78
152 78
151 78
150 78
149 78
148 77
147 77
146 77
145 77
144 77
143 77
142 77
141 77
140 77
139 77
138 77
137 77
136 78
135 78
134 78
133 78
132 78
131 78
130 78
129 78
128 78
127 78
126 78
125 78
124 78
123 79
122 79
121 79
120 79
119 80
118 80
117 80
116 81
115 81
114 81
113 81
112 81
111 81
110 81
109 81
108 81
107 81
106 81
105 80
104 80
103 80
102 80
101 79
100 79
99 79
98 79
97 79
96 79
95 79
94 79
93 79
92 79
91 80
90 80
89 80
88 80
87 81
86 81
85 81
84 81
83 81
82 81
81 81
80 81
79 81
78 81
77 81
76 82
75 82
74 82
73 82
72 82
71 82
70 82
69 82
68 83
67 83
66 83
65 83
64 84
63 84
62 84
61 85
60 85
59 85
58 86
57 86
56 86
55 87
54 87
53 88
52 88
51 89
50 89
49 90
48 90
47 91
46 91
45 92
44 92
43 93
42 94
41 95
40 96
40 97
39 98
39 99
39 100
38 101
38 102
37 103
36 104
35 105
34 106
33 106
32 107
31 108
30 108
29 109
28 110
27 111
27 112
26 113
26 114
25 115
25 116
25 117
24 118
24 119
24 120
24 121
23 122
23 123
23 124
23 125
22 126
22 127
22 128
22 129
22 130
22 131
21 132
21 133
21 134
21 135
21 136
21 137
21 138
21 139
22 140
22 141
22 142
22 143
22 144
22 145
22 146
22 147
23 148
23 149
24 150
24 151
25 152
25 153
26 154
26 155
27 156
28 157
28 158
29 159
30 160
31 161
31 162
32 163
33 164
34 165
34 166
35 167
35 168
36 168
37 168
38 169
39 169
40 170
41 170
42 171
43 172
44 172
45 173
46 173
47 174
48 174
49 175
50 176
51 176
52 177
53 177
54 178
55 178
56 179
57 179
58 180
59 180
60 180
61 181
62 181
63 182
64 182
65 183
66 183
67 184
68 184
69 185
70 186
71 187
72 187
73 187
74 187
75 187
76 187
77 187
78 188
79 188
80 188
81 188
82 189
83 189
84 189
85 189
86 190
87 190
88 190
89 191
90 191
91 191
92 191
93 192
94 192
95 192
96 193
97 193
98 193
99 194
100 194
101 194
102 194
103 194
104 194
105 194
106 194
107 195
108 195
109 195
110 195
111 195
112 196
113 196
114 196
115 196
116 196
117 196
118 196
119 197
120 197
121 197
122 197
123 197
124 197
125 197
126 197
127 198
128 198
129 198
130 198
131 198
132 198
133 198
134 198
135 198
136 198
137 198
138 198
139 198
140 198
141 198
142 199
143 198
144 198
145 197
146 197
147 197
148 197
149 197
150 197
151 196
152 196
153 196
154 196
155 196
156 196
157 196
158 196
159 196
160 197
161 197
162 197
163 197
164 197
165 197
166 197
167 197
168 197
169 196
170 196
171 196
172 196
173 196
174 196
175 195
176 195
177 195
178 195
179 195
180 194
181 194
182 194
183 194
184 193
185 193
186 193
187 192
188 192
189 192
190 191
191 191
192 191
193 191
194 190
195 190
196 190
197 189
198 189
199 189
200 188
201 188
202 188
203 187
204 187
205 187
206 187
207 186
208 186
209 186
210 185
211 185
212 185
213 185
214 185
215 184
216 184
217 184
218 184
219 184
220 183
221 183
222 183
223 183
224 183
225 182
226 182
227 182
228 182
229 182
230 182
231 182
232 181
233 181
234 181
235 181
236 181
237 181
238 181
239 180
240 180
241 180
242 180
243 180
244 180
245 180
246 180
247 180
248 180
249 180
250 179
251 179
252 179
253 179
254 179
255 179
256 179
257 179
258 179
259 179
260 179
261 179
262 179
263 179
264 179
265 179
266 179
267 179
268 179
269 179
270 179
271 179
272 179
273 179
274 180
275 180
276 180
277 180
278 180
279 180
280 180
281 180
282 180
283 180
284 180
285 181
286 181
287 181
288 181
289 181
290 181
291 182
292 182
293 182
294 182
295 182
296 183
297 184
297 185
298 186
298 187
298 188
299 189
300 190
301 191
302 191
303 192
304 193
305 193
306 193
307 194
308 194
309 194
310 194
311 195
312 195
313 195
314 195
315 195
316 195
317 196
318 196
319 196
320 196
321 196
322 196
323 197
324 197
325 197
326 197
327 197
328 197
329 197
330 197
331 198
332 198
333 198
334 198
335 198
336 198
337 198
338 198
339 198
340 198
341 198
342 198
343 198
344 198
345 198
346 198
347 198
348 198
349 198
350 198
351 198
352 198
353 198
354 198
355 198
356 198
357 198
358 198
359 198
360 198
361 198
362 198
363 198
364 198
365 198
366 198
367 198
368 198
369 198
370 198
371 198
372 197
373 197
374 197
375 197
376 197
377 197
378 197
379 197
380 196
381 196
382 196
383 196
384 196
385 195
386 195
387 195
388 194
389 194
390 194
391 194
392 193
393 193
394 192
395 192
396 192
397 191
398 191
399 190
400 190
401 189
402 188
403 188
404 187
405 186
406 185
407 184
408 183
409 182
409 181
410 180
411 179
411 178
412 177
412 176
413 175
413 174
413 173
414 172
414 171
414 170
415 169
415 168
415 167
416 166
416 165
416 164
416 163
416 162
417 161
417 160
417 159
417 158
418 157
418 156
418 155
418 154
419 153
419 152
419 151
419 150
420 149
420 148
420 147
420 146
420 145
420 144
420 143
420 142
420 141
420 140
420 139
420 138
420 137
420 136
420 135
420 134
421 133
421 132
422 131
422 130
422 129
423 128
423 127
423 126
423 125
424 124
424 123
424 122
424 121
424 120
425 119
425 118
425 117
425 116
425 115
425 114
425 113
425 112
425 111
425 110
425 109
425 108
424 107
424 106
424 105
424 104
424 103
424 102
424 101
424 100
424 99
424 98
423 97
423 96
423 95
423 94
423 93
423 92
422 91
422 90
422 89
421 88
421 87
421 86
420 85
420 84
420 83
419 82
419 81
418 80
417 79
417 78
416 77
415 76
414 75
413 74
413 73
412 73
411 72
410 71
409 70
408 69
407 68
406 67
405 66
404 65
403 64
402 63
401 62
400 62
399 61
398 60
397 60
396 59
395 58
394 58
393 57
392 56
391 56
390 55
389 55
388 54
387 54
386 54
385 54
384 53
383 53
382 53
381 53
380 53
379 53
378 53
377 53
376 53
375 53
374 53
373 53
372 53
371 53
370 53
369 53
368 53
367 53
366 53
365 53
364 53
363 53
362 53
361 53
360 53
359 53
358 53
357 52
356 52
355 52
354 52
353 52
352 52
351 52
350 52
349 52
348 52
347 52
346 52
345 52
344 51
343 51
342 51
341 51
340 51
339 51
338 50
337 50
336 50
335 50
334 50
333 50
332 50
331 50
330 50
329 50
328 49
327 49
326 49
325 49
324 49
323 49
322 49
321 48
320 48
319 48
318 48
317 48
316 48
315 48
314 48
313 48
312 48
311 47
310 47
309 47
308 47
307 47
306 47
305 47
304 47
303 47
302 47
301 47
300 47
299 46
298 46
297 46
296 46
295 46
294 46
293 46
292 46
291 46
290 46
289 46
288 46
287 45
286 45
285 45
284 45
283 45
282 45
281 45
280 44
279 44
278 44
277 44
276 44
275 44
274 44
273 43
272 43
271 43
270 43
269 43
268 43
267 42
266 42
265 42
264 42
263 42
262 42
261 42
260 41
259 41
258 41
257 41
256 41
255 41
254 41
253 41
252 41
251 41
