213 28
212 29
212 30
212 31
212 32
212 33
212 34
212 35
211 36
211 37
211 38
211 39
211 40
211 41
211 42
211 43
210 44
210 45
210 46
209 47
209 48
209 49
209 50
209 51
208 52
208 53
208 54
208 55
207 56
207 57
206 58
206 59
206 60
205 61
205 62
205 63
205 64
204 65
204 66
203 67
203 68
202 69
201 70
200 71
199 71
198 72
197 73
196 74
195 75
194 75
193 75
192 75
191 75
190 75
189 75
188 75
187 75
186 75
185 75
184 75
183 75
182 75
181 74
180 74
179 74
178 74
177 74
176 74
175 74
174 75
173 75
172 75
171 75
170 75
169 75
168 75
167 75
166 75
165 75
164 75
163 75
162 75
161 75
160 75
159 75
158 76
157 76
156 76
155 76
154 76
153 76
152 76
151 76
150 76
149 76
148 76
147 76
146 76
145 76
144 76
143 76
142 76
141 76
140 76
139 76
138 76
137 76
136 76
135 77
134 77
133 77
132 77
131 77
130 78
129 78
128 78
127 78
126 78
125 79
124 79
123 79
122 79
121 79
120 80
119 80
118 80
117 80
116 80
115 81
114 81
113 81
112 81
111 81
110 81
109 82
108 82
107 82
106 82
105 82
104 82
103 83
102 83
101 83
100 83
99 83
98 83
97 83
96 83
95 84
94 84
93 84
92 84
91 84
90 84
89 85
88 85
87 85
86 85
85 85
84 85
83 86
82 86
81 86
80 86
79 86
78 87
77 87
76 87
75 87
74 87
73 87
72 88
71 88
70 88
69 88
68 88
67 89
66 89
65 89
64 89
63 90
62 90
61 90
60 90
59 91
58 91
57 91
56 92
55 92
54 92
53 93
52 93
51 94
50 94
49 94
48 95
47 95
46 96
45 96
44 97
43 98
42 98
41 99
40 100
39 101
38 101
37 102
36 103
35 104
34 105
33 106
33 107
32 108
31 109
30 110
30 111
29 112
28 113
28 114
27 115
27 116
26 117
26 118
25 119
25 120
25 121
24 122
24 123
23 124
23 125
23 126
22 127
22 128
21 129
21 130
21 131
20 132
20 133
20 134
19 135
19 136
19 137
19 138
19 139
18 140
18 141
18 142
18 143
18 144
18 145
18 146
18 147
18 148
18 149
18 150
18 151
18 152
18 153
18 154
18 155
19 156
19 157
19 158
19 159
19 160
19 161
20 162
20 163
20 164
20 165
21 166
21 167
21 168
22 169
22 170
23 171
24 172
24 173
25 174
26 175
27 176
27 177
28 178
29 179
30 180
31 180
32 181
33 181
34 182
35 182
36 183
37 183
38 184
39 185
40 186
41 186
42 186
43 187
44 188
45 188
46 189
47 189
48 189
49 190
50 190
51 191
52 191
53 192
54 192
55 192
56 193
57 193
58 194
59 194
60 194
61 195
62 195
63 195
64 196
65 197
66 197
67 197
68 197
69 197
70 198
71 198
72 199
73 199
74 200
75 200
76 200
77 201
78 201
79 202
80 202
81 202
82 202
83 203
84 203
85 203
86 203
87 204
88 204
89 204
90 204
91 204
92 205
93 205
94 204
95 204
96 205
97 205
98 206
99 206
100 206
101 207
102 207
103 207
104 207
105 207
106 208
107 208
108 208
109 208
110 208
111 209
112 209
113 209
114 209
115 209
116 209
117 209
118 209
119 210
120 210
121 210
122 210
123 209
124 209
125 209
126 209
127 209
128 210
129 210
130 210
131 210
132 210
133 210
134 210
135 210
136 211
137 211
138 211
139 210
140 210
141 210
142 210
143 210
144 210
145 210
146 210
147 210
148 210
149 210
150 210
151 210
152 210
153 209
154 209
155 209
156 209
157 209
158 208
159 208
160 207
161 207
162 207
163 207
164 207
165 207
166 207
167 207
168 206
169 206
170 206
171 206
172 205
173 205
174 205
175 204
176 204
177 204
178 203
179 203
180 203
181 202
182 202
183 201
184 201
185 201
186 200
187 200
188 200
189 199
190 199
191 199
192 198
193 197
194 197
195 196
196 195
197 195
198 195
199 195
200 195
201 194
202 194
203 193
204 193
205 192
206 192
207 191
208 191
209 191
210 190
211 190
212 189
213 189
214 189
215 189
216 188
217 188
218 188
219 188
220 187
221 187
222 187
223 187
224 186
225 186
226 186
227 186
228 186
229 186
230 185
231 185
232 185
233 185
234 185
235 185
236 185
237 185
238 185
239 185
240 185
241 185
242 185
243 185
244 185
245 185
246 185
247 185
248 185
249 186
250 186
251 187
252 188
253 189
253 190
253 191
254 192
254 193
254 194
254 195
254 196
255 197
255 198
255 199
256 200
256 201
257 201
258 202
259 202
260 201
261 201
261 200
262 199
262 198
262 197
263 196
263 195
264 194
265 194
266 194
267 194
268 194
269 195
270 196
271 196
272 197
273 197
274 197
275 198
276 198
277 198
278 198
279 199
280 199
281 199
282 200
283 200
284 200
285 201
286 201
287 202
288 202
289 202
290 202
291 202
292 202
293 202
294 202
295 202
296 202
297 202
298 202
299 203
300 203
301 203
302 203
303 204
304 204
305 204
306 205
307 205
308 205
309 205
310 206
311 206
312 206
313 206
314 206
315 206
316 207
317 207
318 207
319 207
320 207
321 208
322 208
323 208
324 208
325 208
326 208
327 208
328 208
329 208
330 208
331 208
332 208
333 209
334 209
335 209
336 209
337 209
338 209
339 209
340 209
341 209
342 209
343 210
344 210
345 210
346 210
347 210
348 210
349 210
350 209
351 209
352 209
353 209
354 209
355 209
356 209
357 209
358 209
359 208
360 208
361 207
362 207
363 207
364 207
365 207
366 207
367 206
368 206
369 205
370 205
371 205
372 204
373 204
374 203
375 203
376 202
377 202
378 201
379 200
380 200
381 199
382 199
383 198
384 197
385 196
385 195
386 194
387 193
388 192
389 191
390 190
390 189
391 188
391 187
392 186
392 185
393 184
393 183
394 182
394 181
395 180
396 179
396 178
397 177
397 176
398 175
398 174
399 173
399 172
400 171
400 170
400 169
401 168
401 167
402 166
402 165
402 164
403 163
403 162
403 161
403 160
404 159
404 158
405 157
405 156
406 155
406 154
406 153
407 152
407 151
408 150
408 149
408 148
409 147
409 146
409 145
409 144
410 143
410 142
410 141
410 140
410 139
410 138
410 137
410 136
410 135
410 134
410 133
410 132
410 131
410 130
411 129
411 128
411 127
411 126
411 125
411 124
411 123
411 122
410 121
410 120
410 119
410 118
410 117
410 116
410 115
410 114
410 113
409 112
409 111
409 110
409 109
410 108
410 107
410 106
410 105
410 104
410 103
410 102
410 101
409 100
410 99
410 98
410 97
410 96
410 95
409 94
409 93
409 92
409 91
409 90
409 89
409 88
409 87
409 86
409 85
409 84
409 83
409 82
409 81
409 80
409 79
410 78
410 77
409 76
408 75
407 74
406 73
406 72
405 71
405 70
405 69
404 68
404 67
403 66
403 65
402 64
402 63
402 62
401 61
401 60
401 59
400 58
400 57
400 56
399 55
399 54
398 54
397 53
396 53
395 53
394 52
393 52
392 51
391 50
390 49
389 49
388 48
387 48
386 47
385 47
384 46
383 46
382 45
381 44
380 43
379 43
378 42
377 42
376 42
375 42
374 42
373 42
372 41
371 41
370 41
369 41
368 41
367 40
366 40
365 40
364 39
363 39
362 39
361 39
360 38
359 38
358 38
357 38
356 38
355 38
354 37
353 37
352 37
351 36
350 36
349 36
348 36
347 36
346 36
345 36
344 36
343 36
342 36
341 35
340 35
339 35
338 35
337 34
336 34
335 34
334 34
333 34
332 34
331 34
330 34
329 34
328 34
327 34
326 34
325 34
324 34
323 34
322 34
321 34
320 34
319 34
318 34
317 34
316 34
315 34
314 34
313 34
312 34
311 34
310 34
309 33
308 33
307 34
306 34
305 34
304 34
303 34
302 34
301 34
300 34
299 34
298 34
297 34
296 34
295 34
294 34
293 34
292 34
291 34
290 34
289 34
288 34
287 34
286 34
285 34
284 34
283 34
282 34
281 34
280 34
279 34
278 34
277 34
276 34
275 34
274 33
273 33
272 33
271 33
270 33
269 33
268 33
267 33
266 33
265 33
264 33
263 33
262 33
261 33
260 32
259 32
258 32
257 32
256 32
255 32
254 32
253 32
252 32
251 32
250 33
249 33
248 33
247 33
246 33
245 34
244 34
243 35
242 35
241 35
240 36
239 36
238 36
237 36
236 36
235 35
234 35
233 34
232 33
231 33
230 33
229 33
228 34
227 34
226 35
225 36
224 37
224 38
223 39
222 40
221 41
221 42
220 43
219 44
219 45
218 46
218 47
217 48
216 49
215 50
214 49
213 48
213 47
213 46
213 45
213 44
213 43
213 42
213 41
214 40
214 39
214 38
214 37
214 36
214 35
214 34
214 33
214 32
214 31
214 30
214 29
214 28
