399 37
398 38
397 38
396 38
395 38
394 38
393 38
392 38
391 38
390 38
389 38
388 39
387 39
386 39
385 39
384 39
383 39
382 39
381 39
380 40
379 40
378 40
377 40
376 40
375 40
374 40
373 40
372 41
371 41
370 41
369 41
368 41
367 41
366 41
365 41
364 42
363 42
362 42
361 42
360 42
359 42
358 42
357 42
356 43
355 43
354 43
353 43
352 43
351 43
350 43
349 44
348 44
347 44
346 44
345 44
344 44
343 44
342 44
341 45
340 45
339 45
338 45
337 45
336 45
335 45
334 46
333 46
332 46
331 46
330 46
329 46
328 46
327 47
326 47
325 47
324 47
323 47
322 47
321 47
320 48
319 48
318 48
317 48
316 48
315 48
314 48
313 49
312 49
311 49
310 49
309 49
308 49
307 49
306 50
305 50
304 50
303 50
302 50
301 50
300 51
299 51
298 51
297 51
296 52
295 52
294 52
293 52
292 52
291 53
290 53
289 53
288 53
287 54
286 54
285 54
284 54
283 54
282 55
281 55
280 55
279 55
278 56
277 56
276 56
275 56
274 57
273 57
272 57
271 58
270 58
269 58
268 58
267 58
266 57
265 57
264 57
263 57
262 57
261 57
260 58
259 58
258 59
257 59
256 59
255 59
254 59
253 60
252 60
251 61
250 61
249 61
248 62
247 62
246 62
245 63
244 63
243 64
242 64
241 64
240 64
239 64
238 64
237 65
236 65
235 65
234 65
233 65
232 65
231 65
230 65
229 66
228 66
227 66
226 66
225 66
224 67
223 67
222 67
221 67
220 67
219 68
218 68
217 68
216 68
215 68
214 68
213 68
212 68
211 68
210 68
209 69
208 69
207 69
206 69
205 69
204 69
203 69
202 69
201 69
200 69
199 69
198 69
197 69
196 69
195 69
194 69
193 69
192 69
191 69
190 69
189 69
188 69
187 69
186 69
185 69
184 69
183 69
182 69
181 70
180 70
179 70
178 70
177 70
176 70
175 70
174 70
173 70
172 70
171 70
170 70
169 70
168 70
167 70
166 71
165 71
164 71
163 71
162 71
161 71
160 71
159 71
158 72
157 72
156 72
155 72
154 72
153 72
152 72
151 72
150 72
149 72
148 73
147 73
146 73
145 73
144 74
143 74
142 74
141 74
140 74
139 75
138 75
137 75
136 75
135 75
134 75
133 76
132 76
131 76
130 76
129 76
128 76
127 76
126 76
125 77
124 77
123 77
122 77
121 77
120 77
119 77
118 78
117 78
116 78
115 78
114 78
113 78
112 78
111 78
110 78
109 78
108 78
107 79
106 79
105 79
104 79
103 79
102 79
101 79
100 79
99 79
98 79
97 79
96 80
95 80
94 80
93 80
92 80
91 80
90 80
89 80
88 81
87 81
86 81
85 81
84 81
83 81
82 81
81 81
80 82
79 82
78 82
77 82
76 82
75 82
74 82
73 83
72 83
71 83
70 84
69 84
68 84
67 85
66 85
65 85
64 85
63 86
62 86
61 86
60 87
59 87
58 88
57 88
56 88
55 89
54 89
53 90
52 90
51 91
50 91
49 92
48 92
47 93
46 93
45 94
44 95
43 95
42 96
41 97
40 98
39 99
38 100
37 101
36 102
35 103
34 104
34 105
33 106
32 107
32 108
31 109
31 110
30 111
30 112
29 113
29 114
29 115
29 116
28 117
28 118
28 119
28 120
28 121
27 122
27 123
27 124
27 125
27 126
27 127
27 128
27 129
27 130
27 131
27 132
27 133
27 134
27 135
27 136
28 137
28 138
28 139
29 140
29 141
29 142
30 143
30 144
30 145
31 146
31 147
32 148
33 149
33 150
34 151
34 152
35 153
36 154
37 155
37 156
38 157
39 158
39 159
39 160
40 161
41 161
42 162
43 163
44 163
45 164
46 165
47 166
48 167
49 168
50 169
51 169
52 170
53 171
54 171
55 172
56 172
57 173
58 174
59 174
60 175
61 175
62 176
63 177
64 177
65 178
66 178
67 179
68 179
69 180
70 180
71 181
72 181
73 182
74 182
75 183
76 183
77 184
78 184
79 185
80 185
81 186
82 186
83 186
84 187
85 187
86 188
87 188
88 189
89 189
90 190
91 190
92 190
93 191
94 191
95 191
96 192
97 192
98 192
99 193
100 193
101 194
102 194
103 194
104 195
105 195
106 195
107 195
108 196
109 196
110 196
111 197
112 197
113 197
114 198
115 198
116 198
117 198
118 199
119 199
120 200
121 200
122 200
123 201
124 201
125 201
126 201
127 202
128 202
129 202
130 202
131 203
132 203
133 203
134 203
135 203
136 204
137 204
138 204
139 204
140 205
141 205
142 205
143 205
144 205
145 206
146 206
147 206
148 206
149 207
150 207
151 207
152 207
153 207
154 207
155 208
156 208
157 208
158 208
159 208
160 208
161 208
162 209
163 209
164 209
165 209
166 209
167 209
168 209
169 209
170 210
171 210
172 210
173 210
174 210
175 210
176 210
177 210
178 210
179 210
180 210
181 210
182 210
183 210
184 210
185 210
186 210
187 210
188 210
189 210
190 210
191 210
192 210
193 210
194 210
195 210
196 209
197 209
198 209
199 209
200 209
201 209
202 209
203 208
204 208
205 208
206 208
207 208
208 208
209 207
210 207
211 207
212 207
213 206
214 206
215 206
216 205
217 205
218 205
219 204
220 204
221 204
222 203
223 203
224 202
225 202
226 201
227 201
228 201
229 200
230 200
231 199
232 198
233 198
234 197
235 197
236 196
237 196
238 195
239 195
240 194
241 194
242 193
243 193
244 192
245 192
246 191
247 191
248 190
249 190
250 190
251 189
252 189
253 189
254 188
255 188
256 187
257 187
258 187
259 186
260 186
261 186
262 186
263 185
264 185
265 185
266 185
267 184
268 184
269 184
270 184
271 183
272 183
273 183
274 183
275 183
276 183
277 183
278 182
279 182
280 182
281 182
282 182
283 182
284 182
285 182
286 182
287 182
288 181
289 181
290 181
291 181
292 181
293 181
294 181
295 181
296 181
297 181
298 181
299 181
300 181
301 181
302 181
303 181
304 181
305 181
306 180
307 180
308 180
309 180
310 180
311 180
312 180
313 180
314 180
315 180
316 180
317 180
318 180
319 181
320 181
321 181
322 181
323 181
324 181
325 180
326 180
327 180
328 180
329 180
330 180
331 180
332 180
333 180
334 180
335 180
336 180
337 180
338 180
339 180
340 180
341 180
342 180
343 180
344 180
345 180
346 180
347 180
348 180
349 180
350 181
351 181
352 181
353 181
354 181
355 181
356 181
357 181
358 181
359 181
360 181
361 181
362 181
363 181
364 181
365 182
366 183
367 184
368 185
368 186
368 187
368 188
368 189
367 190
367 191
367 192
367 193
367 194
367 195
367 196
368 197
368 198
369 199
370 200
371 201
372 202
373 202
374 202
375 203
376 203
377 203
378 204
379 204
380 204
381 204
382 204
383 204
384 205
385 205
386 205
387 205
388 206
389 206
390 206
391 206
392 206
393 207
394 207
395 207
396 207
397 207
398 207
399 208
400 208
401 208
402 208
403 208
404 208
405 208
406 209
407 209
408 209
409 209
410 209
411 209
412 209
413 210
414 210
415 210
416 210
417 210
418 211
419 211
420 211
421 211
422 211
423 210
424 210
425 210
426 210
427 210
428 210
429 210
430 210
431 210
432 210
433 210
434 210
435 210
436 210
437 210
438 210
439 210
440 210
441 209
442 209
443 209
444 209
445 209
446 208
447 208
448 208
449 208
450 207
451 207
452 207
453 206
454 206
455 206
456 205
457 205
458 204
459 203
460 203
461 202
462 201
463 200
464 199
465 198
466 197
467 196
467 195
468 194
468 193
469 192
469 191
470 190
470 189
470 188
471 187
471 186
471 185
471 184
471 183
472 182
472 181
473 180
474 179
475 178
476 178
477 177
478 176
479 175
480 174
481 173
482 172
482 171
483 170
483 169
484 168
484 167
484 166
485 165
485 164
486 163
486 162
486 161
487 160
487 159
487 158
488 157
488 156
488 155
488 154
488 153
489 152
489 151
489 150
489 149
489 148
490 147
490 146
490 145
490 144
490 143
490 142
491 141
491 140
491 139
491 138
491 137
491 136
491 135
491 134
491 133
491 132
491 131
491 130
491 129
491 128
491 127
491 126
491 125
491 124
491 123
490 122
490 121
490 120
490 119
490 118
490 117
490 116
490 115
490 114
490 113
489 112
489 111
488 110
488 109
488 108
488 107
487 106
487 105
487 104
486 103
486 102
485 101
485 100
485 99
485 98
485 97
484 96
484 95
484 94
483 93
483 92
482 91
482 90
481 89
481 88
480 87
480 86
480 85
479 84
479 83
479 82
478 81
478 80
477 79
477 78
476 77
476 76
475 75
475 74
474 73
474 72
474 71
474 70
473 69
473 68
473 67
472 66
472 65
471 64
471 63
470 62
470 61
469 60
468 59
467 58
466 57
465 56
465 55
464 54
463 53
462 53
461 52
460 51
459 50
458 50
457 49
456 48
455 48
454 47
453 46
452 46
451 45
450 45
449 44
448 44
447 43
446 43
445 42
444 42
443 42
442 41
441 41
440 40
439 40
438 40
437 40
436 39
435 39
434 39
433 39
432 39
431 38
430 38
429 38
428 38
427 38
426 38
425 37
424 37
423 37
422 37
421 37
420 37
419 37
418 37
417 37
416 37
415 37
414 37
413 37
412 37
411 37
410 37
409 37
408 37
407 37
406 37
405 37
404 37
403 37
402 37
401 37
400 37
