222 29
221 30
220 30
219 30
218 30
217 31
216 31
215 31
214 32
213 32
212 33
211 34
210 34
209 35
208 36
207 37
206 37
205 38
204 39
204 40
203 41
202 42
202 43
201 44
200 45
199 46
199 47
198 48
198 49
197 50
197 51
197 52
197 53
197 54
197 55
197 56
197 57
197 58
197 59
197 60
197 61
197 62
197 63
197 64
197 65
197 66
196 67
196 68
195 69
194 70
193 70
192 71
191 72
190 72
189 73
188 74
187 75
186 76
186 77
185 78
185 79
184 80
184 81
184 82
184 83
183 84
183 85
182 86
181 87
180 87
179 87
178 88
177 88
176 89
175 90
174 91
173 91
172 92
171 92
170 92
169 93
168 93
167 93
166 94
165 94
164 95
163 95
162 96
161 96
160 97
159 97
158 98
157 98
156 99
155 100
154 101
153 101
152 102
151 103
150 104
149 105
148 106
147 106
146 107
145 107
144 108
143 108
142 109
141 109
140 109
139 109
138 109
137 109
136 109
135 109
134 109
133 109
132 109
131 109
130 109
129 109
128 109
127 109
126 109
125 109
124 110
123 110
122 109
121 109
120 109
119 109
118 109
117 109
116 109
115 109
114 109
113 109
112 109
111 110
110 110
109 110
108 110
107 110
106 110
105 110
104 110
103 110
102 110
101 110
100 111
99 111
98 111
97 111
96 111
95 111
94 111
93 111
92 111
91 111
90 111
89 111
88 111
87 111
86 111
85 111
84 111
83 111
82 111
81 111
80 111
79 111
78 112
77 112
76 113
75 113
74 113
73 113
72 113
71 113
70 113
69 113
68 113
67 113
66 113
65 113
64 113
63 113
62 113
61 113
60 113
59 113
58 113
57 113
56 113
55 113
54 113
53 113
52 113
51 113
50 113
49 113
48 113
47 113
46 113
45 113
44 114
43 115
42 116
41 117
41 118
40 119
40 120
40 121
40 122
39 123
39 124
38 125
38 126
37 127
36 128
35 129
35 130
34 131
34 132
33 133
32 134
31 135
31 136
30 137
29 137
29 138
28 139
27 140
27 141
27 142
26 143
26 144
26 145
26 146
26 147
26 148
26 149
25 150
25 151
25 152
25 153
25 154
25 155
25 156
25 157
25 158
25 159
25 160
25 161
25 162
25 163
25 164
25 165
25 166
25 167
25 168
25 169
25 170
25 171
25 172
25 173
25 174
25 175
25 176
25 177
25 178
25 179
25 180
25 181
25 182
26 183
26 184
26 185
27 186
28 187
28 188
29 189
30 189
31 190
31 191
32 192
33 193
34 194
34 195
35 196
36 197
37 198
38 199
39 200
40 201
41 202
42 202
43 203
44 203
45 204
46 204
47 204
48 204
49 204
50 205
51 206
52 207
52 208
53 209
53 210
54 211
55 212
55 213
56 214
57 214
58 215
59 216
60 217
61 218
62 218
63 219
64 220
65 221
66 221
67 222
68 223
69 223
70 224
71 224
72 225
73 226
74 227
75 228
76 228
77 229
78 230
79 230
80 231
81 232
82 232
83 233
84 233
85 234
86 234
87 234
88 234
89 235
90 235
91 235
92 235
93 235
94 236
95 236
96 236
97 237
98 237
99 237
100 238
101 238
102 238
103 238
104 238
105 239
106 239
107 239
108 238
109 238
110 238
111 237
112 237
113 238
114 239
114 240
115 241
116 241
117 242
118 243
119 243
120 244
121 244
122 244
123 245
124 245
125 245
126 245
127 245
128 246
129 246
130 246
131 246
132 246
133 246
134 246
135 247
136 247
137 247
138 247
139 247
140 247
141 247
142 248
143 248
144 248
145 248
146 249
147 249
148 249
149 249
150 249
151 249
152 250
153 250
154 250
155 250
156 250
157 250
158 251
159 251
160 251
161 251
162 251
163 250
164 250
165 250
166 250
167 250
168 249
169 249
170 249
171 249
172 248
173 248
174 248
175 248
176 248
177 247
178 247
179 247
180 247
181 247
182 246
183 246
184 246
185 246
186 245
187 245
188 245
189 244
190 244
191 243
192 243
193 243
194 242
195 242
196 242
197 241
198 241
199 241
200 240
201 240
202 239
203 239
204 238
205 238
206 237
207 237
208 236
209 235
210 235
211 234
212 233
213 233
214 232
215 232
216 231
217 231
218 231
219 231
220 231
221 231
222 231
223 231
224 231
225 231
226 231
227 230
228 230
229 230
230 230
231 230
232 230
233 230
234 229
235 229
236 229
237 229
238 229
239 229
240 229
241 229
242 230
243 231
244 232
245 232
246 233
247 233
248 233
249 234
250 234
251 234
252 234
253 234
254 234
255 234
256 234
257 234
258 235
259 235
260 235
261 235
262 235
263 236
264 236
265 236
266 236
267 236
268 236
269 236
270 236
271 236
272 236
273 236
274 236
275 236
276 236
277 236
278 236
279 236
280 236
281 236
282 236
283 236
284 236
285 236
286 236
287 236
288 237
289 237
290 237
291 238
292 239
293 239
294 240
295 241
296 242
297 243
298 244
299 244
300 245
301 246
302 247
303 248
304 249
305 250
306 251
307 252
308 252
309 253
310 254
311 255
312 256
313 256
314 257
315 258
316 258
317 259
318 259
319 260
320 261
321 261
322 262
323 262
324 263
325 263
326 264
327 264
328 265
329 265
330 266
331 266
332 267
333 267
334 268
335 268
336 269
337 269
338 269
339 269
340 269
341 269
342 269
343 269
344 269
345 269
346 269
347 269
348 269
349 269
350 269
351 269
352 269
353 269
354 269
355 270
356 270
357 270
358 270
359 271
360 272
361 272
362 273
363 273
364 273
365 273
366 273
367 273
368 273
369 273
370 273
371 273
372 273
373 273
374 273
375 273
376 273
377 273
378 273
379 273
380 273
381 273
382 273
383 273
384 273
385 273
386 273
387 273
388 273
389 273
390 273
391 273
392 273
393 273
394 273
395 273
396 273
397 273
398 273
399 273
400 273
401 273
402 273
403 273
404 273
405 272
406 272
407 272
408 272
409 272
410 272
411 271
412 271
413 271
414 271
415 271
416 271
417 271
418 271
419 271
420 271
421 270
422 270
423 270
424 270
425 269
426 269
427 269
428 268
429 267
430 266
431 265
432 264
433 264
434 263
435 262
436 261
437 261
438 260
439 259
440 258
441 257
442 256
443 255
444 254
445 253
446 252
446 251
447 250
448 249
449 248
450 247
450 246
451 245
452 244
453 243
454 242
455 241
455 240
456 239
456 238
457 237
457 236
458 235
458 234
459 233
459 232
460 231
460 230
460 229
461 228
461 227
462 226
462 225
463 224
463 223
463 222
464 221
464 220
464 219
464 218
464 217
464 216
464 215
464 214
464 213
464 212
464 211
464 210
464 209
464 208
464 207
464 206
464 205
464 204
464 203
463 202
463 201
463 200
463 199
463 198
463 197
463 196
463 195
462 194
462 193
462 192
462 191
462 190
462 189
462 188
461 187
461 186
461 185
461 184
461 183
460 182
460 181
460 180
460 179
460 178
460 177
461 176
461 175
461 174
462 173
462 172
462 171
463 170
463 169
463 168
463 167
463 166
463 165
462 164
462 163
461 162
461 161
460 160
459 159
459 158
458 157
457 156
457 155
456 154
455 153
454 152
453 151
453 150
452 149
452 148
452 147
452 146
452 145
453 144
453 143
453 142
453 141
454 140
454 139
454 138
454 137
454 136
454 135
454 134
455 133
455 132
454 131
454 130
454 129
454 128
454 127
453 126
453 125
453 124
453 123
452 122
452 121
452 120
451 119
451 118
451 117
451 116
450 115
450 114
450 113
450 112
449 111
449 110
449 109
448 108
448 107
447 106
447 105
446 104
446 103
445 102
444 101
444 100
443 99
442 98
441 97
441 96
440 95
439 94
438 93
438 92
437 91
436 90
436 89
435 88
434 87
433 86
433 85
432 84
431 83
430 82
429 81
428 80
427 79
426 78
425 77
424 76
423 75
422 74
421 74
420 73
419 73
418 72
417 72
416 72
415 71
414 71
413 71
412 72
411 72
410 73
409 74
408 75
407 76
407 77
406 78
406 79
405 80
404 80
403 81
402 81
401 81
400 81
399 82
398 82
397 82
396 83
395 83
394 83
393 83
392 83
391 83
390 83
389 82
388 82
387 82
386 82
385 82
384 82
383 82
382 82
381 82
380 82
379 82
378 82
377 82
376 82
375 82
374 81
373 81
372 81
371 81
370 81
369 80
368 80
367 80
366 80
365 79
364 79
363 79
362 78
361 78
360 78
359 77
358 77
357 76
356 76
355 75
354 75
353 75
352 74
351 74
350 74
349 73
348 73
347 72
346 72
345 72
344 71
343 71
342 70
341 70
340 69
339 69
338 68
337 67
336 67
335 66
334 65
333 65
332 64
331 63
330 63
329 62
328 61
327 61
326 60
325 60
324 59
323 58
322 58
321 57
320 56
319 56
318 55
317 54
316 54
315 53
314 53
313 52
312 52
311 51
310 51
309 50
308 49
307 49
306 48
305 48
304 48
303 47
302 47
301 47
300 47
299 46
298 46
297 46
296 46
295 45
294 45
293 45
292 45
291 44
290 44
289 43
288 43
287 43
286 42
285 42
284 42
283 41
282 41
281 41
280 41
279 41
278 41
277 41
276 41
275 41
274 41
273 41
272 42
271 42
270 42
269 42
268 42
267 42
266 43
265 43
264 43
263 44
262 44
261 44
260 45
259 45
258 45
257 46
256 46
255 47
254 47
253 48
252 48
251 49
250 50
249 50
248 51
247 52
246 53
245 54
244 55
243 55
242 55
241 55
240 54
239 53
239 52
240 51
240 50
240 49
240 48
240 47
241 46
241 45
241 44
241 43
241 42
240 41
240 40
240 39
239 38
239 37
238 36
238 35
237 34
237 33
236 32
235 32
234 31
233 31
232 30
231 30
230 30
229 30
228 30
227 30
226 29
225 29
224 29
223 29
