282 20
281 21
280 21
279 22
278 22
277 23
276 23
275 24
274 25
273 25
272 26
271 26
270 27
269 28
268 29
267 29
266 29
265 29
264 29
263 29
262 29
261 30
260 30
259 31
258 32
257 33
256 34
256 35
255 36
254 37
254 38
253 39
252 39
251 39
250 39
249 40
248 40
247 41
246 41
245 42
244 43
243 44
242 45
241 46
240 47
240 48
240 49
239 50
238 51
237 51
236 52
235 52
234 53
233 53
232 54
231 55
230 56
230 57
230 58
230 59
229 60
228 61
227 62
226 63
225 63
224 63
223 63
222 63
221 63
220 64
219 65
219 66
218 67
218 68
217 69
216 70
215 71
214 72
213 72
212 72
211 72
210 72
209 72
208 72
207 72
206 72
205 73
204 74
203 74
202 75
201 75
200 75
199 75
198 75
197 75
196 76
195 76
194 76
193 77
192 77
191 78
190 78
189 78
188 79
187 79
186 79
185 79
184 79
183 79
182 79
181 79
180 79
179 79
178 79
177 79
176 79
175 80
174 80
173 80
172 80
171 80
170 80
169 80
168 80
167 80
166 80
165 80
164 80
163 81
162 81
161 81
160 81
159 81
158 81
157 81
156 81
155 81
154 81
153 82
152 82
151 82
150 82
149 82
148 83
147 83
146 83
145 84
144 84
143 85
142 85
141 85
140 85
139 86
138 86
137 86
136 86
135 87
134 87
133 87
132 87
131 87
130 88
129 88
128 88
127 88
126 88
125 88
124 88
123 89
122 89
121 89
120 89
119 89
118 90
117 90
116 90
115 90
114 90
113 90
112 91
111 91
110 91
109 91
108 91
107 91
106 92
105 92
104 92
103 92
102 93
101 93
100 93
99 93
98 93
97 94
96 94
95 94
94 94
93 94
92 95
91 95
90 95
89 95
88 95
87 96
86 96
85 96
84 96
83 96
82 97
81 97
80 97
79 97
78 98
77 98
76 98
75 99
74 99
73 99
72 99
71 100
70 100
69 100
68 101
67 101
66 101
65 102
64 102
63 102
62 103
61 103
60 103
59 104
58 104
57 104
56 105
55 105
54 106
53 106
52 107
51 107
50 108
49 108
48 109
47 109
46 110
45 110
44 110
43 111
42 111
41 112
40 112
39 113
38 114
37 114
36 115
35 116
34 116
33 117
32 118
31 119
30 120
29 121
28 122
27 123
27 124
26 125
26 126
25 127
25 128
24 129
23 130
23 131
22 132
21 133
20 134
20 135
20 136
20 137
20 138
20 139
20 140
19 141
19 142
19 143
19 144
19 145
19 146
19 147
19 148
19 149
19 150
19 151
19 152
19 153
19 154
19 155
19 156
19 157
20 158
20 159
20 160
20 161
20 162
21 163
21 164
21 165
22 166
22 167
23 168
23 169
24 170
24 171
25 172
25 173
26 174
27 175
28 176
29 177
29 178
30 179
31 180
32 181
33 182
34 183
35 184
36 184
37 185
38 186
39 187
40 187
41 188
42 189
43 189
44 190
45 191
46 191
47 192
48 193
49 193
50 194
51 194
52 195
53 195
54 196
55 196
56 197
57 197
58 198
59 198
60 199
61 199
62 199
63 200
64 200
65 201
66 201
67 201
68 202
69 202
70 203
71 203
72 203
73 204
74 204
75 204
76 205
77 205
78 205
79 206
80 206
81 206
82 207
83 207
84 207
85 208
86 208
87 208
88 209
89 209
90 209
91 210
92 210
93 210
94 211
95 211
96 211
97 211
98 212
99 212
100 212
101 212
102 213
103 213
104 213
105 213
106 214
107 214
108 214
109 214
110 215
111 215
112 215
113 215
114 216
115 216
116 216
117 216
118 216
119 217
120 217
121 217
122 217
123 217
124 218
125 218
126 218
127 218
128 218
129 218
130 219
131 219
132 219
133 219
134 219
135 219
136 220
137 220
138 220
139 220
140 220
141 220
142 220
143 221
144 221
145 221
146 221
147 221
148 221
149 221
150 221
151 221
152 221
153 222
154 222
155 222
156 222
157 222
158 222
159 222
160 222
161 222
162 222
163 222
164 222
165 222
166 222
167 222
168 222
169 222
170 222
171 222
172 222
173 222
174 222
175 222
176 222
177 222
178 222
179 221
180 221
181 221
182 221
183 221
184 221
185 221
186 221
187 220
188 220
189 220
190 220
191 220
192 220
193 219
194 219
195 219
196 219
197 218
198 218
199 218
200 218
201 217
202 217
203 217
204 216
205 216
206 216
207 216
208 215
209 215
210 214
211 214
212 214
213 213
214 213
215 213
216 212
217 212
218 212
219 211
220 211
221 211
222 210
223 210
224 209
225 209
226 209
227 208
228 208
229 208
230 207
231 207
232 206
233 206
234 206
235 205
236 205
237 205
238 204
239 204
240 204
241 203
242 203
243 203
244 202
245 202
246 202
247 201
248 201
249 201
250 201
251 200
252 200
253 200
254 200
255 199
256 199
257 199
258 199
259 198
260 198
261 198
262 198
263 197
264 197
265 197
266 197
267 197
268 196
269 196
270 196
271 196
272 196
273 196
274 195
275 195
276 195
277 195
278 195
279 195
280 195
281 195
282 194
283 194
284 194
285 194
286 194
287 194
288 194
289 194
290 194
291 194
292 193
293 193
294 193
295 193
296 193
297 193
298 193
299 193
300 193
301 193
302 193
303 193
304 193
305 193
306 193
307 193
308 193
309 193
310 193
311 193
312 193
313 193
314 193
315 193
316 193
317 193
318 193
319 193
320 194
321 195
321 196
321 197
321 198
321 199
321 200
321 201
321 202
321 203
321 204
321 205
322 206
322 207
323 207
324 208
325 208
326 208
327 208
328 209
329 209
330 209
331 209
332 209
333 210
334 210
335 210
336 210
337 210
338 210
339 210
340 211
341 211
342 211
343 211
344 211
345 211
346 211
347 211
348 212
349 212
350 212
351 212
352 212
353 212
354 212
355 212
356 212
357 212
358 212
359 213
360 213
361 213
362 213
363 213
364 213
365 213
366 213
367 213
368 214
369 214
370 214
371 214
372 214
373 214
374 214
375 214
376 214
377 214
378 214
379 214
380 215
381 215
382 215
383 215
384 215
385 215
386 215
387 215
388 215
389 215
390 215
391 215
392 215
393 215
394 215
395 215
396 215
397 215
398 215
399 215
400 215
401 215
402 215
403 215
404 214
405 214
406 214
407 214
408 214
409 214
410 214
411 214
412 214
413 214
414 214
415 213
416 213
417 213
418 213
419 213
420 212
421 212
422 212
423 212
424 211
425 211
426 211
427 211
428 210
429 210
430 210
431 209
432 209
433 208
434 208
435 207
436 207
437 206
438 205
439 205
440 204
441 203
442 202
443 202
444 201
445 200
446 199
446 198
447 197
448 196
448 195
449 194
449 193
450 192
450 191
451 190
451 189
451 188
452 187
452 186
452 185
452 184
452 183
453 182
453 181
453 180
453 179
454 178
454 177
455 176
455 175
455 174
456 173
456 172
457 171
457 170
457 169
458 168
458 167
459 166
459 165
459 164
460 163
460 162
460 161
461 160
461 159
461 158
461 157
462 156
462 155
462 154
463 153
463 152
463 151
462 150
462 149
462 148
462 147
463 146
463 145
463 144
464 143
464 142
464 141
464 140
465 139
465 138
465 137
465 136
466 135
466 134
466 133
467 132
467 131
468 130
468 129
468 128
469 127
469 126
469 125
470 124
470 123
470 122
471 121
471 120
471 119
471 118
472 117
472 116
472 115
472 114
472 113
472 112
472 111
472 110
472 109
472 108
472 107
473 106
473 105
473 104
473 103
473 102
473 101
473 100
473 99
473 98
473 97
472 96
472 95
472 94
471 93
471 92
471 91
471 90
470 89
470 88
469 87
469 86
468 85
468 84
468 83
467 82
467 81
466 80
466 79
465 78
465 77
465 76
464 75
463 74
463 73
462 72
462 71
461 70
461 69
460 68
459 67
458 67
457 66
456 65
455 64
454 64
453 63
452 62
452 61
451 60
450 59
450 58
449 57
448 56
447 55
446 55
445 54
444 53
443 53
442 53
441 52
440 52
439 51
438 51
437 51
436 51
435 51
434 51
433 50
432 50
431 50
430 50
429 50
428 50
427 50
426 49
425 49
424 49
423 49
422 49
421 49
420 49
419 49
418 49
417 48
416 48
415 48
414 48
413 48
412 48
411 48
410 48
409 48
408 48
407 47
406 47
405 47
404 47
403 47
402 47
401 47
400 47
399 47
398 47
397 47
396 46
395 46
394 46
393 46
392 46
391 46
390 46
389 46
388 46
387 45
386 45
385 45
384 45
383 45
382 45
381 45
380 45
379 45
378 45
377 44
376 44
375 44
374 44
373 44
372 44
371 44
370 44
369 43
368 43
367 43
366 43
365 43
364 43
363 42
362 42
361 42
360 42
359 42
358 41
357 41
356 41
355 41
354 40
353 40
352 40
351 39
350 39
349 39
348 39
347 38
346 38
345 37
344 37
343 37
342 36
341 36
340 36
339 36
338 35
337 35
336 35
335 34
334 34
333 34
332 33
331 33
330 33
329 32
328 32
327 32
326 32
325 31
324 31
323 31
322 30
321 30
320 30
319 29
318 29
317 29
316 28
315 28
314 27
313 27
312 27
311 26
310 26
309 25
308 25
307 24
306 24
305 24
304 24
303 23
302 23
301 23
300 22
299 22
298 22
297 21
296 21
295 21
294 20
293 20
292 20
291 20
290 20
289 20
288 20
287 20
286 20
285 20
284 20
283 20
