23 20
22 21
21 21
20 22
19 23
18 24
18 25
17 26
17 27
17 28
17 29
17 30
17 31
17 32
18 33
18 34
19 35
20 36
21 37
22 37
23 38
24 38
25 38
26 38
27 38
28 38
29 38
30 38
31 38
32 39
33 39
34 39
35 39
36 40
37 40
38 40
39 40
40 41
41 41
42 41
43 42
44 42
45 43
46 43
47 44
48 44
49 45
50 45
51 46
52 46
53 47
54 48
55 49
56 49
57 50
58 50
59 51
60 51
61 52
62 52
63 53
64 54
65 55
66 56
67 56
68 57
69 57
70 57
71 58
72 58
73 59
74 59
75 60
76 60
77 61
78 62
79 62
80 63
81 64
82 65
83 65
84 66
85 67
86 68
87 69
88 70
89 71
90 71
91 72
92 73
93 74
94 74
95 75
96 75
97 76
98 76
99 77
100 78
101 79
102 79
103 80
104 80
105 81
106 82
107 83
108 84
109 84
110 85
111 86
112 87
113 87
114 88
115 89
116 90
116 91
117 92
118 93
119 94
120 95
121 96
122 97
123 98
124 99
125 100
126 101
127 102
128 103
129 104
130 105
131 106
132 107
133 108
134 109
135 110
135 111
136 112
137 113
138 114
139 114
140 115
141 116
142 117
143 118
143 119
144 120
144 121
145 122
146 123
147 124
148 125
149 126
150 127
151 127
152 128
153 129
154 130
155 131
156 131
157 132
157 133
157 134
157 135
157 136
157 137
158 138
158 139
158 140
158 141
159 142
159 143
159 144
159 145
159 146
159 147
159 148
159 149
159 150
160 151
160 152
160 153
160 154
160 155
161 156
161 157
161 158
161 159
161 160
162 161
162 162
162 163
162 164
163 165
163 166
163 167
163 168
163 169
164 170
164 171
165 172
165 173
166 174
166 175
167 176
168 177
169 178
169 179
170 180
171 181
172 182
173 183
174 184
175 185
176 185
177 186
177 187
178 188
179 189
180 190
180 191
181 192
182 193
183 194
184 194
185 195
186 196
187 196
188 197
189 198
190 198
191 199
192 200
193 201
194 201
195 202
196 202
197 203
198 203
199 204
200 205
201 206
202 206
203 207
204 207
205 208
206 209
207 210
208 211
209 211
210 212
211 212
212 213
213 213
214 214
215 215
216 216
217 216
218 217
219 217
220 217
221 217
222 218
223 218
224 219
225 219
226 220
227 220
228 221
229 221
230 222
231 222
232 222
233 222
234 223
235 223
236 223
237 223
238 223
239 224
240 224
241 224
242 224
243 224
244 224
245 224
246 223
247 223
248 222
249 221
250 220
250 219
251 218
251 217
252 216
252 215
252 214
252 213
252 212
252 211
252 210
251 209
251 208
250 207
249 206
249 205
248 204
248 203
247 202
246 201
245 200
245 199
244 198
244 197
243 196
242 195
241 194
241 193
240 192
240 191
239 190
239 189
238 188
237 187
236 186
236 185
235 184
234 183
233 182
233 181
233 180
232 179
232 178
231 177
230 176
230 175
229 174
228 173
227 172
227 171
226 170
225 169
224 168
223 167
222 166
221 165
220 165
219 164
218 163
217 162
216 162
215 161
214 160
213 159
212 158
211 157
210 156
209 155
208 154
207 153
206 153
205 152
204 151
203 150
202 149
201 148
200 148
199 147
198 146
197 145
197 144
196 143
195 142
194 141
193 140
192 139
191 138
190 138
189 137
188 136
187 135
186 134
185 133
184 132
184 131
183 130
182 129
181 128
180 128
179 127
178 126
177 125
176 124
175 123
174 122
173 122
172 121
171 120
170 119
169 118
168 117
167 116
167 115
166 114
165 113
164 112
163 112
162 111
161 111
160 111
159 110
159 109
158 108
158 107
157 106
156 105
155 104
154 103
153 102
152 101
151 101
150 100
149 99
148 98
148 97
147 96
146 95
145 94
144 93
143 92
142 91
141 90
140 89
139 88
138 87
137 86
136 85
135 84
134 83
133 82
132 81
131 80
130 79
129 78
129 77
128 76
127 75
126 74
125 74
124 73
123 72
122 71
121 71
120 70
119 69
118 68
117 67
116 66
115 65
114 65
113 64
112 64
111 63
110 63
109 62
108 61
107 60
106 60
105 59
104 59
103 58
102 58
101 57
100 56
99 55
98 54
97 53
96 52
95 52
94 51
93 50
92 49
91 49
90 48
89 47
88 46
87 46
86 45
85 44
84 44
83 43
82 43
81 42
80 42
79 41
78 41
77 41
76 40
75 39
74 38
73 37
72 37
71 36
70 36
69 35
68 35
67 34
66 34
65 33
64 33
63 32
62 31
61 30
60 30
59 29
58 29
57 28
56 28
55 27
54 27
53 26
52 26
51 25
50 25
49 25
48 24
47 24
46 23
45 23
44 23
43 23
42 22
41 22
40 22
39 22
38 21
37 21
36 21
35 21
34 21
33 20
32 20
31 20
30 20
29 20
28 20
27 20
26 20
25 20
24 20
