191 90
190 91
189 91
188 91
187 91
186 91
185 92
184 92
183 92
182 92
181 93
180 93
179 93
178 93
177 93
176 94
175 94
174 94
173 94
172 95
171 95
170 96
169 96
168 96
167 97
166 97
165 98
164 98
163 99
162 99
161 100
160 101
159 102
158 103
157 104
156 105
155 105
154 106
153 107
152 108
151 109
150 110
149 111
149 112
148 113
147 113
146 113
145 113
144 113
143 113
142 113
141 113
140 113
139 114
138 114
137 114
136 114
135 114
134 114
133 114
132 114
131 114
130 115
129 115
128 115
127 115
126 115
125 115
124 115
123 115
122 115
121 115
120 115
119 115
118 115
117 115
116 115
115 115
114 115
113 115
112 115
111 115
110 115
109 115
108 115
107 115
106 115
105 115
104 115
103 115
102 115
101 115
100 115
99 115
98 115
97 115
96 115
95 114
94 114
93 114
92 114
91 114
90 114
89 114
88 114
87 114
86 113
85 113
84 113
83 113
82 113
81 113
80 113
79 113
78 113
77 113
76 112
75 112
74 112
73 112
72 112
71 112
70 112
69 112
68 112
67 111
66 111
65 111
64 111
63 111
62 111
61 111
60 111
59 111
58 110
57 110
56 110
55 110
54 110
53 109
52 109
51 109
50 109
49 109
48 108
47 108
46 108
45 108
44 107
43 107
42 107
41 107
40 107
39 106
38 106
37 106
36 106
35 105
34 105
33 105
32 105
31 105
30 104
29 104
28 104
27 104
26 103
25 103
24 103
23 102
22 101
21 100
20 100
19 99
18 99
17 99
16 99
15 99
14 99
13 99
12 100
11 100
10 101
9 102
8 103
8 104
7 105
7 106
7 107
7 108
7 109
7 110
7 111
8 112
8 113
9 114
10 115
11 116
12 117
13 118
14 119
15 119
16 120
17 120
18 120
19 120
20 121
21 121
22 121
23 121
24 122
25 122
26 122
27 122
28 122
29 123
30 123
31 123
32 123
33 124
34 124
35 124
36 124
37 124
38 125
39 125
40 125
41 125
42 126
43 126
44 126
45 126
46 126
47 127
48 127
49 127
50 127
51 127
52 128
53 128
54 128
55 128
56 129
57 129
58 129
59 129
60 129
61 129
62 129
63 129
64 129
65 130
66 130
67 130
68 130
69 130
70 130
71 130
72 130
73 130
74 130
75 131
76 131
77 131
78 131
79 131
80 131
81 131
82 131
83 131
84 132
85 132
86 132
87 132
88 132
89 132
90 132
91 132
92 132
93 133
94 133
95 133
96 133
97 133
98 133
99 133
100 133
101 133
102 133
103 133
104 133
105 133
106 133
107 133
108 133
109 133
110 133
111 133
112 133
113 133
114 133
115 133
116 133
117 133
118 133
119 133
120 133
121 133
122 133
123 133
124 133
125 133
126 133
127 133
128 133
129 133
130 133
131 133
132 133
133 132
134 132
135 132
136 132
137 132
138 132
139 132
140 132
141 132
142 132
143 131
144 131
145 131
146 131
147 131
148 131
149 131
150 131
151 131
152 130
153 130
154 130
155 130
156 130
157 130
158 130
159 130
160 130
161 129
162 129
163 129
164 129
165 129
166 129
167 129
168 129
169 129
170 128
171 128
172 128
173 128
174 128
175 128
176 128
177 128
178 128
179 128
180 128
181 128
182 128
183 128
184 128
185 128
186 128
187 128
188 128
189 128
190 128
191 128
192 128
193 128
194 128
195 128
196 128
197 128
198 128
199 128
200 128
201 128
202 128
203 128
204 128
205 128
206 129
207 129
208 129
209 129
210 129
211 129
212 129
213 129
214 129
215 130
216 130
217 130
218 130
219 131
220 131
221 131
222 131
223 131
224 132
225 132
226 132
227 132
228 133
229 133
230 133
231 133
232 134
233 134
234 134
235 134
236 134
237 135
238 135
239 135
240 135
241 135
242 135
243 135
244 134
245 134
246 133
247 132
248 131
248 130
249 129
249 128
249 127
249 126
249 125
249 124
249 123
248 122
248 121
248 120
247 119
247 118
246 117
246 116
245 115
245 114
244 113
244 112
243 111
243 110
242 109
241 108
240 107
240 106
239 105
238 104
237 103
236 102
235 101
234 100
233 100
232 99
231 98
230 97
229 97
228 96
227 95
226 94
225 94
224 93
223 93
222 93
221 93
220 92
219 92
218 92
217 92
216 92
215 91
214 91
213 91
212 91
211 90
210 90
209 90
208 90
207 90
206 90
205 90
204 90
203 90
202 90
201 90
200 90
199 90
198 90
197 90
196 90
195 90
194 90
193 90
192 90
