201 25
200 26
199 26
198 26
197 26
196 26
195 27
194 27
193 27
192 27
191 28
190 28
189 29
188 29
187 29
186 30
185 30
184 30
183 30
182 31
181 31
180 32
179 32
178 33
177 33
176 33
175 33
174 34
173 34
172 35
171 35
170 36
169 36
168 37
167 37
166 38
165 38
164 39
163 39
162 40
161 40
160 41
159 41
158 42
157 43
156 44
155 44
154 45
153 46
152 47
151 48
150 49
149 50
148 51
147 52
146 53
146 54
145 55
144 56
143 57
143 58
142 59
141 60
140 61
140 62
139 63
139 64
138 65
138 66
137 67
137 68
137 69
137 70
136 71
136 72
136 73
136 74
136 75
135 76
135 77
135 78
135 79
135 80
135 81
135 82
135 83
135 84
135 85
135 86
135 87
136 88
136 89
136 90
136 91
137 92
136 93
135 94
134 95
133 96
132 97
131 98
130 99
129 100
128 101
127 102
126 102
125 103
124 103
123 104
122 104
121 105
120 106
119 107
118 108
117 109
116 110
115 110
114 111
113 111
112 112
111 112
110 113
109 113
108 114
107 114
106 115
105 115
104 116
103 116
102 117
101 118
100 119
99 119
98 120
97 121
96 122
95 122
94 123
93 124
92 125
91 125
90 126
89 127
88 128
87 129
86 129
85 130
84 130
83 131
82 132
81 133
80 134
79 135
78 136
77 136
76 137
75 138
74 139
73 139
72 140
71 140
70 141
69 141
68 142
67 143
66 144
65 144
64 145
63 146
62 147
61 147
60 148
59 148
58 149
57 149
56 150
55 151
54 152
53 152
52 153
51 153
50 154
49 154
48 155
47 156
46 157
45 158
44 158
43 159
42 159
41 160
40 161
39 162
38 162
37 163
36 164
35 165
34 165
33 166
32 166
31 167
30 167
29 168
28 168
27 169
26 169
25 170
24 170
23 171
22 171
21 172
20 173
19 174
18 174
17 175
16 176
15 177
14 178
13 179
12 180
12 181
11 182
11 183
11 184
11 185
11 186
11 187
11 188
12 189
12 190
13 191
14 192
15 193
16 194
17 195
18 196
19 196
20 197
21 197
22 197
23 197
24 198
25 198
26 198
27 198
28 198
29 198
30 198
31 197
32 197
33 197
34 197
35 196
36 196
37 195
38 195
39 194
40 194
41 193
42 193
43 192
44 192
45 191
46 191
47 190
48 190
49 189
50 188
51 187
52 187
53 186
54 186
55 185
56 185
57 184
58 183
59 182
60 181
61 180
62 179
63 179
64 178
65 178
66 177
67 177
68 176
69 175
70 174
71 174
72 173
73 172
74 171
75 170
76 170
77 169
78 169
79 168
80 167
81 166
82 165
83 164
84 163
85 163
86 162
87 161
88 160
89 159
90 158
91 157
92 157
93 156
94 155
95 154
96 153
97 152
98 151
99 151
100 150
101 149
102 148
103 148
104 147
105 146
106 145
107 145
108 144
109 144
110 143
111 143
112 142
113 141
114 140
115 140
116 139
117 138
118 137
119 136
120 135
121 134
122 133
123 132
124 131
125 131
126 130
127 129
128 128
129 127
130 126
131 125
132 124
133 123
134 122
135 121
136 120
137 119
138 118
139 118
140 117
141 116
142 115
142 114
143 113
143 112
144 111
145 110
146 109
147 109
148 108
149 109
150 109
151 110
152 110
153 111
154 111
155 111
156 111
157 111
158 111
159 111
160 111
161 111
162 111
163 112
164 112
165 112
166 112
167 112
168 112
169 112
170 112
171 112
172 112
173 112
174 112
175 112
176 112
177 112
178 112
179 111
180 111
181 111
182 111
183 111
184 110
185 110
186 109
187 109
188 108
189 108
190 107
191 107
192 106
193 106
194 105
195 105
196 104
197 104
198 103
199 102
200 101
201 101
202 100
203 99
204 98
205 98
206 97
207 96
208 95
209 94
210 93
211 92
212 92
213 91
214 90
215 89
216 88
217 87
218 86
219 85
220 84
221 83
222 82
223 81
224 80
225 79
225 78
226 77
226 76
227 75
227 74
228 73
229 72
229 71
230 70
230 69
231 68
231 67
232 66
232 65
232 64
232 63
232 62
233 61
233 60
234 59
234 58
235 57
235 56
235 55
235 54
235 53
235 52
235 51
235 50
235 49
235 48
235 47
235 46
235 45
235 44
235 43
235 42
234 41
234 40
233 39
233 38
232 37
232 36
231 35
230 34
229 33
228 32
227 31
226 30
225 30
224 29
223 28
222 27
221 27
220 26
219 26
218 26
217 26
216 25
215 25
214 25
213 25
212 25
211 25
210 25
209 25
208 25
207 25
206 25
205 25
204 25
203 25
202 25
