144 7
143 8
142 8
141 9
140 10
139 11
138 12
137 13
136 14
136 15
135 16
135 17
135 18
135 19
134 20
134 21
134 22
134 23
133 24
133 25
133 26
133 27
133 28
132 29
132 30
132 31
132 32
131 33
131 34
131 35
131 36
131 37
130 38
130 39
130 40
130 41
129 42
129 43
129 44
129 45
129 46
128 47
128 48
128 49
128 50
128 51
127 52
127 53
127 54
127 55
126 56
126 57
126 58
126 59
126 60
126 61
126 62
126 63
126 64
125 65
125 66
125 67
125 68
125 69
125 70
125 71
125 72
125 73
125 74
124 75
124 76
124 77
124 78
124 79
124 80
124 81
124 82
124 83
123 84
123 85
123 86
123 87
123 88
123 89
123 90
123 91
123 92
122 93
122 94
122 95
122 96
122 97
122 98
122 99
122 100
122 101
122 102
122 103
122 104
122 105
122 106
122 107
122 108
122 109
122 110
122 111
122 112
122 113
122 114
122 115
122 116
122 117
122 118
122 119
122 120
122 121
122 122
122 123
122 124
122 125
122 126
122 127
122 128
122 129
122 130
122 131
122 132
123 133
123 134
123 135
123 136
123 137
123 138
123 139
123 140
123 141
123 142
124 143
124 144
124 145
124 146
124 147
124 148
124 149
124 150
124 151
125 152
125 153
125 154
125 155
125 156
125 157
125 158
125 159
125 160
126 161
126 162
126 163
126 164
126 165
126 166
126 167
126 168
126 169
127 170
127 171
127 172
127 173
127 174
127 175
127 176
127 177
127 178
127 179
127 180
127 181
127 182
127 183
127 184
127 185
127 186
127 187
127 188
127 189
127 190
127 191
127 192
127 193
127 194
127 195
127 196
127 197
127 198
127 199
127 200
127 201
127 202
127 203
127 204
127 205
126 206
126 207
126 208
126 209
126 210
126 211
126 212
126 213
126 214
125 215
125 216
125 217
125 218
124 219
124 220
124 221
124 222
124 223
123 224
123 225
123 226
123 227
122 228
122 229
122 230
122 231
121 232
121 233
121 234
121 235
121 236
120 237
120 238
120 239
120 240
120 241
120 242
120 243
121 244
121 245
122 246
123 247
124 248
125 248
126 249
127 249
128 249
129 249
130 249
131 249
132 249
133 248
134 248
135 248
136 247
137 247
138 246
139 246
140 245
141 245
142 244
143 244
144 243
145 243
146 242
147 241
148 240
149 240
150 239
151 238
152 237
153 236
154 235
155 234
155 233
156 232
157 231
158 230
158 229
159 228
160 227
161 226
161 225
162 224
162 223
162 222
162 221
163 220
163 219
163 218
163 217
163 216
164 215
164 214
164 213
164 212
165 211
165 210
165 209
165 208
165 207
165 206
165 205
165 204
165 203
165 202
165 201
165 200
165 199
165 198
165 197
165 196
165 195
165 194
165 193
165 192
165 191
164 190
164 189
164 188
164 187
164 186
163 185
163 184
163 183
163 182
162 181
162 180
162 179
162 178
162 177
161 176
161 175
161 174
161 173
160 172
160 171
159 170
159 169
159 168
158 167
158 166
157 165
157 164
156 163
156 162
155 161
154 160
153 159
152 158
151 157
150 156
150 155
149 154
148 153
147 152
146 151
145 150
144 149
143 149
142 148
142 147
142 146
142 145
142 144
142 143
142 142
142 141
142 140
141 139
141 138
141 137
141 136
141 135
141 134
141 133
141 132
141 131
140 130
140 129
140 128
140 127
140 126
140 125
140 124
140 123
140 122
140 121
140 120
140 119
140 118
140 117
140 116
140 115
140 114
140 113
140 112
140 111
140 110
140 109
140 108
140 107
140 106
140 105
140 104
140 103
140 102
140 101
140 100
140 99
140 98
140 97
140 96
141 95
141 94
141 93
141 92
141 91
141 90
141 89
141 88
141 87
142 86
142 85
142 84
142 83
142 82
142 81
142 80
142 79
142 78
142 77
143 76
143 75
143 74
143 73
143 72
143 71
143 70
143 69
143 68
144 67
144 66
144 65
144 64
144 63
144 62
144 61
144 60
144 59
145 58
145 57
145 56
145 55
145 54
146 53
146 52
146 51
146 50
146 49
147 48
147 47
147 46
147 45
148 44
148 43
148 42
148 41
148 40
149 39
149 38
149 37
149 36
150 35
150 34
150 33
150 32
150 31
151 30
151 29
151 28
151 27
152 26
152 25
152 24
153 23
154 22
155 21
155 20
156 19
156 18
156 17
156 16
156 15
156 14
156 13
155 12
155 11
154 10
153 9
152 8
151 8
150 7
149 7
148 7
147 7
146 7
145 7
