182 11
181 12
180 12
179 13
178 14
177 15
176 16
175 17
174 18
174 19
173 20
172 21
171 22
171 23
170 24
170 25
169 26
169 27
168 28
168 29
167 30
167 31
166 32
166 33
165 34
165 35
164 36
163 37
162 38
162 39
161 40
160 41
159 42
159 43
158 44
158 45
157 46
156 47
155 48
154 49
154 50
153 51
153 52
152 53
152 54
151 55
150 56
149 57
149 58
148 59
148 60
147 61
147 62
146 63
145 64
144 65
144 66
143 67
142 68
141 69
141 70
140 71
140 72
139 73
139 74
138 75
137 76
136 77
136 78
135 79
134 80
133 81
132 82
131 83
130 84
130 85
129 86
129 87
128 88
127 89
126 90
125 91
125 92
124 93
123 94
122 95
122 96
121 97
120 98
119 99
119 100
118 101
117 102
116 103
116 104
115 105
115 106
114 107
114 108
113 109
113 110
112 111
112 112
111 113
111 114
110 115
110 116
109 117
108 118
107 119
106 120
105 121
104 122
104 123
103 124
103 125
102 126
102 127
101 128
100 129
99 130
98 131
97 132
96 133
95 134
94 135
93 136
92 137
91 136
90 136
89 136
88 136
87 135
86 135
85 135
84 135
83 135
82 135
81 135
80 135
79 135
78 135
77 135
76 135
75 136
74 136
73 136
72 136
71 136
70 137
69 137
68 137
67 137
66 138
65 138
64 139
63 139
62 140
61 140
60 141
59 142
58 143
57 143
56 144
55 145
54 146
53 146
52 147
51 148
50 149
49 150
48 151
47 152
46 153
45 154
44 155
44 156
43 157
42 158
41 159
41 160
40 161
40 162
39 163
39 164
38 165
38 166
37 167
37 168
36 169
36 170
35 171
35 172
34 173
34 174
33 175
33 176
33 177
33 178
32 179
32 180
31 181
31 182
30 183
30 184
30 185
30 186
29 187
29 188
29 189
28 190
28 191
27 192
27 193
27 194
27 195
26 196
26 197
26 198
26 199
26 200
25 201
25 202
25 203
25 204
25 205
25 206
25 207
25 208
25 209
25 210
25 211
25 212
25 213
25 214
25 215
25 216
26 217
26 218
26 219
26 220
27 221
27 222
28 223
29 224
30 225
30 226
31 227
32 228
33 229
34 230
35 231
36 232
37 232
38 233
39 233
40 234
41 234
42 235
43 235
44 235
45 235
46 235
47 235
48 235
49 235
50 235
51 235
52 235
53 235
54 235
55 235
56 235
57 235
58 234
59 234
60 233
61 233
62 232
63 232
64 232
65 232
66 232
67 231
68 231
69 230
70 230
71 229
72 229
73 228
74 227
75 227
76 226
77 226
78 225
79 225
80 224
81 223
82 222
83 221
84 220
85 219
86 218
87 217
88 216
89 215
90 214
91 213
92 212
92 211
93 210
94 209
95 208
96 207
97 206
98 205
98 204
99 203
100 202
101 201
101 200
102 199
103 198
104 197
104 196
105 195
105 194
106 193
106 192
107 191
107 190
108 189
108 188
109 187
109 186
110 185
110 184
111 183
111 182
111 181
111 180
111 179
112 178
112 177
112 176
112 175
112 174
112 173
112 172
112 171
112 170
112 169
112 168
112 167
112 166
112 165
112 164
112 163
111 162
111 161
111 160
111 159
111 158
111 157
111 156
111 155
111 154
111 153
110 152
110 151
109 150
109 149
108 148
109 147
109 146
110 145
111 144
112 143
113 143
114 142
115 142
116 141
117 140
118 139
118 138
119 137
120 136
121 135
122 134
123 133
124 132
125 131
126 130
127 129
128 128
129 127
130 126
131 125
131 124
132 123
133 122
134 121
135 120
136 119
137 118
138 117
139 116
140 115
140 114
141 113
142 112
143 111
143 110
144 109
144 108
145 107
145 106
146 105
147 104
148 103
148 102
149 101
150 100
151 99
151 98
152 97
153 96
154 95
155 94
156 93
157 92
157 91
158 90
159 89
160 88
161 87
162 86
163 85
163 84
164 83
165 82
166 81
167 80
168 79
169 78
169 77
170 76
170 75
171 74
172 73
173 72
174 71
174 70
175 69
176 68
177 67
177 66
178 65
178 64
179 63
179 62
180 61
181 60
182 59
183 58
184 57
185 56
185 55
186 54
186 53
187 52
187 51
188 50
189 49
190 48
190 47
191 46
191 45
192 44
192 43
193 42
193 41
194 40
194 39
195 38
195 37
196 36
196 35
197 34
197 33
197 32
197 31
198 30
198 29
198 28
198 27
198 26
198 25
198 24
197 23
197 22
197 21
197 20
196 19
196 18
195 17
194 16
193 15
192 14
191 13
190 12
189 12
188 11
187 11
186 11
185 11
184 11
183 11
