223 17
222 18
221 18
220 19
219 20
218 21
218 22
217 23
217 24
217 25
217 26
217 27
217 28
217 29
217 30
217 31
216 32
216 33
216 34
216 35
215 36
215 37
215 38
215 39
214 40
214 41
214 42
213 43
213 44
212 45
212 46
211 47
211 48
210 49
210 50
209 51
209 52
208 53
207 54
206 55
206 56
205 57
205 58
204 59
204 60
203 61
203 62
202 63
201 64
200 65
199 66
199 67
198 68
198 69
198 70
197 71
197 72
196 73
196 74
195 75
195 76
194 77
193 78
193 79
192 80
191 81
190 82
190 83
189 84
188 85
187 86
186 87
185 88
184 89
184 90
183 91
182 92
181 93
181 94
180 95
180 96
179 97
179 98
178 99
177 100
176 101
176 102
175 103
175 104
174 105
173 106
172 107
171 108
171 109
170 110
169 111
168 112
168 113
167 114
166 115
165 116
164 116
163 117
162 118
161 119
160 120
159 121
158 122
157 123
156 124
155 125
154 126
153 127
152 128
151 129
150 130
149 131
148 132
147 133
146 134
145 135
144 135
143 136
142 137
141 138
141 139
140 140
139 141
138 142
137 143
136 143
135 144
134 144
133 145
132 146
131 147
130 148
129 149
128 150
128 151
127 152
126 153
125 154
124 155
124 156
123 157
122 157
121 157
120 157
119 157
118 157
117 158
116 158
115 158
114 158
113 159
112 159
111 159
110 159
109 159
108 159
107 159
106 159
105 159
104 160
103 160
102 160
101 160
100 160
99 161
98 161
97 161
96 161
95 161
94 162
93 162
92 162
91 162
90 163
89 163
88 163
87 163
86 163
85 164
84 164
83 165
82 165
81 166
80 166
79 167
78 168
77 169
76 169
75 170
74 171
73 172
72 173
71 174
70 175
70 176
69 177
68 177
67 178
66 179
65 180
64 180
63 181
62 182
61 183
61 184
60 185
59 186
59 187
58 188
57 189
57 190
56 191
55 192
54 193
54 194
53 195
53 196
52 197
52 198
51 199
50 200
49 201
49 202
48 203
48 204
47 205
46 206
45 207
44 208
44 209
43 210
43 211
42 212
42 213
41 214
40 215
39 216
39 217
38 218
38 219
38 220
38 221
37 222
37 223
36 224
36 225
35 226
35 227
34 228
34 229
33 230
33 231
33 232
33 233
32 234
32 235
32 236
32 237
32 238
31 239
31 240
31 241
31 242
31 243
31 244
31 245
32 246
32 247
33 248
34 249
35 250
36 250
37 251
38 251
39 252
40 252
41 252
42 252
43 252
44 252
45 252
46 251
47 251
48 250
49 249
50 249
51 248
52 248
53 247
54 246
55 245
56 245
57 244
58 244
59 243
60 242
61 241
62 241
63 240
64 240
65 239
66 239
67 238
68 237
69 236
70 236
71 235
72 234
73 233
74 233
75 233
76 232
77 232
78 231
79 230
80 230
81 229
82 228
83 227
84 227
85 226
86 225
87 224
88 223
89 222
90 221
90 220
91 219
92 218
93 217
93 216
94 215
95 214
96 213
97 212
98 211
99 210
100 209
101 208
102 207
102 206
103 205
104 204
105 203
106 202
107 201
107 200
108 199
109 198
110 197
111 197
112 196
113 195
114 194
115 193
116 192
117 191
117 190
118 189
119 188
120 187
121 186
122 185
123 184
124 184
125 183
126 182
127 181
127 180
128 179
129 178
130 177
131 176
132 175
133 174
133 173
134 172
135 171
136 170
137 169
138 168
139 167
140 167
141 166
142 165
143 164
143 163
144 162
144 161
144 160
145 159
146 159
147 158
148 158
149 157
150 156
151 155
152 154
153 153
154 152
154 151
155 150
156 149
157 148
158 148
159 147
160 146
161 145
162 144
163 143
164 142
165 141
166 140
167 139
168 138
169 137
170 136
171 135
172 134
173 133
174 132
175 131
176 130
177 129
178 129
179 128
180 127
181 126
181 125
182 124
183 123
184 122
184 121
185 120
186 119
187 118
188 117
189 116
190 115
190 114
191 113
191 112
192 111
192 110
193 109
194 108
195 107
195 106
196 105
196 104
197 103
197 102
198 101
199 100
200 99
201 98
202 97
203 96
203 95
204 94
205 93
206 92
206 91
207 90
208 89
209 88
209 87
210 86
211 85
211 84
212 83
212 82
213 81
213 80
214 79
214 78
214 77
215 76
216 75
217 74
218 73
218 72
219 71
219 70
220 69
220 68
221 67
221 66
222 65
222 64
223 63
224 62
225 61
225 60
226 59
226 58
227 57
227 56
228 55
228 54
229 53
229 52
230 51
230 50
230 49
231 48
231 47
232 46
232 45
232 44
232 43
233 42
233 41
233 40
233 39
234 38
234 37
234 36
234 35
234 34
235 33
235 32
235 31
235 30
235 29
235 28
235 27
235 26
235 25
235 24
235 23
234 22
234 21
233 20
232 19
231 18
230 18
229 17
228 17
227 17
226 17
225 17
224 17
