53 16
52 17
51 17
50 17
49 17
48 18
47 18
46 18
45 18
44 18
43 19
42 19
41 20
40 20
39 21
38 21
37 22
36 23
35 24
34 24
33 25
32 26
31 27
30 28
29 29
28 30
27 30
26 31
25 32
24 33
23 34
22 35
21 36
20 37
19 38
18 39
18 40
17 41
16 42
15 43
15 44
14 45
13 46
12 47
12 48
11 49
11 50
10 51
9 52
8 53
8 54
7 55
6 56
6 57
5 58
4 59
4 60
3 61
3 62
3 63
3 64
2 65
2 66
2 67
2 68
2 69
1 70
1 71
1 72
1 73
1 74
1 75
1 76
1 77
1 78
1 79
1 80
1 81
1 82
1 83
1 84
1 85
1 86
1 87
1 88
1 89
1 90
1 91
1 92
1 93
1 94
1 95
2 96
2 97
3 98
3 99
4 100
4 101
5 102
6 103
6 104
7 105
8 106
8 107
9 108
10 109
11 110
12 111
13 112
14 113
15 114
16 115
17 115
18 116
19 116
20 117
21 117
22 118
23 118
24 119
25 119
26 120
27 120
28 120
29 120
30 121
31 121
32 121
33 121
34 121
35 122
36 122
37 122
38 122
39 122
40 122
41 122
42 122
43 122
44 122
45 122
46 122
47 122
48 122
49 122
50 122
51 121
52 121
53 121
54 121
55 121
56 120
57 120
58 120
59 120
60 119
61 119
62 119
63 119
64 119
65 118
66 118
67 117
68 117
69 116
70 116
71 116
72 116
73 115
74 115
75 114
76 114
77 113
78 113
79 112
80 111
81 110
82 110
83 109
84 108
85 107
86 107
87 106
88 105
89 104
90 103
91 103
92 104
93 105
94 105
95 106
96 107
97 108
98 109
99 110
100 111
101 112
102 113
103 114
104 115
105 116
106 117
107 118
107 119
108 120
109 121
110 122
111 122
112 123
113 124
114 125
115 126
116 127
117 128
117 129
118 130
119 131
120 132
121 132
122 133
123 133
124 134
125 135
126 136
127 137
128 138
129 139
130 140
131 141
132 141
133 142
134 142
135 143
136 144
137 145
138 146
139 146
140 147
141 148
142 149
143 150
144 151
145 152
146 153
147 154
148 155
149 156
150 157
151 158
152 159
153 159
154 160
155 161
156 162
157 162
158 163
159 164
160 165
161 166
162 167
163 168
163 169
164 170
165 171
166 172
167 173
168 174
169 175
170 175
171 176
172 177
173 178
173 179
174 180
175 181
176 182
177 183
178 184
179 185
179 186
180 187
181 188
182 189
183 190
184 191
185 192
186 192
187 193
188 194
189 195
190 196
191 197
192 198
193 198
194 199
195 200
196 201
197 201
198 202
199 203
200 204
201 205
202 206
203 207
204 207
205 208
206 209
207 210
208 211
209 212
210 213
211 213
212 214
213 215
214 216
215 217
216 218
217 219
217 220
218 221
218 222
219 223
219 224
220 225
221 226
222 227
222 228
223 229
223 230
222 231
221 232
221 233
220 234
220 235
220 236
220 237
220 238
220 239
220 240
221 241
221 242
222 243
223 244
224 245
225 245
226 246
227 246
228 246
229 246
230 246
231 246
232 246
233 245
234 245
235 245
236 245
237 244
238 244
239 243
240 242
241 241
241 240
242 239
242 238
242 237
242 236
242 235
242 234
242 233
242 232
242 231
242 230
242 229
242 228
241 227
241 226
241 225
241 224
240 223
240 222
239 221
239 220
238 219
238 218
237 217
236 216
235 215
235 214
234 213
234 212
233 211
233 210
232 209
231 208
230 207
230 206
229 205
228 204
227 203
226 202
225 201
224 200
223 200
222 199
221 198
220 197
219 196
218 195
217 194
216 194
215 193
214 192
213 191
212 190
211 189
210 188
209 188
208 187
207 186
206 185
205 185
204 184
203 183
202 182
201 181
200 180
199 179
198 179
197 178
196 177
195 176
194 175
193 174
192 173
192 172
191 171
190 170
189 169
188 168
187 167
186 166
186 165
185 164
184 163
183 162
182 162
181 161
180 160
179 159
178 158
177 157
176 156
176 155
175 154
174 153
173 152
172 151
171 150
170 149
169 149
168 148
167 147
166 146
165 146
164 145
163 144
162 143
161 142
160 141
159 140
158 139
157 138
156 137
155 136
154 135
153 134
152 133
151 133
150 132
149 131
148 130
147 129
146 128
145 127
144 127
143 126
142 126
141 125
140 124
139 123
138 122
137 121
136 120
135 119
134 118
133 118
132 117
131 117
130 116
130 115
129 114
128 113
127 112
126 111
125 110
124 109
123 109
122 108
121 107
120 106
120 105
119 104
118 103
117 102
116 101
115 100
114 99
113 98
112 97
111 96
110 95
109 94
108 93
107 92
106 92
105 91
104 90
103 89
102 88
102 87
102 86
103 85
103 84
104 83
104 82
105 81
105 80
106 79
106 78
106 77
106 76
107 75
107 74
107 73
107 72
107 71
108 70
108 69
108 68
108 67
109 66
109 65
109 64
109 63
109 62
109 61
109 60
109 59
109 58
109 57
109 56
109 55
109 54
109 53
109 52
109 51
109 50
109 49
109 48
109 47
109 46
108 45
108 44
107 43
107 42
106 41
106 40
105 39
105 38
104 37
104 36
103 35
103 34
102 33
102 32
101 31
100 30
99 29
99 28
98 27
97 26
96 25
95 25
94 24
93 23
92 22
91 22
90 21
89 21
88 20
87 20
86 19
85 19
84 18
83 18
82 17
81 17
80 17
79 17
78 16
77 16
76 16
75 16
74 16
73 16
72 16
71 16
70 16
69 16
68 16
67 16
66 16
65 16
64 16
63 16
62 16
61 16
60 16
59 16
58 16
57 16
56 16
55 16
54 16
