228 13
227 14
226 14
225 14
224 14
223 15
222 15
221 16
220 16
219 17
218 17
217 18
216 19
215 20
214 20
213 21
212 21
211 22
210 22
209 23
208 24
207 25
206 25
205 26
204 27
203 28
202 29
201 30
200 31
200 32
199 33
198 34
197 35
196 36
195 37
194 38
194 39
193 40
192 41
191 42
190 43
189 44
188 45
188 46
187 47
186 48
185 49
185 50
184 51
183 52
182 53
181 54
180 55
179 56
179 57
178 58
177 59
176 60
175 61
174 62
173 63
172 63
171 64
170 65
169 66
168 67
167 68
166 69
165 69
164 70
163 71
162 72
162 73
161 74
160 75
159 76
158 77
157 78
156 79
155 79
154 80
153 81
152 82
151 83
150 84
149 85
149 86
148 87
147 88
146 89
146 90
145 91
144 92
143 93
142 94
141 95
140 96
139 97
138 98
137 99
136 100
135 101
134 102
133 103
133 104
132 105
131 106
130 107
129 108
128 109
127 110
127 111
126 112
126 113
125 114
124 115
123 116
122 117
121 118
120 119
119 120
118 121
118 122
117 123
117 124
116 125
115 125
114 126
113 127
112 128
111 129
110 130
109 131
109 132
108 133
107 134
106 135
105 135
104 136
103 137
102 138
101 139
100 140
99 141
98 142
97 143
96 144
95 145
94 146
93 147
92 148
92 149
91 150
90 151
89 152
88 153
87 153
86 153
85 152
84 152
83 151
82 151
81 150
80 150
79 149
78 149
77 149
76 149
75 148
74 148
73 148
72 148
71 148
70 147
69 147
68 147
67 147
66 146
65 146
64 146
63 146
62 146
61 146
60 146
59 146
58 146
57 146
56 146
55 146
54 146
53 146
52 146
51 146
50 146
49 146
48 146
47 146
46 146
45 147
44 147
43 148
42 148
41 149
40 149
39 150
38 150
37 151
36 151
35 152
34 152
33 153
32 153
31 154
30 155
29 156
28 156
27 157
26 158
25 159
25 160
24 161
23 162
22 163
22 164
21 165
21 166
20 167
20 168
19 169
19 170
18 171
18 172
17 173
17 174
17 175
17 176
16 177
16 178
16 179
16 180
16 181
16 182
16 183
16 184
16 185
16 186
16 187
16 188
16 189
16 190
16 191
16 192
16 193
16 194
16 195
16 196
16 197
16 198
16 199
16 200
16 201
16 202
17 203
17 204
17 205
17 206
18 207
18 208
18 209
18 210
18 211
19 212
19 213
20 214
20 215
21 216
21 217
22 218
23 219
24 220
24 221
25 222
26 223
27 224
28 225
29 226
30 227
30 228
31 229
32 230
33 231
34 232
35 233
36 234
37 235
38 236
39 237
40 237
41 238
42 239
43 240
44 240
45 241
46 242
47 243
48 243
49 244
50 244
51 245
52 246
53 247
54 247
55 248
56 249
57 249
58 250
59 251
60 251
61 252
62 252
63 252
64 252
65 253
66 253
67 253
68 253
69 253
70 254
71 254
72 254
73 254
74 254
75 254
76 254
77 254
78 254
79 254
80 254
81 254
82 254
83 254
84 254
85 254
86 254
87 254
88 254
89 254
90 254
91 254
92 254
93 254
94 254
95 254
96 253
97 253
98 252
99 252
100 251
101 251
102 250
103 249
104 249
105 248
106 247
107 247
108 246
109 245
110 244
111 243
112 242
113 241
114 240
115 239
115 238
116 237
116 236
117 235
117 234
118 233
118 232
119 231
119 230
120 229
120 228
120 227
120 226
121 225
121 224
121 223
121 222
121 221
122 220
122 219
122 218
122 217
122 216
122 215
122 214
122 213
122 212
122 211
122 210
122 209
122 208
122 207
122 206
122 205
121 204
121 203
121 202
121 201
121 200
120 199
120 198
120 197
120 196
119 195
119 194
119 193
119 192
119 191
118 190
118 189
117 188
117 187
116 186
116 185
116 184
116 183
115 182
115 181
114 180
114 179
113 178
113 177
112 176
111 175
110 174
110 173
109 172
108 171
107 170
107 169
106 168
105 167
104 166
103 165
103 164
104 163
105 162
105 161
106 160
107 159
108 158
109 157
110 156
111 155
112 154
113 153
114 152
115 151
116 150
117 149
118 148
119 148
120 147
121 146
122 145
122 144
123 143
124 142
125 141
126 140
127 139
128 138
129 138
130 137
131 136
132 135
132 134
133 133
133 132
134 131
135 130
136 129
137 128
138 127
139 126
140 125
141 124
141 123
142 122
142 121
143 120
144 119
145 118
146 117
146 116
147 115
148 114
149 113
150 112
151 111
152 110
153 109
154 108
155 107
156 106
157 105
158 104
159 103
159 102
160 101
161 100
162 99
162 98
163 97
164 96
165 95
166 94
167 93
168 92
169 92
170 91
171 90
172 89
173 88
174 87
175 86
175 85
176 84
177 83
178 82
179 82
180 81
181 80
182 79
183 78
184 77
185 76
186 76
187 75
188 74
189 73
190 72
191 71
192 70
192 69
193 68
194 67
195 66
196 65
197 64
198 63
198 62
199 61
200 60
201 59
201 58
202 57
203 56
204 55
205 54
206 53
207 52
207 51
208 50
209 49
210 48
211 47
212 46
213 45
213 44
214 43
215 42
216 41
217 40
218 39
219 38
220 38
221 37
222 37
223 36
224 36
225 35
226 34
227 33
228 33
229 32
230 32
231 33
232 34
233 34
234 35
235 35
236 35
237 35
238 35
239 35
240 35
241 34
242 34
243 33
244 32
245 31
245 30
246 29
246 28
246 27
246 26
246 25
246 24
246 23
245 22
245 21
245 20
245 19
244 18
244 17
243 16
242 15
241 14
240 14
239 13
238 13
237 13
236 13
235 13
234 13
233 13
232 13
231 13
230 13
229 13
