137 14
136 15
135 15
134 15
133 15
132 15
131 15
130 15
129 16
128 16
127 16
126 16
125 17
124 17
123 17
122 17
121 18
120 18
119 18
118 18
117 19
116 19
115 19
114 20
113 20
112 21
111 21
110 22
109 23
108 23
107 24
106 25
105 26
104 26
103 27
102 28
101 28
100 29
99 30
98 31
97 32
97 33
96 34
95 35
94 36
93 37
92 38
92 39
91 40
91 41
90 42
89 43
89 44
88 45
87 45
86 46
86 47
85 48
85 49
84 50
84 51
83 52
83 53
82 54
82 55
81 56
81 57
80 58
80 59
79 60
79 61
78 62
77 63
76 64
76 65
75 66
75 67
74 68
74 69
73 70
73 71
72 72
71 73
70 74
70 75
69 76
69 77
68 78
67 79
66 80
65 81
65 82
64 83
63 83
62 84
62 85
61 86
60 87
59 88
58 89
57 90
56 91
55 91
54 92
53 93
52 93
51 94
50 95
49 96
48 96
47 97
46 98
45 98
44 98
43 98
42 98
41 98
40 98
39 98
38 98
37 98
36 98
35 97
34 97
33 97
32 96
31 96
30 95
29 95
28 94
27 93
26 93
25 92
24 91
23 90
22 89
21 88
21 87
20 86
20 85
19 84
18 83
18 82
17 81
17 80
16 79
16 78
16 77
16 76
16 75
16 74
16 73
17 72
17 71
18 70
18 69
19 68
20 67
21 66
22 65
23 65
24 65
25 64
26 64
27 64
28 64
29 64
30 64
31 64
32 64
33 64
34 64
35 64
36 64
37 65
38 66
39 67
40 68
40 69
41 70
41 71
41 72
41 73
41 74
41 75
41 76
40 77
39 78
38 79
37 79
36 80
35 80
34 80
33 80
32 80
31 79
30 79
29 78
29 77
29 76
30 75
31 75
32 74
33 74
33 73
34 72
34 71
33 70
32 69
31 69
30 69
29 69
28 69
27 69
26 70
25 70
24 71
24 72
24 73
23 74
23 75
23 76
23 77
23 78
23 79
23 80
24 81
24 82
25 83
26 84
27 84
28 85
29 85
30 86
31 86
32 86
33 86
34 86
35 86
36 86
37 86
38 86
39 85
40 85
41 85
42 84
43 83
44 82
45 81
46 80
46 79
47 78
47 77
47 76
47 75
47 74
47 73
47 72
47 71
47 70
47 69
47 68
46 67
46 66
45 65
44 64
44 63
43 62
42 61
41 60
40 59
39 59
38 58
37 58
36 58
35 58
34 58
33 58
32 58
31 58
30 58
29 58
28 58
27 58
26 58
25 58
24 58
23 59
22 59
21 59
20 59
19 60
18 61
17 61
16 62
15 63
14 64
14 65
13 66
12 67
12 68
11 69
11 70
10 71
10 72
10 73
10 74
10 75
10 76
10 77
10 78
10 79
10 80
10 81
11 82
11 83
12 84
12 85
13 86
13 87
14 88
15 89
15 90
16 91
16 92
17 93
18 94
19 95
20 96
21 97
22 97
23 98
24 99
25 100
26 100
27 101
28 101
29 102
30 102
31 103
32 103
33 103
34 103
35 104
36 104
37 104
38 104
39 104
40 104
41 104
42 104
43 104
44 104
45 104
46 104
47 104
48 104
49 103
50 103
51 102
52 101
53 100
54 100
55 99
56 98
57 98
58 97
59 96
60 96
61 95
62 94
63 93
64 92
65 91
66 90
66 89
67 88
68 87
69 86
70 85
70 84
71 83
72 82
73 81
74 80
74 79
75 78
75 77
76 76
77 75
78 74
78 73
79 72
79 71
80 70
80 69
81 68
82 67
83 66
83 65
84 64
84 63
85 62
85 61
86 60
86 59
87 58
87 57
88 56
88 55
89 54
89 53
90 52
90 51
91 50
92 49
93 48
94 47
94 46
95 45
96 44
97 43
97 42
98 41
99 40
100 39
100 38
101 37
102 36
103 35
104 34
105 33
106 32
107 31
108 31
109 30
110 29
111 29
112 28
113 27
114 27
115 26
116 26
117 25
118 25
119 24
120 24
121 24
122 24
123 23
124 23
125 23
126 23
127 23
128 22
129 22
130 22
131 22
132 21
133 21
134 21
135 21
136 21
137 20
138 20
139 20
140 20
141 20
142 20
143 20
144 20
145 20
146 20
147 20
148 20
149 21
150 21
151 21
152 22
153 23
154 23
155 24
156 24
157 25
158 26
159 26
160 27
161 28
162 29
163 29
164 30
165 31
166 32
167 33
168 34
168 35
169 36
169 37
169 38
170 39
170 40
170 41
170 42
170 43
170 44
170 45
169 46
169 47
168 48
168 49
167 50
166 51
166 52
165 53
164 54
163 55
162 56
161 57
160 57
159 57
158 57
157 57
156 57
155 57
154 57
153 57
152 58
151 58
150 58
149 58
148 58
147 57
146 57
145 57
144 56
143 56
142 56
141 55
140 54
139 53
138 52
138 51
137 50
137 49
136 48
136 47
136 46
136 45
136 44
136 43
136 42
137 41
137 40
138 39
139 38
140 38
141 37
142 36
143 36
144 36
145 35
146 35
147 35
148 35
149 36
150 36
151 36
152 36
153 37
154 38
155 38
156 39
157 40
158 41
158 42
157 43
157 44
156 45
155 45
154 46
153 46
152 46
151 46
150 46
149 45
149 44
149 43
148 42
147 42
146 41
145 41
144 42
143 43
143 44
143 45
143 46
143 47
143 48
144 49
145 50
146 51
147 52
148 52
149 52
150 52
151 52
152 52
153 52
154 52
155 52
156 52
157 51
158 51
159 50
160 50
161 49
161 48
162 47
163 46
163 45
164 44
164 43
164 42
164 41
164 40
163 39
163 38
163 37
162 36
161 35
160 34
159 33
158 33
157 32
156 31
155 31
154 31
153 30
152 30
151 30
150 29
149 29
148 29
147 29
146 29
145 29
144 29
143 30
142 30
141 30
140 31
139 31
138 32
137 32
136 33
135 33
134 34
134 35
133 36
132 37
131 38
131 39
130 40
130 41
130 42
130 43
130 44
130 45
130 46
130 47
130 48
130 49
130 50
131 51
131 52
132 53
132 54
133 55
133 56
134 57
135 58
136 59
137 60
138 61
139 61
140 61
141 62
142 62
143 63
144 63
145 63
146 64
147 64
148 64
149 64
150 64
151 64
152 64
153 64
154 63
155 63
156 63
157 63
158 63
159 63
160 63
161 63
162 63
163 63
164 62
165 62
166 61
167 60
168 59
169 58
170 57
171 56
171 55
172 54
173 53
173 52
174 51
174 50
175 49
175 48
176 47
176 46
176 45
176 44
176 43
176 42
176 41
176 40
176 39
176 38
175 37
175 36
175 35
175 34
174 33
174 32
173 31
172 30
172 29
171 28
170 27
169 26
168 25
167 25
166 24
165 23
164 23
163 22
162 21
161 20
160 20
159 19
158 19
157 18
156 17
155 17
154 16
153 16
152 15
151 15
150 15
149 14
148 14
147 14
146 14
145 14
144 14
143 14
142 14
141 14
140 14
139 14
138 14
