112 15
111 16
110 16
109 17
108 17
107 18
106 18
105 19
104 20
103 21
102 22
101 23
100 24
99 25
99 26
98 27
98 28
98 29
97 30
96 31
95 32
95 33
94 34
94 35
94 36
93 37
93 38
93 39
93 40
92 41
92 42
92 43
92 44
91 45
91 46
91 47
91 48
90 49
90 50
89 51
89 52
89 53
88 54
88 55
88 56
87 57
87 58
87 59
87 60
87 61
87 62
87 63
87 64
87 65
87 66
86 67
86 68
86 69
86 70
86 71
85 72
85 73
85 74
85 75
85 76
85 77
84 78
84 79
84 80
84 81
84 82
84 83
84 84
84 85
83 86
83 87
83 88
83 89
83 90
83 91
83 92
83 93
83 94
83 95
83 96
83 97
83 98
83 99
83 100
82 101
82 102
82 103
82 104
82 105
82 106
82 107
82 108
82 109
82 110
82 111
82 112
82 113
82 114
82 115
82 116
82 117
82 118
82 119
82 120
81 121
82 122
82 123
82 124
82 125
81 126
82 127
82 128
82 129
82 130
82 131
82 132
82 133
82 134
81 135
82 136
82 137
82 138
82 139
81 140
82 141
82 142
82 143
82 144
81 145
82 146
82 147
82 148
82 149
82 150
82 151
82 152
82 153
81 154
82 155
82 156
82 157
82 158
83 159
83 160
83 161
83 162
82 163
83 162
84 163
84 164
83 165
83 166
83 167
83 168
83 169
83 170
83 171
83 172
83 173
83 174
84 175
84 176
84 177
84 178
84 179
84 180
84 181
84 182
84 183
84 184
84 185
84 186
84 187
84 188
84 189
84 190
84 191
85 192
85 193
85 194
85 195
85 196
86 197
86 198
86 199
86 200
86 201
87 202
87 203
87 204
87 205
87 206
87 207
87 208
88 209
88 210
88 211
88 212
88 213
88 214
88 215
88 216
88 217
88 218
88 219
88 220
88 221
88 222
88 223
88 224
88 225
88 226
88 227
88 228
88 229
88 230
89 231
89 232
89 233
89 234
89 235
89 236
89 237
89 238
89 239
89 240
89 241
89 242
89 243
89 244
88 245
88 246
88 247
87 248
87 249
86 250
85 251
85 252
84 253
83 254
82 255
81 255
81 256
81 257
80 258
79 259
78 260
78 261
77 262
76 263
75 264
74 265
73 266
72 267
71 267
70 267
69 268
68 268
67 268
66 268
65 268
64 269
63 269
62 269
61 269
60 269
59 269
58 268
57 268
56 268
55 268
54 268
53 268
52 268
51 267
50 267
49 267
48 266
47 266
46 265
45 265
44 265
43 265
42 265
41 264
40 264
39 264
38 264
37 263
36 263
35 263
34 262
33 262
32 262
31 261
30 261
29 260
28 260
27 259
26 259
25 258
24 257
23 256
22 256
21 255
20 254
20 253
19 252
18 251
17 250
16 249
16 248
15 247
14 246
14 245
14 244
13 243
13 242
12 241
12 240
12 239
11 238
11 237
11 236
11 235
11 234
11 233
11 232
11 231
10 230
11 229
11 228
11 227
11 226
12 225
12 224
12 223
12 222
13 221
13 220
14 219
14 218
14 217
15 216
15 215
16 214
16 213
17 212
18 211
19 210
20 209
21 208
22 207
23 206
24 206
25 206
26 206
27 206
28 206
29 206
30 206
31 206
32 206
33 206
34 206
35 207
36 207
37 208
38 208
39 208
40 209
41 209
42 210
43 211
44 211
45 212
46 213
47 213
48 214
49 215
50 216
51 217
52 218
53 219
53 220
54 221
54 222
55 223
55 224
55 225
56 226
56 227
56 228
56 229
57 230
57 231
57 232
57 233
57 234
56 235
56 236
55 237
54 238
54 239
53 240
52 241
52 242
51 243
50 243
50 244
49 245
48 245
47 246
46 247
45 248
44 249
43 249
42 249
41 250
40 250
39 251
38 251
37 251
36 251
35 251
34 251
33 251
32 250
31 250
30 249
29 248
28 247
27 247
26 246
26 245
25 244
25 243
25 242
24 241
24 240
24 239
24 238
24 237
24 236
24 235
24 234
25 233
25 232
25 231
25 230
24 229
23 228
22 227
21 227
20 228
20 229
19 230
19 231
18 232
18 233
17 234
17 235
17 236
17 237
18 238
18 239
18 240
18 241
18 242
19 243
19 244
20 245
20 246
21 247
22 248
23 249
24 250
25 251
26 252
27 253
28 254
29 255
30 255
31 256
32 256
33 257
34 257
35 257
36 257
37 257
38 257
39 257
40 256
41 256
42 256
43 255
44 255
45 254
46 254
47 254
48 253
49 253
49 252
50 251
51 251
52 250
53 249
54 248
55 247
56 246
57 245
57 244
58 243
59 242
60 241
60 240
61 239
62 238
62 237
62 236
63 235
63 234
63 233
63 232
63 231
63 230
63 229
62 228
62 227
62 226
62 225
61 224
61 223
61 222
60 221
60 220
59 219
59 218
58 217
58 216
58 215
57 214
56 213
55 212
54 211
53 211
52 210
51 209
50 208
49 208
48 207
47 206
46 206
45 205
44 204
43 204
42 203
41 203
40 203
39 202
38 202
37 201
36 201
35 200
34 200
33 200
32 200
31 200
30 200
29 200
28 200
27 200
26 200
25 200
24 200
23 200
22 200
21 201
20 201
19 201
18 202
18 203
17 204
16 205
15 206
14 206
14 207
13 208
12 209
11 210
11 211
10 212
9 213
9 214
9 215
8 216
8 217
8 218
7 219
7 220
7 221
6 222
6 223
6 224
5 225
5 226
4 227
4 228
4 229
4 230
4 231
4 232
5 233
5 234
5 235
5 236
5 237
5 238
5 239
6 240
6 241
6 242
6 243
7 244
7 245
8 246
8 247
9 248
9 249
9 250
10 251
11 252
11 253
12 254
13 255
14 256
15 257
16 258
17 259
18 260
19 261
20 262
21 263
22 263
23 264
24 265
25 265
26 266
27 266
28 267
29 267
30 267
31 268
32 268
33 269
34 269
35 269
36 269
37 270
38 270
39 270
40 271
41 271
42 271
43 271
44 271
45 272
46 272
47 273
48 273
49 273
50 274
51 274
52 274
53 274
54 274
55 274
56 274
57 275
58 275
59 275
60 275
61 275
62 275
63 275
64 275
65 275
66 275
67 274
68 274
69 274
70 274
71 273
72 273
73 273
74 272
75 272
76 271
77 270
78 269
79 269
80 268
80 267
81 266
82 265
83 264
83 263
84 262
85 261
86 260
86 259
86 258
86 257
87 256
87 255
87 254
88 253
89 252
89 251
90 250
90 249
90 248
91 247
91 246
91 245
91 244
92 243
92 242
93 241
93 240
93 239
94 238
94 237
95 236
95 235
95 234
96 233
96 232
97 231
97 230
97 229
97 228
98 227
98 226
98 225
98 224
99 223
99 222
99 221
99 220
99 219
99 218
99 217
99 216
99 215
99 214
99 213
99 212
99 211
99 210
98 209
98 208
98 207
98 206
98 205
97 204
97 203
97 202
97 201
97 200
97 199
97 198
97 197
97 196
97 195
97 194
97 193
97 192
97 191
97 190
97 189
97 188
97 187
97 186
97 185
97 184
97 183
97 182
97 181
97 180
97 179
97 178
97 177
97 176
97 175
97 174
97 173
97 172
97 171
97 170
97 169
97 168
97 167
97 166
96 165
96 164
96 163
96 162
96 161
96 160
96 159
96 158
96 157
96 156
96 155
96 154
96 153
96 152
95 151
95 150
95 149
95 148
95 147
95 146
95 145
95 144
95 143
95 142
95 141
95 140
95 139
95 138
95 137
95 136
95 135
95 134
95 133
95 132
94 131
94 130
94 129
94 128
94 127
94 126
94 125
94 124
94 123
94 122
94 121
94 120
94 119
94 118
94 117
94 116
94 115
94 114
94 113
94 112
94 111
94 110
94 109
94 108
94 107
94 106
94 105
94 104
94 103
94 102
94 101
94 100
94 99
94 98
94 97
94 96
94 95
94 94
94 93
94 92
94 91
94 90
94 89
94 88
94 87
94 86
94 85
94 84
94 83
94 82
94 81
94 80
94 79
94 78
94 77
94 76
94 75
94 74
94 73
94 72
94 71
94 70
94 69
94 68
94 67
94 66
94 65
94 64
94 63
94 62
95 61
95 60
95 59
95 58
95 57
95 56
95 55
95 54
95 53
96 52
96 51
96 50
96 49
96 48
97 47
97 46
97 45
97 44
97 43
98 42
98 41
98 40
98 39
99 38
99 37
100 36
100 35
101 34
102 34
102 33
103 32
103 31
103 30
104 29
105 28
106 27
107 26
107 25
108 24
109 23
110 23
111 22
112 22
113 22
114 21
115 21
116 21
117 21
118 21
119 21
120 21
121 21
122 21
123 21
124 21
125 21
126 21
127 21
128 21
129 21
130 21
131 22
132 22
133 22
134 23
135 23
136 24
136 25
137 25
138 26
139 27
140 28
141 28
142 29
142 30
143 31
144 32
145 33
146 34
147 35
148 36
149 37
149 38
150 39
150 40
151 41
151 42
152 43
152 44
152 45
152 46
153 47
153 48
153 49
153 50
153 51
153 52
153 53
153 54
153 55
152 56
152 57
151 58
150 59
150 60
149 61
148 61
147 62
146 63
145 64
144 64
143 65
142 65
141 66
140 67
139 68
138 68
137 68
136 69
135 69
134 70
133 70
132 70
131 71
130 71
129 71
128 71
127 72
126 72
125 72
124 72
123 72
122 72
121 72
120 72
119 71
118 71
117 70
116 69
115 68
114 67
113 66
112 65
111 65
110 64
110 63
110 62
110 61
110 60
110 59
110 58
110 57
110 56
110 55
110 54
111 53
111 52
111 51
111 50
111 49
111 48
112 47
112 46
112 45
113 44
113 43
114 42
115 41
116 40
117 39
118 38
119 38
120 38
121 37
122 37
123 36
124 36
125 36
126 36
127 36
128 36
129 36
130 37
131 38
132 39
133 40
134 40
135 41
136 42
137 43
137 44
138 45
139 46
139 47
139 48
139 49
139 50
139 51
139 52
138 53
138 54
138 55
137 56
136 57
135 58
134 58
133 59
132 59
131 58
130 58
130 59
129 60
129 61
128 62
127 62
127 63
128 64
129 64
130 65
131 65
132 65
133 65
134 65
135 65
136 64
137 64
138 63
139 62
140 62
141 61
142 60
142 59
143 58
144 57
144 56
144 55
144 54
145 53
145 52
145 51
145 50
145 49
145 48
145 47
145 46
145 45
144 44
144 43
143 42
143 41
142 40
141 39
140 38
140 37
139 36
138 36
137 35
136 34
135 33
134 33
133 32
132 31
131 31
130 30
129 30
128 30
127 30
126 30
125 30
124 30
123 30
122 30
121 31
120 31
119 32
118 32
117 33
116 33
115 33
114 34
113 34
112 35
111 36
111 37
110 38
109 38
109 39
108 40
107 41
107 42
106 43
106 44
106 45
106 46
105 47
105 48
105 49
105 50
105 51
105 52
104 53
104 54
104 55
104 56
104 57
104 58
104 59
104 60
104 61
104 62
104 63
104 64
104 65
105 66
105 67
106 68
107 69
108 70
109 71
110 72
111 73
112 74
113 74
114 75
115 76
116 76
117 77
118 77
119 78
120 78
121 78
122 78
123 78
124 78
125 78
126 78
127 78
128 77
129 77
130 77
131 77
132 76
133 76
134 76
135 75
136 75
137 75
138 74
139 74
140 73
141 73
142 73
143 72
144 72
144 71
145 70
146 70
147 69
148 69
149 68
150 67
151 66
152 66
153 65
154 64
155 63
156 62
156 61
157 60
158 59
158 58
159 57
159 56
159 55
159 54
159 53
159 52
159 51
159 50
159 49
159 48
159 47
159 46
158 45
158 44
158 43
158 42
157 41
157 40
156 39
156 38
155 37
155 36
154 35
154 34
153 33
152 32
151 31
150 30
150 29
149 28
148 27
147 26
146 25
145 24
144 23
143 23
142 22
141 21
140 20
139 19
138 18
137 18
136 17
135 17
134 16
133 16
132 16
131 15
130 15
129 15
128 15
127 15
126 15
125 15
124 15
123 15
122 15
121 15
120 15
119 15
118 15
117 15
116 15
115 15
114 15
113 15
