222 77
221 78
220 78
219 78
218 78
217 78
216 78
215 78
214 79
213 79
212 79
211 79
210 79
209 79
208 79
207 79
206 80
205 80
204 80
203 80
202 80
201 80
200 81
199 81
198 82
197 82
196 82
195 82
194 83
193 83
192 84
191 84
190 84
189 85
188 85
187 85
186 86
185 86
184 87
183 87
182 88
181 88
180 89
179 90
178 90
177 91
176 91
175 92
174 93
174 94
173 95
172 95
171 95
170 95
169 96
168 96
167 97
166 98
165 98
164 99
163 100
163 101
162 102
161 103
160 103
159 104
158 105
157 106
157 107
156 108
155 109
154 110
154 111
153 112
152 113
151 114
150 115
149 116
148 117
147 118
146 119
146 120
145 121
144 122
143 123
142 124
142 125
141 126
140 127
140 128
139 129
139 130
139 131
139 132
139 133
138 134
138 135
137 136
137 137
136 138
135 138
134 139
133 140
133 141
132 142
132 143
131 144
131 145
130 146
130 147
129 148
129 149
128 150
128 151
127 152
127 153
126 154
126 155
125 156
125 157
124 158
124 159
123 160
123 161
122 162
122 163
122 164
122 165
121 166
121 167
120 168
120 169
119 170
119 171
119 172
118 173
118 174
117 175
117 176
117 177
116 178
116 179
115 180
115 181
115 182
114 183
114 184
114 185
113 186
113 187
112 188
112 189
111 190
111 191
110 192
110 193
110 194
110 195
109 196
109 197
109 198
108 199
108 200
107 201
107 202
107 203
107 204
107 205
106 206
106 207
106 208
105 209
105 210
105 211
105 212
104 213
104 214
103 215
103 216
103 217
102 218
102 219
102 220
102 221
101 222
101 223
101 224
101 225
100 226
100 227
100 228
99 229
99 230
99 231
99 232
98 233
98 234
98 235
98 236
97 237
97 238
97 239
97 240
97 241
97 242
97 243
96 244
96 245
96 246
96 247
96 248
96 249
96 250
96 251
96 252
96 253
96 254
96 255
96 256
96 257
96 258
96 259
96 260
96 261
96 262
96 263
96 264
96 265
96 266
96 267
96 268
96 269
96 270
96 271
96 272
96 273
96 274
96 275
96 276
96 277
96 278
96 279
96 280
96 281
96 282
97 283
97 284
97 285
97 286
97 287
97 288
97 289
97 290
97 291
97 292
98 293
98 294
98 295
98 296
99 297
99 298
99 299
99 300
100 301
100 302
100 303
100 304
100 305
100 306
101 307
101 308
101 309
101 310
101 311
101 312
101 313
101 314
102 315
102 316
102 317
103 318
103 319
103 320
104 321
104 322
104 323
104 324
104 325
104 326
104 327
105 328
105 329
105 330
105 331
105 332
105 333
105 334
105 335
105 336
105 337
105 338
105 339
105 340
105 341
105 342
105 343
105 344
105 345
104 346
104 347
104 348
104 349
103 350
103 351
103 352
103 353
102 354
102 355
102 356
102 357
101 358
101 359
101 360
101 361
100 362
100 363
100 364
100 365
99 366
99 367
99 368
98 369
98 370
98 371
98 372
98 373
97 374
97 375
97 376
96 377
95 378
94 379
93 380
92 381
91 382
90 383
90 384
89 385
88 385
87 386
86 387
85 388
84 389
83 390
82 390
81 391
80 392
79 393
78 393
77 393
76 394
75 394
74 394
73 394
72 394
71 394
70 394
69 394
68 394
67 394
66 394
65 394
64 394
63 394
62 394
61 394
60 393
59 393
58 393
57 392
56 392
55 392
54 391
53 391
52 390
51 389
50 388
49 387
48 386
47 386
46 385
46 384
45 383
45 382
44 381
44 380
43 379
42 378
42 377
41 376
41 375
40 374
40 373
40 372
40 371
39 370
39 369
39 368
38 367
38 366
38 365
38 364
38 363
38 362
38 361
38 360
38 359
38 358
38 357
38 356
39 355
39 354
39 353
39 352
39 351
39 350
39 349
39 348
39 347
40 346
40 345
40 344
40 343
41 342
41 341
42 340
43 339
44 338
45 338
46 337
47 336
48 336
49 335
50 335
51 334
52 334
53 334
54 333
55 333
56 333
57 333
58 333
59 333
60 333
61 334
62 334
63 334
64 335
65 335
66 336
67 337
68 338
68 339
69 340
70 341
70 342
71 343
72 344
73 345
73 346
74 347
74 348
74 349
74 350
74 351
73 352
73 353
73 354
73 355
72 356
72 357
72 358
72 359
71 360
71 361
71 362
71 363
70 364
69 365
68 365
67 366
66 366
65 366
64 366
63 366
62 365
61 365
60 364
59 363
59 362
59 361
59 360
59 359
59 358
59 357
58 356
58 355
58 354
58 353
58 352
57 351
57 350
56 349
55 348
54 348
53 347
52 347
51 347
50 347
49 348
48 348
47 349
46 350
46 351
45 352
45 353
45 354
45 355
45 356
45 357
45 358
46 359
46 360
46 361
46 362
46 363
46 364
46 365
46 366
46 367
46 368
47 369
47 370
48 371
49 372
50 373
51 374
52 375
53 375
54 376
55 376
56 377
57 378
58 379
58 380
59 381
60 382
61 382
62 383
63 383
64 383
65 383
66 383
67 383
68 383
69 383
70 383
71 383
72 382
73 382
74 382
75 382
76 381
77 381
78 380
79 379
80 378
81 377
81 376
82 375
82 374
83 373
84 372
85 371
85 370
86 369
86 368
87 367
87 366
88 365
88 364
89 363
90 362
91 361
91 360
92 359
92 358
92 357
93 356
93 355
93 354
93 353
93 352
93 351
93 350
93 349
93 348
93 347
93 346
93 345
93 344
93 343
93 342
93 341
93 340
93 339
93 338
93 337
93 336
93 335
93 334
93 333
93 332
93 331
92 330
92 329
92 328
91 327
91 326
90 325
90 324
89 323
89 322
88 321
88 320
87 319
87 318
86 317
85 316
84 315
83 314
82 313
81 312
80 312
79 311
78 311
77 310
76 310
75 309
74 309
73 308
72 308
71 308
70 307
69 307
68 307
67 307
66 306
65 306
64 306
63 306
62 306
61 306
60 306
59 306
58 306
57 306
56 306
55 306
54 306
53 306
52 306
51 306
50 306
49 306
48 306
47 307
46 307
45 307
44 308
43 308
42 308
41 309
40 309
39 310
38 310
37 311
36 312
35 313
34 314
33 315
32 316
31 317
30 318
30 319
29 320
29 321
29 322
28 323
27 324
26 325
26 326
25 327
25 328
24 329
24 330
23 331
23 332
22 333
22 334
22 335
21 336
21 337
20 338
20 339
20 340
20 341
19 342
19 343
19 344
19 345
18 346
18 347
18 348
18 349
18 350
17 351
17 352
17 353
17 354
17 355
17 356
17 357
17 358
17 359
17 360
17 361
17 362
17 363
17 364
17 365
17 366
17 367
17 368
17 369
17 370
17 371
18 372
18 373
18 374
19 375
19 376
20 377
20 378
21 379
21 380
22 381
23 382
23 383
24 384
25 385
26 386
27 387
27 388
28 389
29 390
29 391
30 392
30 393
31 394
32 395
33 396
33 397
34 398
35 399
35 400
36 401
36 402
37 403
38 404
38 405
39 406
40 407
41 408
42 409
43 409
44 410
45 410
46 411
47 411
48 412
49 412
50 413
51 413
52 413
53 414
54 414
55 414
56 414
57 414
58 415
59 415
60 415
61 415
62 415
63 415
64 415
65 415
66 415
67 415
68 415
69 415
70 415
71 415
72 415
73 415
74 415
75 415
76 415
77 415
78 415
79 415
80 415
81 415
82 414
83 414
84 414
85 413
86 413
87 413
88 412
89 412
90 411
91 411
92 410
93 410
94 409
95 409
96 408
97 408
98 407
99 406
100 405
101 404
102 403
102 402
103 401
103 400
104 399
104 398
105 397
106 396
107 395
108 394
108 393
109 392
110 391
111 391
112 390
113 389
114 388
115 387
115 386
116 385
117 384
118 383
118 382
119 381
120 380
120 379
121 378
122 378
123 377
124 376
125 375
125 374
126 373
127 372
128 371
128 370
129 369
130 368
130 367
131 366
132 365
132 364
133 363
133 362
134 361
134 360
135 359
135 358
136 357
136 356
136 355
137 354
137 353
137 352
138 351
138 350
139 349
139 348
139 347
140 346
140 345
140 344
141 343
141 342
141 341
142 340
142 339
142 338
142 337
143 336
143 335
143 334
143 333
143 332
143 331
144 330
144 329
144 328
144 327
144 326
144 325
144 324
144 323
145 322
145 321
145 320
145 319
145 318
145 317
145 316
145 315
145 314
145 313
145 312
145 311
146 310
146 309
146 308
146 307
146 306
146 305
146 304
146 303
146 302
146 301
146 300
146 299
146 298
146 297
146 296
146 295
146 294
146 293
146 292
146 291
146 290
146 289
146 288
146 287
146 286
146 285
146 284
146 283
146 282
146 281
146 280
146 279
146 278
146 277
146 276
146 275
146 274
146 273
146 272
146 271
146 270
146 269
146 268
146 267
146 266
146 265
146 264
146 263
146 262
146 261
146 260
146 259
146 258
146 257
146 256
146 255
146 254
146 253
146 252
146 251
146 250
146 249
146 248
146 247
146 246
146 245
146 244
146 243
146 242
146 241
146 240
146 239
146 238
146 237
146 236
146 235
146 234
146 233
146 232
146 231
146 230
146 229
146 228
146 227
146 226
146 225
146 224
146 223
146 222
146 221
146 220
146 219
146 218
146 217
147 216
147 215
147 214
147 213
147 212
147 211
147 210
147 209
147 208
147 207
147 206
147 205
147 204
147 203
147 202
147 201
148 200
148 199
148 198
148 197
148 196
148 195
148 194
149 193
149 192
149 191
149 190
149 189
150 188
150 187
150 186
150 185
150 184
151 183
151 182
151 181
151 180
152 179
152 178
152 177
152 176
153 175
153 174
153 173
154 172
154 171
154 170
155 169
155 168
155 167
155 166
156 165
156 164
157 163
157 162
157 161
158 160
158 159
158 158
159 157
160 156
160 155
161 154
161 153
162 152
162 151
162 150
163 149
163 148
164 147
164 146
165 145
165 144
166 143
166 142
167 141
168 140
168 139
169 138
169 137
170 136
170 135
171 134
172 133
173 132
173 131
174 130
174 129
175 128
176 127
177 126
178 125
178 124
179 123
180 122
180 121
181 120
182 119
183 118
184 117
185 116
186 116
187 115
188 114
189 113
190 112
191 112
192 111
193 111
194 110
195 110
196 109
197 109
198 108
199 108
200 107
201 107
202 106
203 106
204 105
205 105
206 105
207 104
208 104
209 103
210 103
211 102
212 102
213 101
214 101
215 101
216 101
217 100
218 100
219 99
220 99
221 99
222 99
223 98
224 98
225 98
226 98
227 98
228 97
229 97
230 97
231 97
232 96
233 96
234 96
235 96
236 96
237 96
238 95
239 95
240 95
241 95
242 95
243 95
244 95
245 94
246 94
247 94
248 94
249 94
250 94
251 94
252 94
253 94
254 94
255 94
256 95
257 95
258 95
259 96
260 97
261 98
262 99
263 99
264 100
265 101
266 101
267 102
268 102
269 103
269 104
270 105
271 106
272 107
273 108
274 109
275 110
275 111
275 112
276 113
276 114
277 115
278 116
278 117
278 118
279 119
279 120
280 121
280 122
281 123
281 124
282 125
282 126
282 127
282 128
283 129
283 130
283 131
283 132
283 133
284 134
284 135
284 136
284 137
284 138
284 139
284 140
284 141
284 142
284 143
284 144
284 145
284 146
284 147
284 148
284 149
283 150
283 151
283 152
283 153
282 154
282 155
282 156
282 157
282 158
281 159
280 160
279 161
278 162
277 163
276 163
275 164
274 165
273 165
272 166
271 167
270 167
269 168
268 168
267 169
266 169
265 169
264 170
263 170
262 171
261 171
260 172
259 172
258 172
257 173
256 173
255 174
254 174
253 174
252 175
251 175
250 175
249 175
248 175
247 176
246 176
245 176
244 176
243 177
242 177
241 177
240 177
239 177
238 177
237 177
236 177
235 177
234 177
233 176
232 176
231 176
230 176
229 176
228 176
227 176
226 176
225 176
224 176
223 175
222 175
221 175
220 175
219 174
218 174
217 173
216 172
215 171
214 170
213 170
212 169
211 169
210 168
210 167
209 166
209 165
208 164
207 163
206 163
205 162
205 161
204 160
203 159
202 159
201 158
201 157
200 156
200 155
199 154
199 153
198 152
197 151
196 150
195 149
195 148
195 147
194 146
194 145
193 144
193 143
194 142
195 141
196 141
197 140
198 139
199 138
200 137
201 137
202 136
203 136
204 135
205 135
206 134
207 133
208 132
209 132
210 131
211 131
212 131
213 130
214 130
215 129
216 129
217 128
218 128
219 128
220 128
221 127
222 127
223 127
224 126
225 126
226 126
227 126
228 125
229 125
230 125
231 125
232 125
233 125
234 124
235 124
236 124
237 124
238 124
239 124
240 124
241 124
242 124
243 124
244 124
245 124
246 124
247 124
248 124
249 124
250 124
251 124
252 125
253 126
253 127
254 128
254 129
255 130
255 131
255 132
256 133
256 134
257 135
257 136
257 137
257 138
258 139
258 140
258 141
258 142
258 143
258 144
258 145
258 146
257 147
257 148
256 149
256 150
255 151
254 151
253 151
252 152
251 152
250 152
249 152
248 152
247 152
246 152
245 152
244 152
243 152
242 152
241 152
240 152
239 152
238 152
237 152
236 152
235 152
234 151
235 150
235 149
236 148
236 147
236 146
236 145
236 144
235 143
235 142
234 141
233 140
232 140
231 139
230 139
229 139
228 139
227 140
226 140
225 141
224 142
224 143
223 144
222 145
221 146
220 147
219 148
219 149
218 150
218 151
218 152
218 153
218 154
218 155
219 156
219 157
220 158
220 159
221 160
221 161
222 162
223 163
224 163
225 164
226 164
227 164
228 164
229 165
230 165
231 165
232 165
233 165
234 165
235 165
236 165
237 165
238 165
239 165
240 165
241 165
242 165
243 165
244 165
245 165
246 165
247 165
248 165
249 165
250 165
251 165
252 165
253 165
254 165
255 165
256 164
257 164
258 164
259 163
260 163
261 163
262 162
263 162
264 161
265 160
266 159
267 158
267 157
268 156
268 155
269 154
269 153
270 152
270 151
271 150
271 149
271 148
271 147
271 146
271 145
271 144
271 143
271 142
271 141
271 140
271 139
271 138
271 137
270 136
270 135
270 134
270 133
270 132
269 131
269 130
268 129
268 128
268 127
267 126
267 125
266 124
266 123
265 122
265 121
264 120
264 119
263 118
263 117
262 116
261 115
260 114
259 113
258 112
257 112
256 111
255 111
254 111
253 111
252 111
251 111
250 111
249 111
248 111
247 111
246 111
245 111
244 111
243 111
242 111
241 111
240 111
239 111
238 111
237 111
236 111
235 111
234 111
233 111
232 111
231 111
230 112
229 112
228 112
227 112
226 112
225 113
224 113
223 113
222 113
221 114
220 114
219 114
218 115
217 115
216 115
215 115
214 116
213 116
212 116
211 117
210 117
209 118
208 118
207 118
206 119
205 119
204 120
203 120
202 121
201 121
200 122
199 123
198 123
197 124
196 124
195 125
194 126
193 127
192 127
191 128
190 129
189 130
188 130
187 131
186 131
185 132
184 133
183 134
182 135
181 136
181 137
180 138
180 139
180 140
180 141
180 142
180 143
180 144
180 145
180 146
180 147
180 148
181 149
181 150
182 151
182 152
183 153
183 154
184 155
185 156
185 157
186 158
186 159
187 160
188 161
189 162
190 163
190 164
191 165
192 166
193 166
194 167
194 168
195 169
196 170
197 170
198 171
198 172
199 173
199 174
200 175
201 176
202 176
203 177
203 178
204 179
205 180
206 181
207 182
208 183
208 184
209 185
210 186
211 186
212 187
212 188
213 189
213 190
214 191
215 192
216 193
217 194
218 195
219 195
220 196
220 197
221 198
222 199
223 200
224 200
225 201
226 202
227 202
228 203
229 204
230 205
231 206
232 207
233 208
234 208
235 209
236 209
237 210
238 210
239 210
240 211
241 211
242 212
243 212
244 213
245 213
246 214
247 214
248 214
249 214
250 214
251 215
252 215
253 215
254 215
255 215
256 215
257 215
258 215
259 215
260 215
261 215
262 215
263 215
264 215
265 215
266 215
267 215
268 215
269 215
270 215
271 214
272 214
273 214
274 213
275 213
276 212
277 212
278 211
279 210
280 210
281 209
282 208
283 207
283 206
284 205
284 204
285 203
286 202
287 201
287 200
288 199
288 198
288 197
289 196
289 195
289 194
289 193
290 192
290 191
291 190
291 189
291 188
291 187
292 186
292 185
292 184
292 183
292 182
292 181
292 180
293 179
293 178
294 177
294 176
294 175
294 174
294 173
294 172
295 171
295 170
296 169
296 168
296 167
296 166
296 165
296 164
296 163
297 162
297 161
297 160
297 159
297 158
297 157
297 156
297 155
297 154
297 153
297 152
297 151
298 150
298 149
299 148
299 147
299 146
299 145
299 144
299 143
299 142
299 141
299 140
299 139
299 138
299 137
299 136
299 135
299 134
299 133
299 132
299 131
299 130
299 129
299 128
299 127
299 126
299 125
299 124
298 123
298 122
298 121
297 120
297 119
297 118
296 117
296 116
295 115
295 114
294 113
294 112
293 111
293 110
292 109
291 108
290 107
289 106
289 105
288 104
287 103
286 102
285 101
284 100
284 99
283 98
283 97
282 96
281 95
280 94
280 93
279 92
278 91
277 90
276 90
275 89
274 88
273 87
272 87
271 86
270 86
269 85
268 85
267 84
266 84
265 84
264 83
263 83
262 82
261 82
260 82
259 81
258 81
257 80
256 80
255 79
254 79
253 79
252 79
251 78
250 78
249 78
248 78
247 77
246 77
245 77
244 77
243 77
242 77
241 77
240 77
239 77
238 77
237 77
236 77
235 77
234 77
233 77
232 77
231 77
230 77
229 77
228 77
227 77
226 77
225 77
224 77
223 77
