211 13
210 14
209 14
208 14
207 15
206 15
205 16
204 16
203 17
202 17
201 18
200 19
199 19
198 20
197 21
196 22
195 23
194 24
193 25
192 25
191 26
190 26
189 27
188 28
187 29
186 30
185 31
185 32
184 33
183 34
182 35
182 36
181 37
180 38
179 38
178 39
177 40
177 41
176 42
176 43
175 44
175 45
174 46
173 46
172 47
171 48
170 49
170 50
169 51
169 52
168 53
168 54
168 55
167 56
167 57
167 58
167 59
167 60
167 61
167 62
166 63
166 64
165 65
165 66
165 67
164 68
164 69
164 70
163 71
163 72
163 73
162 74
162 75
162 76
162 77
162 78
161 79
161 80
161 81
161 82
161 83
161 84
161 85
161 86
161 87
161 88
161 89
160 90
160 91
160 92
160 93
160 94
160 95
160 96
159 97
159 98
159 99
159 100
158 101
158 102
158 103
158 104
158 105
158 106
158 107
158 108
158 109
158 110
158 111
158 112
158 113
158 114
158 115
158 116
158 117
158 118
157 119
157 120
157 121
157 122
157 123
157 124
157 125
157 126
156 127
156 128
156 129
156 130
155 131
155 132
155 133
155 134
154 135
154 136
154 137
154 138
154 139
154 140
154 141
154 142
154 143
154 144
154 145
154 146
154 147
154 148
154 149
154 150
154 151
154 152
154 153
154 154
154 155
154 156
154 157
154 158
154 159
154 160
154 161
155 162
155 163
155 164
155 165
155 166
155 167
155 168
155 169
155 170
155 171
155 172
156 173
156 174
157 175
157 176
157 177
157 178
158 179
158 180
158 181
158 182
158 183
158 184
158 185
158 186
158 187
158 188
158 189
158 190
158 191
158 192
158 193
158 194
158 195
158 196
158 197
157 198
157 199
157 200
157 201
158 202
158 203
158 204
158 205
158 206
158 207
158 208
157 209
157 210
157 211
157 212
158 213
158 214
158 215
158 216
158 217
158 218
158 219
158 220
158 221
158 222
158 223
158 224
158 225
158 226
158 227
158 228
158 229
158 230
158 231
158 232
158 233
158 234
158 235
158 236
158 237
158 238
158 239
158 240
158 241
158 242
158 243
158 244
158 245
158 246
158 247
158 248
158 249
159 250
159 251
159 252
159 253
159 254
159 255
159 256
159 257
159 258
159 259
159 260
159 261
159 262
159 263
159 264
159 265
159 266
159 267
159 268
159 269
159 270
159 271
159 272
159 273
159 274
159 275
159 276
160 277
160 278
161 279
161 280
161 281
161 282
161 283
161 284
161 285
161 286
161 287
161 288
161 289
161 290
161 291
161 292
161 293
161 294
161 295
161 296
161 297
161 298
161 299
161 300
161 301
161 302
161 303
161 304
161 305
161 306
162 307
162 308
162 309
162 310
162 311
162 312
162 313
162 314
162 315
162 316
162 317
163 318
163 319
163 320
163 321
163 322
163 323
164 324
164 325
164 326
164 327
164 328
164 329
164 330
164 331
164 332
164 333
164 334
164 335
164 336
164 337
164 338
164 339
164 340
164 341
164 342
164 343
164 344
163 345
163 346
163 347
163 348
164 349
164 350
164 351
164 352
164 353
164 354
164 355
163 356
163 357
163 358
163 359
164 360
164 361
164 362
164 363
163 364
163 365
163 366
163 367
164 368
164 369
164 370
164 371
163 372
163 373
163 374
163 375
164 376
164 377
164 378
164 379
163 380
163 381
163 382
163 383
164 384
164 385
164 386
164 387
163 388
163 389
163 390
163 391
164 392
164 393
164 394
164 395
163 396
163 397
163 398
163 399
164 400
164 401
164 402
164 403
164 404
164 405
164 406
164 407
164 408
164 409
164 410
164 411
164 412
164 413
164 414
164 415
164 416
164 417
164 418
164 419
164 420
164 421
164 422
164 423
164 424
164 425
164 426
164 427
164 428
164 429
164 430
164 431
164 432
164 433
164 434
164 435
164 436
164 437
164 438
164 439
164 440
164 441
164 442
164 443
164 444
164 445
164 446
164 447
164 448
163 449
163 450
163 451
163 452
163 453
163 454
163 455
163 456
163 457
162 458
162 459
162 460
162 461
162 462
162 463
162 464
162 465
162 466
162 467
162 468
161 469
161 470
161 471
161 472
161 473
161 474
161 475
161 476
160 477
160 478
160 479
160 480
159 481
159 482
159 483
159 484
159 485
158 486
158 487
158 488
158 489
157 490
157 491
157 492
157 493
157 494
157 495
156 496
156 497
156 498
156 499
156 500
156 501
156 502
155 503
155 504
154 505
153 506
153 507
152 508
152 509
151 510
151 511
150 512
149 512
148 513
147 514
147 515
146 516
146 517
146 518
146 519
145 520
145 521
144 522
143 523
142 524
141 525
141 526
140 527
139 528
138 529
138 530
137 531
136 532
135 533
134 534
133 534
132 535
131 535
130 536
129 536
128 537
127 537
126 537
125 538
124 538
123 539
122 539
121 539
120 539
119 539
118 539
117 539
116 539
115 539
114 539
113 539
112 539
111 539
110 539
109 539
108 539
107 539
106 539
105 539
104 539
103 539
102 539
101 539
100 539
99 539
98 539
97 539
96 538
95 538
94 538
93 538
92 538
91 537
90 537
89 537
88 536
87 536
86 536
85 535
84 535
83 534
82 534
81 533
81 532
80 531
79 530
78 530
77 529
76 529
75 528
75 527
74 526
73 525
72 525
71 524
70 524
69 523
69 522
68 521
67 520
66 519
65 518
64 517
63 516
62 515
62 514
61 513
60 512
59 511
58 511
57 510
57 509
56 508
55 507
55 506
54 505
54 504
53 503
52 502
52 501
51 500
51 499
50 498
50 497
49 496
49 495
49 494
49 493
48 492
48 491
48 490
48 489
47 488
47 487
47 486
47 485
47 484
47 483
46 482
46 481
46 480
46 479
46 478
46 477
46 476
46 475
46 474
47 473
47 472
47 471
47 470
48 469
48 468
49 467
49 466
50 465
51 464
52 463
53 462
53 461
54 460
55 460
56 459
57 459
58 458
59 457
60 456
60 455
61 454
62 454
63 453
64 453
65 452
66 452
67 451
68 451
69 450
70 449
70 448
71 447
72 447
73 446
74 446
75 446
76 446
77 445
78 445
79 444
80 444
81 443
82 443
83 442
84 442
85 442
86 442
87 441
88 441
89 440
90 440
91 440
92 440
93 440
94 440
95 440
96 439
97 439
98 438
99 438
100 438
101 438
102 438
103 438
104 438
105 438
106 438
107 438
108 438
109 438
110 438
111 438
112 438
113 439
114 439
115 440
116 440
117 441
118 442
119 442
120 443
121 444
122 445
123 446
124 447
125 448
126 449
127 450
128 451
129 451
130 452
131 453
131 454
132 455
132 456
132 457
132 458
132 459
132 460
132 461
132 462
132 463
132 464
132 465
132 466
131 467
131 468
131 469
131 470
131 471
131 472
131 473
131 474
130 475
130 476
130 477
130 478
130 479
129 480
129 481
129 482
129 483
129 484
129 485
129 486
128 487
128 488
128 489
127 490
127 491
127 492
126 493
126 494
125 495
125 496
124 497
124 498
123 499
122 499
121 500
120 500
119 501
118 502
117 503
116 504
115 504
114 504
113 504
112 505
111 505
110 506
109 506
108 507
107 507
106 508
105 508
104 508
103 508
102 509
101 509
100 509
99 509
98 509
97 508
96 508
95 508
94 508
93 507
92 506
91 505
90 505
89 504
88 503
87 502
86 501
85 501
84 500
83 499
82 498
81 497
80 496
79 495
79 494
78 493
77 492
76 491
76 490
75 489
75 488
75 487
75 486
75 485
75 484
75 483
75 482
75 481
75 480
75 479
75 478
75 477
76 476
76 475
76 474
77 473
77 472
77 471
78 470
79 469
80 468
81 467
82 466
83 466
84 465
85 464
86 464
87 464
88 464
89 465
89 466
90 467
91 468
91 469
90 470
89 471
89 472
88 473
88 474
88 475
88 476
88 477
88 478
88 479
88 480
88 481
88 482
88 483
88 484
89 485
89 486
90 487
91 488
92 489
93 489
94 490
95 490
96 490
97 490
98 490
99 490
100 490
101 490
102 490
103 490
104 490
105 490
106 489
107 489
108 488
109 488
110 487
111 487
112 486
113 485
114 484
114 483
115 482
115 481
115 480
115 479
115 478
115 477
114 476
114 475
113 474
113 473
113 472
113 471
113 470
113 469
113 468
112 467
112 466
111 465
111 464
110 463
109 462
108 461
107 461
106 460
105 459
104 459
103 458
102 458
101 457
100 457
99 456
98 455
97 454
96 453
95 452
94 452
93 451
92 451
91 451
90 451
89 451
88 451
87 451
86 451
85 451
84 451
83 451
82 451
81 452
80 452
79 453
78 453
77 454
76 455
75 455
74 456
73 456
72 457
71 458
70 459
69 460
68 461
67 462
67 463
66 464
65 465
65 466
64 467
64 468
64 469
64 470
63 471
63 472
63 473
62 474
62 475
62 476
62 477
62 478
62 479
62 480
62 481
62 482
62 483
62 484
62 485
62 486
62 487
62 488
62 489
62 490
62 491
62 492
63 493
63 494
64 495
64 496
65 497
66 498
66 499
67 500
68 501
69 502
69 503
70 504
71 505
72 506
72 507
73 508
74 509
75 509
76 510
77 511
78 512
79 513
80 514
81 515
82 515
83 516
84 516
85 517
86 518
87 519
88 519
89 520
90 520
91 521
92 521
93 521
94 521
95 522
96 522
97 522
98 522
99 522
100 522
101 522
102 522
103 522
104 522
105 522
106 521
107 521
108 521
109 520
110 520
111 519
112 519
113 518
114 518
115 517
116 517
117 516
118 516
119 515
120 515
121 515
122 515
123 514
124 514
125 513
126 513
127 512
128 511
129 510
130 509
131 508
131 507
132 506
133 506
134 505
135 504
135 503
136 502
137 501
138 500
138 499
139 498
139 497
139 496
140 495
140 494
140 493
141 492
141 491
141 490
141 489
142 488
142 487
142 486
142 485
142 484
142 483
143 482
143 481
143 480
143 479
143 478
143 477
144 476
144 475
144 474
144 473
144 472
144 471
144 470
144 469
145 468
145 467
145 466
145 465
145 464
145 463
145 462
145 461
145 460
145 459
145 458
145 457
145 456
145 455
145 454
145 453
145 452
144 451
144 450
143 449
143 448
142 447
142 446
141 445
140 444
139 443
138 442
137 441
136 440
135 440
134 439
133 438
132 437
132 436
131 435
130 434
129 434
128 433
127 432
126 432
125 431
124 430
123 430
122 429
121 429
120 428
119 428
118 427
117 427
116 426
115 426
114 425
113 425
112 425
111 425
110 425
109 425
108 425
107 425
106 425
105 425
104 425
103 425
102 425
101 425
100 425
99 425
98 425
97 426
96 426
95 427
94 427
93 427
92 427
91 427
90 427
89 427
88 428
87 428
86 429
85 429
84 429
83 429
82 430
81 430
80 431
79 431
78 431
77 431
76 432
75 432
74 433
73 433
72 434
71 434
70 435
69 435
68 435
67 435
66 436
65 436
64 437
63 438
63 439
62 440
61 440
60 441
59 441
58 442
57 442
56 443
55 443
54 444
53 445
53 446
52 447
51 447
50 448
49 449
48 449
47 450
46 451
46 452
45 453
44 453
43 454
42 455
41 456
40 457
39 458
39 459
38 460
37 461
36 462
36 463
35 464
35 465
35 466
34 467
34 468
34 469
34 470
34 471
33 472
33 473
33 474
33 475
33 476
33 477
33 478
33 479
33 480
33 481
33 482
33 483
33 484
34 485
34 486
34 487
34 488
34 489
34 490
35 491
35 492
35 493
35 494
36 495
36 496
36 497
36 498
37 499
37 500
38 501
38 502
39 503
39 504
40 505
40 506
41 507
41 508
42 509
42 510
43 511
44 512
44 513
45 514
45 515
46 516
47 517
48 518
49 518
50 519
50 520
51 521
52 522
52 523
53 524
53 525
54 526
55 527
56 528
57 529
58 530
59 530
60 531
61 531
62 532
62 533
63 534
64 535
65 535
66 536
67 536
68 537
68 538
69 539
70 540
71 540
72 541
73 541
74 542
74 543
75 544
76 545
77 545
78 546
79 546
80 547
81 548
82 548
83 549
84 549
85 549
86 549
87 550
88 550
89 550
90 551
91 551
92 551
93 551
94 551
95 552
96 552
97 552
98 552
99 552
100 552
101 552
102 552
103 552
104 552
105 552
106 552
107 552
108 552
109 552
110 552
111 552
112 552
113 552
114 552
115 552
116 552
117 552
118 552
119 552
120 552
121 552
122 552
123 552
124 552
125 552
126 552
127 551
128 551
129 550
130 550
131 550
132 549
133 549
134 548
135 548
136 547
137 547
138 546
139 546
140 545
141 544
142 544
143 543
144 542
145 541
146 540
147 539
148 538
148 537
149 536
150 535
151 534
152 533
153 532
154 531
154 530
155 529
155 528
156 527
156 526
157 525
157 524
157 523
157 522
158 521
158 520
159 519
160 519
161 518
162 517
162 516
163 515
163 514
164 513
164 512
165 511
165 510
165 509
165 508
166 507
166 506
167 505
167 504
167 503
167 502
167 501
167 500
168 499
168 498
169 497
169 496
169 495
169 494
169 493
170 492
170 491
170 490
170 489
170 488
170 487
170 486
171 485
171 484
172 483
172 482
172 481
173 480
174 480
175 480
175 479
175 478
175 477
175 476
175 475
175 474
176 473
176 472
176 471
177 470
177 469
178 468
178 467
179 466
179 465
179 464
179 463
179 462
179 461
179 460
179 459
179 458
179 457
179 456
179 455
179 454
179 453
179 452
179 451
179 450
179 449
180 448
180 447
180 446
180 445
180 444
180 443
181 442
181 441
181 440
181 439
181 438
182 437
182 436
182 435
182 434
182 433
182 432
183 431
183 430
183 429
183 428
183 427
183 426
184 425
184 424
184 423
184 422
184 421
184 420
184 419
184 418
185 417
185 416
185 415
185 414
185 413
185 412
185 411
186 410
186 409
186 408
186 407
186 406
186 405
186 404
186 403
186 402
186 401
186 400
186 399
186 398
186 397
186 396
186 395
186 394
186 393
186 392
186 391
186 390
186 389
186 388
186 387
186 386
186 385
186 384
186 383
186 382
187 381
187 380
188 379
188 378
188 377
188 376
188 375
188 374
188 373
188 372
188 371
188 370
188 369
188 368
188 367
189 366
189 365
189 364
189 363
188 362
188 361
188 360
188 359
189 358
189 357
189 356
189 355
188 354
188 353
188 352
188 351
189 350
189 349
189 348
189 347
188 346
188 345
188 344
188 343
189 342
189 341
190 340
190 339
189 338
189 337
188 336
188 335
188 334
188 333
189 332
189 331
190 330
190 329
189 328
189 327
188 326
188 325
188 324
188 323
189 322
189 321
189 320
189 319
188 318
188 317
188 316
188 315
189 314
189 313
190 312
190 311
189 310
189 309
188 308
188 307
188 306
188 305
189 304
189 303
190 302
190 301
189 300
189 299
188 298
188 297
188 296
188 295
189 294
189 293
190 292
190 291
189 290
189 289
188 288
188 287
188 286
188 285
189 284
189 283
189 282
189 281
188 280
188 279
188 278
188 277
189 276
189 275
190 274
190 273
189 272
189 271
188 270
188 269
188 268
188 267
189 266
188 265
187 264
187 263
186 262
186 261
186 260
186 259
187 258
187 257
188 256
188 255
187 254
187 253
186 252
186 251
186 250
186 249
187 248
187 247
187 246
187 245
186 244
186 243
186 242
186 241
187 240
187 239
187 238
187 237
186 236
186 235
186 234
186 233
185 232
185 231
184 230
184 229
184 228
184 227
185 226
185 225
185 224
185 223
184 222
184 221
184 220
184 219
184 218
184 217
184 216
185 215
185 214
185 213
185 212
184 211
184 210
184 209
184 208
184 207
184 206
184 205
184 204
184 203
184 202
184 201
184 200
184 199
184 198
183 197
183 196
183 195
183 194
183 193
182 192
182 191
182 190
182 189
181 188
181 187
180 186
180 185
180 184
180 183
180 182
180 181
180 180
180 179
180 178
179 177
179 176
178 175
178 174
178 173
178 172
178 171
178 170
178 169
178 168
178 167
178 166
178 165
177 164
177 163
177 162
177 161
177 160
177 159
177 158
177 157
177 156
177 155
177 154
177 153
177 152
177 151
177 150
177 149
177 148
177 147
177 146
178 145
179 144
180 144
181 143
182 142
182 141
183 140
183 139
183 138
183 137
183 136
183 135
183 134
183 133
183 132
183 131
183 130
183 129
183 128
183 127
182 126
182 125
181 124
181 123
182 122
182 121
183 120
183 119
183 118
183 117
182 116
182 115
182 114
182 113
183 112
183 111
183 110
183 109
182 108
182 107
181 106
181 105
182 104
182 103
183 102
183 101
183 100
183 99
183 98
184 97
185 97
186 97
187 97
188 96
189 96
190 95
191 94
192 93
192 92
193 91
193 90
193 89
194 88
194 87
194 86
194 85
194 84
194 83
194 82
194 81
194 80
195 79
195 78
196 77
196 76
197 75
197 74
198 73
198 72
198 71
199 70
199 69
200 68
201 67
202 66
203 65
203 64
204 63
204 62
205 61
206 61
207 60
208 59
209 59
210 59
211 58
212 58
213 57
214 57
215 57
216 56
217 56
218 56
219 55
220 55
221 55
222 54
223 54
224 53
225 52
226 52
227 51
228 51
229 50
230 50
231 49
232 49
233 49
234 48
235 48
236 47
237 46
238 46
239 45
240 45
241 45
242 45
243 45
244 46
245 46
246 46
247 46
248 46
249 47
250 47
251 47
252 48
253 48
254 48
255 48
256 49
257 49
258 50
259 50
260 51
261 51
262 51
263 51
264 51
265 52
266 52
267 52
268 52
269 52
270 53
271 53
272 53
273 53
274 54
275 54
276 54
277 55
278 55
279 55
280 55
281 56
282 56
283 56
284 57
285 57
286 58
287 58
288 58
289 59
290 59
291 60
292 60
293 61
294 61
295 62
296 62
297 63
298 63
299 64
300 64
301 65
302 66
303 67
304 67
305 68
306 69
307 70
308 70
309 71
310 72
311 73
311 74
312 75
313 76
314 77
315 78
316 79
317 80
317 81
318 82
319 83
320 84
320 85
321 86
322 87
322 88
323 89
323 90
324 91
324 92
324 93
325 94
325 95
326 96
326 97
327 98
327 99
327 100
327 101
328 102
328 103
328 104
329 105
329 106
329 107
329 108
329 109
329 110
329 111
330 112
330 113
330 114
330 115
330 116
330 117
330 118
330 119
331 120
331 121
331 122
330 123
330 124
330 125
330 126
329 127
329 128
329 129
329 130
328 131
328 132
328 133
328 134
327 135
327 136
327 137
327 138
326 139
326 140
325 141
325 142
324 143
324 144
324 145
324 146
323 147
323 148
322 149
322 150
321 151
321 152
320 153
319 154
319 155
318 156
317 157
316 158
315 159
314 160
313 161
312 162
312 163
311 164
310 164
309 165
308 166
307 167
306 168
305 168
304 168
303 168
302 169
301 169
300 169
299 169
298 169
297 169
296 169
295 169
294 169
293 169
292 169
291 169
290 169
289 169
288 169
287 169
286 169
285 168
284 168
283 167
282 167
281 166
280 166
279 165
278 165
277 165
276 165
275 164
274 164
273 163
272 163
271 162
270 162
269 161
268 160
267 160
266 159
265 158
264 158
263 157
262 156
261 156
260 155
259 155
258 154
257 153
256 153
255 152
255 151
254 150
253 149
252 149
251 148
250 147
249 146
248 145
248 144
247 143
247 142
246 141
246 140
245 139
244 138
244 137
243 136
243 135
243 134
243 133
242 132
242 131
241 130
241 129
241 128
241 127
240 126
240 125
240 124
240 123
240 122
239 121
239 120
239 119
239 118
238 117
238 116
238 115
239 114
239 113
240 112
240 111
241 110
241 109
241 108
242 107
243 106
244 105
245 104
245 103
246 102
246 101
247 100
248 99
249 98
249 97
250 96
251 96
252 95
253 94
253 93
254 92
255 92
256 91
257 90
258 89
259 88
260 87
260 86
261 85
262 85
263 84
264 84
265 83
266 83
267 83
268 83
269 82
270 82
271 81
272 81
273 80
274 80
275 79
276 79
277 79
278 79
279 79
280 79
281 79
282 79
283 79
284 79
285 80
286 80
287 80
288 81
289 81
290 82
291 82
292 83
293 83
294 84
294 85
295 86
296 87
297 87
298 88
299 89
300 90
300 91
301 92
301 93
302 94
302 95
302 96
302 97
302 98
303 99
303 100
303 101
304 102
304 103
304 104
304 105
304 106
303 107
302 106
301 106
300 105
299 105
298 105
297 105
296 105
295 104
294 104
293 103
292 103
291 102
290 102
289 102
288 101
287 100
286 99
285 99
284 98
283 98
282 98
281 98
280 99
279 99
278 100
277 101
277 102
276 103
276 104
275 105
274 106
274 107
273 108
273 109
273 110
273 111
273 112
273 113
273 114
273 115
274 116
274 117
275 118
276 119
277 120
278 121
279 122
280 123
281 124
282 124
283 125
284 126
285 126
286 127
287 127
288 128
289 128
290 129
291 129
292 129
293 130
294 130
295 130
296 131
297 131
298 131
299 131
300 132
301 132
302 132
303 132
304 132
305 132
306 132
307 132
308 131
309 131
310 130
311 129
312 128
312 127
313 126
313 125
313 124
313 123
313 122
314 121
314 120
314 119
315 118
316 117
316 116
317 115
317 114
318 113
318 112
318 111
318 110
318 109
318 108
318 107
317 106
317 105
317 104
317 103
317 102
317 101
317 100
316 99
316 98
316 97
315 96
315 95
315 94
314 93
314 92
313 91
312 90
312 89
311 88
310 87
309 86
308 85
307 84
307 83
306 82
305 81
304 80
303 79
302 78
301 77
300 76
299 75
298 74
297 73
296 73
295 72
294 71
293 71
292 70
291 70
290 69
289 68
288 68
287 67
286 66
285 66
284 66
283 66
282 66
281 66
280 66
279 66
278 66
277 66
276 66
275 66
274 67
273 67
272 68
271 68
270 68
269 68
268 69
267 69
266 70
265 70
264 71
263 71
262 72
261 72
260 72
259 72
258 73
257 73
256 74
255 74
254 75
253 76
253 77
252 78
251 78
250 79
249 79
248 80
247 81
247 82
246 83
246 84
245 85
244 85
243 86
242 87
242 88
241 89
240 89
239 90
238 91
238 92
237 93
237 94
236 95
235 96
234 96
233 97
232 98
232 99
231 100
231 101
230 102
229 103
229 104
228 105
228 106
228 107
227 108
227 109
226 110
226 111
226 112
225 113
225 114
225 115
225 116
225 117
225 118
225 119
225 120
226 121
226 122
226 123
227 124
227 125
227 126
227 127
227 128
228 129
228 130
228 131
228 132
229 133
229 134
230 135
230 136
230 137
230 138
231 139
231 140
232 141
232 142
233 143
233 144
234 145
234 146
235 147
235 148
235 149
236 150
236 151
237 152
238 153
239 154
239 155
240 156
241 157
242 157
243 158
244 159
245 159
246 160
247 160
248 161
248 162
249 163
250 164
251 165
252 165
253 166
254 166
255 167
256 168
257 168
258 169
259 170
260 170
261 171
262 172
263 172
264 173
265 173
266 174
267 174
268 175
269 175
270 176
271 176
272 176
273 176
274 177
275 177
276 178
277 178
278 179
279 179
280 180
281 180
282 181
283 181
284 182
285 182
286 182
287 182
288 182
289 182
290 182
291 182
292 182
293 182
294 182
295 182
296 182
297 182
298 182
299 182
300 182
301 182
302 182
303 182
304 182
305 182
306 181
307 181
308 181
309 181
310 180
311 180
312 180
313 179
314 179
315 178
316 177
317 176
317 175
318 174
319 173
319 172
320 171
321 171
322 170
323 170
324 169
325 168
325 167
326 166
327 165
328 164
329 163
329 162
330 161
331 160
331 159
332 158
333 157
333 156
334 155
334 154
334 153
335 152
335 151
336 150
336 149
337 148
337 147
337 146
337 145
338 144
338 143
338 142
338 141
339 140
339 139
340 138
340 137
341 136
341 135
341 134
341 133
341 132
342 131
342 130
343 129
343 128
344 127
344 126
344 125
344 124
344 123
344 122
344 121
344 120
344 119
344 118
344 117
344 116
343 115
343 114
343 113
343 112
343 111
343 110
343 109
342 108
342 107
342 106
342 105
342 104
342 103
342 102
341 101
341 100
341 99
340 98
340 97
340 96
340 95
339 94
339 93
338 92
338 91
337 90
337 89
337 88
336 87
336 86
335 85
335 84
335 83
334 82
334 81
333 80
333 79
332 78
331 77
330 76
330 75
329 74
328 73
327 72
326 71
325 70
325 69
324 68
323 67
322 66
321 65
320 64
319 63
318 62
317 61
316 60
315 59
314 58
313 57
312 57
311 56
310 55
309 54
308 54
307 53
306 52
305 52
304 51
303 51
302 50
302 49
301 48
301 47
300 46
299 45
298 45
297 44
296 44
295 43
294 43
293 42
292 42
291 41
290 40
289 39
288 38
287 37
286 36
285 35
284 34
283 34
282 33
281 32
280 31
279 31
278 30
277 29
276 29
275 28
274 27
273 27
272 26
271 26
270 26
269 26
268 25
267 24
266 23
265 23
264 22
263 22
262 21
261 21
260 20
259 20
258 19
257 19
256 19
255 19
254 18
253 18
252 17
251 17
250 17
249 17
248 17
247 17
246 17
245 17
244 16
243 16
242 16
241 16
240 15
239 15
238 15
237 14
236 14
235 14
234 14
233 14
232 14
231 13
230 13
229 13
228 13
227 13
226 13
225 13
224 13
223 13
222 13
221 13
220 13
219 13
218 13
217 13
216 13
215 13
214 13
213 13
212 13
