57 7
56 8
55 8
54 8
53 8
52 9
51 9
50 9
49 9
48 9
47 10
46 10
45 10
44 11
43 11
42 12
41 13
40 13
39 13
38 14
37 15
36 15
35 16
34 17
33 17
32 18
31 19
30 20
29 21
28 22
27 22
26 23
25 23
25 24
24 25
23 26
22 26
21 27
20 28
19 29
18 29
17 30
16 31
15 32
14 33
13 34
13 35
12 36
11 37
10 38
9 39
9 40
8 41
8 42
7 43
7 44
7 45
6 46
6 47
5 48
5 49
5 50
4 51
4 52
4 53
4 54
4 55
4 56
4 57
3 58
3 59
3 60
3 61
3 62
3 63
4 64
4 65
5 66
5 67
5 68
5 69
6 70
6 71
6 72
7 73
7 74
7 75
8 76
8 77
9 78
9 79
10 80
11 81
11 82
12 83
13 84
14 85
15 85
16 86
16 87
17 88
18 89
19 90
20 90
21 90
22 90
23 91
24 91
25 91
26 91
27 91
28 91
29 91
30 91
31 91
32 91
33 91
34 90
35 90
36 89
37 89
38 88
39 88
40 88
41 87
42 87
43 86
44 86
45 85
46 84
47 84
48 83
49 82
50 82
51 81
52 80
53 79
54 78
55 78
55 77
56 76
57 75
57 74
58 73
58 72
59 71
59 70
60 69
60 68
60 67
61 66
61 65
61 64
61 63
61 62
62 61
62 60
62 59
62 58
62 57
62 56
62 55
61 54
61 53
60 52
60 51
59 50
59 49
58 48
57 48
56 47
56 46
55 45
54 44
53 43
52 42
51 41
51 40
50 40
49 39
48 38
47 37
46 37
45 36
44 36
43 36
42 35
41 35
40 34
39 34
38 34
37 33
36 33
35 33
34 33
33 33
32 33
31 34
30 35
29 35
28 36
27 37
26 37
25 38
24 39
23 40
22 41
22 42
21 43
20 44
19 45
18 46
18 47
18 48
17 49
17 50
17 51
17 52
17 53
16 54
16 55
16 56
17 57
17 58
18 59
18 60
19 61
19 62
19 63
19 64
20 65
21 65
22 66
23 66
24 66
25 66
26 65
27 65
28 65
29 64
30 64
31 64
32 63
33 63
34 62
35 61
36 60
37 59
38 58
38 57
38 56
38 55
38 54
38 53
37 52
36 51
36 50
35 50
34 49
33 49
32 50
31 51
30 51
29 52
28 52
27 53
26 53
25 53
24 53
23 52
23 51
23 50
24 49
24 48
24 47
24 46
25 45
26 44
27 43
28 42
29 41
30 41
31 40
32 40
33 39
34 39
35 39
36 39
37 39
38 40
39 40
40 41
41 41
42 41
43 42
44 42
45 43
46 44
47 45
48 46
49 47
50 48
51 49
52 50
52 51
53 52
54 53
55 54
55 55
55 56
56 57
56 58
56 59
56 60
55 61
55 62
55 63
55 64
55 65
54 66
54 67
54 68
53 69
52 70
52 71
51 72
51 73
50 74
49 75
48 75
48 76
47 77
46 77
45 78
44 78
43 79
42 80
41 80
40 81
39 82
38 82
37 83
36 83
35 83
34 84
33 84
32 85
31 85
30 85
29 85
28 85
27 85
26 85
25 85
24 85
23 84
22 84
21 83
20 82
19 81
18 80
17 79
16 78
15 77
14 76
14 75
13 74
13 73
13 72
12 71
12 70
11 69
11 68
11 67
11 66
10 65
10 64
10 63
10 62
9 61
9 60
10 59
10 58
10 57
10 56
10 55
10 54
10 53
11 52
11 51
11 50
11 49
12 48
12 47
13 46
13 45
14 44
14 43
15 42
16 41
16 40
17 39
18 38
19 37
20 36
21 35
22 34
23 33
24 33
25 32
26 31
27 31
28 30
29 30
30 29
31 29
32 29
33 28
34 28
35 27
36 27
37 27
38 27
39 26
40 26
41 26
42 26
43 25
44 25
45 25
46 25
47 24
48 24
49 24
50 23
51 23
52 23
53 23
54 22
55 22
56 23
57 23
58 24
59 24
60 25
61 25
62 26
63 26
64 27
65 27
66 28
67 28
68 28
69 29
70 29
71 29
72 30
73 31
74 32
74 33
75 34
76 35
76 36
77 37
77 38
78 39
78 40
78 41
78 42
78 43
78 44
79 45
79 46
80 47
81 48
82 48
83 48
84 49
84 50
84 51
84 52
85 53
84 54
84 55
84 56
84 57
84 58
84 59
84 60
84 61
85 62
84 63
84 64
84 65
84 66
84 67
84 68
84 69
84 70
84 71
85 72
86 72
87 73
87 74
87 75
87 76
87 77
87 78
87 79
87 80
87 81
87 82
86 83
86 84
86 85
86 86
86 87
86 88
85 89
85 90
85 91
85 92
85 93
85 94
84 95
84 96
84 97
84 98
83 99
83 100
83 101
83 102
83 103
83 104
83 105
83 106
83 107
83 108
83 109
83 110
83 111
83 112
83 113
83 114
83 115
83 116
82 117
82 118
82 119
82 120
82 121
82 122
82 123
82 124
82 125
82 126
83 127
82 128
81 128
82 129
82 130
82 131
82 132
81 133
81 134
81 135
81 136
80 137
81 138
81 139
81 140
81 141
81 142
81 143
81 144
81 145
80 146
81 147
81 148
81 149
81 150
80 151
81 152
81 153
81 154
81 155
80 156
81 157
81 158
81 159
81 160
81 161
81 162
81 163
81 164
80 165
81 166
81 167
81 168
81 169
80 170
81 171
81 172
81 173
81 174
81 175
81 176
81 177
81 178
81 179
81 180
81 181
81 182
81 183
81 184
81 185
81 186
81 187
81 188
81 189
82 190
82 191
82 192
82 193
82 194
82 195
82 196
82 197
82 198
82 199
82 200
82 201
82 202
82 203
82 204
82 205
83 206
83 207
83 208
83 209
83 210
83 211
83 212
84 213
84 214
84 215
84 216
84 217
84 218
85 219
85 220
85 221
85 222
85 223
85 224
86 225
86 226
86 227
86 228
86 229
86 230
86 231
86 232
86 233
86 234
87 235
87 236
88 237
88 238
88 239
88 240
89 241
90 242
90 243
90 244
90 245
90 246
91 247
91 248
91 249
92 250
92 251
92 252
92 253
93 254
93 255
93 256
94 257
94 258
95 259
96 260
97 261
97 262
97 263
98 264
98 265
99 266
100 267
101 268
101 269
102 270
103 271
104 272
105 272
106 273
107 273
108 274
109 274
110 275
111 275
112 276
113 276
114 276
115 276
116 276
117 276
118 276
119 276
120 276
121 276
122 276
123 276
124 276
125 276
126 276
127 276
128 275
129 275
130 275
131 275
132 274
133 274
134 274
135 273
136 273
137 272
138 271
139 270
140 270
141 269
142 268
143 267
144 266
145 265
146 265
147 264
148 263
148 262
149 261
150 260
151 259
152 258
152 257
153 256
154 255
154 254
155 253
155 252
156 251
156 250
157 249
157 248
157 247
157 246
158 245
158 244
158 243
158 242
158 241
158 240
158 239
158 238
158 237
158 236
158 235
158 234
157 233
157 232
157 231
156 230
155 229
154 228
153 227
152 226
151 225
150 224
149 224
148 223
148 222
147 222
146 221
145 221
144 220
143 219
142 218
141 218
140 218
139 217
138 217
137 216
136 216
135 216
134 215
133 215
132 215
131 214
130 214
129 214
128 214
127 213
126 213
125 213
124 213
123 213
122 213
121 213
120 213
119 213
118 213
117 213
116 214
115 214
114 215
113 215
112 216
111 217
110 217
109 218
109 219
108 220
107 220
106 221
105 222
104 223
104 224
103 225
103 226
103 227
103 228
103 229
103 230
103 231
103 232
103 233
103 234
103 235
103 236
103 237
103 238
104 239
104 240
104 241
104 242
104 243
104 244
105 245
105 246
105 247
106 248
106 249
106 250
107 251
108 252
109 253
110 254
111 255
112 256
113 257
114 257
115 257
116 258
117 258
118 259
119 259
120 260
121 260
122 260
123 261
124 261
125 261
126 261
127 261
128 260
129 260
130 260
131 259
132 259
133 258
134 257
135 257
136 256
137 255
138 254
139 253
140 252
140 251
141 250
142 249
143 248
143 247
144 246
144 245
144 244
144 243
144 242
144 241
144 240
144 239
144 238
144 237
143 236
143 235
143 234
142 233
142 232
141 231
140 230
139 229
138 228
137 228
136 227
135 226
134 226
133 226
132 226
131 226
130 226
129 226
128 226
127 227
126 228
125 229
124 229
123 230
122 230
121 231
120 232
119 233
119 234
119 235
119 236
119 237
118 238
118 239
118 240
118 241
118 242
119 243
120 243
121 244
122 244
123 245
124 245
125 245
126 245
127 245
128 245
129 244
130 243
131 242
131 241
131 240
131 239
131 238
131 237
130 236
130 235
129 234
130 233
131 232
132 232
133 232
134 233
135 234
136 235
137 236
137 237
137 238
138 239
138 240
138 241
138 242
138 243
138 244
137 245
137 246
136 247
135 248
134 249
133 250
132 251
131 252
130 253
129 253
128 254
127 254
126 255
125 255
124 255
123 254
122 254
121 254
120 253
119 253
118 252
117 252
116 251
115 250
114 250
113 249
112 248
112 247
111 246
111 245
111 244
110 243
110 242
110 241
110 240
110 239
110 238
109 237
109 236
109 235
109 234
109 233
109 232
109 231
109 230
109 229
109 228
109 227
110 226
111 225
112 224
113 223
114 222
115 221
116 221
117 220
118 219
119 219
120 219
121 219
122 219
123 219
124 219
125 219
126 219
127 219
128 220
129 220
130 220
131 220
132 221
133 221
134 221
135 222
136 222
137 223
138 223
139 223
140 224
141 225
142 226
143 226
144 227
145 228
146 229
147 229
148 230
149 231
150 232
151 233
151 234
152 235
152 236
152 237
152 238
152 239
152 240
152 241
152 242
152 243
152 244
151 245
151 246
151 247
151 248
150 249
150 250
149 251
148 252
148 253
147 254
147 255
146 256
145 256
144 257
144 258
143 259
142 260
141 261
140 262
139 263
138 263
138 264
137 265
136 265
135 266
134 267
133 268
132 268
131 268
130 269
129 269
128 269
127 269
126 270
125 270
124 270
123 270
122 270
121 270
120 270
119 270
118 270
117 270
116 270
115 270
114 270
113 269
112 269
111 269
110 268
109 268
108 267
107 266
106 265
105 264
104 263
104 262
103 261
102 260
102 259
102 258
101 257
100 256
99 255
99 254
98 253
97 252
97 251
97 250
97 249
97 248
96 247
96 246
96 245
96 244
96 243
95 242
95 241
95 240
95 239
94 238
94 237
94 236
94 235
94 234
94 233
94 232
94 231
94 230
94 229
93 228
93 227
93 226
93 225
93 224
93 223
93 222
93 221
93 220
93 219
93 218
93 217
93 216
93 215
93 214
93 213
93 212
93 211
93 210
93 209
93 208
93 207
93 206
93 205
93 204
93 203
93 202
93 201
93 200
93 199
93 198
93 197
93 196
93 195
93 194
93 193
93 192
93 191
93 190
93 189
93 188
93 187
93 186
93 185
93 184
93 183
93 182
93 181
93 180
93 179
93 178
93 177
93 176
93 175
93 174
93 173
93 172
93 171
93 170
93 169
93 168
93 167
93 166
93 165
93 164
93 163
93 162
93 161
93 160
93 159
94 158
94 157
94 156
94 155
94 154
94 153
94 152
94 151
94 150
94 149
94 148
94 147
94 146
94 145
94 144
94 143
94 142
94 141
94 140
95 139
95 138
95 137
95 136
95 135
95 134
95 133
95 132
95 131
95 130
95 129
95 128
95 127
95 126
95 125
96 124
96 123
96 122
96 121
96 120
96 119
96 118
96 117
96 116
96 115
96 114
96 113
96 112
96 111
96 110
96 109
96 108
96 107
96 106
96 105
96 104
96 103
96 102
96 101
96 100
96 99
96 98
96 97
96 96
96 95
96 94
96 93
96 92
96 91
96 90
96 89
96 88
97 87
97 86
97 85
97 84
97 83
97 82
97 81
98 80
98 79
98 78
98 77
98 76
98 75
98 74
98 73
98 72
98 71
98 70
98 69
98 68
97 67
97 66
97 65
97 64
96 63
96 62
96 61
96 60
96 59
96 58
96 57
96 56
96 55
96 54
96 53
96 52
96 51
95 50
95 49
95 48
95 47
95 46
95 45
94 44
94 43
94 42
94 41
94 40
94 39
94 38
94 37
93 36
93 35
93 34
92 33
92 32
91 31
91 30
91 29
91 28
91 27
90 26
90 25
89 24
88 23
87 22
87 21
86 20
85 19
84 18
83 17
82 16
82 15
81 14
80 13
79 13
78 12
77 11
76 10
75 10
74 9
73 8
72 8
71 7
70 7
69 7
68 7
67 7
66 7
65 7
64 7
63 7
62 7
61 7
60 7
59 7
58 7
