109 5
108 6
107 6
106 6
105 6
104 6
103 7
102 7
101 7
100 7
99 8
98 8
97 9
96 9
95 10
94 10
93 11
92 11
91 12
90 12
89 13
88 14
87 15
86 16
85 17
84 17
83 18
82 19
81 20
81 21
80 22
79 22
78 23
77 23
76 24
75 25
75 26
74 27
73 28
73 29
72 30
71 31
71 32
70 33
70 34
70 35
69 36
69 37
68 38
68 39
67 40
67 41
67 42
67 43
66 44
66 45
66 46
66 47
66 48
65 49
65 50
65 51
65 52
65 53
64 54
64 55
64 56
64 57
64 58
64 59
64 60
64 61
64 62
64 63
64 64
64 65
64 66
64 67
64 68
64 69
64 70
64 71
64 72
64 73
64 74
64 75
64 76
64 77
64 78
64 79
64 80
64 81
64 82
65 83
65 84
66 85
66 86
66 87
66 88
67 89
67 90
68 91
68 92
68 93
68 94
69 95
69 96
70 97
70 98
70 99
70 100
71 101
71 102
72 103
72 104
72 105
72 106
72 107
72 108
73 109
73 110
74 111
74 112
74 113
74 114
75 115
75 116
76 117
76 118
76 119
76 120
76 121
76 122
76 123
77 124
77 125
78 126
78 127
79 128
79 129
79 130
79 131
80 132
80 133
81 134
81 135
81 136
81 137
82 138
82 139
83 140
83 141
84 142
84 143
84 144
84 145
85 146
85 147
86 148
86 149
87 150
87 151
87 152
87 153
88 154
88 155
89 156
89 157
90 158
90 159
90 160
90 161
91 162
91 163
92 164
92 165
92 166
92 167
93 168
93 169
94 170
94 171
94 172
94 173
95 174
95 175
96 176
95 177
94 178
93 177
92 177
91 177
90 177
89 177
88 177
87 177
86 177
85 177
84 177
83 178
82 178
81 179
80 180
80 181
79 182
79 183
79 184
79 185
79 186
80 187
80 188
81 189
82 190
83 190
84 191
85 191
86 191
87 191
88 191
89 191
90 191
91 191
92 191
93 191
94 191
95 191
96 191
97 191
98 191
99 191
100 191
101 191
102 191
103 192
103 193
104 194
105 195
106 196
106 197
107 198
107 199
108 200
108 201
107 202
106 203
105 203
104 203
103 203
102 204
101 204
100 205
99 206
99 207
98 208
97 208
96 209
95 209
94 209
93 209
92 210
91 210
90 211
89 211
88 212
87 212
86 212
85 212
84 213
83 213
82 214
81 214
80 215
79 215
78 216
77 217
77 218
76 219
76 220
76 221
76 222
76 223
77 224
77 225
78 226
79 227
80 227
81 228
82 228
83 228
84 228
85 228
86 227
87 227
88 227
89 226
90 226
91 225
92 225
93 224
94 224
95 224
96 224
97 223
98 223
99 222
100 221
101 220
102 220
103 219
104 219
105 218
106 218
107 218
108 218
109 217
110 217
111 216
112 215
113 216
113 217
114 218
114 219
114 220
114 221
115 222
115 223
116 224
116 225
116 226
116 227
117 228
117 229
118 230
118 231
118 232
118 233
119 234
119 235
120 236
121 237
120 238
120 239
120 240
120 241
121 242
121 243
122 244
122 245
122 246
122 247
122 248
122 249
122 250
123 251
123 252
124 253
124 254
124 255
124 256
125 257
125 258
126 259
126 260
126 261
126 262
127 263
127 264
128 265
128 266
128 267
128 268
128 269
128 270
128 271
129 272
129 273
130 274
131 275
130 276
130 277
130 278
130 279
131 280
131 281
132 282
132 283
132 284
132 285
132 286
132 287
132 288
133 289
133 290
134 291
135 292
134 293
134 294
134 295
134 296
134 297
134 298
134 299
135 300
135 301
136 302
136 303
136 304
136 305
136 306
136 307
136 308
137 309
137 310
137 311
137 312
136 313
136 314
136 315
136 316
137 317
137 318
138 319
138 320
138 321
138 322
138 323
138 324
138 325
138 326
138 327
138 328
139 329
139 330
140 331
140 332
140 333
140 334
140 335
140 336
140 337
140 338
140 339
140 340
140 341
140 342
140 343
140 344
140 345
140 346
140 347
140 348
140 349
140 350
140 351
140 352
140 353
140 354
140 355
140 356
140 357
140 358
140 359
139 360
139 361
139 362
139 363
139 364
139 365
139 366
138 367
138 368
138 369
138 370
138 371
137 372
137 373
137 374
136 375
136 376
135 377
135 378
134 379
133 380
132 380
131 381
130 381
129 381
128 381
127 381
126 382
125 382
124 382
123 382
122 382
121 382
120 382
119 382
118 382
117 382
116 382
115 382
114 382
113 382
112 382
111 382
110 382
109 382
108 382
107 382
106 382
105 382
104 382
103 382
102 382
101 382
100 382
99 382
98 382
97 382
96 382
95 382
94 381
93 381
92 381
91 381
90 381
89 380
88 380
87 380
86 380
85 379
84 379
83 378
82 378
81 377
80 377
79 376
78 376
77 375
76 374
75 374
74 373
73 373
72 373
71 372
70 372
69 371
68 370
68 369
67 368
66 367
65 367
64 366
63 365
62 365
61 364
61 363
60 362
59 361
58 360
57 359
56 359
55 358
55 357
55 356
55 355
55 354
54 353
54 352
53 351
53 350
52 349
52 348
51 347
51 346
50 345
50 344
49 343
49 342
49 341
49 340
48 339
48 338
48 337
48 336
48 335
48 334
48 333
48 332
48 331
48 330
48 329
48 328
48 327
48 326
48 325
48 324
48 323
48 322
48 321
49 320
49 319
49 318
49 317
49 316
49 315
50 314
50 313
50 312
50 311
50 310
51 309
51 308
52 307
52 306
53 305
54 304
55 304
56 303
57 302
58 301
59 300
60 300
61 300
62 300
63 299
64 299
65 299
66 299
67 299
68 299
69 299
70 299
71 299
72 300
73 300
74 300
75 301
76 301
77 301
78 302
79 302
80 303
81 303
82 304
83 304
84 305
84 306
85 307
86 308
87 308
88 309
89 310
90 311
91 312
91 313
92 314
93 315
94 316
95 317
95 318
96 319
96 320
96 321
97 322
97 323
97 324
97 325
98 326
98 327
98 328
99 329
99 330
99 331
99 332
99 333
99 334
99 335
99 336
99 337
99 338
99 339
99 340
98 341
98 342
98 343
97 344
97 345
96 346
95 347
94 348
93 349
92 350
91 351
90 352
89 352
88 353
87 353
86 353
85 352
84 351
83 351
82 350
81 349
80 348
79 347
78 347
77 346
78 345
79 345
80 345
81 345
82 344
83 344
84 343
85 342
86 341
86 340
87 339
87 338
87 337
87 336
87 335
86 334
86 333
85 332
84 331
84 330
84 329
83 328
83 327
82 326
82 325
81 324
80 323
79 323
78 322
77 322
76 322
75 322
74 322
73 322
72 322
71 322
70 323
69 323
68 323
67 324
66 324
65 325
64 325
63 326
62 327
61 328
61 329
60 330
60 331
60 332
60 333
60 334
59 335
59 336
59 337
59 338
59 339
59 340
59 341
59 342
59 343
59 344
59 345
60 346
60 347
61 348
62 349
62 350
63 351
64 352
65 353
66 354
67 355
68 356
69 356
70 357
71 358
72 359
73 360
74 361
75 362
76 362
77 363
78 363
79 364
80 364
81 365
82 365
83 366
84 366
85 366
86 366
87 366
88 366
89 366
90 366
91 366
92 365
93 365
94 364
95 364
96 363
97 363
98 362
99 361
100 360
101 359
102 359
103 358
104 357
104 356
105 355
106 354
107 353
108 352
108 351
109 350
109 349
110 348
110 347
111 346
111 345
111 344
112 343
112 342
112 341
112 340
112 339
112 338
112 337
112 336
112 335
112 334
112 333
112 332
112 331
112 330
112 329
112 328
112 327
112 326
111 325
111 324
111 323
110 322
110 321
110 320
109 319
109 318
109 317
108 316
108 315
108 314
107 313
107 312
106 311
105 310
105 309
104 308
103 307
102 306
101 305
101 304
100 303
99 302
98 301
97 300
96 299
95 298
94 297
93 296
92 295
91 294
90 293
89 293
88 292
87 292
86 291
85 291
84 291
83 290
82 289
81 289
80 288
79 288
78 288
77 287
76 287
75 287
74 286
73 286
72 286
71 286
70 286
69 286
68 286
67 286
66 286
65 286
64 286
63 286
62 286
61 286
60 286
59 287
58 287
57 287
56 287
55 288
54 288
53 289
52 289
51 290
50 291
49 291
48 292
47 293
46 294
45 295
44 296
43 297
42 298
41 299
41 300
40 301
40 302
39 303
39 304
38 305
38 306
38 307
37 308
37 309
37 310
37 311
37 312
36 313
36 314
36 315
36 316
36 317
36 318
35 319
35 320
35 321
35 322
35 323
35 324
35 325
35 326
35 327
35 328
35 329
35 330
35 331
35 332
35 333
35 334
35 335
35 336
35 337
35 338
35 339
35 340
35 341
36 342
36 343
36 344
36 345
37 346
37 347
38 348
38 349
39 350
39 351
40 352
40 353
41 354
41 355
42 356
42 357
43 358
43 359
44 360
45 361
46 361
47 362
47 363
47 364
47 365
47 366
48 367
48 368
49 369
50 370
51 371
51 372
52 373
53 374
54 375
55 375
56 376
57 377
58 378
59 379
60 380
61 381
62 382
63 382
64 383
65 383
66 384
67 385
68 385
69 386
70 386
71 386
72 387
73 387
74 388
75 388
76 389
77 389
78 390
79 390
80 391
81 391
82 392
83 392
84 393
85 393
86 393
87 393
88 394
89 394
90 394
91 394
92 395
93 395
94 395
95 395
96 395
97 395
98 395
99 395
100 395
101 395
102 395
103 395
104 395
105 395
106 395
107 395
108 395
109 395
110 395
111 395
112 395
113 395
114 395
115 395
116 395
117 395
118 395
119 395
120 395
121 395
122 395
123 395
124 395
125 395
126 395
127 395
128 395
129 395
130 394
131 394
132 394
133 394
134 394
135 393
136 393
137 392
138 392
139 391
140 391
141 390
142 390
143 389
144 388
144 387
145 386
146 385
146 384
147 383
148 382
148 381
149 380
149 379
149 378
150 377
150 376
150 375
151 374
151 373
151 372
151 371
151 370
151 369
152 368
152 367
152 366
152 365
152 364
152 363
153 362
153 361
153 360
153 359
153 358
153 357
153 356
153 355
153 354
153 353
153 352
153 351
153 350
153 349
153 348
153 347
153 346
153 345
153 344
153 343
153 342
153 341
153 340
153 339
153 338
153 337
153 336
153 335
153 334
153 333
153 332
153 331
152 330
152 329
151 328
151 327
151 326
151 325
151 324
151 323
151 322
151 321
151 320
151 319
150 318
150 317
149 316
149 315
149 314
149 313
148 312
148 311
148 310
148 309
149 308
149 307
149 306
149 305
149 304
149 303
149 302
148 301
148 300
147 299
147 298
147 297
147 296
147 295
147 294
147 293
146 292
146 291
145 290
144 289
145 288
145 287
145 286
145 285
145 284
145 283
145 282
144 281
144 280
143 279
143 278
143 277
143 276
142 275
142 274
141 273
140 272
141 271
141 270
141 269
141 268
141 267
141 266
141 265
140 264
140 263
139 262
139 261
139 260
139 259
138 258
138 257
137 256
137 255
137 254
137 253
136 252
136 251
135 250
135 249
135 248
135 247
135 246
135 245
135 244
134 243
134 242
133 241
133 240
133 239
133 238
132 237
132 236
131 235
130 234
131 233
131 232
131 231
131 230
130 229
130 228
129 227
129 226
129 225
129 224
128 223
128 222
127 221
127 220
127 219
127 218
126 217
126 216
125 215
125 214
125 213
126 212
127 212
128 212
129 212
130 212
131 212
132 212
133 212
134 212
135 212
136 211
137 211
138 210
139 209
139 208
140 207
140 206
140 205
140 204
140 203
139 202
139 201
139 200
138 199
138 198
137 197
136 196
135 196
134 195
133 195
132 195
131 195
130 196
129 196
128 196
127 196
126 197
125 197
124 198
123 198
122 199
121 199
120 198
119 197
119 196
119 195
119 194
118 193
118 192
117 191
116 190
115 189
115 188
116 187
117 187
118 187
119 186
120 186
121 185
122 185
123 184
124 184
125 183
126 183
127 183
128 182
129 182
130 181
131 180
131 179
132 178
132 177
132 176
132 175
131 174
131 173
130 172
129 171
128 171
127 170
126 170
125 170
124 170
123 170
122 170
121 169
120 169
119 169
118 169
117 169
116 169
115 169
114 170
113 170
112 170
111 171
110 171
109 172
108 172
107 171
107 170
106 169
106 168
105 167
105 166
105 165
105 164
104 163
104 162
103 161
103 160
103 159
103 158
102 157
102 156
101 155
101 154
101 153
101 152
100 151
100 150
99 149
99 148
98 147
98 146
98 145
98 144
97 143
97 142
96 141
96 140
95 139
95 138
95 137
95 136
94 135
94 134
93 133
93 132
92 131
92 130
92 129
92 128
91 127
91 126
90 125
90 124
90 123
90 122
89 121
89 120
89 119
89 118
89 117
88 116
88 115
87 114
87 113
87 112
87 111
86 110
86 109
85 108
85 107
85 106
85 105
85 104
85 103
84 102
84 101
83 100
83 99
83 98
83 97
82 96
82 95
81 94
81 93
81 92
81 91
80 90
80 89
79 88
79 87
79 86
79 85
78 84
78 83
77 82
77 81
77 80
77 79
77 78
77 77
77 76
77 75
77 74
77 73
77 72
77 71
77 70
77 69
77 68
77 67
77 66
77 65
77 64
77 63
77 62
77 61
77 60
77 59
77 58
77 57
77 56
78 55
78 54
78 53
78 52
78 51
79 50
79 49
79 48
79 47
80 46
80 45
80 44
80 43
81 42
81 41
82 40
82 39
82 38
83 37
83 36
84 35
85 34
86 33
87 32
88 31
88 30
89 29
90 29
91 28
92 27
93 27
94 26
95 25
96 25
97 24
98 23
99 22
100 21
101 21
102 20
103 20
104 20
105 20
106 19
107 19
108 19
109 19
110 19
111 18
112 18
113 18
114 18
115 18
116 18
117 18
118 18
119 18
120 18
121 18
122 18
123 18
124 18
125 18
126 18
127 18
128 18
129 18
130 19
131 19
132 19
133 20
134 20
135 21
136 21
137 22
138 22
139 23
140 24
141 25
142 26
143 27
144 28
145 29
146 29
147 30
148 31
149 32
150 33
150 34
151 35
152 36
153 37
154 38
155 39
156 40
156 41
157 42
158 43
158 44
159 45
159 46
160 47
160 48
161 49
161 50
162 51
162 52
162 53
162 54
162 55
162 56
162 57
162 58
162 59
161 60
161 61
161 62
161 63
160 64
160 65
160 66
159 67
159 68
158 69
158 70
157 71
156 72
156 73
155 74
155 75
155 76
154 77
153 78
153 79
152 80
151 81
150 82
149 83
148 84
148 85
147 86
146 87
145 88
144 89
143 90
142 90
141 91
140 92
139 92
138 92
137 93
136 93
135 93
134 93
133 94
132 94
131 94
130 94
129 94
128 94
127 94
126 94
125 94
124 94
123 94
122 94
121 93
120 93
119 93
118 93
117 93
116 93
115 92
114 92
113 91
112 91
111 90
110 90
109 89
108 89
107 88
106 87
105 86
104 85
103 85
102 84
101 83
100 82
100 81
100 80
100 79
100 78
100 77
100 76
100 75
100 74
100 73
101 72
101 71
101 70
101 69
102 68
102 67
102 66
102 65
103 64
104 63
104 62
105 61
105 60
106 59
107 58
107 57
108 56
109 56
110 55
111 54
112 53
113 53
114 52
115 51
116 51
117 50
118 50
119 49
120 49
121 48
122 48
123 48
124 47
125 47
126 47
127 47
128 47
129 47
130 47
131 47
132 47
133 48
134 48
135 48
136 49
137 50
138 51
139 52
139 53
140 54
140 55
141 56
141 57
141 58
141 59
141 60
141 61
141 62
141 63
141 64
141 65
140 66
140 67
140 68
139 69
139 70
138 71
137 72
137 73
136 74
135 75
134 75
133 75
132 75
131 75
130 75
129 75
128 74
127 73
126 72
125 72
124 71
123 71
122 71
121 71
120 72
119 72
118 73
117 74
117 75
116 76
116 77
116 78
116 79
116 80
117 81
117 82
118 83
119 84
120 85
121 85
122 86
123 86
124 87
125 87
126 88
127 88
128 88
129 88
130 88
131 88
132 88
133 88
134 88
135 88
136 88
137 88
138 88
139 88
140 87
141 87
142 86
143 85
144 85
145 84
146 83
147 82
148 81
148 80
149 79
149 78
150 77
150 76
151 75
151 74
152 73
152 72
153 71
153 70
154 69
154 68
154 67
154 66
154 65
154 64
154 63
154 62
154 61
154 60
154 59
154 58
154 57
154 56
154 55
154 54
154 53
153 52
153 51
152 50
152 49
152 48
151 47
151 46
150 45
149 44
148 43
147 42
146 41
145 40
144 39
143 38
142 37
141 37
140 36
139 36
138 35
137 35
136 34
135 34
134 34
133 34
132 34
131 34
130 34
129 34
128 34
127 34
126 34
125 34
124 34
123 34
122 34
121 34
120 35
119 35
118 35
117 36
116 36
115 37
114 37
113 37
112 38
111 38
110 39
109 40
108 41
107 41
106 42
105 43
104 43
103 44
102 45
101 46
100 47
100 48
99 49
98 49
97 50
96 51
95 52
95 53
94 54
94 55
93 56
92 57
92 58
91 59
91 60
90 61
90 62
89 63
89 64
89 65
89 66
88 67
88 68
88 69
88 70
87 71
87 72
87 73
87 74
87 75
87 76
87 77
87 78
87 79
87 80
87 81
87 82
87 83
87 84
88 85
88 86
89 87
89 88
90 89
90 90
91 91
92 92
93 93
94 94
95 95
96 95
97 96
98 97
99 98
100 99
101 99
102 100
103 101
104 102
105 102
106 103
107 103
108 103
109 104
110 104
111 105
112 105
113 106
114 106
115 106
116 106
117 106
118 106
119 107
120 107
121 107
122 107
123 107
124 107
125 107
126 107
127 107
128 107
129 107
130 107
131 107
132 107
133 107
134 107
135 107
136 106
137 106
138 106
139 106
140 106
141 105
142 105
143 104
144 104
145 104
146 103
147 103
148 102
149 101
150 100
151 100
152 99
153 98
154 97
155 96
156 95
157 94
158 93
158 92
159 91
160 90
161 89
162 88
163 87
163 86
164 85
165 84
165 83
166 82
167 81
167 80
168 79
168 78
168 77
169 76
170 75
170 74
171 73
171 72
171 71
172 70
172 69
173 68
173 67
173 66
174 65
174 64
174 63
175 62
175 61
175 60
175 59
175 58
175 57
175 56
175 55
175 54
175 53
175 52
175 51
175 50
175 49
175 48
174 47
174 46
174 45
173 44
173 43
172 42
172 41
171 40
171 39
170 38
169 37
169 36
168 35
167 34
167 33
166 32
165 31
164 30
163 29
162 28
161 27
161 26
160 25
159 24
158 23
157 22
156 21
155 20
154 19
153 19
152 18
151 17
151 16
150 15
149 14
148 14
147 13
146 12
145 11
144 11
143 10
142 10
141 9
140 8
139 8
138 7
137 7
136 7
135 6
134 6
133 6
132 6
131 5
130 5
129 5
128 5
127 5
126 5
125 5
124 5
123 5
122 5
121 5
120 5
119 5
118 5
117 5
116 5
115 5
114 5
113 5
112 5
111 5
110 5
