275 21
274 22
273 22
272 22
271 22
270 22
269 23
268 23
267 24
266 24
265 25
264 25
263 25
262 25
261 26
260 26
259 26
258 26
257 26
256 27
255 27
254 28
253 28
252 29
251 29
250 30
249 30
248 31
247 31
246 32
245 32
244 33
243 33
242 34
241 35
241 36
240 37
239 37
238 38
237 39
236 39
235 40
234 41
234 42
233 43
233 44
232 45
232 46
232 47
232 48
232 49
232 50
231 51
231 52
231 53
230 54
230 55
229 56
229 57
229 58
229 59
229 60
229 61
229 62
229 63
229 64
228 65
228 66
228 67
228 68
228 69
228 70
228 71
228 72
228 73
228 74
228 75
228 76
228 77
228 78
228 79
228 80
228 81
228 82
228 83
228 84
228 85
228 86
228 87
228 88
228 89
228 90
228 91
228 92
228 93
228 94
228 95
229 96
229 97
229 98
230 99
230 100
230 101
231 102
231 103
232 104
232 105
233 106
234 107
234 108
235 109
236 110
237 111
238 112
239 113
240 114
241 115
242 116
243 117
244 118
245 119
246 120
247 121
248 121
249 122
250 123
251 124
252 125
253 125
254 126
255 126
256 127
257 127
258 128
259 128
260 129
261 129
262 130
263 130
264 130
265 131
266 131
267 131
268 131
269 131
270 131
271 131
272 131
273 131
274 131
275 131
276 131
277 131
278 131
279 131
280 131
281 131
282 131
283 131
284 131
285 131
286 131
287 130
288 130
289 130
290 129
291 129
292 128
293 128
294 127
295 127
296 126
297 125
298 125
299 124
300 123
301 122
302 121
303 120
304 119
305 118
305 117
306 116
306 115
307 114
307 113
308 112
309 111
309 110
310 109
310 108
311 107
311 106
312 105
312 104
312 103
312 102
313 101
313 100
313 99
313 98
314 97
314 96
314 95
314 94
314 93
315 92
315 91
315 90
315 89
315 88
315 87
315 86
315 85
315 84
315 83
315 82
315 81
315 80
314 79
314 78
314 77
314 76
313 75
313 74
312 73
312 72
311 71
311 70
310 69
309 68
309 67
308 66
307 65
306 64
305 63
304 62
303 61
302 60
301 60
300 59
299 58
298 58
297 57
296 57
295 56
294 56
293 56
292 56
291 55
290 55
289 55
288 55
287 55
286 55
285 55
284 55
283 55
282 55
281 55
280 55
279 55
278 55
277 55
276 55
275 55
274 56
273 56
272 57
271 57
270 58
269 59
268 59
267 60
266 60
265 61
264 62
264 63
263 64
262 65
262 66
261 67
261 68
260 69
260 70
260 71
260 72
259 73
259 74
259 75
259 76
259 77
259 78
259 79
260 80
260 81
261 82
261 83
262 84
263 85
264 86
265 87
266 88
267 88
268 89
269 89
270 90
271 90
272 90
273 91
274 91
275 91
276 91
277 92
278 92
279 92
280 92
281 92
282 92
283 92
284 91
285 91
286 91
287 90
288 90
289 89
290 89
291 90
291 91
291 92
291 93
291 94
291 95
290 96
290 97
290 98
289 99
289 100
288 101
287 101
286 102
285 102
284 103
283 103
282 103
281 104
280 104
279 104
278 104
277 104
276 103
275 103
274 103
273 102
272 102
271 101
270 100
269 99
268 98
267 97
266 96
266 95
265 94
264 93
263 92
262 91
261 90
260 89
259 88
259 87
258 86
257 85
257 84
256 83
256 82
255 81
254 80
254 79
253 78
253 77
253 76
252 75
252 74
252 73
252 72
251 71
251 70
251 69
251 68
251 67
251 66
251 65
251 64
252 63
252 62
252 61
253 60
253 59
253 58
254 57
255 56
255 55
256 54
257 53
258 52
259 51
260 51
261 50
262 49
263 49
264 48
265 48
266 47
267 47
268 47
269 46
270 46
271 46
272 46
273 46
274 45
275 45
276 45
277 45
278 45
279 45
280 45
281 45
282 45
283 45
284 45
285 45
286 45
287 45
288 45
289 45
290 45
291 45
292 45
293 46
294 46
295 47
296 47
297 48
298 48
299 48
300 49
301 50
302 50
303 51
304 52
305 52
306 53
307 53
308 54
309 55
310 56
311 57
312 58
313 59
313 60
314 61
314 62
315 63
315 64
316 65
316 66
316 67
317 68
317 69
318 70
318 71
318 72
319 73
319 74
320 75
320 76
320 77
321 78
321 79
321 80
321 81
321 82
322 83
322 84
322 85
322 86
322 87
322 88
322 89
322 90
322 91
322 92
322 93
322 94
322 95
322 96
322 97
322 98
322 99
322 100
322 101
322 102
322 103
322 104
322 105
322 106
322 107
322 108
322 109
322 110
322 111
322 112
322 113
322 114
322 115
322 116
322 117
321 118
321 119
321 120
321 121
321 122
321 123
320 124
320 125
320 126
319 127
319 128
319 129
319 130
318 131
318 132
318 133
318 134
317 135
317 136
317 137
316 138
316 139
315 140
315 141
314 142
314 143
313 144
312 145
312 146
311 147
310 148
309 149
308 150
307 151
307 152
306 153
305 153
304 154
303 155
302 156
301 156
300 157
299 158
298 158
297 159
296 159
295 159
294 160
293 160
292 161
291 161
290 162
289 162
288 163
287 163
286 164
285 164
284 165
283 165
282 165
281 165
280 166
279 166
278 166
277 166
276 167
275 167
274 167
273 167
272 167
271 168
270 168
269 168
268 168
267 168
266 168
265 168
264 168
263 169
262 169
261 169
260 169
259 169
258 169
257 169
256 169
255 170
254 170
253 170
252 170
251 170
250 170
249 170
248 170
247 170
246 170
245 170
244 170
243 170
242 170
241 170
240 170
239 170
238 169
237 169
236 169
235 169
234 169
233 169
232 169
231 169
230 169
229 169
228 169
227 168
226 168
225 168
224 168
223 168
222 168
221 168
220 168
219 168
218 168
217 168
216 168
215 167
214 167
213 167
212 167
211 167
210 166
209 166
208 166
207 165
206 164
205 163
204 162
203 161
202 160
201 159
200 158
199 157
198 156
197 155
196 155
195 154
195 153
194 152
193 151
192 151
191 150
190 150
189 149
188 149
187 148
186 148
185 147
184 147
183 146
182 146
181 146
180 146
179 146
178 146
177 146
176 146
175 146
174 146
173 146
172 146
171 146
170 146
169 146
168 146
167 147
166 147
165 148
164 148
163 149
162 150
161 151
160 151
159 151
158 151
157 152
156 152
155 153
154 154
154 155
153 156
152 157
152 158
151 159
150 159
149 159
148 159
147 158
146 158
145 158
144 158
143 158
142 158
141 158
140 158
139 158
138 158
137 158
136 158
135 157
134 157
133 157
132 157
131 157
130 157
129 157
128 157
127 157
126 157
125 157
124 157
123 157
122 157
121 157
120 157
119 157
118 157
117 157
116 157
115 157
114 157
113 157
112 157
111 157
110 157
109 157
108 157
107 157
106 157
105 157
104 157
103 157
102 157
101 157
100 157
99 157
98 157
97 157
96 157
95 157
94 157
93 157
92 157
91 157
90 157
89 157
88 157
87 157
86 157
85 157
84 157
83 157
82 157
81 157
80 157
79 157
78 157
77 157
76 157
75 157
74 157
73 157
72 157
71 157
70 157
69 157
68 157
67 157
66 157
65 157
64 157
63 157
62 157
61 157
60 157
59 157
58 157
57 157
56 156
55 156
54 156
53 156
52 156
51 156
50 156
49 156
48 156
47 157
46 157
45 158
44 158
43 158
42 158
41 158
40 159
39 159
38 159
37 160
36 160
35 161
34 161
33 162
32 163
31 163
30 164
29 164
28 165
27 166
26 167
25 168
24 169
23 169
22 170
21 171
20 172
19 173
18 173
17 174
16 175
15 176
14 177
13 178
12 179
12 180
11 181
11 182
10 183
9 184
9 185
8 186
8 187
7 188
7 189
7 190
7 191
7 192
6 193
6 194
6 195
6 196
6 197
6 198
6 199
5 200
5 201
5 202
5 203
4 204
4 205
4 206
4 207
4 208
4 209
4 210
4 211
4 212
4 213
4 214
5 215
5 216
5 217
5 218
5 219
5 220
5 221
5 222
5 223
5 224
5 225
5 226
5 227
5 228
5 229
5 230
5 231
5 232
5 233
5 234
5 235
5 236
5 237
5 238
6 239
6 240
6 241
7 242
7 243
7 244
7 245
7 246
8 247
8 248
8 249
9 250
9 251
10 252
10 253
10 254
11 255
11 256
12 257
13 258
13 259
14 260
14 261
15 262
16 263
17 264
18 265
19 266
20 267
21 268
22 269
23 270
24 271
25 272
26 273
27 274
28 274
29 275
30 276
31 277
32 277
33 278
34 278
35 279
36 280
37 281
38 281
39 282
40 282
41 283
42 283
43 284
44 284
45 284
46 285
47 285
48 285
49 286
50 286
51 286
52 287
53 287
54 287
55 287
56 288
57 288
58 288
59 288
60 288
61 288
62 289
63 289
64 289
65 289
66 289
67 289
68 289
69 289
70 289
71 289
72 289
73 289
74 289
75 289
76 289
77 289
78 289
79 289
80 289
81 288
82 288
83 288
84 288
85 288
86 287
87 287
88 287
89 286
90 286
91 286
92 286
93 285
94 285
95 285
96 284
97 284
98 283
99 283
100 282
101 282
102 281
103 280
104 280
105 279
106 278
107 277
108 276
109 276
110 275
111 274
112 273
113 272
113 271
114 270
115 269
116 268
116 267
117 266
117 265
118 264
118 263
119 262
120 261
120 260
121 259
121 258
121 257
122 256
122 255
123 254
123 253
123 252
124 251
124 250
125 249
125 248
126 247
126 246
127 245
127 244
128 243
128 242
129 241
129 240
129 239
129 238
130 237
130 236
130 235
130 234
130 233
130 232
130 231
130 230
130 229
130 228
130 227
130 226
130 225
130 224
130 223
130 222
130 221
130 220
130 219
130 218
130 217
129 216
129 215
129 214
128 213
128 212
127 211
126 210
126 209
125 208
125 207
124 206
123 205
123 204
122 203
121 202
120 201
119 200
118 199
117 198
116 198
115 197
114 196
113 196
112 195
111 195
110 194
109 194
108 193
107 193
106 192
105 192
104 191
103 191
102 190
101 190
100 189
99 189
98 189
97 189
96 188
95 188
94 188
93 188
92 188
91 188
90 188
89 188
88 188
87 188
86 188
85 188
84 188
83 188
82 188
81 189
80 189
79 189
78 189
77 190
76 190
75 190
74 191
73 191
72 191
71 191
70 191
69 191
68 192
67 192
66 192
65 193
64 193
63 193
62 193
61 194
60 194
59 195
58 195
57 196
56 196
55 197
54 198
53 198
52 199
51 200
50 201
49 202
48 203
47 204
46 205
46 206
45 207
44 208
44 209
43 210
43 211
43 212
43 213
43 214
43 215
43 216
43 217
43 218
43 219
43 220
43 221
43 222
43 223
43 224
44 225
44 226
44 227
44 228
44 229
45 230
45 231
45 232
45 233
45 234
45 235
46 236
46 237
46 238
47 239
47 240
48 241
48 242
49 243
50 244
50 245
51 246
52 247
52 248
53 249
54 250
55 250
56 251
57 252
58 252
59 253
60 253
61 254
62 254
63 255
64 255
65 255
66 255
67 256
68 256
69 256
70 256
71 256
72 256
73 256
74 256
75 256
76 256
77 256
78 256
79 256
80 255
81 255
82 254
83 254
84 253
85 252
86 251
87 250
88 249
88 248
89 247
89 246
89 245
89 244
89 243
89 242
89 241
89 240
89 239
89 238
89 237
88 236
88 235
87 234
86 233
85 232
84 232
83 231
82 231
81 231
80 231
79 231
78 232
77 231
76 230
76 229
75 228
75 227
75 226
75 225
75 224
75 223
75 222
75 221
75 220
75 219
76 218
76 217
76 216
76 215
76 214
76 213
77 212
78 212
79 212
80 212
81 212
82 212
83 212
84 212
85 212
86 212
87 212
88 212
89 212
90 213
91 213
92 214
93 215
94 215
95 216
96 217
96 218
97 219
98 220
99 221
99 222
100 223
100 224
101 225
101 226
102 227
102 228
102 229
102 230
102 231
102 232
102 233
102 234
102 235
102 236
102 237
102 238
102 239
102 240
101 241
101 242
100 243
100 244
100 245
99 246
99 247
99 248
98 249
98 250
97 251
96 252
96 253
95 254
94 255
93 256
92 256
91 257
90 258
89 259
88 259
87 260
86 261
85 261
84 262
83 263
82 263
81 263
80 264
79 264
78 265
77 265
76 265
75 266
74 266
73 266
72 266
71 265
70 264
69 264
68 263
67 263
66 262
65 262
64 262
63 262
62 261
61 261
60 260
59 259
58 258
57 258
56 257
55 256
55 255
54 254
53 253
52 252
52 251
51 250
50 249
49 249
48 248
47 247
46 247
45 246
44 245
43 244
42 243
41 242
40 241
39 240
38 239
38 238
37 237
36 236
36 235
36 234
35 233
35 232
34 231
34 230
34 229
33 228
33 227
33 226
33 225
32 224
32 223
32 222
32 221
32 220
32 219
32 218
32 217
33 216
33 215
33 214
33 213
33 212
34 211
34 210
34 209
35 208
35 207
36 206
37 205
37 204
38 203
39 202
39 201
40 200
41 199
42 198
42 197
43 196
44 195
45 194
46 193
47 192
47 191
48 190
49 189
50 188
51 187
52 186
53 186
54 186
55 185
56 185
57 185
58 185
59 184
60 184
61 183
62 183
63 183
64 183
65 183
66 183
67 183
68 183
69 183
70 183
71 183
72 183
73 183
74 183
75 183
76 183
77 183
78 183
79 183
80 183
81 183
82 183
83 183
84 183
85 183
86 183
87 183
88 183
89 183
90 183
91 183
92 182
93 182
94 182
95 182
96 182
97 182
98 182
99 182
100 182
101 182
102 182
103 182
104 182
105 182
106 182
107 182
108 182
109 182
110 182
111 182
112 182
113 182
114 182
115 182
116 182
117 182
118 182
119 182
120 182
121 182
122 182
123 182
124 182
125 182
126 182
127 182
128 182
129 182
130 182
131 182
132 182
133 182
134 182
135 182
136 182
137 182
138 182
139 182
140 182
141 182
142 183
143 184
143 185
144 186
144 187
144 188
145 189
145 190
146 191
147 192
147 193
148 194
149 195
150 196
151 196
152 197
153 197
154 198
155 198
156 199
157 199
158 199
159 199
160 200
161 200
162 201
163 201
164 201
165 201
166 202
167 202
168 202
169 202
170 203
171 203
172 204
173 204
174 205
175 205
176 205
177 205
178 206
179 206
180 207
181 207
182 207
183 207
184 207
185 207
186 207
187 206
188 207
189 208
190 208
191 209
192 209
193 209
194 209
195 209
196 209
197 209
198 209
199 209
200 209
201 209
202 209
203 209
204 209
205 209
206 209
207 208
208 208
209 208
210 207
211 207
212 206
213 206
214 205
215 204
216 203
216 202
217 201
218 200
219 199
219 198
220 197
221 196
222 196
223 197
224 197
225 197
226 197
227 198
228 198
229 199
230 199
231 199
232 199
233 200
234 200
235 200
236 200
237 200
238 200
239 200
240 200
241 200
242 201
243 201
244 201
245 201
246 201
247 201
248 201
249 201
250 201
251 201
252 201
253 201
254 201
255 201
256 201
257 201
258 201
259 201
260 201
261 201
262 201
263 201
264 201
265 201
266 201
267 201
268 201
269 200
270 200
271 200
272 200
273 199
274 199
275 198
276 198
277 198
278 198
279 197
280 197
281 197
282 197
283 196
284 196
285 196
286 196
287 195
288 195
289 195
290 195
291 194
292 194
293 194
294 193
295 193
296 192
297 192
298 192
299 192
300 191
301 191
302 190
303 190
304 189
305 189
306 188
307 188
308 188
309 188
310 187
311 187
312 186
313 186
314 185
315 184
316 183
317 182
318 182
319 181
320 181
321 180
322 179
323 178
324 178
325 177
326 176
327 175
328 174
329 174
330 173
331 172
332 171
333 170
333 169
334 168
335 168
336 167
337 166
338 165
338 164
339 163
339 162
340 161
341 161
342 160
343 159
344 158
344 157
345 156
346 155
346 154
347 153
347 152
348 151
348 150
349 149
349 148
350 147
350 146
350 145
351 144
351 143
352 142
352 141
352 140
352 139
353 138
353 137
354 136
354 135
354 134
355 133
355 132
355 131
355 130
356 129
356 128
356 127
356 126
356 125
356 124
356 123
356 122
356 121
356 120
356 119
356 118
356 117
356 116
356 115
356 114
356 113
356 112
356 111
356 110
356 109
356 108
356 107
356 106
356 105
356 104
355 103
355 102
354 101
354 100
354 99
354 98
354 97
354 96
353 95
353 94
352 93
352 92
352 91
352 90
352 89
352 88
352 87
352 86
352 85
351 84
351 83
350 82
350 81
349 80
349 79
349 78
349 77
349 76
349 75
348 74
348 73
347 72
347 71
346 70
346 69
345 68
345 67
345 66
345 65
344 64
344 63
343 62
343 61
342 60
342 59
341 58
340 57
339 57
338 56
338 55
337 54
337 53
336 52
336 51
335 50
335 49
334 48
333 47
332 47
331 46
331 45
330 44
329 43
329 42
328 41
327 40
326 40
325 39
325 38
324 37
323 36
323 35
322 34
321 33
320 33
319 32
318 32
317 31
316 30
315 29
314 28
313 28
312 27
311 27
310 26
309 26
308 25
307 25
306 24
305 24
304 23
303 23
302 22
301 22
300 22
299 22
298 22
297 21
296 21
295 21
294 21
293 21
292 21
291 21
290 21
289 21
288 21
287 21
286 21
285 21
284 21
283 21
282 21
281 21
280 21
279 21
278 21
277 21
276 21
