83 22
82 23
81 23
80 23
79 23
78 23
77 23
76 23
75 23
74 23
73 23
72 24
71 24
70 25
69 25
68 26
67 26
66 26
65 26
64 27
63 27
62 27
61 27
60 28
59 28
58 29
57 29
56 29
55 29
54 29
53 29
52 30
51 30
50 31
49 31
48 31
47 31
46 31
45 32
44 33
43 33
42 34
41 34
40 34
39 35
38 35
37 36
36 37
35 37
34 37
33 38
32 39
31 39
30 40
29 41
28 42
27 42
27 43
26 44
25 45
24 45
24 46
23 47
22 47
22 48
21 49
20 50
19 51
19 52
18 53
17 53
16 54
16 55
15 56
14 57
14 58
14 59
13 60
13 61
12 62
11 63
11 64
11 65
11 66
10 67
10 68
9 69
9 70
8 71
8 72
8 73
8 74
8 75
8 76
8 77
8 78
7 79
7 80
7 81
7 82
7 83
6 84
6 85
6 86
6 87
6 88
6 89
6 90
6 91
6 92
7 93
8 94
8 95
8 96
8 97
8 98
9 99
9 100
10 101
11 102
11 103
11 104
11 105
11 106
11 107
12 108
13 109
13 110
14 111
14 112
14 113
15 114
16 115
16 116
17 117
17 118
18 118
19 119
19 120
20 121
21 122
22 123
23 124
24 125
25 126
26 127
27 128
27 129
28 129
29 129
30 130
31 130
32 131
33 131
34 131
35 132
36 132
37 132
38 132
39 132
40 132
41 132
42 132
43 132
44 132
45 132
46 132
47 132
48 132
49 132
50 132
51 131
52 130
53 129
54 129
55 129
56 128
57 128
58 127
59 127
60 127
61 126
62 126
63 126
64 125
65 124
66 124
67 123
68 123
68 122
69 121
70 121
71 121
72 120
73 119
74 118
75 118
76 117
77 116
78 115
79 115
79 114
80 113
81 113
82 112
82 111
83 110
84 110
84 109
85 108
85 107
85 106
86 105
87 104
87 103
87 102
88 101
89 100
89 99
89 98
89 97
89 96
90 95
90 94
90 93
91 92
91 91
91 90
92 89
92 88
92 87
92 86
92 85
92 84
92 83
92 82
92 81
92 80
92 79
91 78
90 77
90 76
89 75
89 74
88 73
88 72
87 71
87 70
86 69
85 69
84 68
84 67
83 66
82 65
81 64
80 63
79 62
79 61
78 61
77 60
76 59
76 58
75 57
74 57
73 56
72 55
71 54
71 53
70 53
69 53
68 52
67 52
66 52
65 51
64 51
63 50
62 50
61 50
60 49
59 49
58 48
57 48
56 47
55 47
54 47
53 47
52 47
51 47
50 47
49 47
48 47
48 48
47 49
46 49
45 50
44 50
43 51
42 52
41 53
40 53
39 54
38 55
37 55
37 56
36 57
35 58
34 59
33 60
32 61
32 62
31 63
30 63
30 64
30 65
29 66
28 66
28 67
27 68
27 69
27 70
27 71
26 72
26 73
26 74
26 75
26 76
25 77
25 78
25 79
25 80
25 81
26 82
26 83
27 84
27 85
28 86
28 87
29 88
29 89
30 90
30 91
30 92
31 93
31 94
32 95
33 96
34 97
35 98
36 98
37 99
38 99
39 100
40 100
41 100
42 100
43 100
44 100
45 100
46 100
47 100
48 100
49 100
50 100
51 99
52 99
53 98
54 97
55 97
55 96
56 95
57 94
58 94
58 93
58 92
58 91
59 90
59 89
60 88
60 87
60 86
60 85
60 84
59 83
59 82
58 81
57 81
56 80
55 80
54 80
53 81
52 82
51 82
51 83
51 84
51 85
51 86
50 87
50 88
49 89
48 90
47 91
46 91
45 91
44 91
43 91
42 90
41 90
40 90
39 89
39 88
38 87
37 86
37 85
36 84
36 83
36 82
35 81
35 80
34 79
35 78
35 77
35 76
35 75
35 74
36 73
36 72
36 71
36 70
36 69
36 68
37 67
37 66
38 65
39 64
39 63
40 62
41 62
42 62
42 61
43 60
44 60
45 59
46 58
47 58
48 57
49 57
50 57
51 57
52 57
53 57
54 57
55 57
56 57
57 57
58 57
59 58
60 59
61 60
62 60
63 60
64 60
65 60
66 61
67 62
68 63
69 64
69 65
70 65
71 66
72 67
72 68
73 68
74 69
75 70
76 71
77 72
77 73
78 74
78 75
79 76
80 77
81 78
81 79
82 80
82 81
82 82
83 83
83 84
82 85
82 86
82 87
82 88
82 89
82 90
82 91
81 92
81 93
81 94
80 95
80 96
80 97
80 98
79 99
79 100
78 101
77 101
77 102
77 103
76 104
76 105
75 106
74 106
74 107
73 108
72 108
71 109
71 110
70 111
69 111
68 112
67 112
66 113
65 114
64 114
63 115
62 116
61 116
60 117
59 117
58 118
57 119
56 119
55 119
54 119
53 119
52 120
51 121
50 122
49 122
48 122
47 122
46 122
45 122
44 122
43 122
42 122
41 122
40 122
39 122
38 122
37 122
36 122
35 122
34 122
33 121
32 120
31 119
30 119
29 118
29 117
28 116
27 115
26 114
25 113
24 112
24 111
23 110
23 109
22 108
21 107
21 106
21 105
21 104
21 103
20 102
19 101
18 100
18 99
18 98
18 97
18 96
18 95
17 94
17 93
17 92
16 91
16 90
16 89
15 88
15 87
16 86
16 85
16 84
16 83
16 82
16 81
17 80
17 79
17 78
17 77
17 76
18 75
18 74
18 73
18 72
18 71
19 70
19 69
20 68
21 67
21 66
21 65
21 64
22 63
23 62
23 61
24 60
25 59
26 58
26 57
27 56
28 55
29 54
30 53
31 52
31 51
32 50
33 50
34 49
35 48
36 48
36 47
37 46
38 46
39 46
40 45
41 44
42 44
43 44
44 43
45 42
46 42
47 41
48 41
49 41
50 41
51 40
52 40
53 39
54 39
55 39
56 38
57 38
58 38
59 38
60 38
61 37
62 37
63 37
64 36
65 36
66 36
67 36
68 36
69 35
70 35
71 34
72 34
73 34
74 33
75 33
76 33
77 33
78 33
79 33
80 32
81 32
82 32
83 32
84 32
85 32
86 31
87 31
88 31
89 31
90 31
91 31
92 31
93 31
94 31
95 32
96 32
97 32
98 32
99 32
100 32
101 33
102 33
103 33
104 33
105 34
106 35
106 36
107 36
108 37
109 38
110 39
111 40
112 41
113 42
113 43
114 44
114 45
115 46
116 46
117 47
117 48
117 49
118 50
118 51
118 52
119 53
119 54
119 55
119 56
119 57
120 58
121 59
121 60
121 61
121 62
121 63
122 64
122 65
122 66
122 67
122 68
122 69
122 70
122 71
122 72
122 73
122 74
122 75
122 76
122 77
122 78
122 79
122 80
122 81
122 82
122 83
122 84
122 85
122 86
122 87
122 88
122 89
122 90
121 91
121 92
121 93
121 94
120 95
120 96
119 97
119 98
119 99
120 100
120 101
120 102
119 103
119 104
119 105
119 106
118 107
118 108
118 109
117 110
117 111
117 112
117 113
117 114
117 115
117 116
117 117
117 118
117 119
116 120
116 121
115 122
115 123
115 124
114 125
114 126
114 127
114 128
114 129
114 130
114 131
114 132
114 133
114 134
114 135
114 136
114 137
113 138
113 139
112 140
112 141
112 142
112 143
112 144
111 145
111 146
111 147
111 148
111 149
111 150
111 151
111 152
111 153
111 154
111 155
111 156
111 157
111 158
111 159
111 160
110 161
109 162
109 163
109 164
109 165
109 166
110 167
110 168
110 169
109 170
109 171
109 172
109 173
109 174
108 175
108 176
108 177
108 178
108 179
108 180
108 181
108 182
108 183
108 184
108 185
108 186
108 187
108 188
108 189
108 190
108 191
108 192
108 193
108 194
108 195
108 196
108 197
108 198
108 199
108 200
108 201
108 202
108 203
108 204
108 205
108 206
108 207
108 208
108 209
109 210
109 211
109 212
108 213
108 214
108 215
108 216
108 217
109 218
108 219
107 220
106 220
106 221
106 222
105 223
105 224
105 225
105 226
105 227
104 228
104 229
104 230
103 231
103 232
103 233
103 234
103 235
103 236
103 237
103 238
103 239
103 240
104 241
103 242
103 243
103 244
103 245
103 246
103 247
103 248
103 249
103 250
103 251
103 252
103 253
103 254
103 255
103 256
103 257
102 258
102 259
102 260
102 261
102 262
102 263
102 264
102 265
102 266
102 267
102 268
103 269
103 270
103 271
103 272
103 273
104 274
104 275
105 276
106 277
106 278
106 279
107 280
108 281
109 282
110 283
111 284
112 285
113 286
114 287
115 288
116 288
117 289
117 290
118 291
119 292
119 293
119 294
120 295
120 296
119 297
119 298
119 299
120 300
120 301
121 302
121 303
121 304
121 305
122 306
122 307
123 308
122 309
122 310
122 311
123 312
124 313
124 314
124 315
125 316
125 317
125 318
124 319
124 320
124 321
125 322
125 323
125 324
125 325
125 326
126 327
127 328
127 329
127 330
127 331
127 332
127 333
128 334
128 335
128 336
128 337
128 338
129 339
130 340
130 341
130 342
130 343
130 344
130 345
130 346
131 347
131 348
131 349
131 350
132 351
132 352
132 353
132 354
132 355
132 356
132 357
133 358
133 359
133 360
134 361
134 362
135 363
135 364
135 365
135 366
135 367
135 368
136 369
136 370
136 371
137 372
138 373
138 374
138 375
139 376
140 376
141 377
141 378
142 379
142 380
142 381
143 382
143 383
143 384
144 385
145 386
146 387
147 388
148 389
148 390
149 391
150 392
151 393
152 394
153 395
154 395
155 396
156 397
157 397
158 398
159 398
160 398
161 399
162 399
163 400
164 400
165 400
166 400
167 400
168 400
169 400
170 400
171 400
172 400
173 400
174 400
175 400
176 400
177 400
178 400
179 400
180 400
181 400
182 400
183 400
184 400
185 400
186 400
187 400
188 400
189 400
190 400
191 399
192 399
193 398
194 398
195 398
196 398
197 398
197 397
198 396
199 396
200 395
201 395
202 394
202 393
203 392
204 392
205 392
205 391
206 390
207 389
208 389
209 388
210 387
211 387
211 386
212 385
213 384
214 384
215 383
216 382
217 381
217 380
218 379
219 378
219 377
220 376
221 376
221 375
222 374
223 374
223 373
224 372
224 371
225 370
225 369
226 368
226 367
227 366
227 365
228 364
229 363
229 362
229 361
229 360
229 359
230 358
230 357
230 356
231 355
231 354
231 353
231 352
232 351
232 350
232 349
232 348
232 347
232 346
232 345
232 344
232 343
231 342
231 341
231 340
231 339
230 338
230 337
229 336
229 335
228 334
227 333
227 332
226 331
225 330
224 329
223 329
222 328
222 327
221 326
220 326
219 325
219 324
218 324
217 323
216 322
216 321
215 321
214 321
213 320
212 320
211 319
210 318
209 317
208 316
207 316
206 316
205 316
204 315
203 314
202 314
201 313
200 313
199 313
198 313
197 312
196 312
195 311
194 311
193 311
192 311
191 310
190 310
189 310
188 310
187 310
186 309
185 309
184 308
183 308
182 308
181 308
180 308
179 308
178 308
177 308
176 308
175 308
174 308
173 308
172 309
171 310
170 310
169 311
168 311
167 311
166 312
165 313
164 313
163 314
162 315
161 315
160 316
160 317
159 318
158 319
157 319
156 320
155 321
154 322
154 323
153 324
152 325
152 326
151 327
151 328
151 329
151 330
151 331
151 332
151 333
151 334
151 335
151 336
151 337
151 338
151 339
151 340
151 341
151 342
151 343
151 344
151 345
152 346
152 347
152 348
152 349
152 350
153 351
153 352
153 353
153 354
154 355
154 356
154 357
154 358
154 359
155 360
155 361
156 362
156 363
157 364
158 365
158 366
159 367
160 367
161 368
161 369
162 370
163 371
164 372
165 372
166 373
167 374
168 374
169 374
170 374
171 374
172 375
173 376
174 376
175 376
176 377
177 378
178 378
179 378
180 379
181 379
182 379
183 379
184 379
185 379
186 379
187 379
188 378
189 378
190 378
191 377
192 376
193 376
194 375
195 374
196 374
197 374
197 373
198 372
199 371
200 371
200 370
201 369
202 369
203 368
203 367
204 366
205 366
205 365
205 364
206 363
207 363
208 362
208 361
209 360
209 359
210 358
211 357
211 356
211 355
211 354
211 353
211 352
211 351
211 350
211 349
211 348
211 347
211 346
211 345
211 344
210 343
210 342
209 341
209 340
209 339
208 338
208 337
207 336
207 335
206 335
205 334
205 333
204 332
203 331
202 331
201 330
200 329
199 329
198 329
197 328
196 327
195 327
194 327
193 327
192 327
191 327
190 327
189 327
188 327
187 328
186 329
185 329
185 330
184 331
183 332
183 333
183 334
182 335
181 335
180 335
180 336
179 337
179 338
178 339
177 340
177 341
177 342
177 343
177 344
176 345
176 346
175 347
175 348
175 349
175 350
175 351
176 352
177 353
177 354
178 354
179 355
180 355
181 355
182 354
183 353
184 352
184 351
184 350
184 349
185 348
185 347
185 346
185 345
186 344
186 343
187 342
187 341
187 340
188 339
189 339
190 339
190 338
190 337
191 336
192 336
193 336
194 336
195 337
196 338
197 339
198 340
199 341
200 342
200 343
201 344
201 345
201 346
201 347
201 348
201 349
201 350
201 351
201 352
201 353
201 354
201 355
201 356
200 357
199 358
198 359
198 360
197 361
196 361
196 362
195 363
194 364
193 364
192 365
191 366
190 367
189 367
188 368
187 369
186 369
185 369
184 369
183 369
182 369
181 369
180 369
179 369
178 368
177 368
176 367
175 367
174 366
173 366
172 366
171 365
170 364
169 364
168 363
167 362
166 361
165 360
165 359
164 358
163 357
163 356
163 355
163 354
163 353
162 352
162 351
162 350
162 349
162 348
161 347
161 346
161 345
160 344
160 343
160 342
160 341
160 340
160 339
160 338
160 337
160 336
160 335
160 334
160 333
160 332
160 331
160 330
160 329
161 328
162 327
163 327
164 326
165 325
166 324
167 323
168 322
168 321
169 320
170 320
171 320
172 319
173 318
174 318
175 318
176 318
177 318
178 318
179 318
180 318
181 318
182 318
183 318
184 318
185 318
186 318
187 319
188 319
189 319
190 319
191 319
192 320
193 320
194 320
195 320
196 321
197 321
198 322
199 323
200 323
201 323
202 323
203 323
204 324
205 325
205 326
206 327
207 327
208 328
209 328
210 328
211 329
212 330
212 331
213 331
214 332
214 333
215 333
216 334
217 335
218 336
219 336
220 337
220 338
220 339
221 340
222 341
222 342
222 343
222 344
222 345
222 346
222 347
222 348
222 349
222 350
222 351
222 352
222 353
222 354
221 355
221 356
221 357
220 358
220 359
220 360
220 361
219 362
219 363
218 364
217 365
217 366
216 367
216 368
215 369
214 369
214 370
213 371
212 372
211 373
211 374
210 375
209 375
209 376
208 377
207 377
206 378
206 379
205 380
204 380
203 381
202 382
201 383
200 384
199 385
198 385
197 386
197 387
196 388
195 388
194 388
193 389
192 389
191 390
190 390
189 391
188 391
187 391
186 391
185 391
184 391
183 391
182 391
181 391
180 391
179 391
178 391
177 391
176 391
175 391
174 391
173 391
172 391
171 391
170 391
169 391
168 391
167 391
166 391
165 391
164 390
163 390
162 389
161 389
160 388
159 388
158 387
157 386
156 385
155 384
155 383
154 383
153 382
153 381
153 380
152 380
151 379
150 378
150 377
150 376
150 375
149 374
149 373
148 372
147 372
146 371
146 370
145 369
145 368
145 367
144 366
144 365
144 364
144 363
143 362
143 361
142 360
142 359
142 358
142 357
142 356
142 355
142 354
142 353
141 352
141 351
140 350
140 349
140 348
140 347
139 346
139 345
139 344
139 343
139 342
139 341
139 340
138 339
137 338
137 337
137 336
137 335
137 334
137 333
137 332
136 331
136 330
136 329
135 328
134 327
134 326
134 325
134 324
134 323
134 322
133 321
133 320
133 319
132 318
132 317
132 316
133 315
134 315
135 315
136 315
137 314
137 313
138 312
138 311
138 310
139 309
139 308
139 307
139 306
139 305
139 304
139 303
139 302
139 301
139 300
140 299
140 298
140 297
141 296
141 295
141 294
142 293
142 292
142 291
142 290
143 289
143 288
143 287
143 286
143 285
142 284
142 283
142 282
143 281
143 280
143 279
142 278
142 277
142 276
143 275
143 274
142 273
143 272
143 271
143 270
144 269
144 268
144 267
144 266
144 265
144 264
144 263
143 262
143 261
143 260
143 259
143 258
143 257
142 256
142 255
142 254
142 253
142 252
141 251
141 250
140 249
140 248
140 247
139 246
139 245
138 244
137 243
137 242
137 241
137 240
137 239
137 238
137 237
136 236
136 235
136 234
135 233
134 232
134 231
134 230
133 229
132 228
131 227
131 226
130 225
129 224
129 223
128 223
127 222
127 221
126 220
125 219
124 218
123 217
122 216
121 215
121 214
120 213
120 212
119 211
119 210
118 209
118 208
118 207
118 206
118 205
117 204
117 203
117 202
117 201
117 200
117 199
117 198
117 197
117 196
117 195
117 194
117 193
117 192
117 191
117 190
117 189
117 188
117 187
117 186
117 185
117 184
117 183
117 182
117 181
117 180
117 179
117 178
117 177
117 176
117 175
118 174
118 173
118 172
118 171
118 170
118 169
118 168
118 167
118 166
118 165
118 164
118 163
118 162
118 161
119 160
119 159
120 158
120 157
120 156
120 155
120 154
120 153
120 152
119 151
119 150
119 149
120 148
120 147
120 146
121 145
121 144
121 143
121 142
121 141
121 140
121 139
121 138
122 137
123 136
123 135
123 134
123 133
123 132
122 131
122 130
122 129
123 128
123 127
123 126
124 125
124 124
124 123
124 122
125 121
125 120
126 119
126 118
126 117
125 116
125 115
125 114
126 113
126 112
126 111
126 110
127 109
127 108
127 107
128 106
129 105
129 104
129 103
128 102
128 101
128 100
129 99
129 98
129 97
129 96
129 95
130 94
130 93
130 92
130 91
131 90
131 89
131 88
131 87
131 86
131 85
131 84
131 83
131 82
131 81
131 80
131 79
131 78
131 77
131 76
131 75
131 74
131 73
131 72
131 71
131 70
131 69
131 68
131 67
131 66
131 65
131 64
130 63
130 62
130 61
130 60
130 59
129 58
129 57
129 56
129 55
128 54
128 53
127 52
127 51
127 50
127 49
127 48
126 47
126 46
126 45
125 44
124 43
124 42
123 41
122 41
121 40
121 39
121 38
120 37
119 36
118 35
117 34
116 33
116 32
116 31
115 31
114 31
113 30
113 29
112 29
111 28
110 27
110 26
109 26
108 26
107 25
106 25
105 24
104 24
103 24
102 23
101 23
100 23
99 23
98 23
97 23
96 22
95 22
94 22
93 22
92 22
91 22
90 22
89 22
88 22
87 22
86 22
85 22
84 22
