248 108
247 109
246 109
246 110
245 111
245 112
244 113
244 114
244 115
245 116
246 117
247 118
248 118
249 119
250 120
251 120
252 121
253 121
254 122
255 123
255 124
255 125
255 126
256 127
257 128
258 128
259 128
260 129
261 129
262 129
263 129
264 129
265 130
266 130
267 131
268 132
269 132
270 133
271 134
272 135
272 136
272 137
272 138
272 139
272 140
272 141
272 142
271 143
271 144
270 145
269 146
268 146
267 147
266 148
265 149
265 150
264 151
265 152
265 153
266 154
267 155
267 156
268 157
268 158
269 159
269 160
270 161
271 162
271 163
271 164
271 165
272 166
272 167
272 168
272 169
272 170
273 171
273 172
274 173
274 174
274 175
274 176
274 177
274 178
273 179
273 180
272 181
271 181
272 181
273 181
274 181
275 181
276 182
277 182
278 182
279 182
280 182
281 182
282 182
283 182
284 181
285 180
285 179
285 178
285 177
285 176
285 175
284 174
284 173
283 172
283 171
282 170
282 169
281 168
281 167
280 166
280 165
279 164
279 163
279 162
278 161
278 160
277 159
277 158
276 157
276 156
275 155
275 154
274 153
274 152
273 151
273 150
274 149
275 148
276 148
277 148
278 147
279 147
280 146
281 145
282 144
283 143
284 142
285 142
286 142
287 143
287 144
287 145
287 146
286 147
286 148
286 149
286 150
286 151
286 152
286 153
285 154
285 155
285 156
285 157
285 158
285 159
285 160
286 161
287 162
288 162
289 161
290 161
291 160
292 159
293 158
294 157
295 156
296 156
297 155
298 155
299 155
300 154
301 154
302 154
303 154
304 154
305 154
306 154
307 154
308 154
309 154
310 154
311 154
312 154
313 154
314 154
315 154
316 154
317 154
318 155
319 156
320 156
321 156
322 155
322 154
322 153
322 152
322 151
322 150
322 149
322 148
322 147
321 146
321 145
320 145
319 144
318 144
317 143
316 143
315 142
314 142
313 143
312 143
311 144
310 144
309 145
308 146
307 147
306 147
305 148
304 149
303 150
302 151
301 152
300 152
299 152
298 151
298 150
298 149
298 148
298 147
298 146
298 145
298 144
298 143
298 142
298 141
298 140
298 139
298 138
299 137
299 136
299 135
299 134
299 133
299 132
299 131
299 130
298 129
297 128
296 127
295 126
294 125
293 124
292 123
291 123
290 122
289 121
288 120
287 120
286 119
285 119
284 119
283 118
282 118
281 118
280 118
279 118
278 118
277 118
276 118
275 117
274 117
273 116
272 116
271 115
270 115
269 114
268 114
267 114
266 114
265 114
264 114
263 113
262 113
261 113
260 113
259 112
259 111
258 110
257 110
256 109
255 109
254 108
253 108
252 108
251 108
250 108
249 108
