247 96
246 97
245 97
244 98
244 99
243 100
243 101
243 102
243 103
243 104
244 105
244 106
245 107
246 108
247 108
248 109
248 110
248 111
249 112
249 113
250 114
250 115
251 115
252 116
253 116
254 117
255 117
256 118
257 119
257 120
258 121
259 121
260 122
261 123
262 124
262 125
263 125
264 126
265 127
265 128
266 129
267 130
268 131
268 132
268 133
267 134
266 134
265 135
264 135
263 135
262 136
261 136
260 137
259 137
258 137
257 138
256 138
255 138
254 139
253 139
252 140
251 140
250 141
249 141
248 142
247 142
246 143
245 144
245 145
244 146
244 147
243 148
243 149
242 150
242 151
241 152
240 153
240 154
239 155
239 156
238 157
238 158
237 159
237 160
237 161
236 162
236 163
235 164
235 165
234 166
233 166
232 166
231 167
230 167
229 167
228 167
227 167
226 167
225 167
224 167
223 168
223 169
224 170
225 171
226 172
227 173
228 173
229 174
230 175
231 176
232 177
232 178
233 179
234 179
235 179
236 178
236 177
237 176
237 175
237 174
237 173
237 172
238 171
239 170
240 169
241 168
242 167
243 167
244 166
245 166
246 165
247 164
248 163
248 162
249 161
249 160
249 159
250 158
250 157
250 156
251 155
251 154
252 153
252 152
253 151
253 150
253 149
254 148
255 147
256 146
257 146
258 146
259 146
260 146
261 146
262 146
263 146
264 146
265 146
266 146
267 146
268 146
269 145
270 145
271 145
272 144
273 144
274 144
275 143
276 143
277 143
278 143
279 142
280 142
281 142
282 142
283 142
284 142
285 142
286 143
286 144
287 145
287 146
288 147
289 148
290 149
290 150
291 151
292 152
293 153
294 154
295 154
296 155
297 155
298 155
299 156
300 156
301 157
302 157
303 158
304 158
305 158
306 158
307 159
308 159
309 159
310 159
311 159
312 159
313 159
314 159
315 159
316 159
317 159
318 159
319 159
320 159
321 159
322 159
323 159
324 159
325 159
326 159
327 159
328 159
329 159
330 159
331 159
332 159
333 159
334 159
335 159
336 159
337 159
338 160
339 160
340 160
341 160
342 161
343 162
344 163
345 164
345 165
346 166
347 167
348 168
349 168
350 169
350 168
350 167
350 166
350 165
350 164
350 163
350 162
350 161
350 160
349 159
348 158
348 157
347 156
347 155
346 155
345 154
344 154
343 154
342 154
341 154
340 154
339 154
338 154
337 154
336 154
335 154
334 154
333 154
332 154
331 154
330 154
329 154
328 154
327 154
326 154
325 154
324 154
323 154
322 154
321 154
320 154
319 154
318 153
317 153
316 153
315 153
314 152
313 152
312 151
311 151
310 151
309 150
308 150
307 150
306 149
305 148
304 147
303 146
302 145
301 144
300 144
299 143
298 142
298 141
297 140
296 139
296 138
295 137
294 136
293 135
293 134
293 133
292 132
292 131
291 130
290 129
290 128
289 127
288 126
287 125
287 124
286 123
285 122
285 121
284 120
283 120
282 119
281 118
281 117
280 116
279 115
278 114
277 113
276 113
275 112
274 111
273 110
272 110
271 109
270 108
269 107
268 106
268 105
267 105
266 104
265 104
264 103
263 103
262 102
261 102
260 102
259 102
258 102
257 102
256 101
255 100
255 99
254 98
254 97
253 97
252 96
251 96
250 96
249 96
248 96
