242 95
241 96
240 96
240 97
239 98
238 99
238 100
237 101
237 102
237 103
238 104
238 105
239 106
240 106
241 107
242 107
243 108
244 108
245 109
246 109
247 110
247 111
248 112
248 113
249 114
250 114
251 115
252 115
253 115
254 115
255 116
256 117
257 118
258 118
259 119
260 120
261 120
262 121
263 122
264 122
265 123
266 124
267 125
268 126
269 127
269 128
269 129
268 130
267 131
266 131
265 132
264 132
263 133
262 133
261 134
260 134
259 135
258 135
257 136
256 137
255 137
254 138
253 138
252 139
251 140
250 140
249 141
249 142
248 143
248 144
248 145
248 146
249 147
249 148
249 149
249 150
249 151
249 152
249 153
250 154
250 155
250 156
250 157
251 158
251 159
252 160
252 161
252 162
252 163
253 164
253 165
253 166
253 167
253 168
253 169
252 170
251 171
250 171
249 172
248 172
247 173
246 173
246 174
246 175
245 176
246 176
247 176
248 176
249 176
250 176
251 177
252 177
253 177
254 178
255 178
256 178
257 178
258 179
259 178
260 177
260 176
260 175
260 174
259 173
259 172
259 171
259 170
259 169
259 168
259 167
259 166
258 165
258 164
258 163
258 162
257 161
257 160
256 159
256 158
256 157
256 156
255 155
255 154
255 153
255 152
255 151
255 150
255 149
255 148
255 147
255 146
255 145
255 144
256 143
257 143
258 142
259 142
260 142
261 142
262 142
263 141
264 141
265 141
266 141
267 141
268 141
269 141
270 140
271 140
272 140
273 140
274 140
275 140
276 140
277 140
278 140
279 140
280 140
281 141
282 142
283 143
283 144
284 145
285 146
286 147
287 147
288 148
289 149
290 150
290 151
291 152
292 153
293 154
294 154
295 155
296 155
297 156
298 156
299 156
300 157
301 158
302 158
303 159
304 159
305 160
306 160
307 161
308 161
309 161
310 162
311 162
312 163
313 163
314 164
315 164
316 164
317 165
318 165
319 165
320 166
321 166
322 167
323 168
324 169
325 170
326 170
327 171
328 172
329 173
330 174
331 175
331 176
332 177
333 178
333 179
334 180
334 181
335 182
335 183
336 184
337 184
338 183
338 182
338 181
338 180
338 179
338 178
338 177
338 176
338 175
339 174
339 173
340 172
340 171
341 170
341 169
340 168
339 167
338 167
337 167
336 167
335 167
334 167
333 167
332 167
331 167
330 167
329 167
328 166
327 166
326 165
326 164
325 163
324 163
323 162
322 161
322 160
321 159
320 158
319 158
318 157
317 156
317 155
316 154
315 154
314 153
313 153
312 152
311 152
310 152
309 151
308 151
307 150
306 150
305 149
304 148
303 147
302 146
301 145
301 144
300 143
299 142
298 141
297 140
297 139
296 138
295 137
295 136
294 135
294 134
293 133
293 132
292 131
292 130
291 129
290 128
289 127
289 126
288 125
287 124
286 123
285 122
284 121
283 120
282 119
281 118
281 117
280 116
279 115
278 114
277 113
276 112
276 111
275 110
274 109
273 108
272 107
271 106
270 105
269 105
268 104
267 103
266 102
265 102
264 101
263 101
262 101
261 101
260 101
259 100
258 100
257 100
256 101
255 101
254 102
253 102
252 101
252 100
252 99
252 98
251 97
250 96
249 96
248 96
247 95
246 95
245 95
244 95
243 95
