238 88
237 89
236 90
236 91
235 92
235 93
235 94
235 95
235 96
235 97
236 98
236 99
237 100
238 100
239 101
240 101
241 101
242 101
243 102
243 103
244 104
245 105
246 106
246 107
247 108
247 109
247 110
248 111
248 112
249 113
250 114
251 115
252 116
253 116
254 117
255 118
256 118
257 119
258 120
259 121
260 122
261 122
262 123
263 123
264 124
265 124
266 125
267 126
268 127
269 128
270 129
271 130
271 131
270 132
269 133
268 134
267 135
266 136
265 136
264 137
263 138
262 139
261 139
260 140
259 141
258 142
257 142
257 143
256 144
255 145
255 146
254 147
254 148
254 149
254 150
253 151
253 152
253 153
253 154
253 155
253 156
252 157
252 158
252 159
252 160
252 161
252 162
251 163
251 164
251 165
250 166
250 167
250 168
250 169
249 170
249 171
249 172
248 173
248 174
248 175
247 176
247 177
247 178
246 179
245 180
244 181
243 181
242 181
241 182
240 182
239 183
238 184
238 185
238 186
239 187
240 188
241 189
242 189
243 190
244 190
245 191
246 191
247 191
248 190
248 189
248 188
249 187
249 186
249 185
250 184
250 183
250 182
250 181
251 180
251 179
251 178
251 177
251 176
251 175
251 174
251 173
251 172
252 171
252 170
252 169
253 168
253 167
254 166
254 165
255 164
255 163
256 162
256 161
256 160
257 159
257 158
257 157
257 156
257 155
258 154
258 153
258 152
258 151
259 150
260 149
261 148
262 148
263 147
264 147
265 146
266 146
267 145
268 145
269 144
270 144
271 143
272 143
273 142
274 142
275 143
275 144
276 145
276 146
277 147
277 148
278 149
278 150
279 151
280 152
281 153
282 154
283 155
284 156
284 157
285 158
286 158
287 159
288 160
289 160
290 161
291 162
292 162
293 163
294 163
295 163
296 163
297 164
298 164
299 164
300 164
301 164
302 164
303 164
304 164
305 164
306 164
307 164
308 164
309 164
310 164
311 164
312 164
313 164
314 164
315 164
316 164
317 164
318 164
319 163
320 163
321 163
322 163
323 162
324 162
325 162
326 162
327 162
328 162
329 162
330 161
331 161
332 161
333 161
334 161
335 161
336 161
337 161
338 161
339 161
340 161
341 161
341 160
342 159
341 158
341 157
340 156
340 155
339 154
339 153
338 152
337 152
336 151
335 151
334 150
333 150
332 150
331 151
330 151
329 151
328 152
327 152
326 152
325 153
324 153
323 154
322 154
321 155
320 155
319 155
318 156
317 156
316 156
315 156
314 156
313 156
312 156
311 156
310 156
309 156
308 156
307 156
306 156
305 156
304 156
303 156
302 156
301 156
300 156
299 156
298 155
297 154
296 153
295 152
295 151
294 150
293 149
293 148
293 147
292 146
292 145
292 144
291 143
291 142
290 141
290 140
290 139
289 138
289 137
289 136
289 135
289 134
288 133
288 132
288 131
288 130
287 129
287 128
286 127
285 126
285 125
284 124
284 123
283 122
283 121
282 120
281 119
280 118
280 117
279 116
278 115
277 114
276 113
275 112
274 111
274 110
273 110
272 109
271 108
270 107
269 106
268 105
267 104
266 104
265 103
264 103
263 102
262 102
261 101
260 101
259 100
258 100
257 100
256 100
255 99
254 99
253 98
252 97
252 96
251 95
251 94
250 93
249 93
248 92
247 91
246 90
245 90
244 89
243 89
242 88
241 88
240 88
239 88
