260 102
259 103
258 104
258 105
258 106
259 107
259 108
260 108
261 109
262 110
263 111
264 112
265 113
266 113
267 114
268 114
269 115
269 116
269 117
269 118
269 119
270 120
271 121
272 121
273 121
274 122
275 122
276 122
277 123
278 123
279 124
280 125
281 126
282 127
283 128
284 129
284 130
284 131
284 132
284 133
284 134
284 135
283 136
282 136
281 137
280 137
279 138
278 138
277 139
276 140
275 141
274 141
273 142
272 143
272 144
271 145
270 146
270 147
269 148
269 149
269 150
269 151
269 152
269 153
268 154
268 155
268 156
267 157
267 158
266 159
266 160
266 161
265 162
265 163
264 164
264 165
264 166
263 167
262 168
261 168
260 169
259 169
258 169
257 169
256 169
255 169
254 169
253 169
252 170
252 171
253 172
254 172
255 173
256 173
257 174
258 175
259 176
260 177
261 177
262 178
263 178
264 178
265 177
266 176
266 175
266 174
266 173
267 172
268 171
269 170
270 169
270 168
271 167
271 166
271 165
272 164
272 163
273 162
273 161
273 160
273 159
274 158
274 157
274 156
274 155
275 154
275 153
275 152
275 151
275 150
275 149
275 148
276 147
277 146
278 146
279 146
280 145
281 145
282 144
283 144
284 143
285 143
286 142
287 142
288 142
289 142
290 142
291 142
292 142
293 142
294 141
295 141
296 141
297 141
298 142
297 143
297 144
297 145
297 146
298 147
298 148
299 149
299 150
299 151
300 152
300 153
301 154
302 155
303 156
304 156
305 156
306 156
307 157
308 157
309 157
310 158
311 158
312 159
313 160
314 160
315 161
316 162
317 163
318 163
319 164
320 165
321 166
322 167
323 168
324 168
325 169
326 170
327 171
328 171
329 172
330 172
331 173
332 173
333 174
334 174
335 174
336 173
336 172
336 171
336 170
336 169
336 168
336 167
335 166
335 165
334 164
334 163
333 162
332 161
331 160
330 159
329 159
328 158
327 158
326 157
325 157
324 157
323 157
322 157
321 157
320 157
319 157
318 156
317 156
316 155
315 155
314 154
313 154
312 153
311 153
310 153
309 153
308 152
308 151
308 150
308 149
308 148
308 147
308 146
308 145
308 144
308 143
308 142
308 141
308 140
308 139
308 138
308 137
308 136
308 135
308 134
308 133
308 132
308 131
307 130
307 129
306 129
305 128
304 128
303 127
302 127
301 126
301 125
301 124
301 123
300 122
300 121
299 120
299 119
298 118
297 117
296 116
295 115
295 114
294 114
293 113
292 113
291 112
290 112
289 111
288 111
287 110
286 110
285 110
284 109
283 109
282 109
281 108
280 108
279 108
278 108
277 108
276 108
275 108
274 108
273 108
272 107
272 106
271 105
270 104
269 103
268 102
267 102
266 102
265 102
264 102
263 102
262 102
261 102
