261 105
260 106
259 107
259 108
258 109
258 110
258 111
258 112
258 113
259 114
260 115
261 115
262 116
263 116
264 117
265 118
266 118
267 119
268 120
269 120
270 121
271 122
272 122
273 123
274 124
275 125
276 125
277 126
278 126
279 127
280 127
281 128
282 128
283 129
284 129
285 130
286 131
286 132
286 133
286 134
285 135
284 136
283 136
282 137
281 138
281 139
280 140
279 141
278 142
277 143
277 144
276 145
276 146
276 147
276 148
276 149
276 150
277 151
277 152
278 153
279 154
280 155
281 156
281 157
282 158
283 159
283 160
283 161
283 162
283 163
283 164
283 165
283 166
283 167
283 168
283 169
282 170
281 171
281 172
281 173
280 174
281 174
282 174
283 174
284 173
285 173
286 173
287 172
288 172
289 172
290 172
291 172
292 171
293 171
293 170
293 169
293 168
292 167
291 166
291 165
290 164
289 163
289 162
288 161
288 160
288 159
287 158
287 157
287 156
286 155
286 154
286 153
285 152
285 151
284 150
283 149
282 148
281 147
281 146
282 145
283 144
284 144
285 143
286 143
287 142
288 142
289 141
290 141
291 141
292 140
293 140
294 140
295 140
296 139
297 140
297 141
297 142
297 143
297 144
297 145
297 146
297 147
297 148
297 149
297 150
297 151
297 152
297 153
297 154
297 155
297 156
297 157
297 158
298 159
299 160
300 160
301 161
302 161
303 161
304 162
305 162
306 163
307 163
308 163
309 164
310 164
311 165
312 165
313 166
314 167
315 167
316 168
317 169
318 170
318 171
319 172
319 173
320 174
321 175
321 176
321 177
321 178
322 179
323 179
324 179
324 178
325 177
325 176
325 175
325 174
325 173
325 172
325 171
325 170
325 169
325 168
324 167
323 166
322 166
321 166
320 166
319 165
318 164
317 163
316 162
316 161
315 160
314 160
313 159
312 159
311 159
310 158
309 157
308 157
307 156
306 155
305 154
304 153
304 152
304 151
304 150
304 149
304 148
304 147
304 146
304 145
304 144
304 143
305 142
306 141
307 140
308 139
309 138
309 137
309 136
309 135
309 134
309 133
310 132
310 131
310 130
310 129
309 128
309 127
308 127
307 126
306 125
305 124
305 123
304 122
303 121
302 120
301 119
300 119
299 118
298 118
297 117
296 116
295 116
294 115
293 115
292 114
291 114
290 114
289 114
288 114
287 114
286 113
285 113
284 113
283 113
282 113
281 113
280 113
279 113
278 113
277 113
276 113
275 112
274 111
273 110
272 109
272 108
271 107
270 106
269 106
268 106
267 106
266 105
265 105
264 105
263 105
262 105
