242 94
241 95
240 95
239 96
238 97
238 98
237 99
237 100
236 101
236 102
236 103
237 104
237 105
238 105
239 106
240 106
241 107
242 107
243 107
244 107
245 108
246 108
247 109
248 110
248 111
248 112
249 113
250 114
251 114
252 115
253 115
254 115
255 115
256 116
257 117
258 117
259 118
260 119
261 120
262 121
263 122
264 123
265 124
266 125
267 126
268 127
267 128
266 128
265 129
264 129
263 129
262 130
261 130
260 130
259 131
258 131
257 132
256 133
255 134
254 134
253 135
253 136
252 137
252 138
251 139
250 140
249 141
249 142
248 143
248 144
248 145
248 146
248 147
249 148
249 149
250 150
251 151
252 151
253 152
254 152
255 153
256 153
257 154
258 155
259 156
259 157
259 158
260 159
260 160
261 161
262 162
263 163
263 164
264 165
264 166
265 167
266 168
266 169
266 170
266 171
266 172
265 173
264 173
263 174
262 174
261 175
261 176
260 177
260 178
260 179
260 180
261 180
262 180
263 180
264 180
265 180
266 180
267 179
268 179
269 179
270 178
271 178
272 178
273 177
274 177
275 176
276 175
277 174
277 173
277 172
276 171
275 170
274 169
274 168
273 167
273 166
273 165
272 164
272 163
271 162
271 161
270 160
270 159
270 158
269 157
269 156
269 155
268 154
268 153
267 152
266 151
265 150
264 150
263 149
262 149
261 148
261 147
262 146
263 146
264 146
265 145
266 145
267 144
268 144
269 144
270 144
271 143
272 143
273 142
274 142
275 142
276 141
277 141
278 141
279 140
280 140
281 139
282 140
282 141
282 142
282 143
282 144
283 145
283 146
283 147
283 148
284 149
284 150
285 151
285 152
286 153
287 154
287 155
288 156
288 157
289 158
290 158
291 159
292 159
293 160
294 161
295 162
296 162
297 163
298 163
299 164
300 164
301 165
302 165
303 165
304 166
305 166
306 166
307 167
308 167
309 168
310 168
311 169
312 169
313 170
314 170
315 171
316 171
317 172
318 172
319 173
319 174
319 175
319 176
320 177
320 178
320 179
320 180
320 181
320 182
320 183
320 184
320 185
320 186
321 187
322 188
323 187
324 187
325 186
326 186
326 185
327 184
327 183
328 182
328 181
329 180
329 179
330 178
330 177
331 176
331 175
331 174
331 173
330 172
330 171
329 171
328 170
327 170
326 170
325 170
324 170
323 170
322 169
321 169
320 168
319 168
318 167
317 166
316 165
315 164
314 164
313 163
312 162
311 161
310 160
309 159
308 159
307 158
306 157
305 157
304 156
303 156
302 155
301 155
300 154
299 153
298 153
297 152
296 151
295 150
294 149
294 148
294 147
294 146
294 145
294 144
294 143
294 142
294 141
294 140
294 139
293 138
293 137
292 136
292 135
292 134
291 133
291 132
290 131
289 130
288 129
287 128
287 127
286 126
285 125
284 124
284 123
283 122
283 121
282 120
282 119
281 118
280 117
279 116
278 115
277 114
276 113
275 112
274 112
273 111
272 110
271 110
270 109
269 109
268 108
267 107
266 106
265 106
264 105
263 105
262 104
261 104
260 104
259 103
258 103
257 102
256 102
255 102
254 102
253 101
252 100
252 99
252 98
251 97
251 96
250 95
249 95
248 94
247 94
246 94
245 94
244 94
243 94
