162 19
161 20
160 20
159 21
158 22
157 22
157 23
156 24
156 25
156 26
156 27
156 28
156 29
156 30
156 31
156 32
156 33
156 34
156 35
156 36
156 37
156 38
156 39
156 40
156 41
156 42
156 43
156 44
155 45
154 46
153 46
152 46
151 46
150 46
149 46
148 46
147 46
146 46
145 46
144 46
143 46
142 47
141 47
140 47
139 47
138 47
137 47
136 47
135 47
134 48
133 48
132 49
131 49
130 50
129 50
128 51
128 52
127 53
127 54
126 55
126 56
126 57
126 58
126 59
126 60
126 61
126 62
126 63
126 64
126 65
126 66
126 67
126 68
126 69
127 70
127 71
127 72
128 73
128 74
129 75
129 76
130 77
130 78
131 79
132 80
133 81
133 82
134 83
135 84
136 84
137 85
138 85
139 85
140 86
141 86
142 86
143 86
144 86
145 86
146 86
147 87
148 88
148 89
149 90
150 91
151 92
151 93
151 94
151 95
152 96
152 97
152 98
152 99
153 100
153 101
153 102
153 103
152 104
151 104
150 104
149 105
148 105
147 105
146 106
145 106
144 107
143 107
142 107
141 107
140 108
139 108
138 108
137 108
136 108
135 108
134 107
134 106
133 105
132 104
132 103
131 102
130 101
130 100
129 100
128 99
127 98
127 97
126 96
125 95
124 95
123 94
122 94
121 93
120 92
119 92
118 91
117 91
116 91
115 91
114 91
113 91
112 92
111 92
110 92
109 92
108 93
107 93
106 93
105 94
104 94
104 95
103 96
103 97
103 98
102 99
102 100
101 101
101 102
101 103
101 104
100 105
100 106
100 107
100 108
100 109
100 110
100 111
100 112
100 113
100 114
100 115
100 116
100 117
100 118
101 119
101 120
101 121
101 122
101 123
102 124
102 125
102 126
102 127
102 128
102 129
103 130
103 131
103 132
104 133
104 134
105 135
106 135
107 136
108 137
109 137
110 138
111 139
112 140
113 140
114 141
115 141
116 142
117 142
118 143
119 143
120 143
121 144
122 144
123 145
124 145
125 145
126 146
127 146
128 146
129 146
130 146
131 146
132 147
133 147
134 147
135 147
136 148
136 149
136 150
136 151
136 152
136 153
136 154
136 155
136 156
136 157
136 158
136 159
136 160
136 161
136 162
136 163
136 164
136 165
136 166
136 167
136 168
136 169
136 170
136 171
136 172
136 173
136 174
136 175
136 176
136 177
136 178
136 179
135 180
134 180
133 179
132 179
131 178
130 177
129 177
128 176
127 175
126 174
125 173
124 173
123 172
122 171
122 170
121 169
120 168
119 167
118 166
118 165
117 165
116 164
115 164
114 163
113 163
112 163
111 163
110 163
109 164
108 164
107 164
106 164
105 164
104 164
103 164
102 164
101 164
100 164
99 165
98 165
97 166
96 167
96 168
95 169
95 170
95 171
94 172
94 173
94 174
94 175
94 176
94 177
94 178
94 179
94 180
94 181
94 182
94 183
94 184
94 185
94 186
95 187
95 188
95 189
95 190
95 191
96 192
96 193
96 194
96 195
96 196
97 197
97 198
97 199
97 200
98 201
98 202
98 203
98 204
99 205
99 206
99 207
100 208
100 209
100 210
101 211
101 212
102 213
102 214
102 215
103 216
103 217
104 218
105 219
105 220
106 221
107 222
107 223
108 224
109 225
110 226
111 227
112 227
113 228
114 228
115 229
116 230
117 230
118 231
119 231
120 232
121 232
122 232
123 232
124 232
125 232
126 232
127 232
128 232
129 232
130 232
131 232
132 231
133 231
134 231
135 231
136 230
137 230
138 230
139 229
140 229
141 228
142 228
143 228
144 227
145 227
146 227
147 227
148 226
149 226
150 225
151 225
152 224
153 224
154 223
155 223
156 222
157 222
158 221
159 220
160 220
161 219
161 218
162 217
163 216
164 216
165 215
166 215
167 215
168 215
169 216
169 217
170 218
171 219
172 220
173 220
174 220
175 220
176 221
177 221
178 221
179 221
180 221
181 221
182 221
183 221
184 221
185 221
186 221
187 221
188 221
189 221
190 221
191 221
192 221
193 221
194 221
195 221
196 221
197 221
198 221
199 221
200 221
201 221
202 221
203 221
204 221
205 220
206 220
207 220
208 219
209 219
209 218
210 217
210 216
211 215
212 215
213 215
214 216
215 216
216 217
217 217
218 218
219 218
220 219
221 220
222 221
223 221
224 222
225 223
226 224
227 225
228 226
229 226
230 227
231 228
232 229
233 229
234 230
235 231
236 231
237 232
238 232
239 233
240 233
241 234
242 234
243 234
244 235
245 235
246 234
247 234
248 233
249 233
250 232
251 232
252 232
253 231
254 231
255 230
256 230
257 229
258 228
259 228
260 227
261 226
262 226
262 225
263 224
264 223
265 223
266 222
267 221
268 220
269 219
270 218
271 217
272 216
272 215
273 214
274 213
274 212
275 211
275 210
276 209
276 208
277 207
277 206
278 205
278 204
278 203
279 202
279 201
279 200
279 199
280 198
281 197
281 196
282 195
282 194
283 193
283 192
283 191
283 190
283 189
284 188
284 187
284 186
284 185
284 184
284 183
284 182
283 181
283 180
283 179
283 178
282 177
282 176
281 175
280 174
279 174
278 173
277 172
276 171
276 170
276 169
276 168
276 167
276 166
277 165
278 164
279 163
280 162
281 161
281 160
282 159
282 158
282 157
282 156
282 155
282 154
282 153
282 152
282 151
281 150
281 149
280 148
280 147
280 146
279 145
279 144
279 143
278 142
278 141
277 140
277 139
276 138
275 137
274 136
273 135
272 135
271 134
270 133
269 132
268 131
267 131
266 130
265 129
264 128
263 127
262 126
262 125
261 124
260 123
259 122
259 121
258 120
257 119
256 118
255 117
254 116
254 115
253 114
252 113
251 112
251 111
250 110
250 109
250 108
249 107
249 106
248 105
247 105
246 105
245 105
244 105
243 106
242 106
241 106
240 106
239 106
238 106
237 106
236 106
235 106
234 106
233 106
232 106
231 106
230 106
229 106
228 106
227 105
226 104
226 103
225 102
225 101
225 100
225 99
225 98
225 97
225 96
225 95
225 94
225 93
226 92
226 91
226 90
226 89
226 88
226 87
227 86
228 85
229 85
230 85
231 85
232 84
233 84
234 84
235 84
236 83
237 83
238 82
239 82
240 81
241 81
242 80
243 79
244 78
245 78
246 77
247 76
248 75
249 74
249 73
250 72
250 71
250 70
250 69
250 68
250 67
250 66
250 65
250 64
249 63
249 62
248 61
247 60
246 59
247 58
248 58
249 58
250 57
251 56
251 55
251 54
250 53
250 52
249 51
248 51
247 50
246 49
245 49
244 48
243 47
242 46
241 46
240 45
239 44
238 43
237 43
236 42
235 41
234 40
233 39
233 38
232 37
231 37
230 36
229 36
228 35
227 34
227 33
226 32
226 31
225 30
225 29
224 28
224 27
223 26
223 25
223 24
222 23
222 22
221 22
220 22
219 23
218 23
217 24
216 25
215 26
214 26
213 27
212 28
211 28
210 28
209 29
208 29
207 29
206 29
205 29
204 29
203 29
202 29
201 29
200 29
199 29
198 29
197 29
196 29
195 29
194 29
193 29
192 28
191 28
190 28
189 28
188 28
187 28
186 28
185 28
184 28
183 28
182 28
181 28
180 28
179 28
178 28
177 28
176 28
175 27
174 27
173 26
172 25
171 24
170 23
170 22
169 21
168 20
167 19
166 19
165 19
164 19
163 19
