170 16
169 17
168 17
167 17
166 18
165 18
164 19
163 19
162 20
161 21
160 21
159 22
158 23
157 23
156 24
155 25
155 26
155 27
155 28
155 29
155 30
155 31
155 32
155 33
156 34
156 35
156 36
157 37
157 38
157 39
157 40
157 41
157 42
157 43
157 44
157 45
157 46
157 47
157 48
157 49
156 50
155 50
154 50
153 49
152 49
151 49
150 49
149 48
148 48
147 48
146 47
145 47
144 47
143 47
142 47
141 47
140 47
139 47
138 47
137 48
136 48
135 49
134 49
133 50
132 50
131 51
130 52
129 53
129 54
128 55
128 56
128 57
128 58
128 59
128 60
128 61
128 62
128 63
128 64
129 65
129 66
129 67
129 68
129 69
129 70
129 71
130 72
130 73
131 74
132 75
132 76
133 77
133 78
134 79
134 80
135 81
136 81
137 82
138 82
139 83
140 83
141 83
142 83
143 83
144 83
145 83
146 83
147 84
147 85
147 86
147 87
148 88
148 89
148 90
149 91
149 92
150 93
151 94
152 95
152 96
152 97
152 98
152 99
152 100
152 101
152 102
151 103
151 104
150 105
149 106
148 106
147 107
146 108
145 108
144 108
143 108
142 109
141 109
140 109
139 109
138 109
137 110
136 110
135 110
134 110
133 110
132 110
131 110
130 110
129 110
128 110
127 109
127 108
127 107
127 106
127 105
126 104
126 103
126 102
126 101
125 100
125 99
124 98
123 97
123 96
122 95
121 94
120 93
119 93
118 92
117 92
116 92
115 91
114 91
113 90
112 90
111 89
110 89
109 90
108 90
107 91
106 91
105 92
104 93
103 94
102 95
102 96
101 97
100 98
99 99
99 100
98 101
98 102
97 103
97 104
97 105
96 106
96 107
96 108
95 109
95 110
95 111
95 112
95 113
95 114
95 115
95 116
95 117
95 118
95 119
95 120
95 121
95 122
95 123
95 124
95 125
96 126
96 127
97 128
98 129
98 130
99 131
100 132
101 133
102 133
103 134
104 134
105 135
106 135
107 136
108 136
109 137
110 137
111 138
112 138
113 139
114 139
115 140
116 141
117 141
118 142
119 142
120 143
121 143
122 144
123 144
124 145
125 145
126 146
127 146
128 147
129 147
130 148
131 148
132 149
133 149
134 150
134 151
135 152
135 153
135 154
135 155
135 156
135 157
136 158
136 159
136 160
136 161
136 162
136 163
136 164
136 165
136 166
136 167
136 168
136 169
136 170
136 171
136 172
136 173
136 174
136 175
136 176
136 177
136 178
136 179
136 180
136 181
136 182
136 183
136 184
136 185
136 186
135 187
134 186
133 185
133 184
132 183
132 182
131 181
130 180
129 179
128 178
127 177
126 176
125 175
125 174
124 173
124 172
123 171
122 170
122 169
121 168
121 167
120 166
119 165
118 164
117 164
116 163
115 163
114 163
113 163
112 163
111 163
110 163
109 163
108 163
107 163
106 163
105 163
104 163
103 163
102 163
101 163
100 163
99 164
98 165
97 166
96 167
96 168
95 169
95 170
95 171
95 172
95 173
95 174
95 175
95 176
95 177
95 178
95 179
95 180
95 181
95 182
96 183
96 184
96 185
97 186
97 187
97 188
98 189
98 190
99 191
99 192
100 193
100 194
101 195
102 196
103 197
104 198
104 199
105 200
105 201
106 202
106 203
107 204
107 205
107 206
107 207
108 208
108 209
109 210
109 211
110 212
111 213
111 214
112 215
112 216
113 217
113 218
114 219
115 220
115 221
116 222
116 223
117 223
118 224
119 224
120 225
121 225
122 225
123 225
124 225
125 225
126 225
127 225
128 225
129 225
130 225
131 225
132 225
133 225
134 225
135 225
136 224
137 224
138 224
139 224
140 224
141 223
142 223
143 223
144 222
145 222
146 221
147 220
148 220
149 220
150 220
151 220
152 219
153 219
154 218
155 218
156 217
157 216
158 215
159 214
160 214
161 213
162 212
163 212
164 211
165 211
166 211
167 212
168 212
169 213
170 214
171 215
172 216
173 216
174 217
175 218
176 218
177 219
178 219
179 220
180 220
181 220
182 220
183 220
184 220
185 220
186 220
187 220
188 220
189 220
190 220
191 220
192 220
193 220
194 220
195 220
196 220
197 220
198 219
199 219
200 219
201 219
202 218
203 218
204 217
205 217
206 216
207 216
208 215
209 214
210 214
211 214
212 214
213 214
214 214
215 214
216 215
217 216
217 217
218 218
218 219
219 220
220 221
221 222
222 223
223 224
224 225
225 226
226 227
227 227
228 228
229 229
230 230
231 230
232 231
233 231
234 232
235 232
236 233
237 233
238 233
239 233
240 233
241 233
242 233
243 233
244 232
245 232
246 232
247 232
248 232
249 232
250 231
251 231
252 230
253 230
254 229
255 228
255 227
256 226
256 225
257 224
257 223
257 222
258 221
258 220
258 219
259 218
259 217
260 216
260 215
261 214
262 213
262 212
263 211
264 210
264 209
265 208
265 207
266 206
267 205
268 204
269 203
270 202
271 201
272 200
272 199
273 198
273 197
274 196
274 195
274 194
275 193
275 192
276 191
276 190
276 189
276 188
276 187
276 186
276 185
276 184
276 183
276 182
276 181
276 180
275 179
275 178
275 177
274 176
274 175
273 174
273 173
273 172
273 171
273 170
273 169
273 168
273 167
273 166
274 165
275 164
276 163
276 162
277 161
277 160
278 159
278 158
279 157
279 156
279 155
279 154
279 153
279 152
279 151
279 150
278 149
278 148
277 147
276 146
276 145
275 144
275 143
274 142
273 141
272 140
271 139
271 138
270 137
269 136
268 135
267 134
266 133
265 132
265 131
264 130
264 129
263 128
262 127
261 126
260 125
259 124
259 123
258 122
257 121
256 120
255 119
255 118
254 117
253 116
253 115
252 115
251 114
250 113
249 112
249 111
249 110
249 109
249 108
249 107
248 106
247 105
246 105
245 105
244 105
243 105
242 105
241 105
240 105
239 105
238 105
237 105
236 104
235 104
234 104
233 104
232 104
231 104
230 103
229 103
228 102
227 101
227 100
226 99
226 98
225 97
225 96
224 96
223 95
222 95
221 94
221 93
221 92
221 91
221 90
221 89
221 88
222 87
223 87
224 87
225 87
226 87
227 87
228 87
229 87
230 87
231 87
232 87
233 87
234 87
235 86
236 86
237 85
238 84
239 84
240 83
240 82
241 81
242 80
242 79
243 78
244 77
245 76
245 75
246 74
246 73
247 72
247 71
247 70
247 69
247 68
247 67
247 66
247 65
246 64
246 63
245 62
245 61
244 60
244 59
244 58
243 57
243 56
244 55
245 55
246 55
247 54
248 53
247 52
247 51
246 50
245 49
244 48
243 47
242 46
241 46
240 45
239 44
238 44
237 43
236 42
235 42
234 41
234 40
234 39
234 38
233 37
233 36
232 35
231 35
230 34
229 33
229 32
229 31
229 30
229 29
229 28
228 27
228 26
228 25
227 24
227 23
226 22
225 21
224 21
223 21
222 22
221 23
220 24
219 25
218 25
217 26
216 27
215 27
214 28
213 28
212 28
211 28
210 28
209 28
208 28
207 28
206 28
205 28
204 28
203 28
202 28
201 28
200 28
199 28
198 28
197 28
196 27
195 27
194 27
193 27
192 27
191 27
190 27
189 27
188 27
187 27
186 27
185 27
184 27
183 27
182 27
181 27
180 27
179 27
178 26
177 27
176 26
175 25
174 24
174 23
175 22
174 21
174 20
173 19
173 18
172 17
171 17
