162 19
161 20
160 20
159 21
158 21
157 22
156 22
155 22
154 23
153 23
152 24
151 24
150 25
150 26
149 27
149 28
149 29
150 30
150 31
151 32
151 33
152 34
153 35
154 36
155 37
156 38
157 39
157 40
157 41
157 42
157 43
157 44
157 45
157 46
156 47
155 48
154 48
153 48
152 48
151 48
150 47
149 47
148 47
147 47
146 47
145 47
144 47
143 47
142 47
141 47
140 47
139 47
138 47
137 47
136 47
135 47
134 48
133 48
132 49
131 50
130 51
130 52
129 53
129 54
128 55
128 56
127 57
127 58
127 59
127 60
127 61
127 62
127 63
127 64
127 65
127 66
127 67
127 68
127 69
127 70
127 71
127 72
127 73
127 74
128 75
128 76
128 77
128 78
129 79
129 80
130 80
131 81
132 81
133 81
134 81
135 81
136 82
137 82
138 83
139 83
140 84
141 84
142 84
143 85
144 85
145 85
146 86
146 87
147 88
147 89
147 90
148 91
148 92
149 93
150 94
150 95
151 96
152 97
152 98
152 99
152 100
152 101
152 102
152 103
152 104
152 105
152 106
151 107
150 108
149 108
148 108
147 108
146 109
145 109
144 109
143 110
142 110
141 110
140 110
139 110
138 110
137 110
136 110
135 110
134 110
133 110
132 110
131 110
130 110
129 110
128 110
127 109
126 109
125 108
125 107
125 106
124 105
124 104
124 103
123 102
123 101
122 100
121 99
120 98
120 97
119 96
118 95
117 94
116 93
115 93
114 92
113 92
112 92
111 93
110 93
109 93
108 93
107 93
106 93
105 94
104 94
103 95
102 95
101 95
100 96
99 96
98 97
97 97
96 98
95 99
94 100
94 101
93 102
93 103
93 104
93 105
92 106
92 107
92 108
92 109
92 110
92 111
92 112
92 113
92 114
92 115
92 116
92 117
92 118
92 119
92 120
92 121
92 122
92 123
93 124
93 125
93 126
94 127
94 128
95 129
95 130
96 131
96 132
97 133
98 134
98 135
99 136
100 136
101 137
102 137
103 138
104 138
105 138
106 138
107 138
108 139
109 139
110 139
111 139
112 139
113 140
114 140
115 140
116 141
117 141
118 141
119 142
120 143
121 143
122 144
123 144
124 145
125 145
126 146
127 146
128 147
129 148
129 149
130 150
131 151
131 152
132 153
132 154
132 155
132 156
132 157
132 158
132 159
133 160
133 161
134 162
134 163
135 164
135 165
136 166
137 167
138 168
138 169
139 170
139 171
139 172
139 173
139 174
139 175
139 176
139 177
139 178
139 179
139 180
139 181
139 182
138 183
138 184
138 185
137 186
137 187
137 188
137 189
136 190
135 189
135 188
134 187
133 186
132 185
131 184
130 184
129 183
128 182
127 181
126 180
125 180
124 179
123 178
122 177
121 176
120 175
119 174
118 173
117 172
116 171
115 170
114 169
114 168
113 167
112 166
111 165
110 164
109 163
108 162
108 161
107 160
106 160
105 159
104 159
103 159
102 159
101 159
100 159
99 160
98 160
97 161
96 161
95 161
94 162
93 162
92 163
91 164
91 165
90 166
90 167
89 168
89 169
89 170
89 171
89 172
89 173
89 174
89 175
89 176
89 177
89 178
89 179
89 180
90 181
90 182
91 183
91 184
91 185
92 186
92 187
93 188
93 189
94 190
94 191
95 192
95 193
96 194
96 195
97 196
98 197
99 198
100 199
101 200
101 201
101 202
101 203
101 204
101 205
102 206
102 207
102 208
102 209
102 210
102 211
102 212
102 213
103 214
103 215
103 216
104 217
104 218
105 219
105 220
106 221
107 222
108 223
108 224
109 225
110 226
111 227
112 228
113 228
114 229
115 229
116 229
117 229
118 229
119 229
120 229
121 229
122 229
123 228
124 228
125 228
126 228
127 228
128 228
129 228
130 228
131 227
132 227
133 227
134 227
135 227
136 227
137 226
138 226
139 226
140 226
141 225
142 225
143 225
144 225
145 225
146 224
147 224
148 223
149 223
150 222
151 222
152 221
153 221
154 221
155 220
156 220
157 219
158 219
159 218
159 217
160 216
160 215
161 214
161 213
162 212
163 212
164 212
165 213
165 214
166 215
166 216
167 217
167 218
168 218
169 219
170 219
171 219
172 219
173 219
174 220
175 220
176 220
177 220
178 221
179 221
180 221
181 221
182 221
183 221
184 221
185 221
186 221
187 221
188 221
189 221
190 221
191 221
192 221
193 221
194 221
195 221
196 221
197 220
198 220
199 220
200 220
201 220
202 220
203 219
204 219
205 219
206 218
207 218
207 217
208 216
208 215
208 214
208 213
209 212
210 213
210 214
211 215
211 216
212 217
213 217
214 218
215 219
216 219
217 220
218 221
219 222
220 223
221 223
222 224
223 225
224 226
224 227
225 227
226 228
227 229
228 230
229 230
230 231
231 232
232 232
233 233
234 233
235 234
236 234
237 235
238 235
239 235
240 235
241 235
242 235
243 235
244 235
245 235
246 234
247 234
248 234
249 234
250 233
251 233
252 232
253 232
254 231
255 231
256 230
257 230
258 229
259 228
260 227
261 227
261 226
262 225
262 224
263 223
263 222
264 221
265 220
265 219
266 218
266 217
266 216
266 215
267 214
267 213
267 212
268 211
269 210
269 209
270 208
270 207
270 206
271 205
272 204
272 203
273 202
274 201
275 200
276 199
276 198
277 197
277 196
278 195
278 194
279 193
279 192
279 191
280 190
280 189
280 188
280 187
280 186
280 185
279 184
279 183
278 182
278 181
277 180
276 179
276 178
275 177
275 176
274 175
273 174
272 173
271 172
270 171
269 171
268 170
268 169
269 168
270 167
271 167
272 166
273 166
274 165
275 164
276 163
277 162
278 161
278 160
279 159
279 158
279 157
279 156
279 155
279 154
279 153
279 152
279 151
279 150
279 149
278 148
278 147
277 146
277 145
276 144
276 143
275 142
274 141
273 140
272 139
271 138
270 137
269 136
268 135
267 134
266 133
265 132
264 131
263 130
262 129
261 128
260 127
259 126
258 125
257 124
257 123
256 122
255 121
254 120
254 119
253 118
252 117
252 116
251 115
251 114
250 113
250 112
249 111
249 110
249 109
248 108
248 107
248 106
247 106
246 105
245 105
244 105
243 105
242 105
241 105
240 105
239 105
238 105
237 105
236 105
235 105
234 105
233 105
232 105
231 105
230 105
229 104
228 103
227 102
227 101
226 100
226 99
225 98
224 97
223 97
222 96
222 95
222 94
223 93
223 92
224 91
224 90
225 89
225 88
225 87
226 86
227 86
228 86
229 86
230 85
231 85
232 85
233 84
234 84
235 83
236 83
237 82
238 82
239 81
240 80
241 80
242 79
243 78
244 78
245 77
245 76
246 75
246 74
246 73
246 72
246 71
246 70
246 69
245 68
245 67
245 66
245 65
244 64
244 63
244 62
244 61
244 60
244 59
244 58
244 57
244 56
244 55
245 54
246 53
246 52
246 51
245 50
245 49
244 49
243 48
242 48
241 48
240 48
239 47
238 47
237 47
236 46
235 46
234 45
234 44
234 43
234 42
234 41
234 40
233 39
233 38
232 37
231 36
231 35
230 34
230 33
230 32
230 31
230 30
230 29
229 28
229 27
228 26
228 25
227 24
227 23
226 22
226 21
225 20
224 20
223 20
222 21
221 21
220 21
219 22
218 22
217 23
216 23
215 24
214 24
213 25
212 25
211 26
210 26
209 27
208 27
207 27
206 28
205 28
204 28
203 29
202 29
201 29
200 29
199 29
198 29
197 29
196 29
195 29
194 29
193 29
192 29
191 29
190 29
189 29
188 29
187 28
186 28
185 28
184 28
183 28
182 28
181 28
180 29
179 28
178 27
177 26
176 25
175 25
174 24
173 23
172 22
172 21
171 20
170 20
169 20
168 20
167 20
166 20
165 20
164 19
163 19
