159 21
158 22
157 22
157 23
156 24
155 25
155 26
154 27
154 28
154 29
154 30
154 31
154 32
154 33
154 34
154 35
154 36
154 37
154 38
154 39
154 40
154 41
154 42
154 43
154 44
153 45
153 46
152 47
151 48
150 49
150 50
149 51
148 52
147 52
146 52
145 52
144 52
143 52
142 52
141 53
140 53
139 53
138 53
137 54
136 54
135 55
134 56
133 57
132 58
132 59
131 60
130 61
130 62
129 63
129 64
129 65
129 66
129 67
129 68
129 69
129 70
129 71
129 72
130 73
130 74
130 75
131 76
131 77
131 78
132 79
132 80
133 81
134 81
135 82
136 82
137 83
138 83
139 83
140 84
141 84
142 84
143 84
144 84
145 84
146 84
147 84
148 85
148 86
148 87
148 88
148 89
148 90
148 91
149 92
149 93
149 94
149 95
150 96
150 97
151 98
152 99
152 100
152 101
152 102
152 103
152 104
152 105
152 106
151 107
150 107
149 107
148 107
147 108
146 108
145 108
144 108
143 108
142 108
141 108
140 109
139 109
138 109
137 109
136 109
135 109
134 109
133 109
132 109
131 109
130 108
129 107
129 106
128 105
127 104
127 103
126 102
126 101
125 100
124 99
124 98
123 97
123 96
122 95
121 94
120 94
119 93
118 93
117 93
116 93
115 93
114 93
113 94
112 94
112 95
111 96
110 97
109 98
108 99
107 100
106 100
105 101
104 102
104 103
103 104
103 105
102 106
102 107
101 108
101 109
100 110
100 111
100 112
100 113
100 114
100 115
100 116
100 117
100 118
100 119
100 120
100 121
100 122
100 123
100 124
100 125
100 126
100 127
101 128
101 129
101 130
102 131
102 132
103 133
104 134
104 135
105 136
106 137
107 137
108 138
109 138
110 139
111 139
112 140
113 140
114 141
115 141
116 141
117 142
118 142
119 142
120 143
121 143
122 143
123 143
124 144
125 145
126 146
127 147
128 148
128 149
129 149
130 150
131 151
132 151
133 152
134 153
135 154
135 155
135 156
136 157
136 158
136 159
136 160
136 161
137 162
137 163
137 164
137 165
137 166
137 167
137 168
137 169
137 170
138 171
138 172
138 173
138 174
138 175
138 176
138 177
138 178
138 179
138 180
138 181
138 182
138 183
137 184
136 184
135 184
134 183
133 183
132 182
131 181
130 180
129 179
128 178
127 177
126 176
125 175
124 174
123 174
122 173
122 172
122 171
121 170
121 169
120 168
119 167
118 166
117 165
117 164
116 164
115 163
114 163
113 163
112 164
111 164
110 164
109 164
108 164
107 164
106 164
105 164
104 164
103 164
102 164
101 165
100 165
99 165
98 165
97 166
96 166
96 167
95 168
95 169
95 170
95 171
95 172
95 173
95 174
95 175
95 176
95 177
95 178
95 179
95 180
95 181
95 182
95 183
95 184
95 185
95 186
96 187
96 188
96 189
96 190
97 191
97 192
98 193
98 194
99 195
99 196
100 197
100 198
101 199
101 200
102 201
103 202
103 203
104 204
104 205
105 206
106 207
107 208
107 209
107 210
108 211
108 212
109 213
109 214
109 215
110 216
110 217
111 218
112 219
113 220
114 221
115 222
116 222
117 222
118 222
119 222
120 222
121 222
122 222
123 222
124 222
125 222
126 222
127 222
128 222
129 222
130 222
131 221
132 221
133 221
134 221
135 220
136 220
137 220
138 220
139 220
140 220
141 220
142 220
143 220
144 220
145 220
146 220
147 220
148 220
149 220
150 220
151 220
152 220
153 220
154 219
155 218
155 217
156 216
156 215
157 214
158 213
159 213
160 212
161 212
162 212
163 212
164 212
165 212
166 213
166 214
167 215
167 216
168 216
169 217
170 217
171 218
172 218
173 219
174 219
175 219
176 220
177 220
178 220
179 220
180 220
181 220
182 220
183 220
184 220
185 220
186 220
187 220
188 220
189 220
190 220
191 220
192 220
193 220
194 219
195 219
196 219
197 219
198 219
199 219
200 219
201 219
202 218
203 218
204 218
205 218
206 217
207 217
208 217
209 217
210 217
211 218
212 218
213 219
214 219
215 219
216 219
217 220
218 220
219 220
220 221
221 221
222 221
223 222
224 222
225 223
226 223
227 224
228 225
229 226
230 227
231 228
232 228
233 229
234 230
235 231
236 232
237 233
238 233
239 233
240 233
241 233
242 233
243 233
244 233
245 233
246 233
247 233
248 233
249 233
250 233
251 232
252 231
252 230
253 229
254 228
255 227
256 226
257 225
258 224
259 223
260 222
260 221
261 220
262 219
263 218
264 217
265 216
266 215
267 214
267 213
268 212
269 211
270 210
271 209
271 208
272 207
273 206
274 205
274 204
275 203
275 202
276 201
276 200
277 199
277 198
278 197
278 196
279 195
279 194
279 193
279 192
279 191
279 190
279 189
279 188
279 187
279 186
279 185
279 184
279 183
279 182
279 181
279 180
279 179
279 178
279 177
279 176
278 175
278 174
277 173
277 172
276 171
275 170
275 169
275 168
275 167
275 166
276 165
277 164
278 163
279 162
280 161
280 160
281 159
281 158
281 157
281 156
281 155
282 154
282 153
282 152
282 151
281 150
281 149
280 148
279 147
279 146
279 145
279 144
278 143
278 142
277 141
276 140
275 139
274 138
274 137
273 136
273 135
272 134
271 133
270 132
269 131
269 130
268 129
267 128
267 127
266 126
265 125
264 124
263 123
262 122
262 121
261 120
260 120
259 119
258 118
257 118
256 117
255 116
254 115
253 114
252 113
251 112
250 111
250 110
249 109
249 108
249 107
248 106
248 105
247 104
247 103
246 103
245 102
244 102
243 102
242 102
241 102
240 102
239 102
238 102
237 102
236 102
235 101
234 101
233 100
232 100
231 100
230 99
229 98
229 97
229 96
228 95
227 94
226 94
225 94
224 94
223 94
222 94
221 93
221 92
221 91
221 90
221 89
221 88
222 87
223 87
224 86
225 85
226 85
227 84
228 84
229 83
230 83
231 83
232 83
233 83
234 82
235 82
236 82
237 81
238 81
239 80
240 80
240 79
241 78
241 77
242 76
243 76
244 75
245 74
246 73
247 72
248 71
248 70
249 69
249 68
249 67
249 66
248 65
248 64
247 63
247 62
246 62
245 61
244 60
244 59
244 58
245 57
246 56
247 55
247 54
247 53
247 52
246 51
246 50
245 49
245 48
244 47
243 46
243 45
242 44
241 43
240 42
239 42
238 41
237 40
236 39
235 38
234 37
233 36
232 35
231 34
231 33
231 32
230 31
230 30
230 29
230 28
229 27
229 26
228 25
227 25
226 24
225 24
224 24
223 24
222 25
221 25
220 25
219 26
218 26
217 27
216 28
215 29
214 29
213 29
212 29
211 29
210 29
209 29
208 29
207 29
206 29
205 29
204 29
203 29
202 29
201 29
200 29
199 29
198 29
197 29
196 29
195 29
194 29
193 29
192 29
191 29
190 29
189 29
188 29
187 29
186 29
185 29
184 28
183 28
182 28
181 28
180 28
179 28
178 28
177 27
176 27
175 27
174 26
173 26
172 25
171 24
170 24
169 23
168 23
167 23
166 23
165 22
164 22
163 21
162 21
161 21
160 21
