121 14
121 15
121 16
121 17
120 18
120 19
119 20
119 21
118 22
118 23
117 24
116 25
115 26
114 27
114 28
113 29
113 30
112 31
112 32
111 33
111 34
110 35
109 36
109 37
108 38
107 39
106 40
105 41
104 42
103 43
102 44
101 45
100 46
99 47
98 47
97 48
96 49
95 50
94 51
93 51
92 52
91 53
90 54
89 54
88 55
87 55
86 56
85 56
84 57
83 57
82 58
81 58
80 58
79 58
78 59
77 59
76 60
75 60
74 61
73 61
74 61
75 61
76 61
77 61
78 61
79 61
80 61
81 61
82 60
83 60
84 59
85 59
86 59
87 59
88 59
89 59
90 59
91 58
92 58
93 58
94 58
95 58
96 58
97 59
98 60
99 61
99 62
99 63
99 64
99 65
99 66
99 67
98 68
98 69
97 70
97 71
96 72
96 73
95 74
95 75
94 76
94 77
93 78
93 79
92 80
92 81
91 82
91 83
90 84
89 85
89 86
88 87
88 88
88 89
88 90
87 91
86 92
86 93
86 94
85 95
85 96
84 97
83 98
82 99
81 100
80 101
79 102
78 103
77 104
76 104
75 105
74 106
73 107
72 108
71 109
70 109
70 110
69 111
70 111
71 111
72 111
73 111
74 111
75 110
76 110
77 110
78 110
79 109
80 109
81 108
82 108
83 108
84 108
85 107
86 107
87 107
88 107
89 106
90 106
91 106
92 106
93 106
94 106
95 106
96 107
97 108
98 109
98 110
98 111
98 112
98 113
98 114
98 115
97 116
97 117
96 118
96 119
95 120
95 121
94 122
93 123
92 124
92 125
91 126
90 127
89 128
88 129
88 130
87 131
87 132
86 133
85 134
84 135
84 136
83 137
83 138
82 139
81 140
80 141
79 142
79 143
78 144
77 145
76 146
75 147
74 148
73 149
72 150
71 151
70 152
69 152
68 153
67 153
66 154
67 154
68 154
69 154
70 154
71 154
72 154
73 154
74 154
75 154
76 154
77 154
78 154
79 154
80 154
81 155
82 155
83 155
84 155
85 155
86 155
87 155
88 155
89 155
90 156
91 156
92 156
93 156
94 156
95 156
96 156
97 156
98 156
99 157
100 157
101 158
102 158
103 158
104 158
105 159
106 160
107 161
107 162
107 163
107 164
108 165
108 166
108 167
108 168
109 169
109 170
109 171
109 172
109 173
109 174
109 175
109 176
109 177
109 178
109 179
109 180
109 181
109 182
109 183
109 184
109 185
109 186
109 187
109 188
109 189
109 190
109 191
109 192
109 193
109 194
109 195
109 196
109 197
109 198
109 199
109 200
109 201
109 202
109 203
109 204
110 205
110 206
110 207
110 208
110 209
110 210
110 211
110 212
110 213
110 214
110 215
110 216
110 217
110 218
110 219
110 220
111 221
111 222
111 223
112 224
112 225
112 226
112 227
113 228
113 229
113 230
113 231
113 232
114 233
115 234
115 235
116 236
117 237
118 238
119 238
120 238
121 238
122 238
123 238
124 238
125 238
126 238
127 239
128 239
129 239
130 239
131 239
132 239
133 239
134 239
135 239
136 239
137 240
138 240
139 240
140 240
141 240
142 240
143 240
144 240
145 240
146 240
147 239
148 238
148 237
148 236
148 235
149 234
149 233
149 232
149 231
149 230
149 229
149 228
149 227
149 226
149 225
149 224
149 223
149 222
148 221
148 220
148 219
148 218
147 217
147 216
147 215
146 214
146 213
146 212
146 211
146 210
145 209
145 208
145 207
145 206
145 205
144 204
144 203
144 202
144 201
144 200
144 199
144 198
144 197
144 196
144 195
144 194
144 193
144 192
144 191
144 190
144 189
144 188
144 187
144 186
144 185
144 184
144 183
144 182
144 181
144 180
144 179
144 178
143 177
143 176
143 175
143 174
143 173
143 172
143 171
143 170
142 169
142 168
142 167
142 166
141 165
141 164
141 163
141 162
141 161
142 160
142 159
143 158
144 157
145 156
146 156
147 156
148 156
149 156
150 156
151 157
152 157
153 158
154 158
155 158
156 158
157 158
158 158
159 158
160 158
161 158
162 158
163 158
164 158
165 158
166 158
167 158
168 158
169 158
170 158
171 158
172 158
173 158
174 158
175 157
174 156
173 155
172 155
171 154
170 153
169 152
168 151
167 150
166 149
165 148
164 147
163 146
162 145
161 144
160 143
159 142
158 141
157 140
156 139
155 138
154 137
153 136
152 135
151 134
150 133
149 132
148 131
147 130
147 129
146 128
146 127
145 126
144 125
143 124
143 123
142 122
142 121
141 120
140 119
140 118
140 117
139 116
139 115
139 114
139 113
139 112
140 111
141 110
142 109
143 109
144 109
145 109
146 109
147 110
148 110
149 111
150 111
151 112
152 112
153 113
154 113
155 113
156 113
157 114
158 114
159 114
160 114
161 114
162 115
163 115
164 115
165 115
166 115
167 115
168 115
169 115
170 115
171 115
172 114
173 114
174 113
173 113
172 112
171 112
170 112
169 111
168 110
167 110
166 109
165 109
164 108
163 107
162 106
161 105
160 104
159 103
158 102
157 101
156 100
155 99
154 98
153 97
152 96
151 95
151 94
150 93
149 92
148 91
148 90
147 89
147 88
146 87
146 86
145 85
145 84
144 83
143 82
142 81
142 80
141 79
141 78
140 77
140 76
139 75
139 74
138 73
138 72
137 71
137 70
137 69
137 68
136 67
136 66
135 65
135 64
135 63
135 62
134 61
134 60
134 59
134 58
134 57
135 56
136 55
137 54
138 54
139 54
140 54
141 54
142 55
143 56
144 56
145 57
146 57
147 58
148 59
149 60
150 60
151 61
152 61
153 61
154 61
155 62
156 62
157 62
158 62
159 62
158 61
157 60
156 59
155 59
154 58
153 57
152 56
152 55
151 54
150 53
149 52
148 51
147 50
146 49
145 48
144 47
143 46
142 45
141 44
140 43
139 42
138 41
137 40
136 39
135 38
134 37
133 36
133 35
132 34
131 33
131 32
131 31
130 30
130 29
129 28
128 27
128 26
127 25
127 24
126 23
125 22
125 21
125 20
124 19
124 18
124 17
124 16
123 15
122 14
