128 2
127 3
126 4
125 5
124 6
123 7
122 8
121 9
120 10
119 11
119 12
118 13
118 14
117 15
117 16
116 17
115 18
114 19
114 20
113 21
112 22
111 22
110 23
109 24
109 25
108 26
107 26
106 27
105 28
105 29
104 30
103 31
102 32
101 33
100 34
99 35
99 36
98 37
97 38
96 39
96 40
96 41
96 42
97 43
98 44
99 44
100 44
101 44
102 44
103 44
104 44
105 44
106 45
106 46
105 47
105 48
105 49
104 50
104 51
103 52
102 53
102 54
102 55
101 56
101 57
100 58
99 59
99 60
98 61
97 62
97 63
96 64
95 65
95 66
94 67
93 68
93 69
93 70
92 71
92 72
91 73
90 74
89 75
89 76
88 77
87 78
86 79
85 80
84 81
83 82
82 83
82 84
81 85
80 85
79 86
78 87
78 88
78 89
79 90
80 91
81 92
82 92
83 92
84 92
85 92
86 92
87 92
88 92
89 92
90 93
90 94
90 95
89 96
89 97
88 98
88 99
88 100
87 101
87 102
87 103
86 104
85 105
85 106
84 107
84 108
83 109
83 110
83 111
82 112
81 113
81 114
80 115
79 116
79 117
78 118
78 119
78 120
77 121
76 122
76 123
75 124
74 125
74 126
73 127
72 128
71 129
71 130
70 131
69 132
69 133
68 134
67 135
67 136
66 137
65 138
65 139
64 140
63 141
62 142
62 143
62 144
62 145
62 146
62 147
63 148
64 149
65 149
66 149
67 149
68 149
69 148
70 148
71 148
72 148
73 148
74 148
75 148
76 147
77 148
77 149
76 150
75 151
75 152
74 153
73 154
73 155
72 156
71 157
70 158
69 159
69 160
68 161
67 162
66 163
65 164
64 165
63 166
62 167
61 168
61 169
60 170
59 171
58 172
58 173
57 174
56 175
56 176
55 177
54 178
54 179
53 180
52 181
52 182
52 183
51 184
50 185
50 186
49 187
49 188
49 189
49 190
50 191
51 192
52 192
53 192
54 192
55 192
56 192
57 192
58 192
59 192
60 192
61 192
62 192
63 192
64 192
65 192
66 192
67 192
68 192
69 192
70 191
71 191
72 191
73 191
74 191
75 191
76 192
77 192
78 192
79 192
80 193
81 194
82 195
83 195
84 196
85 196
86 196
87 197
88 197
89 197
90 197
91 197
92 198
93 198
94 198
95 198
96 198
97 198
98 198
99 198
100 199
101 199
102 199
103 199
104 199
105 199
106 199
107 199
108 200
108 201
108 202
108 203
108 204
107 205
107 206
107 207
107 208
107 209
107 210
107 211
107 212
107 213
107 214
107 215
107 216
107 217
107 218
107 219
107 220
107 221
107 222
107 223
107 224
107 225
107 226
107 227
107 228
107 229
107 230
107 231
107 232
107 233
108 234
109 235
110 235
111 235
112 235
113 236
114 236
115 236
116 236
117 236
118 237
119 237
120 237
121 237
122 237
123 237
124 237
125 237
126 237
127 237
128 237
129 237
130 237
131 237
132 237
133 237
134 237
135 237
136 236
137 236
138 235
139 234
140 233
140 232
140 231
140 230
141 229
141 228
141 227
141 226
140 225
140 224
140 223
140 222
140 221
140 220
140 219
140 218
140 217
140 216
140 215
140 214
140 213
140 212
140 211
140 210
140 209
140 208
140 207
140 206
140 205
139 204
140 203
141 203
142 203
143 203
144 202
145 202
146 202
147 202
148 201
149 201
150 201
151 200
152 200
153 199
154 198
155 197
156 197
157 197
158 197
159 197
160 197
161 197
162 197
163 197
164 197
165 197
166 198
167 198
168 198
169 198
170 198
171 199
172 199
173 199
174 200
175 200
176 200
177 200
178 200
179 201
180 201
181 201
182 202
183 202
184 202
185 202
186 202
187 202
188 202
189 202
190 202
191 202
192 202
193 202
194 202
195 202
196 201
197 200
198 200
199 200
200 199
201 199
202 199
203 198
204 197
204 196
204 195
203 194
202 193
201 192
200 192
199 191
199 190
198 189
197 188
196 188
195 187
194 186
194 185
193 184
193 183
193 182
192 181
192 180
191 179
191 178
190 177
190 176
189 175
189 174
188 173
188 172
187 171
187 170
186 169
186 168
185 167
185 166
185 165
185 164
185 163
184 162
184 161
183 160
183 159
183 158
183 157
182 156
183 155
184 155
185 155
186 155
187 155
188 155
189 155
190 155
191 156
192 156
193 156
194 155
195 154
196 153
196 152
196 151
195 150
194 149
194 148
193 147
192 146
191 145
190 144
189 143
188 142
187 141
186 140
186 139
185 138
185 137
185 136
184 135
184 134
183 133
183 132
183 131
182 130
182 129
182 128
181 127
181 126
180 125
180 124
180 123
179 122
178 121
178 120
178 119
178 118
177 117
177 116
177 115
176 114
175 113
175 112
175 111
175 110
174 109
174 108
174 107
174 106
174 105
173 104
173 103
173 102
173 101
172 100
172 99
172 98
172 97
172 96
171 95
171 94
171 93
172 92
173 92
174 92
175 91
176 91
177 91
178 91
179 91
180 91
181 90
182 89
182 88
182 87
182 86
182 85
181 84
180 83
179 82
178 81
177 80
177 79
176 78
175 77
174 76
174 75
173 74
173 73
173 72
172 71
172 70
171 69
171 68
171 67
170 66
169 65
169 64
169 63
169 62
168 61
167 60
166 59
166 58
165 57
164 56
164 55
164 54
164 53
163 52
162 51
162 50
162 49
161 48
160 47
160 46
159 45
160 44
161 44
162 44
163 44
164 44
165 44
166 44
167 43
168 42
168 41
168 40
168 39
167 38
166 37
165 36
164 36
163 35
163 34
162 33
161 32
161 31
160 30
159 29
158 28
157 28
156 27
155 26
154 25
153 24
152 23
151 22
150 21
149 20
148 20
147 19
146 18
145 17
144 16
143 15
142 14
141 13
140 12
139 11
139 10
138 9
137 8
137 7
136 6
135 5
134 4
133 3
132 2
131 2
130 2
129 2
