117 23
116 24
115 25
115 26
115 27
114 28
113 29
112 30
112 31
111 32
110 33
110 34
109 35
108 36
107 37
106 38
105 39
105 40
104 41
104 42
103 43
102 44
101 45
100 46
99 47
99 48
98 49
97 50
96 51
95 52
94 52
93 53
92 54
91 55
90 56
89 56
88 57
87 57
86 58
85 59
85 60
85 61
86 62
87 63
88 63
89 63
90 63
91 63
92 63
93 63
94 63
95 64
95 65
94 66
94 67
94 68
93 69
92 70
92 71
91 72
90 73
90 74
89 75
88 76
87 77
87 78
86 79
85 80
85 81
84 82
83 83
82 84
82 85
81 86
80 87
79 87
78 88
77 89
77 90
77 91
76 92
75 93
74 94
73 95
72 96
72 97
72 98
73 99
74 100
75 100
76 100
77 100
78 100
79 100
80 100
81 100
82 99
83 99
84 99
85 99
86 100
86 101
85 102
84 103
84 104
83 105
82 106
82 107
81 108
81 109
81 110
80 111
79 112
79 113
78 114
77 115
77 116
76 117
76 118
75 119
75 120
74 121
73 122
73 123
72 124
71 125
71 126
70 127
69 128
69 129
68 130
67 131
66 132
66 133
65 134
64 135
63 136
63 137
62 138
61 139
60 140
59 141
58 142
57 143
56 144
55 145
54 146
53 147
53 148
53 149
54 150
55 151
56 152
57 152
58 152
59 152
60 152
61 152
62 152
63 152
64 151
65 151
66 151
67 151
68 151
69 151
70 151
71 151
72 151
73 151
74 151
75 151
76 151
77 151
78 151
79 151
80 151
81 151
82 152
83 152
84 152
85 152
86 152
87 153
88 153
89 153
90 153
91 153
92 153
93 153
94 153
95 153
96 153
97 153
98 153
99 153
100 153
101 153
102 153
103 153
104 153
105 154
105 155
105 156
105 157
105 158
105 159
105 160
105 161
105 162
105 163
105 164
105 165
105 166
105 167
105 168
105 169
105 170
105 171
105 172
105 173
105 174
105 175
105 176
105 177
105 178
105 179
106 180
106 181
106 182
106 183
106 184
106 185
106 186
107 187
107 188
107 189
107 190
107 191
107 192
107 193
107 194
107 195
107 196
107 197
107 198
107 199
107 200
107 201
107 202
107 203
107 204
107 205
107 206
107 207
108 208
108 209
108 210
108 211
108 212
108 213
108 214
109 215
110 216
111 217
112 217
113 217
114 217
115 217
116 217
117 217
118 217
119 217
120 217
121 217
122 217
123 217
124 218
125 218
126 218
127 218
128 218
129 218
130 218
131 218
132 218
133 218
134 217
135 216
135 215
135 214
135 213
135 212
134 211
134 210
134 209
134 208
134 207
134 206
134 205
134 204
134 203
134 202
133 201
133 200
133 199
133 198
133 197
133 196
133 195
133 194
133 193
132 192
132 191
132 190
132 189
132 188
131 187
131 186
131 185
131 184
131 183
131 182
131 181
131 180
131 179
131 178
131 177
131 176
131 175
131 174
131 173
131 172
131 171
131 170
131 169
131 168
131 167
131 166
131 165
131 164
131 163
131 162
131 161
131 160
131 159
131 158
130 157
130 156
131 155
132 155
133 155
134 155
135 155
136 155
137 155
138 155
139 155
140 155
141 155
142 155
143 155
144 155
145 155
146 155
147 155
148 155
149 155
150 155
151 155
152 155
153 155
154 155
155 155
156 155
157 155
158 155
159 155
160 155
161 154
162 154
163 154
164 154
165 153
166 153
167 153
168 153
169 153
170 153
171 153
172 153
173 153
174 153
175 153
176 153
177 153
178 153
179 153
180 153
181 153
182 153
183 153
184 153
185 153
186 153
187 153
188 153
189 153
190 152
191 151
191 150
191 149
190 148
190 147
190 146
189 145
188 144
188 143
187 142
186 141
186 140
185 139
184 138
183 137
183 136
182 135
181 134
180 133
179 132
179 131
178 130
177 129
177 128
176 127
176 126
176 125
175 124
174 123
174 122
173 121
172 120
172 119
171 118
170 117
170 116
170 115
169 114
169 113
168 112
167 111
167 110
166 109
165 108
164 107
164 106
163 105
162 104
162 103
161 102
160 101
161 100
162 100
163 100
164 100
165 100
166 100
167 99
168 99
169 98
170 97
170 96
170 95
169 94
168 93
168 92
167 91
166 90
165 89
165 88
164 87
163 86
162 85
161 85
160 84
159 83
159 82
158 81
157 80
156 79
155 78
154 77
153 76
152 75
151 74
151 73
150 72
149 71
148 70
148 69
147 68
146 67
145 66
145 65
144 64
143 63
144 62
145 62
146 62
147 62
148 62
149 62
150 62
151 62
152 61
153 60
153 59
153 58
152 57
151 56
150 55
149 54
148 53
147 53
146 52
145 51
144 50
143 49
142 48
141 47
140 46
139 46
138 45
138 44
137 43
136 42
135 41
134 40
133 39
133 38
132 37
131 36
130 35
129 34
128 33
127 32
126 31
125 30
124 29
123 28
123 27
122 26
121 25
120 24
119 23
118 23
