119 8
118 9
117 10
117 11
117 12
117 13
116 14
116 15
116 16
116 17
116 18
116 19
116 20
115 21
115 22
115 23
115 24
115 25
115 26
115 27
115 28
115 29
115 30
115 31
114 32
114 33
114 34
114 35
113 36
113 37
113 38
113 39
113 40
113 41
113 42
112 43
112 44
112 45
112 46
111 47
111 48
111 49
111 50
110 51
110 52
110 53
110 54
110 55
110 56
110 57
109 58
109 59
109 60
109 61
108 62
108 63
108 64
108 65
108 66
107 67
107 68
107 69
107 70
106 71
106 72
106 73
106 74
105 75
105 76
105 77
104 78
104 79
104 80
104 81
103 82
103 83
103 84
103 85
103 86
103 87
103 88
103 89
103 90
104 91
105 92
106 92
107 93
107 94
107 95
106 96
106 97
106 98
106 99
105 100
105 101
105 102
105 103
105 104
104 105
104 106
104 107
104 108
104 109
104 110
103 111
103 112
103 113
103 114
102 115
102 116
102 117
101 118
101 119
101 120
101 121
100 122
100 123
100 124
100 125
99 126
99 127
99 128
99 129
99 130
98 131
98 132
98 133
98 134
97 135
97 136
97 137
96 138
95 139
95 140
95 141
95 142
94 143
94 144
93 145
93 146
93 147
93 148
93 149
94 150
95 151
96 151
97 151
98 152
98 153
97 154
97 155
97 156
97 157
96 158
96 159
95 160
95 161
94 162
94 163
94 164
94 165
93 166
93 167
93 168
93 169
93 170
92 171
92 172
92 173
92 174
91 175
91 176
91 177
91 178
90 179
90 180
90 181
90 182
90 183
89 184
89 185
88 186
88 187
88 188
88 189
87 190
87 191
87 192
87 193
87 194
87 195
87 196
88 197
89 198
90 198
91 198
92 198
93 198
94 198
95 198
96 198
97 198
98 198
99 198
100 198
101 198
102 198
103 198
104 198
105 198
106 199
107 199
108 200
109 200
110 200
111 200
112 201
112 202
112 203
113 204
113 205
113 206
113 207
113 208
113 209
113 210
113 211
113 212
113 213
113 214
113 215
113 216
113 217
113 218
113 219
113 220
113 221
113 222
113 223
113 224
113 225
113 226
114 227
115 228
116 228
117 228
118 228
119 228
120 227
121 226
121 225
121 224
121 223
121 222
121 221
121 220
121 219
121 218
121 217
121 216
121 215
121 214
121 213
121 212
121 211
121 210
121 209
121 208
121 207
121 206
121 205
121 204
121 203
121 202
122 201
123 201
124 201
125 201
126 201
127 201
128 201
129 201
130 201
131 200
132 200
133 200
134 200
135 199
136 199
137 199
138 199
139 198
140 198
141 197
142 197
143 196
144 195
144 194
144 193
144 192
144 191
143 190
142 189
141 188
141 187
141 186
141 185
141 184
140 183
140 182
140 181
140 180
139 179
139 178
139 177
139 176
138 175
138 174
138 173
138 172
138 171
137 170
137 169
136 168
136 167
136 166
136 165
135 164
135 163
134 162
134 161
134 160
135 159
136 159
137 159
138 158
139 157
139 156
139 155
139 154
139 153
138 152
138 151
138 150
138 149
137 148
137 147
136 146
136 145
135 144
135 143
135 142
135 141
134 140
134 139
134 138
134 137
134 136
134 135
133 134
133 133
133 132
132 131
132 130
132 129
132 128
131 127
131 126
131 125
131 124
130 123
130 122
130 121
130 120
130 119
129 118
129 117
129 116
129 115
128 114
128 113
128 112
128 111
128 110
128 109
128 108
127 107
127 106
127 105
127 104
126 103
126 102
126 101
126 100
125 99
125 98
125 97
126 96
127 96
128 96
129 95
130 94
130 93
130 92
130 91
130 90
130 89
130 88
130 87
130 86
130 85
130 84
130 83
129 82
129 81
129 80
129 79
129 78
129 77
129 76
128 75
128 74
128 73
127 72
127 71
127 70
126 69
126 68
126 67
126 66
126 65
126 64
126 63
126 62
126 61
126 60
126 59
125 58
125 57
125 56
125 55
125 54
125 53
125 52
125 51
124 50
124 49
124 48
124 47
124 46
123 45
123 44
123 43
123 42
123 41
123 40
122 39
122 38
122 37
122 36
122 35
121 34
121 33
121 32
121 31
120 30
120 29
120 28
120 27
120 26
120 25
120 24
120 23
120 22
120 21
120 20
119 19
119 18
119 17
119 16
119 15
119 14
119 13
119 12
119 11
119 10
119 9
