116 6
115 7
114 8
114 9
114 10
113 11
113 12
112 13
112 14
112 15
111 16
110 17
110 18
110 19
109 20
109 21
108 22
108 23
108 24
107 25
107 26
106 27
105 28
105 29
104 30
104 31
104 32
103 33
103 34
102 35
101 36
100 37
100 38
100 39
99 40
99 41
98 42
98 43
98 44
99 45
100 46
100 47
100 48
100 49
99 50
99 51
98 52
98 53
98 54
97 55
97 56
97 57
96 58
96 59
95 60
94 61
94 62
93 63
92 64
92 65
92 66
91 67
91 68
90 69
90 70
90 71
89 72
89 73
89 74
90 75
91 76
92 77
92 78
92 79
92 80
91 81
91 82
91 83
90 84
90 85
90 86
89 87
89 88
88 89
88 90
88 91
87 92
87 93
87 94
87 95
86 96
86 97
86 98
85 99
85 100
85 101
84 102
84 103
84 104
84 105
83 106
83 107
83 108
84 109
85 110
86 110
87 111
87 112
87 113
87 114
87 115
86 116
86 117
85 118
85 119
85 120
84 121
84 122
84 123
83 124
83 125
82 126
82 127
81 128
81 129
80 130
80 131
79 132
78 133
78 134
78 135
77 136
77 137
76 138
76 139
76 140
76 141
77 142
78 143
79 143
80 143
81 144
81 145
80 146
80 147
80 148
80 149
79 150
79 151
79 152
79 153
79 154
78 155
78 156
78 157
77 158
77 159
76 160
76 161
76 162
75 163
75 164
75 165
74 166
73 167
73 168
72 169
72 170
72 171
71 172
71 173
71 174
72 175
73 176
74 176
75 176
76 176
77 177
77 178
76 179
75 180
75 181
75 182
74 183
73 184
72 185
71 186
71 187
70 188
70 189
69 190
68 191
67 192
66 193
66 194
66 195
65 196
65 197
64 198
63 199
63 200
63 201
64 202
65 203
66 203
67 203
68 203
69 203
70 203
71 204
72 204
73 205
74 205
75 205
76 205
77 205
78 205
79 205
80 205
81 204
82 205
83 206
84 206
85 206
86 206
87 206
88 205
89 205
90 205
91 205
92 205
93 205
94 204
95 205
96 206
97 207
98 208
99 208
100 208
101 208
102 208
103 208
104 208
105 208
106 207
107 207
108 207
109 207
110 207
111 207
112 208
111 209
111 210
111 211
111 212
111 213
111 214
111 215
111 216
112 217
112 218
112 219
112 220
112 221
112 222
112 223
112 224
112 225
112 226
112 227
112 228
112 229
112 230
112 231
112 232
112 233
112 234
111 235
111 236
111 237
112 238
113 239
114 239
115 239
116 239
117 238
118 238
119 238
120 237
121 236
121 235
121 234
121 233
121 232
121 231
121 230
121 229
121 228
121 227
121 226
121 225
121 224
121 223
121 222
121 221
121 220
121 219
121 218
121 217
121 216
121 215
121 214
121 213
120 212
120 211
121 210
122 210
123 209
124 209
125 208
126 208
127 208
128 207
129 207
130 207
131 207
132 208
133 208
134 209
135 209
136 209
137 210
138 210
139 210
140 210
141 211
142 211
143 211
144 211
145 211
146 211
147 211
148 211
149 210
150 209
151 209
152 209
153 209
154 209
155 209
156 209
157 210
158 210
159 210
160 210
161 210
162 210
163 210
164 210
165 210
166 210
167 210
168 210
169 209
170 208
171 207
171 206
171 205
171 204
170 203
169 202
168 202
167 201
167 200
167 199
167 198
166 197
165 196
165 195
165 194
165 193
165 192
164 191
164 190
164 189
164 188
163 187
163 186
163 185
164 184
165 183
166 182
166 181
166 180
166 179
166 178
165 177
165 176
165 175
164 174
164 173
164 172
164 171
164 170
163 169
163 168
162 167
162 166
162 165
161 164
161 163
161 162
161 161
160 160
159 159
159 158
159 157
159 156
159 155
158 154
158 153
158 152
157 151
157 150
157 149
158 148
159 148
160 147
161 146
161 145
161 144
160 143
160 142
160 141
159 140
159 139
158 138
158 137
158 136
157 135
157 134
157 133
156 132
156 131
155 130
155 129
154 128
154 127
154 126
153 125
152 124
152 123
152 122
152 121
151 120
150 119
150 118
150 117
151 116
152 115
152 114
153 113
153 112
153 111
153 110
153 109
153 108
152 107
152 106
151 105
151 104
150 103
149 102
148 101
148 100
147 99
147 98
147 97
146 96
145 95
145 94
145 93
144 92
144 91
144 90
144 89
143 88
143 87
143 86
142 85
142 84
141 83
141 82
141 81
141 80
140 79
140 78
140 77
141 76
142 76
143 75
144 74
144 73
144 72
144 71
144 70
144 69
144 68
143 67
143 66
143 65
142 64
142 63
141 62
140 61
140 60
140 59
139 58
139 57
138 56
137 55
137 54
136 53
136 52
137 51
138 51
139 50
140 49
141 48
141 47
141 46
140 45
140 44
139 43
138 42
138 41
137 40
137 39
137 38
136 37
135 36
135 35
134 34
133 33
133 32
132 31
131 30
131 29
131 28
131 27
130 26
130 25
130 24
129 23
128 22
128 21
128 20
128 19
127 18
126 17
126 16
125 15
124 14
123 13
123 12
123 11
122 10
122 9
121 8
120 7
119 7
118 6
117 6
