123 13
122 14
121 15
121 16
120 17
120 18
120 19
119 20
119 21
118 22
117 23
117 24
117 25
116 26
115 27
115 28
115 29
114 30
114 31
113 32
113 33
112 34
112 35
111 36
111 37
110 38
110 39
109 40
109 41
108 42
107 43
106 44
106 45
105 46
105 47
105 48
104 49
103 50
103 51
102 52
102 53
101 54
100 55
99 56
99 57
98 58
97 59
97 60
96 61
96 62
95 63
94 64
93 65
92 66
92 67
92 68
91 69
90 70
89 71
89 72
88 73
87 74
86 75
85 76
85 77
84 78
83 79
82 80
81 81
80 82
79 83
78 84
77 85
77 86
76 87
75 88
75 89
74 90
73 91
73 92
73 93
73 94
74 95
75 95
76 96
77 96
78 96
79 96
80 96
81 96
82 96
83 96
84 96
85 96
86 96
87 95
88 95
89 94
90 93
91 94
91 95
90 96
90 97
89 98
89 99
88 100
88 101
88 102
87 103
87 104
87 105
86 106
86 107
85 108
85 109
85 110
84 111
83 112
82 113
81 114
80 115
79 116
79 117
78 118
77 119
77 120
77 121
76 122
76 123
75 124
75 125
74 126
73 127
73 128
72 129
72 130
72 131
71 132
71 133
70 134
69 135
69 136
68 137
68 138
67 139
66 139
65 140
65 141
64 142
63 143
62 144
61 145
61 146
60 147
60 148
60 149
61 150
62 150
63 150
64 150
65 150
66 150
67 150
68 150
69 150
70 150
71 150
72 149
73 149
74 149
75 149
76 148
77 148
78 148
79 147
80 147
81 147
82 146
83 146
84 147
83 148
82 149
81 150
81 151
80 152
79 153
79 154
79 155
79 156
79 157
78 158
78 159
77 160
76 161
76 162
75 163
74 164
73 165
73 166
72 167
71 168
71 169
70 170
69 171
69 172
68 173
67 174
66 175
65 176
65 177
64 178
64 179
64 180
63 181
62 182
61 183
60 184
59 184
58 185
57 186
56 187
55 188
55 189
54 190
53 191
52 192
51 193
50 194
49 195
48 195
47 196
46 196
45 196
44 197
44 198
44 199
44 200
45 201
46 201
47 201
48 200
49 200
50 200
51 200
52 200
53 200
54 200
55 199
56 199
57 198
58 198
59 198
60 197
61 197
62 197
63 197
64 197
65 197
66 197
67 196
68 196
69 196
70 195
71 195
72 195
73 195
74 195
75 195
76 195
77 195
78 195
79 195
80 195
81 195
82 195
83 194
84 194
85 194
86 194
87 194
88 194
89 194
90 194
91 194
92 194
93 194
94 194
95 194
96 194
97 194
98 194
99 194
100 194
101 194
102 194
103 194
104 194
105 194
106 194
107 194
108 194
109 194
110 194
111 194
112 194
113 194
114 194
115 194
116 194
117 195
117 196
117 197
117 198
117 199
116 200
116 201
116 202
116 203
116 204
116 205
115 206
115 207
115 208
115 209
115 210
115 211
115 212
115 213
115 214
114 215
114 216
114 217
114 218
114 219
114 220
114 221
114 222
114 223
114 224
114 225
114 226
114 227
114 228
114 229
114 230
114 231
114 232
114 233
114 234
114 235
115 236
116 237
117 237
118 237
119 237
120 237
121 237
122 237
123 237
124 237
125 237
126 237
127 237
128 237
129 237
130 237
131 237
132 237
133 237
134 237
135 237
136 237
137 237
138 238
139 238
140 238
141 238
142 239
143 239
144 239
145 239
146 239
147 239
148 239
149 239
150 238
151 237
151 236
151 235
151 234
151 233
151 232
151 231
151 230
151 229
150 228
150 227
150 226
150 225
150 224
150 223
150 222
150 221
150 220
150 219
150 218
150 217
150 216
149 215
149 214
149 213
149 212
149 211
149 210
148 209
148 208
148 207
148 206
148 205
148 204
148 203
148 202
147 201
147 200
146 199
146 198
145 197
146 196
147 196
148 196
149 196
150 196
151 196
152 196
153 196
154 196
155 197
156 197
157 197
158 197
159 197
160 197
161 197
162 197
163 197
164 198
165 198
166 198
167 198
168 198
169 198
170 198
171 199
172 199
173 199
174 199
175 199
176 199
177 199
178 199
179 199
180 199
181 199
182 199
183 199
184 199
185 199
186 199
187 199
188 199
189 199
190 199
191 199
192 199
193 200
194 200
195 200
196 200
197 200
198 200
199 200
200 200
201 200
202 200
203 200
204 200
205 200
206 200
207 200
208 200
209 200
210 200
211 199
212 198
212 197
212 196
211 195
210 194
209 193
208 193
207 192
206 191
205 190
204 189
203 188
202 187
201 186
201 185
200 184
199 183
199 182
198 181
197 180
197 179
196 178
195 177
194 176
194 175
193 174
192 173
191 172
191 171
190 170
190 169
189 168
189 167
189 166
188 165
188 164
187 163
187 162
186 161
185 160
184 159
184 158
183 157
183 156
182 155
181 154
181 153
182 152
183 153
184 153
185 154
186 154
187 154
188 155
189 155
190 156
191 156
192 156
193 156
194 156
195 155
195 154
195 153
195 152
195 151
194 150
194 149
193 148
192 147
191 146
190 145
190 144
189 143
189 142
189 141
188 140
187 139
186 138
185 137
185 136
184 135
183 134
183 133
182 132
181 131
180 130
179 129
178 128
177 127
176 126
175 125
174 125
173 124
172 123
172 122
171 121
170 120
170 119
169 118
168 117
167 116
166 115
165 114
165 113
165 112
165 111
164 110
163 109
163 108
163 107
163 106
162 105
162 104
162 103
161 102
161 101
160 100
160 99
161 98
162 99
163 99
164 100
165 100
166 100
167 101
168 101
169 101
170 102
171 102
172 102
173 102
174 102
175 102
176 102
177 101
178 100
178 99
178 98
178 97
178 96
178 95
178 94
177 93
177 92
176 91
176 90
175 89
174 88
174 87
174 86
173 85
173 84
172 83
171 82
170 81
169 80
169 79
168 78
168 77
167 76
166 75
166 74
165 73
165 72
164 71
163 70
162 69
161 68
160 67
160 66
159 65
158 64
157 63
157 62
156 61
155 60
155 59
154 58
153 57
152 56
152 55
151 54
150 53
149 52
148 51
148 50
147 49
147 48
146 47
145 46
144 45
144 44
144 43
143 42
142 41
141 40
141 39
140 38
140 37
140 36
139 35
139 34
138 33
137 32
137 31
136 30
136 29
135 28
134 27
134 26
134 25
133 24
133 23
132 22
131 21
131 20
130 19
130 18
129 17
128 17
127 17
126 16
126 15
126 14
125 13
124 13
