151 31
150 32
149 32
148 33
147 34
147 35
146 36
146 37
146 38
146 39
146 40
146 41
146 42
146 43
146 44
146 45
146 46
146 47
145 48
145 49
145 50
145 51
145 52
144 53
144 54
144 55
144 56
143 57
143 58
143 59
143 60
143 61
143 62
142 63
142 64
142 65
141 66
141 67
141 68
141 69
141 70
140 71
140 72
139 73
139 74
139 75
138 76
138 77
137 78
137 79
136 80
136 81
135 82
134 82
133 83
132 84
132 85
131 86
131 87
130 88
129 89
128 90
128 91
127 92
127 93
126 94
125 94
124 95
123 96
122 97
122 98
121 99
120 99
119 100
118 101
118 102
117 103
116 104
115 104
114 105
113 106
113 107
112 108
111 109
110 110
109 111
109 112
108 113
107 113
106 114
105 115
104 116
103 116
102 117
101 117
100 118
99 118
98 119
97 120
97 121
96 122
96 123
96 124
96 125
96 126
97 127
97 128
97 129
97 130
97 131
98 132
98 133
99 134
100 135
101 135
102 136
103 136
104 136
105 136
106 136
107 136
108 136
109 136
110 136
111 136
112 136
113 136
114 136
115 136
116 136
117 136
118 136
119 136
120 136
121 136
122 136
123 136
124 136
125 136
126 137
125 138
125 139
124 140
123 140
122 141
121 142
121 143
120 144
120 145
119 146
119 147
118 148
118 149
117 150
117 151
116 152
115 152
114 153
113 154
112 155
112 156
111 157
111 158
110 159
109 160
109 161
108 162
107 163
106 164
105 165
104 166
103 167
103 168
102 169
101 169
100 170
99 171
99 172
98 173
97 173
96 174
95 175
95 176
94 177
93 178
92 179
91 179
90 180
89 181
88 182
87 182
86 183
85 183
84 184
83 185
83 186
82 187
81 187
80 188
79 189
78 190
78 191
77 192
76 192
75 192
74 193
73 193
72 194
71 195
70 196
69 196
68 197
67 197
66 198
65 198
64 199
63 200
62 200
61 200
60 200
59 201
58 201
57 202
56 203
56 204
55 205
55 206
55 207
55 208
56 209
56 210
57 211
58 212
59 212
60 213
61 213
62 213
63 213
64 213
65 213
66 213
67 212
68 212
69 212
70 212
71 212
72 212
73 212
74 212
75 212
76 212
77 212
78 212
79 212
80 211
81 211
82 211
83 211
84 212
85 212
86 212
87 212
88 212
89 212
90 212
91 212
92 212
93 212
94 212
95 212
96 212
97 212
98 212
99 212
100 212
101 212
102 212
103 212
104 212
105 212
106 212
107 212
108 212
109 212
110 212
111 212
112 212
113 212
114 212
115 212
116 213
115 214
114 214
113 215
112 216
112 217
111 218
110 218
109 219
108 220
108 221
107 222
106 222
105 223
104 224
104 225
103 226
103 227
102 228
101 228
100 229
99 230
98 231
98 232
97 233
96 233
95 234
94 235
94 236
93 237
93 238
92 239
91 240
90 241
90 242
89 243
88 243
87 244
86 245
86 246
85 247
84 247
83 248
82 249
81 250
81 251
80 252
79 252
78 253
77 254
77 255
76 256
75 256
74 257
73 258
73 259
72 260
71 260
70 261
69 262
68 263
67 263
66 264
65 264
64 265
63 266
63 267
62 268
61 268
60 269
59 270
59 271
58 272
57 272
56 273
55 274
54 275
53 275
52 276
51 276
50 277
49 278
48 279
47 279
46 280
45 280
44 281
43 282
43 283
42 284
42 285
42 286
42 287
43 288
43 289
44 290
45 291
46 291
47 292
48 292
49 292
50 292
51 292
52 292
53 292
54 292
55 291
56 291
57 290
58 289
59 290
60 290
61 290
62 290
63 289
64 289
65 288
66 287
67 288
68 288
69 288
70 288
71 288
72 288
73 288
74 288
75 288
76 288
77 287
78 287
79 286
80 285
81 285
82 285
83 286
84 286
85 286
86 286
87 285
88 285
89 284
90 283
91 282
92 282
93 282
94 282
95 282
96 282
97 282
98 282
99 282
100 281
101 281
102 281
103 281
104 282
105 282
106 282
107 282
108 281
109 281
110 280
111 280
112 280
113 280
114 280
115 280
116 280
117 279
118 279
119 278
120 278
121 278
122 278
123 277
124 277
125 277
126 277
127 277
128 277
129 277
130 277
131 276
132 276
133 276
134 276
135 276
136 276
137 276
138 276
139 276
140 276
141 277
141 278
141 279
141 280
140 281
140 282
140 283
140 284
140 285
140 286
140 287
141 288
141 289
141 290
141 291
141 292
141 293
142 294
142 295
143 296
143 297
143 298
143 299
142 300
142 301
142 302
142 303
142 304
142 305
143 306
143 307
144 308
144 309
144 310
144 311
144 312
144 313
144 314
144 315
144 316
145 317
145 318
146 319
146 320
146 321
146 322
146 323
146 324
146 325
146 326
146 327
147 328
147 329
147 330
147 331
146 332
146 333
146 334
146 335
146 336
146 337
146 338
146 339
146 340
146 341
146 342
146 343
146 344
146 345
146 346
146 347
146 348
146 349
146 350
146 351
146 352
146 353
146 354
146 355
146 356
146 357
146 358
146 359
146 360
146 361
146 362
146 363
146 364
146 365
146 366
146 367
146 368
146 369
146 370
146 371
146 372
146 373
146 374
146 375
146 376
146 377
146 378
146 379
146 380
146 381
146 382
146 383
147 384
147 385
148 386
149 387
150 387
151 388
152 388
153 388
154 388
155 388
156 388
157 388
158 388
159 388
160 388
161 388
162 388
163 388
164 389
165 390
166 391
167 391
168 392
169 392
170 392
171 392
172 391
173 391
174 390
175 389
175 388
176 387
177 386
178 385
178 384
179 383
179 382
179 381
179 380
179 379
179 378
179 377
179 376
179 375
178 374
178 373
178 372
179 371
179 370
179 369
179 368
179 367
179 366
179 365
179 364
179 363
179 362
179 361
179 360
179 359
178 358
178 357
178 356
178 355
179 354
179 353
180 352
180 351
180 350
180 349
180 348
180 347
180 346
180 345
180 344
180 343
180 342
180 341
180 340
180 339
180 338
180 337
180 336
180 335
180 334
180 333
180 332
180 331
180 330
180 329
179 328
179 327
179 326
179 325
180 324
180 323
180 322
180 321
180 320
180 319
180 318
180 317
180 316
180 315
180 314
180 313
180 312
180 311
180 310
180 309
180 308
180 307
180 306
180 305
180 304
180 303
180 302
180 301
180 300
180 299
180 298
180 297
180 296
180 295
180 294
180 293
180 292
180 291
180 290
180 289
180 288
180 287
180 286
180 285
180 284
180 283
180 282
180 281
180 280
180 279
180 278
180 277
180 276
180 275
180 274
180 273
180 272
180 271
180 270
180 269
180 268
180 267
181 266
182 266
183 266
184 266
185 266
186 267
187 267
188 267
189 267
190 267
191 267
192 267
193 268
194 268
195 268
196 268
197 268
198 268
199 268
200 268
201 268
202 269
203 269
204 269
205 269
206 269
207 269
208 269
209 269
210 269
211 269
212 269
213 269
214 269
215 269
216 269
217 269
218 269
219 269
220 269
221 269
222 269
223 269
224 269
225 269
226 269
227 269
228 269
229 269
230 269
231 269
232 269
233 269
234 269
235 269
236 268
237 268
238 267
239 267
240 267
241 267
242 266
243 266
244 266
245 266
246 267
247 267
248 267
249 267
250 267
251 267
252 267
253 267
254 267
255 267
256 267
257 267
258 267
259 267
260 267
261 267
262 267
263 267
264 267
265 267
266 266
267 266
268 266
269 266
270 266
271 266
272 265
273 265
274 265
275 265
276 265
277 265
278 265
279 265
280 265
281 264
282 264
283 263
284 262
285 261
285 260
286 259
286 258
286 257
286 256
285 255
285 254
286 253
286 252
286 251
286 250
285 249
285 248
284 247
283 246
282 246
281 245
280 245
279 245
278 244
277 243
276 243
275 242
274 241
273 241
272 240
271 240
270 239
269 239
268 238
267 237
266 236
265 235
264 235
263 234
262 233
261 233
260 232
259 232
258 231
257 230
256 230
255 229
254 229
253 228
252 228
251 228
250 227
249 227
248 227
247 227
246 226
246 225
245 224
245 223
244 222
243 221
242 221
241 220
240 220
239 220
238 220
237 220
236 219
235 218
235 217
234 216
233 215
232 215
231 214
230 214
229 213
228 212
227 211
226 211
225 210
224 210
223 209
222 208
221 207
220 207
219 206
219 205
218 204
217 203
216 203
215 202
214 202
213 201
212 200
211 199
210 199
209 198
208 198
207 197
206 196
205 195
204 194
203 194
202 193
201 192
200 191
199 191
198 190
198 189
197 188
198 187
199 187
200 188
201 188
202 188
203 188
204 189
205 189
206 190
207 190
208 190
209 190
210 190
211 190
212 190
213 190
214 191
215 191
216 192
217 192
218 192
219 192
220 192
221 193
222 193
223 193
224 193
225 194
226 194
227 194
228 194
229 194
230 194
231 194
232 194
233 193
234 193
235 192
236 191
236 190
237 189
238 188
238 187
239 186
239 185
239 184
239 183
238 182
238 181
237 180
236 179
235 179
234 178
233 178
232 177
231 176
230 175
229 175
228 174
227 174
226 174
225 173
224 172
224 171
223 170
222 169
221 169
220 168
219 167
218 166
218 165
217 164
216 163
215 163
214 162
213 161
212 160
212 159
211 158
210 157
209 157
208 156
207 156
206 155
205 154
204 153
203 152
203 151
202 150
202 149
201 148
200 147
199 147
198 146
197 146
196 145
195 144
194 143
193 143
192 142
192 141
191 140
190 139
189 139
188 138
188 137
189 136
190 136
191 136
192 136
193 136
194 135
195 135
196 135
197 135
198 136
199 136
200 136
201 136
202 136
203 136
204 136
205 136
206 136
207 136
208 136
209 136
210 136
211 136
212 136
213 136
214 136
215 136
216 136
217 136
218 136
219 136
220 136
221 136
222 136
223 136
224 136
225 136
226 135
227 135
228 134
229 133
229 132
230 131
230 130
230 129
230 128
230 127
229 126
229 125
228 124
227 123
226 123
225 122
224 121
223 120
222 119
221 119
220 118
219 117
218 116
217 116
216 115
215 115
214 114
213 113
212 112
212 111
211 110
210 109
209 109
208 108
207 107
206 106
206 105
205 104
204 103
203 102
202 102
201 101
201 100
200 99
199 98
198 97
197 97
196 96
196 95
195 94
195 93
194 92
193 91
193 90
192 89
191 88
190 88
189 87
189 86
188 85
188 84
187 83
186 82
185 81
185 80
184 79
184 78
183 77
183 76
182 75
182 74
181 73
180 72
179 72
178 71
178 70
177 69
177 68
176 67
175 66
174 66
173 65
173 64
172 63
171 62
171 61
170 60
170 59
169 58
169 57
168 56
167 55
166 55
165 54
165 53
164 52
164 51
163 50
163 49
163 48
162 47
162 46
162 45
161 44
161 43
160 42
160 41
159 40
159 39
159 38
159 37
159 36
158 35
158 34
157 33
156 32
155 32
154 31
153 31
152 31
