75 39
74 40
74 41
74 42
73 43
73 44
73 45
73 46
73 47
73 48
73 49
73 50
73 51
73 52
73 53
73 54
73 55
73 56
73 57
73 58
73 59
72 60
72 61
72 62
72 63
72 64
72 65
72 66
72 67
72 68
72 69
72 70
71 71
71 72
71 73
71 74
71 75
71 76
71 77
71 78
71 79
71 80
71 81
70 82
70 83
70 84
70 85
70 86
70 87
70 88
70 89
70 90
69 91
69 92
69 93
69 94
69 95
69 96
68 97
68 98
68 99
68 100
68 101
67 102
66 103
66 104
66 105
66 106
65 107
65 108
65 109
65 110
64 111
64 112
64 113
63 114
63 115
63 116
62 117
62 118
61 119
61 120
61 121
61 122
60 123
59 124
59 125
59 126
59 127
58 128
57 129
57 130
57 131
56 132
56 133
56 134
56 135
55 136
55 137
54 138
54 139
53 140
53 141
53 142
52 143
51 144
50 145
49 146
49 147
49 148
48 149
48 150
47 151
47 152
47 153
47 154
46 155
46 156
46 157
45 158
45 159
44 160
44 161
43 162
43 163
42 164
42 165
41 166
41 167
40 168
40 169
39 170
39 171
40 172
40 173
41 173
42 174
43 174
44 173
45 173
46 173
47 173
48 172
49 172
50 172
51 171
52 171
53 171
54 171
55 170
56 170
57 170
58 169
59 169
60 169
61 169
62 169
63 170
62 171
62 172
62 173
61 174
61 175
60 176
60 177
60 178
60 179
60 180
59 181
59 182
59 183
59 184
59 185
58 186
58 187
57 188
57 189
57 190
56 191
56 192
56 193
56 194
55 195
55 196
55 197
54 198
54 199
54 200
54 201
53 202
53 203
53 204
52 205
52 206
51 207
51 208
51 209
50 210
50 211
49 212
49 213
49 214
48 215
48 216
47 217
47 218
47 219
47 220
46 221
45 222
45 223
45 224
44 225
43 226
42 227
42 228
42 229
42 230
42 231
41 232
40 233
40 234
39 235
39 236
39 237
38 238
37 239
36 240
36 241
36 242
35 243
34 244
33 245
33 246
32 247
31 248
30 248
29 249
29 250
28 251
27 252
26 253
26 254
25 255
24 256
23 257
22 257
21 258
21 259
20 260
20 261
21 262
22 263
23 263
24 263
25 263
26 263
27 263
28 263
29 263
30 263
31 263
32 263
33 263
34 263
35 263
36 263
37 262
38 262
39 262
40 261
41 261
42 261
43 261
44 261
45 261
46 262
47 262
48 262
49 262
50 263
51 263
52 263
53 263
54 263
55 263
56 263
57 263
58 264
57 265
57 266
56 267
56 268
56 269
55 270
55 271
54 272
54 273
54 274
53 275
53 276
52 277
52 278
52 279
51 280
51 281
50 282
50 283
50 284
49 285
49 286
49 287
49 288
48 289
47 290
47 291
47 292
47 293
46 294
46 295
46 296
45 297
45 298
45 299
45 300
44 301
43 302
43 303
43 304
43 305
42 306
42 307
42 308
41 309
41 310
41 311
40 312
40 313
39 314
39 315
39 316
38 317
38 318
37 319
37 320
37 321
36 322
36 323
35 324
35 325
34 326
33 327
32 328
32 329
32 330
32 331
31 332
30 333
30 334
30 335
30 336
29 337
28 338
28 339
28 340
27 341
26 342
25 343
25 344
25 345
24 346
23 347
22 348
22 349
22 350
22 351
21 352
21 353
21 354
21 355
21 356
22 357
22 358
22 359
22 360
22 361
23 362
24 362
25 362
26 362
27 362
28 362
29 361
30 361
31 360
32 360
33 360
34 360
35 359
36 359
37 359
38 358
39 357
40 357
41 356
42 355
43 354
44 354
45 353
46 353
47 353
48 352
49 352
50 351
51 350
52 350
53 350
54 349
55 349
56 348
57 347
58 347
59 346
60 346
61 345
62 345
63 344
64 344
65 343
66 343
67 342
68 342
69 342
70 343
70 344
70 345
70 346
70 347
70 348
70 349
70 350
70 351
70 352
70 353
70 354
70 355
70 356
70 357
70 358
70 359
70 360
70 361
70 362
70 363
71 364
71 365
71 366
71 367
71 368
71 369
71 370
71 371
71 372
71 373
71 374
71 375
71 376
71 377
71 378
71 379
71 380
72 381
72 382
72 383
72 384
72 385
72 386
72 387
72 388
72 389
72 390
72 391
72 392
72 393
72 394
73 395
73 396
73 397
73 398
73 399
73 400
73 401
73 402
73 403
73 404
73 405
73 406
73 407
73 408
73 409
73 410
73 411
73 412
73 413
73 414
73 415
73 416
73 417
73 418
73 419
73 420
73 421
73 422
73 423
73 424
73 425
73 426
73 427
73 428
73 429
73 430
73 431
73 432
73 433
73 434
73 435
73 436
73 437
73 438
73 439
73 440
73 441
73 442
73 443
73 444
73 445
73 446
73 447
73 448
73 449
73 450
73 451
73 452
73 453
73 454
73 455
73 456
73 457
73 458
73 459
73 460
73 461
73 462
73 463
73 464
73 465
73 466
73 467
73 468
73 469
73 470
73 471
73 472
73 473
73 474
73 475
73 476
73 477
74 478
74 479
75 480
76 480
77 480
78 480
79 480
80 480
81 480
82 481
83 480
84 480
85 480
86 480
87 479
87 478
88 477
88 476
88 475
88 474
88 473
88 472
88 471
88 470
88 469
88 468
88 467
88 466
88 465
88 464
88 463
88 462
88 461
88 460
88 459
88 458
88 457
88 456
88 455
88 454
88 453
88 452
88 451
88 450
88 449
88 448
88 447
88 446
88 445
88 444
88 443
88 442
88 441
88 440
88 439
88 438
88 437
89 436
89 435
89 434
89 433
89 432
89 431
89 430
89 429
89 428
89 427
89 426
89 425
89 424
89 423
89 422
89 421
89 420
89 419
89 418
89 417
89 416
89 415
89 414
89 413
89 412
89 411
89 410
89 409
89 408
88 407
88 406
88 405
88 404
88 403
88 402
89 401
89 400
89 399
89 398
89 397
89 396
89 395
89 394
89 393
89 392
89 391
89 390
89 389
89 388
89 387
89 386
89 385
89 384
89 383
89 382
89 381
89 380
89 379
89 378
89 377
89 376
89 375
89 374
89 373
89 372
89 371
89 370
89 369
89 368
89 367
89 366
89 365
89 364
89 363
89 362
89 361
89 360
89 359
89 358
89 357
89 356
89 355
89 354
89 353
89 352
89 351
89 350
89 349
89 348
89 347
89 346
89 345
89 344
89 343
89 342
89 341
89 340
89 339
89 338
89 337
89 336
89 335
89 334
89 333
89 332
90 331
91 331
92 332
93 332
94 332
95 333
96 333
97 333
98 334
99 334
100 334
101 334
102 334
103 334
104 335
105 335
106 336
107 336
108 336
109 336
110 336
111 337
112 337
113 337
114 337
115 337
116 337
117 337
118 337
119 337
120 337
121 337
122 337
123 337
124 336
125 336
126 335
127 335
128 335
129 334
130 334
131 334
132 333
133 333
134 332
135 332
136 332
137 331
138 331
139 331
140 331
141 331
142 331
143 331
144 331
145 331
146 332
147 332
148 332
149 332
150 332
151 332
152 331
152 330
153 329
153 328
153 327
152 326
151 325
151 324
151 323
150 322
149 321
149 320
148 319
148 318
147 317
147 316
146 315
145 314
145 313
144 312
143 311
143 310
142 309
142 308
141 307
140 306
140 305
139 304
138 304
137 303
137 302
137 301
136 300
135 299
134 298
134 297
133 296
132 295
132 294
131 293
131 292
131 291
130 290
129 289
128 288
128 287
127 286
127 285
126 284
125 283
125 282
124 281
123 281
122 280
122 279
121 278
121 277
121 276
121 275
120 274
119 273
118 273
117 272
116 271
116 270
116 269
116 268
115 267
114 266
114 265
113 264
113 263
112 262
111 261
111 260
110 259
110 258
109 257
108 256
108 255
108 254
108 253
107 252
106 251
106 250
105 249
105 248
104 247
103 246
103 245
102 244
102 243
101 242
101 241
101 240
100 239
99 238
99 237
98 236
98 235
98 234
99 233
100 233
101 234
102 235
103 235
104 236
105 236
106 237
107 238
108 238
109 239
110 239
111 239
112 240
113 240
114 241
115 241
116 242
117 242
118 242
119 242
120 242
121 242
122 242
123 242
124 243
125 244
126 245
127 245
128 244
129 243
129 242
129 241
129 240
128 239
127 238
126 237
125 236
125 235
124 234
124 233
123 232
122 231
121 230
121 229
120 228
120 227
119 226
119 225
118 224
118 223
117 222
117 221
116 220
115 219
114 218
114 217
113 216
112 216
111 215
111 214
111 213
111 212
110 211
110 210
109 209
109 208
108 207
108 206
108 205
107 204
107 203
107 202
106 201
105 200
105 199
105 198
105 197
104 196
104 195
103 194
103 193
102 192
101 191
101 190
100 189
100 188
100 187
100 186
100 185
99 184
99 183
98 182
98 181
97 180
96 179
96 178
95 177
95 176
95 175
94 174
94 173
93 172
93 171
93 170
94 169
94 168
95 167
96 167
97 166
98 166
99 166
100 167
101 167
102 168
103 168
104 168
105 169
106 169
107 169
108 169
109 169
110 169
111 169
112 170
113 170
114 170
115 169
116 168
116 167
116 166
116 165
116 164
116 163
116 162
116 161
116 160
115 159
114 158
114 157
114 156
113 155
113 154
112 153
112 152
111 151
111 150
110 149
110 148
109 147
109 146
108 145
108 144
107 143
106 142
106 141
105 140
105 139
105 138
104 137
104 136
103 135
103 134
102 133
102 132
102 131
101 130
101 129
101 128
100 127
99 126
99 125
99 124
99 123
98 122
98 121
97 120
97 119
97 118
96 117
96 116
96 115
96 114
95 113
95 112
95 111
94 110
94 109
93 108
93 107
93 106
93 105
93 104
92 103
92 102
91 101
91 100
91 99
91 98
91 97
90 96
90 95
90 94
90 93
90 92
89 91
89 90
88 89
88 88
88 87
87 86
87 85
87 84
86 83
86 82
85 81
85 80
85 79
84 78
84 77
84 76
84 75
84 74
83 73
83 72
83 71
83 70
83 69
82 68
82 67
82 66
81 65
81 64
81 63
81 62
81 61
81 60
80 59
80 58
80 57
80 56
80 55
80 54
79 53
79 52
79 51
79 50
79 49
79 48
79 47
79 46
79 45
78 44
78 43
78 42
77 41
77 40
76 39
