124 38
124 39
123 40
123 41
122 42
122 43
121 44
121 45
120 46
119 47
119 48
118 49
118 50
117 51
116 52
116 53
115 54
115 55
115 56
115 57
114 58
114 59
113 60
113 61
112 62
111 63
110 64
110 65
109 66
109 67
108 68
107 69
107 70
106 71
105 72
104 73
104 74
103 75
102 76
101 77
100 78
99 79
98 80
97 81
96 82
95 83
94 84
93 85
92 86
91 87
90 88
89 89
88 90
87 91
86 92
85 93
84 94
85 94
86 94
87 93
88 93
89 93
90 93
91 93
92 93
93 94
94 95
95 96
95 97
95 98
95 99
95 100
94 101
94 102
93 103
93 104
92 105
91 106
91 107
90 108
90 109
89 110
89 111
88 112
88 113
87 114
86 115
85 116
85 117
84 118
84 119
83 120
83 121
82 122
81 123
80 124
80 125
80 126
80 127
79 128
78 129
78 130
78 131
77 132
76 133
76 134
75 135
74 136
73 137
73 138
72 139
72 140
71 141
71 142
70 143
69 144
68 145
67 146
66 147
65 148
65 149
64 150
63 151
62 152
61 153
60 154
61 154
62 154
63 154
64 154
65 154
66 154
67 154
68 154
69 154
70 154
71 154
72 154
73 154
74 155
75 156
76 157
76 158
76 159
76 160
76 161
75 162
75 163
74 164
74 165
73 166
72 167
71 168
70 169
70 170
69 171
68 172
67 173
67 174
66 175
65 176
64 177
63 178
63 179
62 180
62 181
61 182
60 183
59 184
58 185
57 186
56 187
56 188
55 189
54 190
53 191
52 192
51 193
50 194
49 195
48 196
47 197
47 198
46 199
46 200
47 200
48 201
49 201
50 202
51 202
52 203
53 203
54 203
55 203
56 203
57 203
58 203
59 203
60 203
61 203
62 203
63 203
64 203
65 203
66 203
67 203
68 203
69 203
70 203
71 203
72 203
73 203
74 203
75 203
76 203
77 203
78 203
79 203
80 203
81 203
82 203
83 203
84 203
85 203
86 203
87 204
88 204
89 204
90 204
91 204
92 204
93 204
94 204
95 204
96 204
97 204
98 204
99 204
100 204
101 204
102 204
103 204
104 204
105 204
106 204
107 204
108 205
109 204
110 204
111 204
112 204
113 204
114 203
115 202
116 201
117 200
118 200
119 200
120 200
121 200
122 201
123 202
124 203
124 204
124 205
124 206
124 207
124 208
124 209
124 210
124 211
124 212
124 213
124 214
124 215
124 216
124 217
124 218
124 219
124 220
124 221
124 222
124 223
124 224
124 225
124 226
124 227
124 228
123 229
123 230
123 231
123 232
122 233
122 234
122 235
122 236
122 237
122 238
122 239
122 240
123 241
124 242
125 243
126 243
127 243
128 242
129 241
129 240
130 239
130 238
130 237
130 236
130 235
130 234
130 233
131 232
131 231
131 230
131 229
131 228
131 227
131 226
131 225
131 224
131 223
131 222
131 221
131 220
131 219
131 218
131 217
131 216
131 215
131 214
131 213
131 212
131 211
131 210
131 209
131 208
131 207
131 206
131 205
132 204
133 203
133 202
134 201
135 200
136 199
137 199
138 199
139 199
140 199
141 199
142 199
143 199
144 199
145 199
146 199
147 199
148 200
149 200
150 200
151 200
152 200
153 200
154 201
155 201
156 202
157 202
158 203
159 203
160 203
161 203
162 203
163 203
164 203
165 203
166 203
167 204
168 204
169 204
170 204
171 204
172 204
173 204
174 204
175 204
176 204
177 204
178 204
179 204
180 203
181 203
182 203
183 203
184 202
185 202
186 202
186 201
185 200
184 199
183 198
183 197
182 196
181 195
180 194
180 193
179 192
178 191
177 190
176 189
176 188
175 187
175 186
174 185
174 184
173 183
173 182
172 181
171 180
170 179
170 178
170 177
170 176
169 175
169 174
168 173
168 172
167 171
167 170
166 169
166 168
165 167
165 166
165 165
165 164
164 163
164 162
163 161
163 160
162 159
162 158
162 157
162 156
161 155
161 154
161 153
161 152
161 151
161 150
162 149
163 148
164 147
165 147
166 147
167 147
168 147
169 147
170 147
171 148
172 148
173 148
174 148
175 149
176 149
177 149
176 148
176 147
175 146
175 145
174 145
173 144
172 143
171 142
170 141
169 140
168 139
168 138
167 137
166 136
165 135
164 134
163 133
162 132
162 131
161 130
160 129
159 128
158 127
157 126
156 126
155 125
154 124
153 123
153 122
152 121
151 120
150 119
149 118
149 117
148 116
148 115
147 114
146 113
145 112
144 111
144 110
144 109
143 108
142 107
142 106
141 105
140 104
139 103
139 102
139 101
139 100
138 99
138 98
138 97
138 96
138 95
139 94
140 93
141 92
142 92
143 92
144 92
145 92
146 92
147 92
148 93
149 93
150 93
151 93
152 93
153 93
154 93
153 92
153 91
152 90
151 89
150 89
149 88
148 87
147 86
147 85
146 84
145 84
144 83
143 82
142 81
141 80
140 79
139 78
139 77
138 76
138 75
137 74
136 73
135 72
135 71
134 70
134 69
133 68
133 67
132 66
132 65
131 64
131 63
131 62
131 61
130 60
130 59
129 58
129 57
129 56
129 55
129 54
128 53
128 52
127 51
127 50
127 49
127 48
126 47
126 46
126 45
126 44
125 43
125 42
125 41
125 40
125 39
