235 156
234 157
233 157
232 157
231 157
230 157
229 158
228 159
228 160
228 161
228 162
228 163
228 164
228 165
228 166
227 167
226 167
225 167
224 167
223 167
222 167
221 167
220 167
219 167
218 168
217 168
216 168
215 168
214 168
213 168
212 168
211 168
210 168
209 168
208 168
207 168
206 168
205 168
204 168
203 168
202 168
201 168
200 168
199 168
198 169
197 169
196 169
195 169
194 170
193 170
193 171
192 172
191 173
191 174
190 175
189 176
188 176
188 177
187 178
187 179
187 180
187 181
187 182
187 183
188 184
189 184
190 184
191 183
192 183
193 183
194 183
195 183
196 182
197 182
198 182
199 182
200 182
201 182
202 182
203 182
204 183
204 184
204 185
204 186
203 187
202 188
201 188
200 188
199 188
198 189
197 189
196 189
195 190
194 190
193 191
192 191
192 192
191 193
191 194
191 195
191 196
191 197
191 198
191 199
191 200
191 201
191 202
191 203
191 204
192 205
193 206
194 206
195 206
196 206
197 206
198 206
199 207
200 207
201 207
202 207
203 207
204 207
205 207
206 207
207 207
208 206
209 206
209 205
210 204
210 203
211 202
212 202
213 202
214 202
215 202
216 202
217 202
218 202
219 202
220 202
221 202
222 202
223 202
224 202
225 202
226 203
226 204
227 205
228 205
229 206
230 206
231 206
232 206
233 206
234 206
235 206
236 206
237 206
238 206
239 206
240 205
241 205
242 204
243 204
244 204
245 203
246 203
247 202
248 201
249 200
250 199
251 198
252 197
253 197
254 197
255 197
256 197
257 198
258 198
259 199
259 200
260 201
260 202
261 202
262 203
263 203
264 204
265 204
266 204
267 204
268 203
269 203
270 203
271 202
272 201
272 200
272 199
272 198
272 197
272 196
273 195
274 195
275 195
276 194
277 193
277 192
277 191
277 190
277 189
277 188
276 187
275 186
274 186
273 186
272 186
271 186
270 186
269 185
269 184
269 183
269 182
269 181
269 180
269 179
268 178
268 177
267 177
266 176
265 176
264 176
263 176
262 175
262 174
262 173
262 172
262 171
261 170
261 169
260 168
259 167
258 166
257 165
257 164
257 163
257 162
257 161
257 160
257 159
257 158
256 157
255 156
254 156
253 156
252 156
251 156
250 156
249 156
248 156
247 156
246 156
245 156
244 156
243 156
242 156
241 156
240 156
239 156
238 156
237 156
236 156
