240 156
239 157
238 158
238 159
238 160
238 161
238 162
238 163
238 164
238 165
238 166
238 167
238 168
237 169
236 169
235 169
234 169
233 169
232 169
231 169
230 169
229 169
228 169
227 169
226 169
225 169
224 169
223 169
222 169
221 169
220 169
219 170
218 170
217 170
216 170
215 170
214 170
213 170
212 170
211 170
210 170
209 170
208 170
207 170
206 170
205 170
204 170
203 170
202 171
201 171
200 171
199 172
198 172
197 173
197 174
196 175
196 176
196 177
196 178
196 179
197 180
198 181
199 181
200 181
201 181
202 181
203 181
204 181
205 182
205 183
205 184
205 185
205 186
205 187
205 188
204 189
203 189
202 189
201 190
200 190
199 191
198 192
198 193
197 194
197 195
197 196
197 197
197 198
197 199
198 200
198 201
198 202
199 203
200 204
201 204
202 203
203 203
204 203
205 203
206 203
207 204
208 204
209 205
210 205
211 205
212 205
213 204
214 204
215 204
216 203
217 203
218 202
219 202
220 201
221 201
222 201
223 201
224 201
225 201
226 201
227 201
228 201
229 201
230 201
231 201
232 201
233 201
234 201
235 202
235 203
236 204
237 204
238 205
239 205
240 205
241 205
242 205
243 205
244 205
245 205
246 205
247 205
248 205
249 205
250 205
251 204
252 204
253 203
254 202
255 201
256 201
257 201
258 201
259 201
260 201
261 201
262 201
263 201
264 201
265 201
266 201
267 201
268 201
269 201
270 201
271 201
272 201
273 202
274 203
274 204
275 204
276 205
277 205
278 204
279 204
280 204
281 204
282 204
283 203
284 203
285 202
286 202
286 201
287 200
287 199
287 198
287 197
287 196
288 195
288 194
288 193
288 192
288 191
288 190
288 189
287 188
287 187
286 187
285 186
284 186
283 185
282 185
281 184
281 183
281 182
281 181
280 180
279 179
278 179
277 179
276 179
275 179
274 178
274 177
274 176
274 175
274 174
273 173
273 172
273 171
272 170
272 169
271 168
270 168
269 167
268 166
268 165
268 164
268 163
268 162
269 161
269 160
269 159
268 158
267 157
266 157
265 157
264 157
263 157
262 157
261 157
260 157
259 156
258 156
257 156
256 156
255 156
254 156
253 156
252 156
251 156
250 156
249 156
248 156
247 156
246 156
245 156
244 156
243 156
242 156
241 156
