302 147
301 148
300 148
299 148
298 148
297 148
296 148
295 148
294 148
293 149
292 149
292 150
291 151
291 152
291 153
290 154
290 155
290 156
290 157
290 158
289 159
288 159
287 159
286 159
285 159
284 159
283 159
282 159
281 159
280 159
279 159
278 159
277 159
276 159
275 159
274 159
273 159
272 159
271 159
270 159
269 159
268 159
267 159
266 159
265 159
264 159
263 160
262 160
261 160
260 160
259 160
258 160
257 161
256 161
255 161
254 161
253 161
252 161
251 162
250 162
249 162
248 162
247 163
246 163
245 164
244 164
243 165
242 166
242 167
242 168
241 169
240 169
239 170
238 170
237 171
236 172
236 173
235 174
235 175
234 176
234 177
234 178
235 179
236 180
237 179
238 179
239 179
240 179
241 178
242 178
243 178
244 178
245 178
246 178
247 178
248 178
249 178
250 178
251 179
251 180
251 181
251 182
251 183
251 184
250 185
249 186
248 186
247 187
246 187
245 187
244 188
243 188
242 188
241 189
240 190
240 191
239 192
239 193
239 194
239 195
239 196
239 197
239 198
239 199
239 200
239 201
239 202
240 203
240 204
241 205
242 206
243 206
244 206
245 206
246 206
247 206
248 206
249 206
250 206
251 206
252 206
253 206
254 206
255 206
256 206
257 205
258 205
259 205
260 205
261 204
262 204
262 203
263 202
264 202
265 202
266 202
267 202
268 202
269 202
270 202
271 202
272 202
273 202
274 202
275 202
276 202
277 202
278 202
279 202
280 202
281 202
282 202
283 202
284 202
285 202
286 202
287 202
288 202
289 202
290 202
291 202
292 202
293 202
294 202
295 202
296 202
297 203
298 203
299 203
300 203
301 203
302 203
303 203
304 202
305 201
305 200
306 199
306 198
307 197
308 197
309 197
310 197
311 197
312 197
313 198
314 199
315 200
316 200
317 200
318 200
319 199
320 199
320 198
321 197
321 196
321 195
322 194
323 193
324 193
325 193
326 193
327 193
328 193
329 194
329 195
329 196
329 197
329 198
330 199
330 200
331 201
332 202
333 202
334 203
335 203
336 203
337 203
338 202
339 202
340 202
341 202
342 202
343 202
344 201
345 200
345 199
345 198
345 197
345 196
345 195
345 194
345 193
345 192
345 191
345 190
346 189
347 189
348 188
349 187
349 186
349 185
349 184
349 183
349 182
349 181
349 180
349 179
348 178
347 177
346 177
345 177
344 176
343 176
342 175
342 174
341 173
340 172
339 172
338 172
337 172
336 172
335 172
334 171
334 170
333 169
333 168
333 167
332 166
331 165
330 165
329 165
328 165
327 164
326 164
325 163
325 162
324 161
324 160
323 159
323 158
324 157
324 156
324 155
324 154
324 153
324 152
324 151
323 150
323 149
322 148
321 147
320 147
319 147
318 147
317 147
316 147
315 147
314 147
313 147
312 147
311 147
310 147
309 147
308 147
307 147
306 147
305 147
304 147
303 147
