251 155
250 156
249 156
248 156
247 156
246 156
245 156
244 157
243 157
242 157
241 157
240 157
239 157
238 157
237 157
236 157
235 157
234 158
233 158
233 159
232 160
232 161
232 162
232 163
232 164
232 165
231 166
230 166
229 166
228 167
227 167
226 167
225 167
224 167
223 168
222 168
221 168
220 168
219 168
218 169
217 169
216 169
215 169
214 169
213 169
212 169
211 169
210 169
209 169
208 169
207 169
206 169
205 169
204 169
203 169
202 169
201 169
200 169
199 169
198 169
197 169
196 169
195 169
194 169
193 169
192 169
191 169
190 170
189 170
189 171
188 172
188 173
188 174
187 175
186 176
186 177
185 178
185 179
185 180
185 181
186 182
186 183
187 183
188 183
189 183
190 183
191 183
192 183
193 183
194 183
195 183
196 183
197 183
198 183
199 183
200 183
201 183
202 184
202 185
202 186
202 187
202 188
201 189
200 189
199 190
198 190
197 190
196 190
195 191
194 191
194 192
193 193
193 194
193 195
193 196
194 197
194 198
194 199
194 200
194 201
195 202
195 203
195 204
196 205
197 205
198 204
198 203
199 202
200 202
201 202
202 202
203 203
204 203
205 203
206 204
207 204
208 205
209 205
210 205
211 205
212 205
213 204
214 204
215 203
216 202
217 202
218 202
219 202
220 202
221 202
222 202
223 202
224 202
225 202
226 203
227 204
228 205
229 206
230 206
231 206
232 206
233 206
234 206
235 206
236 206
237 206
238 206
239 206
240 205
241 205
241 204
242 203
242 202
243 201
244 200
245 200
246 200
247 199
248 199
249 199
250 199
251 199
252 199
253 199
254 199
255 199
256 199
257 199
258 199
259 199
260 199
261 199
262 199
263 199
264 199
265 200
266 201
266 202
267 203
268 204
269 204
270 205
271 205
272 205
273 204
274 204
275 203
275 202
276 201
276 200
276 199
276 198
276 197
276 196
276 195
277 194
278 194
279 193
280 192
280 191
280 190
280 189
280 188
280 187
280 186
279 185
279 184
278 184
277 183
276 183
275 182
275 181
275 180
274 179
274 178
273 178
272 177
271 177
270 177
269 177
268 177
267 176
266 176
265 175
265 174
265 173
265 172
265 171
265 170
264 169
263 168
262 168
261 167
261 166
261 165
261 164
261 163
261 162
261 161
261 160
261 159
261 158
261 157
260 156
259 155
258 155
257 155
256 155
255 155
254 155
253 155
252 155
