276 148
275 149
274 149
273 149
272 149
271 149
270 149
269 149
268 149
267 149
266 149
265 150
264 151
264 152
263 153
263 154
263 155
263 156
263 157
263 158
262 159
262 160
262 161
262 162
261 163
260 163
259 163
258 163
257 163
256 163
255 163
254 163
253 163
252 163
251 163
250 163
249 163
248 163
247 163
246 163
245 163
244 163
243 163
242 163
241 163
240 163
239 164
238 164
237 164
236 164
235 164
234 164
233 164
232 165
231 165
230 165
229 166
228 166
227 166
226 167
225 168
225 169
224 170
223 170
222 170
221 170
220 170
219 170
218 171
217 171
216 171
215 172
214 172
214 173
213 174
213 175
213 176
213 177
213 178
213 179
214 180
215 181
216 181
217 180
218 180
219 180
220 180
221 180
222 180
223 180
224 180
225 180
226 180
227 180
228 180
229 181
230 182
230 183
230 184
230 185
229 186
228 186
227 186
226 186
225 186
224 186
223 186
222 187
221 187
220 187
219 187
218 188
217 188
217 189
216 190
216 191
216 192
216 193
216 194
216 195
216 196
217 197
217 198
218 199
218 200
219 201
220 202
220 203
220 204
221 205
222 206
223 206
224 206
225 205
226 205
227 205
228 205
229 204
230 204
231 204
232 204
233 204
234 204
235 204
236 204
237 204
238 204
239 204
240 204
241 203
242 203
243 202
244 202
245 202
246 202
247 202
248 202
249 202
250 202
251 202
252 202
253 202
254 202
255 202
256 202
257 202
258 202
259 202
260 202
261 202
262 202
263 202
264 203
265 203
266 204
267 204
268 205
269 205
270 205
271 205
272 205
273 205
274 205
275 205
276 205
277 205
278 205
279 204
280 204
281 203
282 203
283 202
284 202
285 202
286 201
287 201
288 200
289 200
290 199
290 198
291 197
292 197
293 197
294 197
295 197
296 197
297 197
298 197
299 197
300 198
300 199
300 200
301 201
302 202
303 202
304 202
305 202
306 202
307 202
308 202
309 202
310 202
311 202
312 201
313 201
313 200
314 199
314 198
314 197
314 196
315 195
316 195
317 195
318 195
319 195
320 195
321 194
322 193
322 192
322 191
322 190
322 189
322 188
322 187
322 186
321 185
321 184
320 184
319 183
318 183
317 183
316 183
315 183
314 182
313 181
313 180
312 179
311 179
310 178
310 177
310 176
309 175
308 174
307 174
306 174
305 174
304 174
303 174
302 173
301 172
301 171
300 170
299 169
298 168
298 167
297 166
297 165
297 164
297 163
296 162
296 161
295 160
295 159
295 158
295 157
294 156
294 155
294 154
294 153
294 152
294 151
294 150
293 149
292 148
291 148
290 148
289 148
288 148
287 148
286 148
285 148
284 148
283 148
282 148
281 148
280 148
279 148
278 148
277 148
