295 145
294 146
293 146
292 146
291 147
290 147
289 147
288 147
287 148
286 148
285 148
284 148
283 149
282 149
281 149
280 150
279 150
279 151
278 152
278 153
277 154
277 155
277 156
277 157
276 158
275 159
274 160
273 161
272 161
271 161
270 161
269 161
268 161
267 161
266 161
265 161
264 161
263 161
262 161
261 161
260 161
259 161
258 161
257 161
256 161
255 161
254 162
253 162
252 162
251 162
250 163
249 163
248 163
247 163
246 164
245 164
244 164
243 164
242 164
241 164
240 165
239 165
238 166
237 166
236 166
235 167
234 167
233 167
232 168
231 168
230 169
229 170
228 170
227 171
226 171
225 172
225 173
224 174
225 175
225 176
225 177
226 178
226 179
227 180
228 181
229 181
230 182
231 182
232 182
233 182
234 182
235 182
236 182
237 182
238 182
239 182
240 183
241 184
241 185
240 186
239 187
238 187
237 187
236 188
235 188
234 188
233 188
232 189
231 189
231 190
230 191
230 192
230 193
230 194
230 195
230 196
230 197
230 198
230 199
230 200
230 201
231 202
232 202
233 202
234 202
235 202
236 202
237 202
238 202
239 203
240 203
241 203
242 203
243 203
244 203
245 203
246 203
247 203
248 203
249 203
250 202
251 202
252 202
253 202
254 202
255 201
256 201
257 201
258 201
259 201
260 201
261 200
262 200
263 200
264 200
265 200
266 200
267 200
268 200
269 200
270 200
271 200
272 200
273 200
274 200
275 200
276 200
277 200
278 201
279 202
280 203
281 203
282 203
283 203
284 203
285 203
286 203
287 203
288 203
289 203
290 203
291 202
292 202
293 201
294 200
294 199
295 198
296 198
297 198
298 199
299 200
300 200
301 200
302 199
303 199
303 198
304 197
305 196
306 196
307 196
308 196
309 196
310 196
311 196
312 196
313 196
314 196
315 196
316 197
316 198
316 199
316 200
316 201
316 202
317 203
318 204
319 204
320 204
321 203
322 203
323 203
324 202
325 202
326 202
327 201
328 201
328 200
329 199
329 198
329 197
329 196
329 195
329 194
329 193
329 192
329 191
330 190
331 189
332 189
333 188
334 187
334 186
334 185
334 184
334 183
334 182
333 181
332 180
331 180
330 180
329 179
329 178
328 177
328 176
327 176
326 175
325 174
324 173
323 172
322 172
321 172
320 172
319 171
319 170
319 169
319 168
319 167
318 166
317 165
316 165
315 165
314 165
313 164
312 163
311 162
310 161
310 160
310 159
310 158
309 157
309 156
309 155
309 154
309 153
309 152
309 151
309 150
309 149
309 148
309 147
308 146
307 145
306 145
305 145
304 145
303 145
302 145
301 145
300 145
299 145
298 145
297 145
296 145
