257 152
256 153
255 154
254 155
253 155
252 156
252 157
251 158
251 159
250 160
250 161
250 162
249 163
249 164
249 165
248 166
247 167
246 167
245 167
244 167
243 167
242 167
241 167
240 167
239 167
238 167
237 167
236 167
235 167
234 167
233 167
232 167
231 167
230 167
229 167
228 167
227 167
226 167
225 167
224 167
223 167
222 167
221 167
220 167
219 167
218 167
217 167
216 167
215 167
214 167
213 167
212 167
211 167
210 167
209 168
208 169
208 170
207 171
206 171
205 172
204 172
204 173
203 174
203 175
204 176
204 177
204 178
205 179
205 180
206 180
207 181
208 181
209 181
210 181
211 181
212 181
213 181
214 181
215 181
216 181
217 181
218 181
219 181
220 182
220 183
220 184
220 185
220 186
220 187
220 188
219 189
218 190
217 190
216 190
215 190
214 190
213 190
212 191
211 191
210 191
209 191
208 191
207 192
206 192
206 193
206 194
206 195
207 196
207 197
208 198
209 199
209 200
210 201
211 202
212 203
213 203
214 203
215 203
216 203
217 203
218 203
219 204
220 204
221 204
222 204
223 204
224 204
225 204
226 204
227 204
228 203
229 203
230 202
231 201
232 200
232 199
233 198
234 197
235 197
236 197
237 197
238 197
239 197
240 197
241 197
242 197
243 197
244 197
245 197
246 197
247 197
248 197
249 197
250 197
251 197
252 197
253 197
254 197
255 197
256 198
256 199
257 200
258 201
259 202
260 202
261 203
262 203
263 203
264 203
265 202
266 202
267 202
268 202
269 201
270 201
270 200
271 199
272 198
273 198
274 198
275 198
276 198
277 198
278 198
279 198
280 198
281 198
282 198
283 198
284 198
285 198
286 198
287 198
288 199
289 200
289 201
290 201
291 202
292 203
293 204
294 204
295 204
296 203
297 203
298 202
298 201
299 200
299 199
300 198
300 197
300 196
300 195
300 194
300 193
300 192
301 191
301 190
301 189
301 188
300 187
299 186
298 185
298 184
298 183
298 182
298 181
298 180
297 179
297 178
296 177
295 176
295 175
294 174
293 173
292 172
291 172
290 171
289 171
288 170
287 169
287 168
286 167
286 166
285 165
284 165
283 164
282 163
281 162
280 161
279 160
279 159
279 158
279 157
279 156
279 155
279 154
278 153
277 152
276 152
275 152
274 152
273 152
272 152
271 152
270 152
269 152
268 152
267 152
266 152
265 152
264 152
263 152
262 152
261 152
260 152
259 152
258 152
