189 73
189 74
188 75
187 76
187 77
186 78
185 79
185 80
186 81
187 82
186 83
186 84
186 85
187 86
187 87
187 88
187 89
187 90
188 91
188 92
188 93
188 94
188 95
188 96
188 97
189 98
189 99
190 100
190 101
189 102
189 103
189 104
189 105
189 106
189 107
189 108
190 109
189 110
188 110
189 111
189 112
188 113
187 113
188 114
188 115
187 116
187 117
187 118
187 119
187 120
186 121
186 122
186 123
185 124
186 124
187 125
186 126
186 127
186 128
185 129
185 130
185 131
185 132
184 133
185 134
184 135
184 136
185 137
184 138
185 139
184 140
185 141
185 142
185 143
184 144
183 143
182 143
181 142
180 141
179 141
178 140
178 139
177 139
176 138
176 137
175 137
174 136
173 136
172 135
172 134
171 134
170 133
169 133
168 133
167 133
166 132
166 133
165 134
164 133
163 133
163 134
162 135
161 135
160 135
160 136
159 137
158 137
157 137
156 138
155 138
154 139
153 138
153 139
152 140
151 141
151 142
150 143
149 143
149 144
148 145
147 146
147 147
147 148
146 149
145 150
144 151
143 152
142 151
141 151
140 152
140 153
139 154
140 155
141 155
142 156
143 156
144 155
145 155
146 156
147 155
148 156
148 157
148 158
148 159
147 160
148 161
147 162
148 163
148 164
148 165
147 166
148 167
147 168
146 169
145 170
144 171
144 172
143 173
142 173
142 174
141 175
141 176
142 176
143 177
144 177
145 177
146 177
146 176
147 175
148 176
149 176
150 175
151 176
151 177
152 178
151 179
151 180
151 181
151 182
150 183
149 184
150 185
149 186
148 187
147 187
147 188
146 189
146 190
147 191
148 191
149 191
150 192
150 191
150 190
151 189
152 190
153 189
154 189
154 188
155 187
156 188
156 189
157 190
156 191
157 192
156 193
155 193
155 194
155 195
154 196
154 197
154 198
153 199
154 200
154 201
155 201
156 201
157 200
158 199
158 198
159 197
160 196
161 195
162 194
163 193
164 192
163 191
164 190
165 189
165 188
166 187
166 186
167 185
167 184
168 183
169 183
170 183
170 182
171 181
172 182
173 181
174 182
175 182
176 182
177 183
177 184
178 184
179 185
180 185
181 185
182 186
182 187
182 188
183 188
184 189
183 190
184 190
185 191
186 192
186 193
187 194
187 195
188 195
189 196
190 197
191 198
192 198
193 199
193 200
193 201
193 202
194 203
194 204
194 205
194 206
194 207
195 208
194 209
195 210
196 211
195 212
195 213
196 213
197 214
196 215
196 216
196 217
196 218
197 219
197 220
198 221
198 222
197 223
198 224
199 225
198 226
199 227
199 228
199 229
199 230
199 231
200 232
201 233
201 234
201 235
201 236
202 237
202 238
202 239
203 240
203 241
203 242
203 243
204 244
203 245
204 246
205 247
204 248
204 249
205 250
205 251
205 252
205 253
205 254
206 255
206 256
206 257
207 258
206 259
207 259
208 260
207 261
208 262
208 263
208 264
209 265
210 266
209 267
209 268
210 268
211 269
210 270
211 270
212 271
212 272
212 273
213 274
213 275
214 276
214 277
214 278
215 279
215 280
215 281
215 282
215 283
214 284
215 284
216 285
215 286
216 287
216 288
216 289
217 290
217 291
217 292
218 293
218 294
218 295
219 296
219 297
219 298
220 299
220 300
221 301
221 302
221 303
222 304
221 305
222 306
223 307
222 308
223 308
224 309
224 310
225 311
225 312
226 313
225 314
226 314
227 315
226 316
227 317
228 318
228 319
228 320
229 321
229 322
230 323
231 324
230 325
230 326
231 327
231 328
232 329
232 330
233 331
233 332
234 333
235 334
235 335
234 336
235 336
236 337
236 338
236 339
235 340
234 339
233 339
232 339
231 339
230 340
229 339
228 339
227 339
226 339
225 339
224 340
223 340
222 340
221 341
220 342
220 343
219 344
218 344
218 345
217 346
216 347
215 348
214 349
213 350
213 351
212 352
211 353
210 354
209 355
208 355
207 356
206 357
205 358
206 359
206 360
207 361
208 362
209 363
208 364
207 365
206 365
205 366
204 367
203 368
203 369
202 370
201 371
200 372
201 373
202 374
203 374
204 374
205 375
206 375
207 375
208 375
209 376
208 377
209 378
208 379
207 379
206 380
206 381
205 382
206 383
207 383
208 384
208 385
209 384
210 385
211 384
212 385
212 386
211 387
211 388
212 389
213 389
214 390
215 390
216 390
217 390
218 389
219 389
220 390
221 389
222 389
222 388
223 387
224 387
225 386
226 385
227 385
228 384
229 383
230 383
231 383
231 382
232 381
233 380
233 379
233 378
234 377
235 376
236 375
237 374
238 373
239 373
240 372
241 373
242 372
243 371
244 371
245 370
246 370
247 370
248 370
249 369
250 370
251 369
252 368
253 369
253 368
254 367
255 366
256 367
256 366
257 365
258 365
258 364
259 363
260 364
261 364
262 365
262 366
263 366
264 366
265 367
266 368
267 368
268 368
269 369
270 370
271 371
272 371
273 372
273 373
273 374
274 374
275 375
276 376
277 377
277 378
277 379
277 380
278 380
279 381
279 382
280 383
281 384
280 385
281 385
282 386
283 387
282 388
283 389
283 390
284 391
285 391
286 392
285 393
286 394
287 394
288 395
288 396
289 396
290 397
291 398
291 399
292 400
293 401
294 402
294 403
293 404
294 405
295 406
295 407
296 408
295 409
296 410
297 411
298 412
299 412
300 413
301 413
302 414
302 415
303 416
304 416
305 417
305 418
306 418
307 419
308 419
309 418
310 419
311 419
312 420
312 421
313 420
314 421
315 421
316 421
317 420
318 420
319 420
320 421
321 422
322 422
323 422
324 423
325 424
326 424
327 425
327 426
328 426
329 426
330 427
331 427
332 427
333 428
334 427
335 428
336 428
337 429
338 429
339 430
340 430
341 430
342 431
342 432
343 432
344 432
345 433
346 432
347 433
348 433
349 433
350 433
351 433
352 434
353 434
354 434
355 434
356 434
357 434
358 435
358 434
359 433
360 434
361 434
362 433
363 434
363 435
364 435
365 436
365 437
366 436
367 436
368 437
369 436
370 435
371 435
372 434
373 433
374 433
375 433
376 432
377 432
378 432
379 431
380 431
380 430
381 429
382 430
383 430
383 429
384 428
385 428
386 428
387 427
387 426
388 425
388 424
388 423
389 422
389 421
389 420
389 419
389 418
389 417
390 416
389 415
389 414
389 413
388 413
387 412
388 411
387 410
388 409
387 408
386 407
386 406
385 406
384 405
384 404
383 403
383 402
382 401
381 400
381 399
381 398
380 398
379 397
379 396
379 395
378 395
377 394
376 393
375 394
374 393
373 392
372 391
371 392
370 391
369 390
368 389
368 388
368 387
367 387
366 386
365 385
365 384
364 383
364 382
363 381
363 380
362 379
361 378
360 377
361 376
360 376
359 375
359 374
360 373
361 373
360 372
359 371
358 370
357 369
356 370
355 369
354 369
353 368
353 367
352 367
351 366
351 365
350 365
349 364
348 363
347 362
346 361
347 360
348 359
349 359
350 358
351 357
352 358
352 357
353 356
354 356
354 355
355 354
356 354
356 353
357 352
357 351
357 350
356 349
357 348
358 348
357 347
358 346
358 345
357 344
356 343
355 343
354 342
353 341
353 340
352 339
352 338
351 337
351 336
351 335
351 334
351 333
351 332
351 331
351 330
352 329
353 328
354 327
354 326
355 325
355 324
355 323
356 322
357 321
357 320
358 319
358 318
359 317
358 316
359 315
359 314
360 313
360 312
360 311
361 310
361 309
361 308
361 307
361 306
361 305
362 304
361 303
362 302
362 301
361 300
362 299
363 299
362 298
363 297
363 296
363 295
362 294
363 293
364 293
363 292
363 291
363 290
363 289
363 288
363 287
363 286
363 285
363 284
363 283
362 282
361 281
360 280
360 279
360 278
360 277
360 276
361 275
361 274
362 273
362 272
363 271
363 270
363 269
364 268
364 267
365 266
365 265
365 264
366 263
366 262
366 261
367 260
367 259
367 258
367 257
367 256
368 255
368 254
368 253
368 252
368 251
368 250
368 249
368 248
368 247
368 246
368 245
368 244
368 243
368 242
367 241
367 240
367 239
367 238
367 237
367 236
367 235
366 234
366 233
366 232
366 231
366 230
365 229
365 228
364 227
364 226
363 225
362 224
362 223
361 222
360 221
359 221
358 220
357 219
357 218
357 217
357 216
357 215
357 214
357 213
357 212
357 211
357 210
357 209
357 208
357 207
356 206
356 205
356 204
356 203
355 202
355 201
355 200
354 199
354 198
353 197
353 196
353 195
353 194
353 193
353 192
352 191
352 190
352 189
352 188
351 187
351 186
350 185
350 184
349 183
348 182
347 182
346 182
345 181
345 180
345 179
345 178
345 177
345 176
345 175
344 174
344 173
344 172
344 171
343 170
343 169
343 168
342 167
342 166
342 165
341 164
340 163
339 162
338 161
337 160
337 159
336 158
336 157
335 156
334 155
333 155
332 154
331 153
330 152
330 151
329 151
328 150
327 149
326 148
325 148
324 147
323 146
322 145
321 144
321 143
320 143
319 142
318 142
317 141
316 140
315 140
314 139
314 138
313 137
312 137
311 137
310 136
309 135
308 135
307 134
308 133
308 132
308 131
309 130
308 129
307 128
306 127
306 126
305 125
304 124
304 123
303 122
302 121
301 120
300 120
299 119
298 118
297 117
297 116
296 116
295 115
294 115
293 114
292 114
291 113
290 113
289 112
288 112
287 111
286 111
285 110
284 110
283 109
282 109
281 108
280 108
279 108
278 107
277 107
276 106
276 105
275 104
275 103
274 102
273 101
272 101
271 100
270 100
269 99
268 98
267 97
267 96
266 96
265 95
264 94
264 93
263 93
262 93
261 93
260 92
259 92
258 92
257 92
256 92
255 91
254 91
253 90
252 90
251 90
250 89
249 89
248 89
247 89
246 88
245 88
244 88
243 87
242 87
241 87
240 87
239 86
238 86
237 86
236 86
235 86
234 86
233 86
232 86
231 86
230 86
229 86
228 85
227 85
226 85
225 85
224 85
223 85
222 85
221 84
220 84
219 83
219 82
218 81
217 80
216 80
215 79
214 78
213 78
212 77
211 77
210 76
209 76
208 76
207 76
206 76
205 75
204 75
203 75
202 75
201 75
200 75
199 75
198 75
197 75
196 75
195 75
194 75
193 75
192 74
191 74
190 74
