117 1
116 2
115 2
114 2
113 2
112 2
111 2
110 2
109 3
108 3
107 3
106 4
105 4
104 4
103 4
102 5
101 5
100 6
99 6
98 7
97 7
96 8
95 9
94 9
93 10
92 11
91 12
90 12
90 13
89 14
88 15
87 15
86 15
85 16
84 16
83 17
82 17
81 17
80 17
79 18
78 18
77 18
76 18
75 19
74 19
73 19
72 19
71 19
70 19
69 19
68 20
67 20
66 21
65 22
64 22
63 23
62 23
61 24
60 24
59 24
59 25
58 26
57 27
56 27
55 26
54 26
53 26
52 25
51 25
50 25
49 24
48 24
47 23
46 23
45 23
44 22
43 22
42 22
41 22
40 21
39 21
38 20
37 20
36 20
35 19
34 19
33 19
32 19
31 18
30 18
29 18
28 18
27 18
26 18
25 18
24 17
23 17
22 17
21 17
20 18
19 18
18 18
17 18
16 18
15 18
14 18
13 19
12 19
11 19
10 19
9 20
8 20
7 20
6 20
5 21
4 21
3 21
2 21
1 22
1 23
1 24
1 25
2 25
3 26
4 26
5 26
6 26
7 25
8 26
9 26
10 26
11 26
12 26
13 26
14 26
15 26
16 26
17 26
18 26
19 27
20 27
21 27
22 27
23 28
24 28
25 28
26 29
27 29
28 30
29 30
30 31
31 32
32 32
33 33
34 34
35 34
36 34
37 35
38 36
39 36
40 37
41 38
42 39
43 39
44 40
45 40
46 41
47 41
48 42
49 43
50 43
51 44
51 45
52 45
53 46
53 47
54 47
55 48
56 49
57 50
58 51
58 52
58 53
59 54
59 55
60 56
60 57
61 58
61 59
62 60
63 61
63 62
63 63
64 64
65 65
65 66
66 67
66 68
67 69
68 70
69 71
70 72
71 73
71 74
72 75
72 76
73 77
74 78
75 79
76 80
77 81
76 82
75 82
74 82
73 83
72 83
71 84
70 84
69 85
68 85
67 85
66 85
65 86
64 87
63 87
62 88
61 88
60 89
59 89
58 89
57 89
56 90
55 90
54 91
53 91
52 91
51 92
50 92
49 93
48 93
47 94
46 94
45 94
44 95
43 96
42 96
41 97
40 97
39 98
38 99
37 99
36 100
35 101
34 102
33 103
32 103
32 104
31 105
30 105
29 106
29 107
29 108
28 109
27 109
27 110
27 111
27 112
26 113
26 114
25 115
25 116
25 117
25 118
26 119
27 120
28 121
28 122
29 122
30 123
31 123
32 124
32 125
33 126
33 127
34 128
35 129
35 130
36 131
37 132
38 133
39 134
40 135
41 136
41 137
42 138
43 139
44 139
45 139
46 139
47 138
47 137
47 136
47 135
47 134
48 133
49 134
49 135
50 136
51 136
52 137
52 138
52 139
52 140
53 140
54 140
55 141
55 142
56 143
57 144
57 145
57 146
58 147
59 148
59 149
60 149
61 149
62 149
62 148
63 147
63 146
63 145
63 144
63 143
64 142
65 142
66 143
66 144
67 145
68 146
68 147
69 148
69 149
70 150
70 151
71 152
71 153
72 154
73 154
74 154
75 154
75 153
76 152
76 151
76 150
76 149
76 148
76 147
76 146
77 145
78 146
78 147
79 148
80 149
81 150
81 151
82 152
83 153
84 153
85 153
86 153
86 152
86 151
86 150
86 149
85 148
85 147
85 146
85 145
85 144
84 143
84 142
83 141
83 140
83 139
83 138
82 137
81 136
81 135
80 134
79 133
79 132
78 132
77 131
76 130
76 129
75 128
74 127
74 126
73 125
73 124
73 123
72 122
71 121
72 120
73 120
74 120
75 119
76 119
77 119
78 118
79 118
80 118
81 117
82 117
83 117
84 117
85 117
86 117
87 117
88 117
89 117
90 116
91 116
92 116
93 115
94 115
95 115
96 115
97 115
98 114
99 114
99 113
100 112
101 112
102 113
103 113
104 113
105 113
106 113
107 113
108 112
109 112
110 112
111 112
112 113
112 114
113 114
114 115
115 116
116 117
117 117
118 117
119 118
119 119
119 120
120 120
121 121
122 122
123 123
124 124
125 124
126 125
127 125
128 126
129 127
130 127
131 128
132 129
133 129
134 130
135 131
136 131
137 132
138 132
139 133
140 133
141 133
142 134
142 135
143 135
144 136
145 136
146 137
147 138
148 138
149 139
150 140
151 140
152 140
153 141
154 142
155 142
156 143
157 143
158 144
159 144
160 145
161 145
162 146
163 147
164 147
165 147
166 148
167 148
168 149
169 150
170 150
171 151
172 152
173 152
174 152
175 153
176 154
177 154
178 154
179 155
180 156
181 156
182 156
183 157
184 157
185 157
186 158
187 158
188 159
189 159
190 160
191 160
192 160
193 161
194 161
195 162
196 162
197 163
198 164
199 164
200 165
201 165
202 165
203 166
204 166
205 166
206 166
207 167
208 167
209 168
210 168
211 168
212 168
213 169
214 169
215 169
216 169
217 170
218 170
219 170
220 171
221 171
222 171
223 171
224 171
225 172
226 172
227 172
228 172
229 172
230 172
231 173
232 173
233 173
234 173
235 174
236 174
237 174
238 174
239 174
240 175
241 175
242 175
243 176
244 176
245 176
246 176
247 177
248 177
249 177
250 177
251 177
252 178
253 178
254 178
255 178
256 179
257 179
258 179
259 179
260 179
261 179
262 180
263 180
264 180
265 180
266 180
267 180
268 180
269 181
270 181
271 182
272 182
273 182
274 182
275 183
276 183
277 183
278 184
279 184
280 184
281 185
282 185
283 185
284 185
285 185
286 185
287 185
288 186
289 186
290 186
291 186
292 186
293 186
294 186
295 186
296 186
297 187
296 188
295 189
294 190
294 191
294 192
293 193
292 193
292 194
291 195
290 196
290 197
289 198
289 199
288 200
288 201
287 202
287 203
287 204
286 205
286 206
286 207
286 208
286 209
286 210
286 211
286 212
286 213
286 214
286 215
286 216
286 217
286 218
287 219
287 220
287 221
287 222
288 222
289 223
289 224
290 225
291 226
292 226
293 227
294 227
295 228
296 228
297 229
298 229
299 230
300 230
301 230
302 230
303 230
304 230
305 231
306 231
307 231
308 231
309 232
310 232
311 232
312 232
313 233
314 233
315 234
316 234
317 234
318 235
318 236
319 236
320 237
321 238
322 239
322 240
323 241
324 242
325 242
326 242
327 242
327 241
327 240
327 239
327 238
326 237
326 236
326 235
327 234
328 235
328 236
329 237
330 237
331 237
332 237
332 236
332 235
332 234
332 233
332 232
332 231
332 230
331 229
330 228
330 227
329 226
328 226
327 225
327 224
326 224
325 224
324 223
324 222
323 221
322 220
321 220
320 220
319 219
318 219
317 219
316 219
315 218
314 218
313 217
312 217
311 216
310 215
311 214
312 214
313 214
314 213
314 212
315 211
315 210
316 209
317 209
318 209
319 208
320 207
320 206
321 205
321 204
321 203
322 202
323 202
324 202
324 201
325 200
325 199
325 198
325 197
326 196
327 196
328 196
329 196
329 195
330 194
330 193
330 192
331 191
331 190
331 189
331 188
331 187
331 186
332 185
332 184
333 183
334 184
335 185
336 185
337 186
338 186
339 187
340 187
341 188
341 189
342 190
343 191
344 191
345 192
346 193
347 193
348 193
349 193
350 193
351 193
352 193
353 193
354 193
355 193
356 192
357 193
358 193
359 193
360 193
361 193
362 193
363 193
364 193
365 193
366 193
367 193
368 192
369 192
370 192
371 192
372 192
372 191
373 190
374 190
375 189
376 188
377 187
378 187
379 187
380 187
381 187
382 187
383 187
384 187
385 186
386 186
387 186
388 186
389 186
390 186
391 186
392 186
393 186
394 186
395 186
396 186
397 186
398 186
399 186
400 185
401 185
402 185
403 185
404 184
405 183
406 183
407 182
408 182
409 181
410 181
411 180
412 180
413 179
414 179
415 178
416 178
417 179
418 179
419 179
420 179
421 178
422 177
422 176
422 175
423 174
423 173
423 172
423 171
423 170
423 169
423 168
423 167
423 166
424 165
424 164
424 163
424 162
425 161
425 160
425 159
426 158
426 157
426 156
426 155
426 154
426 153
426 152
425 151
424 151
423 151
422 150
421 149
420 149
419 148
418 148
417 147
416 147
415 146
414 146
413 146
412 146
411 145
410 145
409 145
408 145
407 145
406 144
405 144
404 144
403 144
402 144
401 144
400 144
399 144
398 144
397 144
396 144
395 144
394 144
393 144
392 145
391 145
390 145
389 145
388 145
387 145
386 144
385 144
384 143
383 142
382 142
381 142
380 142
379 142
378 142
377 142
376 142
375 142
374 142
373 142
372 141
371 141
370 141
369 141
368 141
367 141
366 141
365 140
364 140
363 140
362 140
361 140
360 139
359 139
358 138
357 138
356 138
355 137
355 136
355 135
355 134
356 133
356 132
356 131
356 130
356 129
356 128
356 127
356 126
356 125
356 124
356 123
355 123
354 122
353 122
352 122
351 121
350 121
349 121
348 120
347 120
346 119
345 119
344 118
343 118
342 117
341 116
340 116
339 115
338 115
337 114
336 113
335 112
334 111
334 110
333 110
332 109
332 108
331 107
330 106
329 105
329 104
328 103
327 102
326 101
326 100
326 99
325 98
324 97
324 96
323 95
323 94
322 93
321 92
321 91
320 90
319 89
318 88
317 87
317 86
316 85
315 84
315 83
314 82
313 81
312 80
311 79
311 78
310 77
309 76
308 75
307 74
306 73
306 72
305 71
304 70
303 69
303 68
302 67
301 67
300 67
299 66
298 66
297 66
296 66
295 65
294 65
293 64
292 64
291 64
290 63
289 62
288 62
287 61
286 61
285 60
284 60
283 59
282 59
281 58
280 58
279 57
278 57
277 56
276 56
275 55
274 55
273 54
272 53
271 53
270 53
269 52
268 51
267 51
266 50
265 50
264 49
263 48
262 48
261 47
260 46
259 45
258 44
257 43
256 42
255 41
254 40
253 39
252 38
251 37
250 36
249 35
248 34
247 34
246 33
245 33
244 33
243 33
242 34
241 34
240 34
239 34
238 34
237 34
236 34
235 34
234 33
233 33
232 33
231 32
230 32
229 32
228 31
227 31
226 30
225 30
224 29
223 29
222 28
221 28
220 28
219 28
218 27
217 26
216 26
215 26
214 26
213 26
212 25
211 24
210 23
209 23
208 22
207 22
206 21
206 20
205 20
204 19
203 18
202 17
201 16
201 15
200 15
199 15
198 15
197 16
196 16
195 16
194 16
193 16
192 16
191 16
190 16
189 16
188 15
187 15
186 15
185 15
184 14
183 14
182 13
181 13
180 13
179 13
178 12
177 12
176 12
175 12
174 12
173 12
172 11
171 11
170 11
169 10
168 10
167 9
166 8
165 8
164 7
163 7
162 6
161 5
160 5
159 5
158 5
157 6
156 6
155 7
154 6
153 6
152 6
151 6
150 5
149 5
148 5
147 4
146 4
145 4
144 4
143 3
142 3
141 3
140 2
139 2
138 2
137 2
136 2
135 2
134 2
133 2
132 2
131 1
130 1
129 1
128 1
127 1
126 1
125 1
124 1
123 1
122 1
121 1
120 1
119 1
118 1
