27 61
26 62
25 62
24 63
23 63
22 64
21 64
20 64
19 65
19 66
19 67
19 68
19 69
19 70
20 71
20 72
19 73
19 74
19 75
18 76
18 77
18 78
18 79
18 80
18 81
18 82
18 83
19 84
20 85
21 85
22 86
23 86
24 87
25 87
26 87
27 88
28 88
29 88
30 89
31 89
32 90
33 91
33 92
33 93
33 94
34 94
35 94
36 94
37 94
38 94
39 95
39 96
40 97
41 98
42 99
43 99
44 100
45 100
46 100
47 101
46 102
47 103
48 104
49 103
50 104
51 105
52 106
53 107
54 108
55 109
56 109
57 109
58 109
59 110
59 111
60 111
61 112
62 113
63 114
64 115
65 115
66 116
66 117
67 117
68 118
69 117
70 118
70 119
71 119
72 120
73 121
74 122
75 123
75 124
75 125
76 126
76 127
76 128
77 129
77 130
77 131
77 132
77 133
77 134
78 135
78 136
78 137
79 137
80 138
80 139
81 139
82 140
82 141
82 142
83 142
84 143
84 144
84 145
85 146
85 147
86 147
87 148
86 149
86 150
86 151
85 152
85 153
84 154
83 155
84 156
84 157
84 158
84 159
83 160
82 161
82 162
82 163
81 164
82 165
81 166
81 167
81 168
80 169
79 168
78 168
77 167
76 167
75 167
74 168
73 169
73 170
72 171
71 171
70 172
70 173
69 174
68 174
68 175
68 176
67 177
67 178
68 179
68 180
67 181
67 182
66 183
67 184
66 185
66 186
66 187
67 188
68 189
69 189
70 190
71 191
72 192
73 192
74 192
75 192
76 192
77 191
78 191
79 190
80 190
81 189
82 189
83 189
84 189
85 189
86 188
87 189
88 189
89 190
89 191
90 191
91 190
92 189
93 189
94 189
95 189
96 190
96 189
97 188
98 188
99 187
99 186
100 185
101 184
102 183
101 182
102 181
103 181
102 180
103 179
103 178
103 177
104 176
104 175
104 174
105 173
106 174
107 174
108 175
109 176
110 177
111 178
112 178
113 178
114 179
115 178
116 179
117 179
118 180
119 180
120 181
120 182
121 182
122 183
123 184
124 185
125 186
126 186
127 186
128 186
129 187
130 187
131 186
132 187
132 188
133 187
134 188
135 189
136 189
137 189
138 190
139 190
140 190
141 191
142 191
143 191
144 192
145 192
146 191
147 192
147 193
148 192
149 193
150 194
151 194
152 195
153 194
154 195
155 195
156 196
157 196
158 196
159 196
160 197
161 197
162 197
163 198
164 197
165 197
166 197
167 198
168 198
169 197
170 198
171 198
172 199
173 199
174 198
175 199
176 199
177 199
178 200
178 199
179 198
180 199
181 200
182 199
183 200
184 200
185 200
186 200
187 201
188 200
189 200
190 201
191 200
192 201
193 200
194 201
195 201
196 202
197 202
198 201
199 202
200 202
201 202
202 202
203 203
203 202
204 201
205 202
206 202
207 203
208 203
209 203
210 204
211 203
212 204
213 205
214 205
215 205
216 206
216 207
217 208
218 208
219 209
218 210
219 211
220 212
220 213
221 214
220 215
220 216
219 217
218 217
217 218
217 219
216 220
215 221
214 221
214 222
213 223
213 224
213 225
212 226
212 227
212 228
211 229
211 230
212 231
211 232
212 232
213 233
214 234
215 235
215 236
215 237
216 237
217 238
218 238
219 237
220 238
221 238
222 239
222 240
223 239
224 239
224 238
224 237
225 236
226 236
227 235
228 236
228 237
228 238
229 239
230 240
231 239
232 239
232 238
232 237
233 236
234 237
235 236
236 235
237 236
238 236
239 235
240 235
241 236
241 235
242 234
243 233
244 234
244 233
245 232
246 231
247 230
247 229
248 228
249 228
249 227
250 226
250 225
250 224
251 223
251 222
250 221
251 220
251 219
250 218
250 217
251 216
251 215
251 214
251 213
252 212
251 211
250 211
249 210
249 209
248 209
247 208
246 207
245 206
244 206
243 205
244 204
245 203
246 203
247 203
248 203
249 203
250 202
251 201
252 202
253 201
254 200
254 199
255 198
256 198
257 198
258 198
259 198
260 198
261 198
262 199
263 199
264 199
265 199
266 200
267 200
268 201
269 201
270 202
271 202
272 203
273 203
274 204
275 204
276 204
277 204
278 204
279 204
280 204
281 204
281 203
281 202
281 201
281 200
280 199
279 198
279 197
278 196
277 195
277 194
276 193
275 192
274 191
274 190
274 189
273 188
273 187
273 186
273 185
274 184
275 184
276 183
276 182
277 181
276 180
275 179
274 178
273 177
273 176
273 175
273 174
273 173
273 172
273 171
273 170
272 169
272 168
272 167
272 166
272 165
271 164
271 163
271 162
271 161
271 160
271 159
271 158
270 157
270 156
270 155
270 154
270 153
269 152
269 151
269 150
268 149
268 148
268 147
267 146
267 145
267 144
266 143
265 142
265 141
265 140
264 139
264 138
263 137
263 136
262 135
262 134
261 133
260 132
259 131
258 130
257 129
257 128
256 127
255 126
255 125
254 124
253 123
252 123
251 122
251 121
250 120
249 119
248 119
247 118
246 117
245 116
244 115
243 114
242 113
241 113
240 112
239 111
238 110
237 110
236 109
236 108
236 107
235 107
234 106
234 105
233 105
232 104
231 103
230 102
229 101
228 100
227 99
226 98
225 97
225 96
224 95
224 94
223 94
222 93
221 92
221 91
220 90
219 89
218 88
217 88
216 87
215 86
214 85
213 85
212 85
211 84
211 83
210 83
209 82
208 82
207 82
206 81
205 82
204 81
204 80
203 80
202 80
201 79
200 80
199 80
198 79
197 80
196 79
195 79
194 78
193 77
192 77
191 76
190 76
189 75
188 74
187 74
186 73
185 73
184 72
183 72
182 71
181 71
180 70
179 70
178 70
177 70
176 69
175 69
174 69
173 69
172 69
171 68
170 68
169 68
168 68
167 68
166 68
165 68
164 67
163 67
162 67
161 67
160 67
159 67
158 67
157 67
156 67
155 67
154 67
153 67
152 67
151 67
150 67
149 67
148 67
147 66
146 66
145 65
144 65
143 65
142 64
141 65
140 64
139 64
138 64
137 63
136 64
135 64
134 64
133 64
132 65
131 65
130 66
129 67
128 67
127 67
126 68
125 68
124 68
123 68
122 69
121 69
120 69
119 69
118 69
117 70
116 71
115 71
114 71
113 72
112 72
111 73
110 73
109 73
108 74
107 74
106 74
105 73
104 74
103 73
102 73
101 72
100 72
99 73
98 72
97 73
96 72
95 71
94 72
93 72
92 72
91 72
90 72
89 72
88 72
87 73
86 73
85 73
84 74
83 75
82 75
82 76
82 77
81 78
80 78
79 79
78 79
77 80
76 79
75 78
75 77
74 76
73 75
72 74
71 73
70 73
69 73
68 72
67 71
66 71
65 70
65 69
64 69
63 68
62 68
61 67
60 66
59 65
58 64
57 63
56 63
55 62
54 62
53 62
52 62
51 62
50 62
49 62
48 62
47 62
46 62
45 62
44 62
43 62
42 62
41 62
40 62
39 61
38 61
37 61
36 61
35 61
34 61
33 61
32 61
31 61
30 61
29 61
28 61
