66 58
65 59
64 59
63 59
62 59
61 60
60 59
59 60
58 61
57 61
56 62
55 63
54 62
53 63
52 64
52 65
51 66
50 66
50 67
51 68
51 69
50 70
49 71
48 72
49 73
48 74
47 74
48 75
48 76
47 77
48 78
49 79
48 80
49 81
50 82
51 83
52 84
52 85
53 85
54 86
55 87
56 86
57 87
58 87
59 88
60 89
61 89
62 89
63 89
64 90
64 91
65 91
66 92
66 93
67 93
68 94
69 95
70 96
71 97
72 97
73 98
74 99
75 99
76 99
77 100
78 100
79 100
80 101
81 101
82 102
83 102
84 102
85 103
86 103
87 104
88 104
89 105
90 106
91 107
92 108
93 108
94 109
94 110
95 110
96 111
97 111
98 112
98 113
99 113
100 114
100 115
100 116
99 117
98 116
98 117
97 118
96 119
95 119
94 120
93 121
92 121
91 122
90 123
89 123
88 124
87 124
86 125
85 126
84 127
83 127
83 128
82 129
81 129
80 130
79 129
79 130
79 131
78 132
77 131
76 132
75 133
75 134
74 135
73 136
72 135
71 135
70 136
69 135
68 136
67 135
66 135
65 136
64 136
63 136
62 137
61 137
61 138
60 139
59 140
58 140
59 141
59 142
58 143
59 144
59 145
58 146
59 146
60 147
60 148
60 149
61 149
62 150
62 151
63 151
64 152
65 153
66 154
67 154
68 155
69 156
68 157
69 157
70 158
70 159
71 159
72 159
73 160
74 160
75 161
75 162
76 162
77 163
78 163
79 164
80 164
81 164
82 165
83 164
84 165
85 165
86 165
87 165
88 165
89 164
90 164
91 164
91 163
91 162
92 161
93 162
94 161
95 160
96 160
96 159
97 158
98 158
99 157
100 156
100 155
101 154
102 155
102 154
103 153
104 153
104 152
104 151
105 150
106 151
107 150
108 150
108 149
109 148
110 148
111 147
111 146
112 145
113 145
114 146
114 147
115 148
116 149
116 150
117 151
117 152
118 153
119 154
120 155
120 156
121 157
122 158
122 159
123 160
124 161
124 162
125 163
126 164
125 165
124 165
123 165
122 165
121 166
120 165
119 166
118 166
117 167
116 168
115 167
114 168
113 169
113 170
113 171
114 172
115 173
116 173
117 174
118 175
118 176
119 177
120 178
120 179
121 180
121 181
122 181
123 182
123 183
123 184
124 184
125 185
126 185
127 186
127 187
128 187
129 188
128 189
129 190
130 190
131 191
132 191
133 192
134 193
135 193
136 192
137 191
138 192
139 191
140 191
141 191
142 191
143 190
143 189
144 188
145 187
146 187
147 188
148 189
149 190
150 190
151 191
150 192
151 192
152 193
153 194
154 195
155 196
156 197
156 198
157 199
158 200
159 201
159 202
160 203
161 203
162 204
163 205
162 206
163 206
164 207
164 208
164 209
165 209
166 210
166 211
167 212
168 213
168 214
169 214
170 215
171 216
171 217
171 218
172 219
173 220
174 221
173 222
174 222
175 223
176 224
177 225
177 226
178 227
179 228
180 229
181 230
181 231
181 232
182 233
183 234
183 235
184 236
185 237
185 238
186 239
187 240
188 240
189 241
190 242
191 243
191 244
192 245
193 246
194 247
194 248
195 249
196 250
196 251
197 252
198 253
199 253
200 254
200 255
201 256
202 257
201 258
202 259
203 259
204 260
204 261
204 262
204 263
205 264
205 265
204 266
205 267
206 268
206 269
206 270
207 271
207 272
207 273
208 274
208 275
209 276
208 277
207 277
206 277
205 278
204 277
204 278
203 279
202 279
201 280
201 281
200 282
199 283
200 283
201 284
200 285
199 286
199 287
199 288
200 289
200 290
200 291
200 292
201 293
202 294
203 294
204 295
205 296
205 297
206 297
207 298
207 299
208 299
209 300
210 300
211 301
211 302
212 302
213 302
214 303
215 303
216 303
217 304
218 303
219 304
219 305
220 304
221 305
222 305
223 305
224 306
225 305
226 306
227 307
228 307
229 307
230 307
231 306
232 307
233 306
234 305
235 304
236 304
237 303
238 302
239 301
239 300
239 299
240 298
241 298
242 299
243 300
244 301
244 302
245 303
246 304
246 305
247 306
248 306
249 307
250 307
250 306
251 305
252 304
252 303
251 302
252 301
252 300
251 299
251 298
251 297
250 296
251 295
252 294
253 294
254 293
255 293
256 293
257 292
258 291
259 291
260 291
261 290
262 289
262 288
263 287
264 287
264 286
265 285
266 285
266 284
267 283
268 282
269 281
269 280
270 279
271 279
271 278
270 277
271 276
272 276
272 275
273 274
273 273
273 272
274 271
274 270
273 269
273 268
274 267
274 266
274 265
275 264
275 263
276 262
275 261
276 260
275 259
276 258
276 257
276 256
276 255
277 254
276 253
277 252
278 252
277 251
278 250
279 249
278 248
279 247
280 246
280 245
281 244
282 243
281 242
282 241
283 241
284 240
284 239
285 238
286 238
285 237
285 236
286 235
287 235
287 234
287 233
288 232
289 232
288 231
289 230
290 230
290 229
291 228
291 227
291 226
292 225
292 224
292 223
293 222
293 221
294 220
295 219
294 218
295 217
295 216
295 215
295 214
296 213
296 212
295 211
296 210
296 209
297 208
296 207
296 206
296 205
297 204
296 203
297 202
296 201
296 200
297 199
296 198
296 197
296 196
296 195
296 194
296 193
295 192
295 191
295 190
295 189
295 188
294 187
295 186
294 185
294 184
294 183
293 182
293 181
293 180
292 179
292 178
292 177
291 177
290 176
291 175
291 174
290 173
289 172
289 171
288 170
288 169
287 168
287 167
287 166
286 166
285 165
284 164
284 163
283 162
282 161
282 160
281 159
280 158
279 157
278 156
278 155
277 154
276 153
275 153
274 152
273 151
272 150
271 149
271 148
270 147
269 146
270 145
269 145
268 144
267 143
266 142
265 141
264 140
264 139
263 139
262 138
261 137
260 136
259 135
260 134
259 134
258 133
257 132
256 131
255 131
254 130
253 129
252 128
251 127
250 127
249 126
249 125
248 125
247 124
247 123
246 123
245 122
244 122
243 121
243 120
242 120
241 119
240 119
239 118
239 117
238 116
237 116
236 115
236 114
235 114
234 113
235 112
234 112
233 111
232 110
232 109
231 108
230 107
229 106
228 105
227 105
226 104
227 103
226 102
225 101
224 101
223 100
222 99
223 98
222 98
221 97
220 96
219 95
218 94
217 94
216 93
216 92
215 92
214 91
213 90
212 89
211 89
210 88
209 88
208 87
207 86
206 86
205 85
204 85
203 84
202 84
201 84
200 83
199 83
198 82
198 81
197 82
196 81
195 80
194 79
193 79
192 79
191 78
190 78
189 77
188 77
187 78
186 77
186 76
185 76
184 76
183 75
182 76
181 75
180 74
179 75
178 74
177 75
176 75
175 75
174 76
173 76
172 75
171 76
170 77
169 76
168 77
167 77
166 77
165 77
164 78
163 78
162 78
161 78
160 78
159 79
158 79
157 78
156 79
155 78
154 77
153 78
152 77
151 77
150 77
149 77
148 76
147 75
146 75
145 74
144 74
143 75
142 75
142 76
141 77
140 77
140 78
139 79
138 80
137 81
136 82
135 83
135 84
134 85
133 86
132 87
131 88
130 89
129 89
128 90
127 90
126 90
125 89
124 90
123 90
122 90
121 90
120 89
119 88
118 89
117 88
116 87
115 86
114 86
113 85
113 84
112 84
111 83
110 82
109 81
108 80
107 79
106 79
105 78
104 77
104 76
103 75
102 74
101 73
100 72
99 72
98 71
98 70
97 70
96 69
95 68
94 67
93 67
92 66
92 65
91 65
90 64
89 64
88 64
87 63
86 63
85 62
84 62
83 61
82 61
81 62
80 61
79 60
78 61
77 60
76 60
75 60
74 59
73 60
72 59
71 60
70 60
69 59
68 60
67 59
