171 71
170 72
169 73
168 72
167 73
166 72
165 73
164 73
163 72
162 73
161 74
160 73
159 72
159 73
158 74
157 74
156 73
155 74
154 74
153 75
152 75
151 75
150 75
149 75
148 75
147 76
146 76
145 76
144 76
143 77
142 77
141 77
140 78
139 78
138 78
137 79
136 78
135 79
134 80
133 79
132 80
131 80
130 79
129 78
128 77
127 77
126 77
125 76
124 77
123 76
122 76
121 76
120 75
119 75
118 75
117 75
116 75
115 75
114 75
113 75
112 76
111 77
110 77
109 78
108 79
107 79
106 80
105 81
104 80
104 81
103 82
102 83
101 83
100 83
99 84
98 85
97 85
96 86
95 86
94 85
93 85
92 84
91 83
90 84
89 83
88 83
87 84
86 83
85 84
84 85
83 86
82 86
81 87
80 88
79 89
78 90
77 91
76 92
75 91
75 92
74 93
73 93
72 94
71 95
71 96
70 97
69 97
69 98
68 99
67 100
66 101
66 102
66 103
66 104
66 105
67 106
68 107
69 108
70 108
71 107
72 107
73 106
74 107
74 108
74 109
73 110
73 111
73 112
72 113
72 114
71 115
70 116
69 116
68 117
68 118
67 119
66 120
65 120
64 121
63 122
62 123
61 122
60 122
60 123
59 124
58 123
57 122
56 123
55 123
54 123
53 123
52 123
51 124
50 123
49 123
48 123
47 122
47 121
46 121
45 121
44 120
43 119
43 118
42 117
41 117
40 117
39 117
38 116
38 115
37 115
36 114
35 113
34 112
33 111
32 110
31 109
30 109
29 108
28 108
27 107
26 107
25 107
24 106
24 107
23 108
22 108
22 109
21 110
21 111
22 111
23 112
23 113
24 113
25 114
26 115
27 116
28 116
29 117
30 118
29 119
30 119
31 120
32 121
32 122
33 123
33 124
34 124
35 125
36 126
36 127
37 128
38 128
39 129
39 130
39 131
40 131
41 132
41 133
42 133
43 134
44 134
45 135
46 136
47 136
48 137
49 137
50 138
51 138
52 139
53 139
54 139
55 140
56 140
57 141
57 142
57 143
56 144
56 145
55 146
56 147
56 148
57 149
56 150
57 151
56 152
56 153
56 154
57 155
58 156
59 157
59 158
60 159
61 160
62 160
63 160
64 161
65 161
66 161
67 162
68 161
69 162
69 163
70 163
71 164
72 164
73 164
74 164
75 165
75 164
76 163
77 164
78 164
78 163
79 162
80 163
81 162
82 161
83 161
83 160
84 159
85 159
85 158
85 157
86 156
87 157
88 158
89 157
90 158
91 159
92 158
93 159
93 160
94 160
95 160
96 159
97 160
98 161
99 160
100 161
101 162
102 161
103 162
104 162
105 163
106 163
107 163
108 163
109 162
110 163
111 163
112 163
113 162
114 163
115 162
116 163
117 164
118 164
119 165
118 166
119 167
120 168
121 169
122 170
121 171
121 172
121 173
121 174
122 175
122 176
122 177
123 178
124 179
124 180
125 181
126 182
127 183
128 184
128 185
129 185
130 186
131 187
132 188
133 189
134 188
135 189
135 190
135 191
136 191
137 192
137 193
137 194
138 194
139 195
140 196
140 197
141 198
142 199
143 200
144 201
145 202
146 202
147 203
147 204
148 204
149 205
150 205
151 206
151 207
152 207
153 208
154 209
155 210
156 211
157 212
158 213
159 212
160 213
161 213
162 214
162 215
163 215
164 215
165 216
166 216
167 217
167 218
168 218
169 218
170 219
171 220
172 219
173 220
174 221
175 221
176 222
175 223
176 224
177 224
178 225
178 226
179 226
180 227
181 228
182 229
183 229
184 230
184 231
185 231
186 231
187 232
188 232
189 233
190 233
191 234
192 235
193 235
194 236
195 235
196 236
197 236
198 236
199 237
200 238
200 239
199 240
198 241
197 240
196 241
195 242
194 242
193 243
192 243
191 244
190 244
189 245
189 246
188 247
187 246
186 247
185 248
184 247
183 248
182 249
181 249
180 250
179 251
178 252
177 253
177 254
176 255
176 256
176 257
175 258
174 259
173 259
174 260
174 261
173 262
172 262
172 263
172 264
171 265
171 266
170 267
169 267
170 268
169 269
169 270
169 271
170 272
170 273
171 274
170 275
171 276
172 276
173 277
174 277
175 278
176 279
177 280
177 281
178 281
179 282
180 282
181 282
182 283
182 284
183 284
184 285
184 286
184 287
185 287
186 288
186 289
187 289
188 289
189 289
190 288
191 287
192 287
193 286
194 285
195 284
196 283
197 282
196 281
197 280
198 279
198 278
199 277
200 277
199 276
199 275
200 274
201 274
202 273
203 273
204 273
205 272
206 272
207 272
208 272
209 272
210 271
211 272
212 272
212 271
213 270
214 271
215 270
216 269
217 269
218 270
219 269
220 268
221 268
222 268
223 268
223 267
224 266
225 266
226 266
227 265
228 265
228 264
229 263
230 262
231 263
232 263
233 262
234 261
235 261
236 261
236 260
237 259
238 259
239 260
239 261
239 262
240 263
239 264
239 265
240 266
240 267
240 268
240 269
239 270
238 270
238 271
238 272
237 273
236 273
236 274
235 275
235 276
235 277
235 278
234 279
235 280
234 281
235 282
235 283
235 284
236 285
236 286
237 287
238 287
239 287
240 288
241 289
241 290
242 291
243 292
244 291
245 291
246 292
247 292
248 293
249 293
250 293
251 292
252 293
253 292
254 293
255 293
256 292
257 292
258 291
259 290
260 291
260 292
261 291
261 290
262 289
263 290
264 289
265 288
265 287
266 286
266 285
266 284
267 283
267 282
266 281
267 280
268 280
268 279
268 278
268 277
268 276
268 275
269 274
268 273
269 272
268 271
269 270
269 269
269 268
270 267
270 266
271 265
270 264
271 263
271 262
271 261
271 260
270 259
271 258
272 258
273 258
274 258
275 259
276 258
277 259
278 260
279 259
280 260
281 260
282 260
283 260
284 259
285 260
286 260
287 260
288 260
289 261
290 260
291 261
292 261
293 261
294 262
295 262
296 262
297 262
298 263
298 264
299 264
300 264
301 265
302 265
303 266
303 267
304 267
305 268
306 269
307 270
308 270
309 270
310 271
311 272
311 273
312 274
313 274
314 275
315 274
316 275
317 276
318 275
319 276
320 275
321 275
322 276
323 276
324 277
325 277
326 276
327 276
328 277
328 276
328 275
329 274
330 275
331 275
332 274
333 274
333 273
334 272
335 272
335 271
335 270
336 269
336 268
335 267
334 266
334 265
334 264
334 263
334 262
335 261
334 260
334 259
334 258
334 257
333 256
333 255
332 254
331 253
332 252
331 252
330 251
330 250
330 249
329 249
328 248
328 247
327 246
326 245
325 244
324 243
323 243
322 242
322 241
322 240
321 239
320 238
319 238
318 237
317 236
316 235
315 235
314 234
314 233
313 234
312 233
311 232
310 232
309 232
308 231
307 232
306 231
305 232
304 231
303 231
302 231
301 230
300 230
299 230
298 230
297 230
296 230
295 229
294 230
293 229
292 230
291 229
291 228
290 229
289 229
288 228
287 228
286 227
285 227
284 227
283 226
282 226
281 225
280 224
281 223
282 222
281 221
282 220
281 219
281 218
282 217
281 216
280 215
280 214
280 213
279 212
280 211
279 210
279 209
278 208
277 207
277 206
277 205
277 204
278 203
277 202
277 201
278 200
278 199
278 198
278 197
278 196
278 195
278 194
277 193
278 192
277 191
277 190
277 189
277 188
278 187
278 186
278 185
277 184
277 183
277 182
277 181
277 180
276 179
276 178
277 177
277 176
276 175
277 174
277 173
276 172
276 171
276 170
276 169
275 168
276 167
276 166
277 165
276 165
275 164
274 163
274 162
273 161
272 161
271 160
272 159
271 158
270 158
269 157
269 156
268 155
268 154
268 153
267 152
268 151
267 150
266 149
266 148
265 147
265 146
265 145
265 144
264 143
264 142
264 141
264 140
264 139
263 139
262 138
262 137
262 136
262 135
261 134
261 133
261 132
260 132
259 131
258 131
257 130
257 129
256 129
255 128
254 127
253 126
252 125
251 125
250 124
250 123
249 124
248 123
247 123
246 122
246 121
245 121
244 120
243 119
244 118
243 118
242 117
242 116
242 115
241 115
240 114
240 113
240 112
239 112
238 111
239 110
238 110
237 109
236 108
237 107
236 107
235 106
234 105
235 104
234 104
233 103
232 102
231 101
231 100
231 99
230 99
229 98
229 97
228 96
227 95
226 95
225 94
225 93
224 93
223 92
222 91
221 91
220 90
219 90
218 90
217 90
216 89
215 89
214 89
213 88
212 88
211 88
210 87
209 87
208 87
207 87
206 87
205 86
204 86
203 85
202 86
201 85
200 84
199 85
198 84
197 84
196 84
195 83
194 83
193 83
192 82
191 81
190 80
189 79
188 78
187 77
186 77
185 77
184 76
183 75
182 75
181 75
180 74
179 73
178 73
177 73
176 72
175 72
174 72
173 72
172 73
171 72
