446 93
446 94
445 95
444 95
443 95
442 95
441 95
440 95
440 96
439 97
438 97
438 98
437 99
436 99
435 99
434 99
433 99
432 99
432 100
431 101
430 101
430 102
429 103
428 103
428 104
427 105
426 105
425 105
424 105
424 106
423 107
422 107
421 107
420 107
419 107
418 107
417 107
416 107
415 107
414 107
413 107
412 107
411 107
410 107
409 107
408 107
407 107
406 107
405 107
404 107
403 107
402 107
402 108
401 109
400 109
399 109
398 109
397 109
396 109
396 110
395 111
394 111
393 111
393 112
392 113
391 113
390 113
389 113
389 114
388 115
387 115
387 116
386 117
385 117
385 118
384 119
383 119
383 120
382 121
381 121
381 122
380 123
379 123
379 124
378 125
377 125
376 126
375 126
374 126
373 126
373 127
372 128
371 128
370 128
369 128
368 128
367 128
366 128
365 128
364 128
363 128
362 128
361 128
360 127
360 126
359 126
358 126
357 126
356 126
355 126
354 126
353 126
352 126
351 126
350 125
349 125
348 125
347 125
346 125
345 125
344 125
343 125
342 125
341 125
340 124
340 123
339 123
338 123
337 123
336 123
335 123
334 122
334 121
333 121
332 121
331 121
330 121
329 121
328 121
327 121
326 121
325 121
324 121
323 121
322 121
321 121
320 121
319 121
318 121
317 121
316 121
315 121
314 121
313 121
312 120
312 119
311 119
310 119
309 119
308 119
307 119
306 119
305 119
304 119
303 119
302 119
301 119
300 119
299 119
298 119
297 119
296 119
295 119
294 119
293 118
293 117
292 117
291 117
290 117
289 117
288 117
287 117
286 117
285 117
284 117
283 117
282 117
281 117
280 117
279 117
278 117
277 117
276 117
275 117
274 117
273 117
272 117
271 117
270 117
269 117
268 117
267 117
266 117
265 117
264 117
263 117
262 117
261 117
260 117
259 117
258 117
257 117
256 117
255 117
254 117
253 117
252 117
251 117
250 117
249 117
248 117
247 117
246 117
245 117
244 117
243 117
242 117
241 117
240 117
239 117
238 117
237 117
236 117
235 117
234 117
233 117
232 117
231 117
230 117
229 117
228 117
227 117
226 117
225 117
224 117
223 117
222 117
221 117
220 117
219 117
218 117
217 117
216 117
215 117
214 117
213 117
212 117
211 117
210 117
209 117
208 117
207 117
206 117
205 117
204 117
203 117
202 117
201 117
200 117
199 117
198 117
197 117
196 116
196 115
195 115
194 115
193 115
192 115
191 115
190 115
189 115
188 115
187 115
186 115
185 115
184 115
183 115
182 115
181 115
180 115
179 115
178 115
177 115
176 115
175 115
174 115
173 115
172 115
171 115
170 115
169 115
168 115
167 115
166 115
165 115
165 116
164 117
163 117
162 117
161 117
160 117
159 117
158 117
157 117
156 117
155 117
154 117
153 117
153 118
152 119
151 119
150 119
149 119
148 119
147 119
146 119
145 119
145 120
144 121
143 121
142 121
141 121
140 121
139 121
138 121
137 121
136 121
135 121
134 121
133 121
132 121
131 121
130 121
129 121
128 121
127 121
126 121
125 121
124 121
123 121
122 121
121 121
121 122
120 123
119 123
118 123
117 123
116 123
115 123
114 123
113 123
112 123
111 123
110 123
109 123
108 123
107 123
106 123
105 123
104 123
103 123
102 123
101 123
100 123
99 123
98 123
97 123
96 123
96 124
95 125
94 125
93 125
92 125
91 125
90 125
89 126
88 126
87 126
86 126
86 127
85 128
84 128
83 128
82 128
81 128
80 128
79 128
78 128
77 128
76 128
75 128
74 128
74 129
73 130
72 130
71 130
70 130
70 131
69 132
68 132
68 133
67 134
66 134
66 135
65 136
64 136
64 137
64 138
64 139
63 140
62 140
62 141
62 142
62 143
62 144
62 145
62 146
62 147
62 148
62 149
62 150
62 151
61 152
60 152
60 153
60 154
60 155
60 156
60 157
59 158
58 158
58 159
58 160
58 161
58 162
58 163
58 164
58 165
58 166
58 167
58 168
58 169
58 170
58 171
58 172
58 173
58 174
58 175
59 175
60 176
60 177
60 178
60 179
60 180
60 181
60 182
60 183
61 183
62 184
62 185
62 186
62 187
62 188
62 189
62 190
62 191
62 192
62 193
62 194
62 195
62 196
62 197
62 198
63 198
64 199
64 200
64 201
64 202
65 202
66 203
66 204
67 204
68 205
68 206
69 206
70 206
71 206
72 207
72 208
73 208
74 208
75 208
76 208
77 208
78 208
79 208
80 208
81 208
82 208
83 208
84 208
85 208
86 208
87 208
88 208
89 208
90 208
91 208
92 208
93 208
94 208
95 208
96 208
97 208
98 208
99 208
100 208
101 208
102 208
103 208
104 208
105 208
106 208
107 208
108 208
109 208
110 208
111 208
112 208
113 208
114 208
115 208
116 208
117 208
118 208
119 208
120 208
120 207
121 206
122 206
123 206
124 206
125 206
126 206
127 206
128 206
129 206
130 206
131 206
132 206
133 206
134 206
135 206
136 206
137 206
138 206
139 206
140 206
141 206
142 206
143 206
144 206
145 206
146 206
147 206
148 206
149 206
150 206
151 206
152 206
153 206
154 206
155 206
156 206
157 206
158 206
159 206
160 206
161 207
161 208
162 208
163 208
164 208
165 208
166 208
167 208
168 208
168 207
169 206
170 206
171 206
172 206
173 206
174 206
174 205
175 204
176 204
177 204
178 204
178 203
179 202
180 202
181 202
182 202
182 201
183 200
184 200
185 200
186 200
187 200
188 200
189 200
190 200
191 200
192 200
193 200
194 200
195 200
196 200
197 200
198 200
199 200
200 200
201 200
202 200
203 200
204 200
205 200
206 200
207 200
208 200
209 200
210 200
211 200
212 200
213 200
214 200
215 200
216 200
217 200
218 200
219 200
220 200
221 200
222 200
223 200
224 200
225 200
226 200
227 200
228 200
229 200
230 201
230 202
231 202
232 202
233 202
234 202
235 202
236 202
237 202
238 202
239 202
240 202
241 202
242 202
243 202
244 202
245 202
246 202
247 202
248 202
249 202
250 202
251 202
252 202
253 202
254 202
255 202
256 202
257 202
258 202
259 202
260 202
261 202
262 203
262 204
263 204
264 204
265 204
266 204
267 204
268 204
269 204
270 204
271 204
272 204
273 204
274 204
275 204
276 204
277 204
278 204
279 204
280 204
281 204
282 204
283 204
284 205
284 206
285 206
286 206
287 206
288 206
289 206
290 206
291 206
292 206
293 206
294 206
295 206
296 206
297 206
298 206
299 206
300 206
301 206
302 206
303 207
303 208
304 208
305 208
306 208
307 208
308 208
309 208
310 208
311 208
312 208
313 208
314 208
315 208
316 208
317 208
318 208
319 208
320 208
321 209
321 210
322 210
323 210
324 210
325 210
326 210
327 210
328 210
329 210
330 210
331 210
332 210
333 210
334 210
335 210
336 210
337 210
338 210
339 211
339 212
340 212
341 212
342 212
343 212
344 212
345 212
346 212
347 212
348 212
349 212
350 212
351 212
352 212
353 212
354 212
355 212
356 212
357 212
358 212
359 213
359 214
360 214
361 214
362 214
363 214
364 214
365 214
366 214
367 215
367 216
368 216
369 216
370 216
371 217
371 218
372 218
373 219
373 220
374 220
375 221
375 222
376 222
377 223
377 224
378 224
379 225
379 226
380 226
381 226
382 226
383 227
383 228
384 228
385 229
385 230
386 230
387 231
387 232
387 233
387 234
388 234
389 234
390 234
391 234
392 234
393 235
393 236
394 236
395 236
396 237
396 238
397 238
398 239
398 240
399 240
400 240
401 240
402 241
402 242
403 242
404 243
404 244
405 244
406 245
406 246
407 246
408 247
408 248
409 248
410 248
411 248
412 248
413 248
414 248
415 248
416 248
417 248
418 249
418 250
419 250
420 250
421 250
422 251
423 251
424 251
425 251
426 251
427 251
428 251
429 251
430 252
430 253
431 253
432 253
433 253
434 253
435 253
436 253
437 253
438 253
439 253
440 253
441 253
442 253
443 253
444 253
445 253
446 253
447 253
448 253
449 253
450 253
451 253
451 252
452 251
453 251
454 251
455 251
456 251
457 251
458 250
459 250
460 250
461 250
462 250
463 250
464 250
465 250
465 249
466 248
467 248
468 248
469 248
470 248
471 248
472 248
473 248
474 248
475 248
476 248
477 248
478 248
479 248
480 248
481 248
482 248
483 248
484 248
485 248
486 248
487 248
487 247
488 246
489 246
490 246
491 246
491 245
492 244
493 244
494 244
494 243
494 242
494 241
495 240
496 240
496 239
497 238
498 238
499 238
500 238
500 237
501 236
502 236
503 236
504 236
505 236
506 236
506 235
507 234
508 234
509 234
510 234
510 233
511 232
512 232
512 231
513 230
514 230
514 229
515 228
516 228
516 227
516 226
516 225
517 224
518 224
518 223
519 222
520 222
520 221
521 220
522 220
523 220
524 220
524 219
525 218
526 218
527 218
528 218
529 218
530 218
531 218
532 218
533 218
534 218
534 217
535 216
536 216
537 216
538 216
539 216
540 216
541 216
542 216
543 216
544 216
545 216
546 216
547 216
548 216
549 216
550 216
551 216
552 216
553 216
554 216
555 216
556 216
557 216
558 216
559 216
560 216
561 216
562 216
563 216
564 216
565 216
566 216
567 216
568 216
569 216
570 216
571 216
572 216
572 215
573 214
574 214
575 214
576 214
577 214
578 214
579 214
580 214
581 214
582 214
583 214
584 214
585 214
586 214
587 214
588 214
589 214
590 214
591 214
592 214
593 214
594 214
595 214
596 214
597 214
598 214
599 214
600 214
601 214
602 214
603 214
604 214
605 214
606 214
607 214
608 214
609 214
609 213
610 212
611 212
612 212
613 212
614 212
615 212
616 212
617 212
618 212
619 212
620 212
621 212
622 212
623 212
624 212
625 212
626 212
627 212
628 212
629 212
630 212
631 212
632 212
633 212
634 212
635 212
636 212
637 212
638 212
639 212
640 212
641 212
642 212
643 212
644 212
645 212
646 212
647 212
648 212
649 212
650 212
651 212
652 212
653 212
654 212
655 212
656 212
657 212
658 212
659 212
660 212
661 212
662 212
663 212
664 212
665 212
666 212
667 212
668 212
669 212
670 212
671 212
672 212
673 212
674 212
675 212
676 212
677 212
678 212
679 212
680 212
681 212
682 212
683 212
684 212
685 212
686 212
687 212
688 212
689 212
690 212
691 212
692 212
693 212
694 212
695 212
696 212
697 212
698 212
699 212
700 212
701 212
702 212
703 212
704 212
705 212
706 212
707 213
707 214
708 214
709 214
710 214
711 214
712 214
713 214
714 214
715 214
716 214
717 214
718 214
719 214
720 214
721 214
722 214
723 214
724 214
725 214
726 214
727 214
728 214
729 214
730 214
731 214
732 214
733 214
734 214
735 214
736 214
737 214
738 214
739 214
740 214
741 214
742 214
743 214
744 214
745 214
746 214
747 214
748 214
749 214
750 214
751 214
752 214
753 214
754 214
755 214
756 214
757 214
758 214
759 214
760 214
761 214
762 214
763 214
764 214
765 214
766 214
767 214
768 214
769 214
770 214
771 214
772 214
773 214
774 214
775 214
776 214
777 214
778 214
779 215
779 216
780 216
781 216
782 216
783 216
784 216
785 216
786 216
787 216
788 216
789 216
790 216
791 216
792 216
793 216
794 216
795 216
796 216
797 216
798 216
799 216
800 216
801 216
802 216
803 216
804 216
805 216
806 216
807 216
808 216
809 216
810 216
811 216
812 216
813 216
814 216
815 216
816 217
816 218
817 218
818 218
819 218
820 218
821 218
822 218
823 218
824 218
825 218
826 218
827 218
828 218
829 218
830 218
831 218
832 218
833 218
834 218
835 218
836 218
837 218
838 219
838 220
839 220
840 220
841 220
842 220
843 220
844 220
845 220
846 220
847 220
848 220
849 220
850 220
851 220
852 220
853 220
854 220
855 220
856 220
857 220
858 220
859 220
860 220
861 220
862 220
863 220
864 220
865 220
866 220
867 220
868 220
869 220
870 221
870 222
871 222
872 222
873 222
874 222
875 222
876 222
877 222
878 222
879 222
880 222
881 222
882 222
883 222
884 222
885 222
886 222
887 222
888 222
889 222
890 222
891 222
892 222
893 222
894 222
895 222
896 222
897 222
898 222
899 222
900 222
901 223
901 224
902 224
903 224
904 224
905 224
906 224
907 224
908 224
909 224
910 224
911 224
912 224
913 224
914 224
915 224
916 224
917 224
918 224
918 223
919 222
920 222
921 222
922 222
922 221
923 220
924 220
925 220
926 220
926 219
927 218
928 218
928 217
929 216
930 216
930 215
931 214
932 214
932 213
933 212
934 212
934 211
934 210
934 209
934 208
934 207
934 206
934 205
935 204
936 204
936 203
936 202
936 201
937 200
938 200
938 199
938 198
938 197
938 196
938 195
938 194
938 193
938 192
938 191
938 190
938 189
938 188
938 187
938 186
938 185
938 184
937 184
936 183
936 182
936 181
936 180
936 179
936 178
935 178
934 177
934 176
934 175
934 174
934 173
934 172
934 171
934 170
933 170
932 169
932 168
932 167
932 166
931 166
930 165
930 164
930 163
930 162
929 162
928 161
928 160
927 160
926 159
926 158
925 158
924 157
924 156
923 156
922 155
922 154
921 154
920 154
919 154
918 153
918 152
917 152
916 152
915 152
914 151
914 150
913 150
912 150
911 150
910 149
910 148
909 148
908 148
907 148
906 148
905 148
904 147
904 146
903 146
902 146
901 146
900 146
899 146
898 146
897 146
896 145
896 144
895 144
894 144
893 144
892 144
891 144
890 144
889 144
888 144
887 144
886 144
885 144
884 144
883 144
882 144
881 143
881 142
880 142
879 142
878 142
877 142
876 142
875 142
874 142
873 142
872 142
871 141
871 140
870 140
869 140
868 140
867 140
866 140
865 140
864 140
863 140
862 140
861 140
860 140
859 139
859 138
858 138
857 138
856 138
855 138
854 138
853 138
852 138
851 138
850 138
849 138
848 138
847 138
846 138
845 138
844 138
843 138
842 138
841 137
841 136
840 136
839 136
838 136
837 136
836 136
835 136
834 136
833 136
832 136
831 136
830 136
829 135
829 134
828 134
827 134
826 134
825 134
824 134
823 134
822 134
821 134
820 134
819 134
818 134
817 133
817 132
816 132
815 132
814 132
813 132
812 132
811 132
810 132
809 132
808 132
807 132
806 132
805 132
804 132
803 132
802 132
801 131
801 130
800 130
799 130
798 130
797 130
796 130
795 130
794 130
793 130
792 130
791 130
790 130
789 130
788 130
787 130
786 130
785 130
784 130
783 130
782 129
782 128
781 128
780 128
779 128
778 128
777 128
776 128
775 128
774 128
773 128
772 128
771 128
770 128
769 128
768 128
767 128
766 128
765 128
764 128
763 128
762 128
761 128
760 128
759 128
758 128
757 128
756 128
755 128
754 128
753 128
752 128
751 128
750 128
749 128
748 128
747 128
746 128
745 128
744 128
743 128
742 128
741 128
740 128
739 128
738 128
737 128
736 127
736 126
735 126
734 126
733 126
732 126
731 126
730 126
729 126
728 126
727 126
726 126
725 126
724 126
723 126
722 126
721 126
720 126
719 126
718 126
717 126
716 126
715 126
714 126
713 126
712 126
711 126
710 126
709 126
708 125
707 125
706 125
705 125
704 125
703 125
702 125
701 125
700 125
699 125
698 125
697 125
696 125
695 125
694 125
693 125
692 125
691 125
690 125
689 125
688 125
687 125
686 125
685 125
684 125
683 125
682 125
681 125
680 125
679 125
678 125
677 125
676 125
675 125
674 125
673 125
672 125
671 125
670 125
669 125
668 125
667 125
666 125
665 125
664 125
663 125
662 125
661 125
660 125
659 125
658 125
657 125
656 125
655 125
654 125
653 125
652 125
651 125
650 125
649 125
648 125
647 125
646 125
645 125
644 125
643 125
642 125
641 125
640 125
639 125
638 125
637 125
636 125
635 125
634 125
633 125
632 125
631 125
630 125
629 125
628 125
627 125
626 125
625 125
624 125
623 125
622 125
621 125
620 125
619 126
618 126
617 126
616 126
615 126
614 126
613 126
612 126
611 126
610 126
609 126
608 126
607 126
606 126
605 126
604 126
603 126
602 126
601 126
600 126
599 126
598 126
597 126
596 126
595 126
594 126
594 127
593 128
592 128
591 128
590 128
589 128
588 128
587 128
586 128
585 128
584 128
583 128
582 128
581 128
580 128
579 128
578 128
577 128
577 129
576 130
575 130
574 130
573 130
572 130
571 130
570 130
569 130
568 130
567 130
566 130
565 130
564 130
563 130
562 130
561 130
560 130
559 130
558 130
557 130
556 130
555 130
554 130
553 130
552 130
551 130
550 130
549 130
548 130
547 130
547 131
546 132
545 132
544 132
543 132
542 132
541 132
540 132
539 132
538 132
537 132
536 132
535 132
534 132
533 132
532 132
531 132
530 131
530 130
529 130
528 130
527 130
526 130
525 130
524 129
524 128
523 128
522 127
522 126
521 126
520 126
519 126
518 125
517 125
516 124
516 123
516 122
516 121
516 120
516 119
515 119
514 118
514 117
513 117
512 117
511 117
510 116
510 115
509 115
508 114
508 113
507 113
506 113
505 113
504 112
504 111
503 111
502 110
502 109
501 109
500 109
499 109
498 108
498 107
497 107
496 107
495 107
494 106
494 105
493 104
493 103
492 103
491 103
490 103
489 102
489 101
488 101
487 101
486 101
485 100
485 99
484 99
483 99
482 99
481 99
480 99
479 98
479 97
478 97
477 97
476 97
475 97
474 97
473 97
472 97
471 97
470 97
469 97
468 97
467 96
467 95
466 95
465 95
464 95
463 95
462 95
461 94
461 93
460 93
459 93
458 93
457 93
456 93
455 93
454 93
453 93
452 93
451 93
450 93
449 93
448 93
447 93
