234 72
233 73
232 74
231 75
230 75
229 76
228 76
227 76
226 76
225 77
224 77
223 77
222 77
221 78
220 78
219 79
218 79
217 79
216 79
215 80
214 81
213 81
212 82
211 83
210 83
209 84
208 85
207 85
206 86
205 87
204 87
203 88
203 89
202 90
201 91
200 92
199 93
198 93
197 94
196 95
195 96
194 97
193 97
192 97
191 96
190 96
189 95
188 94
187 94
186 94
185 94
184 94
183 94
182 94
181 94
180 94
179 94
178 95
177 95
176 95
175 95
174 94
173 94
172 94
171 94
170 95
169 95
168 95
167 95
166 95
165 95
164 95
163 95
162 95
161 95
160 96
159 96
158 96
157 96
156 96
155 96
154 96
153 96
152 96
151 96
150 96
149 96
148 96
147 96
146 96
145 96
144 96
143 96
142 96
141 97
140 97
139 97
138 97
137 97
136 97
135 97
134 97
133 97
132 97
131 97
130 97
129 97
128 97
127 97
126 97
125 97
124 98
123 98
122 99
121 99
120 99
119 99
118 99
117 99
116 99
115 99
114 99
113 99
112 99
111 99
110 99
109 99
108 99
107 100
106 100
105 101
104 101
103 101
102 101
101 101
100 101
99 101
98 101
97 101
96 101
95 101
94 101
93 101
92 101
91 101
90 101
89 102
88 102
87 102
86 102
85 102
84 103
83 103
82 103
81 103
80 103
79 103
78 103
77 103
76 103
75 104
74 105
73 105
73 106
73 107
73 108
73 109
73 110
73 111
73 112
73 113
73 114
73 115
73 116
73 117
73 118
73 119
74 119
75 120
75 121
75 122
75 123
75 124
75 125
75 126
75 127
75 128
75 129
75 130
76 131
76 132
76 133
76 134
76 135
76 136
76 137
76 138
77 139
77 140
77 141
77 142
77 143
78 144
78 145
79 146
80 146
81 146
82 146
83 146
84 146
85 146
86 146
87 146
88 146
89 146
90 146
91 146
92 146
93 146
94 146
95 146
96 146
97 146
98 146
99 146
100 145
101 145
102 145
103 145
104 145
105 145
106 145
107 144
108 144
109 144
110 144
111 144
112 144
113 144
114 143
115 143
116 143
117 143
118 143
119 143
120 143
121 143
122 143
123 143
124 143
125 143
126 143
127 143
128 143
129 143
130 143
131 143
132 143
133 142
134 142
135 142
136 142
137 142
138 142
139 142
140 142
141 142
142 142
143 142
144 142
145 142
146 142
147 142
148 142
149 142
150 142
151 142
152 142
153 142
154 142
155 143
156 143
157 143
158 143
159 143
160 143
161 142
162 142
163 142
164 142
165 142
166 142
167 142
168 142
169 142
170 142
171 142
172 142
173 142
174 142
175 142
176 142
177 142
178 141
179 141
180 141
181 141
182 141
183 141
184 141
185 141
186 141
187 141
188 141
189 141
190 140
191 140
192 140
193 139
194 139
195 139
196 139
197 139
198 140
199 140
200 141
201 142
202 143
203 144
204 145
205 145
206 145
207 146
208 147
209 148
210 149
211 149
212 150
213 150
214 151
215 151
216 152
217 152
218 153
219 153
220 153
221 154
222 154
223 154
224 155
225 155
226 155
227 155
228 156
229 156
230 156
231 156
232 156
233 156
234 156
235 156
236 156
237 156
238 157
239 157
240 157
241 157
242 156
243 156
244 156
245 156
246 156
247 156
248 156
249 156
250 155
251 155
252 155
253 155
254 154
255 154
256 154
257 153
258 153
259 153
260 153
261 152
262 151
263 151
264 150
265 150
266 150
267 149
268 148
269 147
270 147
271 147
272 146
273 145
274 144
275 143
275 142
276 141
277 141
278 140
278 139
279 138
280 137
281 136
282 136
283 136
284 135
285 135
286 134
287 134
288 134
289 134
290 134
291 134
292 134
293 134
294 134
295 134
296 134
297 134
298 134
299 134
300 133
301 133
302 133
303 133
304 133
305 134
306 134
307 134
308 134
309 134
310 134
311 134
312 134
313 134
314 134
315 134
316 134
317 134
318 134
319 134
320 134
321 134
322 134
323 134
324 134
325 134
326 134
327 134
328 134
329 134
330 134
331 134
332 134
333 133
334 133
335 133
336 133
337 134
338 134
339 134
340 134
341 134
342 134
343 134
344 134
345 134
346 134
347 134
348 134
349 134
350 133
351 133
352 133
353 134
354 134
355 134
356 134
357 134
358 134
359 134
360 134
361 134
362 134
363 134
364 134
365 134
366 134
367 133
368 133
369 133
370 134
371 134
372 134
373 134
374 135
375 135
376 135
377 135
378 135
379 134
380 134
381 134
382 134
383 134
384 134
385 134
386 134
387 134
388 134
389 135
390 135
391 135
392 135
393 135
394 135
395 135
396 135
397 135
398 135
399 135
400 135
401 135
402 135
403 135
404 135
405 135
406 136
407 136
408 136
409 136
410 136
411 136
412 136
413 136
414 136
415 136
416 136
417 135
418 135
419 135
420 135
421 135
422 135
423 136
424 136
425 136
426 136
427 136
428 136
429 135
430 134
431 133
432 133
432 132
432 131
432 130
432 129
432 128
432 127
432 126
432 125
432 124
432 123
432 122
432 121
432 120
432 119
432 118
432 117
432 116
432 115
432 114
432 113
432 112
432 111
432 110
432 109
432 108
432 107
432 106
432 105
432 104
432 103
432 102
432 101
432 100
432 99
432 98
432 97
433 96
433 95
433 94
432 93
431 93
430 92
429 92
428 92
427 91
426 91
425 91
424 91
423 92
422 92
421 92
420 92
419 92
418 92
417 92
416 91
415 91
414 91
413 91
412 91
411 91
410 91
409 91
408 91
407 91
406 91
405 91
404 92
403 92
402 92
401 92
400 91
399 91
398 91
397 91
396 91
395 91
394 91
393 91
392 91
391 91
390 91
389 91
388 91
387 91
386 91
385 91
384 91
383 91
382 91
381 91
380 91
379 91
378 91
377 91
376 91
375 91
374 91
373 91
372 91
371 91
370 91
369 91
368 91
367 91
366 91
365 91
364 91
363 91
362 91
361 90
360 90
359 90
358 90
357 90
356 90
355 90
354 91
353 91
352 91
351 91
350 90
349 90
348 90
347 90
346 90
345 90
344 90
343 90
342 90
341 90
340 90
339 90
338 90
337 91
336 91
335 91
334 91
333 91
332 90
331 90
330 90
329 90
328 90
327 90
326 90
325 90
324 90
323 90
322 90
321 90
320 90
319 91
318 91
317 91
316 91
315 91
314 91
313 91
312 91
311 91
310 90
309 90
308 90
307 90
306 91
305 91
304 91
303 91
302 92
301 92
300 92
299 92
298 91
297 91
296 91
295 91
294 91
293 91
292 91
291 91
290 91
289 91
288 91
287 91
286 91
285 91
284 91
283 91
282 91
281 91
280 91
279 90
278 90
277 89
276 89
275 88
274 87
273 86
272 85
271 84
270 84
269 83
268 83
267 82
266 81
265 80
264 80
263 80
262 79
261 79
260 78
259 78
258 78
257 78
256 77
255 77
254 77
253 76
252 76
251 76
250 76
249 76
248 75
247 75
246 75
245 75
244 75
243 75
242 74
241 73
240 73
239 72
238 72
237 72
236 72
235 72
