236 59
235 60
234 60
233 60
232 60
231 60
230 60
229 60
228 60
227 60
226 60
225 61
224 61
223 61
222 61
221 61
220 62
219 62
218 62
217 63
216 63
215 63
214 64
213 64
212 64
211 64
210 65
209 65
208 66
207 67
206 67
205 67
204 68
203 69
202 69
201 70
200 70
199 71
198 72
197 73
196 74
195 74
194 75
193 76
193 77
192 78
191 79
190 79
189 79
188 80
187 80
186 80
185 80
184 80
183 80
182 80
181 80
180 80
179 81
178 81
177 81
176 81
175 81
174 81
173 81
172 81
171 82
170 82
169 82
168 82
167 81
166 81
165 81
164 81
163 81
162 81
161 81
160 81
159 81
158 81
157 81
156 81
155 81
154 81
153 81
152 81
151 81
150 81
149 81
148 81
147 81
146 81
145 81
144 81
143 80
142 80
141 80
140 80
139 80
138 80
137 81
136 81
135 82
134 82
133 82
132 82
131 82
130 82
129 82
128 81
127 81
126 81
125 81
124 81
123 81
122 81
121 81
120 81
119 81
118 80
117 80
116 80
115 80
114 80
113 80
112 80
111 80
110 80
109 80
108 80
107 80
106 80
105 80
104 80
103 80
102 80
101 80
100 80
99 80
98 80
97 80
96 80
95 80
94 80
93 80
92 80
91 80
90 80
89 80
88 80
87 80
86 80
85 80
84 80
83 80
82 81
81 81
80 81
79 82
78 82
77 83
77 84
76 85
76 86
76 87
75 88
75 89
74 90
73 90
73 91
72 92
72 93
72 94
72 95
72 96
72 97
72 98
73 99
73 100
74 100
75 101
75 102
76 103
76 104
76 105
76 106
76 107
76 108
76 109
76 110
75 111
75 112
75 113
74 114
73 114
73 115
72 116
72 117
72 118
71 119
71 120
71 121
71 122
71 123
72 124
72 125
73 126
74 126
75 127
75 128
75 129
75 130
75 131
75 132
76 133
77 134
78 134
79 134
80 134
81 134
82 134
83 135
84 135
85 135
86 135
87 135
88 135
89 135
90 135
91 135
92 135
93 135
94 135
95 135
96 135
97 135
98 135
99 135
100 135
101 135
102 135
103 136
104 136
105 136
106 136
107 136
108 136
109 136
110 136
111 136
112 136
113 136
114 136
115 136
116 136
117 136
118 136
119 136
120 136
121 136
122 136
123 136
124 136
125 136
126 136
127 136
128 136
129 136
130 136
131 136
132 136
133 136
134 136
135 136
136 136
137 136
138 136
139 136
140 136
141 136
142 136
143 136
144 136
145 136
146 136
147 136
148 136
149 136
150 136
151 136
152 136
153 136
154 136
155 136
156 136
157 136
158 135
159 135
160 135
161 135
162 135
163 135
164 135
165 134
166 134
167 134
168 134
169 134
170 135
171 135
172 135
173 135
174 135
175 135
176 135
177 135
178 136
179 136
180 136
181 136
182 136
183 136
184 136
185 136
186 136
187 137
188 137
189 138
190 139
191 139
192 140
192 141
193 142
194 143
195 144
196 144
197 145
198 146
199 147
200 148
201 148
202 149
203 149
204 150
205 151
206 151
207 151
208 152
209 153
210 153
211 154
212 154
213 154
214 155
215 155
216 155
217 155
218 156
219 156
220 156
221 156
222 156
223 157
224 157
225 157
226 157
227 157
228 158
229 158
230 159
231 160
232 160
233 161
234 161
235 162
236 162
237 162
238 162
239 161
240 161
241 160
242 159
243 159
244 159
245 158
246 158
247 157
248 157
249 157
250 157
251 157
252 157
253 157
254 156
255 156
256 156
257 155
258 155
259 155
260 155
261 154
262 154
263 154
264 153
265 153
266 152
267 152
268 152
269 151
270 151
271 150
272 149
273 149
274 149
275 148
276 147
277 146
278 145
279 145
280 144
281 143
282 142
282 141
283 140
284 140
285 139
286 138
287 138
288 137
289 137
290 137
291 137
292 137
293 137
294 137
295 137
296 137
297 137
298 137
299 137
300 137
301 137
302 136
303 136
304 136
305 135
306 135
307 135
308 135
309 135
310 135
311 135
312 136
313 136
314 136
315 136
316 136
317 136
318 136
319 136
320 136
321 136
322 137
323 137
324 137
325 137
326 137
327 137
328 137
329 137
330 137
331 137
332 137
333 137
334 137
335 137
336 137
337 137
338 137
339 137
340 137
341 138
342 138
343 138
344 138
345 138
346 138
347 138
348 138
349 138
350 138
351 138
352 138
353 138
354 138
355 138
356 138
357 138
358 138
359 138
360 138
361 138
362 138
363 138
364 138
365 138
366 138
367 138
368 138
369 138
370 138
371 138
372 138
373 138
374 138
375 138
376 138
377 138
378 138
379 138
380 138
381 138
382 138
383 138
384 138
385 138
386 138
387 138
388 138
389 138
390 137
391 137
392 137
393 137
394 137
395 137
396 137
397 137
398 136
399 136
400 135
401 135
401 134
402 133
402 132
402 131
403 130
403 129
403 128
403 127
403 126
404 125
404 124
404 123
405 122
406 122
406 121
406 120
406 119
405 119
404 118
404 117
403 116
403 115
402 114
402 113
402 112
402 111
402 110
402 109
402 108
402 107
402 106
402 105
402 104
402 103
403 102
403 101
404 100
404 99
404 98
404 97
405 96
406 96
406 95
406 94
405 94
404 93
404 92
403 91
403 90
402 89
402 88
402 87
402 86
401 85
400 85
399 84
398 83
397 83
396 83
395 83
394 83
393 83
392 83
391 82
390 82
389 82
388 82
387 82
386 82
385 82
384 82
383 82
382 82
381 82
380 82
379 82
378 82
377 82
376 83
375 83
374 83
373 83
372 83
371 83
370 84
369 84
368 84
367 84
366 84
365 84
364 83
363 83
362 83
361 83
360 83
359 83
358 83
357 83
356 83
355 83
354 83
353 83
352 82
351 82
350 82
349 82
348 82
347 82
346 82
345 82
344 82
343 82
342 82
341 82
340 82
339 82
338 82
337 82
336 82
335 82
334 82
333 82
332 82
331 82
330 82
329 82
328 82
327 82
326 82
325 82
324 82
323 82
322 83
321 83
320 83
319 83
318 83
317 83
316 83
315 83
314 83
313 83
312 83
311 83
310 84
309 84
308 84
307 84
306 84
305 83
304 83
303 83
302 83
301 83
300 82
299 82
298 82
297 82
296 82
295 82
294 82
293 82
292 82
291 82
290 81
289 80
288 80
287 79
286 78
285 77
284 76
283 76
282 75
282 74
281 73
280 72
279 71
278 71
277 70
276 70
275 69
274 68
273 68
272 67
271 67
270 66
269 65
268 65
267 65
266 65
265 64
264 64
263 63
262 63
261 63
260 62
259 62
258 62
257 62
256 61
255 61
254 61
253 61
252 61
251 61
250 60
249 60
248 60
247 60
246 60
245 60
244 60
243 60
242 60
241 59
240 59
239 59
238 59
237 59
