234 29
233 30
232 31
231 32
230 33
229 34
228 34
227 34
226 35
225 35
224 35
223 35
222 35
221 35
220 36
219 36
218 36
217 37
216 37
215 37
214 38
213 38
212 39
211 39
210 39
209 39
208 40
207 40
206 40
205 41
204 42
203 42
202 43
201 44
200 44
199 45
198 45
197 46
197 47
196 48
195 49
194 49
193 49
192 50
191 51
191 52
190 53
189 54
188 55
187 55
186 55
185 55
184 55
183 55
182 55
181 54
180 54
179 53
178 53
177 53
176 53
175 53
174 53
173 53
172 53
171 53
170 54
169 54
168 54
167 53
166 53
165 53
164 53
163 53
162 53
161 52
160 52
159 52
158 52
157 52
156 52
155 52
154 52
153 52
152 52
151 52
150 52
149 53
148 53
147 53
146 53
145 54
144 54
143 54
142 53
141 53
140 53
139 53
138 53
137 53
136 54
135 54
134 54
133 54
132 54
131 54
130 54
129 54
128 54
127 53
126 53
125 53
124 53
123 53
122 54
121 54
120 54
119 54
118 54
117 54
116 54
115 54
114 54
113 54
112 54
111 54
110 54
109 54
108 53
107 53
106 53
105 53
104 53
103 53
102 53
101 53
100 53
99 53
98 54
97 54
96 54
95 55
94 55
93 55
92 55
91 55
90 55
89 55
88 55
87 54
86 54
85 54
84 54
83 54
82 54
81 54
80 54
79 54
78 54
77 53
76 53
75 53
74 53
73 53
72 53
71 53
70 52
69 52
68 52
67 52
66 53
65 53
64 53
63 53
62 53
61 54
60 54
59 54
58 55
57 55
56 55
55 55
54 55
53 55
52 55
51 55
50 55
49 55
49 56
48 57
48 58
48 59
48 60
48 61
48 62
48 63
48 64
47 65
47 66
46 67
46 68
46 69
46 70
45 71
45 72
45 73
45 74
45 75
45 76
45 77
45 78
44 79
44 80
45 81
45 82
45 83
45 84
45 85
45 86
45 87
46 88
46 89
46 90
46 91
46 92
46 93
46 94
47 95
47 96
47 97
48 98
49 99
50 99
51 99
52 99
53 99
54 99
55 99
56 99
57 99
58 99
59 99
60 99
61 99
62 99
63 99
64 99
65 100
66 100
67 100
68 100
69 100
70 100
71 100
72 100
73 99
74 99
75 99
76 99
77 99
78 99
79 99
80 99
81 99
82 99
83 99
84 99
85 99
86 99
87 99
88 99
89 99
90 99
91 99
92 99
93 99
94 99
95 99
96 99
97 99
98 100
99 100
100 100
101 100
102 100
103 100
104 99
105 99
106 99
107 99
108 99
109 99
110 99
111 99
112 99
113 99
114 99
115 99
116 100
117 100
118 100
119 100
120 100
121 100
122 100
123 100
124 100
125 99
126 99
127 99
128 99
129 99
130 99
131 99
132 99
133 100
134 100
135 100
136 100
137 100
138 100
139 100
140 100
141 100
142 100
143 100
144 100
145 100
146 100
147 100
148 100
149 100
150 100
151 100
152 100
153 100
154 100
155 100
156 100
157 100
158 100
159 100
160 99
161 99
162 99
163 100
164 100
165 100
166 99
167 99
168 99
169 99
170 99
171 99
172 99
173 99
174 99
175 100
176 101
177 102
178 103
179 104
180 105
181 106
181 107
182 108
182 109
183 110
184 111
185 112
186 113
187 114
187 115
188 115
189 116
190 117
190 118
191 119
192 120
193 120
194 121
195 122
196 123
197 124
198 124
199 125
200 125
201 125
202 125
203 125
204 125
205 125
206 125
207 125
208 126
209 126
210 126
211 127
212 127
213 127
214 127
215 127
216 127
217 127
218 127
219 127
220 127
221 127
222 127
223 127
224 127
225 127
226 127
227 127
228 127
229 127
230 127
231 127
232 127
233 127
234 127
235 127
236 127
237 127
238 128
239 128
240 128
241 128
242 128
243 128
244 128
245 128
246 127
247 127
248 126
249 126
250 125
251 125
252 125
253 125
254 124
255 124
256 124
257 123
258 123
259 122
260 122
261 121
262 121
263 120
264 120
265 120
266 119
267 119
268 118
269 117
270 116
271 115
272 115
273 115
274 114
275 113
276 112
277 111
278 110
279 110
280 109
281 108
282 108
283 108
284 107
285 107
286 108
287 108
288 108
289 108
290 108
291 108
292 108
293 108
294 108
295 108
296 108
297 108
298 107
299 107
300 107
301 107
302 107
303 107
304 107
305 107
306 108
307 108
308 108
309 108
310 108
311 108
312 108
313 108
314 108
315 107
316 107
317 107
318 108
319 108
320 108
321 108
322 107
323 107
324 107
325 107
326 107
327 107
328 108
329 108
330 108
331 108
332 108
333 108
334 108
335 108
336 108
337 108
338 108
339 108
340 108
341 108
342 107
343 107
344 107
345 107
346 108
347 108
348 108
349 108
350 108
351 108
352 108
353 108
354 107
355 107
356 107
357 107
358 108
359 108
360 108
361 108
362 107
363 107
364 107
365 107
366 107
367 108
368 108
369 108
370 108
371 108
372 108
373 108
374 108
375 108
376 108
377 108
378 108
379 108
380 108
381 108
382 108
383 108
384 108
385 108
386 108
387 108
388 109
389 109
390 109
391 108
392 108
393 108
394 108
395 108
396 108
397 108
398 108
399 108
400 108
401 108
402 109
403 109
404 109
405 109
406 109
407 109
408 109
409 109
410 109
411 108
412 108
413 108
414 108
415 108
416 108
417 108
418 108
419 108
420 109
421 109
422 109
423 109
424 109
425 109
426 109
427 108
428 108
429 108
430 108
431 108
432 108
433 108
434 109
435 109
436 109
437 109
438 109
439 109
440 109
441 109
442 110
443 110
444 110
445 110
446 110
447 110
448 109
449 109
450 109
451 109
452 109
453 109
454 109
455 109
456 109
457 109
458 109
459 108
460 108
461 107
461 106
462 105
462 104
462 103
462 102
461 101
461 100
461 99
461 98
461 97
461 96
461 95
461 94
462 93
462 92
462 91
462 90
462 89
462 88
462 87
462 86
462 85
462 84
462 83
462 82
462 81
462 80
462 79
462 78
462 77
462 76
462 75
461 74
461 73
461 72
461 71
461 70
461 69
461 68
461 67
462 66
462 65
462 64
462 63
462 62
461 61
461 60
460 60
459 60
458 59
457 59
456 59
455 59
454 59
453 59
452 59
451 59
450 59
449 59
448 58
447 58
446 58
445 58
444 58
443 58
442 58
441 58
440 58
439 58
438 58
437 58
436 59
435 59
434 59
433 59
432 58
431 58
430 58
429 58
428 58
427 59
426 59
425 59
424 59
423 60
422 60
421 60
420 60
419 60
418 60
417 59
416 59
415 59
414 59
413 59
412 59
411 59
410 59
409 58
408 58
407 58
406 58
405 58
404 58
403 59
402 59
401 59
400 59
399 59
398 59
397 59
396 59
395 59
394 59
393 58
392 58
391 58
390 58
389 58
388 58
387 58
386 59
385 59
384 59
383 59
382 59
381 59
380 59
379 59
378 59
377 59
376 59
375 59
374 59
373 59
372 59
371 59
370 59
369 58
368 58
367 58
366 59
365 59
364 59
363 59
362 59
361 59
360 59
359 59
358 59
357 59
356 59
355 59
354 59
353 58
352 58
351 58
350 58
349 58
348 58
347 58
346 58
345 58
344 59
343 59
342 59
341 58
340 58
339 58
338 58
337 58
336 58
335 58
334 58
333 58
332 58
331 58
330 58
329 58
328 58
327 59
326 59
325 59
324 59
323 59
322 59
321 59
320 59
319 59
318 59
317 58
316 58
315 58
314 58
313 58
312 58
311 58
310 58
309 58
308 58
307 58
306 59
305 59
304 59
303 59
302 59
301 59
300 59
299 59
298 58
297 58
296 58
295 58
294 58
293 58
292 58
291 58
290 58
289 58
288 58
287 57
286 57
285 56
284 55
283 55
282 54
281 53
280 52
279 51
278 50
278 49
277 49
276 48
275 47
274 46
273 45
272 44
271 44
270 44
269 44
268 43
267 42
266 41
265 40
264 39
263 39
262 39
261 39
260 39
259 39
258 39
257 39
256 39
255 38
254 38
253 37
252 36
251 36
250 36
249 35
248 35
247 35
246 34
245 34
244 34
243 33
242 32
241 31
241 30
240 30
239 29
238 29
237 29
236 29
235 29
