285 61
284 62
283 62
282 62
281 62
280 63
279 64
278 64
277 65
276 65
275 66
274 66
273 67
272 68
271 69
270 69
269 70
268 71
267 72
266 73
266 74
265 75
264 76
264 77
263 78
262 78
261 79
260 79
259 79
258 78
257 77
256 76
255 76
254 76
253 76
252 76
251 76
250 76
249 77
248 77
247 77
246 77
245 76
244 76
243 76
242 76
241 76
240 75
239 75
238 75
237 75
236 75
235 75
234 74
233 74
232 74
231 74
230 74
229 74
228 74
227 74
226 74
225 74
224 74
223 74
222 73
221 73
220 73
219 73
218 73
217 73
216 73
215 73
214 73
213 73
212 73
211 73
210 73
209 73
208 73
207 73
206 73
205 73
204 73
203 73
202 73
201 73
200 73
199 73
198 73
197 73
196 73
195 73
194 73
193 73
192 73
191 73
190 73
189 74
188 74
187 74
186 74
185 74
184 74
183 74
182 74
181 74
180 74
179 74
178 74
177 74
176 74
175 75
174 75
173 75
172 75
171 75
170 75
169 75
168 75
167 75
166 75
165 76
164 76
163 76
162 76
161 76
160 76
159 76
158 76
157 77
156 77
155 77
154 77
153 77
152 77
151 78
150 78
149 78
148 78
147 78
146 78
145 79
144 79
143 79
142 79
141 79
140 80
139 80
138 80
137 80
136 80
135 80
134 80
133 80
132 81
131 81
130 81
129 81
128 81
127 81
126 81
125 81
124 81
123 81
122 81
121 81
120 81
119 81
118 81
117 81
116 81
115 81
114 81
113 81
112 81
111 82
110 82
109 82
108 82
107 82
106 82
105 82
104 82
103 82
102 82
101 83
100 83
99 83
98 83
97 83
96 83
95 83
94 83
93 84
92 84
91 84
90 84
89 84
88 84
87 84
86 85
85 85
84 85
83 85
82 85
81 85
80 85
79 85
78 86
77 86
76 86
75 86
74 86
73 86
72 87
71 87
70 87
69 87
68 87
67 87
66 88
65 88
64 88
63 88
62 88
61 88
60 89
59 89
58 89
57 89
56 89
55 90
54 90
53 90
52 90
51 90
50 91
49 91
48 91
47 91
46 92
45 92
44 92
43 92
42 93
41 93
40 93
39 93
38 94
37 94
36 95
35 95
35 96
34 97
33 98
33 99
32 100
32 101
31 102
31 103
31 104
30 105
30 106
30 107
30 108
30 109
29 110
29 111
29 112
29 113
29 114
29 115
29 116
29 117
29 118
30 119
30 120
30 121
30 122
30 123
31 124
31 125
31 126
32 127
32 128
33 129
34 130
35 131
35 132
36 132
37 133
38 133
39 133
40 134
41 134
42 134
43 134
44 134
45 134
46 134
47 134
48 134
49 134
50 134
51 134
52 134
53 134
54 134
55 134
56 134
57 134
58 134
59 134
60 134
61 134
62 134
63 134
64 134
65 134
66 134
67 134
68 134
69 134
70 134
71 134
72 134
73 134
74 134
75 134
76 134
77 134
78 134
79 134
80 134
81 134
82 134
83 134
84 133
85 133
86 133
87 133
88 133
89 133
90 133
91 133
92 133
93 133
94 133
95 133
96 133
97 133
98 133
99 133
100 133
101 133
102 133
103 133
104 133
105 133
106 133
107 133
108 133
109 133
110 133
111 133
112 132
113 132
114 132
115 132
116 132
117 132
118 132
119 132
120 132
121 132
122 132
123 131
124 131
125 131
126 131
127 131
128 131
129 131
130 131
131 131
132 131
133 131
134 131
135 131
136 131
137 131
138 131
139 131
140 131
141 131
142 130
143 130
144 130
145 130
146 130
147 130
148 130
149 130
150 130
151 130
152 130
153 130
154 130
155 130
156 130
157 130
158 130
159 130
160 130
161 130
162 130
163 130
164 129
165 129
166 129
167 129
168 129
169 129
170 129
171 129
172 129
173 129
174 129
175 129
176 129
177 129
178 129
179 129
180 129
181 129
182 129
183 129
184 128
185 128
186 128
187 128
188 128
189 128
190 128
191 128
192 128
193 128
194 128
195 128
196 128
197 128
198 128
199 128
200 128
201 128
202 128
203 128
204 128
205 128
206 128
207 128
208 128
209 127
210 127
211 127
212 127
213 127
214 127
215 127
216 127
217 127
218 127
219 127
220 127
221 126
222 126
223 126
224 126
225 126
226 126
227 126
228 126
229 126
230 126
231 126
232 126
233 126
234 126
235 126
236 126
237 126
238 125
239 125
240 125
241 125
242 125
243 125
244 125
245 125
246 125
247 125
248 126
249 126
250 126
251 127
252 127
253 127
254 127
255 127
256 127
257 127
258 126
259 126
260 125
261 124
262 123
263 124
264 124
265 125
265 126
266 127
267 128
268 129
269 130
270 131
271 132
272 133
273 133
274 134
275 134
276 135
277 135
278 136
279 136
280 137
281 137
282 138
283 138
284 138
285 138
286 139
287 139
288 139
289 139
290 139
291 140
292 141
293 142
294 142
295 142
296 142
297 141
298 141
299 140
300 139
301 139
302 138
303 138
304 138
305 137
306 136
307 136
308 135
309 135
310 134
311 134
312 133
313 133
314 132
315 132
316 131
317 130
317 129
318 128
319 127
320 126
321 125
322 124
323 123
323 122
324 121
325 121
326 120
327 121
328 121
329 122
330 123
331 123
332 123
333 123
334 123
335 123
336 123
337 123
338 123
339 123
340 123
341 122
342 122
343 122
344 122
345 121
346 121
347 121
348 121
349 121
350 121
351 121
352 121
353 121
354 121
355 121
356 121
357 121
358 121
359 121
360 121
361 121
362 121
363 121
364 121
365 121
366 121
367 121
368 121
369 120
370 120
371 120
372 120
373 120
374 120
375 120
376 120
377 120
378 120
379 120
380 120
381 120
382 120
383 120
384 120
385 120
386 119
387 119
388 119
389 119
390 119
391 119
392 119
393 119
394 119
395 119
396 119
397 119
398 119
399 119
400 119
401 119
402 119
403 119
404 119
405 119
406 119
407 119
408 119
409 119
410 119
411 119
412 119
413 119
414 119
415 119
416 119
417 119
418 119
419 119
420 119
421 119
422 119
423 119
424 120
425 120
426 121
427 121
428 121
429 121
430 121
431 121
432 121
433 121
434 121
435 121
436 120
437 120
438 120
439 120
440 120
441 120
442 120
443 120
444 120
445 120
446 120
447 120
448 120
449 119
450 119
451 118
452 118
453 117
454 117
455 117
456 117
457 117
458 117
459 117
460 117
461 117
462 117
463 117
464 117
465 117
466 117
467 117
468 117
469 116
470 116
471 116
472 116
473 116
474 117
475 117
476 118
477 119
478 120
479 120
480 120
481 120
482 120
483 120
484 120
485 120
486 121
487 121
488 121
489 121
490 121
491 121
492 121
493 121
494 121
495 121
496 121
497 121
498 121
499 120
500 120
501 119
502 118
503 117
504 116
504 115
505 114
505 113
506 112
506 111
506 110
506 109
507 108
507 107
507 106
507 105
507 104
507 103
507 102
507 101
507 100
507 99
507 98
507 97
507 96
507 95
507 94
507 93
507 92
507 91
506 90
506 89
506 88
505 87
505 86
505 85
505 84
504 83
504 82
504 81
503 80
503 79
502 78
502 77
501 76
501 75
500 74
499 73
498 72
497 71
496 71
495 70
494 69
493 69
492 69
491 69
490 69
489 69
488 69
487 69
486 70
485 70
484 70
483 70
482 71
481 71
480 72
479 72
478 72
477 72
476 73
475 73
474 73
473 73
472 74
471 74
470 74
469 74
468 74
467 74
466 74
465 74
464 74
463 74
462 74
461 73
460 73
459 73
458 73
457 73
456 73
455 73
454 73
453 72
452 71
451 71
450 70
449 70
448 69
447 69
446 69
445 69
444 68
443 68
442 68
441 68
440 68
439 68
438 68
437 68
436 68
435 68
434 68
433 68
432 68
431 68
430 68
429 68
428 68
427 68
426 68
425 68
424 69
423 69
422 69
421 70
420 70
419 70
418 70
417 70
416 70
415 70
414 70
413 70
412 70
411 70
410 70
409 69
408 69
407 69
406 69
405 69
404 69
403 69
402 69
401 69
400 70
399 70
398 70
397 70
396 70
395 70
394 70
393 70
392 70
391 70
390 70
389 70
388 70
387 70
386 70
385 70
384 70
383 70
382 70
381 70
380 70
379 70
378 70
377 70
376 70
375 70
374 71
373 71
372 71
371 71
370 71
369 71
368 71
367 71
366 71
365 71
364 71
363 71
362 71
361 72
360 72
359 72
358 72
357 72
356 72
355 72
354 72
353 73
352 73
351 73
350 73
349 73
348 73
347 73
346 73
345 74
344 74
343 74
342 74
341 74
340 74
339 74
338 74
337 73
336 73
335 73
334 73
333 73
332 73
331 73
330 74
329 74
328 74
327 75
326 75
325 76
324 76
323 76
322 76
321 75
320 74
319 73
318 72
317 71
317 70
316 69
315 68
314 68
313 67
312 66
311 66
310 65
309 65
308 64
307 64
306 63
305 63
304 62
303 62
302 62
301 61
300 61
299 61
298 61
297 61
296 61
295 61
294 61
293 61
292 61
291 61
290 61
289 61
288 61
287 61
286 61
