279 25
278 26
277 26
276 26
275 26
274 26
273 26
272 27
271 27
270 27
269 27
268 27
267 27
266 28
265 28
264 28
263 28
262 28
261 28
260 29
259 29
258 28
257 29
256 29
255 30
254 30
253 31
252 32
251 32
250 32
249 33
248 33
247 34
246 35
245 35
244 36
243 37
242 37
241 38
240 39
239 40
238 41
237 42
236 43
235 44
234 45
233 45
232 46
231 46
230 46
229 46
228 47
227 47
226 47
225 47
224 47
223 48
222 48
221 48
220 48
219 49
218 49
217 50
216 50
215 50
214 51
213 51
212 51
211 52
210 52
209 52
208 52
207 52
206 53
205 53
204 53
203 54
202 54
201 54
200 55
199 55
198 55
197 56
196 56
195 56
194 57
193 56
192 57
191 57
190 57
189 58
188 58
187 58
186 59
185 59
184 59
183 59
182 59
181 59
180 59
179 58
178 58
177 58
176 58
175 58
174 58
173 58
172 58
171 57
170 57
169 57
168 57
167 57
166 57
165 57
164 57
163 57
162 56
161 56
160 55
159 54
158 54
157 53
156 52
155 52
154 52
153 52
152 51
151 51
150 51
149 51
148 51
147 51
146 51
145 52
144 52
143 52
142 52
141 52
140 52
139 52
138 52
137 52
136 52
135 52
134 52
133 52
132 52
131 52
130 52
129 52
128 51
127 52
126 52
125 52
124 52
123 52
122 52
121 52
120 53
119 53
118 53
117 53
116 53
115 53
114 53
113 53
112 54
111 54
110 54
109 54
108 54
107 54
106 54
105 54
104 55
103 55
102 55
101 55
100 55
99 55
98 55
97 55
96 55
95 55
94 54
93 54
92 54
91 54
90 54
89 54
88 53
87 53
86 53
85 53
84 53
83 53
82 53
81 53
80 53
79 53
78 53
77 53
76 53
75 53
74 53
73 53
72 53
71 53
70 53
69 53
68 53
67 53
66 53
65 53
64 53
63 53
62 53
61 53
60 53
59 53
58 53
57 53
56 54
55 54
54 55
53 55
52 56
51 56
50 57
49 57
48 57
47 58
46 58
46 59
45 60
44 61
44 62
43 63
43 64
42 65
42 66
42 67
42 68
42 69
42 70
42 71
42 72
42 73
41 74
40 75
39 76
39 77
38 78
38 79
38 80
38 81
38 82
38 83
38 84
38 85
38 86
38 87
38 88
38 89
38 90
38 91
38 92
38 93
38 94
39 95
40 96
41 97
42 98
42 99
43 100
44 101
44 102
45 103
46 104
47 104
48 104
49 105
50 105
51 106
52 106
53 106
54 107
55 107
56 107
57 108
58 108
59 108
60 108
61 108
62 108
63 108
64 108
65 108
66 108
67 108
68 108
69 108
70 108
71 108
72 108
73 108
74 108
75 108
76 108
77 108
78 108
79 108
80 108
81 108
82 108
83 109
84 108
85 108
86 107
87 107
88 107
89 106
90 106
91 105
92 105
93 105
94 105
95 105
96 106
97 106
98 107
99 107
100 108
101 108
102 109
103 108
104 108
105 109
106 108
107 108
108 108
109 108
110 108
111 108
112 108
113 108
114 108
115 108
116 108
117 108
118 108
119 108
120 108
121 108
122 109
123 108
124 108
125 108
126 109
127 109
128 109
129 109
130 109
131 110
132 110
133 110
134 110
135 109
136 109
137 109
138 109
139 109
140 108
141 108
142 108
143 109
144 108
145 108
146 108
147 108
148 108
149 108
150 107
151 107
152 107
153 107
154 107
155 107
156 107
157 107
158 107
159 107
160 107
161 107
162 107
163 107
164 107
165 107
166 107
167 107
168 107
169 107
170 107
171 107
172 107
173 107
174 107
175 107
176 107
177 107
178 107
179 107
180 106
181 106
182 106
183 105
184 104
185 104
186 104
187 104
188 104
189 104
190 104
191 104
192 104
193 104
194 104
195 105
196 104
197 104
198 104
199 104
200 105
201 105
202 105
203 105
204 105
205 106
206 106
207 106
208 106
209 106
210 106
211 106
212 106
213 106
214 106
215 106
216 106
217 106
218 106
219 106
220 106
221 106
222 106
223 106
224 106
225 107
226 107
227 107
228 108
229 108
230 109
231 109
232 110
233 110
234 110
235 111
236 111
237 112
238 112
239 112
240 113
241 113
242 113
243 114
244 114
245 115
246 116
247 116
248 117
248 118
249 118
250 119
251 120
252 121
253 122
254 123
255 124
256 124
257 125
258 126
259 126
260 126
261 127
262 127
263 128
264 128
265 129
266 129
267 129
268 130
269 130
270 130
271 130
272 131
273 131
274 131
275 131
276 132
277 132
278 132
279 132
280 133
281 133
282 133
283 134
284 134
285 134
286 134
287 134
288 134
289 134
290 134
291 134
292 134
293 134
294 133
295 133
296 133
297 133
298 133
299 132
300 132
301 132
302 132
303 132
304 131
305 131
306 131
307 131
308 130
309 130
310 130
311 130
312 130
313 130
314 130
315 130
316 130
317 129
318 129
319 129
320 129
321 129
322 128
323 128
324 128
325 128
326 128
327 127
328 127
329 126
330 126
331 125
332 124
333 124
334 123
335 123
336 122
337 121
338 121
339 120
340 119
341 119
342 118
343 118
344 117
345 117
346 116
347 116
348 116
349 116
350 115
351 115
352 115
353 114
354 114
355 114
356 114
357 113
358 113
359 113
360 113
361 112
362 112
363 112
364 112
365 112
366 112
367 111
368 111
369 111
370 110
371 110
372 109
373 109
374 109
375 109
376 108
377 108
378 108
379 108
380 108
381 108
382 108
383 108
384 108
385 108
386 108
387 108
388 108
389 108
390 108
391 108
392 108
393 108
394 108
395 109
396 108
397 108
398 108
399 108
400 108
401 108
402 108
403 107
404 107
405 107
406 107
407 107
408 107
409 106
410 106
411 106
412 106
413 106
414 106
415 106
416 106
417 106
418 106
419 106
420 106
421 106
422 106
423 106
424 106
425 106
426 106
427 106
428 106
429 106
430 106
431 106
432 106
433 106
434 106
435 106
436 106
437 106
438 106
439 106
440 106
441 106
442 106
443 106
444 106
445 106
446 106
447 106
448 106
449 105
450 105
451 105
452 104
453 104
454 104
455 103
456 102
457 102
458 101
459 100
460 99
460 98
460 97
460 96
460 95
460 94
460 93
460 92
460 91
460 90
460 89
460 88
460 87
460 86
460 85
460 84
460 83
460 82
460 81
460 80
460 79
460 78
460 77
460 76
460 75
460 74
460 73
460 72
460 71
459 70
459 69
459 68
459 67
459 66
458 65
458 64
458 63
458 62
458 61
457 60
457 59
457 58
457 57
457 56
457 55
456 54
456 53
456 52
455 52
454 51
453 51
452 51
451 50
450 50
449 50
448 50
447 49
446 49
445 49
444 48
443 48
442 48
441 48
440 47
439 47
438 47
437 47
436 47
435 47
434 47
433 47
432 47
431 47
430 47
429 47
428 47
427 47
426 47
425 47
424 47
423 47
422 47
421 47
420 47
419 47
418 47
417 47
416 47
415 47
414 47
413 47
412 46
411 46
410 46
409 46
408 46
407 46
406 45
405 45
404 45
403 45
402 45
401 45
400 45
399 44
398 44
397 44
396 45
395 45
394 45
393 45
392 45
391 45
390 45
389 45
388 46
387 46
386 46
385 46
384 46
383 46
382 46
381 46
380 47
379 47
378 47
377 47
376 48
375 48
374 48
373 49
372 49
371 49
370 49
369 49
368 49
367 49
366 49
365 49
364 49
363 49
362 49
361 48
360 48
359 48
358 48
357 48
356 48
355 48
354 47
353 47
352 47
351 47
350 46
349 46
348 46
347 45
346 45
345 44
344 44
343 43
342 43
341 43
340 42
339 41
338 41
337 41
336 40
335 40
334 39
333 39
332 38
331 38
330 37
329 37
328 36
327 36
326 36
325 35
324 34
323 34
322 33
321 33
320 32
319 32
318 31
317 31
316 30
315 30
314 30
313 29
312 29
311 29
310 29
309 28
308 28
307 28
306 27
305 27
304 27
303 26
302 26
301 26
300 25
299 25
298 25
297 25
296 25
295 25
294 25
293 25
292 25
291 25
290 25
289 25
288 25
287 25
286 25
285 25
284 25
283 25
282 25
281 25
280 25
