297 29
296 30
295 30
294 30
293 30
292 30
291 31
290 31
289 31
288 31
287 31
286 32
285 32
284 32
283 32
282 32
281 32
280 33
279 33
278 33
277 33
276 34
275 34
274 34
273 34
272 34
271 35
270 35
269 36
268 36
267 37
266 38
265 39
264 39
263 40
262 40
261 41
260 42
259 43
258 43
257 44
256 45
255 45
254 46
253 46
252 47
251 47
250 47
249 47
248 48
247 48
246 48
245 48
244 48
243 49
242 49
241 49
240 49
239 49
238 49
237 49
236 49
235 49
234 49
233 49
232 49
231 49
230 49
229 49
228 49
227 49
226 49
225 49
224 49
223 49
222 49
221 50
220 50
219 50
218 50
217 50
216 50
215 50
214 50
213 50
212 50
211 50
210 50
209 50
208 50
207 50
206 50
205 50
204 50
203 50
202 50
201 50
200 50
199 50
198 50
197 50
196 50
195 50
194 50
193 50
192 50
191 50
190 50
189 50
188 50
187 50
186 50
185 50
184 50
183 50
182 50
181 50
180 50
179 50
178 50
177 50
176 50
175 50
174 50
173 50
172 50
171 50
170 50
169 50
168 50
167 50
166 50
165 50
164 50
163 50
162 50
161 50
160 50
159 50
158 50
157 49
156 49
155 49
154 49
153 49
152 49
151 49
150 49
149 49
148 49
147 49
146 49
145 49
144 49
143 49
142 49
141 49
140 49
139 49
138 49
137 49
136 49
135 49
134 49
133 49
132 49
131 49
130 49
129 49
128 49
127 49
126 49
125 49
124 49
123 49
122 49
121 49
120 49
119 49
118 49
117 49
116 49
115 49
114 49
113 49
112 49
111 49
110 49
109 49
108 49
107 49
106 49
105 49
104 49
103 49
102 49
101 49
100 49
99 49
98 49
97 49
96 49
95 49
94 49
93 49
92 49
91 49
90 49
89 49
88 49
87 49
86 49
85 49
84 49
83 49
82 48
81 48
80 48
79 48
78 48
77 48
76 48
75 48
74 48
73 48
72 48
71 49
70 49
69 50
68 50
67 51
66 51
65 51
64 51
63 51
62 51
61 51
60 51
59 51
58 51
57 51
56 51
55 51
54 51
53 51
52 51
51 51
50 52
49 52
48 53
47 54
46 54
45 55
44 55
43 55
42 55
41 55
40 55
39 56
38 57
37 57
36 58
35 58
34 59
33 59
32 59
31 60
30 61
29 62
28 63
28 64
27 65
27 66
27 67
27 68
27 69
27 70
27 71
27 72
27 73
27 74
27 75
27 76
28 77
28 78
28 79
28 80
28 81
28 82
28 83
29 84
29 85
29 86
29 87
29 88
29 89
29 90
29 91
30 92
30 93
30 94
30 95
30 96
30 97
30 98
31 99
31 100
31 101
31 102
32 103
33 104
34 105
34 106
34 107
35 108
36 109
37 110
38 110
39 111
40 112
41 112
42 113
43 113
44 113
45 113
46 113
47 113
48 113
49 113
50 113
51 113
52 113
53 112
54 112
55 112
56 112
57 112
58 112
59 112
60 112
61 112
62 112
63 112
64 112
65 112
66 112
67 112
68 112
69 112
70 112
71 112
72 112
73 112
74 112
75 112
76 112
77 112
78 112
79 112
80 112
81 112
82 112
83 112
84 112
85 112
86 112
87 112
88 112
89 112
90 112
91 112
92 112
93 112
94 112
95 112
96 112
97 112
98 112
99 112
100 112
101 112
102 112
103 112
104 112
105 112
106 112
107 112
108 112
109 112
110 112
111 112
112 112
113 112
114 113
115 113
116 113
117 113
118 113
119 113
120 113
121 113
122 113
123 113
124 113
125 113
126 113
127 113
128 113
129 113
130 113
131 113
132 113
133 113
134 113
135 113
136 113
137 113
138 113
139 113
140 113
141 113
142 113
143 113
144 113
145 113
146 113
147 113
148 113
149 113
150 113
151 113
152 113
153 113
154 113
155 113
156 113
157 113
158 113
159 113
160 113
161 113
162 113
163 113
164 113
165 113
166 113
167 113
168 113
169 113
170 113
171 113
172 113
173 113
174 113
175 113
176 113
177 113
178 113
179 113
180 113
181 113
182 113
183 113
184 113
185 113
186 113
187 113
188 113
189 113
190 113
191 113
192 113
193 112
194 112
195 112
196 112
197 112
198 112
199 112
200 112
201 112
202 112
203 112
204 112
205 112
206 112
207 112
208 112
209 112
210 112
211 112
212 112
213 112
214 112
215 112
216 112
217 112
218 112
219 112
220 112
221 112
222 112
223 112
224 112
225 112
226 112
227 112
228 112
229 112
230 112
231 112
232 112
233 112
234 111
235 111
236 111
237 111
238 111
239 111
240 111
241 111
242 111
243 111
244 111
245 111
246 112
247 112
248 113
249 114
250 115
251 116
252 117
253 118
254 119
255 120
256 121
257 122
257 123
258 124
259 125
260 126
261 126
262 127
263 128
264 128
265 129
266 129
267 130
268 130
269 131
270 131
271 132
272 132
273 133
274 134
275 134
276 135
277 135
278 136
279 136
280 136
281 136
282 136
283 136
284 137
285 137
286 137
287 137
288 137
289 137
290 137
291 138
292 138
293 138
294 138
295 138
296 138
297 138
298 138
299 138
300 139
301 139
302 139
303 139
304 139
305 139
306 138
307 138
308 138
309 138
310 138
311 138
312 138
313 138
314 137
315 137
316 137
317 137
318 137
319 137
320 136
321 136
322 136
323 135
324 135
325 134
326 134
327 134
328 133
329 133
330 133
331 132
332 132
333 131
334 131
335 131
336 131
337 130
338 130
339 130
340 129
341 129
342 129
343 128
344 128
345 127
345 126
346 125
346 124
347 123
347 122
348 121
349 120
350 119
351 119
352 118
353 118
354 117
355 117
356 116
357 116
358 115
359 114
360 114
361 113
362 113
363 113
364 113
365 113
366 113
367 113
368 113
369 113
370 113
371 113
372 113
373 113
374 113
375 113
376 113
377 113
378 113
379 113
380 113
381 113
382 113
383 113
384 113
385 113
386 113
387 113
388 113
389 113
390 113
391 113
392 113
393 113
394 113
395 113
396 113
397 113
398 113
399 113
400 113
401 113
402 113
403 113
404 113
405 113
406 113
407 113
408 113
409 113
410 113
411 113
412 113
413 113
414 113
415 113
416 113
417 113
418 113
419 113
420 113
421 113
422 113
423 113
424 113
425 113
426 113
427 113
428 113
429 113
430 113
431 113
432 113
433 113
434 113
435 113
436 113
437 113
438 113
439 113
440 113
441 113
442 113
443 113
444 113
445 113
446 113
447 113
448 113
449 113
450 113
451 113
452 113
453 112
454 112
455 112
456 112
457 112
458 112
459 112
460 112
461 112
462 112
463 112
464 112
465 112
465 111
466 110
466 109
466 108
466 107
466 106
466 105
466 104
466 103
466 102
466 101
466 100
466 99
466 98
466 97
466 96
466 95
466 94
466 93
466 92
466 91
466 90
466 89
466 88
466 87
466 86
466 85
466 84
466 83
466 82
466 81
465 80
465 79
465 78
465 77
465 76
465 75
465 74
465 73
465 72
465 71
465 70
465 69
465 68
465 67
465 66
465 65
465 64
465 63
465 62
465 61
465 60
465 59
464 58
463 57
462 56
461 55
460 55
459 54
458 54
457 53
456 53
455 53
454 53
453 52
452 52
451 52
450 52
449 52
448 52
447 52
446 52
445 52
444 52
443 52
442 52
441 52
440 52
439 52
438 52
437 52
436 52
435 52
434 52
433 52
432 52
431 52
430 52
429 51
428 51
427 51
426 51
425 51
424 51
423 51
422 51
421 51
420 51
419 51
418 51
417 51
416 51
415 51
414 51
413 51
412 51
411 51
410 51
409 51
408 51
407 51
406 51
405 51
404 51
403 51
402 51
401 51
400 51
399 51
398 51
397 51
396 51
395 51
394 51
393 51
392 51
391 51
390 51
389 51
388 51
387 51
386 52
385 52
384 52
383 52
382 52
381 52
380 52
379 52
378 52
377 52
376 52
375 52
374 52
373 52
372 52
371 52
370 52
369 52
368 52
367 52
366 52
365 51
364 51
363 51
362 51
361 50
360 50
359 50
358 50
357 50
356 50
355 51
354 51
353 51
352 51
351 51
350 50
349 50
348 49
347 48
346 47
345 46
345 45
344 44
343 43
342 42
342 41
341 40
340 39
339 38
338 37
337 37
336 36
335 36
334 36
333 35
332 35
331 34
330 34
329 33
328 33
327 33
326 32
325 32
324 31
323 31
322 31
321 31
320 31
319 31
318 31
317 31
316 31
315 30
314 30
313 30
312 30
311 30
310 30
309 30
308 30
307 30
306 30
305 30
304 30
303 30
302 29
301 29
300 29
299 29
298 29
