202 49
201 50
200 50
199 50
198 50
197 50
196 50
195 50
194 50
193 51
192 51
191 51
190 51
189 51
188 51
187 52
186 52
185 52
184 52
183 53
182 54
181 54
180 54
179 55
178 56
177 56
176 57
175 57
174 58
173 58
172 59
171 60
170 60
169 61
168 62
167 62
166 62
165 63
164 64
164 65
163 66
162 66
161 67
160 68
159 69
158 69
157 70
156 70
155 70
154 70
153 71
152 71
151 71
150 71
149 72
148 72
147 72
146 72
145 72
144 72
143 72
142 72
141 72
140 72
139 72
138 72
137 72
136 72
135 72
134 72
133 73
132 73
131 73
130 73
129 73
128 73
127 74
126 74
125 74
124 74
123 74
122 73
121 73
120 73
119 73
118 74
117 74
116 74
115 74
114 74
113 74
112 74
111 74
110 74
109 74
108 74
107 74
106 74
105 74
104 74
103 75
102 75
101 75
100 76
99 76
98 76
97 76
96 76
95 76
94 75
93 75
92 75
91 75
90 76
89 76
89 77
88 78
87 78
87 79
87 80
87 81
87 82
88 82
89 83
89 84
89 85
90 86
90 87
90 88
90 89
90 90
90 91
90 92
90 93
90 94
90 95
90 96
90 97
90 98
89 99
89 100
90 101
90 102
90 103
91 104
91 105
91 106
91 107
91 108
91 109
91 110
92 110
93 111
93 112
93 113
92 114
91 114
91 115
91 116
91 117
91 118
91 119
91 120
92 120
93 121
94 122
95 122
96 122
97 121
98 121
99 121
100 121
101 121
102 120
103 120
104 120
105 120
106 120
107 120
108 121
109 121
110 121
111 121
112 120
113 120
114 120
115 120
116 120
117 120
118 120
119 120
120 120
121 120
122 120
123 120
124 119
125 119
126 119
127 119
128 119
129 119
130 118
131 118
132 118
133 118
134 119
135 119
136 119
137 119
138 119
139 119
140 119
141 119
142 118
143 118
144 118
145 118
146 118
147 118
148 118
149 118
150 118
151 118
152 118
153 118
154 118
155 118
156 118
157 119
158 119
159 119
160 119
161 119
162 119
163 119
164 120
165 121
166 121
167 121
168 122
169 123
170 124
171 124
172 125
173 125
174 125
175 126
176 127
177 127
178 127
179 128
180 129
181 129
182 129
183 130
184 130
185 130
186 130
187 131
188 131
189 131
190 132
191 132
192 132
193 132
194 132
195 133
196 133
197 133
198 133
199 133
200 133
201 133
202 133
203 133
204 133
205 133
206 134
207 134
208 134
209 135
210 135
211 135
212 135
213 135
214 134
215 134
216 134
217 133
218 132
219 132
220 132
221 132
222 132
223 132
224 131
225 131
226 130
227 130
228 130
229 130
230 129
231 129
232 129
233 128
234 128
235 128
236 127
237 126
238 126
239 126
240 125
241 124
242 124
243 123
244 122
245 121
246 121
247 120
248 119
249 119
250 118
251 117
252 116
253 116
253 115
254 114
255 113
256 113
257 113
258 113
259 112
260 112
261 112
262 112
263 111
264 111
265 111
266 111
267 111
268 111
269 111
270 111
271 111
272 111
273 111
274 110
275 110
276 110
277 110
278 110
279 110
280 110
281 110
282 110
283 110
284 109
285 109
286 109
287 109
288 109
289 109
290 109
291 109
292 109
293 109
294 109
295 109
296 109
297 109
298 109
299 109
300 109
301 109
302 109
303 109
304 108
305 108
306 108
307 108
308 108
309 108
310 108
311 107
312 107
313 107
314 107
315 107
316 108
317 108
318 108
319 108
320 108
321 108
322 108
323 108
324 108
325 108
326 107
327 107
328 107
329 107
330 107
331 107
332 107
333 107
334 107
335 107
336 107
337 106
338 106
339 106
340 106
341 107
342 107
343 107
344 107
345 107
346 107
347 107
348 107
349 107
350 107
351 107
352 107
353 107
354 107
355 107
356 107
357 107
358 107
359 107
360 107
361 107
362 107
363 107
364 107
365 107
366 107
367 107
368 107
369 107
370 107
371 107
372 107
373 107
374 107
375 107
376 107
377 107
378 107
379 107
380 107
381 107
382 106
383 105
384 105
385 105
386 105
387 105
388 105
389 105
390 106
391 106
392 106
393 106
394 105
395 104
396 104
396 103
397 102
397 101
397 100
397 99
396 98
396 97
396 96
396 95
396 94
396 93
396 92
396 91
396 90
396 89
396 88
395 88
394 87
394 86
394 85
394 84
394 83
395 82
396 82
396 81
396 80
396 79
395 79
394 78
394 77
394 76
394 75
394 74
394 73
394 72
394 71
394 70
394 69
393 68
393 67
393 66
394 65
394 64
394 63
394 62
394 61
394 60
393 59
392 59
391 59
390 59
389 59
388 59
387 59
386 59
385 59
384 59
383 59
382 59
381 58
380 58
379 58
378 58
377 58
376 58
375 58
374 58
373 58
372 58
371 58
370 58
369 58
368 58
367 59
366 59
365 59
364 59
363 59
362 59
361 59
360 59
359 60
358 60
357 60
356 60
355 60
354 60
353 60
352 60
351 60
350 60
349 60
348 60
347 60
346 60
345 60
344 60
343 61
342 61
341 61
340 61
339 61
338 61
337 61
336 61
335 61
334 61
333 61
332 61
331 61
330 61
329 61
328 61
327 61
326 61
325 62
324 62
323 62
322 62
321 62
320 62
319 62
318 62
317 62
316 62
315 62
314 62
313 62
312 62
311 62
310 62
309 62
308 62
307 62
306 63
305 63
304 63
303 63
302 63
301 63
300 63
299 63
298 63
297 63
296 63
295 63
294 63
293 63
292 63
291 63
290 63
289 63
288 63
287 63
286 63
285 63
284 64
283 64
282 64
281 64
280 64
279 64
278 64
277 64
276 64
275 64
274 64
273 64
272 64
271 64
270 64
269 64
268 64
267 64
266 64
265 64
264 64
263 64
262 64
261 65
260 65
259 65
258 65
257 64
256 64
255 64
254 64
253 64
252 64
251 64
250 63
249 63
248 63
247 62
246 61
245 61
244 60
243 59
242 58
241 58
240 58
239 57
238 56
237 56
236 55
235 55
234 54
233 54
232 54
231 53
230 53
229 53
228 53
227 52
226 52
225 52
224 51
223 51
222 51
221 51
220 51
219 50
218 50
217 50
216 50
215 50
214 50
213 50
212 50
211 50
210 49
209 49
208 49
207 49
206 49
205 49
204 49
203 49
