271 70
270 71
269 71
268 71
267 71
266 71
265 71
264 71
263 71
262 71
261 71
260 71
259 71
258 71
257 71
256 71
255 71
254 72
253 72
252 72
251 73
250 73
249 73
248 73
247 73
246 74
245 74
244 74
243 75
242 75
241 76
240 76
239 77
238 77
237 78
236 79
235 79
234 79
233 80
232 81
231 82
230 82
229 83
228 84
227 84
227 85
226 86
225 87
224 88
223 89
222 89
221 89
220 90
219 90
218 90
217 89
216 89
215 89
214 89
213 89
212 89
211 89
210 89
209 89
208 89
207 89
206 90
205 90
204 90
203 90
202 91
201 91
200 91
199 91
198 91
197 91
196 90
195 90
194 90
193 90
192 90
191 90
190 90
189 90
188 90
187 90
186 90
185 90
184 90
183 90
182 91
181 91
180 91
179 91
178 91
177 91
176 91
175 91
174 91
173 91
172 91
171 91
170 91
169 91
168 91
167 91
166 91
165 91
164 91
163 91
162 91
161 91
160 91
159 91
158 92
157 92
156 92
155 92
154 92
153 92
152 91
151 91
150 91
149 91
148 91
147 91
146 91
145 91
144 91
143 91
142 92
141 92
140 92
139 92
138 91
137 91
136 91
135 91
134 91
133 91
132 92
131 92
130 92
129 92
128 92
127 92
126 92
125 92
124 92
123 92
122 93
121 93
120 93
119 93
118 92
117 92
116 92
115 91
114 91
113 91
112 91
111 91
110 91
109 91
108 91
107 91
106 92
105 92
104 92
103 92
102 91
101 91
100 91
99 91
98 91
97 91
96 91
95 91
94 91
93 91
92 91
91 91
90 91
89 91
88 91
87 91
86 91
85 91
84 91
83 91
82 91
81 91
80 91
79 91
78 91
77 91
76 91
75 91
74 91
73 91
72 91
71 91
70 92
69 92
68 92
68 93
67 94
67 95
67 96
67 97
66 98
66 99
66 100
66 101
66 102
67 103
67 104
67 105
67 106
67 107
67 108
67 109
67 110
67 111
67 112
67 113
67 114
68 115
68 116
68 117
68 118
68 119
67 120
67 121
67 122
67 123
67 124
67 125
67 126
67 127
67 128
68 129
68 130
68 131
67 132
67 133
67 134
67 135
67 136
67 137
68 138
68 139
68 140
68 141
68 142
68 143
68 144
69 145
70 145
71 146
72 146
73 146
74 146
75 146
76 146
77 146
78 146
79 146
80 146
81 146
82 146
83 146
84 146
85 146
86 146
87 146
88 146
89 146
90 146
91 146
92 146
93 146
94 146
95 145
96 145
97 145
98 145
99 145
100 145
101 145
102 145
103 145
104 145
105 145
106 145
107 145
108 145
109 145
110 145
111 145
112 145
113 145
114 145
115 144
116 144
117 144
118 144
119 144
120 144
121 144
122 144
123 144
124 144
125 144
126 144
127 144
128 144
129 144
130 144
131 144
132 144
133 144
134 143
135 143
136 143
137 143
138 143
139 143
140 143
141 143
142 143
143 143
144 143
145 143
146 143
147 143
148 143
149 143
150 143
151 143
152 143
153 143
154 143
155 143
156 143
157 143
158 143
159 143
160 143
161 143
162 143
163 143
164 144
165 144
166 144
167 144
168 144
169 145
170 145
171 145
172 145
173 145
174 145
175 145
176 145
177 145
178 145
179 145
180 145
181 145
182 145
183 145
184 145
185 145
186 145
187 145
188 146
189 146
190 146
191 146
192 146
193 146
194 146
195 146
196 146
197 146
198 146
199 146
200 146
201 147
202 147
203 148
204 148
205 148
206 148
207 148
208 148
209 148
210 148
211 148
212 148
213 148
214 148
215 148
216 148
217 148
218 148
219 148
220 148
221 148
222 149
223 150
224 151
225 152
226 153
227 154
228 154
229 155
230 156
231 156
232 157
233 158
234 159
235 159
236 159
237 160
238 160
239 161
240 162
241 162
242 162
243 163
244 163
245 163
246 163
247 164
248 164
249 164
250 165
251 165
252 166
253 167
254 167
255 167
256 167
257 168
258 168
259 168
260 169
261 169
262 169
263 169
264 169
265 169
266 169
267 168
268 168
269 167
270 167
271 167
272 167
273 167
274 166
275 166
276 165
277 164
278 164
279 164
280 164
281 163
282 163
283 162
284 162
285 161
286 161
287 160
288 160
289 160
290 159
291 159
292 158
293 157
294 157
295 156
296 156
297 155
298 154
299 153
300 152
301 151
302 150
303 149
304 148
305 148
306 147
307 147
308 146
309 146
310 146
311 147
312 147
313 147
314 147
315 147
316 146
317 146
318 146
319 146
320 146
321 145
322 145
323 145
324 144
325 144
326 144
327 144
328 144
329 144
330 144
331 144
332 144
333 144
334 144
335 144
336 144
337 144
338 144
339 144
340 144
341 144
342 144
343 144
344 144
345 144
346 144
347 143
348 143
349 143
350 143
351 143
352 144
353 144
354 144
355 144
356 144
357 144
358 144
359 144
360 144
361 144
362 144
363 144
364 144
365 144
366 144
367 143
368 143
369 143
370 143
371 143
372 143
373 143
374 143
375 143
376 143
377 143
378 143
379 143
380 143
381 143
382 143
383 143
384 143
385 143
386 143
387 143
388 143
389 143
390 143
391 143
392 143
393 143
394 143
395 143
396 143
397 143
398 143
399 143
400 143
401 143
402 143
403 143
404 143
405 143
406 143
407 143
408 143
409 143
410 143
411 143
412 143
413 143
414 143
415 143
416 143
417 143
418 144
419 144
420 144
421 144
422 144
423 144
424 144
425 144
426 144
427 144
428 144
429 144
430 144
431 144
432 144
433 143
434 143
435 143
436 143
437 143
438 144
439 144
440 144
441 144
442 144
443 143
444 143
445 142
446 142
446 141
447 140
447 139
447 138
447 137
447 136
447 135
447 134
447 133
447 132
447 131
447 130
447 129
447 128
447 127
447 126
447 125
447 124
448 123
448 122
448 121
447 120
447 119
447 118
447 117
447 116
447 115
447 114
447 113
448 112
448 111
448 110
448 109
447 108
447 107
447 106
447 105
447 104
447 103
447 102
447 101
448 100
448 99
448 98
448 97
448 96
447 95
447 94
446 93
445 93
444 92
443 92
442 91
441 91
440 91
439 91
438 91
437 91
436 91
435 91
434 91
433 91
432 91
431 92
430 92
429 93
428 94
427 94
426 94
425 94
424 94
423 93
422 92
421 92
420 92
419 91
418 91
417 91
416 91
415 91
414 91
413 91
412 91
411 91
410 91
409 91
408 91
407 91
406 92
405 92
404 92
403 92
402 92
401 92
400 92
399 91
398 91
397 91
396 91
395 91
394 91
393 92
392 92
391 92
390 91
389 91
388 91
387 91
386 92
385 92
384 92
383 93
382 93
381 93
380 93
379 93
378 92
377 92
376 91
375 91
374 91
373 91
372 91
371 91
370 91
369 91
368 91
367 91
366 91
365 91
364 92
363 92
362 92
361 92
360 92
359 92
358 91
357 91
356 91
355 91
354 91
353 91
352 91
351 91
350 90
349 90
348 90
347 91
346 91
345 91
344 91
343 91
342 90
341 90
340 90
339 91
338 91
337 91
336 91
335 91
334 91
333 91
332 91
331 91
330 90
329 90
328 90
327 90
326 89
325 89
324 89
323 89
322 89
321 89
320 89
319 89
318 89
317 89
316 89
315 89
314 89
313 90
312 90
311 90
310 90
309 89
308 89
307 89
306 89
305 88
304 88
303 88
302 87
301 86
300 85
299 84
298 83
297 82
296 81
295 81
294 80
293 79
292 79
291 78
290 77
289 77
288 76
287 76
286 76
285 75
284 74
283 74
282 73
281 73
280 73
279 73
278 72
277 72
276 71
275 71
274 70
273 70
272 70
