290 43
289 44
288 44
287 45
286 45
285 45
284 46
283 46
282 47
281 47
280 48
279 48
278 49
277 49
276 50
276 51
275 52
274 53
273 54
272 55
271 55
270 56
269 56
268 56
267 56
266 56
265 56
264 56
263 56
262 56
261 56
260 56
259 56
258 56
257 57
256 58
255 58
255 59
254 60
253 61
252 61
251 61
250 61
249 61
248 61
247 61
246 61
245 61
244 61
243 61
242 61
241 61
240 61
239 61
238 61
237 61
236 61
235 61
234 61
233 61
232 61
231 61
230 61
229 62
228 62
227 62
226 62
225 62
224 62
223 62
222 62
221 62
220 62
219 62
218 62
217 62
216 62
215 62
214 62
213 62
212 62
211 62
210 62
209 62
208 62
207 62
206 62
205 62
204 62
203 62
202 62
201 63
200 63
199 63
198 63
197 63
196 63
195 63
194 63
193 63
192 63
191 63
190 63
189 63
188 63
187 63
186 63
185 63
184 63
183 63
182 63
181 63
180 63
179 63
178 63
177 63
176 63
175 63
174 64
173 64
172 64
171 64
170 64
169 64
168 64
167 64
166 64
165 64
164 64
163 64
162 64
161 64
160 64
159 64
158 64
157 64
156 64
155 64
154 65
153 65
152 65
151 65
150 65
149 65
148 65
147 65
146 65
145 65
144 65
143 65
142 65
141 65
140 65
139 66
138 66
137 66
136 66
135 66
134 66
133 66
132 66
131 66
130 66
129 66
128 66
127 66
126 66
125 66
124 66
123 66
122 66
121 66
120 66
119 66
118 66
117 66
116 66
115 66
114 66
113 66
112 67
111 67
110 67
109 67
108 67
107 67
106 67
105 67
104 67
103 67
102 67
101 66
100 66
99 66
98 66
97 66
96 66
95 66
94 66
93 66
92 66
91 66
90 66
89 66
88 66
87 66
86 66
85 66
84 66
83 66
82 66
81 66
80 65
79 65
78 65
77 65
76 65
75 65
74 65
73 65
72 65
71 65
70 65
69 65
68 65
67 65
66 65
65 65
64 65
63 65
62 65
61 65
60 65
59 65
58 64
57 64
56 64
55 64
54 64
53 64
52 64
51 64
50 64
49 64
48 64
47 64
46 64
45 64
44 64
43 64
42 64
41 64
40 64
39 64
38 64
37 63
36 63
35 63
34 63
33 63
32 63
31 63
30 63
29 63
28 63
27 63
26 63
25 63
24 63
23 63
22 63
21 63
20 63
19 63
18 64
17 64
16 65
15 66
14 67
14 68
13 69
12 70
12 71
11 72
11 73
11 74
10 75
10 76
10 77
10 78
10 79
10 80
10 81
10 82
11 83
11 84
11 85
11 86
12 87
12 88
13 89
13 90
14 91
15 92
16 93
17 94
17 95
18 96
19 96
20 97
21 97
22 97
23 97
24 98
25 98
26 98
27 98
28 98
29 98
30 98
31 98
32 98
33 98
34 98
35 98
36 98
37 99
38 99
39 99
40 99
41 99
42 99
43 99
44 99
45 99
46 99
47 99
48 99
49 99
50 99
51 99
52 99
53 99
54 99
55 99
56 100
57 100
58 100
59 100
60 100
61 100
62 100
63 100
64 100
65 100
66 100
67 100
68 100
69 100
70 100
71 100
72 101
73 101
74 101
75 101
76 101
77 101
78 101
79 101
80 101
81 101
82 101
83 101
84 101
85 101
86 101
87 101
88 101
89 101
90 101
91 101
92 101
93 101
94 101
95 101
96 101
97 101
98 101
99 101
100 101
101 101
102 101
103 101
104 101
105 101
106 101
107 100
108 100
109 100
110 101
111 101
112 101
113 101
114 101
115 101
116 101
117 101
118 101
119 101
120 101
121 101
122 101
123 101
124 101
125 101
126 101
127 101
128 101
129 101
130 101
131 101
132 101
133 101
134 101
135 101
136 101
137 101
138 101
139 101
140 101
141 101
142 102
143 102
144 102
145 102
146 102
147 102
148 102
149 102
150 102
151 102
152 102
153 102
154 102
155 102
156 102
157 102
158 102
159 102
160 102
161 102
162 102
163 102
164 103
165 103
166 103
167 103
168 103
169 103
170 103
171 103
172 103
173 103
174 103
175 103
176 103
177 103
178 103
179 103
180 103
181 103
182 103
183 103
184 103
185 103
186 103
187 103
188 103
189 104
190 104
191 104
192 104
193 104
194 104
195 104
196 104
197 104
198 104
199 104
200 104
201 104
202 104
203 104
204 104
205 104
206 104
207 104
208 104
209 104
210 104
211 105
212 105
213 105
214 105
215 105
216 105
217 105
218 105
219 105
220 105
221 105
222 105
223 105
224 105
225 105
226 106
227 106
228 106
229 106
230 106
231 106
232 106
233 106
234 106
235 106
236 106
237 106
238 106
239 106
240 106
241 106
242 107
243 107
244 107
245 107
246 107
247 107
248 107
249 107
250 107
251 107
252 107
253 108
254 108
255 109
256 110
257 110
258 111
259 111
260 111
261 111
262 111
263 111
264 110
265 110
266 110
267 110
268 110
269 111
270 111
271 112
272 113
273 114
274 115
275 116
276 117
277 118
278 118
279 119
280 120
281 120
282 121
283 121
284 122
285 122
286 122
287 123
288 123
289 124
290 124
291 124
292 124
293 125
294 125
295 126
296 126
297 126
298 127
299 126
300 126
301 126
302 125
303 125
304 124
305 124
306 124
307 124
308 123
309 123
310 123
311 122
312 122
313 122
314 121
315 121
316 120
317 120
318 119
319 118
320 117
321 116
322 115
323 115
324 114
325 113
326 113
327 112
328 112
329 112
330 112
331 112
332 112
333 112
334 112
335 112
336 112
337 112
338 111
339 110
340 109
341 108
342 107
343 107
344 107
345 107
346 107
347 107
348 107
349 107
350 107
351 107
352 107
353 107
354 107
355 107
356 107
357 107
358 107
359 107
360 107
361 107
362 107
363 107
364 107
365 107
366 106
367 106
368 106
369 106
370 106
371 106
372 106
373 106
374 106
375 106
376 106
377 106
378 106
379 106
380 106
381 106
382 106
383 106
384 106
385 106
386 106
387 106
388 106
389 106
390 106
391 106
392 106
393 106
394 105
395 105
396 105
397 105
398 105
399 105
400 105
401 105
402 105
403 105
404 105
405 105
406 105
407 105
408 105
409 105
410 105
411 105
412 105
413 105
414 105
415 105
416 105
417 105
418 105
419 105
420 105
421 104
422 104
423 104
424 104
425 104
426 104
427 104
428 104
429 104
430 104
431 104
432 104
433 104
434 104
435 104
436 104
437 104
438 104
439 104
440 104
441 103
442 103
443 103
444 103
445 103
446 103
447 103
448 103
449 103
450 103
451 103
452 103
453 103
454 103
455 103
456 102
457 102
458 102
459 102
460 102
461 102
462 102
463 102
464 102
465 102
466 102
467 102
468 102
469 102
470 102
471 102
472 102
473 102
474 102
475 102
476 102
477 102
478 102
479 101
480 101
480 100
480 99
481 98
481 97
481 96
481 95
482 94
482 93
482 92
482 91
482 90
482 89
482 88
482 87
482 86
482 85
482 84
482 83
482 82
482 81
482 80
482 79
482 78
482 77
482 76
482 75
482 74
481 73
481 72
480 71
480 70
479 69
478 68
477 68
476 67
475 67
474 67
473 67
472 67
471 67
470 67
469 67
468 67
467 67
466 67
465 67
464 67
463 67
462 67
461 67
460 67
459 67
458 67
457 67
456 67
455 67
454 67
453 66
452 66
451 66
450 66
449 66
448 66
447 66
446 66
445 66
444 66
443 66
442 66
441 66
440 66
439 66
438 66
437 66
436 66
435 66
434 66
433 66
432 66
431 65
430 65
429 65
428 65
427 65
426 65
425 65
424 65
423 65
422 65
421 65
420 65
419 65
418 65
417 65
416 65
415 65
414 65
413 65
412 65
411 65
410 65
409 65
408 65
407 65
406 64
405 64
404 64
403 64
402 64
401 64
400 64
399 64
398 64
397 64
396 64
395 64
394 64
393 64
392 64
391 64
390 64
389 64
388 64
387 64
386 64
385 64
384 63
383 63
382 63
381 63
380 63
379 63
378 63
377 63
376 63
375 63
374 63
373 63
372 63
371 63
370 63
369 62
368 62
367 62
366 62
365 62
364 62
363 62
362 62
361 62
360 62
359 62
358 62
357 62
356 62
355 62
354 62
353 61
352 61
351 61
350 61
349 61
348 61
347 61
346 61
345 61
344 61
343 61
342 60
341 60
340 59
339 58
338 58
337 57
336 57
335 57
334 57
333 57
332 57
331 57
330 57
329 57
328 56
327 56
326 55
325 54
324 53
323 52
322 52
321 51
320 50
319 49
318 48
317 48
316 47
315 46
314 46
313 46
312 45
311 45
310 45
309 44
308 44
307 44
306 43
305 43
304 43
303 43
302 43
301 43
300 43
299 43
298 43
297 43
296 43
295 43
294 43
293 43
292 43
291 43
