247 64
246 65
245 65
244 65
243 66
242 67
241 68
240 68
239 69
238 69
237 69
236 70
235 70
234 70
233 70
232 71
231 71
230 72
229 72
228 73
227 74
226 74
225 75
224 76
223 76
222 77
221 78
220 79
219 79
218 80
217 81
216 82
215 82
214 83
213 83
212 83
211 84
210 85
209 85
208 86
207 86
206 86
205 87
204 87
203 87
202 87
201 87
200 88
199 88
198 88
197 88
196 89
195 89
194 90
193 91
192 91
191 91
190 91
189 91
188 90
187 90
186 90
185 90
184 90
183 90
182 91
181 91
180 91
179 91
178 91
177 91
176 91
175 91
174 91
173 91
172 92
171 92
170 92
169 93
168 93
167 93
166 92
165 92
164 92
163 92
162 92
161 92
160 92
159 92
158 92
157 92
156 92
155 92
154 92
153 91
152 91
151 90
150 90
149 89
148 89
147 88
146 88
145 88
144 88
143 88
142 88
141 89
140 89
139 89
138 90
137 91
136 91
135 92
134 92
133 92
132 92
131 92
130 93
129 93
128 93
127 93
126 93
125 93
124 93
123 93
122 93
121 93
120 93
119 93
118 93
117 93
116 93
115 93
114 93
113 93
112 93
111 93
110 93
109 93
108 93
107 94
106 94
105 94
104 94
103 95
102 95
101 95
100 95
99 95
98 95
97 95
96 95
95 95
94 95
93 96
92 96
91 96
90 96
89 96
88 96
87 96
86 97
85 97
84 97
83 97
82 97
81 98
80 98
79 99
78 100
77 100
77 101
77 102
77 103
77 104
78 104
79 105
79 106
79 107
79 108
79 109
79 110
79 111
80 112
80 113
80 114
80 115
80 116
79 117
79 118
79 119
79 120
79 121
79 122
80 123
80 124
81 125
81 126
81 127
81 128
81 129
81 130
81 131
81 132
81 133
81 134
81 135
81 136
81 137
81 138
81 139
81 140
82 141
83 142
84 142
85 142
86 142
87 142
88 142
89 142
90 142
91 142
92 142
93 142
94 142
95 142
96 142
97 142
98 142
99 142
100 142
101 142
102 142
103 142
104 142
105 142
106 142
107 142
108 142
109 142
110 142
111 142
112 142
113 142
114 142
115 142
116 142
117 142
118 142
119 142
120 142
121 141
122 141
123 141
124 141
125 141
126 140
127 140
128 140
129 140
130 140
131 140
132 140
133 140
134 140
135 140
136 140
137 140
138 140
139 140
140 141
141 141
142 141
143 142
144 142
145 143
146 143
147 143
148 143
149 143
150 142
151 142
152 142
153 141
154 141
155 140
156 139
157 139
158 139
159 138
160 138
161 138
162 138
163 138
164 138
165 138
166 138
167 138
168 137
169 137
170 136
171 136
172 136
173 137
174 137
175 137
176 137
177 137
178 137
179 137
180 137
181 137
182 137
183 137
184 137
185 137
186 137
187 137
188 137
189 137
190 137
191 136
192 136
193 136
194 136
195 136
196 137
197 137
198 138
199 138
200 138
201 139
202 139
203 139
204 139
205 139
206 139
207 139
208 140
209 140
210 140
211 140
212 141
213 141
214 141
215 142
216 142
217 143
218 143
219 144
220 144
221 145
222 146
223 146
224 146
225 147
226 148
227 149
228 149
229 150
230 150
231 151
232 151
233 152
234 152
235 152
236 152
237 153
238 153
239 153
240 153
241 154
242 154
243 154
244 154
245 154
246 154
247 155
248 155
249 155
250 155
251 155
252 155
253 155
254 154
255 154
256 154
257 154
258 154
259 154
260 154
261 153
262 153
263 153
264 152
265 152
266 152
267 152
268 151
269 151
270 150
271 150
272 149
273 148
274 148
275 148
276 147
277 146
278 145
279 144
280 144
281 143
282 142
283 141
284 140
285 140
286 140
287 139
288 138
289 138
290 137
291 137
292 136
293 136
294 135
295 135
296 135
297 134
298 134
299 134
300 134
301 133
302 133
303 133
304 133
305 132
306 131
307 131
308 130
309 129
310 129
311 130
312 130
313 130
314 131
315 131
316 131
317 131
318 131
319 131
320 131
321 131
322 131
323 131
324 131
325 131
326 130
327 130
328 130
329 129
330 129
331 129
332 129
333 129
334 129
335 130
336 130
337 130
338 130
339 130
340 130
341 130
342 129
343 129
344 129
345 129
346 129
347 129
348 129
349 129
350 128
351 128
352 127
353 127
354 127
355 127
356 127
357 128
358 128
359 128
360 128
361 128
362 128
363 128
364 128
365 128
366 128
367 128
368 128
369 128
370 128
371 128
372 128
373 127
374 127
375 126
376 126
377 126
378 126
379 126
380 126
381 127
382 127
383 127
384 127
385 126
386 126
387 126
388 126
389 125
390 125
391 125
392 124
393 124
394 124
395 124
396 124
397 124
398 123
399 123
400 123
401 123
402 123
403 123
404 123
405 123
406 123
407 123
408 123
409 123
410 122
411 122
412 122
413 122
414 122
415 122
416 122
417 122
418 122
419 122
420 122
421 122
422 122
423 121
424 121
425 121
426 121
427 121
428 120
429 119
429 118
430 117
431 117
431 116
430 116
429 115
429 114
429 113
429 112
429 111
430 110
431 110
431 109
431 108
431 107
431 106
430 106
429 105
429 104
429 103
429 102
429 101
429 100
429 99
429 98
428 97
428 96
428 95
428 94
429 93
429 92
429 91
429 90
429 89
429 88
429 87
428 86
428 85
427 84
427 83
427 82
427 81
427 80
427 79
426 78
425 77
424 77
423 77
422 77
421 77
420 77
419 77
418 77
417 77
416 77
415 77
414 77
413 77
412 77
411 77
410 77
409 77
408 77
407 77
406 77
405 77
404 77
403 77
402 77
401 77
400 77
399 77
398 78
397 78
396 78
395 78
394 78
393 78
392 78
391 78
390 78
389 78
388 78
387 78
386 78
385 78
384 78
383 78
382 78
381 78
380 78
379 78
378 78
377 78
376 78
375 78
374 78
373 78
372 78
371 78
370 78
369 79
368 79
367 79
366 79
365 79
364 80
363 80
362 80
361 80
360 80
359 80
358 80
357 80
356 80
355 80
354 81
353 81
352 82
351 82
350 82
349 81
348 81
347 81
346 81
345 81
344 82
343 82
342 82
341 82
340 82
339 82
338 82
337 82
336 82
335 82
334 82
333 83
332 83
331 84
330 84
329 84
328 85
327 85
326 84
325 84
324 84
323 83
322 83
321 83
320 83
319 83
318 84
317 84
316 84
315 84
314 84
313 84
312 84
311 84
310 84
309 84
308 85
307 86
306 86
305 86
304 86
303 85
302 85
301 84
300 84
299 84
298 84
297 83
296 83
295 83
294 83
293 83
292 83
291 82
290 82
289 82
288 81
287 81
286 80
285 80
284 80
283 79
282 79
281 78
280 78
279 77
278 76
277 76
276 75
275 74
274 74
273 73
272 73
271 72
270 72
269 71
268 70
267 70
266 70
265 69
264 69
263 69
262 69
261 69
260 68
259 68
258 68
257 68
256 68
255 67
254 67
253 67
252 66
251 65
250 64
249 64
248 64
