303 87
302 88
301 88
300 89
299 89
298 90
297 90
296 91
295 91
294 91
293 92
292 92
291 93
290 93
289 93
288 94
287 94
286 94
285 95
284 96
283 96
282 97
281 97
280 98
279 99
278 100
277 101
276 101
275 101
274 101
273 101
272 101
271 101
270 102
269 103
268 104
267 105
266 106
265 107
264 107
263 108
262 108
261 109
260 109
259 110
258 110
257 111
256 111
255 111
254 111
253 111
252 111
251 111
250 112
249 112
248 112
247 112
246 112
245 112
244 112
243 112
242 112
241 112
240 113
239 113
238 113
237 113
236 113
235 113
234 113
233 113
232 113
231 113
230 113
229 114
228 114
227 114
226 114
225 114
224 114
223 114
222 114
221 114
220 114
219 114
218 114
217 114
216 115
215 115
214 115
213 115
212 115
211 115
210 115
209 115
208 115
207 115
206 115
205 115
204 115
203 115
202 115
201 115
200 115
199 115
198 116
197 116
196 116
195 116
194 116
193 116
192 116
191 116
190 116
189 116
188 116
187 116
186 116
185 116
184 116
183 116
182 116
181 116
180 116
179 116
178 116
177 116
176 116
175 116
174 116
173 116
172 116
171 116
170 116
169 116
168 116
167 116
166 116
165 115
164 115
163 115
162 115
161 115
160 115
159 115
158 115
157 115
156 115
155 115
154 115
153 116
152 116
151 116
150 116
149 116
148 116
147 116
146 116
145 116
144 116
143 116
142 116
141 116
140 116
139 116
138 116
137 116
136 116
135 116
134 116
133 116
132 116
131 116
130 116
129 116
128 116
127 116
126 115
125 115
124 115
123 115
122 115
121 115
120 115
119 115
118 115
117 115
116 114
115 114
114 114
113 114
112 113
111 113
110 113
109 113
108 113
107 113
106 113
105 113
104 112
103 112
102 112
101 112
100 112
99 112
98 112
97 111
96 111
95 111
94 111
93 111
92 111
91 111
90 110
89 110
88 110
87 110
86 110
85 109
84 109
83 109
82 109
81 109
80 108
79 108
78 108
77 108
76 108
75 107
74 107
73 107
72 107
71 106
70 106
69 106
68 106
67 106
66 105
65 105
64 105
63 105
62 104
61 104
60 104
59 104
58 103
57 103
56 103
55 103
54 103
53 103
52 103
51 103
50 103
49 103
48 104
47 104
46 105
45 105
44 106
44 107
43 108
43 109
42 110
42 111
42 112
41 113
41 114
41 115
41 116
41 117
41 118
41 119
42 120
42 121
42 122
42 123
43 124
43 125
44 126
44 127
45 128
46 129
47 130
48 131
49 132
50 133
51 133
52 134
53 134
54 135
55 135
56 136
57 136
58 136
59 136
60 136
61 137
62 137
63 137
64 137
65 137
66 138
67 138
68 138
69 138
70 139
71 139
72 139
73 139
74 140
75 140
76 140
77 140
78 140
79 140
80 141
81 141
82 141
83 141
84 141
85 142
86 142
87 142
88 142
89 142
90 143
91 143
92 143
93 143
94 143
95 143
96 143
97 144
98 144
99 144
100 144
101 144
102 144
103 144
104 145
105 145
106 145
107 145
108 145
109 145
110 145
111 146
112 146
113 146
114 146
115 146
116 146
117 146
118 146
119 146
120 147
121 147
122 147
123 147
124 147
125 147
126 147
127 147
128 147
129 147
130 147
131 147
132 147
133 147
134 148
135 148
136 148
137 148
138 148
139 148
140 148
141 148
142 148
143 148
144 148
145 148
146 148
147 148
148 148
149 148
150 148
151 148
152 148
153 148
154 148
155 148
156 148
157 148
158 148
159 148
160 148
161 148
162 148
163 148
164 148
165 148
166 148
167 148
168 148
169 148
170 148
171 148
172 148
173 148
174 148
175 148
176 148
177 148
178 148
179 148
180 148
181 148
182 148
183 148
184 148
185 148
186 148
187 148
188 148
189 148
190 148
191 148
192 149
193 149
194 149
195 149
196 149
197 149
198 149
199 149
200 149
201 149
202 149
203 149
204 149
205 149
206 149
207 149
208 149
209 149
210 149
211 149
212 149
213 149
214 149
215 149
216 149
217 149
218 149
219 149
220 149
221 149
222 149
223 149
224 149
225 149
226 148
227 148
228 148
229 148
230 148
231 148
232 148
233 148
234 148
235 148
236 148
237 148
238 148
239 148
240 148
241 148
242 148
243 148
244 148
245 148
246 148
247 148
248 148
249 148
250 148
251 148
252 148
253 148
254 148
255 148
256 148
257 148
258 148
259 148
260 148
261 148
262 148
263 148
264 148
265 148
266 149
267 149
268 150
269 151
269 152
270 153
271 154
272 155
273 156
274 156
275 156
276 157
277 157
278 157
279 157
280 157
281 157
282 157
283 157
284 158
285 158
286 159
287 159
288 160
289 160
290 161
291 161
292 162
293 162
294 162
295 163
296 163
297 163
298 163
299 164
300 164
301 164
302 164
303 164
304 164
305 164
306 164
307 164
308 164
309 164
310 164
311 164
312 164
313 164
314 164
315 164
316 163
317 163
318 163
319 162
320 162
321 162
322 161
323 161
324 160
325 160
326 159
327 158
328 158
329 157
330 156
331 156
332 155
333 155
334 155
335 155
336 155
337 155
338 154
339 154
340 154
341 153
342 153
343 152
344 151
344 150
345 149
345 148
346 147
347 146
348 145
349 145
350 144
351 144
352 144
353 144
354 144
355 144
356 144
357 144
358 144
359 144
360 144
361 144
362 144
363 144
364 144
365 144
366 143
367 143
368 143
369 143
370 143
371 143
372 143
373 143
374 143
375 143
376 143
377 143
378 143
379 142
380 142
381 142
382 142
383 142
384 142
385 142
386 142
387 142
388 142
389 142
390 142
391 142
392 141
393 141
394 141
395 141
396 141
397 141
398 141
399 141
400 141
401 141
402 141
403 141
404 140
405 140
406 140
407 140
408 140
409 140
410 140
411 140
412 140
413 140
414 140
415 140
416 140
417 139
418 139
419 139
420 139
421 139
422 139
423 139
424 139
425 139
426 139
427 139
428 139
429 139
430 139
431 139
432 139
433 139
434 139
435 139
436 139
437 140
438 140
439 140
440 140
441 140
442 140
443 140
444 140
445 140
446 140
447 140
448 140
449 140
450 140
451 140
452 140
453 140
454 140
455 140
456 140
457 140
458 140
459 140
460 139
461 139
462 139
463 139
464 139
465 139
466 139
467 139
468 138
469 138
470 138
471 138
472 138
473 138
474 138
475 138
476 138
477 137
478 137
479 137
480 137
481 137
482 136
483 137
484 137
485 137
486 137
487 137
488 137
489 137
490 137
491 137
492 137
493 137
494 137
495 137
496 137
497 137
498 137
499 137
500 137
501 137
502 137
503 137
504 137
505 137
506 136
507 136
508 136
509 135
510 134
511 133
512 132
513 132
514 131
514 130
515 129
515 128
516 127
516 126
517 125
517 124
517 123
518 122
518 121
518 120
519 119
519 118
519 117
519 116
519 115
519 114
518 113
518 112
518 111
517 110
517 109
516 108
516 107
515 106
515 105
514 104
514 103
513 102
513 101
512 100
511 99
510 98
509 97
508 97
507 96
506 96
505 96
504 95
503 95
502 94
501 94
500 94
499 94
498 94
497 94
496 94
495 94
494 94
493 95
492 95
491 95
490 95
489 95
488 95
487 95
486 94
485 94
484 94
483 94
482 94
481 94
480 94
479 94
478 94
477 94
476 94
475 94
474 94
473 94
472 94
471 94
470 94
469 94
468 94
467 94
466 94
465 95
464 95
463 95
462 95
461 95
460 96
459 96
458 96
457 97
456 97
455 97
454 98
453 98
452 98
451 98
450 99
449 99
448 99
447 99
446 99
445 99
444 99
443 100
442 100
441 100
440 100
439 100
438 101
437 101
436 101
435 102
434 102
433 102
432 103
431 103
430 103
429 103
428 104
427 104
426 104
425 104
424 104
423 104
422 104
421 104
420 104
419 104
418 104
417 104
416 104
415 104
414 104
413 104
412 104
411 104
410 104
409 104
408 104
407 104
406 104
405 105
404 105
403 105
402 105
401 105
400 105
399 105
398 105
397 105
396 105
395 105
394 105
393 105
392 105
391 105
390 105
389 105
388 105
387 105
386 105
385 105
384 105
383 105
382 105
381 105
380 106
379 106
378 106
377 106
376 106
375 106
374 106
373 106
372 106
371 106
370 106
369 106
368 106
367 106
366 106
365 106
364 106
363 106
362 106
361 106
360 106
359 106
358 106
357 106
356 106
355 106
354 106
353 106
352 106
351 106
350 106
349 106
348 106
347 106
346 105
345 105
344 104
344 103
343 102
342 101
342 100
341 99
340 98
339 98
338 97
337 97
336 97
335 97
334 97
333 97
332 97
331 97
330 96
329 96
328 96
327 96
326 95
325 95
324 94
323 94
322 93
321 93
320 92
319 92
318 92
317 91
316 91
315 91
314 91
313 91
312 90
311 90
310 90
309 89
308 88
307 87
306 87
305 87
304 87
