75 17
73 19
73 29
74 30
74 31
75 32
75 34
78 37
78 39
81 42
81 43
83 45
83 46
84 47
84 48
87 51
88 51
91 54
92 54
94 56
96 56
99 59
98 60
93 60
92 61
89 61
88 62
85 62
84 63
82 63
81 64
79 64
78 65
76 65
75 66
74 66
73 67
71 67
70 68
69 68
68 69
67 69
66 70
65 70
64 71
63 71
62 72
61 72
59 74
58 74
57 75
56 75
54 77
53 77
50 80
49 80
46 83
45 83
33 95
33 96
30 99
30 100
27 103
27 104
26 105
26 106
24 108
24 109
23 110
23 111
22 112
22 113
21 114
21 115
20 116
20 117
19 118
19 120
18 121
18 123
17 124
17 126
16 127
16 129
15 130
15 134
14 135
14 140
13 141
13 159
14 160
14 165
15 166
15 170
16 171
16 173
17 174
17 176
18 177
18 179
19 180
19 182
20 183
20 184
21 185
21 186
22 187
22 188
23 189
23 190
24 191
24 192
26 194
26 195
27 196
27 197
30 200
30 201
33 204
33 205
45 217
46 217
49 220
50 220
53 223
54 223
56 225
57 225
58 226
59 226
61 228
62 228
63 229
64 229
65 230
66 230
67 231
68 231
69 232
70 232
71 233
73 233
74 234
75 234
76 235
78 235
79 236
81 236
82 237
84 237
85 238
88 238
89 239
92 239
93 240
98 240
99 241
106 241
107 242
127 242
128 241
135 241
136 240
141 240
142 239
145 239
146 238
149 238
150 237
152 237
153 236
155 236
156 235
158 235
159 234
160 234
161 233
163 233
164 232
165 232
166 231
167 231
168 230
169 230
170 229
171 229
172 228
173 228
175 226
176 226
177 225
178 225
180 223
181 223
184 220
185 220
188 217
189 217
201 205
201 204
204 201
204 200
207 197
207 196
208 195
208 194
210 192
210 191
211 190
211 189
212 188
212 187
213 186
213 185
214 184
214 183
215 182
215 180
216 179
216 177
217 176
217 174
218 173
218 171
219 170
219 166
220 165
220 160
221 159
221 141
220 140
220 135
219 134
219 130
218 129
218 127
217 126
217 124
216 123
216 121
215 120
215 118
214 117
214 116
213 115
213 114
212 113
212 112
211 111
211 110
210 109
210 108
208 106
208 105
207 104
207 103
204 100
204 99
201 96
201 95
189 83
188 83
185 80
184 80
181 77
180 77
178 75
177 75
176 74
175 74
173 72
172 72
171 71
170 71
169 70
168 70
167 69
166 69
165 68
164 68
163 67
161 67
160 66
159 66
158 65
156 65
155 64
153 64
152 63
150 63
149 62
146 62
145 61
142 61
141 60
136 60
135 59
128 59
127 58
123 58
122 57
122 52
123 51
123 47
124 46
124 44
126 42
126 41
129 38
129 37
132 34
133 34
133 33
134 32
135 32
137 30
138 30
139 29
141 29
142 28
144 28
145 27
149 27
150 26
152 26
138 26
137 27
136 27
135 28
133 28
132 29
131 29
130 30
129 30
126 33
125 33
124 34
124 35
120 39
120 41
119 42
119 43
118 44
118 45
116 47
116 48
115 49
115 51
114 52
114 53
113 54
112 53
112 45
111 44
111 42
108 39
108 38
106 36
106 35
104 33
103 33
95 25
94 25
92 23
91 23
89 21
88 21
87 20
86 20
85 19
83 19
82 18
81 18
80 17
