79 4
78 5
76 5
75 6
74 6
71 9
70 9
70 10
67 13
67 14
66 15
66 17
65 18
65 20
64 21
64 22
65 22
66 23
80 23
81 22
91 22
92 23
94 23
95 24
94 25
84 25
83 26
80 26
79 27
78 27
76 29
75 29
75 30
73 32
72 32
71 33
71 34
69 36
69 37
68 38
68 41
67 42
67 48
68 48
70 50
71 50
72 51
75 51
76 52
90 52
91 51
92 51
96 47
97 47
98 46
99 46
101 44
102 44
103 43
106 43
107 42
110 42
112 44
112 51
113 52
113 59
112 60
111 60
110 59
92 59
91 60
86 60
85 61
81 61
80 62
77 62
76 63
74 63
73 64
71 64
70 65
69 65
68 66
67 66
66 67
64 67
63 68
62 68
60 70
59 70
58 71
57 71
55 73
54 73
52 75
51 75
49 77
48 77
34 91
34 92
31 95
31 96
29 98
29 99
27 101
27 102
26 103
26 104
25 105
25 106
23 108
23 110
22 111
22 112
21 113
21 114
20 115
20 117
19 118
19 120
18 121
18 123
17 124
17 127
16 128
16 132
15 133
15 139
14 140
14 158
15 159
15 165
16 166
16 170
17 171
17 174
18 175
18 177
19 178
19 180
20 181
20 183
21 184
21 185
22 186
22 187
23 188
23 190
25 192
25 193
26 194
26 195
27 196
27 197
29 199
29 200
31 202
31 203
34 206
34 207
48 221
49 221
51 223
52 223
54 225
55 225
57 227
58 227
59 228
60 228
62 230
63 230
64 231
66 231
67 232
68 232
69 233
70 233
71 234
73 234
74 235
76 235
77 236
80 236
81 237
85 237
86 238
91 238
92 239
110 239
111 238
116 238
117 237
121 237
122 236
125 236
126 235
128 235
129 234
135 234
136 235
154 235
155 234
160 234
161 233
165 233
166 232
168 232
169 231
172 231
173 230
174 230
175 229
177 229
178 228
179 228
180 227
181 227
182 226
183 226
184 225
185 225
186 224
187 224
188 223
189 223
191 221
192 221
194 219
195 219
199 215
200 215
210 205
210 204
213 201
213 200
216 197
216 196
218 194
218 193
219 192
219 191
220 190
220 189
221 188
221 187
222 186
222 185
223 184
223 183
224 182
224 181
225 180
225 178
226 177
226 175
227 174
227 172
228 171
228 168
229 167
229 163
230 162
230 156
231 155
231 137
230 136
230 130
229 129
229 125
228 124
228 121
227 120
227 118
226 117
226 115
225 114
225 112
224 111
224 110
223 109
223 108
222 107
222 106
221 105
221 104
220 103
220 102
219 101
219 100
218 99
218 98
216 96
216 95
213 92
213 91
210 88
210 87
200 77
199 77
195 73
194 73
192 71
191 71
189 69
188 69
187 68
186 68
185 67
184 67
183 66
182 66
181 65
180 65
179 64
178 64
177 63
175 63
174 62
173 62
172 61
169 61
168 60
166 60
165 59
161 59
160 58
155 58
154 57
136 57
135 58
130 58
129 59
125 59
124 60
122 60
121 59
121 48
122 47
122 46
123 45
123 44
127 40
127 39
132 34
133 34
133 33
135 31
136 31
138 29
139 29
141 27
143 27
145 25
146 25
147 24
149 24
150 23
155 23
154 22
154 21
153 20
152 21
148 21
147 22
146 22
145 23
143 23
141 25
140 25
139 26
136 26
133 29
132 29
131 30
130 30
129 31
127 31
122 36
122 37
120 39
120 40
118 42
118 44
117 45
116 44
116 33
115 32
115 29
114 28
114 26
113 25
113 24
112 23
112 22
111 21
111 19
109 17
109 16
100 7
99 7
98 6
97 6
96 5
95 5
94 4
