130 1
130 4
129 5
126 5
125 6
125 9
129 9
130 10
130 11
133 14
133 15
132 16
132 21
131 22
130 22
127 25
123 25
123 26
122 27
122 30
120 32
120 34
118 36
118 38
117 39
117 41
116 42
116 45
115 46
115 50
114 51
113 51
112 50
98 50
93 45
93 43
92 43
91 42
91 38
93 36
97 36
98 35
101 35
103 33
103 32
104 31
104 29
105 28
105 25
104 24
104 23
96 23
96 24
95 25
95 30
94 31
91 31
90 32
89 32
88 31
88 30
89 29
89 24
88 23
81 23
80 24
80 25
79 26
75 26
74 25
74 23
65 23
65 24
64 25
64 28
67 31
66 32
60 32
59 31
59 26
58 25
58 24
57 23
52 23
50 25
50 32
51 33
51 34
52 35
55 35
56 36
61 36
64 39
64 40
61 43
61 44
59 46
59 47
57 49
57 50
55 52
41 52
39 50
39 49
38 48
38 45
37 44
37 41
36 40
36 38
35 37
35 35
34 34
34 31
33 30
33 29
32 28
29 28
28 27
28 26
27 25
26 25
25 24
25 23
23 23
22 22
22 19
21 18
21 16
22 15
22 12
23 11
24 11
24 10
25 9
27 9
27 5
24 5
23 6
21 6
19 4
14 4
14 7
16 7
17 8
17 11
16 12
16 19
17 20
17 23
19 25
19 27
20 28
21 28
22 29
23 29
24 30
24 34
25 34
26 35
26 36
24 38
22 38
22 41
23 42
25 42
26 43
25 44
25 48
26 48
27 49
27 50
28 50
29 51
29 52
30 53
30 54
35 59
35 60
36 60
37 61
39 61
40 62
43 62
44 63
49 63
50 64
52 64
53 65
53 70
54 71
54 74
56 76
56 77
55 78
52 78
51 79
50 79
49 80
48 80
44 84
43 84
41 86
40 86
40 87
39 88
38 88
38 89
37 90
37 91
36 92
36 94
35 95
33 95
31 97
31 98
29 100
28 100
28 101
24 105
23 105
22 106
22 109
23 110
21 112
20 112
18 114
17 114
17 117
18 117
19 118
17 120
17 121
16 122
16 125
15 126
14 126
13 127
13 129
12 130
11 130
10 131
10 133
9 134
8 134
7 135
7 138
4 141
4 142
3 143
3 147
1 149
1 152
2 153
5 153
6 154
9 154
9 150
8 149
8 147
9 146
9 143
11 141
12 141
12 140
13 139
13 138
16 135
16 134
17 133
18 133
20 131
28 131
28 127
27 126
27 122
28 121
28 120
29 119
29 118
30 117
30 116
32 114
32 113
33 112
33 109
35 107
35 106
36 105
36 104
37 103
38 103
38 102
40 100
41 101
41 102
40 103
40 108
39 109
39 111
38 112
37 112
37 113
35 115
35 116
33 118
33 120
32 121
32 126
31 127
31 130
32 131
31 132
31 138
30 139
30 142
29 143
29 147
27 149
27 153
28 153
29 154
29 155
28 156
28 157
27 158
27 159
25 161
25 164
26 164
27 165
27 166
26 167
26 169
25 170
25 172
24 173
24 176
26 176
27 177
27 178
25 180
25 182
24 183
24 184
23 185
23 188
22 189
22 191
21 192
21 202
20 203
19 203
18 204
18 206
25 206
26 205
27 206
33 206
33 202
29 202
28 201
28 194
27 193
27 192
30 189
30 186
31 185
32 185
32 182
34 180
34 177
35 176
36 177
39 177
39 176
40 175
41 175
41 171
39 169
39 168
37 166
37 148
38 147
38 140
39 139
39 133
40 132
41 133
41 137
42 138
42 139
43 140
43 142
44 143
44 144
45 145
45 146
46 147
46 148
47 149
47 150
50 153
50 154
51 154
53 156
54 156
56 158
57 158
58 159
59 159
60 160
61 160
62 161
63 161
66 164
67 164
69 166
70 166
71 167
72 167
73 168
75 168
76 169
82 169
83 168
86 168
87 167
88 167
89 166
90 166
96 160
97 160
99 158
100 158
102 156
103 156
106 153
107 153
107 152
109 150
109 149
111 147
111 146
112 145
112 143
113 142
113 140
114 139
114 136
115 135
115 134
116 133
116 131
117 130
118 131
118 133
119 134
119 156
120 157
120 165
119 166
119 167
118 168
118 170
117 171
117 173
116 174
116 177
118 177
119 178
119 181
122 181
122 179
123 178
123 176
124 175
125 176
125 177
126 178
126 179
127 179
128 180
128 184
129 184
130 185
130 189
131 189
133 191
133 192
132 193
132 194
131 195
131 198
128 201
127 201
127 204
132 204
133 203
134 203
135 204
135 205
141 205
141 202
139 202
138 201
138 200
139 199
139 196
138 195
138 192
137 191
137 188
136 187
136 184
135 183
135 182
134 181
134 179
132 177
132 176
131 175
131 173
132 172
134 172
134 169
133 168
133 167
132 167
131 166
131 162
132 161
132 158
129 155
129 153
128 152
128 150
129 149
130 149
130 146
129 145
129 144
128 143
128 142
127 141
127 137
126 136
126 132
125 131
125 129
124 128
124 123
123 122
123 119
121 117
121 116
120 115
120 114
118 112
118 111
117 111
115 109
115 101
114 100
114 99
115 98
116 98
117 99
117 100
118 100
119 101
119 102
120 103
120 105
121 106
121 107
122 108
122 109
124 111
124 112
125 113
125 115
126 116
126 117
127 118
127 119
128 120
128 121
129 122
129 126
130 127
130 131
133 131
133 129
135 127
136 127
137 128
137 130
138 131
139 131
140 132
140 133
141 134
141 135
142 135
144 137
144 139
145 140
146 140
147 141
147 143
146 144
146 147
147 148
146 149
145 149
144 150
143 150
143 153
147 153
149 151
152 154
154 154
154 150
153 149
153 148
152 147
152 142
151 141
151 140
150 139
150 138
149 137
149 134
148 134
147 133
147 132
146 131
145 131
144 130
144 129
143 128
143 127
142 126
142 125
141 125
140 124
140 118
135 113
136 112
136 109
135 108
133 108
132 107
132 105
130 103
130 101
128 101
127 100
127 99
122 94
121 94
119 92
119 91
118 90
118 89
117 88
116 88
114 86
111 86
108 83
108 82
107 81
106 81
104 79
103 79
102 78
100 78
99 77
100 76
100 75
101 74
101 67
102 66
102 62
103 61
110 61
111 60
117 60
117 59
118 58
119 58
119 57
124 52
124 51
127 48
127 47
129 45
130 45
131 44
132 44
132 40
131 40
130 39
132 37
133 37
133 34
130 34
129 33
131 31
132 31
132 29
133 28
133 26
134 25
135 25
135 22
137 20
137 10
136 9
136 7
135 7
134 6
134 3
133 2
133 1
