66 1
65 2
65 9
64 10
63 9
56 9
55 10
51 10
50 11
48 11
47 12
47 13
45 15
45 25
46 26
46 28
47 29
47 34
48 35
48 36
47 37
43 37
42 38
41 38
41 39
40 40
40 42
39 43
39 44
37 46
37 47
36 48
34 48
34 49
33 50
33 51
31 53
31 54
30 55
30 70
29 71
29 73
28 74
28 80
29 81
29 82
28 83
28 91
27 92
27 97
26 98
26 105
24 107
24 114
23 115
23 118
22 119
22 123
21 124
21 127
20 128
20 130
19 131
19 133
18 134
18 138
19 139
18 140
18 142
17 143
17 147
16 148
15 148
15 149
14 150
14 151
12 153
12 154
10 156
10 157
9 158
9 159
7 161
7 162
6 163
6 164
5 165
5 166
3 168
3 169
2 170
2 171
1 172
1 181
2 182
3 182
4 183
6 183
7 184
8 184
9 185
11 185
12 186
16 186
17 187
20 187
21 188
23 188
24 189
28 189
29 190
31 190
32 191
35 191
36 192
41 192
42 193
46 193
47 194
54 194
55 195
66 195
67 196
69 196
70 197
70 208
85 208
85 207
86 206
86 198
85 197
85 196
86 195
87 195
87 194
89 192
103 192
104 191
111 191
112 190
119 190
120 189
125 189
126 188
129 188
130 187
132 187
133 186
137 186
138 185
140 185
141 184
143 184
144 183
146 183
147 182
150 182
152 180
154 180
155 179
156 179
157 178
158 178
158 173
157 172
157 169
156 168
156 167
155 166
155 165
152 162
152 161
150 159
150 158
147 155
147 154
144 151
144 150
141 147
141 145
140 144
140 143
139 143
138 142
138 140
137 140
135 138
135 137
133 135
133 134
132 133
132 132
131 131
131 130
129 128
129 127
128 126
128 125
127 124
127 123
126 122
126 121
125 120
125 118
124 117
124 114
123 113
123 111
122 110
122 109
121 108
121 105
120 104
120 101
119 100
119 98
118 97
118 92
117 91
117 86
116 85
116 75
115 74
115 73
114 72
114 61
113 60
113 58
112 57
112 53
111 52
111 51
109 49
108 49
106 47
106 46
104 44
104 43
102 41
102 40
101 39
101 38
100 38
99 37
95 37
94 36
94 32
95 31
95 29
96 28
96 25
97 24
97 19
96 18
96 17
95 16
95 15
94 14
94 13
93 12
93 11
91 11
90 10
79 10
78 9
78 3
77 2
77 1
