49 1
48 2
48 5
47 6
47 7
46 8
46 10
45 11
37 11
36 12
35 12
33 14
33 23
34 24
34 29
32 31
32 33
30 35
29 35
29 36
27 38
27 40
25 42
25 44
23 46
23 50
24 51
23 52
23 54
21 56
21 57
20 58
20 61
21 62
21 67
20 68
20 73
19 74
19 77
18 78
18 83
17 84
17 88
16 89
16 92
15 93
15 95
13 97
13 103
12 104
12 105
11 106
11 107
9 109
9 111
8 112
8 113
7 114
7 115
6 116
6 117
4 119
4 120
3 121
3 122
2 123
2 124
1 125
1 130
2 130
3 131
5 131
6 132
7 132
8 133
9 133
10 134
13 134
14 135
17 135
18 136
20 136
21 137
23 137
24 138
27 138
28 139
34 139
35 140
41 140
42 141
47 141
49 143
49 147
62 147
63 146
63 141
64 140
76 140
77 139
79 139
80 138
86 138
87 137
91 137
92 136
93 136
94 135
96 135
97 134
99 134
101 132
103 132
104 131
105 131
106 130
108 130
109 129
110 129
110 125
109 124
109 123
107 121
107 120
106 119
106 118
104 116
104 115
102 113
102 110
98 106
98 105
97 104
97 102
96 101
96 97
93 94
93 91
92 90
92 88
91 87
91 84
90 83
90 78
89 77
89 75
88 74
88 70
87 69
87 65
86 64
86 61
85 60
85 56
84 55
84 48
83 47
83 45
82 44
81 44
80 43
80 42
79 41
79 39
78 38
78 37
75 34
75 32
74 31
74 30
73 29
73 27
72 27
71 26
71 25
72 24
72 23
73 22
73 20
75 18
75 12
73 10
71 10
70 9
61 9
60 8
60 7
59 6
59 3
57 1
