360 2
359 3
353 3
352 4
349 4
348 5
346 5
344 7
343 7
342 8
340 8
339 9
337 9
336 10
335 10
335 11
334 12
333 12
332 13
331 13
326 18
325 18
325 19
323 21
322 21
322 22
317 27
317 28
315 30
314 30
314 31
312 33
311 33
311 34
308 37
308 38
306 40
306 41
305 42
305 44
304 45
304 46
303 47
303 48
300 51
300 52
299 53
298 53
297 54
297 55
296 56
294 56
294 57
293 58
292 58
292 59
291 60
277 60
276 59
272 59
271 58
265 58
264 57
250 57
249 58
243 58
242 59
235 59
234 60
232 60
231 61
229 61
228 62
225 62
224 63
216 63
215 64
210 64
209 65
205 65
204 66
200 66
199 67
192 67
191 68
188 68
187 69
184 69
183 70
180 70
179 71
174 71
173 72
170 72
169 73
167 73
166 74
164 74
163 75
161 75
160 76
159 76
158 77
155 77
154 78
153 78
152 79
151 79
150 80
149 80
148 81
145 81
144 82
143 82
142 83
140 83
139 84
138 84
136 86
135 86
134 87
133 87
132 88
131 88
129 90
128 90
127 91
126 91
124 93
122 93
121 94
120 94
118 96
117 96
116 97
115 97
114 98
113 98
112 99
111 99
109 101
108 101
107 102
106 102
105 103
104 103
102 105
101 105
99 107
98 107
97 108
96 108
95 109
94 109
92 111
91 111
89 113
88 113
84 117
83 117
81 119
80 119
78 121
78 122
66 134
66 135
63 138
62 138
62 139
61 140
60 140
60 141
58 143
58 144
57 145
56 145
56 146
51 151
51 152
50 153
49 153
49 154
47 156
47 157
44 160
44 161
43 162
43 164
39 168
39 170
37 172
37 173
35 175
35 177
32 180
32 181
31 182
31 183
30 184
30 186
29 187
29 188
28 189
28 190
27 191
27 192
26 193
26 194
24 196
24 198
23 199
23 200
22 201
22 202
21 203
21 204
20 205
20 208
19 209
19 210
18 211
18 213
17 214
17 216
16 217
16 218
15 219
15 222
14 223
14 225
12 227
12 230
11 231
11 233
10 234
10 235
9 236
9 241
8 242
8 243
7 244
7 247
6 248
6 253
5 254
5 258
4 259
4 261
3 262
3 265
2 266
2 270
1 271
1 279
2 280
2 282
4 284
4 285
10 285
11 286
24 286
25 285
29 285
31 283
32 283
34 281
34 280
37 277
38 277
38 276
40 274
41 274
41 273
42 272
44 272
44 271
45 270
48 270
49 269
50 269
51 268
54 268
55 267
68 267
69 268
75 268
76 269
76 270
81 270
82 271
82 272
87 272
88 273
89 273
90 274
91 274
92 275
93 275
97 279
98 279
99 280
101 280
103 282
103 287
104 288
104 289
105 290
105 292
107 292
108 293
108 300
107 301
107 304
108 305
108 313
107 314
107 320
106 321
106 324
105 325
105 329
104 330
104 333
103 334
103 337
102 338
102 342
101 343
101 348
100 349
100 350
98 352
97 352
93 356
93 357
92 358
92 364
95 364
97 362
98 363
100 363
101 364
101 366
104 369
104 371
105 372
105 374
106 375
106 378
107 379
107 380
108 381
108 383
113 388
113 389
114 390
114 392
116 394
116 395
117 395
119 397
122 397
123 396
124 397
124 398
125 399
125 401
126 402
126 403
127 404
127 405
131 405
131 401
132 400
132 395
131 394
131 391
130 390
130 389
129 388
129 386
126 383
125 383
122 380
122 379
120 377
120 376
119 375
119 374
120 373
127 373
128 374
129 374
131 376
132 376
133 377
134 377
135 378
138 378
139 379
141 379
142 380
151 380
152 381
153 381
154 382
156 382
157 383
168 383
169 382
170 382
170 380
171 379
172 379
173 380
174 380
175 381
176 381
178 383
181 383
181 378
180 377
180 376
177 373
176 373
175 372
174 372
173 371
171 371
170 370
150 370
149 369
147 369
146 368
147 367
149 367
150 366
152 366
154 364
161 364
161 360
160 360
159 359
159 358
157 356
155 356
154 355
139 355
138 356
136 356
134 358
131 358
130 357
129 357
128 356
127 356
126 355
125 355
122 352
122 351
121 350
121 349
120 348
120 344
119 343
119 338
120 337
120 334
121 333
121 325
122 324
122 318
123 317
123 313
124 312
124 309
125 308
125 306
126 305
127 305
128 304
132 304
133 303
141 303
142 302
143 303
146 303
147 302
148 303
148 304
153 304
154 303
155 304
157 304
158 305
161 305
162 306
164 306
165 307
167 307
168 308
172 308
173 309
175 309
176 310
179 310
180 311
186 311
188 313
189 313
191 315
192 315
193 316
194 316
195 317
196 317
199 320
200 320
204 324
205 324
206 325
206 326
211 331
211 332
218 339
218 340
219 340
220 341
220 342
226 348
226 349
228 351
228 352
229 353
229 354
228 355
228 356
225 359
225 360
224 361
224 362
223 363
223 370
224 371
224 372
225 373
228 373
228 370
231 367
234 367
235 366
236 366
237 365
237 364
238 363
242 367
249 367
251 369
253 369
254 370
255 370
256 371
257 371
258 372
259 372
261 374
264 374
265 375
266 375
268 377
271 377
273 379
273 380
274 380
275 381
277 381
280 384
281 384
282 385
283 385
284 386
289 386
291 384
295 388
295 389
296 390
296 391
299 391
300 390
300 385
299 384
299 383
298 382
298 381
297 380
297 379
294 376
293 376
292 375
291 375
290 374
288 374
287 373
286 373
285 372
284 372
283 371
282 371
281 370
279 370
276 367
275 367
273 365
272 365
271 364
270 364
268 362
269 361
303 361
304 362
307 362
308 363
310 363
311 364
314 364
315 363
316 363
318 361
319 362
320 362
323 365
326 365
326 360
325 359
325 358
324 357
324 356
322 354
322 353
321 353
320 352
319 352
318 351
316 351
315 350
314 350
313 349
313 348
310 348
309 349
290 349
289 348
274 348
273 347
274 346
275 346
276 345
279 345
280 344
281 344
282 343
284 343
284 341
286 339
293 339
293 335
292 334
291 334
290 333
288 333
287 332
277 332
276 333
275 333
274 334
273 334
272 335
271 335
269 337
268 337
266 339
264 339
262 341
261 341
260 342
259 342
258 343
254 343
253 344
248 344
245 341
244 341
243 340
242 340
241 339
241 338
240 338
239 337
239 336
238 335
237 335
226 324
225 324
224 323
224 322
215 313
215 312
214 312
213 311
213 310
211 308
211 306
210 305
210 304
209 303
209 302
210 301
210 300
213 297
213 296
216 293
216 292
217 291
217 290
218 289
218 288
222 284
224 284
224 283
225 282
225 281
227 279
228 279
228 278
231 275
232 275
232 273
233 272
234 272
236 270
236 269
244 261
244 260
245 259
247 259
247 258
248 257
249 257
252 254
253 254
256 251
258 251
259 250
260 250
260 249
262 247
263 247
263 246
266 243
267 243
267 242
269 240
270 240
271 239
271 238
274 235
275 235
275 234
277 232
278 232
282 228
283 228
289 222
289 221
291 219
292 219
292 218
293 217
294 217
296 215
296 214
299 211
299 210
300 209
301 209
302 208
303 208
303 207
306 204
306 203
307 202
309 202
310 201
310 200
315 195
315 193
317 191
318 191
320 189
320 188
321 187
321 186
322 185
323 185
324 184
324 182
325 181
327 181
327 180
328 179
328 178
329 177
329 176
332 173
333 173
333 172
334 171
335 171
335 170
336 169
336 166
337 165
338 165
339 164
339 162
342 159
342 158
344 156
345 156
346 155
347 155
347 154
349 152
350 152
351 151
351 150
354 147
354 145
355 144
355 143
356 142
357 142
358 141
358 140
359 139
359 138
361 136
361 135
363 133
363 130
364 129
364 127
365 126
365 125
366 124
366 122
367 121
367 120
368 119
368 114
369 113
369 98
370 97
370 91
369 90
369 78
376 71
377 71
377 70
378 69
379 69
379 68
380 67
381 67
383 65
383 64
384 63
385 63
385 62
386 61
387 61
387 60
388 59
390 59
390 58
391 57
392 57
393 56
394 56
395 55
396 55
398 53
405 53
406 54
411 54
412 55
417 55
417 48
416 47
416 46
415 45
415 44
414 43
414 42
409 37
408 37
407 36
407 35
405 33
405 30
404 29
404 27
402 25
402 24
401 23
401 22
398 19
398 18
395 15
394 15
393 14
393 13
392 12
391 12
390 11
389 11
387 9
386 9
385 8
382 8
380 6
379 6
377 4
372 4
371 3
364 3
363 2
