39 1
37 3
35 3
35 4
34 5
32 5
32 6
31 7
30 7
29 8
29 9
25 13
24 13
21 16
21 17
18 20
18 21
16 23
16 24
15 25
15 26
14 27
14 28
13 29
13 30
10 33
9 33
8 34
8 35
7 36
7 37
6 38
6 45
20 45
21 46
22 46
25 49
25 50
26 51
27 51
28 52
28 53
27 54
27 62
26 63
26 68
25 69
25 73
24 74
24 108
25 109
25 114
26 115
26 118
27 119
27 120
28 121
28 122
29 123
29 124
30 125
30 127
31 128
31 129
33 131
33 132
34 133
34 134
35 134
36 135
36 138
37 139
38 139
39 140
39 142
40 143
40 144
43 147
43 148
44 149
44 150
45 151
45 152
46 153
46 154
47 155
47 156
48 157
48 158
49 159
49 160
51 162
51 163
53 165
53 166
54 167
54 168
55 169
55 170
56 171
56 172
57 173
57 174
58 175
58 176
60 178
61 178
62 179
62 180
63 181
63 182
64 182
65 183
65 184
66 185
66 186
67 186
69 188
69 189
73 193
73 194
74 195
75 195
76 196
76 198
77 199
78 199
79 200
79 201
80 201
82 203
83 203
84 204
84 206
86 206
87 207
87 208
88 208
89 209
89 210
90 211
91 211
93 213
94 213
96 215
96 216
95 217
95 219
98 222
98 230
95 233
94 233
92 235
92 236
91 237
90 237
79 248
79 250
78 251
78 252
71 259
85 259
85 257
86 256
86 255
91 250
92 250
95 247
96 247
102 241
103 241
105 239
107 239
108 238
109 238
112 235
114 235
117 232
118 232
121 235
122 235
124 237
124 244
125 245
125 246
124 247
123 247
121 249
121 250
120 251
119 251
113 257
113 258
112 259
111 259
123 259
125 257
126 257
127 256
129 256
130 255
131 255
134 252
134 251
135 250
135 249
137 247
142 247
143 246
144 246
147 243
148 243
152 239
153 239
154 238
154 236
159 231
160 231
162 229
162 227
165 224
166 224
169 221
170 221
175 216
176 216
182 210
183 210
184 209
185 209
186 208
188 208
189 207
191 207
192 206
194 206
195 205
196 205
199 202
200 202
202 200
203 200
206 197
207 197
211 193
213 193
214 192
226 192
227 191
230 191
231 190
234 190
235 189
239 189
240 188
245 188
246 187
251 187
252 186
258 186
259 185
260 185
262 183
264 183
265 182
266 182
267 181
268 181
269 180
270 180
271 179
272 179
273 178
274 178
275 177
276 177
277 176
278 176
280 174
281 174
283 172
283 169
284 168
284 166
285 165
285 164
286 163
286 144
284 142
284 141
283 140
283 139
282 140
273 140
272 141
268 141
267 142
265 142
264 143
261 143
260 144
256 144
255 145
250 145
249 146
246 146
245 147
234 147
233 148
209 148
208 147
206 147
205 146
202 146
201 145
199 145
198 144
197 144
196 143
195 143
194 142
193 142
191 140
190 140
188 138
186 138
185 137
184 137
183 136
182 136
181 135
180 135
177 132
176 132
172 128
171 128
170 127
169 127
167 125
166 125
165 124
164 124
163 123
162 123
161 122
160 122
158 120
157 120
154 117
153 117
152 116
150 116
149 115
148 115
147 114
145 114
144 113
142 113
141 112
140 112
138 110
137 110
134 107
133 107
131 105
130 105
129 104
128 104
127 103
125 103
124 102
123 102
120 99
119 99
118 98
117 98
114 95
113 95
110 92
109 92
107 90
106 90
104 88
103 88
101 86
100 86
98 84
97 84
96 83
95 83
92 80
91 80
89 78
88 78
79 69
79 68
78 68
76 66
75 66
72 63
72 62
71 61
71 59
70 58
70 55
69 54
69 51
68 50
68 38
67 37
67 34
66 33
66 28
64 26
64 25
63 24
63 23
60 20
60 19
58 17
58 16
56 14
55 14
53 12
52 12
51 11
51 9
49 7
49 5
48 5
47 4
46 4
44 2
44 1
