259 1
258 2
244 2
244 3
242 5
242 6
240 8
240 9
237 12
237 13
234 16
234 17
232 19
232 20
229 23
229 24
227 26
227 27
224 30
224 31
221 34
221 36
222 37
222 39
223 40
223 41
224 42
224 44
225 45
225 46
226 47
226 49
227 50
227 51
228 52
228 54
229 55
229 56
230 57
230 59
231 60
231 61
232 62
232 64
233 65
233 66
234 67
234 69
235 70
235 71
236 72
236 74
237 75
237 76
238 77
238 79
239 80
234 85
233 85
228 90
227 90
223 94
222 94
217 99
216 99
211 104
210 104
206 108
205 108
200 113
199 113
194 118
193 118
189 122
188 122
183 127
182 127
177 132
176 132
172 136
171 136
166 141
165 141
160 146
159 146
155 150
154 150
149 155
148 155
143 160
142 160
138 164
137 164
132 169
131 169
126 174
125 174
121 178
120 178
115 183
114 183
112 185
112 187
111 188
111 191
110 192
110 194
109 195
109 198
108 199
108 202
107 203
107 205
106 206
106 209
105 210
105 213
104 214
104 216
103 217
103 220
102 221
102 224
101 225
101 227
100 228
100 231
99 232
99 235
98 236
98 238
97 239
97 242
96 243
96 246
95 247
95 249
94 250
94 253
93 254
93 257
92 258
92 260
91 261
91 264
90 265
90 268
89 269
89 272
88 273
88 275
87 276
87 279
86 280
86 283
85 284
85 286
84 287
84 290
83 291
83 294
82 295
82 297
81 298
81 301
80 302
80 305
79 306
79 308
78 309
78 312
77 313
77 316
76 317
76 319
75 320
75 323
74 324
74 327
73 328
73 330
72 331
72 334
71 335
71 338
70 339
70 341
69 342
69 345
68 346
68 348
67 349
65 347
64 347
63 346
62 346
61 345
60 345
59 344
58 344
57 343
56 343
55 342
54 342
53 341
52 341
51 340
50 340
49 339
48 339
47 338
46 338
45 337
44 337
43 336
42 336
41 335
40 335
39 334
38 334
37 333
36 333
35 332
34 332
33 331
32 331
31 330
30 330
29 329
28 329
27 328
27 329
1 355
1 361
2 362
2 366
3 367
3 371
4 372
4 375
5 376
5 380
6 381
6 385
7 386
7 390
8 391
9 390
10 391
19 391
20 392
29 392
30 393
39 393
40 394
43 394
44 395
43 396
43 398
42 399
42 401
41 402
41 405
40 406
40 408
39 409
39 411
38 412
38 414
37 415
37 417
36 418
36 421
35 422
35 424
38 424
39 425
41 425
42 426
43 426
44 427
46 427
47 428
48 428
49 429
51 429
52 430
54 430
55 431
56 431
57 432
59 432
60 433
62 433
63 434
64 434
65 435
67 435
68 436
69 436
70 437
74 437
75 436
76 436
78 434
79 434
81 432
82 432
84 430
85 430
87 428
88 428
90 426
91 426
94 423
95 423
97 421
98 421
100 419
101 419
103 417
104 417
106 415
107 415
108 414
108 413
107 412
107 409
106 408
106 404
105 403
105 400
104 399
104 395
103 394
103 391
102 390
102 386
101 385
101 382
100 381
100 377
99 376
99 373
98 372
98 368
97 367
97 363
98 362
98 360
99 359
99 357
100 356
100 354
101 353
101 351
102 350
102 348
103 347
103 345
104 344
104 342
105 341
105 339
106 338
106 336
107 335
107 332
108 331
108 329
109 328
109 326
110 325
110 323
111 322
111 320
112 319
112 317
113 316
113 314
114 313
114 311
115 310
115 308
116 307
116 305
117 304
117 302
118 301
118 299
119 298
119 295
120 294
120 292
121 291
121 289
122 288
122 286
123 285
123 283
124 282
124 280
125 279
125 277
126 276
126 274
127 273
127 271
128 270
128 268
129 267
129 265
130 264
130 261
131 260
131 258
132 257
132 255
133 254
133 252
134 251
134 249
135 248
135 246
136 245
136 243
137 242
137 240
138 239
138 237
139 236
139 234
140 233
140 231
141 230
141 228
142 227
142 224
143 223
143 221
144 220
144 218
145 217
145 215
146 214
146 212
147 211
147 209
148 208
149 208
155 202
156 202
161 197
162 197
168 191
169 191
174 186
175 186
181 180
182 180
187 175
188 175
194 169
195 169
200 164
201 164
207 158
208 158
213 153
214 153
220 147
221 147
226 142
227 142
233 136
234 136
239 131
240 131
246 125
247 125
252 120
253 120
259 114
260 114
265 109
266 109
272 103
273 103
275 101
279 101
280 102
283 102
284 103
286 103
287 104
290 104
291 105
294 105
295 106
298 106
299 107
301 107
302 108
305 108
306 109
309 109
310 110
313 110
314 111
316 111
317 112
320 112
321 113
324 113
325 114
328 114
329 115
330 115
333 112
333 111
337 107
337 106
340 103
340 102
344 98
344 97
347 94
347 93
351 89
351 88
354 85
354 84
355 83
355 79
354 78
354 76
353 75
353 73
352 72
352 70
351 69
351 67
350 66
350 64
349 63
349 61
348 60
348 58
347 57
347 55
346 54
346 52
345 51
345 49
344 48
344 46
343 45
343 43
342 42
342 40
340 38
332 38
331 37
322 37
321 36
312 36
311 35
305 35
304 34
304 33
303 32
303 30
302 29
302 28
301 27
301 25
300 24
300 23
299 22
299 21
298 20
298 18
297 17
297 16
296 15
296 14
295 13
295 11
294 10
294 9
293 8
293 6
292 5
292 4
291 3
291 2
290 1
