203 40
202 41
188 41
186 43
186 54
187 55
187 64
188 65
188 93
187 94
187 97
186 98
186 99
185 100
185 102
184 103
184 106
183 107
183 130
184 131
184 135
185 136
185 139
186 140
186 143
187 144
187 147
188 148
188 151
189 152
189 158
190 159
190 165
191 166
191 178
192 179
192 186
193 187
193 194
194 195
194 201
195 202
195 204
196 205
196 206
198 208
212 208
213 207
221 207
222 206
225 206
226 205
229 205
231 203
231 193
230 192
230 181
229 180
229 167
228 166
228 153
227 152
227 143
226 142
226 136
225 135
225 123
224 122
224 117
223 116
223 113
222 112
222 111
221 110
221 107
220 106
220 104
219 103
219 102
218 101
218 100
217 99
217 97
216 96
216 94
215 93
215 90
214 89
214 87
213 86
213 83
212 82
212 80
211 79
211 76
210 75
210 73
209 72
209 70
208 69
208 68
207 67
207 65
206 64
206 41
205 41
204 40
