147 52
146 53
141 53
140 54
128 54
126 56
126 57
125 58
125 75
119 81
118 81
116 83
115 83
107 91
107 104
109 106
148 106
157 115
157 116
158 117
159 117
160 118
161 118
162 119
188 119
189 118
195 118
196 117
201 117
202 116
239 116
241 118
242 118
243 119
244 119
249 124
249 125
250 126
251 126
253 128
254 128
256 130
257 130
258 131
259 131
260 132
286 132
287 131
292 131
293 130
294 130
296 128
296 115
295 114
295 113
294 112
294 107
296 105
296 104
303 97
304 97
304 96
306 94
307 94
308 93
309 93
310 92
310 91
311 90
311 88
310 87
310 81
309 80
309 79
308 78
308 77
307 76
307 75
306 74
306 73
305 72
305 69
303 67
300 67
299 68
296 68
295 69
273 69
272 68
270 68
269 67
268 67
267 66
266 66
263 63
262 63
260 61
259 61
258 60
250 60
249 61
244 61
243 62
238 62
237 63
234 63
233 64
185 64
184 63
181 63
180 62
175 62
174 61
171 61
170 60
169 60
168 59
166 59
165 58
164 58
163 57
162 57
161 56
160 56
156 52
