94 169
92 171
92 172
93 173
93 177
94 178
94 184
95 185
95 188
96 189
96 191
97 192
97 194
98 195
98 205
97 206
97 207
96 208
96 209
94 211
93 211
87 217
86 217
85 218
84 218
81 221
80 221
71 230
71 262
73 264
77 264
78 263
79 263
80 262
85 262
86 261
89 261
90 260
93 260
94 259
97 259
98 258
106 258
107 257
114 257
118 261
119 261
120 262
121 262
123 264
124 264
125 265
128 265
129 266
130 266
132 268
133 268
134 269
135 269
137 271
138 271
139 272
140 272
141 273
143 273
144 274
146 274
147 275
158 275
159 274
162 274
163 273
169 273
170 272
175 272
176 271
180 271
181 270
184 270
185 269
191 269
192 268
194 268
195 267
197 267
198 266
199 266
200 265
202 265
203 264
207 264
208 263
218 263
219 264
221 264
222 265
223 265
225 267
226 267
227 268
228 268
229 269
231 269
233 271
234 271
236 273
237 273
238 274
240 274
241 275
242 275
243 276
244 276
245 277
246 277
247 278
248 278
249 279
251 279
252 280
254 280
255 281
266 281
267 280
271 280
272 279
275 279
276 278
281 278
282 277
283 277
285 275
285 270
284 269
284 255
283 254
283 250
285 248
285 247
290 242
290 241
297 234
297 233
300 230
300 229
301 228
301 217
300 216
300 214
299 213
299 209
298 208
298 204
297 203
297 201
296 200
296 199
292 199
291 200
286 200
285 201
282 201
281 202
280 202
279 203
274 203
273 204
267 204
266 205
262 205
261 206
259 206
257 204
256 204
252 200
252 199
244 191
243 191
238 186
237 186
236 185
235 185
234 184
233 184
232 183
209 183
208 184
181 184
180 185
165 185
164 186
152 186
151 187
140 187
139 186
139 185
136 182
136 181
130 175
130 174
128 172
119 172
118 171
110 171
109 170
100 170
99 169
