104 1
103 2
101 2
100 3
99 3
98 2
92 2
92 4
91 5
91 7
89 9
88 9
84 5
79 5
79 6
78 7
78 11
77 12
77 13
76 14
75 14
73 16
65 16
62 19
62 22
64 24
64 25
65 26
66 26
67 27
67 28
68 29
67 30
67 31
66 32
66 35
67 36
68 36
70 38
70 40
69 41
69 42
67 44
64 44
63 45
63 48
64 49
63 50
63 53
62 54
62 55
59 58
53 58
53 66
52 67
51 67
51 68
49 70
48 70
47 71
44 71
43 72
41 72
39 74
39 77
40 78
40 79
42 81
42 82
44 84
44 85
45 86
45 91
46 92
46 101
47 102
47 105
46 106
45 106
43 108
42 108
41 109
40 109
40 110
39 111
35 111
34 112
33 112
32 113
30 113
30 115
29 116
29 118
28 119
28 121
22 127
21 127
19 129
18 129
18 136
19 137
19 138
20 139
20 140
19 141
19 142
17 144
17 145
16 146
15 146
12 149
12 157
11 158
11 159
8 162
8 163
7 164
7 165
5 167
4 167
2 169
2 170
1 171
1 178
2 179
2 183
3 183
7 187
7 195
9 197
10 197
15 202
15 206
14 207
14 210
13 211
13 212
12 213
12 214
11 215
11 219
12 220
12 221
13 222
14 222
15 223
16 223
17 224
19 224
20 225
20 226
22 228
22 234
24 236
25 236
26 237
26 244
27 244
29 246
29 247
32 247
33 246
37 246
38 245
40 245
41 244
43 244
44 243
45 243
46 242
47 242
49 240
50 240
52 238
53 238
54 237
67 237
68 236
72 236
73 235
76 235
77 234
78 234
79 233
80 233
87 226
88 227
88 229
87 230
87 231
85 233
85 234
84 235
84 236
83 237
83 238
81 240
81 242
80 243
79 243
79 247
78 248
77 248
77 251
78 252
78 255
81 258
81 259
82 259
83 260
88 260
89 259
92 259
93 258
94 258
95 257
96 257
97 256
98 256
99 255
100 255
101 254
102 254
103 255
103 257
102 258
102 264
101 265
101 270
102 271
102 276
103 277
103 287
102 288
102 290
101 291
101 292
100 293
100 295
99 296
99 299
98 300
98 307
100 309
101 309
102 310
106 310
107 311
108 311
110 313
111 313
113 315
113 316
120 316
122 318
123 318
124 319
124 320
125 321
125 322
126 323
126 324
133 324
136 321
137 321
138 320
139 320
140 321
145 321
146 320
149 320
150 321
150 324
155 324
156 323
157 323
158 324
163 324
164 325
165 325
168 328
169 328
170 329
174 329
176 327
176 326
179 323
179 322
188 313
191 313
192 314
196 314
197 313
198 313
203 308
213 308
214 307
215 307
217 305
217 304
220 301
220 300
221 299
222 299
226 295
228 295
230 293
231 293
231 291
232 290
232 279
233 278
234 278
234 277
236 275
238 277
250 277
251 276
253 276
254 275
259 275
260 276
264 276
265 277
267 277
268 278
271 278
273 276
273 270
274 269
274 268
275 267
275 266
278 263
279 263
280 262
281 262
282 261
283 261
283 260
284 259
284 257
285 256
286 256
286 255
287 254
287 253
288 252
290 252
291 251
296 251
296 250
297 249
297 247
299 245
300 245
301 244
302 244
303 245
309 245
311 243
312 244
314 244
316 246
317 246
318 247
319 247
320 248
324 248
324 245
325 244
325 239
326 238
326 234
327 233
328 233
329 232
330 232
330 229
329 228
329 227
328 226
328 223
332 219
332 205
331 204
331 201
330 200
330 199
329 198
329 197
328 196
328 195
327 194
327 193
326 193
323 190
322 190
320 188
319 188
317 186
316 186
314 184
313 184
311 182
310 182
309 181
308 181
307 180
306 180
305 179
304 179
303 178
302 178
301 177
300 177
299 176
296 176
295 175
294 175
293 174
291 174
290 173
286 173
285 172
282 172
281 171
278 171
277 170
274 170
273 169
269 169
268 168
261 168
260 167
253 167
252 166
243 166
242 165
230 165
229 164
208 164
207 165
194 165
193 166
185 166
184 167
181 167
180 166
181 165
182 165
184 163
184 160
183 159
183 158
186 155
189 155
191 153
193 153
194 152
197 152
198 151
201 151
202 150
205 150
206 149
208 149
209 148
211 148
212 147
214 147
215 146
218 146
219 145
221 145
222 144
224 144
225 143
227 143
228 142
231 142
232 141
234 141
235 140
236 140
237 139
240 139
241 138
244 138
245 137
246 137
247 136
248 136
249 135
251 135
252 134
254 134
255 133
257 133
258 132
259 132
260 131
262 131
263 130
263 124
259 124
258 125
256 125
254 127
253 127
252 128
251 128
249 130
248 130
247 131
246 131
245 132
244 132
243 133
242 133
241 134
240 134
239 135
237 135
236 136
234 136
233 137
231 137
230 138
229 138
228 139
224 139
223 140
221 140
220 141
218 141
217 142
214 142
213 143
211 143
210 144
209 144
208 145
205 145
204 146
203 146
202 147
198 147
197 148
195 148
194 149
190 149
189 150
188 149
188 148
189 147
189 143
186 143
185 144
184 144
183 143
184 142
184 139
181 139
179 141
178 140
178 139
179 138
179 130
180 129
180 125
181 124
181 114
182 113
182 106
183 105
183 102
184 101
184 98
185 97
185 94
186 93
186 88
187 87
187 85
188 84
188 83
189 82
189 81
190 80
190 78
192 76
192 74
193 73
193 71
194 70
194 67
193 66
189 66
189 67
188 68
188 69
186 71
186 74
185 75
185 78
184 79
184 82
183 83
183 85
182 86
182 91
181 92
181 95
180 96
180 101
179 102
179 108
178 109
178 113
177 114
177 121
176 122
176 130
175 131
175 135
174 136
174 143
173 144
173 145
170 148
165 148
163 150
163 151
162 152
161 151
161 138
160 137
160 126
159 125
159 124
160 123
160 120
159 119
159 104
158 103
158 98
157 97
157 95
156 94
156 90
155 89
155 85
154 84
154 82
153 81
153 78
152 77
152 74
151 73
151 71
150 70
150 67
149 66
149 64
148 63
148 62
147 61
147 60
146 59
146 56
145 55
145 54
144 53
144 51
143 50
143 48
142 47
142 46
141 45
141 44
140 43
140 41
139 40
139 39
138 38
138 37
137 36
137 35
136 34
136 33
134 31
134 30
133 29
133 28
132 27
132 26
129 23
129 22
128 22
127 21
127 20
126 19
126 18
124 16
124 15
122 13
122 12
121 12
120 11
120 10
119 10
118 9
118 8
117 8
115 6
115 5
114 5
110 1
