234 24
228 30
228 31
226 33
226 34
224 36
224 37
223 38
223 39
222 40
222 42
221 43
221 45
220 46
220 49
219 50
219 56
218 57
218 59
214 63
214 64
213 65
213 66
212 67
212 68
210 70
210 78
211 79
211 81
210 82
210 83
209 84
212 87
213 87
216 90
216 92
218 94
218 95
219 96
219 99
218 100
218 110
217 111
217 112
214 115
210 115
207 118
207 119
206 120
206 123
212 129
212 131
211 132
211 133
210 134
210 136
209 137
209 140
208 141
208 143
207 144
207 145
199 153
198 153
194 157
193 157
192 158
186 158
183 155
183 154
182 153
182 149
181 148
181 142
180 141
180 138
181 137
181 136
180 135
180 124
179 123
179 121
178 120
178 118
177 117
177 115
174 112
173 112
169 108
161 108
160 109
157 109
156 110
154 110
151 113
151 114
148 117
148 118
147 119
147 121
146 122
146 123
145 124
145 125
144 126
144 129
143 130
143 132
142 133
142 134
141 135
141 137
140 138
140 139
139 140
139 142
138 143
138 145
134 149
133 149
129 145
129 136
128 135
128 134
127 133
127 131
122 126
120 126
119 125
114 125
113 126
111 126
110 127
109 127
102 134
102 135
101 136
101 137
100 138
100 142
99 143
99 148
98 149
98 160
99 161
99 164
98 165
98 166
95 169
94 169
93 170
92 170
91 171
90 171
89 172
88 172
86 174
85 174
82 177
81 177
79 179
79 180
76 183
76 184
75 185
75 186
73 188
73 189
70 192
69 192
64 197
64 198
63 199
63 200
62 201
62 207
61 208
61 218
62 219
62 225
63 226
63 230
64 231
64 235
65 236
65 238
67 240
67 241
68 241
69 242
71 240
71 234
70 233
70 228
69 227
69 220
70 219
70 216
71 215
71 213
72 212
73 212
76 215
76 222
77 223
77 224
78 225
78 234
79 235
79 236
80 237
80 238
83 241
83 242
87 246
87 249
88 250
88 252
93 257
93 258
94 259
94 260
95 261
96 261
97 262
98 262
102 266
103 266
106 269
106 271
107 272
107 278
106 279
106 288
104 290
104 291
103 292
103 293
102 294
102 301
101 302
101 305
100 306
100 307
99 308
99 312
100 313
100 314
101 315
102 315
104 317
106 317
107 318
108 318
109 319
111 319
112 320
113 320
114 321
126 321
127 322
128 322
129 321
140 321
141 322
143 320
143 319
146 316
146 314
139 307
138 307
137 306
133 306
132 305
131 305
129 303
128 303
127 302
126 302
122 298
122 291
123 290
123 286
124 285
124 283
125 282
125 280
129 276
132 276
133 275
134 275
135 274
136 274
141 269
142 269
143 268
144 268
146 266
146 265
152 259
152 258
154 256
154 255
157 252
160 252
161 253
161 255
162 256
162 257
163 258
165 258
169 262
169 265
171 267
171 268
170 269
170 279
169 280
169 284
168 285
168 286
167 287
167 289
166 290
166 292
165 293
165 297
166 298
166 300
165 301
165 302
164 303
164 308
165 309
165 311
166 312
166 316
169 319
177 319
178 320
179 320
180 321
191 321
192 322
199 322
200 323
204 323
205 322
208 322
209 321
210 321
211 320
210 319
210 317
208 315
208 313
207 312
207 311
205 309
204 309
201 306
200 306
198 304
197 304
194 301
193 301
192 300
190 300
188 298
188 289
187 288
187 270
188 269
188 268
189 267
189 266
196 259
196 258
200 254
202 254
203 253
203 252
204 251
204 249
205 248
205 244
206 243
206 242
214 234
214 228
215 227
215 226
218 223
218 220
219 219
219 215
220 214
220 213
221 212
221 210
222 209
222 206
223 205
223 200
224 199
224 185
225 184
225 183
226 182
227 182
229 180
229 179
231 177
231 176
232 175
233 175
234 174
235 174
238 171
241 171
242 170
242 169
248 163
249 163
250 162
250 161
257 154
257 153
260 150
260 145
261 144
261 142
262 141
262 140
263 139
263 136
264 135
264 131
263 130
263 124
264 123
264 121
263 120
263 116
262 115
262 114
260 112
260 109
259 108
259 105
265 99
266 99
267 100
268 100
269 101
270 101
271 102
272 102
273 103
282 103
283 104
284 104
285 103
289 103
290 104
291 104
292 103
293 103
295 101
295 100
298 97
298 96
299 95
299 92
302 89
302 88
303 87
303 81
302 80
302 77
303 76
303 73
301 71
301 70
300 69
296 69
294 67
294 66
293 65
292 65
291 64
290 64
289 63
285 63
284 62
283 62
282 63
278 63
277 64
275 64
274 65
268 65
267 64
261 64
256 59
254 59
253 58
252 58
249 55
249 53
250 52
250 51
251 50
251 46
252 45
252 44
253 43
253 37
252 36
252 34
253 33
253 32
252 31
252 30
250 28
250 27
249 26
248 26
247 25
245 25
244 26
242 26
241 25
240 25
239 24
