185 110
179 116
179 118
178 119
178 127
176 129
171 129
170 128
169 128
168 127
160 127
159 128
158 128
155 131
150 131
149 130
147 132
147 134
146 135
145 135
144 136
118 136
117 137
114 137
113 138
111 138
110 139
108 139
107 140
106 140
103 143
103 144
101 146
101 147
100 148
100 153
101 154
101 156
102 157
102 158
103 159
103 160
104 161
104 176
105 177
105 178
106 178
109 181
109 184
110 185
110 186
111 187
111 188
112 188
113 189
114 189
115 190
122 190
123 189
124 189
127 186
127 185
128 184
128 183
129 182
168 182
169 183
169 184
170 185
170 187
172 189
173 189
174 190
193 190
194 189
195 189
197 187
198 187
198 186
202 182
219 182
220 181
225 181
226 180
237 180
239 182
239 183
240 184
240 185
241 185
242 186
243 186
244 187
245 187
246 188
251 188
252 189
261 189
262 188
263 188
266 185
266 184
267 183
267 182
269 180
269 179
270 178
270 176
271 175
271 174
272 173
272 172
273 171
273 156
274 155
274 154
276 152
276 151
277 150
277 149
278 148
278 145
279 144
279 139
278 138
278 137
275 134
274 134
273 133
261 133
260 134
256 134
255 135
242 135
240 133
240 132
239 131
239 129
238 128
238 126
237 125
237 116
236 115
236 114
235 114
234 113
231 113
230 112
228 112
227 111
221 111
220 110
