230 176
229 177
228 177
228 178
227 179
227 194
226 195
224 195
223 196
222 196
221 197
220 197
219 198
218 198
215 201
215 202
213 204
213 205
212 206
212 209
211 210
211 215
210 216
206 216
205 217
188 217
187 218
186 217
186 209
184 207
178 207
177 206
175 206
174 205
172 205
171 204
160 204
159 203
158 203
157 202
156 202
155 201
153 201
152 200
150 200
149 199
148 199
147 198
146 198
145 197
144 197
143 196
142 196
141 195
139 195
138 194
137 194
134 191
133 191
131 189
130 189
127 186
126 186
125 185
124 185
123 184
122 185
121 185
114 192
113 192
113 193
109 197
108 197
107 198
107 199
106 200
108 202
111 202
112 203
116 203
117 202
118 202
119 201
120 201
121 200
125 200
126 201
126 203
127 204
127 205
128 206
128 207
129 208
129 211
130 212
130 213
132 215
132 216
133 217
133 230
132 231
132 234
131 235
131 238
130 239
130 253
132 255
134 255
135 254
136 254
138 252
138 251
139 250
139 249
140 248
140 243
141 242
141 235
142 234
142 233
143 232
143 231
144 230
178 230
180 232
180 237
181 238
181 254
182 255
182 256
183 256
184 257
187 257
188 256
188 255
189 254
189 253
191 251
191 250
192 249
192 247
193 246
193 233
194 232
202 232
203 233
203 247
204 248
204 249
205 250
205 251
206 252
206 253
207 254
207 255
208 256
208 257
213 262
214 262
215 263
216 263
217 264
220 264
221 265
231 265
233 263
233 262
234 261
234 260
235 259
235 253
236 252
236 244
239 241
275 241
276 242
277 242
278 243
278 244
281 247
281 248
282 249
282 251
283 252
283 253
284 254
284 255
285 256
285 257
286 258
287 258
288 259
289 259
290 260
291 260
292 261
293 261
294 262
295 262
296 263
298 263
299 264
313 264
314 263
315 263
315 262
316 261
316 260
317 259
317 258
318 257
318 256
319 255
319 253
320 252
320 249
321 248
321 232
320 231
320 230
318 228
318 225
317 224
317 223
316 222
316 221
314 219
314 218
313 218
310 215
310 205
309 204
309 203
308 202
308 201
307 200
307 199
306 199
305 198
296 198
295 197
294 197
293 196
292 196
291 195
290 195
286 191
286 188
285 187
285 186
283 184
282 184
281 183
268 183
266 185
266 189
268 191
268 200
267 201
264 201
262 203
262 204
261 205
261 206
260 207
260 211
259 212
259 217
258 218
257 218
256 219
255 219
254 220
251 220
250 221
245 221
243 219
243 216
242 215
242 214
241 213
241 210
240 209
240 207
239 206
239 202
238 201
238 181
237 180
237 179
236 179
235 178
234 178
233 177
231 177
