160 19
160 24
159 25
160 26
159 27
160 28
160 30
161 31
161 32
160 33
160 34
161 35
161 38
162 39
162 40
161 41
160 41
160 42
161 43
160 44
160 48
159 49
159 50
160 51
156 55
155 55
154 56
152 56
151 57
150 57
148 59
147 58
146 58
146 59
145 60
144 59
142 61
140 61
140 62
139 63
138 62
137 62
136 63
133 63
132 64
131 63
129 65
128 64
126 66
125 66
124 67
124 70
123 71
123 73
122 74
122 75
121 76
121 77
120 78
120 80
121 81
120 82
121 82
122 83
123 83
124 84
124 85
125 85
132 92
132 93
133 93
134 94
136 94
137 95
139 95
140 96
141 95
143 97
144 96
145 97
146 96
150 100
151 100
152 101
154 101
155 102
156 102
157 103
158 103
159 104
160 104
162 106
163 106
164 107
165 107
168 110
167 111
167 113
168 114
167 115
168 116
168 117
167 118
169 120
169 124
170 125
170 126
172 128
171 129
171 130
172 131
172 132
171 133
171 137
172 138
172 139
171 140
171 141
172 142
171 143
171 147
170 148
170 153
169 154
170 155
169 156
168 156
169 157
169 158
168 159
167 159
168 160
166 162
167 163
165 165
166 166
165 167
164 167
164 168
165 169
164 170
164 171
163 172
163 182
164 183
164 185
163 186
163 187
164 188
164 189
165 190
165 191
164 192
164 194
163 195
164 196
163 197
163 199
162 200
162 201
163 202
162 203
162 205
163 206
162 207
163 208
162 209
162 212
163 212
164 213
163 214
164 215
164 217
166 219
165 220
165 221
167 223
167 225
169 227
169 229
170 230
170 233
169 234
169 236
168 237
168 238
166 240
167 241
166 242
165 242
165 243
164 244
164 246
163 247
162 247
163 248
163 249
162 250
161 250
160 251
160 253
159 254
159 257
158 258
158 260
156 262
156 263
155 264
156 265
155 266
155 267
153 269
153 270
151 272
151 274
150 275
149 275
149 277
146 280
145 280
144 281
144 282
142 284
142 285
141 286
139 286
139 287
138 288
137 288
135 290
133 290
132 289
131 290
130 289
130 290
129 291
127 289
126 290
125 289
124 289
123 290
122 289
121 289
120 290
119 290
118 289
118 290
117 291
116 290
115 291
112 291
109 294
110 295
110 296
113 299
114 299
118 303
119 303
120 304
120 305
121 305
124 308
125 307
126 308
128 308
129 309
130 309
131 308
133 308
134 307
137 307
137 306
138 305
139 306
140 305
143 308
145 308
146 309
147 309
147 308
149 306
149 305
150 304
150 302
151 301
152 301
151 300
153 298
153 297
154 296
154 295
156 293
156 292
158 290
159 290
158 289
158 288
159 287
160 287
160 286
162 284
162 283
163 282
164 282
164 280
166 278
166 277
170 273
171 274
171 273
172 272
173 273
173 272
174 271
175 271
175 269
176 268
177 268
177 267
179 265
180 266
180 267
179 268
179 269
180 270
179 271
179 272
180 273
180 274
179 275
180 276
178 278
178 279
177 280
176 280
176 281
177 282
176 283
176 285
175 286
174 286
174 287
173 288
173 289
174 290
173 291
172 291
172 292
170 294
171 295
169 297
168 297
166 299
166 301
165 302
165 304
164 305
161 305
160 306
159 306
158 307
157 306
157 307
156 308
155 308
154 307
152 309
151 309
150 310
149 310
146 313
146 314
147 315
147 316
150 316
151 317
153 317
154 318
154 319
155 319
156 320
157 320
158 321
159 321
160 320
161 321
163 321
164 322
165 321
166 321
167 322
169 320
174 320
175 321
176 320
178 320
178 319
179 318
180 318
180 317
179 316
180 315
181 315
180 314
180 313
181 312
182 312
182 310
183 309
183 308
184 307
184 305
185 304
184 303
184 302
185 301
185 299
186 298
186 297
187 296
187 294
188 293
188 290
190 288
190 286
191 285
192 285
192 284
191 283
192 282
193 282
193 280
194 279
195 279
196 278
196 277
197 276
198 276
198 275
200 273
200 272
201 271
202 271
202 269
204 267
204 266
208 262
207 261
208 260
209 260
209 258
210 257
210 256
212 254
212 253
213 252
216 252
217 253
217 254
219 256
220 256
221 257
221 258
223 260
223 261
224 261
226 263
226 264
229 267
229 268
232 271
232 272
233 273
234 273
236 275
236 277
237 277
239 279
239 280
241 282
242 282
243 283
243 284
244 284
249 289
250 289
251 290
251 291
252 291
253 292
253 294
256 297
256 299
257 299
259 301
258 302
259 302
263 306
264 305
265 306
266 305
268 307
269 306
270 307
270 308
271 308
272 309
272 310
273 309
275 311
278 311
279 312
279 313
280 313
282 315
283 315
284 316
285 316
286 317
290 317
291 318
291 319
292 318
294 320
295 320
296 321
298 321
300 323
300 327
301 328
301 329
300 330
301 331
301 332
302 333
302 334
301 335
303 337
303 339
304 340
303 341
304 341
305 342
304 343
306 345
306 346
308 348
308 349
309 349
310 350
309 351
308 351
305 354
306 355
304 357
304 361
306 363
307 362
308 363
309 362
311 364
311 365
314 365
315 364
316 364
319 361
320 362
320 364
319 365
319 366
317 368
318 369
319 369
320 370
320 371
322 371
323 372
322 373
321 373
322 374
322 375
321 376
320 376
320 377
321 378
320 379
319 379
319 380
316 383
315 383
314 384
313 384
313 386
312 387
310 387
309 388
309 389
308 390
307 389
303 393
302 393
300 395
299 395
298 396
298 397
297 398
295 398
295 399
294 400
293 400
291 402
290 401
289 402
287 402
287 403
286 404
284 404
284 405
283 406
282 406
281 405
279 407
278 406
277 407
274 407
273 408
272 407
271 407
271 408
270 409
269 408
268 409
265 409
264 410
263 410
262 409
262 411
261 412
260 412
261 412
263 414
262 415
263 415
264 416
264 417
265 417
266 418
267 418
268 419
268 420
270 420
271 421
272 421
273 422
273 423
274 423
275 424
277 424
280 427
280 426
281 425
284 425
285 424
286 424
287 423
288 423
290 425
293 425
294 424
295 425
295 423
296 422
297 422
296 422
295 421
297 419
297 418
298 417
299 418
301 416
302 416
302 415
303 414
304 415
307 412
308 412
309 411
310 411
311 410
311 409
312 408
314 408
317 405
318 406
319 405
319 404
320 403
321 403
321 402
322 401
323 402
326 402
326 401
327 400
327 398
329 396
330 397
330 395
331 394
332 395
333 394
334 394
336 392
337 392
338 393
338 394
337 395
338 396
335 399
336 400
334 402
334 403
333 404
332 404
333 405
329 409
329 411
328 412
328 413
326 415
326 416
324 418
324 419
323 420
322 420
322 422
321 423
320 423
320 424
319 425
319 426
317 428
317 429
314 432
314 433
313 434
311 434
310 435
309 435
309 436
308 437
307 436
305 438
304 438
303 437
302 437
302 438
301 439
300 438
299 438
298 439
297 438
295 440
294 440
292 442
291 442
291 443
290 444
289 443
289 444
288 445
287 445
287 446
288 447
288 450
289 450
292 453
294 453
295 454
297 454
298 455
299 455
300 456
301 455
303 457
304 457
305 458
305 459
307 457
308 458
309 457
312 457
312 456
313 455
314 455
314 453
316 451
317 451
318 452
319 451
320 451
321 452
322 452
323 453
324 452
324 451
325 450
325 448
326 447
327 447
326 446
326 443
328 441
328 440
332 436
333 436
332 435
332 434
333 433
334 433
334 431
335 430
336 430
336 429
338 427
339 427
339 426
341 424
340 423
342 421
342 420
343 419
344 419
345 418
345 417
348 414
350 414
350 412
351 411
351 410
353 408
352 407
355 404
356 404
360 400
360 399
361 398
361 396
362 395
363 395
364 394
365 394
365 393
366 392
367 392
367 391
369 389
369 387
370 386
369 385
369 384
370 383
370 382
371 381
370 380
370 377
369 376
370 375
370 371
371 370
370 369
370 368
371 367
371 366
370 365
371 364
372 364
371 363
371 362
372 361
372 358
373 357
373 356
374 355
374 354
375 353
376 354
377 353
378 353
379 352
379 351
380 350
382 350
387 345
389 345
390 344
390 343
391 342
392 342
392 341
394 339
395 339
397 337
397 336
399 334
400 334
400 333
403 330
405 330
406 329
407 329
407 328
408 327
409 328
409 327
411 325
412 326
412 324
413 323
414 324
415 323
416 323
416 321
417 320
418 321
421 318
421 317
422 316
424 316
425 315
425 314
426 313
427 313
429 315
428 316
427 316
427 317
425 319
424 319
424 320
422 322
422 323
421 324
421 326
420 327
419 327
418 328
418 329
416 331
416 333
413 336
414 337
413 338
412 338
412 340
411 341
411 342
410 343
409 343
409 345
408 346
408 347
406 349
407 350
406 351
405 351
405 352
406 353
405 354
404 354
404 355
402 357
402 359
401 360
401 361
399 363
399 364
398 365
397 365
397 366
395 368
395 369
391 373
390 373
390 375
389 376
388 375
386 377
386 378
380 384
380 385
375 390
375 391
371 395
371 396
369 398
368 398
368 399
366 401
366 402
362 406
362 408
361 409
360 409
360 411
359 412
358 412
358 413
359 414
358 415
357 415
355 417
356 418
354 420
354 422
352 424
352 425
351 426
352 427
350 429
350 430
348 432
349 433
348 434
346 434
345 435
346 436
343 439
344 440
343 441
343 442
344 443
345 443
346 444
346 445
347 445
349 447
349 449
348 450
347 450
348 451
348 454
349 455
348 456
348 457
349 457
350 458
352 458
355 455
356 455
356 453
357 452
357 451
358 450
358 448
359 447
360 447
360 446
361 445
362 446
362 445
363 444
364 444
364 442
365 441
366 441
366 440
368 438
369 438
369 437
371 435
371 434
372 433
373 433
373 431
374 430
375 430
374 429
378 425
377 424
380 421
380 420
381 419
382 419
382 418
386 414
386 413
388 411
389 411
389 409
390 408
390 407
392 405
392 404
393 403
394 403
395 402
395 401
396 400
396 399
395 398
396 397
396 395
397 394
396 393
397 392
397 391
400 388
400 386
401 385
400 384
402 382
402 381
403 380
402 379
403 378
403 374
405 372
405 371
407 369
406 368
408 366
408 364
411 361
410 360
411 359
412 359
412 357
413 356
413 354
414 353
414 352
415 351
415 349
416 348
417 348
416 347
416 346
417 345
418 345
417 344
417 343
418 342
419 342
421 340
420 339
422 337
422 335
423 334
423 333
425 331
426 331
426 329
427 328
427 327
428 326
429 326
429 325
430 324
431 324
432 323
433 323
432 322
432 321
433 320
434 320
434 319
436 317
436 316
437 315
438 315
439 314
439 313
441 311
441 310
442 309
444 309
444 308
445 307
446 307
447 306
447 305
449 303
448 302
450 300
450 299
451 298
452 298
454 296
454 295
457 292
457 291
458 290
459 290
458 289
460 287
460 282
461 281
460 280
463 277
463 274
464 273
463 272
464 271
464 268
462 266
462 263
461 262
461 259
460 258
460 257
458 255
459 254
458 253
458 252
457 251
456 251
455 250
456 249
455 248
454 248
451 245
451 244
447 240
447 239
445 237
444 237
441 234
440 234
439 233
439 232
438 232
437 231
438 230
437 229
436 229
435 228
436 227
434 225
434 223
433 223
432 222
432 221
431 221
430 220
431 219
430 218
429 218
428 217
428 216
427 216
424 213
423 213
422 212
420 212
419 211
419 210
417 210
414 207
413 208
412 207
410 207
408 205
407 205
406 206
404 204
402 204
401 203
400 204
399 203
398 204
397 203
397 202
395 202
394 201
392 201
388 197
386 197
385 196
384 196
383 195
382 195
380 193
379 193
378 192
378 191
377 192
376 191
375 191
372 188
370 188
369 187
369 186
368 187
367 186
365 186
364 185
363 186
359 182
358 183
354 179
353 180
352 179
350 179
347 176
346 176
345 175
344 175
343 174
341 174
340 173
339 173
338 172
337 172
333 168
332 168
331 167
331 166
330 166
327 163
326 163
325 162
325 161
323 161
322 160
321 160
320 159
320 158
319 158
318 157
317 157
316 156
316 155
315 155
314 154
314 152
313 152
312 151
312 150
311 150
306 145
306 144
305 144
304 143
304 141
303 141
302 140
302 139
300 137
300 136
299 136
298 135
297 135
296 134
296 133
295 133
294 132
294 131
292 129
292 128
291 128
288 125
287 125
283 121
282 122
281 121
281 120
280 120
277 117
275 117
274 116
273 116
272 115
271 115
269 113
268 113
267 112
267 111
264 111
263 110
263 109
262 109
258 105
257 105
256 104
256 103
255 103
254 102
253 102
252 101
252 100
251 99
251 98
250 97
249 97
248 96
248 95
247 95
244 92
244 91
243 91
242 90
242 89
241 89
240 88
240 87
239 87
236 84
236 83
234 81
233 81
228 76
228 75
227 74
228 73
226 71
227 70
225 68
224 69
223 68
223 66
224 65
223 64
222 64
221 63
220 63
219 62
221 60
222 61
223 61
223 60
224 59
224 58
225 57
224 56
224 55
225 54
225 53
224 52
224 51
223 50
223 48
222 48
221 47
221 46
220 46
219 45
218 45
217 44
217 43
216 43
215 42
215 40
213 38
213 37
212 37
211 36
211 35
210 35
209 34
208 35
206 33
203 33
201 31
200 32
199 32
198 31
198 30
195 27
195 26
194 26
193 25
193 24
192 24
191 23
189 23
188 22
188 21
187 22
186 21
184 21
183 20
182 21
181 20
180 20
179 21
178 20
177 20
176 21
170 21
169 20
167 20
166 19
165 20
164 19
