28 18
28 20
27 21
26 20
22 20
22 23
23 24
23 25
30 32
31 32
33 34
34 34
36 36
34 38
34 39
31 42
30 42
29 43
29 44
28 45
28 46
27 47
27 49
26 50
26 51
25 52
25 55
24 56
24 57
21 60
20 60
20 62
17 65
17 67
15 69
15 71
14 72
14 73
12 75
12 77
10 79
10 80
8 82
8 84
6 86
6 87
3 90
3 91
1 93
1 100
2 101
2 102
5 105
6 105
7 106
8 106
9 107
10 107
11 108
12 108
13 109
14 109
15 110
18 110
19 111
25 111
26 110
27 110
28 109
28 108
29 107
30 107
31 106
32 106
33 107
35 107
36 108
37 108
38 109
39 109
40 110
41 110
42 111
43 111
44 112
45 112
46 113
57 113
58 112
72 112
73 113
74 113
75 114
77 114
78 115
79 115
80 116
81 116
82 117
83 117
84 118
84 119
85 119
89 123
90 123
91 124
91 125
92 126
93 126
94 127
94 128
96 130
96 131
100 135
100 137
102 139
102 140
103 141
103 142
104 143
104 144
105 145
105 146
106 147
106 150
108 152
108 154
111 157
111 158
112 158
117 163
117 164
118 165
118 166
119 167
119 168
121 170
121 171
125 175
125 176
126 176
127 177
128 177
130 179
130 180
131 180
132 181
132 182
133 182
135 184
136 184
137 185
139 185
141 187
142 187
143 188
144 188
145 189
145 199
146 200
146 201
147 202
147 205
148 206
148 208
149 209
149 212
151 214
150 215
150 223
149 224
149 225
148 226
148 227
147 228
147 232
146 233
146 234
143 237
143 238
142 239
142 240
140 242
140 244
139 245
138 245
137 246
137 248
136 249
135 249
135 250
133 252
133 253
132 254
132 257
134 257
135 258
137 258
138 259
145 259
146 258
147 259
147 260
150 260
150 259
152 257
156 257
158 255
160 255
161 254
161 252
162 251
162 247
161 246
161 243
163 241
164 241
164 239
166 237
166 232
165 232
164 231
165 230
165 227
166 226
166 216
167 215
167 212
168 211
168 210
169 209
169 206
171 204
171 201
172 200
172 194
173 193
173 189
174 188
174 185
176 183
178 185
178 186
179 187
179 189
180 190
180 193
181 194
181 196
182 197
182 199
184 201
184 202
187 205
187 206
190 209
190 212
191 213
191 221
192 222
192 231
191 232
191 233
187 237
187 238
186 239
186 241
184 243
184 246
185 247
185 248
186 248
187 249
188 249
189 250
191 250
192 251
193 251
194 252
203 252
204 251
206 251
206 250
207 249
209 249
211 247
211 244
210 244
209 243
209 242
212 239
214 239
214 233
213 233
212 232
212 231
211 230
211 227
210 226
210 224
209 223
209 221
208 220
208 218
207 217
207 214
206 213
206 210
205 209
205 196
206 195
206 192
205 191
205 188
204 187
204 184
203 183
203 178
202 177
202 176
204 174
205 174
206 173
214 173
215 172
230 172
231 173
240 173
241 172
242 173
243 173
244 174
259 174
260 175
261 175
264 178
263 179
263 183
262 184
262 185
261 186
261 187
260 188
260 192
264 192
265 193
269 193
269 192
271 190
271 182
272 181
274 181
275 180
276 180
277 179
277 178
279 176
279 175
282 172
287 172
288 171
289 171
290 170
292 170
293 169
296 169
297 168
298 168
299 167
303 167
305 165
308 165
309 164
310 164
311 163
313 163
314 162
316 162
317 161
318 161
320 159
322 159
323 158
325 158
326 157
328 157
329 156
334 156
335 157
335 158
336 158
337 159
337 161
338 162
338 167
339 168
339 172
340 173
340 174
341 175
341 177
342 178
342 180
343 181
343 182
344 183
344 184
346 186
346 187
347 188
347 189
348 190
348 192
349 193
349 194
350 195
350 216
349 217
349 219
348 220
348 224
347 225
347 228
346 229
346 230
345 231
345 234
344 235
344 238
340 242
339 242
338 243
337 243
336 244
336 245
328 253
328 256
329 256
331 258
332 258
333 259
335 259
336 260
349 260
350 259
351 259
352 258
353 258
353 257
355 255
355 252
357 250
358 250
359 249
361 249
361 242
362 241
362 239
363 238
363 236
364 235
364 232
365 231
365 230
366 229
366 228
367 227
367 226
368 225
368 221
369 220
369 218
370 217
370 216
371 215
371 213
372 212
372 210
373 209
373 208
374 207
374 206
376 204
377 205
377 206
379 208
379 212
380 213
380 215
381 216
381 219
382 220
382 226
383 227
383 232
384 233
384 240
383 241
383 249
377 255
376 255
376 256
371 261
371 262
370 263
369 263
366 266
366 269
367 269
368 270
390 270
391 269
392 269
393 268
394 268
396 266
396 265
397 264
397 259
398 258
400 258
401 257
401 256
402 255
402 251
401 250
401 246
400 245
400 244
401 243
401 240
400 239
400 230
399 229
399 222
398 221
398 214
399 213
399 211
400 210
400 196
401 195
401 191
402 190
403 191
403 223
404 224
404 225
405 226
405 231
406 232
406 236
407 236
408 237
408 242
411 242
411 239
412 238
413 238
413 231
414 230
414 227
415 226
415 221
416 220
416 218
417 217
417 212
418 211
418 207
419 206
419 187
418 186
418 170
417 169
417 166
416 165
416 160
415 159
415 157
414 156
414 150
413 149
413 124
414 123
414 118
415 117
415 114
414 113
414 106
415 105
415 103
416 102
416 101
417 100
417 88
418 87
418 80
419 79
419 75
420 74
420 57
419 56
419 52
418 51
418 50
417 49
417 46
416 46
415 45
415 44
414 43
414 42
412 40
412 39
410 37
409 37
408 36
407 36
405 34
403 34
402 33
401 33
400 32
399 32
398 31
398 30
397 29
376 29
375 28
372 28
370 30
364 30
363 29
346 29
345 30
340 30
339 31
328 31
327 32
321 32
320 33
311 33
310 34
306 34
305 35
299 35
298 36
296 36
295 37
283 37
282 38
273 38
272 39
263 39
262 40
256 40
255 39
239 39
238 38
230 38
229 37
221 37
220 36
213 36
212 35
204 35
203 34
199 34
198 33
188 33
187 32
158 32
157 31
150 31
149 32
147 32
146 31
143 31
142 30
139 30
138 29
135 29
134 28
127 28
126 27
110 27
109 26
106 26
105 27
93 27
92 28
91 28
90 29
86 29
85 28
85 27
84 26
84 25
83 24
78 24
77 25
76 25
75 26
74 26
73 27
71 27
68 30
67 30
66 31
63 28
63 27
62 26
61 26
60 25
60 24
57 24
56 23
54 23
53 22
50 22
49 23
44 23
43 22
39 22
38 21
38 20
36 20
34 18
