135 15
134 16
115 16
114 17
92 17
91 18
78 18
77 19
62 19
61 20
43 20
42 21
38 21
37 22
36 22
36 23
35 24
35 32
36 33
36 34
38 36
42 36
43 37
69 37
70 38
89 38
92 41
92 44
91 45
91 56
90 57
90 68
89 69
89 81
90 82
90 85
89 86
89 91
90 92
90 106
91 107
91 117
92 118
92 120
93 121
93 122
94 123
94 124
95 125
95 126
98 129
99 129
101 131
102 131
103 132
105 132
106 133
107 133
108 134
113 134
114 135
135 135
136 136
152 136
153 137
155 137
156 138
160 138
161 137
164 137
165 136
176 136
177 137
186 137
187 136
191 136
192 135
204 135
205 136
218 136
219 135
249 135
250 136
270 136
271 137
323 137
324 136
325 136
326 135
332 135
333 134
345 134
346 133
358 133
359 132
360 132
361 131
362 131
363 130
363 129
364 128
364 126
365 125
365 100
366 99
366 97
367 96
367 73
366 72
366 60
365 59
365 30
364 29
364 25
360 21
355 21
354 20
343 20
342 19
332 19
331 18
326 18
325 17
311 17
310 16
292 16
291 15
278 15
277 16
265 16
264 17
184 17
183 16
160 16
159 15
