52 53
51 54
50 54
48 56
47 56
43 60
43 61
42 62
42 63
41 64
41 73
42 74
42 75
43 76
43 77
44 78
44 79
48 83
48 84
49 85
49 89
43 95
42 95
40 97
40 98
39 99
39 100
38 101
38 102
37 103
37 114
38 115
38 116
39 117
39 133
40 134
40 137
41 138
41 140
42 141
42 144
43 145
43 155
45 157
45 158
46 159
46 161
47 162
47 164
50 167
51 167
55 171
55 178
54 179
54 180
53 181
53 182
52 183
52 185
51 186
51 190
52 191
52 193
53 194
53 196
54 197
54 198
55 199
55 205
54 206
54 213
57 216
61 216
62 217
65 217
66 218
82 218
84 216
85 216
86 215
87 215
88 214
89 214
90 213
91 213
92 212
92 209
91 208
90 208
89 207
88 207
87 206
85 206
84 205
83 205
81 203
80 203
77 200
77 199
78 198
78 197
79 196
79 194
80 193
80 191
81 190
81 188
82 187
82 181
83 180
83 179
84 178
84 177
85 176
85 175
86 174
86 172
85 171
85 165
90 160
90 158
89 157
89 156
90 155
90 154
92 152
93 152
93 151
94 150
94 145
93 144
93 143
92 142
92 138
91 137
91 135
90 134
90 132
89 131
89 129
88 128
88 125
87 124
87 122
86 121
86 120
85 119
85 118
84 117
84 115
85 114
85 107
84 106
84 104
83 103
83 98
80 95
80 94
78 92
78 89
79 88
79 86
80 85
80 84
81 83
81 73
82 72
82 66
81 65
81 64
80 63
80 62
78 60
78 59
76 57
75 57
74 56
73 56
72 55
70 55
69 54
67 54
66 53
