53 53
52 54
51 54
50 55
49 55
48 56
47 56
43 60
43 61
42 62
42 63
41 64
41 73
42 74
42 75
43 76
43 77
44 78
44 79
49 84
49 85
50 86
50 89
45 94
44 94
40 98
40 99
38 101
38 102
37 103
37 114
38 115
38 117
39 118
39 123
38 124
38 129
39 130
39 135
40 136
40 139
41 140
41 142
42 143
42 146
43 147
43 150
42 151
42 154
43 155
43 156
46 159
46 162
47 163
47 164
51 168
52 168
55 171
55 178
54 179
54 181
53 182
53 183
52 184
52 192
53 193
53 195
54 196
54 198
55 199
55 201
56 202
56 204
55 205
55 208
54 209
54 213
56 215
57 215
58 216
61 216
62 217
65 217
66 218
81 218
82 217
83 217
85 215
86 215
87 214
88 214
89 213
90 213
91 212
91 211
92 210
91 209
91 208
90 207
89 207
88 206
85 206
84 205
83 205
82 204
81 204
80 203
79 203
78 202
78 201
77 200
77 199
78 198
78 196
79 195
79 194
80 193
80 191
81 190
81 187
82 186
82 180
83 179
83 178
84 177
84 176
85 175
85 170
84 169
84 165
87 162
88 162
89 161
89 160
90 159
89 158
89 155
92 152
92 151
93 150
93 144
92 143
92 141
91 140
91 136
90 135
90 133
89 132
89 130
88 129
88 126
87 125
87 122
86 121
86 120
85 119
85 118
84 117
84 115
85 114
85 107
84 106
84 103
83 102
83 98
80 95
80 94
78 92
78 90
79 89
79 87
80 86
80 84
81 83
81 64
80 63
80 62
75 57
74 57
72 55
70 55
69 54
66 54
65 53
