164 82
163 83
162 83
162 84
161 85
161 86
160 87
160 89
161 90
169 90
170 91
170 95
168 97
168 99
169 99
170 100
173 100
174 101
174 104
173 105
171 105
170 106
168 106
167 107
165 107
164 108
157 108
156 109
154 109
153 110
150 110
149 111
147 111
146 112
144 112
143 113
141 113
140 114
138 114
137 115
134 115
133 116
132 116
131 117
130 117
129 118
128 118
126 120
125 120
119 126
119 127
116 130
116 131
114 133
114 134
112 136
112 137
111 138
111 139
110 140
110 144
109 145
109 149
108 150
108 152
107 153
107 157
106 158
106 163
105 164
105 167
104 168
104 184
105 185
105 186
106 187
106 188
107 188
108 189
110 189
111 190
115 190
116 191
118 191
119 192
135 192
136 193
136 203
135 204
134 204
133 205
132 205
131 206
129 206
128 207
123 207
122 208
110 208
109 207
109 202
107 200
106 200
105 199
104 199
103 200
102 200
101 201
101 202
100 203
100 208
102 210
103 210
104 211
107 211
108 212
112 212
113 213
125 213
126 212
127 212
128 211
129 211
130 210
132 210
133 209
136 209
137 208
139 208
140 207
144 207
145 206
149 206
150 205
166 205
167 204
180 204
181 203
184 203
186 201
186 199
185 198
185 196
184 195
184 191
185 190
185 189
186 188
187 188
188 187
192 187
193 186
205 186
206 185
243 185
244 184
245 184
245 183
246 182
246 180
244 178
243 178
242 177
242 171
240 169
233 169
232 168
232 160
235 157
237 157
238 156
241 156
242 155
243 155
244 154
246 154
247 153
248 153
249 152
251 152
252 151
254 151
255 150
256 150
258 148
259 148
260 147
261 147
262 146
263 146
264 145
265 145
266 144
267 144
268 143
269 143
271 141
272 141
273 140
274 140
276 138
279 138
280 137
282 137
283 136
284 136
285 135
286 135
289 132
289 130
290 129
290 127
288 125
278 125
277 126
276 126
275 127
274 127
273 128
270 128
269 129
268 129
267 130
266 130
265 131
263 131
262 132
261 132
260 133
258 133
257 134
246 134
245 135
227 135
226 134
225 134
224 133
223 133
219 129
221 127
222 127
223 126
224 126
225 125
228 125
230 123
230 122
231 121
231 114
229 112
218 112
216 110
216 109
215 108
214 108
213 107
196 107
195 106
193 106
192 105
187 105
186 104
184 104
183 103
183 99
186 96
186 94
184 92
180 92
179 91
179 88
180 87
181 87
182 86
184 86
185 85
186 85
187 84
188 84
188 83
187 82
