174 81
173 82
169 82
168 83
166 83
165 84
164 84
163 85
162 85
160 87
160 88
161 89
161 91
163 93
164 93
165 94
172 94
173 95
172 96
172 98
173 98
175 100
175 102
173 104
173 107
172 108
170 108
169 109
168 109
167 110
165 110
164 111
155 111
154 112
148 112
147 113
144 113
143 114
141 114
140 115
138 115
137 116
135 116
134 117
133 117
132 118
131 118
130 119
129 119
126 122
125 122
121 126
120 126
120 127
116 131
116 132
115 133
115 134
114 135
114 136
113 137
113 138
112 139
112 140
111 141
111 143
110 144
110 145
109 146
109 149
108 150
108 151
107 152
107 155
106 156
106 157
105 158
105 160
104 161
104 164
103 165
103 186
105 188
107 188
108 189
109 189
110 190
112 190
113 191
114 191
115 192
116 192
117 193
137 193
138 194
138 200
137 201
136 201
136 202
135 203
134 203
133 204
132 204
131 205
130 205
129 206
128 206
127 207
125 207
124 208
120 208
119 209
117 209
116 210
111 210
110 209
110 208
109 207
109 203
107 201
104 201
103 202
102 202
101 203
101 204
100 205
100 206
99 207
99 208
100 209
100 210
102 212
103 212
104 213
123 213
124 212
128 212
129 211
134 211
135 210
140 210
141 209
146 209
147 208
152 208
153 207
158 207
159 206
162 206
163 205
166 205
167 204
171 204
172 203
182 203
183 202
184 202
186 200
186 193
188 191
220 191
221 190
225 190
226 189
229 189
230 188
232 188
233 187
235 187
236 186
239 186
240 185
242 185
243 184
244 184
245 183
246 183
246 182
247 181
245 179
245 170
243 168
240 168
239 169
238 169
237 170
235 170
234 169
234 165
236 163
237 163
239 161
240 161
241 160
242 160
243 159
244 159
245 158
246 158
247 157
248 157
249 156
250 156
251 155
252 155
255 152
256 152
258 150
259 150
260 149
261 149
262 148
263 148
265 146
267 146
268 145
269 145
271 143
272 143
274 141
275 141
276 140
277 140
278 139
279 139
280 138
282 138
283 137
286 137
287 136
288 136
291 133
291 132
292 131
290 129
280 129
279 130
276 130
275 131
273 131
272 132
270 132
269 133
265 133
264 134
259 134
258 135
225 135
221 131
221 130
218 127
218 126
219 125
227 125
228 124
230 124
231 123
232 123
232 122
233 121
233 120
232 119
232 117
231 116
231 115
230 114
230 112
227 109
226 109
225 108
212 108
211 109
184 109
182 107
181 107
180 106
180 101
181 100
183 100
185 98
185 95
183 93
181 93
180 92
180 90
182 88
183 88
184 87
185 87
186 86
186 85
187 84
187 83
185 81
