325 51
324 52
215 52
214 53
213 52
210 52
209 53
208 52
202 52
201 53
198 53
197 52
183 52
182 53
175 53
174 52
158 52
157 53
123 53
122 54
121 53
118 53
116 55
109 55
108 56
101 56
100 55
99 55
98 56
97 56
96 57
95 57
94 58
92 58
91 59
90 59
89 60
88 60
87 61
86 61
85 62
82 62
81 63
73 63
72 64
70 64
69 65
68 65
67 66
63 66
59 70
59 71
58 72
58 73
57 74
57 76
56 77
56 79
55 80
55 102
56 103
56 131
57 132
57 147
56 148
56 151
57 152
57 163
56 164
54 164
53 165
46 165
45 164
36 164
35 165
34 165
33 166
30 166
29 167
28 167
27 168
26 168
24 170
23 170
16 177
16 178
14 180
13 180
13 182
11 184
11 185
10 186
10 187
8 189
8 192
6 194
6 198
5 199
5 201
4 202
4 207
3 208
3 239
4 240
4 246
5 247
5 251
6 252
6 253
7 254
7 257
6 258
4 258
4 261
7 261
8 262
8 263
9 264
9 267
10 268
10 270
11 271
11 272
12 272
13 273
14 273
16 275
16 276
20 280
21 280
25 284
26 284
27 285
29 285
30 286
32 286
33 287
35 287
36 288
52 288
53 289
67 289
68 288
69 288
70 289
70 291
72 293
72 294
74 296
74 298
76 300
76 301
77 302
77 303
80 306
80 307
87 314
87 315
88 316
88 317
94 323
95 323
98 326
99 326
100 327
101 327
102 328
103 328
104 329
105 329
106 330
107 330
108 331
133 331
134 330
138 330
139 331
145 331
146 330
147 330
148 329
151 329
152 328
153 328
154 327
155 327
156 326
157 326
159 324
160 324
161 323
164 323
165 322
166 322
167 321
168 321
169 320
170 320
172 318
173 318
175 316
195 316
196 315
200 315
201 314
205 314
206 313
208 313
209 312
212 312
214 310
215 310
216 309
218 309
220 307
221 307
222 306
223 306
223 305
224 304
225 304
226 303
227 303
227 302
228 301
229 301
236 294
236 293
239 290
239 289
240 288
404 288
405 287
407 287
408 288
413 288
414 287
416 287
417 288
420 288
421 287
422 288
425 288
426 287
435 287
436 288
449 288
450 287
451 288
456 288
457 287
459 287
460 288
463 288
464 287
477 287
478 286
479 287
482 287
483 286
487 286
488 285
497 285
498 284
505 284
506 283
552 283
553 284
557 284
558 283
586 283
588 285
588 287
589 288
589 289
590 290
590 291
591 292
591 293
592 294
592 295
595 298
595 299
599 303
599 304
602 307
603 307
604 308
604 309
606 311
607 311
611 315
612 315
614 317
615 317
616 318
617 318
619 320
621 320
622 321
623 321
624 322
626 322
627 323
628 323
629 324
631 324
632 325
634 325
635 326
638 326
639 327
643 327
644 328
652 328
653 329
656 329
657 328
660 328
661 327
665 327
666 326
669 326
670 325
671 325
672 324
673 324
674 323
676 323
677 322
679 322
680 321
682 321
683 320
684 320
685 319
686 319
687 318
688 318
690 316
691 316
692 315
693 315
694 314
705 314
706 313
710 313
711 312
713 312
714 311
716 311
717 310
719 310
720 309
721 309
722 308
723 308
724 307
725 307
726 306
727 306
729 304
731 304
731 303
733 301
734 301
740 295
741 295
741 294
746 289
746 288
747 287
747 286
748 285
748 284
750 282
750 281
751 280
751 279
752 278
752 276
753 275
753 273
754 272
754 271
755 270
755 267
756 266
756 262
757 261
760 261
761 260
766 260
767 259
768 259
769 258
770 258
771 259
774 259
775 258
776 258
778 256
778 255
779 254
779 253
780 252
780 247
778 245
778 244
777 243
778 242
778 241
779 240
779 237
778 236
778 232
777 232
776 231
772 231
771 230
771 229
770 229
769 228
765 228
764 229
764 231
763 232
763 233
762 234
760 234
759 235
757 235
756 234
756 231
755 230
755 229
754 228
754 227
753 226
753 225
752 224
752 223
750 221
750 220
749 219
749 218
748 217
748 216
749 215
751 215
752 216
761 216
762 215
763 215
763 214
764 213
764 206
763 205
763 202
762 201
762 200
761 199
761 196
758 193
758 192
756 190
756 189
747 180
746 180
743 177
742 177
741 176
740 176
738 174
737 174
736 173
735 173
734 172
733 172
732 171
731 171
730 170
727 170
726 169
723 169
722 168
722 163
721 162
721 161
720 160
720 154
718 154
717 153
710 153
709 154
700 154
699 153
699 146
698 145
698 144
697 143
697 142
696 141
696 139
695 138
695 136
694 135
694 134
693 134
692 133
692 132
691 131
690 131
689 130
689 128
688 127
688 126
686 124
685 124
684 123
682 123
681 122
682 121
682 118
683 117
684 117
684 116
685 115
685 106
682 106
681 105
677 105
676 106
674 106
673 107
673 108
671 110
669 110
668 111
668 121
667 122
654 122
653 121
521 121
520 120
517 120
516 121
512 121
511 120
508 120
507 121
506 120
500 120
499 121
498 120
492 120
491 121
485 121
484 120
481 120
480 121
475 121
474 120
462 120
461 119
461 111
460 110
460 109
461 108
464 108
464 105
461 105
460 104
460 85
461 84
461 83
462 82
463 82
463 81
465 79
466 79
467 78
470 78
471 77
485 77
486 78
493 78
494 77
494 74
492 72
492 71
488 71
487 70
484 70
483 69
481 69
480 68
476 68
475 67
470 67
469 66
466 66
465 65
460 65
459 64
458 64
457 63
456 63
455 62
440 62
439 61
432 61
431 60
417 60
416 59
404 59
403 58
400 58
399 57
391 57
390 56
380 56
379 55
371 55
370 54
361 54
360 53
357 53
356 52
352 52
351 51
338 51
337 52
336 52
335 51
332 51
331 52
329 52
328 51
