74 22
72 24
72 25
70 27
67 27
67 28
66 29
66 33
65 34
63 34
62 35
62 39
61 40
61 41
60 42
60 46
61 47
62 47
64 49
64 50
63 51
59 51
58 52
58 53
54 57
53 56
52 56
50 54
52 52
52 51
53 50
53 44
52 43
52 42
51 41
51 40
49 40
48 39
46 39
45 40
41 40
40 41
37 41
36 42
34 42
33 43
32 43
32 44
31 45
31 50
30 51
29 50
26 50
25 49
25 48
24 47
18 47
17 46
17 45
16 44
16 43
15 43
14 42
3 42
2 43
2 45
3 46
3 47
5 49
5 50
6 50
7 51
7 52
8 53
8 54
10 54
11 55
11 58
12 59
12 62
14 64
16 64
19 67
19 68
23 72
22 73
22 78
23 79
25 79
27 81
26 82
26 85
27 85
29 87
29 94
30 94
32 96
33 96
34 97
37 97
38 98
41 98
42 99
51 99
52 100
93 100
94 99
104 99
105 98
109 98
111 96
116 96
117 95
118 95
119 94
121 94
122 93
123 93
124 92
124 91
125 90
125 86
124 85
124 84
125 83
126 83
126 77
127 76
128 76
129 75
129 71
133 67
134 67
134 66
136 64
136 62
139 59
140 59
141 58
141 57
142 56
142 55
144 53
144 52
145 51
145 50
146 49
146 48
147 47
148 47
149 46
149 40
145 40
144 39
140 39
137 42
137 44
136 45
132 45
131 46
131 49
130 50
129 49
126 49
125 48
125 43
124 42
122 42
121 41
120 41
119 40
114 40
113 39
108 39
107 40
105 40
104 41
104 43
103 44
102 44
102 49
103 50
103 52
104 53
105 53
106 54
104 56
102 56
99 53
99 50
94 50
90 54
89 54
88 55
87 54
84 54
83 53
83 52
84 51
85 51
86 52
89 52
90 51
90 48
91 47
92 47
94 45
94 41
91 38
91 35
90 34
89 34
87 32
87 28
86 27
83 27
81 25
81 24
79 22
