45 6
43 8
43 9
42 10
42 14
44 16
45 16
46 17
46 22
44 24
40 24
39 25
35 25
34 24
34 23
33 23
31 21
31 20
29 18
29 15
30 14
29 13
29 12
28 11
27 11
26 10
25 10
24 9
21 9
18 12
18 13
17 14
17 15
18 16
18 18
19 19
20 19
21 20
24 20
28 24
28 27
26 29
25 29
23 31
22 31
20 33
18 31
17 31
11 25
11 22
10 21
10 20
8 18
5 18
4 19
3 19
3 20
2 21
2 23
3 24
3 26
4 27
7 27
8 28
8 29
9 29
10 30
10 31
12 33
13 33
16 36
16 40
17 40
18 41
18 44
19 45
18 46
18 49
19 50
21 50
22 51
74 51
74 50
75 49
75 42
76 41
77 41
78 40
78 37
80 35
82 35
85 32
86 32
88 30
91 30
92 29
93 29
93 20
88 20
86 22
86 26
84 28
83 28
81 30
80 30
79 31
78 31
76 33
73 33
69 29
68 29
67 28
68 27
68 26
70 24
70 23
73 20
75 20
78 17
78 14
77 13
77 12
75 10
72 10
71 11
70 11
69 12
69 13
68 14
68 18
65 21
65 22
64 23
64 24
63 25
62 25
61 26
59 26
58 25
57 25
56 24
53 24
51 22
51 17
52 16
53 16
54 15
54 10
53 9
53 8
52 7
51 7
50 6
