148 50
147 51
136 51
135 52
124 52
123 53
113 53
112 54
106 54
105 55
99 55
98 56
92 56
91 57
85 57
84 58
78 58
77 59
76 59
75 60
74 60
72 62
71 62
70 63
69 63
68 64
67 64
66 65
65 65
64 66
63 66
61 68
61 69
60 70
60 73
61 74
61 95
62 96
62 112
63 113
63 128
64 129
64 145
65 146
65 161
66 162
66 178
67 179
67 195
68 196
68 213
69 214
69 232
70 233
70 251
71 252
71 270
72 271
72 289
73 290
73 292
74 293
74 294
75 295
75 296
76 297
76 298
77 299
77 300
78 301
78 302
79 303
79 304
81 306
81 307
84 310
84 311
89 316
90 316
91 317
92 317
93 318
94 318
95 319
96 319
97 320
98 320
99 321
100 321
101 322
102 322
103 323
104 323
105 324
106 324
107 325
108 325
110 327
111 327
112 328
113 328
114 329
115 329
116 330
120 330
121 331
125 331
126 332
129 332
130 333
134 333
135 334
139 334
140 335
152 335
153 334
160 334
161 333
168 333
169 332
176 332
177 331
184 331
185 330
192 330
193 329
194 329
195 328
197 328
198 327
199 327
200 326
201 326
202 325
204 325
205 324
206 324
207 323
208 323
209 322
211 322
212 321
213 321
214 320
216 320
217 319
218 319
219 318
220 318
221 317
222 317
223 316
224 316
228 312
229 312
235 306
235 305
236 304
236 293
237 292
237 285
238 284
238 277
239 276
239 270
240 269
240 260
241 259
241 257
240 256
240 254
243 251
245 251
246 252
247 252
249 254
250 254
251 255
266 255
267 254
273 254
274 253
280 253
281 252
282 252
283 251
284 251
285 250
286 250
287 249
288 249
289 248
290 248
294 244
294 243
296 241
296 240
298 238
298 237
301 234
301 233
303 231
303 230
304 229
304 228
305 227
305 225
306 224
306 221
307 220
307 218
308 217
308 214
309 213
309 210
310 209
310 207
311 206
311 203
312 202
312 199
313 198
313 196
314 195
314 185
315 184
315 175
316 174
316 164
317 163
317 140
316 139
316 137
315 136
315 134
314 133
314 131
313 130
313 129
312 128
312 126
311 125
311 123
310 122
310 120
309 119
309 118
308 117
308 115
307 114
307 113
306 112
306 111
305 110
305 109
302 106
302 105
299 102
298 102
297 101
295 101
294 100
292 100
291 99
289 99
288 98
286 98
285 97
284 97
283 96
281 96
280 95
278 95
277 94
270 94
269 95
268 95
267 96
266 96
265 97
264 97
263 98
262 98
261 99
260 99
259 100
258 100
257 101
256 101
255 102
254 102
253 103
252 103
249 100
249 67
248 66
248 65
246 63
245 63
244 62
243 62
242 61
241 61
240 60
238 60
237 59
236 59
235 58
234 58
233 57
228 57
227 56
222 56
221 55
216 55
215 54
210 54
209 53
204 53
203 52
191 52
190 51
176 51
175 50
