158 68
157 69
139 69
138 70
115 70
114 71
111 71
110 72
107 72
106 73
103 73
102 74
100 74
99 75
96 75
95 76
92 76
91 77
88 77
87 78
85 78
84 79
83 79
82 80
81 80
79 82
78 82
74 86
74 87
73 88
73 89
74 90
74 95
75 96
75 99
76 100
76 105
77 106
77 111
78 112
78 133
79 134
79 155
80 156
80 177
81 178
81 199
82 200
82 221
83 222
83 240
84 241
84 242
85 243
85 244
86 245
86 246
87 247
87 248
88 249
88 250
89 251
89 252
91 254
91 255
92 256
93 256
94 257
95 257
96 258
99 258
100 259
103 259
104 260
107 260
108 261
112 261
113 262
116 262
117 263
121 263
122 264
125 264
126 265
130 265
131 266
171 266
172 267
178 267
179 266
183 266
184 265
187 265
188 264
192 264
193 263
196 263
197 262
200 262
201 261
205 261
206 260
209 260
210 259
214 259
215 258
218 258
219 257
221 257
224 254
225 254
236 243
236 214
235 213
235 191
236 190
236 183
237 182
237 174
236 173
236 169
237 168
237 154
238 153
238 137
239 136
239 127
240 126
240 125
243 122
244 122
245 121
249 121
250 120
255 120
256 119
261 119
262 118
273 118
274 119
277 119
278 120
280 120
281 121
282 121
285 124
285 125
286 126
286 127
287 128
287 130
288 131
288 133
289 134
289 137
290 138
290 142
289 143
289 145
288 146
288 148
287 149
287 150
286 151
286 152
285 153
285 154
284 155
284 156
282 158
281 158
279 160
278 160
277 161
275 161
274 162
273 162
272 163
271 163
270 164
269 164
268 165
266 165
265 166
264 166
263 167
262 167
261 168
259 168
258 169
257 169
256 170
253 170
252 171
248 171
247 172
245 172
244 173
243 173
242 174
242 175
241 176
241 185
242 186
243 186
244 187
246 187
247 186
249 186
250 185
252 185
253 184
255 184
256 183
258 183
259 182
261 182
262 181
264 181
265 180
267 180
268 179
270 179
271 178
273 178
274 177
276 177
277 176
279 176
280 175
283 175
284 174
286 174
287 173
288 173
290 171
291 171
291 170
292 169
292 168
293 167
293 166
294 165
294 164
295 163
295 162
296 161
296 159
297 158
297 157
298 156
298 154
299 153
299 152
300 151
300 150
301 149
301 147
302 146
302 144
303 143
303 140
302 139
302 137
301 136
301 134
300 133
300 132
299 131
299 130
298 129
298 127
297 126
297 125
296 124
296 123
295 122
295 120
294 119
294 118
293 117
293 116
292 115
292 114
290 112
290 111
289 111
288 110
287 110
286 109
283 109
282 108
278 108
277 107
262 107
261 108
255 108
254 109
245 109
244 108
243 108
242 107
242 105
241 104
241 82
240 81
240 79
236 75
235 75
233 73
232 73
231 72
223 72
222 71
212 71
211 70
202 70
201 69
192 69
191 68
