226 1
226 5
228 7
229 7
241 19
241 20
242 21
243 21
244 22
245 22
246 23
246 24
247 25
248 25
249 26
250 26
252 28
254 28
255 29
256 29
257 30
258 30
259 31
258 32
246 32
245 31
244 31
243 30
239 30
238 31
237 31
236 30
230 30
229 29
223 29
222 28
220 28
219 27
216 27
215 26
213 26
212 25
211 25
210 24
209 24
208 23
206 23
205 22
204 22
203 21
202 21
200 19
199 19
198 18
197 18
195 16
194 16
193 15
192 15
189 12
188 12
187 11
186 11
184 9
183 9
181 7
180 7
179 6
178 6
175 3
173 3
172 2
169 2
168 3
168 6
170 8
171 8
174 11
175 11
177 13
178 13
180 15
180 16
181 16
182 17
183 17
190 24
191 24
192 25
192 26
193 26
197 30
198 30
201 33
202 33
203 34
204 34
205 35
206 35
208 37
209 37
211 39
213 39
214 40
216 40
217 41
217 42
219 42
220 43
226 43
228 45
229 45
230 46
233 46
234 45
237 45
238 46
240 46
241 47
246 47
247 48
248 48
249 49
250 49
251 50
253 50
255 52
259 52
260 53
260 54
261 54
262 55
262 56
265 56
267 58
267 59
269 61
270 61
271 62
272 62
273 63
275 63
276 64
276 65
277 65
278 66
280 66
281 67
283 67
285 69
285 70
286 71
290 71
291 72
292 72
293 73
298 73
299 74
299 75
300 76
305 76
306 75
313 75
314 76
315 76
316 77
320 77
321 78
326 78
328 80
331 80
332 81
332 82
335 82
336 83
336 84
337 84
339 86
340 86
342 88
342 89
343 89
345 91
346 91
347 92
347 93
348 94
350 94
353 97
353 98
354 99
356 99
358 101
359 101
360 102
363 102
365 104
367 104
368 105
370 105
372 107
378 107
379 108
386 108
387 109
393 109
394 110
396 110
397 111
401 111
402 112
409 112
410 113
413 113
414 112
415 113
416 113
417 114
418 114
420 116
421 116
423 118
423 119
422 120
421 120
421 121
420 122
420 123
419 124
418 124
418 125
417 126
417 127
416 128
416 129
415 130
415 132
414 133
413 133
413 134
412 135
412 138
411 139
411 141
410 142
410 145
409 146
409 152
408 153
408 157
407 158
407 165
406 166
406 170
405 171
405 176
404 177
404 182
403 183
403 186
402 187
402 191
401 192
401 196
400 197
400 200
399 201
399 202
398 203
398 204
397 205
397 206
396 207
396 208
395 209
395 210
393 212
393 213
392 214
392 216
389 219
389 221
388 222
387 222
387 223
383 227
383 228
382 229
381 229
379 231
378 231
377 232
376 232
375 233
374 233
373 234
370 234
369 235
366 235
365 234
361 234
360 233
357 233
356 232
353 232
352 231
350 231
349 230
348 230
347 229
345 229
344 228
342 228
340 226
338 226
336 224
333 224
332 223
329 223
328 222
323 222
322 221
296 221
295 220
269 220
268 221
264 221
263 222
256 222
255 221
249 221
248 220
238 220
237 219
232 219
231 218
218 218
217 217
179 217
178 218
168 218
167 219
166 219
165 220
160 220
159 221
156 221
155 222
154 222
153 223
126 223
125 224
121 224
120 225
115 225
114 226
109 226
108 227
107 227
106 228
101 228
100 229
96 229
95 230
91 230
90 231
86 231
85 232
79 232
78 233
73 233
72 234
64 234
63 235
59 235
58 236
56 236
55 237
53 237
52 238
50 238
49 239
48 239
47 240
46 240
45 241
44 241
43 242
42 242
41 243
40 243
39 244
38 244
37 245
36 245
34 247
33 247
32 248
31 248
24 255
24 256
23 257
22 257
22 258
21 259
21 260
20 261
20 262
19 263
19 264
18 265
18 267
17 268
17 270
16 271
16 276
15 277
15 282
14 283
14 289
13 290
13 291
11 293
11 294
10 295
10 296
8 298
8 300
6 302
6 305
4 307
4 308
3 309
3 314
2 315
2 317
1 318
1 321
2 322
2 330
3 331
3 333
4 333
5 334
5 339
8 339
8 337
9 336
10 336
10 335
12 333
12 331
16 327
17 327
19 325
19 324
21 322
21 320
23 318
23 316
24 315
24 313
25 312
25 310
26 309
26 304
27 303
27 279
28 278
28 276
29 275
29 272
31 270
31 269
32 268
33 268
33 267
34 266
35 266
35 265
36 264
37 264
39 262
40 262
41 261
42 261
43 260
44 260
45 259
47 259
48 258
51 258
52 259
55 259
57 261
57 265
56 266
56 271
55 272
55 278
54 279
54 286
55 287
55 293
56 294
56 297
57 298
57 303
58 304
58 307
59 308
59 312
60 313
60 315
61 316
61 319
62 320
62 323
63 324
63 327
64 328
64 331
65 332
65 334
66 335
66 337
67 338
67 342
68 343
68 345
69 346
69 348
70 349
70 353
72 355
72 357
73 358
73 360
74 361
74 362
75 363
75 365
76 366
76 371
77 372
77 374
76 375
76 380
75 381
75 383
73 385
73 386
70 389
70 390
65 395
65 396
64 397
63 397
59 401
58 401
54 405
53 405
51 407
50 407
48 409
47 409
46 410
45 410
44 411
43 411
41 413
39 413
38 414
38 415
37 416
37 418
36 419
36 426
37 427
37 436
38 437
38 442
39 443
39 450
40 451
40 452
39 453
39 456
40 457
40 470
41 471
41 479
42 480
42 503
43 504
43 508
42 509
42 512
43 513
43 520
42 521
42 536
41 537
41 539
40 540
40 543
41 544
41 546
46 546
48 544
49 544
54 549
54 550
55 551
55 552
56 553
56 554
57 555
57 557
58 558
58 565
59 565
60 566
62 566
63 567
84 567
86 565
86 559
80 553
80 552
79 552
78 551
78 550
76 548
75 548
73 546
72 546
71 545
71 544
70 544
68 542
68 541
65 538
65 537
64 536
64 535
62 533
62 532
61 531
61 530
60 529
60 527
59 526
59 524
58 523
58 517
57 516
57 508
56 507
56 475
57 474
57 468
58 467
58 464
59 463
59 458
60 457
60 454
61 453
61 451
62 450
62 449
63 448
63 447
64 446
64 445
65 444
65 443
67 441
67 440
69 438
69 437
71 435
71 434
72 433
73 433
73 432
74 431
75 431
77 429
77 428
78 427
79 427
81 425
82 425
82 424
83 423
84 423
89 418
90 418
95 413
96 413
96 412
97 411
98 411
106 403
107 403
109 405
109 406
108 407
108 410
109 411
108 412
108 415
107 416
107 419
106 420
106 421
105 422
105 425
104 426
104 427
103 428
103 430
102 431
102 435
101 436
101 439
102 440
102 444
104 446
104 447
106 449
106 450
109 453
109 454
110 455
110 456
111 457
111 458
112 459
112 460
114 462
114 463
115 464
115 465
117 467
117 468
118 469
118 470
120 472
120 473
121 474
121 475
123 477
123 478
124 479
124 480
126 482
126 483
127 484
127 485
128 486
128 487
129 488
129 489
131 491
131 492
132 493
132 494
133 495
133 496
134 497
134 498
136 500
136 502
138 504
138 506
140 508
140 510
142 512
142 513
143 514
143 515
145 517
145 518
146 519
146 522
147 523
147 530
148 531
148 536
149 537
149 540
151 540
152 541
152 543
153 544
153 545
154 546
157 546
157 545
158 544
158 543
159 542
161 544
162 544
163 545
164 545
167 548
167 553
169 555
169 556
170 556
171 557
173 557
174 558
178 558
179 559
182 559
183 558
192 558
193 557
197 557
199 555
199 551
197 549
196 549
195 548
195 547
194 547
192 545
192 544
186 538
185 538
184 537
182 537
181 536
179 536
178 535
178 534
177 534
175 532
175 531
167 523
167 522
166 522
165 521
165 520
162 517
162 516
161 516
160 515
160 514
157 511
157 510
155 508
155 507
152 504
152 503
151 502
151 501
149 499
149 498
147 496
147 495
146 494
146 492
144 490
144 488
143 487
143 485
142 484
142 483
141 482
141 480
140 479
140 477
139 476
139 475
138 474
138 472
137 471
137 470
136 469
136 466
135 465
135 462
134 461
134 442
135 441
135 436
136 435
136 432
137 431
137 428
138 427
138 426
140 424
140 422
141 421
141 419
142 418
142 416
144 414
144 412
146 410
146 408
147 407
147 406
148 405
148 404
149 403
149 401
150 400
150 397
151 396
151 393
152 392
152 390
153 389
153 386
154 385
154 380
155 379
155 377
156 376
156 373
158 371
162 371
163 372
166 372
167 373
172 373
173 374
175 374
176 375
177 375
178 376
180 376
181 377
182 377
183 378
184 378
185 379
186 379
187 380
189 380
190 381
190 382
193 382
194 383
198 383
199 382
201 382
202 381
202 377
203 376
223 376
224 375
231 375
232 374
238 374
239 373
242 373
243 372
244 372
245 371
249 371
250 370
254 370
255 369
257 369
258 368
263 368
264 369
264 371
263 372
263 376
262 377
262 381
261 382
261 387
260 388
260 392
259 393
259 399
258 400
258 405
257 406
257 409
256 410
256 415
255 416
255 420
254 421
254 424
253 425
253 432
252 433
252 442
251 443
251 448
250 449
250 453
249 454
249 462
248 463
248 466
247 467
247 470
246 471
246 472
245 473
245 478
244 479
244 480
243 481
243 484
242 485
242 488
241 489
241 493
240 494
240 497
239 498
239 501
238 502
238 505
237 506
237 507
236 508
236 510
235 511
235 512
234 513
234 515
232 517
232 518
231 519
231 520
230 521
230 522
229 523
228 523
228 525
227 526
227 528
226 529
226 536
225 537
225 540
226 541
229 541
229 540
230 539
234 543
234 544
235 545
235 559
236 559
237 560
239 560
240 561
241 561
242 562
244 562
245 563
254 563
255 562
262 562
263 561
265 561
265 556
264 556
263 555
263 554
262 554
261 553
261 551
259 549
259 545
257 543
257 542
256 541
256 540
255 539
255 538
254 537
254 536
252 534
252 532
251 531
251 528
250 527
250 508
251 507
251 499
252 498
252 494
253 493
253 490
254 489
254 487
255 486
255 482
256 481
256 479
257 478
257 477
258 476
258 473
260 471
260 469
261 468
261 467
262 466
262 465
263 464
263 461
264 460
267 463
272 463
272 460
271 459
271 458
272 457
272 455
273 454
273 446
274 445
274 443
275 442
275 440
276 439
276 437
277 436
277 433
278 432
278 430
279 429
279 428
280 427
280 425
281 424
281 421
282 420
282 419
283 418
283 416
284 415
284 412
286 410
286 407
287 406
287 405
288 404
288 403
290 401
290 398
291 397
291 396
292 395
292 394
293 393
293 392
294 391
294 390
295 389
295 388
296 387
296 386
297 385
297 384
298 383
298 381
299 380
304 380
305 381
305 385
306 386
306 394
307 395
307 398
308 399
308 402
309 403
309 408
310 409
310 413
311 414
311 415
312 416
312 421
313 422
313 424
314 425
314 428
315 429
315 433
316 434
316 436
317 437
317 442
318 443
318 446
319 447
319 451
320 452
320 453
321 454
321 458
322 459
322 461
323 462
323 463
324 464
324 467
325 468
325 475
326 476
326 481
327 482
327 487
328 488
328 493
329 494
329 499
330 500
330 506
331 507
331 517
332 518
332 530
333 531
333 535
334 536
334 541
333 542
333 545
334 546
334 548
335 549
338 549
339 548
340 548
341 547
342 548
342 549
344 551
344 554
345 555
345 560
346 561
346 563
347 563
348 564
354 564
355 565
368 565
369 564
372 564
373 563
374 563
374 560
373 559
373 558
372 557
372 556
371 555
371 554
370 554
369 553
369 552
366 549
366 548
365 548
363 546
363 545
362 545
361 544
361 543
355 537
355 536
353 534
353 533
352 532
352 531
351 530
351 529
350 528
350 527
349 526
349 525
348 524
348 520
347 519
347 517
346 516
346 514
345 513
345 510
344 509
344 505
343 504
343 500
342 499
342 494
341 493
341 488
340 487
340 480
339 479
339 475
340 474
341 474
345 470
345 467
344 466
344 464
343 463
343 462
341 460
341 456
340 455
340 454
341 453
341 450
340 449
340 448
341 447
341 433
340 432
340 421
339 420
339 412
340 411
340 400
341 399
341 378
343 376
344 376
346 374
347 374
347 373
348 372
349 372
351 370
352 370
353 369
354 369
354 368
355 367
356 367
359 364
360 364
360 363
363 360
364 360
364 358
365 357
366 357
366 356
367 355
368 355
370 353
370 352
373 349
373 348
374 347
374 346
375 345
376 345
378 343
378 342
379 341
380 341
382 339
383 339
384 338
385 338
386 337
387 337
387 336
388 335
390 335
390 334
391 333
393 333
394 332
395 332
396 331
397 331
398 330
399 330
400 329
401 329
402 328
403 328
404 327
405 327
406 326
407 326
408 325
409 325
409 324
410 323
411 323
416 318
417 318
418 317
418 316
419 315
420 315
420 314
421 313
422 313
422 312
428 306
428 305
429 304
430 304
433 301
433 300
434 299
434 298
435 297
435 296
436 295
437 295
437 294
438 293
438 292
439 291
439 290
440 289
440 288
441 287
441 286
442 285
442 284
443 283
443 282
445 280
445 279
446 278
446 276
447 275
447 273
448 272
449 272
449 270
450 269
451 269
451 268
452 267
452 266
453 265
453 264
454 263
454 261
455 260
455 258
457 256
457 254
458 253
458 251
459 250
459 248
460 247
460 244
461 243
461 239
462 238
462 234
463 233
463 228
464 227
464 222
465 221
465 218
466 217
466 212
467 211
467 210
468 209
468 208
469 207
469 205
470 204
470 203
472 201
476 201
478 199
481 199
482 198
483 198
484 197
486 197
487 196
488 196
489 195
490 195
491 194
492 194
493 193
496 193
496 192
497 191
499 191
500 190
502 190
503 189
504 189
506 187
507 187
508 186
510 186
511 185
512 185
513 184
514 184
515 183
517 183
518 184
531 184
532 183
534 183
537 180
538 180
540 178
540 177
541 176
541 175
542 174
542 172
543 171
543 159
542 158
542 157
541 156
541 155
538 152
537 152
535 150
534 150
531 147
530 147
529 146
528 146
527 145
526 145
525 144
524 144
523 143
517 143
516 142
515 142
514 141
513 141
512 140
511 140
509 138
507 138
506 137
505 137
504 136
503 136
502 135
501 135
500 134
498 134
497 133
496 133
495 132
494 132
493 131
492 131
491 130
490 130
488 128
488 127
487 127
484 124
483 124
481 122
480 122
479 121
478 121
477 120
475 120
474 119
473 119
472 118
469 118
468 117
467 117
458 108
457 108
456 107
456 104
457 103
457 100
458 99
458 96
459 95
459 89
460 88
460 85
459 84
459 78
458 77
458 73
457 72
457 71
456 70
456 69
454 67
451 67
451 69
450 70
450 71
449 72
449 73
448 74
448 76
446 78
446 80
444 82
444 83
442 85
441 84
441 82
440 81
440 76
439 75
439 70
438 69
438 68
437 67
434 67
434 68
433 69
433 72
432 73
432 74
431 75
431 77
430 78
430 79
429 80
429 81
428 82
428 83
427 84
427 85
426 86
425 85
423 85
422 84
420 84
419 83
418 83
417 82
410 82
409 81
405 81
404 80
398 80
397 79
395 79
394 78
391 78
390 77
389 77
387 75
386 75
385 74
385 73
383 71
382 71
381 70
381 69
378 66
377 66
375 64
374 64
368 58
368 57
367 56
366 56
365 55
363 55
362 54
360 54
358 52
358 51
356 51
355 50
353 50
352 49
351 49
350 48
349 48
348 47
347 47
345 45
342 45
341 44
332 44
331 43
324 43
323 44
318 44
317 43
315 43
314 42
310 42
309 41
309 40
308 39
306 39
302 35
301 35
300 34
299 34
298 33
298 32
297 32
295 30
294 30
293 29
292 29
291 28
289 28
287 26
286 26
285 25
282 25
281 24
277 24
276 23
273 23
272 22
268 22
267 21
262 21
260 19
258 19
257 18
256 18
253 15
252 15
251 14
249 14
248 13
248 12
247 12
244 9
243 9
241 7
240 7
239 6
238 6
236 4
235 4
234 3
233 3
232 2
231 2
230 1
