280 89
280 90
279 91
279 93
278 94
278 95
277 96
277 97
276 98
276 99
275 100
275 101
274 102
274 104
273 105
273 106
272 107
272 108
271 109
271 111
270 112
270 113
269 114
269 115
268 116
268 117
267 118
267 119
266 120
266 121
265 122
265 124
264 125
264 126
263 127
263 128
262 129
262 130
261 131
261 132
260 133
260 135
259 136
259 137
258 138
258 139
257 140
257 141
256 142
256 143
255 144
255 145
254 146
254 148
253 149
253 150
252 151
252 152
251 153
251 154
250 155
250 156
249 157
249 158
248 159
248 160
247 161
247 162
246 163
246 164
245 165
245 166
244 167
244 168
243 169
243 170
242 171
242 172
241 173
241 174
240 175
240 177
239 178
239 179
237 181
237 182
236 183
236 184
235 185
235 187
233 189
233 190
232 191
232 192
231 193
231 194
230 195
230 196
229 197
229 198
228 199
228 200
227 201
227 202
226 203
226 204
224 206
224 207
223 208
223 210
221 212
221 213
220 214
220 215
219 216
219 217
218 218
218 219
216 221
216 222
215 223
215 224
214 225
214 226
213 227
213 228
212 229
212 230
210 232
210 233
209 234
209 235
208 236
208 237
206 239
206 240
205 241
205 242
204 243
204 244
202 246
202 247
201 248
201 249
199 251
199 252
198 253
198 254
197 255
197 256
195 258
195 259
194 260
194 261
192 263
192 264
191 265
191 266
190 267
190 268
189 269
189 270
343 270
344 271
344 287
343 288
342 287
341 288
340 287
339 288
338 287
337 288
336 287
335 288
334 287
302 287
301 286
300 287
299 286
298 287
297 286
296 287
295 286
294 287
293 286
253 286
252 285
251 286
250 286
249 285
248 286
247 286
246 285
245 286
244 286
243 285
242 286
241 285
240 286
239 285
238 286
237 285
236 286
235 285
234 286
233 285
190 285
189 284
188 285
187 284
186 285
185 284
184 285
183 284
182 285
181 284
180 285
179 285
178 286
178 287
177 288
177 289
175 291
175 292
173 294
173 295
171 297
171 298
170 299
170 300
168 302
168 303
166 305
166 306
164 308
164 309
162 311
162 312
160 314
160 315
158 317
158 318
156 320
156 321
155 322
154 321
155 322
154 323
154 324
152 326
152 327
150 329
150 330
148 332
148 333
146 335
146 336
144 338
144 339
142 341
142 342
139 345
139 346
137 348
137 349
135 351
135 352
132 355
132 356
130 358
130 359
127 362
127 363
126 364
126 365
123 368
123 369
121 371
121 372
118 375
118 376
115 379
115 380
114 381
114 382
111 385
111 386
109 388
109 389
106 392
106 393
104 395
104 396
102 398
102 399
99 402
99 403
98 404
98 405
95 408
95 409
93 411
93 412
91 414
91 415
89 417
89 418
88 419
87 418
88 419
87 420
87 421
86 422
86 423
83 426
83 427
82 428
82 429
80 431
80 432
78 434
78 435
76 437
76 438
75 439
75 440
73 442
73 443
71 445
71 446
70 447
70 448
68 450
68 451
67 452
67 453
66 454
66 455
65 456
65 457
64 458
64 459
85 459
86 458
87 459
88 459
89 458
102 458
103 457
104 458
105 457
114 457
115 456
124 456
125 455
133 455
134 454
141 454
142 453
143 454
144 453
150 453
151 452
158 452
159 451
160 452
161 451
166 451
167 450
168 451
169 450
175 450
176 449
183 449
184 448
185 449
186 448
193 448
194 447
202 447
203 446
204 447
205 446
213 446
214 445
215 446
216 445
225 445
226 444
227 445
228 444
240 444
241 443
242 444
243 444
244 443
245 444
246 443
270 443
271 442
272 443
275 443
276 442
277 443
280 443
281 442
282 443
285 443
286 442
287 443
312 443
313 444
314 443
315 444
316 444
317 443
318 444
329 444
330 445
331 444
332 445
342 445
343 446
344 445
345 446
353 446
354 447
355 446
356 447
363 447
364 448
365 447
366 448
372 448
373 449
374 448
375 449
381 449
382 450
389 450
390 451
391 450
392 451
398 451
399 452
406 452
407 453
415 453
416 454
423 454
424 455
432 455
433 456
442 456
443 457
453 457
454 458
455 457
456 458
468 458
469 459
470 458
471 459
497 459
497 457
495 455
495 454
494 453
494 452
493 451
493 450
492 449
492 448
490 446
490 445
488 443
488 442
487 441
487 440
485 438
485 437
484 436
484 435
482 433
482 432
480 430
480 429
478 427
478 426
477 425
477 424
474 421
474 420
473 419
473 418
471 416
471 415
469 413
469 412
466 409
466 408
464 406
464 405
462 403
462 402
460 400
460 399
458 397
458 396
455 393
455 392
453 390
453 389
452 388
451 388
450 387
443 387
442 386
441 387
440 386
434 386
433 385
432 386
431 385
424 385
423 384
422 385
421 384
416 384
415 383
414 384
413 383
412 384
411 383
405 383
404 382
403 383
402 382
396 382
395 381
394 382
393 381
392 382
391 381
384 381
383 380
382 381
381 380
372 380
371 379
370 380
369 379
360 379
359 378
358 379
357 378
356 379
353 379
352 378
351 379
350 378
337 378
336 377
335 378
334 377
333 378
332 377
314 377
313 376
312 377
311 377
310 376
309 377
308 376
307 377
306 376
261 376
260 377
259 376
258 376
257 377
256 376
255 377
254 376
253 377
252 376
251 377
229 377
228 378
227 377
226 378
211 378
210 379
209 378
208 379
198 379
197 378
197 372
198 371
197 370
198 369
198 364
199 363
212 363
213 362
214 363
215 362
216 363
217 362
239 362
240 361
241 362
242 362
243 361
244 362
245 361
295 361
296 362
297 361
298 362
300 362
301 361
302 362
323 362
324 363
325 362
326 362
327 363
328 362
329 363
342 363
343 364
344 363
345 364
346 363
347 364
360 364
361 365
362 364
363 365
373 365
374 366
375 365
376 366
386 366
387 367
388 366
389 367
398 367
399 368
407 368
408 369
409 368
410 369
418 369
419 370
420 369
421 370
428 370
429 371
430 370
431 371
440 371
439 370
439 369
436 366
436 365
434 363
434 362
431 359
431 358
429 356
429 355
426 352
426 351
424 349
424 348
422 346
422 345
419 342
419 341
418 340
418 339
415 336
415 335
413 333
413 332
411 330
411 329
409 327
409 326
407 324
407 323
404 320
404 319
402 317
402 316
400 314
400 313
399 312
399 311
396 308
396 307
395 306
395 305
393 303
393 302
391 300
391 299
389 297
389 296
387 294
387 293
385 291
385 290
384 289
384 288
382 286
382 285
380 283
380 282
378 280
378 279
377 278
377 277
375 275
375 274
374 273
374 272
372 270
372 269
371 268
371 267
369 265
369 264
367 262
367 261
366 260
366 259
365 258
365 257
363 255
363 254
362 253
362 252
360 250
360 249
359 248
359 247
357 245
357 244
356 243
356 242
355 241
355 240
354 239
354 238
352 236
352 235
351 234
351 233
349 231
349 229
347 227
347 226
346 225
346 224
344 222
344 220
342 218
342 217
341 216
341 215
340 214
340 213
338 211
332 211
331 212
330 211
328 211
327 212
326 211
325 212
324 211
323 212
322 212
321 211
320 212
266 212
265 211
265 199
266 198
323 198
324 197
325 198
326 198
327 197
328 198
329 197
330 198
331 197
331 196
330 195
330 194
329 193
329 192
328 191
328 190
327 189
327 188
326 187
326 186
325 185
325 184
324 183
324 182
323 181
323 180
322 179
322 178
321 177
321 176
320 175
320 174
319 173
319 172
318 171
318 170
317 169
317 168
316 167
316 166
315 165
315 164
314 163
314 162
313 161
313 160
312 159
312 158
311 157
311 156
310 155
310 154
309 153
309 151
308 150
308 149
307 148
307 147
306 146
306 145
305 144
305 143
304 142
304 140
302 138
302 137
301 136
301 134
300 133
300 132
299 131
299 130
298 129
298 127
296 125
296 123
295 122
295 121
294 120
294 119
293 118
293 116
292 115
292 114
291 113
291 112
290 111
290 110
289 109
289 108
288 107
288 105
287 104
287 103
286 102
286 101
285 100
285 98
284 97
284 96
283 95
283 94
282 93
282 92
281 91
281 90
