257 38
256 39
238 39
237 40
225 40
224 41
220 41
220 43
221 44
220 45
221 46
221 50
222 51
222 54
223 55
223 59
224 60
223 61
224 62
224 64
225 65
224 66
225 67
225 70
226 71
225 72
226 73
226 75
227 76
226 77
227 78
227 80
228 81
227 82
228 83
228 85
229 86
228 87
229 88
229 90
230 91
229 92
230 93
230 94
231 95
230 96
231 97
231 100
232 101
231 102
232 103
232 104
233 105
232 106
233 107
233 109
234 110
233 111
234 112
234 115
235 116
235 120
236 121
236 125
237 126
237 130
238 131
238 134
239 135
238 136
239 137
239 139
240 140
240 145
241 146
241 149
242 150
241 151
242 152
242 153
243 154
242 155
243 156
243 158
244 159
244 164
245 165
245 169
246 170
246 173
247 174
247 178
248 179
248 183
249 184
248 185
250 187
249 188
250 189
249 190
251 192
250 193
251 194
251 197
252 198
251 199
252 200
252 201
253 202
252 203
253 204
253 207
252 208
251 208
250 209
247 209
246 210
245 209
245 210
244 211
243 210
242 211
240 211
239 212
237 212
235 214
234 214
233 215
231 215
231 216
230 217
228 217
228 218
227 219
226 218
226 219
225 220
224 220
223 221
222 221
217 226
216 226
216 227
209 234
209 235
206 238
206 239
204 241
204 242
203 243
203 244
201 246
201 247
200 248
200 250
199 251
199 253
197 255
197 256
196 257
195 257
193 255
192 256
191 255
190 256
189 255
189 254
188 255
187 254
185 254
184 253
183 254
181 252
180 253
179 252
177 252
176 251
172 251
171 250
168 250
167 249
165 249
164 248
161 248
160 247
156 247
155 246
154 246
153 245
152 246
151 245
149 245
148 244
145 244
144 243
140 243
139 242
138 242
137 241
136 242
134 240
133 241
132 240
129 240
128 239
125 239
124 238
121 238
120 237
119 238
118 237
118 236
117 237
116 236
113 236
112 235
109 235
108 234
105 234
104 233
101 233
100 232
97 232
96 231
95 232
94 231
94 230
93 231
92 230
90 230
89 229
88 230
86 228
85 229
84 228
82 228
81 227
77 227
76 226
74 226
73 225
69 225
68 224
66 224
65 223
64 224
62 222
61 223
60 222
57 222
56 221
52 221
51 220
49 220
48 219
45 219
44 218
44 219
43 220
43 229
42 230
42 243
41 244
42 245
41 246
41 272
40 273
41 274
41 278
40 279
41 280
41 283
40 284
41 285
41 287
40 288
41 289
41 312
42 313
41 314
42 315
42 327
43 328
42 329
43 330
43 337
44 338
46 338
47 337
50 337
51 336
53 336
54 335
57 335
58 334
60 334
61 333
64 333
65 332
67 332
68 331
71 331
72 330
75 330
76 329
78 329
79 328
82 328
83 327
86 327
87 326
89 326
90 325
93 325
94 324
96 324
97 323
98 324
100 322
101 323
102 322
103 322
104 321
107 321
108 320
111 320
112 319
114 319
115 318
116 319
118 317
119 318
120 317
121 317
122 316
125 316
126 315
129 315
130 314
132 314
133 313
136 313
137 312
140 312
141 311
143 311
144 310
145 311
147 309
148 310
149 309
150 309
151 308
154 308
155 307
156 308
158 306
159 307
160 306
161 306
162 305
165 305
166 304
169 304
170 303
172 303
173 302
176 302
177 301
180 301
181 300
183 300
184 299
187 299
188 298
191 298
192 297
195 297
197 299
197 303
199 305
198 306
200 308
200 310
201 311
201 312
203 314
203 316
205 318
205 319
208 322
208 323
211 326
211 327
214 330
215 330
216 331
216 332
217 332
218 333
218 334
219 334
222 337
223 337
226 340
227 340
229 342
230 342
231 343
232 343
233 344
234 344
236 346
238 346
239 347
240 347
241 348
243 348
244 349
246 349
247 350
250 350
252 352
252 353
251 354
251 359
250 360
250 362
249 363
250 364
249 365
249 367
248 368
248 373
247 374
247 376
246 377
247 378
246 379
246 381
245 382
245 387
244 388
245 389
244 390
244 392
243 393
244 394
242 396
243 397
242 398
242 401
241 402
241 408
240 409
240 412
239 413
240 414
239 415
239 416
238 417
239 418
238 419
238 421
237 422
238 423
237 424
237 427
236 428
236 433
235 434
235 438
234 439
234 441
233 442
234 443
233 444
233 447
232 448
232 452
231 453
231 457
230 458
230 462
229 463
230 464
229 465
229 467
228 468
229 469
228 470
228 473
227 474
227 478
226 479
226 483
225 484
225 488
224 489
225 490
224 491
224 493
223 494
224 495
223 496
223 498
222 499
223 500
222 501
222 505
221 506
221 510
220 511
220 516
222 516
223 517
224 517
225 516
226 517
234 517
235 518
250 518
251 519
252 518
253 519
304 519
305 518
306 519
307 518
321 518
322 517
323 518
324 517
334 517
335 516
337 516
337 515
336 514
336 511
335 510
335 509
334 508
335 507
333 505
334 504
333 503
333 501
332 500
332 498
331 497
331 494
330 493
330 491
329 490
329 487
328 486
328 485
327 484
328 483
326 481
327 480
326 479
326 477
325 476
325 474
324 473
324 470
323 469
323 467
322 466
322 463
321 462
321 461
320 460
321 459
320 458
320 456
319 455
319 453
318 452
318 449
317 448
317 445
316 444
316 443
315 442
316 441
314 439
315 438
314 437
314 435
313 434
313 432
312 431
312 427
310 425
311 424
310 423
310 421
309 420
309 418
308 417
308 413
306 411
307 410
306 409
306 407
305 406
305 403
304 402
304 399
303 398
303 397
302 396
302 392
301 391
301 390
300 389
301 388
300 387
300 386
299 385
299 382
298 381
298 378
297 377
297 375
296 374
296 371
295 370
295 369
294 368
295 367
294 366
294 364
293 363
293 360
292 359
292 358
291 357
292 356
291 355
291 354
290 353
290 349
291 348
292 348
293 347
294 347
295 346
296 346
297 345
298 345
299 344
300 344
301 343
302 343
304 341
305 341
307 339
308 339
312 335
313 335
323 325
323 324
326 321
326 320
328 318
328 317
329 316
329 315
330 314
330 313
332 311
332 309
333 308
333 307
334 306
334 305
335 304
335 301
336 300
336 298
337 297
337 295
338 294
339 294
340 295
341 294
342 295
344 295
345 296
348 296
349 297
351 297
352 298
353 297
354 298
356 298
357 299
360 299
361 300
363 300
364 301
365 300
366 301
368 301
369 302
371 302
372 303
373 302
375 304
376 303
377 304
379 304
380 305
381 304
382 305
383 305
384 306
385 305
387 307
388 306
389 307
391 307
392 308
395 308
396 309
399 309
400 310
403 310
404 311
407 311
408 312
411 312
412 313
414 313
415 314
416 313
417 314
418 314
419 315
420 314
421 315
423 315
424 316
426 316
427 317
428 316
430 318
431 317
432 318
434 318
435 319
438 319
439 320
442 320
443 321
446 321
447 322
448 321
450 323
451 322
452 323
454 323
455 324
458 324
459 325
462 325
463 326
466 326
467 327
470 327
471 328
474 328
475 329
478 329
479 330
481 330
482 331
483 330
485 332
486 331
487 332
489 332
490 333
491 332
492 333
493 333
494 334
495 333
496 334
497 334
498 335
501 335
502 336
505 336
506 337
509 337
510 338
514 338
514 330
515 329
515 317
516 316
515 315
516 314
516 295
517 294
516 293
516 292
517 291
516 290
517 289
516 288
517 287
516 286
517 285
516 284
517 283
516 282
517 281
516 280
517 279
516 278
517 277
516 276
517 275
516 274
517 273
516 272
517 271
516 270
517 269
516 268
517 267
516 266
516 265
517 264
516 263
516 242
515 241
515 228
514 227
514 219
513 218
512 218
511 219
508 219
507 220
506 219
505 220
503 220
502 221
501 220
500 221
497 221
496 222
493 222
492 223
489 223
488 224
485 224
484 225
481 225
480 226
476 226
475 227
472 227
471 228
467 228
466 229
462 229
461 230
458 230
457 231
453 231
452 232
450 232
449 233
448 232
448 233
447 234
446 233
445 234
444 233
443 234
442 234
441 235
437 235
436 236
432 236
431 237
429 237
428 238
427 237
426 238
425 238
424 239
423 238
422 239
420 239
419 240
415 240
414 241
410 241
409 242
407 242
406 243
405 242
404 243
403 243
402 244
399 244
398 245
397 244
396 245
394 245
393 246
392 245
390 247
389 246
388 247
385 247
384 248
380 248
379 249
377 249
376 250
375 249
374 250
373 250
372 251
367 251
366 252
365 252
364 253
363 252
362 253
360 253
359 254
355 254
354 255
352 255
351 256
350 255
349 256
347 256
346 257
342 257
341 258
338 258
337 259
335 257
335 255
334 254
334 252
332 250
332 248
331 247
331 246
330 245
330 244
328 242
328 241
326 239
326 238
323 235
323 234
316 227
316 226
315 226
311 222
310 222
309 221
309 220
307 220
306 219
306 218
305 218
304 217
303 217
301 215
300 215
299 214
297 214
295 212
293 212
292 211
290 211
288 209
288 207
289 206
289 203
290 202
290 199
291 198
291 196
292 195
292 193
293 192
293 189
294 188
294 186
295 185
295 182
296 181
296 178
297 177
297 175
298 174
298 172
299 171
299 168
300 167
300 165
301 164
301 161
302 160
302 158
303 157
303 154
304 153
304 151
305 150
305 147
306 146
306 144
307 143
307 141
308 140
308 137
309 136
309 134
310 133
310 130
311 129
311 127
312 126
312 124
313 123
313 120
314 119
314 116
315 115
315 113
316 112
316 110
317 109
317 106
318 105
318 103
319 102
319 101
320 100
319 99
320 98
320 96
321 95
321 93
322 92
322 90
323 89
323 86
324 85
324 83
325 82
325 79
326 78
326 77
327 76
326 75
328 73
327 72
329 70
328 69
329 68
329 66
330 65
330 64
331 63
330 62
332 60
331 59
332 58
332 56
333 55
333 53
334 52
334 49
335 48
335 46
336 45
336 43
337 42
337 41
333 41
332 40
320 40
319 39
301 39
300 38
299 39
298 38
259 38
258 39
