246 85
246 86
247 87
247 90
248 91
248 94
249 95
249 98
250 99
250 102
251 103
251 106
252 107
252 110
253 111
253 114
254 115
254 118
255 119
255 122
256 123
256 126
257 127
257 131
258 132
258 135
259 136
259 141
260 142
260 147
261 148
261 153
262 154
262 161
263 162
262 163
263 164
263 176
264 177
263 178
263 182
264 183
263 184
263 193
262 194
263 195
262 196
262 201
261 202
261 207
260 208
260 211
259 212
259 214
258 215
258 218
257 219
257 221
256 222
255 222
254 221
252 221
251 220
249 220
248 219
245 219
244 218
241 218
240 217
237 217
236 216
234 216
233 215
232 216
231 215
229 215
228 214
227 215
226 214
221 214
220 213
213 213
212 212
211 213
210 212
200 212
199 211
198 212
197 212
196 211
195 212
194 211
193 212
192 211
191 212
190 211
189 212
188 211
187 212
186 211
185 212
184 212
183 211
182 212
169 212
168 213
167 212
166 213
158 213
157 214
150 214
149 215
143 215
142 216
137 216
136 217
131 217
130 218
126 218
125 219
121 219
120 220
116 220
115 221
111 221
110 222
108 222
107 223
106 222
105 223
102 223
101 224
97 224
96 225
94 225
93 226
92 225
91 226
89 226
88 227
87 227
87 233
86 234
87 235
86 236
87 237
86 238
86 249
85 250
86 251
85 252
85 263
84 264
85 265
84 266
84 277
83 278
84 279
83 280
83 292
82 293
83 294
82 295
82 309
81 310
82 311
81 312
82 313
81 314
81 329
84 329
85 328
88 328
89 327
92 327
93 326
96 326
97 325
100 325
101 324
104 324
105 323
108 323
109 322
112 322
113 321
116 321
117 320
120 320
121 319
125 319
126 318
129 318
130 317
131 318
132 317
134 317
135 316
136 317
137 316
139 316
140 315
141 316
142 315
145 315
146 314
147 315
148 314
152 314
153 313
154 314
155 313
160 313
161 312
162 313
163 313
164 312
165 313
166 312
167 312
168 313
169 312
184 312
185 313
186 312
187 313
188 312
189 313
195 313
196 314
197 313
198 314
201 314
202 315
206 315
207 316
210 316
211 317
211 322
210 323
210 327
209 328
209 332
208 333
209 334
208 335
208 339
207 340
208 341
207 342
207 349
206 350
207 351
206 352
207 353
206 354
206 382
207 383
206 384
207 385
207 396
208 397
208 404
209 405
208 406
209 407
209 412
210 413
210 419
211 420
211 425
212 426
212 431
213 432
213 436
214 437
214 442
215 443
215 446
216 447
215 448
216 449
216 451
217 452
217 456
218 457
218 461
219 462
219 465
220 466
220 470
221 471
221 475
222 476
222 479
223 480
223 484
224 485
224 489
225 490
235 490
236 491
237 490
238 491
239 490
240 491
241 490
242 491
261 491
262 492
263 491
264 492
265 491
266 492
284 492
285 493
286 492
287 493
288 492
289 493
311 493
312 494
313 493
314 494
315 493
316 494
317 493
318 494
319 494
320 493
321 494
323 494
324 493
324 490
323 489
323 486
322 485
322 482
321 481
321 478
320 477
320 474
319 473
319 470
318 469
318 467
317 466
317 463
316 462
316 459
315 458
315 455
314 454
314 451
313 450
313 447
312 446
312 443
311 442
311 439
310 438
310 434
309 433
309 430
308 429
308 425
307 424
307 420
306 419
306 415
305 414
305 408
304 407
304 401
303 400
303 392
302 391
303 390
303 389
302 388
303 387
302 386
302 372
303 371
302 370
303 369
303 361
304 360
304 358
305 357
308 357
309 358
312 358
313 359
316 359
317 360
321 360
322 361
326 361
327 362
332 362
333 363
334 362
335 363
340 363
341 364
342 363
343 364
352 364
353 365
354 364
355 365
356 364
357 365
358 365
359 364
360 365
361 365
362 364
363 365
374 365
375 364
376 365
377 365
378 364
379 365
380 365
381 364
382 365
383 364
393 364
394 363
395 364
396 364
397 363
404 363
405 362
406 363
407 362
412 362
413 361
414 362
415 361
420 361
421 360
422 361
423 360
426 360
427 359
428 360
429 359
432 359
433 358
434 359
435 358
438 358
439 357
440 358
441 357
443 357
444 356
445 357
446 356
449 356
450 355
454 355
455 354
456 355
457 354
459 354
460 353
461 354
462 353
465 353
466 352
469 352
470 351
471 352
472 351
474 351
475 350
476 351
477 350
477 349
478 348
478 347
477 346
478 345
478 343
477 342
478 341
478 329
479 328
478 327
478 326
479 325
478 324
479 323
478 322
479 321
479 320
478 319
479 318
479 308
480 307
479 306
480 305
479 304
480 303
480 302
479 301
480 300
480 290
481 289
480 288
481 287
481 286
480 285
481 284
481 273
482 272
481 271
482 270
481 269
482 268
482 267
481 266
482 265
482 253
483 252
482 251
482 250
481 251
478 251
477 252
474 252
473 253
470 253
469 254
468 254
467 255
466 254
465 255
463 255
462 256
459 256
458 257
455 257
454 258
451 258
450 259
449 259
448 260
447 259
446 260
443 260
442 261
441 261
440 262
439 261
438 262
435 262
434 263
431 263
430 264
428 264
427 265
426 264
425 265
423 265
422 266
421 265
420 266
416 266
415 267
412 267
411 268
410 267
409 268
406 268
405 269
404 268
403 269
397 269
396 270
395 269
394 270
384 270
383 271
382 270
381 271
380 270
379 271
378 270
377 271
376 270
375 271
374 270
373 271
372 270
371 271
370 270
369 270
368 271
367 270
360 270
359 269
358 270
357 269
352 269
351 268
348 268
347 267
346 268
345 267
345 264
346 263
346 261
347 260
347 258
348 257
348 255
349 254
349 252
350 251
350 248
351 247
351 244
352 243
352 240
353 239
353 235
354 234
354 230
355 229
355 223
356 222
356 214
357 213
357 201
358 200
357 199
358 198
358 196
357 195
358 194
358 185
357 184
358 183
358 182
357 181
358 180
357 179
357 165
356 164
356 155
355 154
355 147
354 146
354 140
353 139
353 133
352 132
352 127
351 126
351 122
350 121
350 116
349 115
349 111
348 110
348 106
347 105
347 101
346 100
346 96
345 95
345 92
341 92
340 91
339 92
338 91
337 92
336 91
323 91
322 90
321 91
320 90
309 90
308 89
307 90
306 89
296 89
295 88
294 89
293 88
283 88
282 87
281 88
280 87
269 87
268 86
267 87
266 86
252 86
251 85
250 86
249 85
