293 92
291 94
290 94
285 99
284 99
281 102
280 102
277 105
276 105
273 108
272 108
270 110
269 110
267 112
266 112
264 114
263 114
261 116
260 116
258 118
257 118
256 119
255 119
253 121
252 121
251 122
250 122
248 124
247 124
246 125
245 125
243 127
242 127
241 128
240 128
239 129
238 129
237 130
236 130
235 131
234 131
232 133
231 133
230 134
229 134
228 135
227 135
226 136
225 136
224 137
223 137
222 138
221 138
220 139
219 139
218 140
217 140
216 141
215 141
214 142
213 142
212 143
211 143
209 145
207 145
205 147
204 147
203 148
202 148
201 149
200 149
199 150
198 150
197 151
196 151
195 152
194 152
193 153
192 153
191 154
190 154
189 155
188 155
186 157
185 157
184 158
183 158
182 159
181 159
180 160
179 160
178 161
177 161
176 162
175 162
173 164
172 164
171 165
170 165
169 166
168 166
167 167
166 167
164 169
163 169
162 170
161 170
159 172
158 172
157 173
156 173
154 175
153 175
152 176
151 176
149 178
148 178
146 180
145 180
144 181
143 181
141 183
140 183
138 185
137 185
135 187
134 187
132 189
131 189
128 192
127 192
125 194
124 194
122 196
121 196
118 199
117 199
114 202
117 202
118 203
119 202
120 203
125 203
126 204
132 204
133 205
134 204
135 205
138 205
139 206
140 205
141 206
142 206
143 205
144 205
146 203
147 203
149 201
150 201
152 199
153 199
154 198
155 198
157 196
158 196
160 194
161 194
162 193
163 193
165 191
166 191
167 190
168 190
169 189
170 189
172 187
173 187
174 186
175 186
176 185
177 185
178 184
179 184
181 182
182 182
183 181
184 181
185 180
186 180
187 179
188 179
189 178
190 178
191 177
192 177
193 176
194 176
195 175
196 175
197 174
198 174
199 173
200 173
201 172
202 172
203 171
204 171
205 170
207 170
208 169
209 169
210 168
211 168
212 167
213 167
214 166
215 166
216 165
217 165
218 164
220 164
221 163
222 163
223 162
224 162
225 161
226 161
227 160
229 160
230 159
231 159
232 158
233 158
234 157
235 157
236 156
237 156
238 155
239 155
240 154
242 154
243 153
244 153
245 152
246 152
247 151
248 151
249 150
250 150
251 149
252 149
253 148
254 148
255 147
256 147
257 146
258 146
259 145
260 145
261 144
262 144
264 142
265 142
266 141
267 141
268 140
269 140
270 139
271 139
273 137
274 137
275 136
276 136
278 134
279 134
281 132
282 132
284 130
285 130
287 128
288 128
289 129
289 130
290 131
290 135
291 136
291 140
292 141
292 145
293 146
293 152
294 153
294 158
295 159
295 167
296 168
295 169
296 170
296 185
297 186
296 187
296 203
295 204
295 211
294 212
294 216
293 217
293 221
292 222
292 225
291 226
291 228
290 229
290 231
289 232
289 234
288 235
288 237
287 238
287 239
286 240
286 241
285 242
285 243
284 244
284 246
282 248
282 249
281 250
281 251
279 253
279 254
278 255
278 256
275 259
275 260
271 264
261 254
260 254
257 251
256 251
254 249
253 249
250 246
249 246
247 244
246 244
245 243
244 243
243 242
242 242
241 241
240 241
238 239
236 239
234 237
232 237
231 236
230 236
229 235
227 235
226 234
225 234
224 233
222 233
221 232
219 232
218 231
216 231
215 230
212 230
211 229
209 229
208 228
206 228
205 227
202 227
201 226
197 226
196 225
193 225
192 224
191 225
190 224
187 224
186 223
185 224
184 223
177 223
176 222
172 222
171 221
170 222
169 222
168 221
167 222
166 221
156 221
155 220
154 221
152 221
151 220
150 221
149 220
148 221
147 220
146 221
145 220
127 220
126 221
125 220
122 220
121 221
120 220
119 220
118 221
117 221
116 220
115 221
114 220
113 221
112 221
111 220
110 221
92 221
91 222
90 221
89 222
88 222
88 223
89 224
89 226
90 227
90 229
91 230
91 233
92 234
92 236
93 237
93 240
94 241
93 242
94 243
94 244
95 245
95 248
96 249
96 252
97 253
96 254
97 255
97 257
98 258
98 261
99 262
99 267
100 268
100 271
101 272
101 277
102 278
102 281
103 282
102 283
103 284
103 287
104 288
104 293
105 294
105 298
106 299
105 300
106 301
106 305
107 306
107 311
108 312
108 316
109 317
109 323
110 324
110 328
111 329
111 334
112 335
112 339
113 340
113 345
114 346
114 350
115 351
115 354
116 355
116 360
117 361
117 365
118 366
118 369
119 370
119 373
120 374
120 377
121 378
121 381
122 382
122 385
123 386
123 389
124 390
124 393
125 394
125 397
126 398
126 401
127 402
127 405
128 406
128 409
129 410
129 412
130 413
130 415
131 416
131 418
132 419
132 422
133 423
133 425
134 426
134 428
135 429
135 432
136 433
136 435
137 436
137 437
138 438
138 441
139 442
139 444
140 445
141 444
141 443
142 442
142 441
144 439
144 438
145 437
145 436
146 435
146 434
147 433
147 432
148 431
148 430
149 429
149 428
150 427
150 426
152 424
152 422
154 420
154 419
155 418
155 417
156 416
156 415
157 414
157 413
156 412
156 409
155 408
155 406
154 405
154 402
153 401
153 399
152 398
152 395
151 394
151 391
150 390
150 388
149 387
149 384
148 383
148 380
147 379
147 376
146 375
146 372
145 371
145 368
144 367
144 363
143 362
143 358
142 357
142 353
141 352
141 348
140 347
141 346
140 345
140 342
139 341
139 335
138 334
138 330
137 329
138 328
137 327
137 323
136 322
137 321
136 320
136 314
135 313
135 307
134 306
134 299
133 298
134 297
133 296
133 293
132 292
133 291
133 290
132 289
132 283
131 282
131 276
130 275
131 274
130 273
130 268
129 267
129 262
128 261
128 256
127 255
127 252
126 251
127 250
126 249
126 247
125 246
126 245
125 244
125 243
127 241
128 241
129 242
130 241
131 242
132 241
134 241
135 242
136 241
139 241
140 242
141 241
143 241
144 242
145 241
146 242
147 241
148 242
149 241
150 242
151 242
152 241
153 242
164 242
165 243
166 243
167 242
168 243
173 243
174 244
175 243
176 244
182 244
183 245
187 245
188 246
192 246
193 247
196 247
197 248
200 248
201 249
203 249
204 250
206 250
207 251
210 251
211 252
212 252
213 253
215 253
216 254
218 254
220 256
222 256
223 257
224 257
225 258
226 258
227 259
228 259
229 260
230 260
232 262
233 262
234 263
235 263
237 265
238 265
240 267
241 267
244 270
245 270
256 281
256 282
254 284
253 284
252 285
251 285
250 286
249 286
248 287
247 287
245 289
244 289
241 292
240 292
237 295
236 295
232 299
231 299
231 300
230 301
229 301
221 309
221 310
214 317
214 318
211 321
211 322
208 325
208 326
206 328
206 329
204 331
204 332
202 334
202 335
200 337
200 338
199 339
199 340
197 342
197 343
196 344
196 345
195 346
195 347
194 348
194 349
192 351
192 353
191 354
191 355
190 356
190 357
189 358
189 359
188 360
188 361
187 362
187 363
186 364
186 365
185 366
185 368
184 369
184 370
183 371
183 373
182 374
182 375
181 376
181 378
180 379
180 380
179 381
179 382
178 383
178 386
177 387
177 388
176 389
176 390
175 391
175 394
174 395
174 396
173 397
173 400
172 401
172 402
171 403
171 405
170 406
170 408
169 409
169 411
168 412
168 414
167 415
168 416
167 417
167 418
166 419
166 421
165 422
165 424
164 425
164 427
163 428
163 431
162 432
162 433
161 434
161 437
160 438
160 440
159 441
159 443
158 444
158 446
157 447
157 450
156 451
156 452
155 453
155 456
154 457
154 458
153 459
153 462
163 462
164 461
165 462
166 462
167 461
168 462
169 461
170 461
171 462
172 461
201 461
202 462
203 461
204 462
205 461
206 462
207 461
208 462
224 462
225 463
226 462
227 463
238 463
239 464
240 463
241 464
251 464
252 465
253 464
254 465
263 465
264 466
275 466
276 467
287 467
288 468
289 467
290 468
301 468
302 469
303 468
304 469
318 469
319 470
320 469
321 470
351 470
352 471
353 470
354 470
355 471
356 470
357 471
358 470
359 471
360 470
361 471
362 470
363 471
364 470
365 470
361 466
360 466
354 460
353 460
352 459
352 458
351 458
345 452
344 452
341 449
337 449
336 448
335 449
334 448
321 448
320 447
319 448
318 447
309 447
308 446
307 447
306 446
298 446
297 445
289 445
288 444
281 444
280 443
273 443
272 442
266 442
265 441
259 441
258 440
251 440
250 439
244 439
243 438
237 438
236 437
230 437
229 436
228 437
227 436
221 436
220 435
219 436
218 435
211 435
210 434
209 435
208 434
195 434
194 433
193 434
192 433
191 434
190 433
179 433
178 432
178 430
179 429
179 427
180 426
180 425
181 424
181 421
182 420
182 418
183 417
183 415
184 414
184 413
185 412
185 410
186 409
186 407
187 406
187 404
188 403
188 402
189 401
189 399
190 398
190 397
191 396
191 394
192 393
192 392
193 391
193 389
194 388
194 387
195 386
195 384
196 383
196 382
197 381
197 380
198 379
198 378
199 377
199 375
200 374
200 373
201 372
201 371
203 369
203 367
205 365
205 363
207 361
207 360
208 359
208 358
209 357
209 356
211 354
211 353
213 351
213 350
214 349
214 348
216 346
216 345
219 342
219 341
221 339
221 338
225 334
225 333
231 327
231 326
232 325
233 325
236 322
236 321
237 320
238 320
244 314
245 314
248 311
249 311
251 309
252 309
254 307
255 307
257 305
258 305
259 306
259 310
260 311
260 315
261 316
261 319
262 320
262 323
263 324
263 327
264 328
264 329
265 330
265 332
266 333
266 335
267 336
267 338
268 339
268 340
269 341
269 342
270 343
270 344
271 345
271 347
272 348
272 349
273 350
273 351
275 353
275 354
276 355
276 356
277 357
277 358
278 359
278 360
280 362
280 363
281 364
281 365
283 367
283 368
285 370
285 371
288 374
288 375
291 378
291 379
294 382
294 383
299 388
299 389
305 395
305 396
322 413
323 413
324 414
324 415
325 415
332 422
333 422
339 428
340 428
341 429
341 430
342 430
346 434
347 434
352 439
353 439
357 443
358 443
362 447
363 447
367 451
368 451
372 455
373 455
377 459
378 459
382 463
383 463
387 467
388 467
391 470
392 469
392 466
393 465
393 462
394 461
393 460
394 459
394 456
395 455
395 451
396 450
396 446
397 445
397 442
398 441
398 438
399 437
399 434
400 433
400 430
401 429
401 426
402 425
402 422
403 421
403 419
404 418
404 417
405 416
404 415
405 414
405 412
406 411
406 409
407 408
407 406
408 405
408 403
409 402
409 400
410 399
410 397
411 396
411 394
412 393
412 392
413 391
413 389
414 388
414 387
415 386
415 384
416 383
416 381
417 380
417 379
418 378
418 376
419 375
419 374
420 373
420 372
421 371
421 369
422 368
422 366
424 364
424 362
425 361
425 360
426 359
426 357
427 356
427 355
428 354
428 353
429 352
429 350
430 349
430 348
431 347
431 346
432 345
432 344
433 343
433 341
434 340
434 339
435 338
435 337
436 336
436 334
437 333
437 332
438 331
438 330
439 329
439 327
440 326
440 325
441 324
441 323
442 322
442 320
443 319
443 318
444 317
444 315
445 314
445 313
446 312
446 311
447 310
447 308
448 307
448 305
449 304
449 303
450 302
450 301
451 300
451 298
452 297
452 295
453 294
453 293
454 292
454 290
455 289
455 287
456 286
456 284
457 283
457 282
458 281
458 279
459 278
459 275
460 274
460 273
461 272
461 270
462 269
462 267
461 268
460 268
457 271
456 271
453 274
452 274
449 277
448 277
446 279
445 279
442 282
441 282
439 284
438 284
435 287
435 289
434 290
434 291
433 292
433 293
432 294
432 296
431 297
431 298
430 299
430 300
429 301
429 302
428 303
428 304
427 305
427 306
426 307
426 309
424 311
424 312
423 313
423 315
421 317
421 318
420 319
420 321
418 323
418 325
416 327
416 328
415 329
415 330
414 331
414 332
413 333
413 334
412 335
412 336
410 338
410 340
408 342
408 343
407 344
407 345
405 347
405 349
403 351
403 352
402 353
402 354
401 355
401 356
400 357
400 358
399 359
399 360
398 361
398 362
396 364
396 366
395 367
395 368
393 370
393 371
392 372
392 374
390 376
390 377
389 378
389 380
388 381
388 382
387 383
387 384
385 386
386 387
384 389
384 390
383 391
383 393
382 394
382 395
381 396
381 398
380 399
380 400
379 401
379 403
378 404
378 405
377 406
377 408
376 409
376 411
375 412
375 414
374 415
374 416
373 417
373 419
372 420
372 423
371 424
371 427
370 428
369 427
368 427
365 424
364 424
361 421
360 421
356 417
355 417
352 414
351 414
346 409
345 409
341 405
340 405
339 404
339 403
338 403
331 396
330 396
329 395
329 394
328 394
327 393
327 392
326 392
325 391
325 390
324 390
320 386
320 385
319 385
318 384
318 383
317 383
316 382
316 381
308 373
308 372
305 369
305 368
301 364
301 363
298 360
298 359
297 358
297 357
294 354
294 353
293 352
293 351
291 349
291 348
290 347
290 346
289 345
289 344
287 342
287 340
285 338
285 336
284 335
284 334
283 333
283 332
282 331
282 329
281 328
281 327
280 326
280 324
279 323
279 321
278 320
278 318
277 317
277 314
276 313
276 309
275 308
275 305
274 304
275 303
274 302
274 297
275 296
276 296
277 297
279 297
280 298
281 298
282 299
284 299
285 300
288 300
289 301
291 301
292 302
295 302
296 303
299 303
300 304
305 304
306 305
313 305
314 306
315 305
316 306
332 306
333 305
334 306
335 306
336 305
337 305
338 306
339 305
345 305
346 304
351 304
352 303
353 304
354 303
357 303
358 302
361 302
362 301
365 301
366 300
369 300
370 299
372 299
373 298
376 298
377 297
379 297
380 296
382 296
383 295
385 295
386 294
387 294
388 293
390 293
391 292
393 292
394 291
395 291
396 290
398 290
399 289
400 289
401 288
402 288
403 287
405 287
406 286
407 286
408 285
409 285
410 284
411 284
412 283
413 283
414 282
415 282
416 281
417 281
418 280
419 280
420 279
421 279
422 278
423 278
425 276
426 276
427 275
428 275
429 274
430 274
431 273
432 273
433 272
434 272
435 271
436 271
438 269
439 269
440 268
441 268
442 267
443 267
445 265
446 265
448 263
449 263
450 262
451 262
453 260
454 260
455 259
456 259
457 258
458 258
460 256
461 256
463 254
464 254
465 253
466 253
468 251
469 251
471 249
472 249
473 248
474 248
474 246
473 246
471 244
470 244
468 242
467 242
466 241
465 241
463 239
462 239
461 238
460 238
457 235
456 235
455 234
454 234
451 231
450 231
448 229
447 229
444 226
443 226
440 223
439 223
435 219
434 219
431 216
430 216
429 215
429 214
428 214
425 211
424 211
423 210
423 209
422 208
421 208
409 196
408 196
407 195
407 194
404 191
403 191
402 190
402 189
401 189
400 188
400 187
398 185
397 185
396 184
396 183
395 182
394 182
393 181
393 180
355 142
354 142
353 141
353 140
351 138
350 138
341 129
340 129
334 123
333 123
327 117
326 117
322 113
321 113
318 110
317 110
313 106
312 106
311 105
310 105
311 106
311 108
312 109
312 113
313 114
313 117
314 118
314 122
315 123
315 126
316 127
316 129
320 133
321 133
328 140
329 140
330 141
330 142
331 142
356 167
356 168
357 168
358 169
358 170
366 178
366 179
367 179
368 180
368 181
374 187
374 188
381 195
381 196
387 202
387 203
388 203
389 204
389 205
397 213
397 214
398 214
399 215
399 216
405 222
406 222
407 223
407 224
408 225
409 225
410 226
410 227
411 228
412 228
413 229
413 230
414 230
421 237
422 237
427 242
428 242
431 245
432 245
435 248
436 248
437 249
434 252
432 252
430 254
429 254
427 256
426 256
425 257
424 257
422 259
421 259
420 260
419 260
417 262
416 262
415 263
414 263
412 265
410 265
409 266
408 266
406 268
405 268
404 269
403 269
402 270
401 270
400 271
399 271
398 272
397 272
396 273
395 273
394 274
393 274
392 275
390 275
389 276
388 276
387 277
385 277
384 278
383 278
382 279
381 279
380 280
378 280
377 281
376 281
375 282
373 282
372 283
370 283
369 284
367 284
366 285
364 285
363 286
361 286
360 287
359 286
358 287
355 287
354 288
351 288
350 289
346 289
345 290
339 290
338 291
330 291
329 292
328 291
327 292
326 291
325 292
324 291
323 292
322 292
321 291
320 292
319 292
318 291
317 292
316 291
307 291
306 290
301 290
300 289
296 289
295 288
293 288
292 287
289 287
288 286
286 286
285 285
284 285
283 284
283 283
286 280
286 279
290 275
290 274
293 271
293 270
295 268
295 267
296 266
296 265
298 263
298 261
300 259
300 258
301 257
301 255
302 254
302 253
303 252
303 251
304 250
304 248
305 247
305 245
306 244
306 243
307 242
307 239
308 238
308 236
309 235
309 231
310 230
310 228
311 227
310 226
311 225
311 220
312 219
312 214
313 213
312 212
313 211
313 202
314 201
313 200
313 197
314 196
313 195
314 194
313 193
313 176
312 175
312 167
311 166
311 160
310 159
310 154
309 153
309 149
308 148
308 144
307 143
307 138
306 137
306 134
305 133
305 129
303 127
304 126
303 125
303 122
302 121
302 119
301 118
301 114
300 113
300 111
299 110
299 107
298 106
298 104
297 103
297 100
296 99
296 96
295 95
295 94
294 93
294 92
