292 64
292 65
291 66
291 67
290 68
290 70
289 71
289 72
288 73
288 74
287 75
287 76
286 77
286 78
285 79
285 80
284 81
284 82
283 83
283 84
282 85
282 86
280 88
280 89
279 90
279 91
278 92
278 93
277 94
277 95
275 97
275 98
274 99
274 100
272 102
272 103
270 105
270 106
269 107
269 108
267 110
267 111
265 113
265 114
263 116
263 117
261 119
261 120
259 122
259 123
257 125
257 126
255 128
255 129
253 131
253 132
252 133
252 134
249 137
249 138
246 141
246 142
244 144
244 145
243 146
243 147
240 150
240 151
237 154
237 155
235 157
235 158
232 161
232 162
230 164
230 165
228 167
228 168
225 171
225 172
224 173
224 174
221 177
221 178
219 180
219 181
217 183
217 184
215 186
215 187
213 189
213 190
211 192
211 193
209 195
209 196
207 198
207 199
205 201
205 202
203 204
203 205
201 207
201 208
199 210
199 211
197 213
197 214
196 215
196 216
194 218
194 219
192 221
192 222
191 223
191 224
189 226
189 227
188 228
188 229
186 231
186 232
184 234
184 235
183 236
183 237
182 238
182 239
180 241
180 242
179 243
179 244
177 246
177 247
176 248
176 249
175 250
175 251
174 252
174 253
175 253
176 252
177 252
178 251
180 251
181 250
184 250
185 249
187 249
188 248
191 248
192 247
195 247
196 246
200 246
201 245
206 245
207 244
208 245
209 244
216 244
217 243
218 244
219 243
233 243
234 244
235 243
236 244
245 244
246 245
252 245
253 246
258 246
259 247
263 247
264 248
267 248
268 249
271 249
272 250
275 250
276 251
279 251
280 252
283 252
284 253
286 253
287 254
290 254
291 255
293 255
294 256
296 256
297 257
300 257
301 258
303 258
304 259
306 259
307 260
309 260
310 261
313 261
314 262
316 262
317 263
319 263
320 264
323 264
324 265
326 265
327 266
330 266
331 267
333 267
334 268
337 268
338 269
341 269
342 270
345 270
346 271
350 271
351 272
354 272
355 273
356 273
357 274
357 277
356 278
357 279
356 280
356 285
355 286
355 292
354 293
350 293
349 292
346 292
345 291
343 291
342 290
339 290
338 289
335 289
334 288
332 288
331 287
328 287
327 286
325 286
324 285
321 285
320 284
319 284
318 283
315 283
314 282
312 282
311 281
309 281
308 280
307 280
306 279
304 279
303 278
300 278
299 277
297 277
296 276
294 276
293 275
291 275
290 274
288 274
287 273
284 273
283 272
281 272
280 271
277 271
276 270
273 270
272 269
270 269
269 268
266 268
265 267
263 267
262 266
261 267
260 266
258 266
257 265
254 265
253 264
252 265
251 264
247 264
246 263
239 263
238 262
237 263
236 262
209 262
208 263
207 262
206 263
203 263
202 264
201 263
200 264
195 264
194 265
191 265
190 266
187 266
186 267
184 267
183 268
180 268
179 269
177 269
176 270
175 270
174 271
173 270
172 271
171 271
170 272
168 272
167 273
166 273
165 274
163 274
161 276
160 276
160 277
159 278
159 279
158 280
158 281
157 282
157 283
155 285
155 286
154 287
154 288
153 289
153 290
152 291
152 292
150 294
150 295
149 296
149 297
148 298
148 299
147 300
147 301
145 303
145 304
144 305
144 306
143 307
143 308
142 309
142 310
141 311
141 312
140 313
140 314
139 315
139 316
137 318
137 319
136 320
136 321
135 322
135 323
134 324
134 325
133 326
133 327
131 329
131 331
130 332
130 333
128 335
128 336
127 337
127 338
126 339
126 340
125 341
125 342
123 344
123 346
121 348
121 350
119 352
119 353
118 354
118 355
117 356
117 357
116 358
116 359
115 360
115 361
114 362
114 363
113 364
113 365
112 366
112 367
111 368
111 369
110 370
110 371
109 372
109 373
108 374
108 375
107 376
107 377
106 378
106 379
105 380
105 381
104 382
104 383
103 384
103 385
102 386
102 387
101 388
101 389
100 390
100 391
99 392
99 393
98 394
98 395
97 396
97 397
96 398
96 399
95 400
95 401
94 402
94 403
93 404
93 406
92 407
92 408
91 409
91 410
90 411
90 412
89 413
89 414
88 415
88 417
87 418
87 419
86 420
86 422
85 423
85 424
84 425
84 426
83 427
83 429
82 430
82 431
81 432
81 433
80 434
80 435
79 436
79 438
78 439
78 441
77 442
77 443
76 444
76 445
75 446
75 448
74 449
74 451
73 452
73 453
72 454
72 456
71 457
71 459
70 460
70 461
69 462
69 465
68 466
68 467
67 468
67 470
66 471
66 473
65 474
65 476
64 477
64 479
63 480
63 482
62 483
62 485
61 486
61 488
60 489
60 492
61 492
62 491
66 491
67 490
70 490
71 489
73 489
74 488
76 488
77 487
79 487
80 486
82 486
83 485
85 485
86 484
88 484
89 483
90 483
91 482
93 482
94 481
95 481
96 480
97 480
98 479
100 479
101 478
102 478
103 477
104 477
105 476
106 476
107 475
108 475
109 474
110 474
111 473
112 473
113 472
114 472
115 471
116 471
117 470
118 470
119 469
120 469
121 468
122 468
123 467
124 467
125 466
126 466
127 465
128 465
129 464
130 464
131 463
132 463
133 462
134 462
135 461
136 461
137 460
138 460
139 459
140 459
141 458
142 458
143 457
144 457
145 456
146 456
147 455
148 455
149 454
151 454
152 453
153 453
154 452
155 452
156 451
157 451
158 450
159 450
160 449
162 449
163 448
164 448
165 447
167 447
168 446
169 446
170 445
172 445
173 444
175 444
176 443
177 443
178 442
181 442
182 441
184 441
185 440
187 440
188 439
191 439
192 438
195 438
196 437
200 437
201 436
206 436
207 435
208 436
209 435
216 435
217 434
218 435
219 434
233 434
234 435
235 434
236 435
245 435
246 436
252 436
253 437
258 437
259 438
263 438
264 439
267 439
268 440
271 440
272 441
275 441
276 442
279 442
280 443
283 443
284 444
286 444
287 445
290 445
291 446
293 446
294 447
296 447
297 448
300 448
301 449
303 449
304 450
306 450
307 451
309 451
310 452
313 452
314 453
316 453
317 454
319 454
320 455
323 455
324 456
326 456
327 457
330 457
331 458
333 458
334 459
337 459
338 460
341 460
342 461
345 461
346 462
350 462
351 463
354 463
355 464
359 464
360 465
365 465
366 466
371 466
372 467
378 467
379 468
380 467
381 468
388 468
389 469
390 468
391 469
407 469
408 470
409 469
410 469
411 470
412 469
413 470
414 469
415 469
416 470
417 469
438 469
439 468
440 469
441 468
451 468
452 467
453 468
454 467
462 467
463 466
464 467
465 466
473 466
474 465
483 465
484 464
488 464
488 463
485 460
485 459
483 457
483 456
480 453
480 452
477 449
477 448
475 446
475 445
472 442
472 441
470 439
470 438
468 436
468 435
465 432
465 431
464 430
464 429
462 427
462 426
460 424
460 423
458 421
458 420
456 418
456 417
455 416
455 415
453 413
453 412
452 411
452 410
450 408
450 407
448 405
448 403
447 403
446 402
442 402
441 403
440 402
439 403
438 402
437 403
425 403
424 404
423 403
422 403
421 404
420 403
419 404
418 403
417 404
416 403
415 404
414 403
413 404
412 403
411 404
410 403
409 404
408 403
407 404
406 403
405 404
404 403
403 403
402 404
401 403
391 403
390 402
389 403
388 402
387 403
386 402
380 402
379 401
378 402
377 401
373 401
372 400
371 401
370 400
365 400
364 399
360 399
359 398
353 398
352 397
348 397
347 396
344 396
343 395
340 395
339 394
336 394
335 393
333 393
332 392
329 392
328 391
325 391
324 390
322 390
321 389
319 389
318 388
315 388
314 387
312 387
311 386
309 386
308 385
305 385
304 384
302 384
301 383
299 383
298 382
296 382
295 381
292 381
291 380
289 380
288 379
285 379
284 378
282 378
281 377
278 377
277 376
274 376
273 375
270 375
269 374
266 374
265 373
260 373
259 372
255 372
254 371
248 371
247 370
240 370
239 369
238 370
237 369
214 369
213 370
206 370
205 371
200 371
199 372
195 372
194 373
191 373
190 374
187 374
186 375
184 375
183 376
181 376
180 377
178 377
177 378
175 378
174 379
173 379
172 378
173 377
173 366
174 365
174 362
175 361
177 361
178 360
180 360
181 359
183 359
184 358
187 358
188 357
190 357
191 356
195 356
196 355
199 355
200 354
205 354
206 353
207 354
208 353
215 353
216 352
217 353
218 352
219 353
220 352
233 352
234 353
235 352
236 353
245 353
246 354
251 354
252 355
256 355
257 356
258 355
259 356
261 356
262 357
263 356
264 357
266 357
267 358
270 358
271 359
274 359
275 360
278 360
279 361
282 361
283 362
285 362
286 363
288 363
289 364
291 364
292 365
294 365
295 366
298 366
299 367
301 367
302 368
304 368
305 369
307 369
308 370
311 370
312 371
314 371
315 372
317 372
318 373
321 373
322 374
324 374
325 375
327 375
328 376
330 376
331 377
334 377
335 378
338 378
339 379
342 379
343 380
346 380
347 381
350 381
351 382
355 382
356 383
360 383
361 384
365 384
366 385
371 385
372 386
378 386
379 387
380 386
381 387
388 387
389 388
390 387
391 388
401 388
402 389
403 388
404 389
405 388
406 389
407 389
408 388
409 389
410 389
411 388
412 389
414 389
415 388
416 389
417 389
418 388
419 389
420 389
421 388
422 389
423 388
424 389
425 388
426 389
427 388
438 388
438 386
437 385
437 384
436 383
436 382
435 381
435 380
434 379
434 378
433 377
433 376
432 375
432 374
431 373
431 372
430 371
430 370
429 369
429 368
428 367
428 366
427 365
427 364
426 363
426 362
425 361
425 360
424 359
424 358
423 357
423 355
421 353
421 351
420 350
420 349
419 348
419 347
418 346
418 345
417 344
417 343
416 342
416 341
415 340
415 338
414 337
414 336
413 335
413 334
412 333
412 332
411 331
411 330
410 329
410 327
409 326
409 325
408 324
408 323
407 322
407 321
406 320
406 318
405 317
405 316
404 315
404 314
403 313
403 311
402 310
402 309
401 308
401 307
400 306
400 305
399 304
399 302
398 301
398 300
397 299
397 298
396 297
396 295
395 294
395 293
394 292
394 291
393 290
393 288
392 287
392 286
391 285
391 284
390 283
390 281
389 280
389 279
388 278
388 276
387 275
387 274
386 273
386 271
385 270
385 269
384 268
384 267
383 266
383 264
382 263
382 262
381 261
381 260
380 259
380 257
379 256
379 254
378 253
378 252
377 251
377 250
376 249
376 247
375 246
375 245
374 244
374 242
373 241
373 240
372 239
372 237
371 236
371 235
370 234
370 232
369 231
369 230
368 229
368 227
367 226
367 224
366 223
366 222
365 221
365 219
364 218
364 217
363 216
363 214
362 213
362 212
361 211
361 209
360 208
360 206
359 205
359 204
358 203
355 203
354 202
350 202
349 201
346 201
345 200
342 200
341 199
338 199
337 198
334 198
333 197
331 197
330 196
328 196
327 195
324 195
323 194
321 194
320 193
317 193
316 192
314 192
313 191
311 191
310 190
308 190
307 189
304 189
303 188
301 188
300 187
298 187
297 186
295 186
294 185
291 185
290 184
288 184
287 183
284 183
283 182
281 182
280 181
277 181
276 180
275 180
274 179
275 178
274 177
275 176
275 170
276 169
276 166
277 165
279 165
280 166
283 166
284 167
287 167
288 168
290 168
291 169
293 169
294 170
296 170
297 171
300 171
301 172
303 172
304 173
306 173
307 174
309 174
310 175
313 175
314 176
315 176
316 177
319 177
320 178
322 178
323 179
325 179
326 180
329 180
330 181
332 181
333 182
335 182
336 183
339 183
340 184
343 184
344 185
347 185
348 186
351 186
352 185
351 184
351 183
350 182
350 180
349 179
349 177
348 176
348 175
347 174
347 172
346 171
346 170
345 169
345 167
344 166
344 165
343 164
343 162
342 161
342 159
341 158
341 157
340 156
340 155
339 154
339 152
338 151
338 149
337 148
337 147
336 146
336 145
335 144
335 142
334 141
334 140
333 139
333 138
332 137
332 135
331 134
331 133
330 132
330 131
329 130
329 129
328 128
328 126
327 125
327 124
326 123
326 122
325 121
325 120
324 119
324 118
323 117
323 116
322 115
322 113
320 111
320 110
319 109
319 107
317 105
317 104
316 103
316 102
315 101
315 100
314 99
314 98
313 97
313 96
312 95
312 94
310 92
310 91
309 90
309 89
308 88
308 87
306 85
306 84
305 83
305 82
303 80
303 79
302 78
302 77
300 75
300 74
298 72
298 71
297 70
297 69
295 67
295 66
293 64
