175 10
175 16
174 17
174 25
175 26
174 27
175 28
175 35
176 36
176 42
177 43
177 47
178 48
178 53
179 54
179 57
180 58
180 62
181 63
181 64
182 65
182 66
183 67
183 70
184 71
184 74
185 75
185 79
186 80
186 82
187 83
187 87
188 88
188 91
189 92
189 95
191 97
191 100
192 101
192 104
193 105
193 109
194 110
194 113
195 114
195 118
196 119
196 123
197 124
197 128
198 129
198 133
199 134
199 139
200 140
200 150
201 151
201 154
202 155
202 158
203 159
203 161
204 162
204 165
205 166
205 169
206 170
206 171
207 172
207 174
208 175
208 176
209 177
209 179
210 180
210 181
211 182
211 184
212 185
212 186
213 187
213 188
214 189
214 191
215 192
215 193
216 194
216 195
217 196
217 197
218 198
218 199
219 200
219 201
221 203
221 205
222 206
222 207
223 208
223 209
222 210
221 210
216 205
215 205
214 204
214 203
213 203
206 196
206 195
205 195
204 194
203 194
202 193
202 192
201 192
200 191
200 190
199 190
195 186
194 186
190 182
189 182
185 178
183 178
180 175
179 175
178 174
177 174
175 172
174 172
173 171
172 171
171 170
170 170
169 169
167 169
166 168
165 168
164 167
163 167
162 166
160 166
158 164
156 164
154 162
152 162
150 160
149 160
147 158
146 158
145 157
144 157
143 156
142 156
139 153
137 153
136 152
136 151
134 151
133 150
132 150
128 146
126 146
125 145
125 144
124 144
123 143
122 143
121 142
119 142
118 141
118 140
117 140
116 139
115 139
112 136
111 136
108 133
106 133
105 132
104 132
103 131
102 131
99 128
98 128
96 126
95 126
92 123
91 123
90 122
89 122
87 120
86 120
85 119
83 119
80 116
78 116
76 114
75 114
73 112
71 112
70 111
68 111
67 110
66 110
64 108
60 108
58 106
55 106
54 105
51 105
50 104
47 104
48 105
48 107
49 108
49 109
50 109
52 111
52 112
54 114
54 115
55 116
55 117
56 118
57 118
58 119
58 121
60 121
61 122
61 123
63 125
63 126
64 126
65 127
65 128
67 130
68 130
69 131
70 131
71 132
71 133
76 138
77 138
82 143
83 143
84 144
85 144
94 153
95 153
96 154
97 154
104 161
105 161
106 162
107 162
113 168
114 168
115 169
115 170
116 170
117 171
118 171
121 174
121 175
122 175
125 178
126 178
127 179
127 180
128 181
129 181
132 184
133 184
135 186
135 187
149 201
149 202
150 203
151 203
152 204
152 205
153 206
154 206
158 210
159 210
161 212
162 212
164 214
165 214
166 215
166 216
167 217
168 217
169 218
170 218
172 220
173 220
175 222
176 222
177 223
178 223
179 224
180 224
182 226
183 226
184 227
185 227
187 229
188 229
189 230
191 230
193 232
194 232
195 233
196 233
197 234
198 234
199 235
200 235
203 238
202 239
198 239
197 238
193 238
192 237
185 237
184 236
178 236
177 235
176 236
175 235
158 235
157 234
156 235
155 234
151 234
150 235
143 235
142 236
140 236
139 235
138 236
136 236
135 237
130 237
129 238
126 238
125 239
118 239
117 240
114 240
113 241
112 240
110 240
109 241
97 241
96 242
82 242
81 243
78 243
77 242
76 243
75 242
74 243
73 242
72 243
63 243
62 244
61 244
60 243
59 244
46 244
45 245
40 245
39 244
38 245
34 245
33 246
24 246
23 247
18 247
17 248
15 248
14 249
12 249
11 250
7 250
6 251
5 251
4 252
5 252
6 253
6 255
5 256
3 256
5 258
6 258
7 259
11 259
12 260
14 260
15 261
17 261
18 262
24 262
25 263
33 263
34 264
38 264
39 265
40 264
41 265
42 264
43 265
44 264
45 264
46 265
59 265
60 266
64 266
65 267
66 266
72 266
73 267
90 267
91 268
102 268
103 269
114 269
115 270
120 270
121 271
126 271
127 272
130 272
131 273
135 273
136 274
142 274
143 275
151 275
152 276
154 276
155 275
156 276
157 275
176 275
177 274
178 275
179 274
185 274
186 273
192 273
193 272
197 272
198 271
201 271
203 273
202 274
201 274
200 275
199 275
198 276
197 276
196 277
195 277
194 278
193 278
191 280
190 280
189 281
188 281
187 282
186 282
185 283
184 283
183 284
182 284
180 286
179 286
178 287
177 287
176 288
175 288
173 290
172 290
170 292
169 292
168 293
167 293
166 294
166 295
165 296
164 296
162 298
161 298
159 300
158 300
154 304
153 304
153 305
151 307
150 307
149 308
149 309
145 313
144 313
144 314
135 323
135 324
134 325
133 325
130 328
129 328
127 330
127 331
126 332
125 332
123 334
122 334
122 335
119 338
117 338
116 339
116 340
115 341
114 341
108 347
106 347
99 354
98 354
97 355
96 355
88 363
87 363
86 364
85 364
82 367
81 367
82 368
81 369
80 369
79 370
77 370
76 371
76 372
74 374
73 374
73 375
69 379
67 379
66 380
66 381
65 382
64 382
64 384
63 385
62 385
62 386
61 387
60 387
55 392
55 393
54 394
54 395
52 397
52 398
50 400
49 400
49 401
48 402
48 404
47 405
50 405
51 404
54 404
55 403
57 403
58 402
59 402
60 401
63 401
64 400
65 400
66 399
67 399
69 397
72 397
73 396
75 396
75 395
76 394
78 394
81 391
82 391
84 389
86 389
87 388
89 388
92 385
93 385
96 382
98 382
101 379
102 379
105 376
106 376
107 375
109 375
110 374
111 374
114 371
115 371
118 368
119 368
121 366
122 366
123 365
125 365
127 363
128 363
131 360
132 360
134 358
135 358
136 357
137 357
139 355
141 355
143 353
144 353
146 351
148 351
150 349
151 349
153 347
155 347
157 345
159 345
161 343
163 343
164 342
165 342
166 341
167 341
168 340
170 340
171 339
172 339
173 338
174 338
175 337
176 337
177 336
178 336
180 334
181 334
183 332
184 332
186 330
187 330
189 328
190 328
194 324
195 324
195 323
196 322
197 322
198 321
199 321
200 320
200 319
201 318
202 318
202 317
203 316
204 316
211 309
212 309
212 308
213 307
214 307
214 306
215 305
216 305
221 300
222 300
223 301
223 302
222 303
222 304
221 305
221 307
219 309
219 311
217 313
217 314
216 315
216 316
215 317
215 318
214 319
214 321
213 322
213 323
212 324
212 325
211 326
211 328
210 329
210 330
209 331
209 333
208 334
208 335
207 336
207 338
206 339
206 341
205 342
205 344
204 345
204 348
203 349
203 353
202 354
202 355
201 356
201 361
200 362
200 364
201 365
201 366
200 367
200 372
199 373
199 377
198 378
198 383
197 384
197 388
196 389
196 393
195 394
195 397
194 398
194 402
193 403
193 407
192 408
192 410
190 412
190 416
189 417
189 419
188 420
188 424
187 425
187 428
186 429
186 432
185 433
185 436
184 437
184 439
183 440
183 441
182 442
182 444
181 445
181 449
180 450
180 453
179 454
179 458
178 459
178 463
177 464
177 468
176 469
176 475
175 476
175 483
174 484
174 492
175 493
175 499
176 499
176 498
178 496
178 495
181 492
181 491
184 488
184 487
186 485
186 484
187 483
187 482
188 481
188 480
189 479
189 478
190 477
190 475
191 474
192 474
192 473
193 472
193 471
194 470
194 467
195 466
195 465
196 464
196 462
199 459
199 458
200 457
200 454
202 452
202 449
203 448
203 447
204 446
204 443
205 442
205 441
206 440
206 438
208 436
208 434
209 433
209 432
210 431
210 428
211 427
211 426
213 424
213 421
214 420
214 418
215 417
215 416
216 415
216 413
217 412
217 411
218 410
218 408
219 407
219 406
220 405
220 403
222 401
222 399
223 398
223 397
224 396
224 395
225 394
225 393
226 392
226 391
227 390
227 388
229 386
229 385
230 384
230 383
231 382
231 381
232 380
232 379
233 378
233 377
235 375
235 374
236 373
236 372
238 370
238 369
239 368
239 367
240 366
240 364
241 363
241 362
242 361
242 359
244 357
243 356
244 355
244 354
245 353
245 350
246 349
246 346
247 345
247 343
248 342
248 339
249 338
249 335
250 334
250 329
251 328
251 326
252 325
252 319
253 318
253 315
254 314
253 313
256 310
257 311
257 318
258 319
258 321
259 322
259 323
258 324
259 325
259 328
260 329
260 333
261 334
261 338
262 339
262 342
263 343
263 345
264 346
264 349
265 350
265 353
266 354
266 355
267 356
266 357
268 359
268 361
269 362
269 363
270 364
270 366
271 367
271 368
272 369
272 370
274 372
274 373
275 374
275 376
276 376
277 377
277 378
278 379
278 380
279 381
279 382
280 383
280 384
281 385
281 386
283 388
283 390
284 391
284 392
285 393
285 395
287 397
287 399
288 400
288 401
289 402
289 404
290 405
290 406
292 408
292 410
293 411
293 412
294 413
294 416
295 417
295 419
296 420
296 421
297 422
297 424
298 425
298 426
299 427
299 430
301 432
301 435
303 437
303 438
304 439
304 441
305 442
305 445
306 446
306 447
307 448
307 451
309 453
309 456
310 457
310 458
311 459
311 460
312 460
313 461
313 464
315 466
315 469
316 470
316 472
317 473
318 473
319 474
319 477
320 478
320 479
321 480
321 481
323 483
323 485
324 485
325 486
325 488
328 491
327 492
328 492
331 495
331 496
333 498
333 499
334 499
334 492
335 491
335 486
334 485
334 477
333 476
333 470
332 469
332 465
331 464
331 459
330 458
330 455
329 454
329 450
328 449
328 446
327 445
327 441
326 440
326 439
325 438
325 437
324 436
324 433
323 432
323 429
322 428
322 424
321 423
321 420
320 419
320 416
319 415
319 411
318 410
318 409
317 408
317 406
316 405
316 402
315 401
315 397
314 396
314 392
313 391
313 386
312 385
312 381
311 380
311 375
310 374
310 369
309 368
309 365
310 364
309 363
309 357
308 356
308 354
307 353
307 349
306 348
306 345
305 344
305 343
304 342
304 339
303 338
303 337
302 336
302 334
301 333
301 331
300 330
300 329
299 328
299 326
298 325
298 324
297 323
297 322
296 321
296 319
295 318
295 317
294 316
294 315
293 314
293 313
292 312
292 311
291 310
291 308
290 308
289 307
289 305
288 304
288 303
287 302
287 301
288 300
289 300
291 302
292 302
293 303
293 304
294 305
295 305
296 306
296 307
297 307
306 316
307 316
310 319
310 320
311 320
313 322
314 322
315 323
315 324
316 324
319 327
320 327
322 329
323 329
325 331
326 331
329 334
330 334
331 335
332 335
333 336
334 336
336 338
337 338
338 339
340 339
341 340
342 340
343 341
345 341
346 342
347 342
348 343
349 343
350 344
351 344
352 345
353 345
354 346
356 346
358 348
359 348
361 350
363 350
366 353
367 353
368 354
369 354
371 356
373 356
374 357
375 357
379 361
380 361
382 363
384 363
385 364
386 364
389 367
390 367
392 369
393 369
396 372
398 372
399 373
400 373
401 374
402 374
405 377
406 377
409 380
410 380
412 382
413 382
414 383
415 383
418 386
420 386
421 387
422 387
424 389
425 389
426 390
427 390
429 392
430 392
433 395
435 395
436 396
439 396
441 398
442 398
444 400
447 400
449 402
453 402
455 404
458 404
459 405
462 405
461 404
461 402
460 401
460 400
459 399
458 399
456 397
456 396
453 393
453 391
452 391
449 388
449 387
448 387
443 382
443 381
442 381
441 380
441 379
439 377
438 377
437 376
436 376
433 373
433 372
432 372
430 370
430 369
429 368
427 368
425 366
425 365
424 365
421 362
420 362
419 361
418 361
410 353
409 353
408 352
407 352
402 347
402 346
400 346
398 344
397 344
396 343
396 342
395 341
394 341
391 338
391 337
389 337
383 331
382 331
381 330
381 329
379 327
378 327
375 324
374 324
373 323
373 321
372 321
365 314
365 313
364 312
363 312
361 310
361 309
353 301
352 301
349 298
348 298
345 295
344 295
342 293
341 293
340 292
339 292
336 289
335 289
333 287
332 287
331 286
330 286
329 285
328 285
326 283
325 283
324 282
323 282
321 280
319 280
317 278
316 278
315 277
314 277
313 276
312 276
311 275
310 275
309 274
308 274
307 273
309 271
312 271
313 272
317 272
318 273
324 273
325 274
332 274
333 275
334 274
335 275
355 275
356 276
357 275
366 275
367 274
372 274
373 273
375 273
376 272
377 273
378 272
380 272
381 271
387 271
388 270
393 270
394 269
398 269
399 268
400 269
404 269
405 268
410 268
411 267
412 268
415 268
416 267
424 267
425 266
426 267
427 267
428 266
429 267
431 267
432 266
441 266
442 265
443 266
444 265
458 265
459 264
468 264
469 263
470 264
471 264
472 263
482 263
483 262
489 262
490 261
492 261
493 260
495 260
496 259
501 259
502 258
503 258
503 255
504 254
506 254
507 253
506 253
504 251
502 251
501 250
497 250
496 249
494 249
493 248
490 248
489 247
483 247
482 246
473 246
472 245
471 246
470 245
469 246
468 245
459 245
458 244
450 244
449 245
448 244
447 245
446 244
442 244
441 243
424 243
423 242
419 242
418 243
417 242
410 242
409 241
408 241
407 242
406 242
405 241
395 241
394 240
389 240
388 239
382 239
381 238
379 238
378 237
374 237
373 236
367 236
366 235
358 235
357 234
356 234
355 235
336 235
335 236
328 236
327 237
326 236
325 237
318 237
317 238
313 238
312 239
309 239
308 238
308 237
310 235
312 235
314 233
315 233
316 232
317 232
319 230
321 230
322 229
323 229
325 227
326 227
327 226
328 226
330 224
331 224
332 223
333 223
335 221
336 221
337 220
338 220
340 218
341 218
342 217
343 217
343 216
344 215
345 215
348 212
349 212
351 210
352 210
365 197
365 196
366 195
367 195
367 194
379 182
380 182
390 172
392 172
392 171
394 169
395 169
401 163
402 163
403 162
404 162
404 161
406 159
407 159
407 158
409 156
410 156
411 155
412 155
421 146
423 146
429 140
430 140
431 139
432 139
432 138
439 131
440 131
441 130
442 130
442 129
446 125
446 124
448 122
449 122
450 121
450 120
452 118
453 118
453 116
454 115
455 115
455 114
456 113
456 112
459 109
460 109
460 108
461 107
461 105
462 104
459 104
458 105
454 105
452 107
451 106
450 107
449 107
448 108
445 108
443 110
442 110
440 112
437 112
436 113
434 113
434 114
433 115
431 115
428 118
427 118
425 120
424 120
423 121
421 121
420 122
419 122
416 125
415 125
412 128
411 128
409 130
408 130
407 131
406 131
403 134
402 134
401 135
400 135
399 136
398 136
396 138
395 138
392 141
391 141
388 144
386 144
385 145
384 145
382 147
381 147
377 151
376 151
375 152
373 152
371 154
370 154
369 155
368 155
366 157
365 157
363 159
362 159
360 161
359 161
358 162
357 162
356 163
355 163
354 164
353 164
352 165
350 165
348 167
347 167
346 168
344 168
342 170
339 170
337 172
336 172
335 173
334 173
333 174
332 174
331 175
330 175
327 178
326 178
325 179
324 179
321 182
320 182
316 186
315 186
315 187
314 188
313 188
311 190
310 190
310 191
309 192
308 192
308 193
307 194
306 194
297 203
296 203
296 204
295 205
294 205
293 206
293 207
292 208
291 208
291 209
290 210
288 210
287 209
287 208
289 206
289 204
291 202
291 201
292 200
292 198
293 197
293 196
294 195
294 194
295 193
295 192
296 191
296 189
298 187
298 185
299 184
299 182
300 181
300 180
301 179
301 177
302 176
302 175
303 174
303 172
304 171
304 170
305 169
305 166
306 165
306 162
307 161
307 157
308 156
308 155
309 154
309 149
310 148
310 145
309 144
310 143
310 138
311 137
311 132
312 131
312 127
313 126
313 121
314 120
314 116
315 115
315 111
316 110
316 107
317 106
317 102
318 101
318 98
320 96
320 93
321 92
321 88
322 87
322 84
323 83
323 80
324 79
324 76
325 75
325 71
326 70
326 68
327 67
327 66
328 65
328 63
329 62
329 58
330 57
330 53
331 52
331 48
332 47
332 42
333 41
333 35
334 34
334 27
335 26
334 25
335 24
335 17
334 16
334 10
333 10
333 11
331 13
331 14
329 16
328 16
328 17
327 18
327 19
323 23
323 25
321 27
321 29
319 31
320 32
319 33
318 33
317 34
317 36
316 37
316 38
315 39
315 41
314 42
314 44
311 47
311 48
310 49
310 52
309 53
309 54
308 55
308 57
307 58
307 59
306 60
306 63
305 64
305 66
304 67
304 68
302 70
302 73
300 75
300 78
299 79
299 80
298 81
298 82
297 83
298 84
296 86
296 89
295 90
295 92
294 93
294 94
293 95
293 96
292 97
292 99
291 100
291 101
290 102
290 105
288 107
288 109
287 110
287 111
286 112
286 113
285 114
285 116
283 118
283 120
282 121
282 122
280 124
280 126
279 127
279 128
278 129
278 130
275 133
276 134
274 136
274 137
273 138
272 138
272 140
271 141
271 142
270 143
270 145
269 146
269 147
268 148
268 150
267 151
267 153
266 154
266 156
265 157
265 159
264 160
264 163
263 164
263 167
262 168
262 171
261 172
261 174
260 175
260 177
261 178
260 179
260 181
259 182
259 186
258 187
259 188
258 189
258 191
257 192
257 197
256 198
256 199
255 200
254 199
254 198
253 197
254 196
253 195
253 192
252 191
252 185
251 184
251 182
250 181
250 175
249 174
249 172
248 171
248 168
247 167
247 164
246 163
246 160
245 159
245 157
243 155
244 154
243 153
243 151
242 150
242 148
241 147
241 146
240 145
240 144
239 143
239 141
238 140
238 139
236 137
236 136
235 135
235 134
234 133
234 132
232 130
232 129
231 128
231 127
230 126
230 125
229 124
229 123
228 122
228 121
227 120
227 119
226 118
226 117
225 116
225 114
224 113
224 112
222 110
222 108
221 107
221 106
220 105
220 103
219 102
219 101
218 100
218 99
217 98
217 96
216 95
216 94
215 93
215 91
214 90
214 89
213 88
213 85
212 84
212 82
211 81
211 80
210 79
210 78
209 77
209 74
208 73
208 72
207 71
207 69
205 67
205 66
204 65
204 63
203 62
203 60
202 59
202 57
201 56
201 54
200 53
200 52
199 51
199 48
197 46
197 45
196 45
195 44
195 41
193 39
193 37
192 36
192 34
189 31
189 29
188 28
188 27
187 26
187 25
186 24
186 23
185 22
184 22
183 21
183 19
181 17
181 16
180 16
178 14
178 13
176 11
176 10
