268 55
267 56
261 56
260 57
255 57
254 58
253 57
252 58
246 58
245 59
241 59
240 60
237 60
236 61
234 61
233 62
230 62
229 63
227 63
226 64
223 64
222 65
220 65
219 66
216 66
215 67
213 67
212 68
211 68
210 69
208 69
207 70
206 70
205 71
204 71
203 72
201 72
200 73
199 73
198 74
196 74
195 75
194 75
193 76
191 76
190 77
189 77
188 78
187 78
186 79
185 79
183 81
182 81
181 82
180 82
178 84
177 84
176 85
175 85
174 86
173 86
171 88
170 88
169 89
168 89
166 91
165 91
164 92
163 92
160 95
159 95
157 97
156 97
153 100
152 100
147 105
146 105
141 110
140 110
140 111
292 111
293 112
292 113
291 113
290 114
288 114
287 115
285 115
284 116
282 116
281 117
279 117
278 118
275 118
274 119
273 119
272 120
271 119
270 120
268 120
267 121
264 121
263 122
259 122
258 123
255 123
254 124
251 124
250 125
249 124
248 125
246 125
245 126
244 125
243 126
240 126
239 127
238 126
237 127
233 127
232 128
231 127
230 128
226 128
225 129
224 128
223 129
218 129
217 130
216 129
215 130
208 130
207 131
206 130
205 131
196 131
195 132
194 131
193 132
179 132
178 133
177 133
176 132
175 133
174 132
173 133
172 132
171 133
119 133
116 136
116 137
113 140
113 141
110 144
138 144
139 145
140 145
141 144
142 145
143 145
144 144
145 145
146 145
147 144
148 145
149 145
150 144
151 145
187 145
188 146
189 146
190 145
191 146
192 146
193 145
194 146
195 146
196 145
197 146
224 146
225 147
226 147
227 146
228 147
249 147
250 148
251 148
252 147
253 148
254 148
255 147
256 148
268 148
269 149
270 149
271 148
272 149
281 149
282 150
283 149
284 150
288 150
289 151
292 151
293 152
291 154
287 154
286 155
280 155
279 156
270 156
269 157
258 157
257 158
256 157
255 158
243 158
242 159
228 159
227 160
226 159
225 160
224 160
223 159
222 160
210 160
209 161
207 161
206 160
205 161
187 161
186 162
185 161
184 162
170 162
169 163
168 162
167 163
166 163
165 162
164 163
147 163
146 164
145 164
144 163
143 164
142 163
141 164
140 163
139 164
106 164
105 165
104 164
99 164
98 163
98 164
96 166
96 167
95 168
95 169
94 170
94 171
92 173
92 174
91 175
91 176
90 177
90 178
89 179
89 180
88 181
88 183
87 184
87 185
86 186
86 188
85 189
85 190
84 191
84 193
83 194
83 195
82 196
82 198
81 199
81 200
80 201
80 203
79 204
79 206
78 207
78 209
77 210
77 213
76 214
76 217
75 218
75 220
74 221
74 224
73 225
73 228
72 229
72 232
71 233
71 238
70 239
71 240
70 241
70 242
118 242
119 243
120 243
121 242
122 243
123 243
124 242
125 243
126 243
127 242
128 243
129 243
130 242
131 243
132 243
133 242
134 243
135 243
136 242
137 243
187 243
188 244
189 244
190 243
191 244
192 244
193 243
194 244
195 244
196 243
197 244
198 244
199 243
200 244
201 244
202 243
203 244
247 244
248 245
249 245
250 244
251 245
252 245
253 244
253 235
254 234
254 228
255 227
255 221
256 220
256 214
257 213
257 207
258 206
258 200
259 199
259 195
260 194
261 195
261 197
262 198
262 202
263 203
263 207
264 208
264 212
265 213
265 217
266 218
266 222
267 223
267 227
268 228
268 232
269 233
269 237
270 238
270 242
271 243
271 245
298 245
299 246
300 245
301 246
302 246
303 245
304 246
305 246
306 245
307 246
340 246
341 247
342 247
343 246
344 247
345 247
346 246
347 247
372 247
373 248
374 248
375 247
376 248
377 248
378 247
379 248
380 248
381 247
382 248
400 248
401 249
402 249
403 248
404 249
419 249
420 250
421 250
422 249
423 250
433 250
434 251
441 251
442 252
443 252
444 253
443 254
440 254
439 255
432 255
431 256
420 256
419 257
405 257
404 258
403 258
402 257
401 258
385 258
384 259
383 259
382 258
381 259
380 259
379 258
378 259
362 259
361 260
359 260
358 259
357 260
337 260
336 261
335 261
334 260
333 261
332 261
331 260
330 261
307 261
306 262
305 262
304 261
303 262
302 261
301 262
300 261
299 262
275 262
274 263
273 263
272 262
271 263
270 263
269 262
268 263
267 262
266 263
240 263
239 264
238 264
237 263
236 264
235 264
234 263
233 264
232 264
231 263
230 264
201 264
200 265
199 264
198 265
197 264
196 265
195 265
194 264
193 265
192 264
191 265
190 264
189 265
164 265
163 266
162 266
161 265
160 266
159 266
158 265
157 266
156 266
155 265
154 266
153 266
152 265
151 266
139 266
139 273
140 274
139 275
139 285
138 286
138 293
137 294
137 301
136 302
136 310
135 311
135 318
134 319
134 326
133 327
133 334
131 336
130 335
130 322
129 321
130 320
130 318
129 317
129 304
128 303
129 302
129 300
128 299
128 285
127 284
128 283
128 282
127 281
127 267
126 266
109 266
108 267
107 266
106 267
105 266
104 267
103 267
102 266
101 267
100 266
99 267
98 266
97 267
68 267
68 294
69 295
69 301
70 302
70 309
71 310
71 317
72 318
72 321
73 322
73 324
74 325
74 328
75 329
75 332
76 333
76 336
77 337
77 339
78 340
78 343
79 344
79 346
80 347
80 349
81 350
81 351
82 352
82 354
83 355
83 356
84 357
84 359
85 360
85 361
86 362
86 363
87 364
87 366
88 367
88 368
89 369
89 371
90 372
90 373
91 374
91 375
93 377
93 378
94 379
94 380
96 382
96 383
97 384
97 385
98 386
98 387
99 388
99 389
101 391
101 392
102 393
102 394
103 395
103 396
106 399
106 400
108 402
108 403
111 406
111 407
115 411
115 412
117 414
117 415
121 419
121 420
143 442
144 442
150 448
151 448
154 451
155 451
157 453
158 453
160 455
161 455
163 457
164 457
166 459
167 459
169 461
170 461
172 463
173 463
175 465
176 465
177 466
178 466
179 467
180 467
181 468
182 468
184 470
185 470
186 471
187 471
188 472
189 472
190 473
191 473
192 474
194 474
195 475
196 475
197 476
199 476
200 477
201 477
202 478
203 478
204 479
206 479
207 480
208 480
209 481
211 481
212 482
213 482
214 483
216 483
217 484
220 484
221 485
223 485
224 486
227 486
228 487
230 487
231 488
234 488
235 489
238 489
239 490
241 490
242 491
243 490
244 491
249 491
250 492
256 492
257 493
264 493
265 494
277 494
278 495
279 495
280 494
281 495
282 495
283 494
284 495
285 495
286 494
287 495
288 495
289 494
290 495
291 495
292 494
303 494
304 493
311 493
312 492
318 492
319 491
326 491
327 490
330 490
331 489
333 489
334 488
337 488
338 487
341 487
342 486
344 486
345 485
348 485
349 484
352 484
353 483
355 483
356 482
357 482
358 481
359 481
360 480
362 480
363 479
364 479
365 478
367 478
368 477
369 477
370 476
371 476
372 475
374 475
375 474
376 474
377 473
378 473
379 472
381 472
383 470
384 470
385 469
386 469
388 467
389 467
390 466
391 466
393 464
394 464
395 463
396 463
398 461
399 461
400 460
401 460
402 459
403 459
405 457
406 457
408 455
409 455
412 452
413 452
415 450
416 450
422 444
423 444
445 422
444 422
443 421
442 422
441 422
440 421
439 422
438 422
437 421
436 422
435 422
434 421
433 422
432 422
431 421
430 422
429 422
428 421
427 422
426 422
425 421
424 422
389 422
388 421
387 422
386 422
385 421
384 422
383 422
382 421
371 421
370 420
369 421
368 420
360 420
359 419
358 420
357 419
350 419
349 418
343 418
342 417
339 417
338 416
337 417
336 416
332 416
331 415
327 415
326 414
323 414
322 413
319 413
318 412
315 412
314 411
312 411
311 410
308 410
307 409
305 409
304 408
302 408
301 407
300 407
299 406
300 405
301 405
302 404
303 405
304 405
305 404
306 405
307 405
308 404
309 405
310 405
311 404
312 405
313 405
314 404
315 405
316 405
317 404
318 405
319 405
320 404
321 405
322 405
323 404
324 405
325 405
326 404
327 405
328 405
329 404
428 404
429 403
430 404
431 404
432 403
433 404
434 404
435 403
436 404
437 404
438 403
439 404
440 404
441 403
442 404
443 404
444 403
445 404
446 404
447 403
448 404
449 404
450 403
451 404
452 404
453 403
454 404
455 404
456 403
457 404
458 404
459 403
460 403
461 402
461 401
463 399
463 398
465 396
465 395
467 393
467 392
468 391
468 390
470 388
470 387
472 385
472 384
473 383
473 382
411 382
410 381
409 382
408 382
407 381
406 382
405 381
404 382
403 382
402 381
401 382
400 382
399 381
364 381
363 380
362 381
358 381
357 380
356 381
354 381
353 380
320 380
319 379
318 380
312 380
311 379
310 380
309 380
308 379
307 379
306 380
305 379
302 379
301 378
302 377
308 377
309 376
317 376
318 375
326 375
327 374
334 374
335 373
343 373
344 372
345 373
346 372
354 372
355 371
356 372
357 371
366 371
367 370
368 371
369 370
380 370
381 369
382 370
383 369
396 369
397 368
398 369
399 369
400 368
421 368
422 367
423 368
424 368
425 367
426 368
427 368
428 367
429 368
430 368
431 367
480 367
481 366
481 365
482 364
482 363
483 362
483 361
484 360
484 359
485 358
485 356
486 355
486 353
487 352
487 350
488 349
488 347
489 346
489 344
490 343
490 341
491 340
491 338
492 337
492 336
493 335
493 333
494 332
494 328
495 327
495 324
496 323
496 320
497 319
497 313
498 312
498 305
499 304
499 297
500 296
500 291
488 291
487 292
486 291
485 292
469 292
468 293
467 292
466 293
440 293
439 294
438 294
437 293
436 294
435 293
434 294
433 293
432 294
394 294
394 297
393 298
393 303
392 304
392 307
391 308
391 313
390 314
390 318
389 319
389 323
388 324
388 328
387 329
387 334
385 336
384 335
384 330
383 329
383 323
382 322
382 316
381 315
381 311
380 310
381 309
380 308
380 304
379 303
380 302
379 301
379 294
329 294
328 293
327 294
325 294
324 293
323 294
321 294
320 293
297 293
296 292
295 293
294 292
293 293
292 292
269 292
268 291
251 291
250 290
249 291
248 290
237 290
236 289
235 290
234 290
233 289
219 289
218 288
217 288
216 289
215 288
204 288
203 287
193 287
192 286
190 286
189 285
190 284
225 284
226 283
227 284
228 284
229 283
230 284
231 284
232 283
233 284
234 284
235 283
236 284
237 283
273 283
274 282
275 283
276 283
277 282
278 283
279 283
280 282
281 283
282 283
283 282
320 282
321 281
322 282
323 282
324 281
325 282
326 282
327 281
328 282
329 282
330 281
331 282
332 281
367 281
368 280
369 281
370 281
371 280
372 281
373 281
374 280
375 281
376 281
377 280
378 281
379 280
414 280
415 279
416 280
417 280
418 279
419 280
420 280
421 279
422 280
423 280
424 279
425 280
426 279
462 279
463 278
464 279
465 279
466 278
467 279
468 279
469 278
470 279
471 279
472 278
473 279
474 278
501 278
501 277
500 276
501 275
501 274
500 273
501 272
501 270
500 269
501 268
501 267
500 266
501 265
501 263
500 262
501 261
501 260
500 259
500 252
499 251
499 246
498 245
499 244
498 243
498 237
497 236
497 231
496 230
496 227
495 226
495 224
494 223
494 220
493 219
493 216
492 215
492 213
491 212
491 209
490 208
490 205
489 204
489 203
488 202
488 200
487 199
487 197
486 196
486 195
485 194
485 193
484 192
484 190
483 189
483 188
482 187
482 185
481 184
481 183
480 182
480 180
479 179
479 178
478 177
478 176
477 175
477 174
476 173
476 172
475 171
475 170
474 169
474 168
473 167
473 166
471 164
471 163
469 161
469 160
468 159
468 158
466 156
466 155
464 153
464 152
462 150
462 149
460 147
460 146
458 144
458 143
456 141
456 140
452 136
452 135
448 131
448 130
425 107
424 107
418 101
417 101
415 99
414 99
412 97
411 97
409 95
408 95
406 93
405 93
403 91
402 91
400 89
399 89
397 87
396 87
394 85
393 85
391 83
390 83
389 82
388 82
387 81
386 81
385 80
384 80
382 78
381 78
380 77
378 77
377 76
376 76
375 75
374 75
373 74
371 74
370 73
369 73
368 72
366 72
365 71
364 71
363 70
361 70
360 69
359 69
358 68
356 68
355 67
354 67
353 66
350 66
349 65
347 65
346 64
343 64
342 63
339 63
338 62
336 62
335 61
332 61
331 60
329 60
328 59
323 59
322 58
316 58
315 57
308 57
307 56
300 56
299 55
270 55
269 56
