248 90
248 92
249 93
249 94
250 95
250 96
252 98
252 100
253 101
253 102
254 103
254 104
255 105
255 106
256 107
256 108
257 109
257 110
258 111
258 112
259 113
259 114
260 115
260 116
261 117
261 118
262 119
262 120
263 121
263 123
265 125
265 127
266 128
266 129
267 130
267 131
268 132
268 133
269 134
269 136
270 137
270 138
271 139
271 141
272 142
272 143
273 144
273 146
274 147
274 148
275 149
275 151
276 152
276 153
277 154
277 157
278 158
278 159
279 160
279 162
280 163
280 166
281 167
281 169
282 170
282 172
283 173
283 176
284 177
284 180
285 181
285 184
286 185
286 190
287 191
287 195
288 196
288 201
289 202
288 203
288 204
289 205
289 229
287 231
286 230
284 230
283 229
278 229
277 228
267 228
266 229
265 228
264 229
260 229
259 230
257 230
256 231
254 231
253 232
252 232
251 233
250 233
249 234
248 234
247 235
246 235
244 237
243 237
240 240
238 240
237 239
236 239
235 238
234 238
233 237
232 237
231 236
230 236
229 235
228 235
227 234
225 234
224 233
223 233
222 232
220 232
219 231
218 231
217 230
215 230
214 229
211 229
210 228
208 228
207 227
205 227
204 226
203 226
202 225
201 226
200 225
198 225
197 224
193 224
192 223
188 223
187 222
182 222
181 221
177 221
176 220
175 221
174 220
168 220
167 219
158 219
157 218
156 219
155 218
142 218
141 217
140 218
139 217
138 218
137 217
101 217
100 218
101 219
100 220
100 230
99 231
100 232
99 233
99 242
98 243
99 244
98 245
98 253
97 254
98 255
97 256
97 263
96 264
97 265
96 266
96 274
95 275
96 276
95 277
95 285
94 286
95 287
94 288
94 298
93 299
94 300
93 301
93 309
94 309
95 308
96 308
97 307
98 307
99 306
100 306
101 305
102 305
103 304
104 304
106 302
107 302
108 301
109 301
110 300
111 300
113 298
115 298
117 296
118 296
119 295
120 295
121 294
122 294
123 293
124 293
125 292
126 292
128 290
130 290
131 289
132 289
133 288
134 288
135 287
136 287
137 286
138 286
139 285
140 285
141 284
142 284
143 283
145 283
146 282
147 282
148 281
149 281
150 280
151 280
152 279
153 279
154 278
156 278
157 277
159 277
160 276
161 276
162 275
164 275
165 274
167 274
168 273
169 273
170 272
172 272
173 271
176 271
177 270
179 270
180 269
182 269
183 268
186 268
187 267
190 267
191 266
192 267
193 266
195 266
196 265
200 265
201 264
207 264
208 263
216 263
217 262
218 263
219 263
220 262
222 262
223 263
224 262
225 262
226 263
226 265
225 266
225 273
224 274
225 275
225 277
224 278
225 279
225 283
226 284
226 287
227 288
227 290
228 291
228 293
229 294
229 295
230 296
230 297
231 298
231 299
232 300
232 301
234 303
234 304
240 310
240 311
239 312
239 313
238 314
238 315
237 316
237 317
236 318
236 319
235 320
235 321
234 322
234 324
232 326
232 328
231 329
231 330
230 331
230 334
229 335
229 336
228 337
228 339
227 340
227 343
226 344
226 345
225 346
225 350
224 351
224 354
223 355
223 359
222 360
222 364
221 365
221 370
220 371
220 376
219 377
219 386
218 387
219 388
218 389
218 398
217 399
218 400
218 403
217 404
217 406
218 407
217 408
218 409
217 410
217 418
218 419
217 420
217 428
218 429
217 430
217 433
218 434
217 435
218 436
217 437
217 438
218 439
218 440
217 441
218 442
218 446
217 447
218 448
218 459
219 460
226 460
227 461
228 460
229 461
240 461
241 462
252 462
253 463
263 463
264 464
274 464
275 465
276 464
277 465
286 465
287 466
288 465
289 466
299 466
300 467
301 466
302 467
309 467
309 466
307 464
307 462
305 460
305 459
304 458
304 457
303 456
303 455
301 453
301 452
300 451
300 450
299 449
299 448
298 447
298 446
296 444
296 443
295 442
295 441
294 440
294 439
293 438
293 437
292 436
292 435
290 433
290 431
288 429
288 427
286 425
286 423
284 421
284 419
283 418
283 417
282 416
282 415
281 414
281 413
280 412
280 411
279 410
279 408
278 407
278 406
277 405
277 404
276 403
276 401
275 400
275 399
274 398
274 396
273 395
273 393
272 392
272 391
271 390
271 388
270 387
270 385
269 384
269 381
268 380
268 378
267 377
267 375
266 374
266 371
265 370
265 366
264 365
264 362
263 361
263 357
262 356
262 349
261 348
261 340
260 339
261 338
261 337
260 336
260 335
261 334
260 333
260 331
261 330
260 329
260 328
261 327
260 326
261 325
260 324
261 323
261 322
262 321
265 321
266 322
267 321
268 322
269 321
270 322
271 322
272 321
273 322
274 321
279 321
280 320
281 321
282 320
284 320
285 319
287 319
288 318
290 318
291 317
292 317
293 316
294 316
295 315
296 315
298 313
299 313
300 312
301 312
301 311
302 310
303 310
305 308
306 308
308 310
309 310
311 312
312 312
314 314
315 314
317 316
318 316
319 317
320 317
321 318
322 318
323 319
324 319
325 320
326 320
327 321
328 321
329 322
330 322
331 323
332 323
333 324
335 324
336 325
338 325
339 326
340 326
341 327
343 327
344 328
346 328
347 329
349 329
350 330
352 330
353 331
356 331
357 332
359 332
360 333
364 333
365 334
368 334
369 335
370 334
371 335
375 335
376 336
380 336
381 337
388 337
389 338
397 338
398 339
399 338
400 339
410 339
411 340
412 339
413 340
414 340
415 339
416 340
456 340
457 339
457 338
456 337
457 336
457 326
458 325
457 324
458 323
458 315
459 314
458 313
459 312
459 304
460 303
459 302
460 301
460 294
461 293
460 292
461 291
461 283
462 282
461 281
462 280
462 272
463 271
462 270
463 269
463 258
464 257
464 256
463 255
464 254
464 248
462 248
461 249
460 249
459 250
458 250
456 252
454 252
452 254
451 254
450 255
449 255
448 256
447 256
446 257
445 257
444 258
443 258
442 259
441 259
440 260
439 260
438 261
437 261
436 262
435 262
434 263
433 263
432 264
431 264
430 265
429 265
428 266
426 266
424 268
422 268
421 269
420 269
419 270
417 270
415 272
413 272
412 273
411 273
410 274
408 274
407 275
405 275
404 276
403 276
402 277
400 277
399 278
397 278
396 279
395 279
394 280
392 280
391 281
388 281
387 282
386 282
385 283
382 283
381 284
378 284
377 285
374 285
373 286
370 286
369 287
365 287
364 288
360 288
359 289
352 289
351 290
339 290
338 291
337 290
324 290
323 289
322 290
321 289
320 290
319 289
318 289
317 288
317 287
318 286
317 285
318 284
318 280
319 279
318 278
319 277
318 276
319 275
318 274
319 273
318 272
318 266
317 265
317 262
316 261
316 259
315 258
315 256
314 255
314 254
313 253
313 252
312 251
312 250
310 248
310 247
307 244
309 242
309 241
310 240
310 239
312 237
312 236
313 235
313 234
315 232
315 231
316 230
316 229
317 228
317 227
318 226
318 225
319 224
319 223
320 222
320 221
321 220
321 218
322 217
322 215
323 214
323 213
324 212
324 210
325 209
325 207
326 206
326 204
327 203
327 201
328 200
328 197
329 196
329 193
330 192
330 189
331 188
331 185
332 184
332 181
333 180
332 179
333 178
333 174
334 173
334 167
335 166
335 160
336 159
335 158
336 157
336 151
337 150
336 149
337 148
336 147
337 146
337 135
338 134
337 133
338 132
337 131
338 130
338 108
339 107
338 106
339 105
338 104
338 103
339 102
338 101
338 100
339 99
339 98
338 97
333 97
332 96
331 97
330 96
319 96
318 95
317 96
316 95
307 95
306 94
305 95
304 94
294 94
293 93
284 93
283 92
282 93
281 92
272 92
271 91
270 92
269 91
258 91
257 90
256 91
255 90
