177 16
177 20
176 21
176 26
177 27
176 28
175 28
176 29
176 37
175 38
176 39
176 44
177 45
177 50
178 51
178 55
177 56
178 57
178 61
179 62
179 63
180 64
180 65
181 66
181 69
182 70
182 74
183 75
183 77
184 78
184 80
186 82
186 85
187 86
187 89
188 89
189 90
189 92
190 93
190 95
192 97
192 99
193 100
193 101
195 103
195 106
196 106
197 107
197 110
198 110
199 111
199 113
200 114
200 115
201 116
201 117
202 117
203 118
203 120
205 122
205 123
207 125
207 127
209 129
209 130
210 131
210 132
212 134
212 135
213 136
213 138
214 138
215 139
215 141
216 142
217 142
218 143
218 145
219 146
219 147
221 149
221 150
222 151
222 152
223 153
223 154
226 157
226 158
225 159
223 159
222 158
221 158
220 157
219 157
214 152
212 152
208 148
207 148
206 147
205 147
203 145
202 145
200 143
198 143
196 141
195 141
193 139
192 140
190 138
187 138
185 136
184 136
183 135
182 135
181 134
180 134
179 133
177 133
176 132
174 132
173 131
171 131
169 129
166 129
165 128
162 128
160 126
156 126
155 125
153 125
152 124
149 124
148 123
147 123
146 122
141 122
140 121
139 121
138 120
133 120
132 119
129 119
128 118
124 118
123 117
118 117
117 116
114 116
113 115
110 115
109 114
108 115
106 115
105 114
99 114
98 113
95 113
94 112
93 113
92 113
91 112
86 112
85 111
84 112
83 111
78 111
77 110
70 110
69 109
63 109
62 108
61 109
60 109
59 108
54 108
53 107
52 107
53 108
53 110
54 111
54 112
56 114
56 115
57 116
57 117
59 119
59 120
60 121
61 121
62 122
62 123
64 125
64 127
65 127
66 128
66 129
69 132
70 132
72 134
72 135
73 135
74 136
74 137
75 138
76 138
81 143
81 144
82 145
84 145
89 150
90 150
91 151
92 151
93 152
93 153
94 154
96 154
98 156
98 157
99 157
100 158
101 158
102 159
103 159
104 160
104 161
106 161
107 162
109 162
113 166
116 166
118 168
119 168
120 169
121 169
122 170
123 169
125 171
125 172
126 172
127 173
128 173
129 174
130 173
132 175
133 175
135 177
138 177
140 179
142 179
143 180
144 180
145 181
146 181
147 182
148 182
149 183
150 182
151 183
153 183
155 185
157 185
159 187
160 187
161 188
162 187
163 188
164 188
166 190
168 190
169 191
171 191
174 194
174 195
173 196
165 196
164 195
163 196
152 196
151 197
144 197
143 198
141 198
140 197
139 198
136 198
135 199
130 199
129 200
125 200
124 201
120 201
119 202
115 202
114 203
113 203
112 204
110 204
109 205
106 205
105 206
104 206
103 207
101 207
100 208
97 208
96 209
95 209
94 210
92 210
91 211
89 211
87 213
84 213
82 215
80 215
79 216
77 216
75 218
73 218
72 219
71 219
70 220
68 220
66 222
64 222
62 224
59 224
59 225
58 226
56 226
55 227
54 227
52 229
50 229
49 230
48 230
47 231
46 231
44 233
42 233
41 234
40 234
38 236
37 236
36 237
35 237
33 239
31 239
30 240
29 240
27 242
26 242
24 244
22 244
19 247
17 247
16 248
15 248
14 249
12 249
8 253
6 253
5 254
5 255
6 256
8 256
9 257
10 257
12 259
13 258
14 259
16 259
17 260
19 260
20 261
21 261
22 262
23 261
24 261
26 263
28 263
29 264
30 263
31 264
33 264
34 265
35 264
36 265
38 265
39 266
40 265
41 266
46 266
47 267
48 267
49 266
50 266
51 267
52 267
53 266
54 267
60 267
61 266
62 267
68 267
69 266
70 267
71 267
72 266
73 266
74 267
75 267
76 266
78 266
79 267
80 266
85 266
86 265
88 265
89 266
90 265
92 265
93 264
99 264
100 263
102 263
103 262
104 263
106 263
107 262
110 262
111 261
114 261
115 260
118 260
119 259
122 259
123 258
127 258
128 257
131 257
132 256
136 256
137 255
142 255
143 254
147 254
148 253
149 253
150 252
154 252
155 253
154 254
154 255
151 258
150 258
149 259
148 259
146 261
145 261
143 263
143 264
142 265
140 265
136 269
135 269
135 270
132 273
131 273
128 276
127 276
126 277
126 278
115 289
115 290
113 292
113 293
112 294
111 294
110 295
110 296
108 298
108 299
107 300
107 301
103 305
103 306
101 308
101 309
97 313
97 315
95 317
95 318
93 320
93 321
92 322
91 322
91 324
90 325
90 326
87 329
87 330
86 331
87 332
85 334
85 335
83 337
83 339
81 341
81 342
80 343
80 345
78 347
78 348
77 349
77 350
76 351
75 351
75 352
74 353
75 354
74 355
74 356
73 357
73 358
72 359
72 360
70 362
70 363
69 364
70 365
68 367
68 368
67 369
67 370
65 372
65 373
64 374
64 375
63 376
64 377
62 379
62 381
60 383
60 385
58 387
58 388
56 390
56 391
57 392
55 394
55 395
54 396
54 398
53 399
53 401
52 402
53 402
54 401
57 401
58 400
60 400
61 399
62 400
64 398
67 398
68 397
72 397
72 396
73 395
75 395
76 394
79 394
81 392
82 392
83 391
85 391
87 389
88 389
89 388
90 388
92 386
93 386
94 385
95 385
97 383
99 383
100 382
101 382
101 381
103 379
104 379
106 377
107 377
110 374
111 374
112 373
112 372
113 371
114 371
115 370
116 370
116 369
117 368
118 368
122 364
123 364
123 363
125 361
126 361
127 360
127 359
129 357
130 357
132 355
132 354
134 352
135 352
137 350
137 349
140 346
141 346
141 345
142 344
143 344
143 343
146 340
146 339
149 336
150 336
150 335
151 334
152 334
153 333
153 332
157 328
157 327
163 321
163 320
165 318
166 318
167 317
167 316
172 311
173 311
174 312
174 315
172 317
172 320
171 321
171 322
170 323
170 326
169 327
169 329
168 330
168 333
167 334
167 336
166 337
167 338
166 339
166 341
165 342
165 345
164 346
164 348
165 349
164 350
164 354
163 355
163 362
162 363
162 371
161 372
161 373
162 374
162 377
161 378
161 380
162 381
162 383
161 384
161 386
162 387
162 390
161 391
161 392
162 393
162 403
163 404
163 405
162 406
162 408
163 409
163 414
164 415
164 417
163 418
163 419
164 420
164 424
165 425
165 430
166 431
166 436
167 437
167 439
166 440
166 441
167 442
167 446
168 447
168 449
169 450
169 453
170 454
170 459
171 460
171 466
172 467
172 470
173 471
173 475
174 476
174 481
175 482
175 486
176 487
175 488
176 488
177 489
177 493
177 492
178 491
179 491
181 489
181 488
182 487
182 486
184 484
185 484
186 483
186 482
187 481
187 480
189 478
189 476
192 473
193 473
192 472
195 469
195 467
198 464
197 463
199 461
199 459
200 458
200 457
201 456
201 454
203 452
202 451
205 448
204 447
204 446
205 445
205 443
206 442
206 440
207 439
207 438
208 437
208 432
209 431
209 430
210 429
210 428
211 427
210 426
210 424
212 422
212 421
211 420
212 419
212 417
213 416
213 411
214 410
213 409
213 408
214 407
214 403
215 402
215 397
216 396
216 395
215 394
216 393
216 388
217 387
217 381
218 380
218 379
217 378
218 377
218 372
219 371
219 368
218 367
218 366
219 365
219 363
220 362
219 361
219 359
220 358
220 354
221 353
220 352
220 351
221 350
221 349
222 348
223 348
225 350
225 354
226 355
226 358
227 359
227 360
228 361
228 365
229 366
229 367
230 368
230 369
231 370
231 373
233 375
233 377
234 378
234 380
236 382
236 384
238 386
238 387
239 388
239 390
242 393
242 394
244 396
244 398
246 400
246 401
248 403
248 404
249 405
249 406
252 409
252 410
256 414
256 415
257 416
257 417
258 417
259 418
259 420
264 425
264 426
269 431
269 432
273 436
274 436
275 437
275 438
277 440
277 441
278 442
279 442
281 444
281 445
282 445
284 447
284 448
285 449
286 449
287 450
287 452
288 452
296 460
297 460
298 461
298 462
299 463
300 463
302 465
302 466
303 467
304 467
306 469
306 470
307 471
308 471
311 474
311 475
313 475
316 478
316 479
317 479
321 483
321 484
323 484
326 487
326 488
328 490
329 490
330 491
331 491
332 492
332 493
332 489
333 488
333 487
332 486
333 485
332 484
332 482
333 481
333 476
332 475
332 473
333 472
333 469
332 468
332 463
331 462
331 458
330 457
330 454
331 453
330 452
330 448
329 447
329 446
328 445
328 444
327 443
327 440
326 439
326 436
325 435
325 432
324 431
324 429
323 429
322 428
322 425
321 424
321 421
319 419
319 418
318 417
318 414
317 414
316 413
316 411
315 410
315 409
314 408
314 407
313 406
313 404
311 402
311 400
309 398
309 396
307 394
307 393
305 391
305 389
303 387
303 386
301 384
301 383
300 382
300 381
299 380
299 379
298 378
298 376
297 376
296 375
296 374
295 373
295 371
293 369
293 368
290 365
290 364
289 363
289 362
288 361
288 359
285 356
285 354
283 352
283 350
284 349
285 350
286 350
287 351
288 351
290 353
291 353
295 357
296 357
299 360
300 360
302 362
303 362
304 363
305 363
308 366
310 366
312 368
313 368
315 370
317 370
319 372
320 371
321 372
322 372
324 374
326 374
327 375
328 375
330 377
332 377
333 378
335 378
336 379
338 379
340 381
342 381
343 382
347 382
349 384
352 384
353 385
356 385
357 386
360 386
361 387
363 387
364 388
367 388
368 389
372 389
373 390
375 390
376 391
377 391
378 390
379 391
380 391
381 392
386 392
387 393
390 393
391 394
392 393
393 393
394 394
395 394
396 395
403 395
404 396
405 396
406 395
407 396
410 396
411 397
412 397
413 396
414 397
417 397
418 398
419 398
420 397
421 397
422 398
425 398
426 399
427 399
428 398
429 399
430 398
431 399
434 399
435 400
437 400
438 399
439 400
444 400
445 401
451 401
452 402
453 401
454 401
455 402
457 402
456 401
456 399
455 398
455 397
454 397
453 396
453 395
451 393
452 392
451 391
450 391
449 390
449 389
445 385
445 383
444 383
443 382
443 381
442 380
441 380
440 379
440 378
439 377
438 377
437 376
437 375
436 375
434 373
434 372
433 372
429 368
428 368
427 367
427 365
425 365
423 363
422 363
420 361
420 360
419 360
418 359
417 359
414 356
413 356
410 353
409 353
407 351
406 351
404 349
402 349
401 348
400 348
398 346
397 346
395 344
393 344
392 343
391 343
390 342
389 342
387 340
386 341
385 340
384 340
383 339
384 338
382 338
380 336
379 337
377 335
376 335
375 334
374 334
373 333
371 333
369 331
367 331
366 330
365 330
364 329
363 329
362 328
361 328
360 327
357 327
356 326
355 326
354 325
353 325
352 324
351 324
349 322
346 322
344 320
342 320
340 318
337 318
335 316
335 315
337 313
344 313
345 314
352 314
353 313
363 313
364 312
368 312
369 313
370 312
371 312
372 311
377 311
378 310
383 310
384 309
388 309
389 308
393 308
394 307
396 307
397 306
399 306
400 305
403 305
404 304
405 304
406 303
408 303
409 302
412 302
413 301
414 301
415 300
417 300
418 299
420 299
422 297
425 297
427 295
429 295
430 294
432 294
434 292
436 292
438 290
441 290
443 288
444 288
446 286
449 286
451 284
453 284
455 282
456 282
457 281
458 281
459 280
460 280
461 279
462 279
463 278
464 278
465 277
466 277
468 275
470 275
473 272
475 272
476 271
477 271
479 269
480 269
481 268
483 268
483 267
485 265
487 265
488 264
489 264
491 262
492 262
493 261
494 261
495 260
497 260
499 258
500 258
500 257
501 256
503 256
504 255
504 254
503 253
501 253
500 252
499 252
498 251
495 251
494 250
493 250
492 249
490 249
489 248
488 249
487 248
485 248
483 246
482 246
481 247
480 246
479 246
478 245
477 246
476 245
473 245
472 244
468 244
467 243
466 244
465 243
456 243
455 242
454 243
453 243
452 242
451 242
450 243
448 243
447 242
446 243
445 243
444 242
443 242
442 243
433 243
432 244
431 243
430 243
429 244
427 244
426 243
425 244
423 244
422 245
421 245
420 244
419 244
418 245
416 245
415 246
414 246
413 245
412 245
411 246
409 246
408 247
406 247
405 246
404 247
401 247
400 248
397 248
396 249
393 249
392 250
389 250
388 251
383 251
382 252
380 252
379 253
374 253
373 254
368 254
367 255
363 255
361 257
360 256
359 257
356 257
355 256
356 255
356 254
359 251
360 251
361 250
362 250
364 248
365 248
367 246
367 245
368 244
370 244
374 240
375 240
375 239
378 236
379 236
382 233
383 233
384 232
384 231
390 225
390 224
392 222
393 222
394 221
394 220
396 218
396 217
398 215
399 215
399 214
401 212
401 211
402 210
402 209
406 205
406 204
408 202
408 201
412 197
412 195
413 194
413 193
416 190
416 189
418 187
418 186
419 185
419 184
421 182
421 181
422 180
422 179
423 178
423 177
424 176
424 175
426 173
426 171
427 170
427 169
429 167
429 166
430 165
430 163
432 161
432 159
433 158
434 158
434 157
435 156
435 153
437 151
437 149
439 147
439 146
440 145
440 143
441 142
441 141
442 140
442 139
444 137
444 135
446 133
446 131
447 130
447 128
449 126
449 124
451 122
451 121
452 120
452 119
453 118
452 117
453 116
453 115
455 113
455 111
456 110
456 108
457 107
456 107
455 108
451 108
450 109
447 109
445 111
442 111
441 112
437 112
435 114
434 114
433 115
430 115
430 116
429 117
428 116
426 118
424 118
424 119
423 120
422 119
420 121
419 121
418 122
417 122
415 124
414 124
413 125
412 125
411 126
410 126
409 127
408 127
408 128
406 130
405 130
403 132
402 132
400 134
399 134
396 137
395 137
395 138
394 139
393 139
393 140
392 141
391 140
391 141
389 143
388 143
388 144
387 145
386 145
386 146
385 147
384 147
381 150
381 151
380 152
379 152
377 154
377 155
376 156
375 156
374 157
373 157
373 158
372 159
372 160
371 161
370 161
370 162
369 163
368 163
366 165
366 166
363 169
363 170
361 172
360 172
357 175
357 176
354 179
353 179
353 180
352 181
352 182
350 184
349 184
349 185
347 187
347 188
345 190
344 190
343 191
343 192
338 197
337 197
336 196
336 193
337 192
337 191
338 190
338 188
339 187
339 185
340 184
340 182
341 181
340 180
341 179
341 175
343 173
343 170
344 169
344 163
345 162
345 159
346 158
346 156
345 155
346 154
346 149
347 148
346 147
346 146
347 145
347 137
348 136
348 135
347 134
347 131
348 130
348 129
347 128
347 125
348 124
348 123
347 122
347 118
348 117
347 116
347 106
346 105
346 102
347 101
346 100
346 96
345 95
345 86
344 85
344 81
343 80
343 75
342 74
342 64
341 63
341 60
340 59
340 58
339 57
339 51
338 50
338 44
337 43
337 39
336 38
336 36
335 35
335 28
334 27
334 25
333 24
334 23
333 22
333 21
332 20
332 16
332 17
331 18
330 18
327 21
327 23
325 25
324 25
323 26
323 27
320 30
320 31
319 32
319 33
318 34
318 35
317 36
316 35
316 37
315 38
315 39
313 41
313 42
312 43
312 44
311 45
311 46
310 47
310 48
309 49
309 50
308 51
308 52
307 53
307 55
306 56
306 58
304 60
304 64
303 65
303 66
302 67
302 69
301 70
301 71
300 72
300 73
301 74
300 75
300 77
298 79
298 85
296 87
297 88
297 89
296 90
296 92
295 93
295 94
296 95
295 96
295 101
294 102
294 105
293 106
293 108
294 109
293 110
293 111
292 112
293 113
293 114
292 115
293 116
293 117
292 118
292 119
293 120
291 122
291 123
292 124
291 125
291 130
290 131
290 132
291 133
290 134
290 145
289 146
289 148
290 149
289 150
289 154
288 155
289 156
289 157
288 158
288 159
287 160
286 159
285 159
284 158
284 154
283 153
283 151
282 150
282 148
281 147
281 144
279 142
279 140
278 139
278 137
277 136
277 134
276 133
276 132
274 130
274 128
272 126
272 124
271 123
271 122
269 120
269 118
268 117
267 117
266 116
266 114
264 112
264 110
263 110
262 109
262 107
259 104
259 102
258 102
256 100
256 99
255 98
255 97
254 97
252 95
252 93
249 90
249 89
244 84
244 82
243 82
239 78
239 77
235 73
234 73
233 72
233 71
232 70
232 69
230 67
229 67
227 65
227 64
226 63
225 63
224 62
224 61
223 60
222 60
221 59
221 57
220 57
208 45
207 45
206 44
206 43
204 41
203 41
202 40
202 39
200 37
199 37
197 35
197 34
196 34
195 33
194 33
193 32
193 31
190 28
189 28
188 27
188 26
187 25
186 25
179 18
178 18
177 17
