63 110
63 131
64 132
63 133
64 134
64 140
65 141
65 148
66 149
66 152
67 153
66 154
68 156
67 157
68 158
68 159
69 160
69 163
70 164
70 166
71 167
71 168
72 169
72 171
74 173
74 175
76 177
76 178
77 179
77 180
79 182
79 183
88 192
89 192
91 194
92 194
93 195
94 195
95 196
96 196
97 197
99 197
100 198
103 198
104 199
108 199
109 200
110 199
111 200
122 200
123 199
124 200
202 200
203 201
204 200
205 201
216 201
217 202
218 201
219 202
220 201
221 202
228 202
229 203
230 202
231 203
237 203
238 204
239 204
240 203
241 204
245 204
246 205
251 205
252 206
257 206
258 207
263 207
264 208
266 208
267 209
267 210
266 211
266 212
265 213
265 214
264 215
264 216
263 217
263 218
262 219
262 220
260 222
260 223
259 224
259 225
256 228
256 229
255 230
255 231
251 235
251 236
249 238
249 239
248 240
247 240
247 241
244 244
244 245
239 250
239 251
236 254
236 255
231 260
231 261
229 263
229 264
227 266
227 267
224 270
224 271
222 273
222 274
221 275
221 276
220 277
220 278
219 279
219 280
217 282
217 283
216 284
216 285
215 286
215 287
214 288
214 289
213 290
213 291
212 292
212 293
211 294
211 296
210 297
210 298
209 299
209 301
208 302
208 303
207 304
207 306
206 307
206 309
205 310
205 312
204 313
204 316
203 317
203 320
202 321
202 324
201 325
201 328
200 329
200 333
199 334
200 335
199 336
199 339
198 340
199 341
198 342
198 350
197 351
197 384
198 385
198 394
199 395
198 396
199 397
199 401
200 402
200 406
201 407
200 408
201 409
201 412
202 413
202 418
203 419
203 421
204 422
204 425
205 426
205 430
206 431
206 432
207 433
207 437
208 438
208 440
209 441
209 442
210 443
210 446
211 447
211 448
212 449
212 451
213 452
213 454
214 455
214 456
215 457
215 459
216 460
216 461
217 462
217 463
218 464
218 466
220 468
220 469
221 470
221 471
222 472
222 473
223 474
223 475
225 477
225 478
227 480
227 481
236 490
237 490
238 491
239 491
240 492
241 492
242 493
251 493
252 492
253 492
254 491
255 491
256 490
257 490
258 489
259 489
260 488
262 488
263 487
277 487
278 488
281 488
282 489
285 489
286 490
287 490
288 491
290 491
291 492
293 492
294 493
295 493
296 494
298 494
299 495
300 495
301 496
302 496
303 497
305 497
306 498
311 498
312 497
314 497
316 495
317 495
317 494
318 493
318 492
319 491
319 490
320 489
320 488
321 487
320 486
321 485
321 480
322 479
322 478
321 477
322 476
322 475
321 474
322 473
322 472
321 471
322 470
321 469
322 468
321 467
321 461
320 460
321 459
320 458
320 452
319 451
319 446
318 445
318 440
317 439
317 436
316 435
317 434
316 433
316 430
315 429
315 425
314 424
314 419
313 418
313 414
312 413
312 408
311 407
311 402
310 401
311 400
310 399
310 392
309 391
310 390
310 389
309 388
310 387
309 386
309 372
310 371
309 370
310 369
309 368
310 367
310 365
309 364
310 363
310 358
311 357
311 353
312 352
312 348
313 347
313 344
314 343
314 341
315 340
315 338
316 337
316 335
317 334
317 332
318 331
318 330
319 329
319 328
320 327
320 325
321 324
321 323
323 321
322 320
324 318
324 317
325 316
325 315
326 314
326 313
327 312
327 311
328 310
328 309
329 308
329 307
330 306
330 305
331 304
331 303
332 302
332 301
333 300
333 299
334 298
334 297
335 296
335 295
336 294
336 293
337 292
337 291
338 290
338 289
339 288
339 287
340 286
340 284
341 283
341 282
342 281
342 280
343 279
343 277
344 276
344 275
345 274
345 272
346 271
346 269
347 268
347 266
348 265
348 263
349 262
349 260
350 259
350 256
351 255
351 253
352 252
354 252
356 254
357 254
358 255
359 255
360 256
361 256
362 257
364 257
365 258
366 258
367 259
369 259
370 260
372 260
373 261
376 261
377 262
382 262
383 263
391 263
392 264
393 263
399 263
400 264
401 263
406 263
407 262
408 263
409 262
412 262
413 261
417 261
418 260
422 260
423 259
425 259
426 258
428 258
429 257
431 257
432 256
434 256
435 255
436 255
437 254
438 254
439 253
440 253
441 252
442 252
443 251
444 251
445 250
446 250
447 249
448 249
450 247
451 247
453 245
454 245
457 242
458 242
458 241
459 240
460 240
461 239
464 239
465 238
467 238
468 237
469 237
470 236
471 236
473 234
474 234
476 232
477 232
482 227
483 227
484 226
484 225
489 220
489 219
490 218
490 217
492 215
492 214
493 213
493 212
494 211
494 210
495 209
495 208
496 207
496 206
497 205
497 203
498 202
498 201
499 200
499 199
500 198
500 195
501 194
501 192
502 191
502 189
503 188
502 187
503 186
503 183
504 182
504 177
505 176
505 171
506 170
506 163
507 162
506 161
507 160
507 152
508 151
507 150
507 148
508 147
507 146
507 145
508 144
508 143
507 142
508 141
507 140
508 139
508 122
507 121
508 120
508 119
507 118
508 117
508 116
507 115
508 114
508 113
507 112
507 110
498 110
497 111
493 111
492 112
491 111
490 112
486 112
485 113
482 113
481 114
477 114
476 115
475 114
474 115
471 115
470 116
468 116
467 117
462 117
461 118
459 118
458 119
454 119
453 120
450 120
449 121
446 121
445 122
442 122
441 123
438 123
437 124
433 124
432 125
429 125
428 126
424 126
423 127
421 127
420 128
415 128
414 129
410 129
409 130
405 130
404 131
403 130
402 131
398 131
397 132
390 132
389 133
388 133
387 132
386 133
382 133
381 134
380 133
379 134
378 134
377 133
376 134
375 134
374 133
373 134
372 133
371 134
369 134
368 133
367 134
358 134
357 133
356 134
355 133
354 134
353 133
345 133
344 132
343 133
342 132
335 132
334 131
333 132
332 131
327 131
326 130
321 130
320 129
315 129
314 128
309 128
308 127
305 127
304 126
303 127
302 126
298 126
297 125
292 125
291 124
286 124
285 123
280 123
279 122
275 122
274 121
269 121
268 120
263 120
262 119
256 119
255 118
248 118
247 117
240 117
239 116
234 116
233 115
232 116
231 115
222 115
221 114
220 115
219 114
212 114
211 113
210 114
209 113
197 113
196 112
195 113
194 112
193 113
192 112
163 112
162 111
161 112
160 112
159 111
158 112
148 112
147 111
146 112
145 111
144 112
135 112
134 111
133 112
126 112
125 111
124 112
102 112
101 111
100 112
99 112
98 111
97 112
96 112
95 111
94 111
93 112
92 111
91 112
90 111
89 111
88 112
87 111
78 111
77 110
76 111
75 110
74 111
73 110
