303 107
300 110
299 110
295 114
294 114
291 117
290 117
287 120
286 120
284 122
283 122
281 124
280 124
278 126
277 126
275 128
274 128
272 130
271 130
270 131
269 131
267 133
266 133
265 134
264 134
263 135
262 135
261 136
260 136
258 138
257 138
256 139
255 139
254 140
253 140
252 141
251 141
250 142
249 142
248 143
247 143
246 144
245 144
244 145
243 145
242 146
241 146
240 147
239 147
238 148
237 148
236 149
234 149
233 150
232 150
231 151
230 151
229 152
228 152
227 153
226 153
225 154
224 154
223 155
221 155
220 156
219 156
218 157
217 157
216 158
215 158
214 159
213 159
212 160
211 160
210 161
209 161
208 162
207 162
206 163
204 163
203 164
202 164
201 165
200 165
199 166
198 166
197 167
196 167
195 168
194 168
193 169
192 169
191 170
190 170
189 171
188 171
187 172
186 172
185 173
184 173
183 174
182 174
181 175
180 175
178 177
177 177
176 178
175 178
174 179
173 179
172 180
171 180
170 181
169 181
168 182
167 182
165 184
164 184
163 185
162 185
160 187
159 187
158 188
157 188
155 190
154 190
153 191
152 191
150 193
149 193
148 194
147 194
145 196
144 196
142 198
141 198
139 200
138 200
136 202
135 202
132 205
131 205
129 207
128 207
126 209
125 209
122 212
121 212
118 215
117 215
114 218
113 218
109 222
108 222
105 225
104 225
99 230
98 230
95 233
95 236
96 237
96 238
97 239
96 240
97 241
97 242
98 243
97 244
98 245
98 246
99 247
99 250
100 251
100 253
101 254
100 255
101 256
101 257
102 258
102 261
103 262
103 266
104 267
104 270
105 271
105 275
106 276
106 279
107 280
107 284
108 285
108 289
109 290
109 294
110 295
110 300
111 301
111 304
112 305
111 306
112 307
112 310
113 311
113 316
114 317
114 320
115 321
114 322
115 323
115 326
116 327
116 331
117 332
117 336
118 337
118 341
119 342
119 346
120 347
120 351
121 352
121 354
122 355
121 356
122 357
122 359
123 360
122 361
123 362
123 364
124 365
124 368
125 369
125 372
126 373
126 376
127 377
127 380
128 381
128 384
129 385
129 387
130 388
130 391
131 392
131 394
132 395
132 398
133 399
133 401
134 402
134 405
135 406
135 408
136 409
136 411
137 412
137 415
138 416
138 418
139 419
139 420
140 421
140 424
141 425
141 426
142 427
142 429
143 430
143 433
144 434
144 435
145 436
145 438
146 439
146 440
147 441
147 444
148 445
148 446
149 447
149 449
150 450
150 451
151 452
151 454
152 455
152 457
153 458
153 460
154 461
154 462
155 463
155 465
156 466
156 467
157 468
157 470
158 471
158 472
159 473
159 475
160 476
160 477
161 478
162 477
163 478
164 477
165 478
166 477
167 478
168 477
216 477
217 478
218 477
219 478
220 477
221 478
222 477
223 478
240 478
241 479
242 478
243 479
244 478
245 479
257 479
258 480
259 479
260 480
261 479
262 480
274 480
275 481
276 480
277 481
278 481
279 480
280 481
291 481
292 482
293 481
294 482
295 481
296 482
312 482
313 483
314 482
315 483
316 482
317 483
318 482
319 483
395 483
396 482
397 483
398 483
399 482
400 483
401 482
402 482
401 481
402 480
402 477
403 476
403 473
404 472
404 469
405 468
405 466
406 465
405 464
406 463
406 461
407 460
407 457
408 456
408 453
409 452
409 449
410 448
410 445
411 444
411 442
412 441
412 438
413 437
413 435
414 434
414 431
415 430
415 428
416 427
416 425
417 424
417 422
418 421
418 419
419 418
419 416
420 415
420 413
421 412
421 410
422 409
422 407
423 406
423 404
424 403
424 402
425 401
425 399
426 398
426 396
427 395
427 394
428 393
428 391
429 390
429 389
430 388
430 386
431 385
431 383
432 382
432 381
433 380
433 379
434 378
434 376
435 375
435 374
436 373
436 371
437 370
437 369
438 368
438 367
439 366
439 365
440 364
440 362
441 361
441 360
442 359
442 357
443 356
443 355
444 354
444 353
445 352
445 351
446 350
446 348
447 347
447 346
448 345
448 344
449 343
449 341
450 340
450 339
451 338
451 336
452 335
452 334
453 333
453 332
454 331
454 329
455 328
455 327
456 326
456 325
457 324
457 322
458 321
458 319
459 318
459 317
460 316
460 315
461 314
461 312
462 311
462 310
463 309
463 307
464 306
464 305
465 304
465 302
466 301
466 299
467 298
467 297
468 296
468 294
469 293
469 292
470 291
470 289
471 288
471 286
472 285
472 283
473 282
473 280
474 279
474 278
475 277
475 275
476 274
476 272
477 271
477 269
478 268
478 266
479 265
479 263
480 262
480 260
479 259
478 259
477 258
476 258
475 257
474 257
472 255
471 255
470 254
469 254
467 252
466 252
465 251
464 251
462 249
461 249
460 248
459 248
456 245
455 245
454 244
453 244
451 242
450 242
447 239
446 239
443 236
442 236
440 234
439 234
435 230
434 230
431 227
430 227
429 226
429 225
428 225
423 220
422 220
421 219
421 218
420 218
392 190
392 189
391 189
390 188
390 187
389 187
388 186
388 185
377 174
377 173
376 173
375 172
375 171
361 157
361 156
360 156
340 136
339 136
338 135
338 134
337 134
330 127
329 127
323 121
322 121
318 117
317 117
313 113
312 113
308 109
307 109
305 107
