216 78
215 79
194 79
193 80
192 79
191 79
190 80
189 79
188 80
172 80
171 81
170 80
169 81
157 81
156 82
155 81
154 82
143 82
142 83
133 83
132 84
125 84
124 85
123 84
122 85
117 85
116 86
115 85
114 86
108 86
107 87
103 87
102 88
97 88
96 89
94 89
93 90
93 92
92 93
92 97
91 98
91 104
90 105
90 110
89 111
90 112
89 113
89 118
88 119
88 127
87 128
87 137
86 138
87 139
86 140
86 148
85 149
86 150
85 151
85 162
84 163
85 164
84 165
85 166
84 167
84 181
83 182
84 183
84 184
83 185
84 186
83 187
83 204
82 205
83 206
83 207
82 208
83 209
82 210
83 211
82 212
83 213
82 214
82 217
83 218
82 219
82 244
81 245
82 246
82 248
81 249
82 250
82 252
81 253
82 254
82 256
81 257
82 258
82 259
81 260
82 261
82 262
81 263
82 264
81 265
82 266
81 267
82 268
81 269
82 270
81 271
82 272
81 273
82 274
81 275
82 276
81 277
82 278
81 279
82 280
81 281
82 282
81 283
82 284
81 285
82 286
81 287
82 288
81 289
82 290
81 291
82 292
81 293
82 294
82 295
81 296
82 297
82 298
81 299
82 300
82 301
81 302
82 303
82 305
81 306
82 307
82 311
81 312
82 313
82 341
83 342
82 343
82 344
83 345
82 346
83 347
82 348
83 349
83 350
82 351
83 352
83 370
84 371
83 372
84 373
83 374
84 375
84 376
83 377
84 378
84 389
85 390
84 391
85 392
84 393
85 394
85 406
86 407
86 418
87 419
86 420
87 421
87 429
88 430
87 431
88 432
88 438
89 439
88 440
89 441
89 446
90 447
89 448
90 449
90 453
91 454
91 460
92 461
92 465
93 466
93 470
94 471
94 474
95 475
95 478
96 479
96 481
97 482
97 483
98 484
98 486
99 486
100 487
101 487
102 488
105 488
106 489
109 489
110 490
112 490
113 491
117 491
118 492
122 492
123 493
127 493
128 494
134 494
135 495
140 495
141 496
142 495
143 496
149 496
150 497
158 497
159 498
160 497
161 498
169 498
170 499
182 499
183 500
184 499
185 500
198 500
199 501
200 500
201 501
221 501
222 502
223 501
224 502
225 501
226 502
330 502
331 501
332 502
333 502
334 501
335 502
336 501
355 501
356 500
357 501
358 500
359 501
360 500
373 500
374 499
375 500
376 499
386 499
387 498
388 499
389 498
398 498
399 497
407 497
408 496
409 497
410 496
416 496
417 495
423 495
424 494
430 494
431 493
435 493
436 492
440 492
441 491
444 491
445 490
448 490
449 489
452 489
453 488
456 488
457 487
458 487
459 486
461 486
462 485
464 485
466 483
467 483
468 482
469 482
472 479
475 479
475 476
478 473
478 472
479 471
479 470
481 468
481 467
482 466
482 464
483 463
483 461
484 460
484 458
485 457
485 454
486 453
486 450
487 449
487 446
488 445
488 441
489 440
489 435
490 434
490 429
491 428
491 422
492 421
492 416
493 415
492 414
493 413
493 406
494 405
493 404
494 403
494 395
495 394
494 393
495 392
495 382
496 381
495 380
496 379
496 367
497 366
496 365
497 364
496 363
497 362
497 346
498 345
497 344
498 343
497 342
498 341
498 340
497 339
498 338
498 312
499 311
498 310
498 309
499 308
498 307
499 306
498 305
499 304
498 303
499 302
498 301
499 300
499 299
498 298
499 297
499 296
498 295
499 294
499 292
498 291
499 290
499 288
498 287
499 286
499 284
498 283
499 282
499 280
498 279
499 278
499 276
498 275
499 274
499 272
498 271
499 270
499 268
498 267
499 266
499 264
498 263
499 262
499 261
498 260
499 259
499 258
498 257
499 256
498 255
499 254
498 253
499 252
498 251
499 250
498 249
499 248
498 247
498 246
499 245
498 244
498 219
497 218
498 217
498 216
497 215
498 214
497 213
498 212
497 211
497 195
496 194
497 193
496 192
497 191
496 190
496 178
495 177
496 176
495 175
495 165
494 164
495 163
494 162
494 155
493 154
494 153
493 152
493 144
492 143
492 136
491 135
491 129
490 128
490 123
489 122
489 117
488 116
488 112
487 111
487 108
486 107
486 104
485 103
485 101
484 100
484 98
483 97
483 95
482 94
481 94
480 93
478 93
477 92
475 92
474 91
471 91
470 90
467 90
466 89
462 89
461 88
456 88
455 87
451 87
450 86
443 86
442 85
435 85
434 84
426 84
425 83
417 83
416 82
415 83
414 82
404 82
403 81
402 82
401 81
388 81
387 80
386 81
385 80
370 80
369 79
368 80
367 79
366 80
365 79
342 79
341 78
340 79
339 78
338 79
337 78
336 78
335 79
334 78
223 78
222 79
221 78
220 78
219 79
218 78
217 79
