284 105
281 108
280 108
277 111
276 111
273 114
272 114
269 117
268 117
265 120
264 120
262 122
261 122
258 125
257 125
254 128
253 128
250 131
249 131
246 134
245 134
242 137
241 137
238 140
237 140
234 143
233 143
231 145
230 145
227 148
226 148
223 151
222 151
219 154
218 154
215 157
214 157
211 160
210 160
207 163
206 163
203 166
202 166
200 168
199 168
196 171
195 171
192 174
191 174
188 177
187 177
184 180
183 180
180 183
179 183
176 186
175 186
172 189
171 189
169 191
168 191
165 194
164 194
161 197
160 197
157 200
156 200
153 203
152 203
149 206
148 206
145 209
144 209
141 212
140 212
137 215
136 215
134 217
133 217
130 220
129 220
126 223
125 223
122 226
121 226
118 229
117 229
114 232
113 232
110 235
109 235
106 238
105 238
103 240
102 240
99 243
98 243
95 246
94 246
92 248
92 251
93 252
93 254
94 255
94 257
95 258
95 260
96 261
96 263
97 264
97 267
98 268
98 270
99 271
99 273
100 274
100 276
101 277
101 279
102 280
102 282
103 283
103 286
104 287
104 289
105 290
105 292
106 293
106 295
107 296
107 298
108 299
108 301
109 302
109 305
110 306
110 308
111 309
111 311
112 312
112 314
113 315
113 317
114 318
114 320
115 321
115 324
116 325
116 327
117 328
117 330
118 331
118 333
119 334
119 336
120 337
120 339
121 340
121 343
122 344
122 345
123 346
123 349
124 350
124 352
125 353
125 355
126 356
126 358
127 359
127 361
128 362
128 365
129 366
129 368
130 369
130 371
131 372
131 374
132 375
132 377
133 378
133 380
134 381
134 384
135 385
135 386
136 387
136 390
137 391
137 393
138 394
138 396
139 397
139 399
140 400
140 403
141 404
141 405
142 406
142 409
143 410
143 412
144 413
144 415
145 416
145 418
146 419
146 421
147 422
147 425
148 426
148 428
149 429
149 431
150 432
150 434
151 435
151 437
152 438
152 440
153 441
153 444
154 445
154 446
155 447
155 450
156 451
156 453
157 454
157 456
158 457
158 459
159 460
159 462
160 463
160 466
161 467
161 469
162 470
162 472
163 473
163 475
164 476
164 478
165 479
165 480
405 480
405 478
406 477
406 475
407 474
407 472
408 471
408 469
409 468
409 466
410 465
410 463
411 462
411 459
412 458
412 456
413 455
413 453
414 452
414 450
415 449
415 447
416 446
416 444
417 443
417 441
418 440
418 438
419 437
419 434
420 433
420 431
421 430
421 428
422 427
422 425
423 424
423 422
424 421
424 419
425 418
425 416
426 415
426 412
427 411
427 409
428 408
428 406
429 405
429 403
430 402
430 400
431 399
431 397
432 396
432 394
433 393
433 390
434 389
434 387
435 386
435 384
436 383
436 381
437 380
437 378
438 377
438 375
439 374
439 372
440 371
440 369
441 368
441 365
442 364
442 362
443 361
443 359
444 358
444 356
445 355
445 353
446 352
446 350
447 349
447 347
448 346
448 343
449 342
449 340
450 339
450 337
451 336
451 334
452 333
452 331
453 330
453 328
454 327
454 325
455 324
455 322
456 321
456 318
457 317
457 315
458 314
458 312
459 311
459 309
460 308
460 306
461 305
461 303
462 302
462 300
463 299
463 296
464 295
464 293
465 292
465 290
466 289
466 287
467 286
467 284
468 283
468 281
469 280
469 278
470 277
470 274
471 273
471 271
472 270
472 268
473 267
473 265
474 264
474 262
475 261
475 259
476 258
476 256
477 255
477 253
478 252
478 250
479 249
475 245
474 245
471 242
470 242
467 239
466 239
464 237
463 237
460 234
459 234
456 231
455 231
452 228
451 228
448 225
447 225
444 222
443 222
441 220
440 220
437 217
436 217
433 214
432 214
429 211
428 211
425 208
424 208
421 205
420 205
418 203
417 203
414 200
413 200
410 197
409 197
406 194
405 194
402 191
401 191
398 188
397 188
395 186
394 186
391 183
390 183
387 180
386 180
383 177
382 177
379 174
378 174
376 172
375 172
372 169
371 169
368 166
367 166
364 163
363 163
360 160
359 160
356 157
355 157
353 155
352 155
349 152
348 152
345 149
344 149
341 146
340 146
337 143
336 143
333 140
332 140
330 138
329 138
326 135
325 135
322 132
321 132
318 129
317 129
314 126
313 126
310 123
309 123
306 120
305 120
303 118
302 118
299 115
298 115
295 112
294 112
291 109
290 109
288 107
287 107
285 105
