94 90
93 91
94 92
93 93
94 94
94 105
95 106
94 107
95 108
94 109
95 110
95 118
96 119
95 120
96 121
96 128
97 129
96 130
97 131
97 138
98 139
98 140
97 141
98 142
98 146
99 147
98 148
99 149
99 155
100 156
99 157
100 158
100 164
101 165
101 173
102 174
102 181
103 182
102 183
103 184
103 191
104 192
104 200
105 201
104 202
105 203
105 210
106 211
105 212
106 213
106 222
107 223
106 224
107 225
107 236
108 237
107 238
107 239
108 240
108 241
107 242
108 243
108 258
109 259
108 260
108 261
109 262
108 263
109 264
108 265
109 266
108 267
109 268
108 269
109 270
109 271
108 272
109 273
109 274
108 275
109 276
109 277
108 278
109 279
109 280
108 281
109 282
109 283
108 284
109 285
109 286
108 287
109 288
108 289
109 290
108 291
109 292
108 293
109 294
108 295
108 296
109 297
108 298
108 315
107 316
108 317
107 318
108 319
107 320
107 331
106 332
107 333
106 334
107 335
106 336
106 344
105 345
106 346
105 347
105 355
107 355
108 354
109 354
110 353
112 353
113 352
114 352
115 351
117 351
118 350
120 350
121 349
122 349
123 348
125 348
126 347
127 347
128 346
130 346
131 345
132 345
133 344
135 344
136 343
138 343
139 342
140 342
141 341
143 341
144 340
145 340
146 339
148 339
149 338
150 338
151 337
153 337
154 336
155 336
156 335
158 335
159 334
160 334
161 333
163 333
164 332
165 332
166 331
168 331
169 330
171 330
172 329
173 329
174 328
176 328
177 327
178 327
179 326
181 326
182 325
183 325
184 324
186 324
187 323
189 323
190 322
191 322
192 321
194 321
195 320
196 320
197 319
199 319
200 318
202 318
203 317
204 317
205 316
207 316
208 315
210 315
211 314
212 314
213 313
214 313
215 312
217 312
218 311
220 311
221 310
222 310
223 309
225 309
226 308
228 308
229 307
230 307
231 306
233 306
234 305
235 305
236 304
238 304
239 303
241 303
242 302
243 302
244 301
246 301
247 300
248 300
249 299
251 299
252 298
254 298
255 297
256 297
257 296
259 296
260 295
261 295
262 294
264 294
265 293
267 293
268 292
269 292
270 291
272 291
273 290
275 290
276 289
278 289
279 288
280 288
281 287
283 287
284 286
285 286
286 285
288 285
289 284
291 284
292 283
293 283
294 282
296 282
297 281
299 281
300 280
301 280
302 279
304 279
305 278
306 278
307 277
309 277
310 276
312 276
313 275
315 275
316 274
317 274
318 273
320 273
321 272
323 272
324 271
325 271
326 270
328 270
329 269
330 269
331 268
333 268
334 267
336 267
337 266
339 266
340 265
341 265
342 264
344 264
345 263
346 263
347 262
349 262
350 261
352 261
353 260
355 260
356 259
357 259
358 258
360 258
361 257
363 257
364 256
365 256
366 255
368 255
369 254
371 254
372 253
374 253
375 252
377 252
378 251
379 251
380 250
382 250
383 249
385 249
386 248
387 248
388 247
390 247
391 246
392 246
393 245
395 245
396 244
398 244
399 243
400 243
401 244
401 251
400 252
401 253
400 254
401 255
400 256
400 257
401 258
400 259
400 262
399 263
397 263
396 264
395 264
394 265
392 265
391 266
389 266
388 267
387 267
386 268
384 268
383 269
381 269
380 270
378 270
377 271
375 271
374 272
372 272
371 273
370 273
369 274
367 274
366 275
364 275
363 276
361 276
360 277
358 277
357 278
356 278
355 279
354 279
353 280
351 280
350 281
348 281
347 282
345 282
344 283
343 283
342 284
340 284
339 285
337 285
336 286
334 286
333 287
332 287
331 288
329 288
328 289
327 289
326 290
324 290
323 291
321 291
320 292
319 292
318 293
316 293
315 294
313 294
312 295
311 295
310 296
308 296
307 297
306 297
305 298
303 298
302 299
300 299
299 300
298 300
297 301
295 301
294 302
293 302
292 303
290 303
289 304
287 304
286 305
285 305
284 306
282 306
281 307
279 307
278 308
277 308
276 309
274 309
273 310
272 310
271 311
269 311
268 312
267 312
266 313
264 313
263 314
262 314
261 315
259 315
258 316
257 316
256 317
254 317
253 318
251 318
250 319
249 319
248 320
247 320
246 321
245 321
244 322
242 322
241 323
239 323
238 324
237 324
236 325
234 325
233 326
232 326
231 327
230 327
229 328
227 328
226 329
225 329
224 330
222 330
221 331
220 331
219 332
217 332
216 333
215 333
214 334
212 334
211 335
210 335
209 336
207 336
206 337
205 337
204 338
202 338
201 339
200 339
199 340
198 340
197 341
195 341
194 342
193 342
192 343
191 343
190 344
188 344
187 345
186 345
185 346
183 346
182 347
181 347
180 348
178 348
177 349
176 349
175 350
174 350
173 351
171 351
170 352
169 352
168 353
167 353
166 354
165 354
164 355
162 355
161 356
160 356
159 357
157 357
156 358
155 358
154 359
152 359
151 360
150 360
149 361
148 361
147 362
146 362
145 363
143 363
142 364
141 364
140 365
138 365
137 366
136 366
135 367
134 367
133 368
132 368
131 369
129 369
128 370
126 370
125 371
124 371
123 372
122 372
121 373
120 373
119 374
117 374
116 375
115 375
114 376
113 376
112 377
110 377
109 378
108 378
107 379
105 379
104 380
103 380
102 381
102 383
101 384
101 391
100 392
101 393
100 394
100 399
99 400
100 401
99 402
99 408
98 409
99 410
98 411
98 416
97 417
98 418
97 419
97 426
96 427
97 428
96 429
96 436
95 437
96 438
95 439
95 448
94 449
95 450
94 451
94 462
93 463
94 464
93 465
94 466
93 467
102 467
103 466
104 467
105 466
106 467
107 466
108 467
109 466
115 466
116 465
117 466
118 466
119 465
120 466
121 465
127 465
128 464
129 465
130 464
136 464
137 463
138 464
139 463
140 464
141 463
146 463
147 462
148 463
149 462
154 462
155 461
156 462
157 461
158 462
159 461
163 461
164 460
165 461
166 460
168 460
169 459
170 459
171 458
172 458
173 457
174 457
175 456
176 456
177 455
178 455
179 454
180 454
181 453
182 453
183 452
184 452
185 451
186 451
187 450
188 450
189 449
190 449
191 448
192 448
193 447
194 447
195 446
196 446
197 445
198 445
199 444
200 444
201 443
202 443
203 442
205 442
207 440
208 440
209 439
210 439
211 438
213 438
214 437
215 437
216 436
217 436
218 435
219 435
220 434
221 434
222 433
223 433
224 432
225 432
226 431
227 431
228 430
229 430
230 429
231 429
232 428
233 428
234 427
236 427
237 426
238 426
239 425
240 425
241 424
242 424
243 423
244 423
245 422
246 422
247 421
249 421
250 420
251 420
252 419
253 419
254 418
255 418
256 417
258 417
259 416
260 416
261 415
262 415
263 414
265 414
266 413
267 413
268 412
269 412
270 411
272 411
273 410
274 410
275 409
276 409
277 408
279 408
280 407
281 407
282 406
284 406
285 405
286 405
287 404
289 404
290 403
291 403
292 402
294 402
295 401
296 401
297 400
299 400
300 399
302 399
303 398
304 398
305 397
307 397
308 396
310 396
311 395
312 395
313 394
315 394
316 393
318 393
319 392
321 392
322 391
324 391
325 390
327 390
328 389
330 389
331 388
332 388
333 387
335 387
336 386
339 386
340 385
342 385
343 384
344 384
345 383
348 383
349 382
351 382
352 381
354 381
355 380
357 380
358 379
361 379
362 378
364 378
365 377
367 377
368 376
371 376
372 375
375 375
376 374
378 374
379 373
382 373
383 372
385 372
386 371
389 371
390 370
393 370
394 369
397 369
398 368
401 368
402 367
405 367
406 366
408 366
409 365
410 366
411 365
413 365
414 366
414 373
415 374
415 383
416 384
416 387
415 388
412 388
411 389
408 389
407 390
404 390
403 391
401 391
400 392
396 392
395 393
393 393
392 394
389 394
388 395
385 395
384 396
383 396
382 397
380 397
379 398
378 397
377 398
375 398
374 399
372 399
371 400
370 400
369 401
368 400
367 401
365 401
364 402
362 402
361 403
359 403
358 404
357 404
356 405
355 404
354 405
352 405
351 406
350 406
349 407
347 407
346 408
345 408
344 409
343 408
341 410
340 409
339 410
338 410
337 411
335 411
334 412
332 412
331 413
330 413
329 414
327 414
326 415
324 415
323 416
321 416
320 417
318 417
317 418
316 418
315 419
313 419
312 420
311 420
310 421
308 421
307 422
306 422
305 423
303 423
302 424
301 424
300 425
299 425
298 426
296 426
295 427
294 427
293 428
291 428
290 429
289 429
288 430
287 430
286 431
284 431
283 432
282 432
281 433
280 433
279 434
277 434
277 435
276 436
275 435
274 436
273 436
272 437
271 437
270 438
269 438
268 439
267 439
266 440
264 440
263 441
262 441
261 442
260 442
259 443
258 443
257 444
256 444
255 445
254 445
253 446
252 446
251 447
249 447
247 449
246 449
245 450
244 450
243 451
241 451
240 452
239 452
239 453
240 454
241 453
251 453
252 452
253 453
255 453
256 452
257 453
258 453
259 452
260 453
261 452
262 453
263 452
264 453
265 452
266 453
267 452
268 453
269 452
270 453
271 452
272 453
273 452
274 453
275 452
276 453
277 452
278 453
279 452
280 453
281 452
282 453
283 452
284 453
285 452
286 453
287 452
288 453
289 452
290 453
291 452
292 453
293 452
294 453
295 452
296 453
297 453
298 452
299 453
301 453
302 452
303 453
315 453
316 454
317 453
318 454
319 453
320 454
321 454
322 453
323 454
331 454
332 455
333 454
334 455
335 454
336 455
343 455
344 456
345 455
346 456
347 455
348 456
355 456
356 457
357 456
358 457
365 457
366 458
367 457
368 458
374 458
375 459
376 458
377 459
383 459
384 460
385 459
386 460
391 460
392 461
393 460
394 461
400 461
401 462
402 461
403 462
409 462
410 463
411 462
412 463
417 463
418 464
419 463
420 464
427 464
428 465
429 464
430 465
438 465
439 466
440 465
441 466
450 466
451 467
452 466
453 467
454 467
455 466
456 467
463 467
464 466
463 465
463 453
462 452
463 451
462 450
462 440
461 439
461 430
460 429
460 422
459 421
460 420
459 419
459 412
458 411
458 403
457 402
457 396
456 395
457 394
456 393
456 386
455 385
455 379
454 378
455 377
454 376
454 370
453 369
454 368
453 367
453 360
452 359
453 358
452 357
452 350
451 349
452 348
451 347
451 338
450 337
451 336
450 335
450 325
449 324
450 323
449 322
450 321
449 320
449 306
448 305
449 304
449 303
448 302
449 301
448 300
449 299
448 298
448 297
449 296
448 295
448 261
449 260
448 259
449 258
448 257
449 256
448 255
449 254
449 253
448 252
449 251
449 237
450 236
449 235
450 234
449 233
450 232
450 222
451 221
450 220
451 219
451 210
452 209
451 208
452 207
452 200
453 199
452 198
453 197
453 191
454 190
453 189
454 188
454 182
455 181
454 180
455 179
455 172
456 171
456 165
457 164
456 163
457 162
457 156
458 155
457 154
458 153
458 148
459 147
458 146
459 145
459 139
460 138
459 137
460 136
460 130
461 129
460 128
461 127
461 119
462 118
461 117
462 116
460 116
459 117
457 117
456 118
455 118
454 119
451 119
450 120
449 120
448 121
447 121
446 122
443 122
442 123
441 123
440 124
439 124
438 125
435 125
434 126
433 126
432 127
431 127
430 128
428 128
427 129
425 129
424 130
423 130
422 131
420 131
419 132
418 132
417 133
415 133
414 134
413 134
412 135
411 135
410 136
407 136
406 137
405 137
404 138
403 138
402 139
400 139
399 140
398 140
397 141
396 141
395 142
392 142
391 143
390 143
389 144
388 144
387 145
385 145
384 146
383 146
382 147
381 147
380 148
378 148
377 149
375 149
374 150
373 150
372 151
370 151
369 152
367 152
366 153
365 153
364 154
363 154
362 155
360 155
359 156
357 156
356 157
354 157
353 158
352 158
351 159
349 159
348 160
346 160
345 161
343 161
342 162
341 162
340 163
338 163
337 164
336 164
335 165
333 165
332 166
330 166
329 167
327 167
326 168
324 168
323 169
321 169
320 170
318 170
317 171
315 171
314 172
313 172
312 173
310 173
309 174
307 174
306 175
304 175
303 176
301 176
300 177
298 177
297 178
295 178
294 179
292 179
291 180
288 180
287 181
285 181
284 182
281 182
280 183
278 183
277 184
275 184
274 185
272 185
271 186
269 186
268 187
265 187
264 188
262 188
261 189
258 189
257 190
254 190
253 191
251 191
250 192
247 192
246 193
244 193
243 194
240 194
239 195
236 195
235 196
232 196
231 197
229 197
228 198
226 198
225 199
224 198
223 199
220 199
219 200
217 200
216 201
212 201
211 202
208 202
207 203
204 203
203 204
199 204
198 205
195 205
194 206
191 206
190 207
185 207
184 208
182 208
181 209
176 209
175 210
172 210
171 211
168 211
167 212
166 211
165 212
161 212
160 213
158 213
157 214
156 213
155 214
151 214
150 215
147 215
146 214
146 205
145 204
145 201
146 200
148 200
149 199
154 199
155 198
158 198
159 197
163 197
164 196
167 196
168 195
172 195
173 194
177 194
178 193
181 193
182 192
185 192
186 191
189 191
190 190
194 190
195 189
198 189
199 188
201 188
202 187
206 187
207 186
210 186
211 185
213 185
214 184
217 184
218 183
221 183
222 182
224 182
225 181
228 181
229 180
231 180
232 179
235 179
236 178
238 178
239 177
241 177
242 176
245 176
246 175
248 175
249 174
252 174
253 173
255 173
256 172
258 172
259 171
261 171
262 170
264 170
265 169
267 169
268 168
270 168
271 167
273 167
274 166
276 166
277 165
279 165
280 164
282 164
283 163
285 163
286 162
288 162
289 161
291 161
292 160
293 160
294 159
296 159
297 158
299 158
300 157
301 157
302 156
304 156
305 155
307 155
308 154
309 154
310 153
312 153
313 152
315 152
316 151
317 151
318 150
320 150
321 149
322 149
323 148
325 148
326 147
327 147
328 146
330 146
331 145
332 145
333 144
335 144
336 143
337 143
338 142
340 142
341 141
342 141
343 140
345 140
346 139
347 139
348 138
349 138
350 137
352 137
353 136
354 136
355 135
357 135
358 134
359 134
360 133
361 133
362 132
364 132
365 131
366 131
367 130
368 130
369 129
371 129
372 128
373 128
374 127
375 127
376 126
377 126
378 125
380 125
381 124
382 124
383 123
384 123
385 122
386 122
387 121
389 121
390 120
391 120
392 119
393 119
394 118
395 118
396 117
398 117
399 116
400 116
401 115
402 115
403 114
405 114
406 113
407 113
408 112
409 112
410 111
412 111
413 110
414 110
415 109
416 109
417 108
419 108
420 107
421 107
422 106
424 106
425 105
426 105
427 104
428 104
429 103
431 103
432 102
433 102
434 101
435 101
436 100
438 100
439 99
441 99
442 98
443 98
444 97
446 97
447 96
449 96
450 95
451 95
452 94
453 94
454 93
456 93
457 92
459 92
460 91
462 91
463 90
453 90
452 91
451 90
450 91
449 90
448 91
440 91
439 92
438 91
437 92
436 91
435 92
428 92
427 93
426 92
425 93
418 93
417 94
416 93
415 94
409 94
408 95
407 94
406 95
400 95
399 96
398 95
397 96
392 96
391 97
390 96
389 97
383 97
382 98
381 97
380 98
374 98
373 99
372 98
371 99
364 99
363 100
362 99
361 100
354 100
353 101
352 100
351 101
344 101
343 102
342 101
341 102
340 101
339 102
331 102
330 103
329 102
328 103
327 103
326 102
325 103
316 103
315 104
314 103
313 103
312 104
311 103
310 104
309 103
308 104
307 104
306 103
305 104
252 104
251 103
250 104
249 104
248 103
247 104
246 103
245 104
244 103
243 103
242 104
241 103
231 103
230 102
229 103
228 102
227 103
226 102
218 102
217 101
216 102
215 101
214 102
213 101
207 101
206 100
205 101
204 100
203 101
202 100
197 100
196 99
195 100
194 99
193 100
192 99
186 99
185 98
184 99
183 98
177 98
176 97
175 98
174 97
168 97
167 96
166 97
165 96
161 96
160 95
159 96
158 95
157 96
156 95
151 95
150 94
149 95
148 94
143 94
142 93
141 94
140 93
139 94
138 93
133 93
132 92
131 93
130 92
129 93
128 92
122 92
121 91
120 92
119 91
118 92
117 91
109 91
108 90
107 91
106 90
105 90
104 91
103 90
