273 121
273 122
272 123
271 122
270 123
266 123
265 124
262 124
261 125
260 125
259 126
258 126
257 127
255 127
254 128
253 128
252 129
251 128
251 129
249 131
247 131
246 132
245 132
243 134
242 133
242 134
241 135
239 135
237 137
236 137
235 138
234 138
232 140
230 140
228 142
226 142
226 143
225 144
224 144
223 145
222 144
220 146
218 146
218 147
217 148
216 147
216 148
215 149
214 148
213 149
212 149
211 150
210 150
209 151
208 151
207 152
206 152
205 153
204 153
204 154
203 155
202 154
202 155
201 156
200 156
199 157
198 157
196 159
194 159
193 160
192 160
192 161
191 162
190 161
188 163
187 163
184 166
183 166
182 167
181 167
181 168
180 169
179 169
178 170
178 171
177 172
176 172
174 174
173 174
173 175
172 176
171 176
171 177
168 180
167 180
167 182
165 184
164 184
164 185
161 188
162 189
161 190
160 190
160 191
156 195
156 196
155 197
154 197
152 199
152 200
151 201
151 202
150 203
149 202
149 204
148 205
147 205
147 206
146 207
145 207
145 208
144 209
143 209
143 211
141 213
141 215
139 217
139 218
138 219
138 221
136 223
136 224
135 225
134 225
132 227
132 232
130 234
129 234
129 235
128 236
127 236
127 237
126 238
126 239
125 240
124 240
123 241
123 243
121 245
121 247
120 248
120 249
119 250
119 252
117 254
117 255
115 257
116 258
114 260
114 262
113 263
113 264
111 266
111 280
114 283
115 282
116 283
116 284
117 284
118 285
120 285
121 284
121 283
124 280
124 270
125 269
125 265
126 264
126 263
127 262
126 261
128 259
128 258
130 256
129 255
131 253
131 252
132 251
132 250
133 249
133 248
137 244
137 243
138 242
138 241
139 240
138 239
139 238
138 237
139 236
139 235
141 233
141 232
142 231
142 230
143 229
143 228
144 227
144 226
145 225
146 225
147 224
147 223
149 221
149 220
151 218
152 218
152 217
153 216
153 215
154 214
156 214
156 212
157 211
157 210
161 206
161 205
162 204
162 203
166 199
167 199
167 198
169 196
170 196
170 195
171 194
172 194
173 193
174 193
174 192
175 191
176 191
178 189
181 189
182 190
181 191
180 191
181 192
180 193
179 193
179 194
177 196
177 197
176 198
175 198
176 199
174 201
174 204
173 205
172 205
171 206
171 207
169 209
169 211
168 212
167 212
167 213
166 214
166 215
165 216
164 216
164 218
162 220
162 222
161 223
161 224
159 226
159 228
157 230
157 231
156 232
157 233
156 234
155 234
155 236
154 237
154 238
153 239
154 240
153 241
152 241
152 242
153 243
152 244
151 244
152 245
151 246
150 246
150 247
149 248
150 249
147 252
147 255
146 256
146 257
145 258
145 260
144 261
144 262
145 263
144 264
143 264
143 265
142 266
142 267
141 268
141 271
139 273
139 276
138 277
138 279
137 280
138 281
136 283
136 284
135 285
136 286
135 287
134 287
135 288
134 289
134 290
135 291
134 292
134 293
133 294
133 296
132 297
131 297
131 298
129 300
128 300
128 302
127 303
126 302
126 303
122 307
120 307
118 309
118 310
117 311
116 311
115 312
114 312
110 316
109 316
109 318
108 319
107 319
106 320
107 321
106 322
104 322
103 323
102 323
99 326
99 327
98 328
97 328
96 329
95 329
94 330
93 330
90 333
89 333
89 334
86 337
87 338
86 339
84 339
84 340
82 342
82 343
81 344
81 345
80 346
79 346
80 347
78 349
78 350
77 351
77 352
75 354
75 357
74 358
74 359
71 362
71 366
70 367
71 368
71 369
70 370
71 371
71 372
70 373
72 375
72 378
73 379
72 380
73 381
73 382
74 383
74 384
76 386
75 387
76 388
76 389
77 390
77 391
78 392
78 393
77 394
79 396
79 398
82 401
82 402
83 403
84 403
85 404
84 405
85 405
86 406
87 405
89 407
89 409
90 409
92 411
92 412
93 413
94 413
97 416
98 416
99 417
100 416
101 417
102 416
105 419
109 419
111 417
116 417
116 416
117 415
118 415
117 414
118 413
118 411
119 410
119 408
120 407
119 406
119 405
120 404
119 403
120 402
119 401
120 400
120 399
119 398
120 397
120 396
119 395
120 394
120 393
119 392
120 391
119 390
120 389
120 385
119 384
120 383
119 382
120 381
120 379
121 378
122 378
124 376
125 377
125 376
126 375
127 375
129 373
129 372
130 371
130 370
131 369
132 370
132 369
133 368
133 367
134 366
134 365
135 364
136 364
137 363
137 362
138 361
140 361
141 360
143 360
144 359
146 359
149 356
150 356
151 355
152 356
153 355
154 355
155 354
157 354
158 355
159 354
161 354
162 353
163 353
164 352
165 352
166 353
167 352
169 352
169 351
170 350
171 351
172 350
174 350
176 352
175 353
174 353
175 354
174 355
173 355
174 356
174 358
173 359
173 361
172 362
172 365
171 366
171 368
170 369
170 371
168 373
169 374
168 375
167 375
166 376
166 377
164 379
164 381
163 382
162 382
160 384
160 386
159 387
159 388
158 389
157 389
156 390
155 390
155 391
153 393
153 394
150 397
149 397
150 398
149 399
148 399
148 400
147 401
147 402
145 404
144 404
144 405
140 409
140 410
139 411
137 411
137 412
133 416
133 417
132 418
131 418
131 419
130 420
130 421
129 422
129 423
128 424
127 424
127 430
128 431
128 432
130 434
130 435
131 436
131 437
132 438
132 439
133 440
132 441
133 442
133 444
134 444
135 445
135 448
136 448
137 449
137 450
139 452
139 453
140 454
140 455
141 456
142 456
143 457
142 458
143 458
144 459
144 460
145 460
147 462
147 463
148 464
148 465
149 466
150 466
152 468
156 468
157 467
158 467
160 465
161 465
160 464
161 463
162 463
162 460
163 459
163 456
162 455
162 454
163 453
162 452
163 451
164 451
164 449
165 448
165 447
168 444
168 443
171 440
171 439
172 438
173 438
173 437
174 436
175 436
175 435
176 434
177 434
177 432
178 431
179 431
180 430
180 429
184 425
184 424
185 423
186 423
186 421
187 420
188 420
188 419
193 414
194 414
194 413
195 412
196 412
196 411
197 410
198 410
199 409
200 409
200 408
202 406
203 407
203 406
204 405
204 404
205 403
206 403
207 402
207 401
210 398
211 398
211 396
212 395
213 395
215 393
215 392
217 390
218 391
217 390
223 384
223 383
224 382
226 382
227 383
227 384
228 384
229 385
228 386
231 389
232 389
233 390
233 391
236 394
235 395
235 396
234 397
234 398
231 401
231 403
230 404
230 405
229 406
229 408
228 409
228 410
227 411
227 412
225 414
225 415
224 416
224 417
223 418
224 419
223 420
222 420
222 423
221 424
221 425
220 426
219 425
219 427
218 428
217 428
217 430
216 431
216 432
215 433
214 432
214 434
212 436
212 437
209 440
210 441
209 442
208 442
207 443
207 445
205 447
205 449
201 453
201 455
199 457
199 458
197 460
197 461
195 463
195 464
194 465
194 466
192 468
192 469
189 472
189 473
188 474
187 474
188 475
187 476
186 476
186 477
185 478
185 480
184 481
183 481
182 482
182 483
177 488
177 489
174 492
174 493
171 496
171 497
170 498
170 500
169 501
169 502
168 503
167 503
167 504
166 505
166 506
164 508
165 509
164 510
164 512
163 513
164 514
163 515
164 516
164 518
165 518
166 519
165 520
168 523
168 525
169 526
169 528
171 530
171 531
172 530
173 531
173 532
172 533
173 534
173 535
174 536
174 538
176 540
176 541
177 542
177 543
178 544
180 544
185 549
185 550
186 550
188 552
189 552
190 553
189 554
191 554
195 558
195 559
196 559
197 558
199 558
200 559
202 559
203 558
204 559
205 558
206 558
207 559
208 558
209 558
210 557
211 557
212 556
212 555
213 554
212 553
215 550
215 547
216 546
215 545
215 544
216 543
215 542
216 541
216 538
215 537
216 536
215 535
215 532
214 531
213 531
212 530
213 529
214 529
214 528
212 526
212 524
213 523
213 522
212 521
215 518
215 517
220 512
222 512
223 511
224 511
225 510
226 511
226 510
229 507
229 505
231 503
232 504
232 503
233 502
233 501
234 500
235 500
234 499
236 497
237 497
237 496
238 495
239 495
239 494
240 493
241 493
241 491
242 490
244 490
245 489
245 488
246 487
246 486
249 483
250 483
250 481
252 479
253 479
253 478
254 477
255 477
258 474
258 473
259 472
260 472
261 471
261 470
262 469
263 470
263 469
264 468
265 468
266 467
266 466
267 465
268 466
269 465
270 465
271 464
271 463
272 462
273 463
274 462
275 462
276 461
278 461
278 459
279 458
280 459
281 458
282 459
283 458
282 457
283 456
285 456
286 457
286 458
288 458
290 460
291 460
294 463
292 465
293 466
292 467
292 468
291 469
291 470
290 471
290 473
289 474
289 475
288 476
288 479
286 481
286 482
285 483
286 484
285 485
285 487
284 488
283 488
284 489
284 490
283 491
283 492
284 493
281 496
282 497
281 498
281 501
280 502
281 503
279 505
279 510
278 511
279 512
277 514
277 515
276 516
277 517
276 518
276 520
275 521
275 522
274 523
274 524
273 525
274 526
273 527
273 529
272 530
272 532
271 533
271 534
270 535
270 540
268 542
269 543
267 545
267 547
266 548
267 549
266 550
266 552
264 554
265 555
264 556
265 557
264 558
264 561
263 562
262 562
262 565
261 566
261 568
258 571
259 572
258 573
259 574
259 579
260 580
259 581
260 582
259 583
260 584
259 585
260 586
259 587
260 588
260 589
261 590
261 593
265 597
265 598
266 599
265 600
266 600
267 601
266 602
269 605
270 605
271 606
271 607
274 610
274 611
275 612
276 612
277 613
277 614
278 614
279 615
281 615
282 616
282 617
283 617
284 618
285 618
287 620
287 621
288 622
289 622
291 624
292 624
293 625
295 625
296 624
297 625
298 625
299 626
299 627
300 626
301 627
302 626
303 626
304 627
304 628
304 627
305 626
306 627
307 626
307 625
308 624
308 623
309 622
308 621
309 620
309 619
308 618
310 616
310 615
311 614
311 609
312 608
311 607
312 606
311 606
310 605
311 604
309 602
310 601
309 600
310 599
308 597
309 596
308 596
307 595
307 592
306 591
307 590
306 590
304 588
304 587
305 586
304 586
303 585
304 584
304 581
305 580
304 579
304 577
303 576
304 575
303 574
303 573
304 572
303 571
304 570
305 570
305 569
306 568
306 566
307 565
307 563
309 561
310 561
310 560
311 559
311 558
312 557
312 556
313 555
313 553
316 550
315 549
316 548
317 548
318 547
318 546
319 545
319 544
321 542
321 538
323 536
322 535
323 534
323 533
324 532
325 532
325 530
326 529
326 527
328 525
327 524
328 523
329 523
331 521
332 521
332 520
333 519
333 518
332 517
333 516
334 516
334 515
335 514
335 513
336 512
337 512
337 510
338 509
339 509
338 508
340 506
339 505
340 504
341 504
341 503
342 502
342 501
343 500
343 498
344 497
344 496
345 495
345 494
346 493
346 491
347 490
347 488
348 487
348 485
350 483
350 482
349 481
350 480
351 480
351 476
352 475
352 474
353 473
354 473
354 470
355 469
355 466
356 465
356 464
357 463
357 462
358 461
358 459
359 458
359 456
360 455
361 456
361 455
362 454
362 453
365 450
366 451
366 450
368 448
369 448
368 447
369 446
370 446
370 445
371 444
371 443
372 442
373 442
373 441
374 440
375 440
375 439
376 438
376 437
378 435
379 435
380 434
381 435
382 434
383 434
384 433
385 433
385 432
386 431
387 432
387 434
388 434
390 436
390 437
391 438
390 439
390 440
391 441
392 441
393 442
393 444
394 445
394 447
395 447
396 448
396 449
397 450
397 451
398 451
402 455
402 456
403 457
403 459
402 460
403 461
402 462
403 462
404 463
405 463
406 464
406 465
405 466
406 467
407 467
408 468
407 469
408 470
407 471
407 473
406 474
407 475
405 477
406 478
406 480
405 481
407 483
407 492
408 493
407 494
407 495
409 497
409 498
411 500
410 501
411 502
410 503
411 504
410 505
413 508
413 509
414 508
415 509
418 506
418 504
419 503
419 502
420 501
420 498
422 496
422 495
423 494
423 491
424 490
424 483
428 479
431 479
431 478
432 477
433 477
435 479
435 480
436 481
436 483
437 484
436 485
436 490
435 491
436 492
436 493
435 494
434 494
434 495
435 496
433 498
435 500
434 501
433 501
434 502
433 503
432 503
433 504
432 505
432 509
431 510
432 511
431 512
431 518
430 519
430 522
429 523
429 526
430 527
429 528
430 529
429 530
430 531
429 532
430 533
428 535
428 536
427 537
427 541
426 542
427 543
426 544
427 545
426 546
427 547
426 548
427 549
426 550
427 551
426 552
427 553
426 554
427 555
426 556
427 557
426 558
427 559
427 561
428 562
428 566
430 568
429 569
430 570
429 571
430 572
429 573
430 573
431 574
431 577
432 578
432 580
433 580
434 581
434 582
435 583
435 586
436 586
437 587
437 588
439 590
439 593
441 595
441 597
442 597
443 598
444 598
445 599
445 600
446 600
447 601
447 602
448 603
449 602
452 605
454 605
456 607
457 606
458 607
458 609
459 610
461 608
462 608
463 609
462 610
462 611
463 612
464 611
465 611
466 612
467 611
469 613
469 614
470 614
469 613
472 610
473 611
473 612
474 611
475 611
476 612
477 612
478 611
480 611
481 610
482 610
483 611
484 610
484 609
485 608
486 609
485 608
487 606
488 607
488 605
489 604
490 604
491 603
491 602
492 601
493 601
493 600
494 599
495 600
495 599
498 596
497 595
498 594
499 594
499 593
498 592
499 591
500 591
501 590
502 590
502 587
503 586
503 585
504 584
504 583
505 582
506 582
507 581
507 578
508 577
508 573
509 572
510 572
510 571
511 570
510 569
511 568
511 566
513 564
512 563
512 562
513 561
513 559
514 558
514 553
516 551
515 550
517 548
516 547
517 546
517 544
518 543
518 540
519 539
519 538
520 537
519 536
520 535
520 517
519 516
519 512
516 509
516 508
514 506
514 505
513 504
513 503
510 500
510 499
509 498
508 498
507 497
507 496
506 495
504 495
501 492
498 492
498 493
497 494
497 495
496 496
497 497
496 498
497 499
496 500
497 501
497 504
494 507
494 508
493 509
492 509
492 513
494 515
494 516
495 515
496 516
497 515
498 516
499 515
501 517
501 519
502 520
502 523
503 524
503 525
504 526
503 527
504 528
504 529
503 530
504 531
504 532
502 534
502 535
503 536
501 538
502 539
501 540
500 540
500 541
499 542
499 543
498 544
498 545
499 546
498 547
497 547
497 550
496 551
496 552
497 553
496 554
495 554
496 555
495 556
494 556
494 558
493 559
493 562
491 564
491 565
489 567
490 568
489 569
488 569
487 570
487 571
485 573
485 575
484 576
484 577
480 581
478 581
476 583
475 582
475 581
474 582
474 583
473 584
472 583
471 584
470 583
469 583
468 584
467 583
466 583
464 581
463 581
462 580
461 580
460 579
460 577
459 577
458 576
458 575
457 574
456 574
454 572
455 571
453 569
453 568
452 567
452 565
450 563
450 558
449 557
449 556
450 555
449 554
449 552
450 551
449 550
449 549
450 548
450 545
452 543
452 542
453 541
452 540
452 539
453 538
453 537
455 535
454 534
454 533
455 532
455 530
457 528
457 527
458 526
458 524
460 522
460 520
461 519
461 518
462 517
462 516
463 515
463 514
465 512
465 510
468 507
467 506
469 504
469 503
470 502
470 501
471 500
471 499
472 498
472 496
473 495
473 494
474 493
474 491
475 490
475 489
474 488
476 486
476 483
477 482
476 481
477 480
476 479
478 477
477 476
478 475
479 475
478 474
479 473
478 472
479 471
479 469
480 468
479 467
480 466
480 462
481 461
480 460
481 459
481 457
480 456
482 454
482 452
483 451
483 448
482 447
483 446
483 445
484 444
485 444
485 443
484 442
485 441
485 439
484 438
485 437
485 435
486 434
486 432
487 431
488 431
488 430
489 429
488 428
489 427
489 425
490 424
491 424
490 423
491 422
491 420
492 419
492 418
493 417
493 416
494 415
494 414
495 413
495 411
496 410
495 409
497 407
497 404
498 403
497 402
498 401
498 400
499 399
499 397
500 396
500 395
499 394
501 392
500 391
502 389
502 388
501 387
503 385
502 384
503 383
503 382
504 381
503 380
503 379
505 377
505 376
504 375
505 374
506 374
505 373
505 372
506 371
507 371
506 370
507 369
508 369
507 368
507 366
508 365
507 364
508 363
508 362
507 361
508 360
508 358
507 357
507 354
506 353
506 349
505 348
506 347
505 346
506 345
506 344
505 343
505 342
504 341
505 340
505 339
504 338
505 337
504 336
504 331
505 330
504 330
503 329
504 328
503 327
503 326
502 325
502 323
500 321
500 319
498 317
498 316
497 315
497 314
496 313
496 312
494 310
493 310
492 309
492 308
490 308
489 307
489 306
488 305
487 305
485 303
485 302
484 301
483 301
482 300
481 300
479 298
477 298
476 297
476 296
474 296
473 295
473 294
471 294
470 293
468 293
465 290
465 289
463 289
462 288
462 287
461 287
460 286
459 286
458 285
458 284
457 283
457 282
455 280
454 280
453 279
453 278
450 275
449 275
448 274
448 272
447 271
447 270
445 268
445 266
443 264
443 263
441 261
442 260
440 258
441 257
440 257
439 256
439 252
438 251
439 250
438 250
437 249
438 248
438 247
437 246
438 245
437 244
437 241
436 240
436 236
435 235
435 233
434 232
435 231
435 230
434 230
433 229
434 228
433 227
433 223
432 224
431 223
431 220
429 218
429 215
428 214
429 213
426 210
426 208
425 207
426 206
424 204
424 203
423 202
423 201
422 200
422 198
421 197
421 196
418 193
418 192
417 191
417 190
416 189
416 188
415 188
414 187
414 185
412 183
412 182
407 177
407 176
406 175
406 174
405 173
404 173
403 172
403 170
402 170
401 169
401 168
394 161
394 160
393 160
391 158
391 157
390 156
389 156
388 155
387 155
386 154
386 153
385 152
384 152
383 151
382 151
381 150
381 149
380 148
378 148
377 147
377 146
374 143
373 143
372 142
372 141
371 141
370 140
368 140
367 139
366 139
365 138
363 138
362 137
360 137
359 136
359 135
358 136
357 135
356 135
355 134
353 134
352 133
350 133
349 132
349 131
348 132
347 132
346 131
344 131
343 130
341 130
340 129
340 128
338 128
337 127
336 128
335 127
332 127
331 126
330 127
329 126
328 126
327 125
326 126
324 124
323 124
322 125
317 125
316 124
311 124
310 123
309 124
308 123
307 124
306 123
305 124
304 123
303 123
301 121
300 122
299 121
299 122
298 123
294 123
293 124
292 123
292 122
291 123
290 123
289 122
289 121
289 122
288 123
286 123
285 122
285 121
285 122
284 123
282 121
281 121
280 122
279 121
279 122
278 123
277 122
277 121
