266 1
265 2
262 2
260 4
258 4
257 5
256 5
251 10
250 10
249 11
249 12
248 13
247 13
246 14
243 14
242 13
242 12
238 12
237 13
235 13
234 14
231 14
230 13
225 13
224 14
221 14
219 12
219 10
218 9
217 9
215 11
214 11
213 12
209 12
208 13
192 13
191 14
164 14
163 15
156 15
155 14
151 14
150 15
132 15
131 16
118 16
117 15
99 15
98 14
81 14
80 15
67 15
66 16
60 16
59 17
53 17
52 18
35 18
34 19
33 18
24 18
23 19
2 19
1 20
2 21
6 21
7 22
14 22
15 23
15 24
16 25
20 25
21 24
39 24
40 25
54 25
55 26
64 26
65 27
71 27
72 28
77 28
78 29
90 29
91 30
102 30
103 31
116 31
117 32
147 32
148 31
164 31
165 30
181 30
182 29
198 29
199 28
215 28
216 27
233 27
234 28
238 28
239 27
240 28
244 28
245 27
252 27
253 28
253 29
255 31
255 32
258 35
259 35
260 36
261 36
263 38
267 38
267 34
269 32
269 30
270 29
270 28
271 27
276 27
277 26
285 26
286 25
289 25
290 26
292 26
292 25
293 24
298 24
299 23
300 24
305 24
306 25
308 25
311 28
312 28
313 29
314 29
315 30
318 30
319 31
328 31
328 27
325 24
325 23
324 22
323 22
322 21
322 17
324 15
324 14
325 13
325 12
326 11
327 11
328 10
328 6
324 6
323 7
321 7
320 8
318 8
317 9
316 9
314 11
313 11
309 15
308 15
306 17
302 17
301 18
289 18
288 17
280 17
279 16
279 15
277 15
276 16
275 16
274 17
273 16
270 16
269 15
268 15
267 14
267 6
268 5
268 1
