195 1
194 2
194 3
193 4
193 8
192 9
192 10
191 11
191 12
187 16
187 17
186 18
185 18
185 19
183 21
177 21
176 20
172 20
172 21
171 22
169 22
168 21
167 21
166 20
164 20
161 17
159 17
158 18
157 17
155 17
154 16
152 16
151 15
148 15
147 14
143 14
142 13
137 13
136 12
120 12
119 13
115 13
114 14
110 14
109 15
104 15
103 16
100 16
99 17
97 17
96 18
93 18
92 19
90 19
88 21
87 21
86 22
85 22
84 23
84 24
83 25
82 25
81 26
80 26
79 27
78 27
78 28
77 29
76 29
75 30
74 30
71 33
70 33
67 36
66 36
63 39
62 39
60 41
59 41
59 42
58 43
57 43
55 45
54 45
54 46
53 47
53 48
54 49
57 49
58 50
59 50
60 51
61 51
62 52
61 53
57 53
56 52
49 52
48 51
44 51
43 50
40 50
39 49
36 49
35 48
30 48
29 47
25 47
24 46
9 46
8 47
7 47
6 48
6 49
5 50
5 51
4 52
4 53
3 54
3 56
2 57
2 62
1 63
1 71
2 72
2 76
3 77
3 78
4 79
4 80
5 81
5 82
7 84
14 84
15 83
19 83
20 82
23 82
24 81
26 81
27 80
29 80
30 79
33 79
34 78
36 78
37 77
38 77
39 76
43 76
44 75
46 75
47 74
50 74
51 73
54 73
55 72
60 72
61 73
59 75
58 75
57 76
57 78
59 80
59 82
61 82
63 84
63 85
65 85
66 86
67 86
69 88
69 89
71 89
72 90
73 90
74 91
74 92
77 92
80 95
84 95
86 97
87 97
88 96
89 97
91 97
92 98
92 99
97 99
98 100
99 100
100 101
101 101
102 102
103 101
104 101
105 102
107 102
109 104
110 103
115 103
116 104
124 104
125 105
126 104
128 104
129 103
130 104
131 104
132 105
133 105
135 103
141 103
143 101
145 101
146 102
147 102
149 100
150 100
151 99
154 99
157 96
158 96
159 95
160 95
161 94
162 94
167 89
167 88
169 86
173 86
174 87
180 87
181 86
182 87
189 87
192 90
202 90
203 91
223 91
224 90
225 90
226 91
228 91
229 90
250 90
251 89
254 89
255 88
257 88
258 87
264 87
265 88
263 90
263 91
268 91
269 90
270 90
271 89
273 89
274 90
273 91
272 91
270 93
269 93
268 94
265 94
265 95
271 95
272 94
274 94
275 93
276 93
277 94
273 98
271 98
270 99
274 99
275 98
277 98
278 97
279 97
280 96
281 96
285 92
286 93
286 97
287 96
287 95
289 93
289 92
290 91
290 88
291 87
291 83
292 82
292 80
293 79
296 79
297 78
298 78
299 77
300 77
301 76
302 76
303 75
305 75
306 74
307 74
308 73
309 73
316 66
317 66
318 65
319 65
320 64
321 64
322 63
323 63
324 62
325 62
328 59
328 58
329 57
329 55
328 54
326 54
325 53
326 52
327 52
329 50
328 49
328 47
327 46
327 44
325 42
325 41
323 39
322 39
319 36
318 36
317 35
315 35
314 34
312 34
311 33
309 33
308 32
305 32
304 31
301 31
300 30
294 30
293 29
282 29
281 28
280 28
279 29
278 28
277 29
276 28
272 28
271 27
266 27
265 26
258 26
257 25
250 25
249 24
248 25
247 24
239 24
238 23
237 24
236 23
233 23
232 22
219 22
218 21
218 20
215 17
215 16
214 16
204 6
203 6
199 2
197 2
196 1
