299 1
298 2
296 2
294 4
293 4
292 5
288 5
287 6
278 6
277 7
274 7
273 6
272 7
261 7
260 8
255 8
254 9
250 9
249 10
246 10
245 11
238 11
235 8
234 8
232 6
231 6
229 4
227 4
226 3
225 3
224 2
223 3
220 3
219 2
218 2
217 3
214 3
213 2
212 2
212 3
211 4
209 4
208 5
207 5
206 4
201 4
202 5
200 7
196 7
197 8
194 11
190 11
192 13
192 15
189 18
189 19
188 20
188 21
187 22
188 23
187 24
186 24
186 25
184 27
183 27
183 28
182 29
181 29
180 28
179 28
178 27
177 27
176 26
175 26
174 25
172 25
171 24
170 24
169 23
167 23
166 22
158 22
157 21
152 21
151 20
130 20
129 21
128 20
126 22
124 22
123 23
120 23
121 24
120 25
119 25
117 27
116 27
115 28
114 28
115 29
114 30
113 30
110 33
107 33
107 34
105 36
102 36
102 37
101 38
100 38
98 40
95 40
94 41
93 41
92 42
90 42
90 43
89 44
88 44
87 45
85 45
83 47
82 47
81 48
79 48
79 49
78 50
78 51
77 52
76 51
75 51
75 52
73 54
73 60
74 61
73 62
70 62
69 61
68 61
64 57
63 57
60 54
59 54
56 51
54 51
50 47
49 47
47 45
46 45
41 40
40 40
39 39
38 39
37 38
36 38
34 36
31 36
30 35
25 35
24 36
21 36
20 37
18 37
18 38
17 39
16 39
15 40
14 40
12 42
10 42
11 43
7 47
7 48
6 49
6 50
4 52
4 53
3 54
3 55
2 56
2 59
1 60
1 75
2 76
2 79
3 80
3 81
5 83
5 87
4 88
5 88
9 92
10 92
11 93
12 93
15 96
18 96
19 97
20 96
21 97
22 96
28 96
29 95
32 95
33 94
38 94
39 93
40 93
41 92
44 92
45 91
46 91
47 90
54 90
55 89
56 89
57 90
58 90
58 89
60 87
63 87
64 86
76 86
77 87
86 87
87 88
94 88
95 89
95 91
94 92
94 93
90 97
91 97
92 98
92 100
94 100
96 102
96 104
99 104
100 105
100 107
101 108
104 108
105 109
105 110
106 109
108 109
109 110
110 110
111 111
117 111
118 110
119 111
121 111
123 113
124 112
125 112
126 111
128 111
129 112
133 112
134 111
139 111
140 110
141 110
142 111
144 109
145 109
146 108
149 108
150 107
151 107
152 106
153 106
155 104
157 104
158 103
159 103
163 99
164 99
165 98
166 98
168 96
170 96
170 95
172 93
172 92
174 90
174 89
175 88
175 87
176 86
176 85
177 84
177 83
178 82
178 81
180 79
181 79
182 78
195 78
196 77
199 77
200 76
202 76
203 77
202 78
201 78
201 79
202 78
208 78
209 79
212 79
213 80
210 83
211 83
212 84
213 84
214 83
219 83
220 84
220 86
218 88
220 88
221 87
225 87
226 86
228 86
230 88
229 89
229 90
232 90
233 89
234 89
235 88
236 88
237 87
238 87
240 85
241 85
242 86
242 88
240 90
242 90
243 89
244 89
251 82
252 82
255 79
256 79
257 80
256 81
256 82
257 81
258 81
259 82
257 84
257 86
256 87
257 88
257 91
256 92
258 92
259 91
259 90
260 89
261 90
261 92
260 93
260 94
259 95
258 94
258 96
257 97
257 98
260 95
261 96
261 99
260 100
260 101
261 100
261 99
262 98
262 97
263 96
263 95
264 94
264 93
265 92
265 90
266 89
267 89
268 90
269 89
269 85
270 84
270 80
271 79
271 71
272 70
272 69
276 65
278 67
279 66
279 65
280 64
280 57
279 56
279 55
281 53
288 53
289 52
291 52
292 51
294 51
295 50
297 50
298 49
299 49
302 46
304 46
305 45
306 45
307 44
308 44
309 43
310 43
312 41
313 41
315 39
317 39
319 37
319 36
320 35
321 35
321 34
323 32
324 32
324 31
325 30
325 29
326 28
326 27
327 26
327 22
326 22
325 21
325 20
326 19
326 15
325 14
324 14
323 13
322 13
320 11
318 11
316 9
316 7
314 9
313 9
312 8
310 8
309 7
308 7
307 6
307 5
305 3
304 3
303 2
301 2
300 1
