223 2
222 3
218 3
217 4
216 4
215 5
206 5
205 6
203 6
202 7
201 7
200 8
198 8
197 9
196 9
194 11
193 11
192 12
191 12
184 19
183 19
176 26
175 26
173 28
172 28
170 30
169 30
168 31
167 31
166 32
165 32
160 37
160 38
157 41
156 41
154 43
153 43
152 44
151 44
146 49
145 49
143 51
143 52
141 54
140 54
135 59
134 59
132 61
131 61
125 67
125 68
123 70
123 71
118 76
117 76
115 78
114 78
114 79
113 80
113 81
112 82
112 83
111 84
111 85
110 86
110 90
109 91
109 93
107 95
107 96
105 98
105 99
104 100
104 102
102 104
102 105
101 106
101 107
99 109
99 111
98 112
98 113
94 117
93 117
92 118
80 118
79 117
78 117
75 114
74 114
73 113
72 113
71 112
70 112
69 111
68 111
67 110
66 110
65 109
63 109
62 108
61 108
60 107
59 107
58 106
57 106
56 105
55 105
54 104
52 104
51 103
50 103
49 102
47 102
46 101
45 101
44 100
43 100
42 99
41 99
40 98
38 98
37 97
35 97
34 96
33 96
32 95
30 95
29 94
27 94
26 93
18 93
17 94
16 94
15 95
15 96
14 97
14 98
13 99
13 101
12 102
12 104
11 105
11 106
10 107
10 109
9 110
9 117
8 118
8 121
7 122
7 123
6 124
6 127
5 128
5 144
4 145
4 147
3 148
3 154
4 155
4 156
5 157
5 158
6 159
6 166
7 167
7 168
8 169
8 171
9 172
9 174
10 175
10 176
11 177
11 178
14 181
15 181
16 182
18 182
19 181
21 181
22 180
23 180
24 179
26 179
27 178
35 178
36 177
39 177
40 176
41 176
42 175
45 175
46 174
49 174
50 173
52 173
53 172
56 172
57 171
58 171
59 170
60 170
61 169
62 169
63 168
65 168
66 167
68 167
69 166
72 166
73 165
74 165
75 164
78 164
79 163
86 163
87 162
88 162
89 161
98 161
99 162
100 162
104 166
104 167
105 168
105 169
106 170
106 172
107 173
107 177
108 178
108 179
109 180
109 182
110 183
110 184
112 186
113 186
122 195
123 195
125 197
126 197
131 202
132 202
134 204
135 204
137 206
138 206
140 208
141 208
142 209
143 209
144 210
145 210
146 211
147 211
148 212
149 212
152 215
153 215
155 217
156 217
157 218
158 218
159 219
160 219
161 220
162 220
163 221
164 221
165 222
166 222
167 223
168 223
169 224
170 224
172 226
174 226
175 227
176 227
177 228
178 228
179 229
181 229
182 230
183 230
184 231
185 231
188 234
189 234
192 237
193 237
195 239
195 240
197 242
197 243
200 246
201 246
202 247
203 247
204 248
207 248
208 249
210 249
211 248
215 248
216 249
217 249
218 250
219 250
220 251
221 251
222 252
252 252
253 251
256 251
257 250
258 250
259 249
266 249
267 248
270 248
271 247
272 247
273 246
276 246
277 245
278 245
280 243
282 243
284 241
285 241
286 240
287 240
288 239
289 239
292 236
293 236
294 235
295 235
296 234
297 234
300 231
301 231
302 230
303 230
304 229
305 229
309 225
310 225
312 223
313 223
321 215
322 215
323 214
324 214
325 213
327 213
328 212
329 212
336 205
336 204
337 203
337 202
339 200
339 198
340 197
340 192
341 191
341 190
342 189
342 188
343 187
343 186
344 185
344 184
345 183
346 183
349 180
350 180
352 178
353 178
354 177
355 177
356 176
357 176
366 167
367 167
368 166
370 166
372 164
373 164
375 162
376 162
378 160
379 160
383 156
384 156
386 154
387 154
388 153
389 153
391 151
392 151
393 150
394 150
395 149
396 149
400 145
401 145
403 143
404 143
408 139
409 139
416 132
417 132
418 131
418 124
415 124
414 123
413 123
410 120
410 117
409 116
409 115
407 113
406 113
405 112
403 112
402 111
400 111
399 110
397 110
396 109
395 109
391 105
390 105
389 104
387 104
384 101
384 91
383 90
383 89
381 87
381 86
380 85
380 83
378 81
378 80
377 80
375 78
374 78
371 75
371 74
369 72
369 71
366 68
365 68
363 66
362 66
358 62
357 62
355 60
354 60
351 57
350 57
344 51
343 51
342 50
341 50
340 49
339 49
337 47
336 47
335 46
334 46
329 41
328 41
319 32
319 31
318 31
316 29
315 29
314 28
313 28
312 27
311 27
310 26
309 26
308 25
307 25
306 24
305 24
304 23
303 23
300 20
299 20
296 17
295 17
293 15
292 15
289 12
288 12
287 11
283 11
282 10
280 10
279 9
277 9
276 8
273 8
272 7
271 7
270 6
266 6
265 5
263 5
262 6
256 6
255 5
254 5
253 4
252 4
251 3
247 3
246 2
