206 1
204 3
200 3
199 4
198 4
195 7
193 7
193 8
192 9
190 9
189 10
186 10
184 12
180 12
179 13
174 13
169 18
168 18
167 19
162 19
160 21
159 21
158 22
156 22
154 24
151 24
150 25
149 25
146 28
143 28
140 31
138 31
138 32
137 33
135 33
134 34
132 34
132 35
130 37
129 37
129 42
128 43
128 45
127 46
126 46
125 47
125 48
124 49
123 49
119 53
119 54
118 55
116 55
110 61
108 61
108 63
107 64
105 64
104 65
104 66
103 67
101 67
95 73
93 73
92 74
92 75
90 77
89 77
89 78
88 79
86 79
85 80
77 80
76 79
69 79
67 77
61 77
60 76
57 76
55 74
46 74
45 73
42 73
40 71
31 71
30 70
15 70
14 71
12 71
10 73
10 75
9 76
9 77
6 80
6 82
3 85
3 89
2 90
2 93
3 94
3 107
4 108
4 110
5 110
6 111
6 112
7 113
8 113
9 114
9 116
12 119
12 121
13 122
14 122
15 123
15 124
16 125
18 125
20 127
28 127
30 125
41 125
42 124
46 124
48 122
54 122
55 121
59 121
61 119
64 119
65 118
70 118
72 116
76 116
77 115
80 115
82 113
91 113
92 114
92 115
93 115
95 117
95 119
96 120
96 122
97 122
98 123
98 124
100 124
103 127
104 127
105 128
106 128
107 129
107 130
108 131
109 131
110 132
110 133
111 134
112 134
114 136
114 137
115 137
116 138
117 138
122 143
124 143
125 144
126 144
128 146
130 146
132 148
132 149
134 149
137 152
138 152
139 153
143 153
144 154
144 155
147 155
148 156
154 156
156 158
162 158
163 159
166 159
168 161
179 161
180 162
183 162
184 163
184 164
188 164
189 165
192 165
193 166
193 167
195 167
196 168
198 168
199 169
199 170
202 170
203 171
204 171
205 172
205 173
208 173
209 174
211 174
213 176
214 176
215 177
217 177
219 179
220 179
223 182
224 181
225 182
255 182
256 181
267 181
268 182
286 182
287 181
288 182
290 180
291 180
293 178
294 179
295 179
297 177
302 177
303 176
304 176
306 174
308 174
309 173
310 173
312 171
315 171
316 170
318 170
318 169
319 168
321 168
325 164
327 164
327 163
329 161
330 161
330 160
331 159
331 158
333 156
333 154
334 153
334 152
340 146
342 146
342 145
343 144
347 144
352 149
352 150
353 151
353 153
356 156
360 156
360 154
361 153
361 150
363 148
363 141
364 140
364 137
366 135
366 133
374 125
376 125
379 122
380 122
381 121
383 121
386 118
387 118
390 115
392 115
394 113
395 113
396 112
398 112
400 110
401 110
408 103
410 103
418 95
418 87
416 85
416 82
415 81
415 79
407 71
405 71
402 68
401 68
395 62
393 62
383 52
383 50
377 44
377 43
370 36
369 36
363 30
361 30
358 27
357 27
355 25
353 25
350 22
349 22
348 21
346 21
344 19
343 19
342 18
339 18
337 16
335 16
334 15
333 15
331 13
329 13
328 12
324 12
322 10
319 10
318 9
313 9
312 8
312 7
266 7
265 6
261 6
260 5
260 4
258 4
257 3
238 3
236 1
235 1
234 2
216 2
215 1
214 1
214 2
213 3
208 3
