204 2
203 3
193 3
191 5
187 5
186 6
185 6
185 7
184 8
182 8
181 9
178 9
176 11
174 11
171 14
169 14
169 15
167 17
166 17
166 18
165 19
163 19
157 25
157 27
156 28
155 28
155 29
154 30
152 30
149 33
149 35
148 36
147 36
147 37
146 38
143 38
142 39
140 39
138 41
135 41
132 44
132 45
130 47
130 49
129 50
129 51
127 53
127 54
126 55
124 55
123 56
121 56
107 70
107 72
102 77
102 78
99 81
99 82
98 83
96 83
94 85
79 85
77 83
66 83
64 81
56 81
55 80
39 80
38 79
38 78
10 78
8 80
6 80
5 81
5 103
3 105
3 113
6 116
6 125
8 127
8 138
11 141
24 141
25 140
33 140
35 138
40 138
41 137
46 137
46 136
47 135
51 135
52 134
55 134
57 132
60 132
62 130
63 130
64 131
66 129
68 129
68 128
69 127
91 127
99 135
99 137
100 138
100 139
102 141
102 144
103 145
103 147
113 157
115 157
119 161
119 162
121 162
132 173
134 173
142 181
143 181
144 182
145 182
146 183
146 184
148 184
165 201
165 202
166 203
166 205
169 208
169 211
173 215
174 215
176 217
177 216
179 218
181 218
182 219
182 220
184 220
185 221
188 221
190 223
195 223
196 224
201 224
202 225
202 226
212 226
213 227
215 227
216 228
232 228
233 227
235 227
236 228
238 226
242 226
242 225
243 224
251 224
252 223
256 223
256 222
257 221
264 221
265 220
268 220
270 218
272 218
272 217
273 216
274 216
275 217
276 217
278 215
278 214
279 213
281 213
282 212
284 212
286 210
287 210
288 209
298 209
306 201
307 201
312 196
312 195
319 188
320 188
321 187
323 187
325 185
328 185
331 188
331 191
334 191
335 190
336 190
336 189
337 188
338 188
339 187
339 186
340 185
341 185
342 184
342 182
345 179
345 177
346 176
347 176
347 174
351 170
353 170
353 169
354 168
356 168
358 166
360 166
361 165
361 164
362 163
363 163
364 162
365 162
367 160
369 160
372 157
373 157
375 155
377 155
378 154
380 154
380 153
381 152
383 152
386 149
388 149
389 148
389 147
390 146
392 146
394 144
395 145
402 138
403 138
409 132
411 132
416 127
416 122
415 122
414 121
414 119
411 116
411 114
406 109
405 110
401 106
400 106
399 105
398 105
397 104
397 103
396 103
394 101
394 100
393 100
392 99
392 97
391 96
391 94
390 94
389 93
389 92
386 89
386 88
359 61
357 61
356 60
356 59
355 58
354 58
353 57
353 56
352 55
350 55
348 53
346 53
344 51
344 50
342 50
340 48
339 49
335 45
332 45
331 44
326 44
325 43
325 42
323 42
322 41
320 41
318 39
317 39
315 37
314 38
313 38
311 36
310 36
309 35
309 34
307 34
303 30
301 30
300 29
300 28
298 28
295 25
293 25
291 23
290 23
289 22
287 22
285 20
284 20
283 19
281 19
279 17
277 17
276 16
275 16
273 14
270 14
268 12
267 13
265 11
259 11
257 9
251 9
250 8
245 8
243 6
237 6
236 5
231 5
229 3
205 3
