97 1
96 2
95 2
93 4
93 5
92 6
92 7
91 8
91 9
90 10
90 12
89 13
89 15
88 16
88 19
87 20
87 25
86 26
86 44
87 45
87 57
88 58
88 62
89 63
89 82
90 83
90 89
89 90
89 93
90 94
90 99
89 100
87 98
86 98
85 97
85 96
84 95
83 95
81 93
80 93
79 92
78 92
77 91
76 91
75 90
73 90
71 88
71 87
70 86
70 85
58 73
57 73
53 69
48 69
46 67
43 67
43 71
44 71
45 72
45 75
51 75
52 76
52 77
53 77
54 78
54 79
59 84
59 85
60 85
62 87
63 87
64 88
64 89
65 89
66 90
66 91
68 93
68 96
70 96
71 97
73 97
74 98
76 98
77 99
79 99
80 100
80 102
83 105
83 106
82 107
81 106
78 106
78 107
76 109
75 108
75 105
73 105
72 104
71 104
70 103
61 103
60 104
56 104
55 105
54 104
53 104
52 103
52 102
51 101
51 100
50 100
49 99
49 97
48 97
47 96
47 94
43 90
43 89
42 88
42 87
39 84
39 83
33 77
33 76
32 76
31 75
30 75
29 74
28 74
27 73
21 73
21 76
24 76
29 81
30 81
31 82
31 83
32 83
33 84
33 86
35 86
36 87
36 88
38 90
38 91
39 92
39 93
40 93
41 94
41 96
43 98
43 99
45 101
45 102
47 104
47 105
50 108
50 109
49 110
49 112
48 113
48 116
49 117
48 118
47 118
46 119
45 119
44 120
41 120
40 121
38 121
37 122
35 122
34 123
32 123
31 124
29 124
27 126
25 126
24 127
21 127
20 128
17 128
16 129
11 129
10 130
6 130
5 129
2 129
1 130
1 133
5 133
6 134
14 134
15 133
21 133
22 132
25 132
26 131
28 131
29 130
31 130
32 129
33 129
34 128
36 128
37 127
38 127
39 126
41 126
42 125
43 125
44 124
46 124
47 123
51 123
52 124
52 125
53 125
55 127
55 128
57 128
58 129
58 130
70 130
72 132
73 132
74 133
74 134
75 134
76 135
75 136
73 136
72 137
71 137
70 138
67 138
66 139
65 139
64 140
58 140
57 139
53 139
52 138
47 138
47 141
48 141
50 143
48 145
41 145
40 146
38 146
37 147
36 147
35 148
32 148
31 147
28 147
26 149
24 149
23 150
17 150
16 149
15 149
14 148
11 148
11 151
10 152
9 152
9 155
15 155
16 156
19 156
20 155
21 156
24 156
25 155
28 155
29 154
35 154
36 153
40 153
41 152
44 152
45 151
46 151
47 150
48 150
49 149
50 149
51 148
52 148
53 147
59 147
60 146
63 146
64 145
65 145
66 144
67 144
68 145
72 145
73 144
74 145
74 146
73 147
73 148
72 149
72 150
71 151
71 152
70 153
70 154
69 155
69 156
68 157
68 158
67 159
67 160
66 161
66 162
65 163
65 164
64 165
64 166
63 167
63 168
61 170
61 172
59 174
59 175
58 176
58 177
56 179
56 181
54 183
54 184
53 185
53 186
52 187
52 188
51 189
51 190
50 191
50 192
49 193
49 195
48 196
48 197
47 198
47 199
46 200
46 203
45 204
45 205
44 206
44 209
43 210
43 212
42 213
42 217
41 218
41 231
42 232
42 233
43 234
52 234
53 233
55 233
56 232
57 232
59 230
60 230
64 226
65 226
65 225
67 223
67 222
68 221
69 221
72 218
72 217
74 215
74 214
76 212
77 212
77 210
79 208
79 207
80 206
80 205
81 204
81 203
82 202
82 201
84 199
85 199
86 200
93 200
94 199
95 199
98 196
98 195
99 194
100 194
102 192
102 191
103 190
103 189
104 188
104 187
105 186
105 185
106 184
106 183
107 182
107 180
109 178
109 175
110 174
110 172
111 171
111 170
112 169
112 168
113 167
114 167
115 168
116 168
120 172
120 173
121 173
122 174
122 175
123 175
124 176
124 177
125 178
126 178
127 179
127 180
130 183
130 184
132 184
135 187
136 187
138 189
139 189
141 191
142 191
145 194
146 194
149 197
150 197
151 198
153 198
154 199
154 200
155 201
156 201
157 202
160 202
160 199
159 199
158 198
159 197
162 197
162 194
158 194
156 192
155 192
154 191
154 190
153 190
152 189
151 189
150 188
149 188
148 187
147 187
146 186
145 186
144 185
143 185
142 184
141 184
137 180
137 179
135 179
121 165
121 164
118 161
117 161
116 160
116 159
115 158
117 156
117 149
116 148
117 147
117 146
118 145
119 146
119 148
120 149
120 150
121 150
123 152
123 154
125 154
126 155
126 156
131 156
132 157
134 157
135 158
136 158
137 159
139 159
140 160
141 160
142 161
145 161
146 162
148 162
149 163
166 163
167 164
173 164
175 166
178 166
179 167
182 167
183 168
185 168
186 169
212 169
213 168
218 168
218 165
217 165
216 164
216 161
213 161
211 163
203 163
202 164
201 164
200 163
197 163
196 164
195 164
194 163
189 163
188 162
188 161
187 161
186 160
181 160
180 159
170 159
169 158
170 157
170 155
171 154
179 154
180 153
182 153
183 152
186 152
187 151
188 151
189 150
191 150
192 149
195 149
197 147
198 147
200 145
206 145
207 144
209 144
210 143
216 143
217 142
220 142
222 140
226 140
228 138
230 138
231 137
233 137
234 136
235 136
235 135
236 134
237 134
238 133
238 129
232 129
230 131
229 131
228 132
225 132
224 133
222 133
221 134
220 134
219 135
217 135
216 136
213 136
212 135
213 134
213 131
212 131
211 130
210 130
209 129
206 129
205 128
202 128
201 127
194 127
193 126
181 126
180 127
173 127
172 126
159 126
158 125
149 125
148 124
142 124
141 123
140 123
139 122
139 121
140 120
144 120
145 119
167 119
169 121
172 121
172 118
173 117
189 117
190 118
195 118
196 119
199 119
200 118
203 118
204 119
218 119
219 120
220 120
221 121
224 121
224 120
225 119
226 119
227 120
229 120
230 121
233 121
233 117
234 116
235 116
235 113
232 113
231 114
230 114
229 113
225 113
224 114
216 114
215 113
210 113
209 112
203 112
202 113
197 113
196 112
172 112
171 111
163 111
162 112
156 112
155 113
147 113
146 114
140 114
139 115
137 115
136 114
133 114
132 115
130 115
130 117
129 118
127 118
127 119
126 120
125 119
123 119
122 118
119 118
118 117
119 116
120 116
121 115
122 115
125 112
126 112
126 111
128 109
128 108
129 107
129 106
130 105
130 104
131 103
132 103
133 102
136 102
137 101
139 101
140 100
146 100
146 97
144 97
143 96
144 95
146 95
148 93
150 93
151 92
153 92
154 91
155 91
156 90
158 90
159 89
161 89
161 88
163 86
168 86
168 85
169 84
173 84
175 82
178 82
179 81
181 81
182 80
190 80
190 77
189 77
188 76
189 75
191 75
191 71
186 71
185 72
184 72
184 73
183 74
180 74
179 75
177 75
176 76
175 76
174 77
173 77
172 78
169 78
168 79
166 79
165 80
164 80
163 81
161 81
160 82
159 82
158 83
157 83
156 84
154 84
153 85
152 85
151 86
150 86
149 87
147 87
146 88
145 88
143 90
142 90
141 91
140 91
138 93
136 93
135 94
134 94
132 96
131 95
131 93
130 92
130 69
131 68
131 65
130 64
130 56
129 55
129 52
128 51
128 50
125 47
119 47
118 46
118 40
117 39
117 33
116 32
116 29
115 28
115 27
114 26
114 22
113 21
113 18
112 17
112 16
111 15
111 13
110 12
110 11
107 8
107 6
105 4
105 3
103 1
