169 72
168 73
167 73
165 75
165 76
164 77
164 80
165 81
165 82
166 83
166 84
167 85
167 86
168 87
168 88
169 89
169 92
170 93
170 94
171 95
171 96
172 97
172 100
173 101
173 102
175 104
174 105
174 108
175 109
175 110
178 113
178 116
179 117
179 118
181 120
180 121
180 124
181 125
181 126
184 129
184 132
185 133
185 134
187 136
186 137
186 140
187 141
187 142
189 144
188 145
188 148
189 149
189 150
192 153
192 154
193 155
193 156
195 158
194 159
194 162
195 163
195 164
196 165
196 168
197 169
197 170
198 171
198 174
199 175
199 176
200 177
200 180
201 181
201 186
202 187
202 207
203 208
203 209
205 211
206 211
207 212
213 212
214 213
217 213
218 212
220 214
221 214
222 215
225 215
226 214
228 216
228 222
229 223
229 229
228 230
228 231
227 232
227 238
226 239
226 240
225 241
225 244
224 245
224 246
223 247
223 250
224 251
222 253
222 254
221 255
221 258
218 261
218 262
217 263
217 266
218 267
218 269
216 271
216 272
215 273
215 276
212 279
212 280
211 281
211 284
212 285
212 286
211 287
210 287
208 289
208 290
207 291
207 294
208 295
208 296
209 297
207 299
206 299
204 301
204 302
203 303
203 306
204 307
204 308
205 309
203 311
202 311
200 313
200 314
199 315
199 318
200 319
200 320
202 322
199 325
198 325
196 327
196 328
195 329
195 332
196 333
196 334
197 335
195 337
194 337
192 339
192 340
191 341
191 344
192 345
192 346
194 348
193 349
192 349
190 351
190 352
189 353
189 356
190 357
190 360
189 361
188 361
186 363
186 364
185 365
185 368
186 369
186 371
184 373
184 374
183 375
183 378
184 379
184 381
182 383
182 384
181 385
181 391
180 392
180 394
179 395
179 398
180 399
180 401
178 403
178 404
177 405
177 408
178 409
176 411
176 412
175 413
175 416
176 417
174 419
174 420
173 421
173 424
172 425
172 426
171 427
171 430
170 431
170 432
169 433
169 437
168 438
168 440
167 441
167 446
166 447
166 448
165 449
165 452
164 453
164 457
165 458
165 459
167 461
168 461
169 462
177 462
178 463
183 463
184 462
185 462
187 460
187 459
188 458
188 457
189 456
189 455
190 454
190 452
192 450
192 449
193 448
193 444
194 443
194 440
195 439
195 430
196 429
196 425
197 424
197 418
198 417
198 412
199 411
199 405
200 404
200 400
201 399
201 396
202 395
202 393
203 392
203 388
204 387
204 384
205 383
205 381
206 380
206 377
207 376
207 373
208 372
208 371
209 370
209 368
210 367
210 364
211 363
211 361
212 360
212 358
213 357
213 355
214 354
214 351
215 350
215 349
216 348
216 346
217 345
217 342
218 341
218 339
219 338
219 337
220 336
220 334
221 333
221 331
222 330
222 328
223 327
223 325
224 324
224 323
225 322
225 321
226 320
226 319
227 318
227 317
228 316
228 315
229 314
229 313
230 312
230 311
233 308
233 307
234 306
234 305
235 304
235 303
237 301
237 300
238 299
238 297
239 296
239 295
240 294
240 293
241 292
241 289
242 288
242 287
243 286
243 285
245 283
245 282
246 281
246 280
247 279
247 278
248 277
248 276
250 274
250 273
251 272
251 271
252 270
252 269
254 267
254 266
255 265
255 264
256 263
256 262
257 261
257 259
258 258
258 256
259 255
259 241
260 240
260 228
261 227
262 228
263 228
264 229
267 229
268 230
269 230
270 231
273 231
274 232
275 232
276 233
277 233
278 234
280 234
281 235
286 235
287 234
288 234
290 232
290 231
291 230
291 226
292 225
292 222
293 221
293 220
294 219
294 218
295 217
295 216
296 215
296 214
297 213
297 212
298 211
299 211
301 209
301 208
303 206
303 205
304 204
304 203
305 202
306 202
308 200
308 199
309 198
309 195
310 194
310 193
311 192
311 191
314 188
314 187
315 186
315 185
316 184
316 181
317 180
317 179
318 178
319 178
321 176
321 175
322 174
322 173
323 172
324 172
326 170
326 169
327 168
327 165
328 164
328 163
329 162
330 162
332 160
332 159
333 158
334 158
336 156
336 155
337 154
337 153
340 150
340 149
341 148
342 148
344 146
344 145
345 144
346 144
348 142
348 141
349 140
349 139
350 138
351 138
360 129
360 128
362 126
362 125
364 123
364 122
366 120
366 119
367 118
367 116
368 115
368 114
369 113
369 109
368 108
368 107
366 105
365 105
364 104
361 104
360 105
359 105
357 107
357 108
356 109
356 110
355 111
355 112
354 113
354 114
353 115
353 116
351 118
351 119
347 123
347 124
346 125
345 125
343 127
343 128
342 129
342 130
341 131
340 131
338 133
338 134
337 135
337 136
336 137
335 137
333 139
333 140
332 141
331 141
329 143
329 144
328 145
328 146
325 149
325 150
324 151
323 151
321 153
321 154
320 155
319 155
317 157
317 158
316 159
316 162
315 163
315 164
314 165
313 165
311 167
311 168
310 169
310 170
309 171
308 171
306 173
306 174
305 175
305 178
304 179
304 180
303 181
303 182
302 183
302 184
299 187
299 188
298 189
298 192
297 193
297 194
296 195
295 195
293 197
293 198
291 200
291 201
290 202
290 203
289 204
288 204
286 206
286 207
285 208
285 209
284 210
284 211
283 212
283 213
282 214
282 215
281 216
281 217
280 218
280 219
279 220
276 220
275 219
274 219
273 218
270 218
269 217
268 217
267 216
264 216
263 217
261 215
260 215
259 214
258 214
255 211
254 211
253 210
254 209
254 208
255 207
255 206
256 205
256 204
257 203
257 202
258 201
258 200
259 199
259 198
260 197
260 196
261 195
261 194
262 193
262 192
263 191
263 190
264 189
264 188
265 187
265 186
266 185
266 184
267 183
267 182
268 181
268 180
269 179
269 178
270 177
270 176
272 174
272 173
273 172
273 170
274 169
274 168
275 167
275 166
277 164
277 163
279 161
279 160
284 155
284 154
285 153
285 152
289 148
289 147
290 146
290 145
291 144
292 144
295 141
295 140
298 137
299 137
301 135
301 134
302 133
303 133
305 131
306 131
307 130
308 130
310 128
313 128
314 127
315 127
316 126
317 126
318 125
319 125
320 124
321 124
322 123
323 123
326 120
326 119
327 118
327 115
326 114
326 113
324 111
323 111
322 110
318 110
317 111
316 111
314 113
313 113
312 114
311 114
310 115
308 115
307 116
306 116
305 117
304 117
303 118
302 118
301 119
300 119
299 120
298 120
296 122
295 122
285 132
285 133
283 135
283 136
282 137
281 137
276 142
276 143
275 144
275 145
271 149
271 150
269 152
269 153
267 155
267 156
265 158
265 159
264 160
264 161
263 162
263 163
261 165
261 166
260 167
260 169
259 170
259 171
258 172
258 173
257 174
257 175
256 176
256 177
255 178
255 179
254 180
254 181
253 182
253 183
252 184
252 185
251 186
251 187
250 188
250 189
249 190
249 191
248 192
248 193
247 194
247 195
246 196
246 197
245 198
245 199
244 200
244 201
242 203
242 204
240 206
238 206
237 205
237 204
238 203
238 196
237 195
237 192
238 191
238 190
239 189
239 188
240 187
240 186
243 183
243 182
244 181
244 180
245 179
245 178
246 177
246 162
247 161
247 155
248 154
248 146
249 145
249 143
250 142
250 141
251 140
251 139
252 138
252 137
255 134
255 133
256 132
256 131
257 130
257 129
258 128
258 127
259 126
259 125
261 123
261 122
262 121
262 120
263 119
263 118
264 117
264 109
263 108
263 107
260 104
259 104
257 102
256 102
255 101
255 100
254 99
254 98
252 96
251 96
250 95
250 94
248 92
247 92
246 91
245 91
244 90
244 87
243 86
243 85
240 82
239 82
238 81
235 81
234 82
233 82
231 84
231 85
230 86
230 90
231 91
231 92
233 94
234 94
235 95
237 95
238 96
238 99
239 100
239 101
241 103
242 103
243 104
243 105
244 106
244 107
246 109
247 109
248 110
248 111
251 114
250 115
250 116
249 117
249 118
247 120
247 121
246 122
246 123
245 124
245 125
244 126
244 127
242 129
242 130
240 132
240 133
239 134
239 135
237 137
237 138
236 139
236 142
235 143
235 152
234 153
234 159
233 160
233 174
232 175
232 176
228 180
228 181
227 182
227 183
226 184
226 185
225 186
225 188
224 189
224 199
225 200
225 201
224 202
222 202
221 203
219 201
218 201
217 200
216 200
215 199
215 185
214 184
214 179
213 178
213 177
212 176
212 175
211 174
211 171
210 170
210 169
209 168
209 165
208 164
208 163
207 162
207 159
206 158
206 157
204 155
205 154
205 151
204 150
204 149
201 146
201 145
200 144
200 143
198 141
199 140
199 137
198 136
198 135
196 133
197 132
197 129
196 128
196 127
193 124
193 121
192 120
192 119
190 117
191 116
191 113
190 112
190 111
187 108
187 105
186 104
186 103
184 101
185 100
185 97
184 96
184 95
183 94
183 91
182 90
182 89
181 88
181 87
180 86
180 83
179 82
179 80
178 79
178 77
177 76
177 75
175 73
174 73
173 72
