185 45
184 46
182 46
181 47
180 47
179 48
178 48
176 50
176 51
175 52
175 57
174 58
174 63
173 64
173 92
174 93
174 101
175 102
175 105
176 106
176 111
177 112
177 114
178 115
178 118
179 119
179 121
180 122
180 125
181 126
181 129
182 130
182 131
184 133
184 134
185 135
185 136
186 137
186 138
188 140
188 141
189 142
189 143
191 145
192 145
193 146
193 147
195 149
195 150
197 152
198 152
199 153
199 154
200 155
200 156
202 158
202 159
207 164
208 164
210 166
211 166
213 168
214 168
215 169
215 170
217 172
218 172
220 174
221 174
222 175
223 175
224 176
225 176
226 177
227 177
228 178
231 178
232 179
233 179
234 180
234 181
235 182
235 183
236 184
236 187
237 188
237 194
238 195
238 205
237 206
237 210
236 211
236 213
235 214
235 218
234 219
234 223
233 224
233 226
232 227
232 230
231 231
231 238
230 239
230 249
229 250
229 253
228 254
228 267
227 268
227 276
226 277
226 290
225 291
225 292
224 293
224 299
223 300
223 301
222 302
222 322
223 323
223 336
222 337
222 403
223 404
223 407
224 408
224 409
226 411
223 414
223 415
222 416
222 420
223 421
223 422
225 424
226 424
227 425
237 425
238 424
248 424
249 423
251 423
252 422
254 422
255 421
256 421
257 420
258 420
264 414
264 413
266 411
266 410
267 409
267 408
268 407
268 405
269 404
269 403
270 402
270 390
271 389
271 380
272 379
272 374
273 373
273 364
274 363
274 343
273 342
273 337
274 336
274 299
273 298
273 297
272 296
272 278
271 277
271 274
272 273
272 267
271 266
271 263
272 262
272 200
271 199
271 189
270 188
270 186
271 185
271 182
273 180
277 180
278 179
291 179
292 178
296 178
297 177
298 177
299 176
300 176
301 175
302 175
303 174
304 174
305 173
306 173
310 169
311 169
312 168
313 168
315 166
315 165
321 159
321 158
323 156
323 155
325 153
325 152
326 151
326 150
327 149
327 148
328 147
328 146
329 145
329 144
330 143
330 142
331 141
331 140
332 139
332 137
333 136
333 133
334 132
334 130
335 129
335 127
336 126
336 124
337 123
337 119
338 118
338 113
339 112
339 109
340 108
340 104
341 103
341 97
342 96
342 79
341 78
341 52
340 51
340 50
338 48
337 48
336 47
332 47
331 48
330 47
329 47
328 46
325 46
324 47
323 47
321 49
321 50
320 51
320 62
321 63
321 66
322 67
322 68
323 69
323 70
324 71
324 73
325 74
325 77
326 78
326 88
325 89
325 103
324 104
324 110
323 111
323 114
322 115
322 118
321 119
321 121
319 123
319 124
318 125
318 126
317 127
317 128
316 129
316 130
315 131
314 131
312 133
312 134
311 135
311 136
310 137
309 137
307 139
307 140
305 142
305 143
304 144
303 144
299 148
299 149
296 152
295 152
294 153
293 153
292 154
291 154
290 155
289 155
288 156
287 156
286 157
285 157
284 158
283 158
282 159
280 159
279 160
277 160
276 159
279 156
279 155
280 154
280 153
281 152
281 151
282 150
282 149
283 148
283 146
284 145
284 144
285 143
285 140
286 139
286 137
287 136
287 135
288 134
288 133
289 132
289 130
290 129
290 128
291 127
291 125
292 124
292 122
293 121
293 120
294 119
294 115
295 114
295 110
296 109
296 65
295 64
295 63
294 62
294 58
293 57
293 56
292 55
292 54
289 51
289 50
287 48
286 48
285 47
282 47
281 48
280 48
278 50
278 51
277 52
277 56
274 59
274 60
273 61
273 73
272 74
272 76
271 77
271 79
270 80
270 82
269 83
269 85
268 86
268 92
267 93
267 117
266 118
266 123
265 124
265 128
264 129
264 133
263 134
263 136
262 137
262 138
261 139
261 141
260 142
260 144
259 145
259 146
257 148
257 149
255 151
254 150
254 144
253 143
253 140
252 139
252 137
251 136
251 135
250 134
250 132
249 131
249 129
248 128
248 127
247 126
247 125
246 124
246 119
245 118
245 114
244 113
244 100
243 99
243 94
242 93
242 87
241 86
241 79
240 78
240 73
239 72
239 68
238 67
238 65
237 64
237 62
236 61
236 60
231 55
230 55
229 54
224 54
223 55
222 55
218 59
218 60
217 61
217 96
218 97
218 105
219 106
219 111
220 112
220 120
221 121
221 123
222 124
222 127
223 128
223 132
224 133
224 138
225 139
225 143
226 144
226 147
225 148
223 146
223 145
222 144
222 143
220 141
220 140
219 139
219 138
218 137
218 135
217 134
217 133
216 132
216 131
215 130
215 129
214 128
214 126
213 125
213 123
212 122
212 121
211 120
211 118
210 117
210 115
209 114
209 111
208 110
208 109
207 108
207 105
206 104
206 103
205 102
205 100
204 99
204 97
203 96
203 94
202 93
202 92
201 91
201 88
200 87
200 83
199 82
199 77
198 76
198 71
197 70
197 65
196 64
196 61
195 60
195 56
194 55
194 50
193 49
193 48
191 46
190 46
189 45
