332 47
331 48
330 48
328 50
328 51
327 52
327 55
328 56
328 81
329 82
329 94
328 95
328 100
327 101
327 106
326 107
326 110
325 111
325 112
324 113
324 118
323 119
323 120
322 121
321 121
319 123
319 124
318 125
318 126
317 127
317 128
316 129
316 130
315 131
314 131
312 133
312 134
311 135
311 136
310 137
309 137
307 139
307 140
305 142
305 143
304 144
303 144
299 148
299 149
294 154
293 154
290 157
290 158
289 159
288 159
286 161
285 161
281 165
280 165
279 166
275 166
274 167
270 167
269 168
266 168
265 167
268 164
268 163
269 162
269 161
270 160
270 159
271 158
271 157
272 156
272 155
273 154
273 151
274 150
274 148
275 147
275 142
276 141
276 137
277 136
277 132
278 131
278 126
279 125
279 120
280 119
280 115
281 114
281 111
282 110
282 107
283 106
283 103
284 102
284 100
285 99
285 95
286 94
286 87
287 86
287 73
286 72
286 61
285 60
285 59
283 57
282 57
281 56
278 56
277 57
276 57
274 59
274 60
273 61
273 75
274 76
274 83
273 84
273 92
272 93
272 96
271 97
271 99
270 100
270 104
269 105
269 107
268 108
268 112
267 113
267 117
266 118
266 123
265 124
265 128
264 129
264 134
263 135
263 139
262 140
262 143
261 144
261 147
260 148
260 150
259 151
259 152
258 153
258 154
257 155
257 156
253 160
251 160
250 161
247 161
245 159
245 158
243 156
243 154
242 153
242 152
241 151
241 149
240 148
240 145
239 144
239 140
238 139
238 135
237 134
237 129
236 128
236 125
235 124
235 121
234 120
234 118
233 117
233 109
232 108
232 103
231 102
231 94
230 93
230 61
229 60
229 59
227 57
226 57
225 56
222 56
221 57
220 57
218 59
218 60
217 61
217 96
218 97
218 105
219 106
219 111
220 112
220 120
221 121
221 123
222 124
222 127
223 128
223 132
224 133
224 138
225 139
225 143
226 144
226 148
227 149
227 151
228 152
228 155
229 156
229 157
230 158
230 159
231 160
231 161
232 162
232 163
233 164
232 165
230 165
229 164
228 164
226 162
225 162
224 161
223 161
222 160
222 159
219 156
218 156
210 148
210 147
208 145
207 145
206 144
206 143
205 142
205 141
202 138
201 138
200 137
200 136
199 135
199 134
198 133
198 132
196 130
196 129
195 128
195 127
194 126
194 124
193 123
193 120
192 119
192 117
191 116
191 113
190 112
190 110
189 109
189 104
188 103
188 100
187 99
187 91
186 90
186 66
187 65
187 58
186 57
186 56
184 54
183 54
182 53
179 53
178 54
177 54
175 56
175 57
174 58
174 63
173 64
173 92
174 93
174 101
175 102
175 105
176 106
176 111
177 112
177 114
178 115
178 118
179 119
179 121
180 122
180 125
181 126
181 129
182 130
182 131
184 133
184 134
185 135
185 136
186 137
186 138
188 140
188 141
189 142
189 143
191 145
192 145
193 146
193 147
195 149
195 150
197 152
198 152
199 153
199 154
200 155
200 156
202 158
202 159
207 164
208 164
210 166
211 166
213 168
214 168
215 169
215 170
217 172
218 172
220 174
221 174
222 175
223 175
224 176
225 176
226 177
227 177
228 178
231 178
232 179
233 179
234 180
244 180
245 181
245 185
246 186
246 216
245 217
245 223
244 224
244 231
243 232
243 246
242 247
242 256
241 257
241 262
240 263
240 268
239 269
239 273
238 274
238 282
237 283
237 284
236 285
236 290
235 291
235 292
234 293
234 301
233 302
233 308
232 309
232 310
231 311
231 317
230 318
230 323
229 324
229 359
230 360
230 361
231 362
231 367
232 368
232 374
233 375
233 382
234 383
234 393
233 394
232 394
231 395
230 395
228 397
228 398
227 399
227 402
228 403
228 404
230 406
231 406
232 407
237 407
238 406
241 406
242 405
243 405
246 402
246 401
247 400
247 380
246 379
246 373
245 372
245 366
244 365
244 362
243 361
243 360
242 359
242 326
243 325
243 320
244 319
244 311
245 310
245 309
246 308
246 304
247 303
247 293
248 292
248 291
249 290
249 285
250 284
250 283
251 282
251 276
252 275
252 271
253 270
253 265
254 264
254 259
255 258
255 249
256 248
256 234
257 233
257 227
258 226
258 219
259 218
259 182
260 181
272 181
273 180
277 180
278 179
282 179
283 178
284 178
285 177
286 177
287 176
288 176
290 174
290 173
291 172
292 172
293 171
294 171
297 168
297 167
298 166
299 166
301 164
302 164
309 157
309 156
312 153
312 152
313 151
314 151
317 148
317 147
318 146
318 145
319 144
320 144
322 142
322 141
323 140
323 139
324 138
325 138
327 136
327 135
328 134
328 133
329 132
329 131
330 130
330 129
331 128
332 128
334 126
334 125
335 124
335 121
336 120
336 119
337 118
337 115
338 114
338 113
339 112
339 109
340 108
340 104
341 103
341 97
342 96
342 79
341 78
341 52
340 51
340 50
338 48
337 48
336 47
