185 78
184 79
182 79
181 80
180 80
178 82
177 82
177 83
176 84
176 85
175 86
175 89
174 90
174 92
175 93
175 95
176 96
176 102
174 104
166 104
165 105
163 105
162 106
161 106
160 107
159 107
158 108
157 108
157 109
156 110
156 111
155 112
155 114
157 116
174 116
175 117
175 118
176 119
176 121
177 122
177 136
176 137
176 140
175 141
175 142
174 143
174 144
173 145
173 147
171 149
146 149
145 150
142 150
141 151
139 151
138 152
137 152
136 153
134 153
133 154
132 154
130 156
129 156
128 157
127 157
122 162
122 163
121 164
121 165
120 166
120 170
119 171
117 171
116 172
114 172
113 173
112 173
110 175
109 175
99 185
98 185
95 188
94 188
89 193
89 194
88 195
88 196
87 197
87 206
88 207
88 208
89 209
89 210
90 211
91 211
92 212
93 212
95 214
96 214
97 215
99 215
100 216
102 216
103 217
104 217
105 218
106 218
107 219
108 219
109 220
111 220
112 221
113 221
116 224
117 224
118 225
119 225
120 226
122 226
123 227
125 227
126 228
129 228
130 229
137 229
138 230
143 230
144 231
147 231
148 232
152 232
153 233
159 233
160 234
173 234
174 235
226 235
227 234
229 234
230 233
232 233
233 232
234 232
235 231
237 231
238 230
239 230
240 229
242 229
243 228
244 228
245 227
246 227
247 226
248 226
249 225
250 225
251 224
252 224
253 223
254 223
255 222
257 222
258 221
259 221
261 219
262 219
266 215
267 215
268 214
269 214
271 212
273 212
274 211
275 211
276 210
277 210
280 207
281 207
283 205
283 204
284 203
284 202
285 201
285 200
286 199
286 190
285 189
285 188
280 183
279 183
278 182
277 182
276 181
275 181
274 180
273 180
272 179
271 179
270 178
267 178
266 177
264 177
263 176
262 176
261 175
259 175
258 174
256 174
255 173
252 173
251 172
250 172
249 171
249 169
248 168
248 163
247 162
247 161
244 158
243 158
242 157
238 157
237 156
234 156
233 155
229 155
228 154
223 154
222 153
220 153
219 152
214 152
213 151
199 151
198 150
195 150
193 148
193 147
192 146
192 145
191 144
191 139
190 138
190 121
192 119
193 119
194 118
197 118
198 117
200 117
201 116
203 116
204 115
206 115
207 114
210 114
211 113
212 113
213 112
214 112
214 111
215 110
215 108
213 106
192 106
191 105
191 93
190 92
190 89
189 88
189 86
188 85
188 83
187 82
187 80
