185 75
184 76
183 76
178 81
177 81
177 82
176 83
176 91
177 92
177 93
179 95
179 103
178 104
176 104
175 105
167 105
166 106
163 106
162 107
160 107
159 108
158 108
157 109
156 109
156 110
155 111
156 112
156 113
160 113
161 114
164 114
167 117
167 118
170 121
171 121
172 122
174 122
175 123
175 142
174 143
174 145
173 146
173 147
172 148
172 149
171 150
165 150
164 151
135 151
134 152
132 152
131 153
129 153
128 154
127 154
125 156
124 156
123 157
122 157
121 158
121 159
120 160
120 164
119 165
119 169
118 170
117 170
116 171
115 171
114 172
112 172
111 173
110 173
109 174
108 174
107 175
106 175
102 179
101 179
99 181
98 181
97 182
94 182
93 183
92 183
90 185
89 185
88 186
88 187
86 189
86 190
85 191
85 192
84 193
84 197
83 198
83 208
84 209
84 210
85 211
85 212
88 215
88 216
89 216
90 217
92 217
93 218
96 218
97 219
100 219
101 220
104 220
105 221
108 221
109 222
110 222
111 223
112 223
113 224
114 224
115 225
116 225
117 226
118 226
119 227
122 227
123 228
126 228
127 229
129 229
130 230
134 230
135 231
138 231
139 232
142 232
143 233
146 233
147 234
154 234
155 235
165 235
166 236
185 236
186 237
196 237
197 238
231 238
232 237
235 237
236 236
237 236
238 235
240 235
241 234
242 234
243 233
244 233
245 232
247 232
248 231
249 231
250 230
251 230
252 229
254 229
255 228
256 228
257 227
261 227
262 226
264 226
265 225
266 225
268 223
269 223
270 222
271 222
272 221
273 221
274 220
275 220
276 219
276 218
279 215
279 214
280 213
280 211
281 210
281 209
282 208
282 206
283 205
283 204
284 203
284 202
285 201
285 200
286 199
286 196
274 184
273 184
272 183
271 183
270 182
269 182
267 180
266 180
265 179
262 179
261 178
259 178
258 177
255 177
254 176
252 176
251 175
251 174
250 173
250 172
249 171
249 170
248 169
248 160
247 159
247 158
246 158
245 157
228 157
227 156
224 156
223 155
221 155
220 154
219 154
218 153
216 153
215 152
214 152
213 151
212 151
211 150
210 150
209 149
206 149
205 148
202 148
201 147
199 147
198 146
198 145
196 143
196 142
195 141
195 140
191 136
191 135
190 134
190 120
192 118
193 118
194 117
197 117
198 116
200 116
201 115
204 115
205 114
208 114
209 113
211 113
212 112
213 112
213 111
214 110
212 108
198 108
197 107
193 107
191 105
191 103
190 102
190 77
188 75
