78 1
77 2
76 2
74 4
73 4
73 5
70 8
70 11
69 12
68 12
68 13
67 14
67 16
66 17
66 18
65 19
65 21
64 22
64 25
63 26
63 31
62 32
62 48
63 49
63 61
64 62
63 63
63 87
64 88
64 95
65 96
65 98
66 99
66 103
67 104
67 106
68 107
68 110
69 111
69 112
70 113
70 115
71 116
71 118
72 119
72 121
73 122
73 124
74 125
74 128
75 129
75 130
76 131
76 137
77 138
77 152
78 153
78 161
77 162
77 167
76 168
76 171
77 172
76 173
76 178
75 179
75 181
74 182
74 183
73 184
73 185
71 187
71 189
69 191
69 192
65 196
65 197
64 198
63 198
57 204
56 203
56 202
55 202
54 201
51 201
50 202
50 203
49 204
49 205
48 206
48 207
47 208
45 206
45 205
43 203
43 202
42 201
42 199
38 195
37 195
35 193
34 193
33 192
27 192
27 197
30 200
30 201
31 202
31 203
32 204
32 206
31 207
29 205
28 205
25 202
24 202
23 201
22 201
20 199
19 199
18 198
14 198
13 199
12 199
12 202
13 203
13 204
14 205
14 206
15 207
15 208
17 210
18 210
19 211
19 212
21 214
22 214
23 215
23 217
24 218
23 219
18 219
17 220
16 220
15 221
14 221
14 225
16 227
19 227
20 226
21 226
22 227
23 227
26 230
27 230
29 232
29 233
30 234
30 235
32 237
32 238
33 238
35 240
36 240
40 244
44 244
45 245
54 245
55 244
58 244
59 243
60 243
61 242
63 242
64 241
66 241
67 240
69 240
69 239
70 238
71 238
75 234
76 234
84 226
84 225
90 219
90 218
91 217
92 217
92 216
94 214
94 213
97 210
97 209
98 208
98 207
101 204
101 203
102 202
103 202
104 203
104 205
106 207
106 208
107 209
107 210
108 211
108 212
109 213
109 215
110 216
110 217
111 217
112 218
112 219
113 219
114 220
114 223
115 223
116 224
116 225
118 227
119 227
120 228
120 229
121 230
121 231
130 240
129 241
126 241
125 242
124 242
123 243
121 243
120 244
119 244
118 245
117 245
116 246
115 246
114 247
113 247
112 248
111 248
107 252
106 252
104 254
103 254
101 256
100 256
99 257
98 257
97 258
96 258
94 260
93 260
91 262
90 262
86 266
86 267
85 268
85 269
84 270
84 272
83 273
83 277
84 278
83 279
77 279
76 280
75 280
74 281
74 285
78 285
79 286
80 286
82 288
83 288
86 291
86 292
87 292
88 293
87 294
84 294
83 293
70 293
67 296
66 296
66 301
68 303
69 303
70 304
71 304
72 305
75 305
76 306
80 306
81 307
80 308
79 308
79 309
77 311
77 314
81 314
82 315
88 315
89 314
91 314
92 313
94 313
95 312
98 312
99 311
100 312
101 312
102 313
105 313
106 314
107 314
108 315
110 315
111 316
112 316
113 317
116 317
118 319
120 319
121 320
122 320
123 321
124 321
125 322
127 322
128 323
129 323
130 324
131 324
132 325
134 325
135 326
137 326
138 327
139 327
140 328
142 328
143 329
145 329
147 331
149 331
150 332
152 332
153 333
154 333
155 334
156 334
157 335
160 335
161 336
166 336
167 337
170 337
171 338
173 338
174 339
207 339
208 338
213 338
214 337
216 337
218 335
220 335
221 334
222 334
223 333
224 333
225 332
227 332
229 330
231 330
233 328
235 328
237 326
238 326
239 325
240 325
243 322
244 322
247 319
248 319
251 316
252 316
254 314
255 314
255 313
265 303
266 303
268 301
269 301
271 299
272 299
273 298
274 298
277 295
278 295
280 293
281 293
281 292
282 291
283 291
283 289
285 287
285 284
286 283
286 281
287 280
288 280
291 277
293 277
294 276
302 276
303 275
307 275
308 274
310 274
311 273
312 273
313 272
314 272
318 268
318 267
322 263
322 260
323 259
323 253
322 252
322 248
321 247
321 243
320 242
320 239
319 238
319 232
318 231
318 227
317 226
317 224
316 223
316 221
315 220
315 218
314 217
314 215
312 213
312 212
311 211
311 210
310 209
310 208
308 206
308 205
305 202
305 201
304 200
304 199
301 196
301 195
298 192
298 191
295 188
295 187
285 177
285 176
284 176
281 173
280 173
277 170
276 170
273 167
272 167
271 166
270 166
269 165
268 165
267 164
266 164
262 160
262 158
261 157
261 156
259 154
259 152
258 152
257 151
257 149
256 148
256 147
253 144
253 143
252 143
251 142
251 141
249 139
248 139
247 138
247 137
246 137
241 132
240 132
238 130
237 130
234 127
232 127
228 123
227 123
225 121
224 121
223 120
222 120
220 118
220 117
218 117
217 116
217 115
216 115
212 111
212 110
210 108
209 108
208 107
208 106
192 90
192 89
189 86
189 85
186 82
186 81
183 78
183 77
182 77
181 76
181 74
179 72
179 71
178 71
177 70
177 69
176 68
176 67
173 64
173 63
171 61
171 60
168 57
168 56
164 52
164 51
161 48
161 47
160 46
160 44
159 43
159 41
158 40
158 35
157 34
157 31
156 30
156 27
155 26
155 25
154 24
154 23
153 22
153 21
151 19
151 18
150 17
149 17
148 16
148 15
146 15
144 13
143 13
142 12
140 12
139 11
131 11
130 12
126 12
125 13
118 13
116 11
115 11
114 10
113 10
112 9
110 9
108 7
106 7
105 6
104 6
103 5
102 5
101 4
98 4
97 3
95 3
94 2
92 2
91 1
