116 1
115 2
113 2
111 4
110 4
106 8
106 9
105 10
105 17
104 18
104 21
103 22
102 22
98 26
98 27
95 30
95 31
94 32
94 33
92 35
90 35
89 36
87 36
86 37
85 37
84 38
82 38
80 40
79 40
78 41
77 41
76 42
75 42
73 44
72 44
69 47
68 47
59 56
58 56
57 57
56 57
54 55
53 55
52 54
45 54
44 55
42 55
38 59
37 59
34 62
34 63
32 65
32 66
30 68
30 69
28 71
28 72
26 74
26 76
24 78
24 80
22 82
22 83
21 84
21 85
20 86
20 88
19 89
19 93
18 94
18 97
17 98
17 102
16 103
16 104
15 105
15 108
14 109
14 115
15 116
15 120
18 123
19 123
21 125
21 127
20 128
20 129
19 130
19 131
16 134
16 135
13 138
13 139
12 140
12 141
11 142
11 143
9 145
9 146
7 148
7 149
4 152
4 153
2 155
2 156
1 157
1 167
11 167
12 166
13 166
14 165
16 165
17 164
18 164
19 163
20 163
21 162
22 162
23 161
24 161
25 160
26 160
27 159
28 159
29 158
30 158
31 157
32 157
33 156
35 156
36 155
37 155
38 154
40 154
41 153
42 153
43 152
44 152
45 151
46 151
47 150
48 150
49 151
49 153
50 154
50 155
51 156
51 157
52 158
53 158
54 159
54 160
55 160
56 161
57 161
59 163
61 163
62 164
63 164
64 165
66 165
67 166
69 166
70 167
73 167
74 168
78 168
79 169
84 169
85 170
92 170
93 169
113 169
114 170
115 170
116 171
118 171
120 173
127 173
128 172
128 169
127 168
127 167
125 167
123 165
122 165
121 164
120 164
119 163
121 161
122 161
123 160
124 160
125 159
129 159
130 158
155 158
157 156
157 153
156 152
155 152
154 151
151 151
150 150
144 150
143 149
138 149
137 148
138 147
139 147
139 146
140 145
140 142
139 141
138 141
137 140
127 140
126 139
127 138
127 133
122 133
121 132
121 130
117 130
116 129
118 127
119 127
120 126
120 125
121 124
122 124
123 123
124 123
124 122
126 120
127 120
127 119
131 115
131 114
134 111
134 109
136 107
136 106
137 105
137 103
138 102
139 102
140 103
142 103
143 104
146 104
147 103
153 103
154 102
157 102
158 101
160 101
161 100
162 100
163 99
165 99
166 98
167 98
168 97
169 97
171 95
172 95
174 93
175 93
180 88
180 87
181 86
181 85
183 83
183 80
184 79
184 78
185 77
185 76
187 74
187 73
192 68
193 68
193 67
194 66
195 66
196 65
196 59
192 59
191 60
190 60
186 64
185 64
184 65
183 64
183 63
184 62
184 61
186 59
186 58
187 57
187 56
189 54
189 49
188 48
185 48
185 49
181 53
181 54
180 55
180 56
177 59
177 60
176 61
173 61
172 60
173 59
175 59
175 56
176 55
176 49
171 49
171 50
170 51
170 55
169 56
169 63
168 64
167 63
167 62
166 61
166 60
165 59
162 59
162 60
161 61
161 64
162 65
162 67
164 69
164 71
165 71
166 72
166 77
164 79
160 79
159 80
155 80
154 81
152 79
152 73
153 72
153 70
154 69
154 66
155 65
155 60
156 59
156 55
157 54
157 49
158 48
158 45
159 44
159 40
160 39
160 36
161 35
161 34
162 33
162 31
163 30
163 29
164 28
164 25
165 24
165 17
164 16
164 13
163 12
163 11
162 10
162 9
161 9
160 8
160 7
157 4
156 4
155 3
154 3
153 2
150 2
149 1
146 1
145 2
137 2
136 3
133 3
132 2
127 2
126 1
