1 1
1 24
2 25
2 43
3 44
3 62
4 63
4 81
5 82
5 87
6 88
7 88
10 91
11 91
15 95
16 95
19 98
20 98
23 101
24 101
27 104
28 104
31 107
32 107
36 111
37 111
40 114
41 114
44 117
45 117
48 120
49 120
52 123
53 123
55 125
56 125
58 127
59 127
60 128
61 128
63 130
64 130
66 132
67 132
68 133
69 133
71 135
72 135
73 136
74 136
76 138
77 138
79 140
80 140
81 141
82 141
84 143
85 143
87 145
88 145
89 146
90 146
92 148
93 148
95 150
96 150
97 151
98 151
100 153
101 153
102 154
103 154
105 156
106 156
108 158
108 161
109 162
109 165
110 166
110 169
111 170
111 173
112 174
112 177
113 178
113 180
114 181
114 184
115 185
115 188
116 189
116 192
117 193
117 196
118 197
118 200
119 201
119 204
120 205
120 208
121 209
121 212
122 213
122 216
123 217
123 220
124 221
124 224
125 225
125 228
126 229
126 232
127 233
127 236
128 237
128 239
129 240
129 243
130 244
130 247
131 248
131 251
132 252
132 255
133 256
133 259
134 260
134 263
135 264
135 267
136 268
136 271
137 272
137 275
138 276
138 279
139 280
139 283
140 284
140 287
141 288
141 291
142 292
142 294
143 295
143 298
144 299
144 302
145 303
145 306
146 307
145 308
143 308
142 309
141 309
140 310
138 310
137 311
135 311
134 312
132 312
131 313
130 313
129 314
127 314
126 315
124 315
123 316
121 316
120 317
119 317
118 318
116 318
115 319
113 319
112 320
110 320
109 321
108 321
107 322
105 322
104 323
102 323
101 324
99 324
98 325
97 325
96 326
94 326
93 327
91 327
90 328
89 328
88 329
86 329
85 330
83 330
82 331
80 331
79 332
78 332
77 333
75 333
74 334
72 334
71 335
69 335
68 336
67 336
66 337
64 337
63 338
61 338
60 339
58 339
57 340
56 340
55 341
53 341
52 342
50 342
49 343
48 343
47 344
45 344
44 345
42 345
41 346
39 346
38 347
37 347
36 348
34 348
33 349
31 349
30 350
28 350
27 351
26 351
25 352
23 352
22 353
20 353
19 354
17 354
16 355
15 355
14 356
12 356
11 357
9 357
8 358
6 358
5 359
4 359
321 359
320 359
319 358
318 358
317 357
316 357
315 356
313 356
312 355
311 355
310 354
308 354
307 353
306 353
305 352
304 352
303 351
301 351
300 350
299 350
298 349
296 349
295 348
294 348
293 347
292 347
291 346
289 346
288 345
287 345
286 344
285 344
284 343
282 343
281 342
280 342
279 341
277 341
276 340
275 340
274 339
273 339
272 338
270 338
269 337
268 337
267 336
265 336
264 335
263 335
262 334
261 334
260 333
258 333
257 332
256 332
255 331
254 331
253 330
251 330
250 329
249 329
248 328
246 328
245 327
244 327
243 326
242 326
241 325
239 325
238 324
237 324
236 323
234 323
233 322
232 322
231 321
230 321
229 320
227 320
226 319
225 319
224 318
222 318
221 317
220 317
219 316
218 316
217 315
215 315
214 314
213 314
212 313
211 313
210 312
208 312
207 311
206 311
205 310
203 310
202 309
201 309
200 308
199 308
198 307
198 305
199 304
199 301
200 300
200 296
201 295
201 292
202 291
202 287
203 286
203 283
204 282
204 278
205 277
205 274
206 273
206 269
207 268
207 265
208 264
208 260
209 259
209 256
210 255
210 251
211 250
211 247
212 246
212 242
213 241
213 238
214 237
214 233
215 232
215 229
216 228
216 224
217 223
217 220
218 219
218 215
219 214
219 211
220 210
220 206
221 205
221 202
222 201
222 197
223 196
223 193
224 192
224 189
225 188
225 184
226 183
226 180
227 179
227 175
228 174
228 171
229 170
229 166
230 165
230 162
231 161
231 158
233 156
233 155
235 153
235 152
238 149
238 148
240 146
240 145
243 142
243 141
245 139
245 138
247 136
247 135
250 132
250 131
252 129
252 128
254 126
254 125
257 122
257 121
259 119
259 118
262 115
262 114
290 86
290 85
292 83
292 82
293 81
293 80
295 78
295 77
296 76
296 74
297 73
297 72
298 71
298 69
299 68
299 65
300 64
300 59
301 58
301 35
300 34
300 25
299 24
299 15
298 14
298 1
267 1
266 2
234 2
233 3
116 3
115 2
79 2
78 1
