266 1
265 2
263 2
263 3
262 4
256 4
255 5
253 5
252 6
250 6
250 7
249 8
244 8
243 9
240 9
239 10
237 10
236 11
235 10
232 10
232 13
231 14
230 14
229 15
227 15
226 16
225 16
224 17
223 17
222 18
221 18
220 19
218 19
217 20
216 20
215 21
213 21
212 22
211 22
210 23
208 23
207 24
206 24
205 25
203 25
201 27
199 27
198 28
196 28
195 29
194 29
193 30
191 30
190 31
189 31
188 32
187 32
186 33
184 33
183 34
182 34
181 35
180 35
179 36
177 36
176 37
175 37
174 38
172 38
171 39
170 39
169 40
168 40
167 41
165 41
164 42
163 42
162 43
161 43
160 44
158 44
157 45
156 45
155 46
153 46
152 47
151 47
150 48
149 48
148 49
146 49
145 50
144 50
143 51
141 51
140 52
139 52
138 53
137 53
136 54
135 54
134 55
132 55
131 56
119 56
118 57
116 57
115 58
114 58
113 59
111 59
110 60
109 60
108 61
107 61
106 62
105 62
104 63
103 63
99 67
98 67
95 70
94 70
91 73
88 73
87 74
86 74
85 75
84 75
83 76
82 76
81 77
76 77
75 76
71 76
70 75
67 75
66 74
62 74
61 73
48 73
47 74
42 74
41 75
39 75
38 76
34 76
33 77
32 77
31 78
30 78
29 79
28 79
27 80
26 80
24 82
23 82
22 83
20 83
19 84
18 84
18 86
17 87
15 87
14 88
13 88
13 89
12 90
11 90
11 91
7 95
7 96
5 98
5 99
4 100
4 101
3 102
3 104
1 106
1 112
2 113
1 114
1 133
2 134
2 137
3 138
3 141
4 142
4 143
3 144
2 144
2 147
3 148
3 150
4 151
4 153
6 153
8 155
8 157
9 158
9 159
10 160
10 163
12 165
12 166
13 167
13 168
14 169
14 171
17 174
17 175
19 177
19 178
29 188
30 188
32 190
33 190
34 191
34 192
35 192
37 194
38 194
39 195
40 195
42 197
44 197
45 198
75 198
76 197
77 197
77 196
78 195
81 195
82 194
83 194
84 193
85 193
88 190
89 190
90 189
91 189
91 188
93 186
94 186
95 185
95 184
96 183
97 183
97 181
98 180
99 180
100 179
100 178
101 177
102 177
104 175
104 174
106 172
106 171
108 169
108 168
109 167
109 166
111 164
111 163
112 162
112 160
114 158
114 157
121 150
123 150
124 149
128 149
129 148
136 148
137 147
141 147
142 146
144 146
145 145
147 145
148 144
150 144
151 143
152 143
153 142
154 142
158 138
159 138
160 137
160 135
161 134
162 134
162 132
163 131
163 130
164 129
164 127
165 126
165 115
166 114
166 111
165 110
165 104
164 103
164 100
163 99
163 98
164 97
164 96
165 95
165 94
166 93
166 89
168 87
170 87
172 85
175 85
175 84
176 83
178 83
179 82
181 82
182 81
183 81
184 80
185 80
186 79
187 79
189 77
191 77
192 76
193 76
194 75
195 75
197 73
199 73
200 72
201 72
202 71
203 71
204 70
205 70
206 69
208 69
208 68
209 67
211 67
212 66
213 66
214 65
216 65
218 63
220 63
222 61
224 61
225 60
226 60
227 59
228 59
229 58
230 58
231 57
232 57
233 56
234 56
235 55
236 55
237 54
238 54
239 53
241 53
243 51
245 51
247 49
249 49
251 47
259 47
260 48
260 50
261 51
262 51
263 52
266 52
267 51
268 51
268 48
267 47
268 46
269 46
270 47
270 48
272 48
273 49
276 49
277 48
278 48
278 44
279 43
280 44
280 45
281 45
282 46
287 46
287 42
289 40
290 40
291 39
292 39
293 38
296 38
297 37
297 27
294 24
294 23
293 22
293 21
291 19
291 18
290 17
290 16
289 16
288 15
288 13
287 12
287 11
286 10
286 9
284 7
284 6
282 4
282 3
280 1
