184 29
184 54
187 54
188 55
188 59
187 60
16 60
16 83
188 83
189 84
189 93
188 94
188 101
187 102
187 107
186 108
186 111
185 112
185 117
184 118
184 120
183 121
183 124
182 125
182 126
181 127
181 128
180 129
183 129
184 128
186 128
187 127
189 127
190 126
191 126
192 125
194 125
196 123
197 123
199 121
200 121
201 120
203 120
206 117
207 117
212 112
212 111
214 109
214 108
215 107
215 106
217 104
217 103
219 101
219 100
221 98
221 97
223 95
223 92
224 91
224 90
225 89
225 88
226 87
226 83
227 82
227 55
228 54
231 54
231 29
