188 6
187 7
163 7
162 8
148 8
147 9
136 9
135 10
128 10
127 11
120 11
119 12
113 12
112 13
107 13
106 14
102 14
101 15
96 15
95 16
94 16
93 17
92 17
91 18
89 18
88 19
86 19
83 22
83 26
82 27
82 30
83 31
83 37
84 38
84 50
85 51
85 59
86 60
85 61
85 64
86 65
86 83
87 84
87 143
86 144
86 171
85 172
85 195
84 196
84 209
83 210
83 219
81 221
80 221
79 222
78 222
77 223
75 223
74 224
72 224
71 225
70 225
69 226
67 226
66 227
64 227
63 228
62 228
61 229
59 229
58 230
57 230
56 231
55 231
54 232
53 232
52 233
51 233
50 234
49 234
48 235
47 235
46 236
45 236
44 237
43 237
41 239
39 239
37 241
36 241
34 243
33 243
31 245
30 245
29 246
28 246
28 247
27 248
26 248
25 249
24 249
24 250
23 251
22 251
20 253
19 253
11 261
10 261
10 262
6 266
6 267
4 269
4 270
2 272
2 273
1 274
1 282
3 284
15 284
16 283
19 283
20 282
23 282
24 281
26 281
27 280
30 280
31 279
33 279
34 278
36 278
37 277
39 277
40 276
42 276
43 275
46 275
47 274
48 274
49 273
53 273
54 272
57 272
58 271
62 271
63 270
66 270
67 269
71 269
72 268
75 268
76 267
81 267
82 266
84 266
85 265
90 265
91 264
95 264
96 263
101 263
102 262
106 262
107 261
111 261
112 260
115 260
116 259
122 259
123 258
128 258
129 257
136 257
137 256
144 256
145 255
154 255
155 254
162 254
163 253
174 253
175 252
185 252
186 251
201 251
202 250
212 250
213 249
230 249
231 248
260 248
261 249
270 249
271 250
284 250
285 251
293 251
294 252
301 252
302 253
310 253
311 254
318 254
319 255
331 255
332 256
334 256
335 257
340 257
341 258
347 258
348 259
351 259
352 260
358 260
359 261
364 261
365 262
369 262
370 263
376 263
377 264
382 264
383 265
385 265
386 266
389 266
390 267
395 267
396 268
400 268
401 269
403 269
404 270
408 270
409 271
414 271
415 272
417 272
418 273
424 273
425 274
431 274
432 275
436 275
437 276
444 276
445 277
456 277
457 278
472 278
473 277
475 277
475 267
474 266
474 265
473 265
470 262
469 262
468 261
468 260
467 259
466 259
463 256
462 256
458 252
457 252
455 250
454 250
452 248
451 248
448 245
447 245
446 244
444 244
443 243
443 242
442 242
441 241
440 241
439 240
438 240
437 239
436 239
435 238
434 238
432 236
430 236
429 235
428 235
426 233
425 233
424 232
422 232
421 231
420 231
419 230
418 230
417 229
416 229
415 228
413 228
412 227
411 227
410 226
408 226
407 225
406 225
405 224
403 224
402 223
401 223
400 222
399 222
398 221
397 221
396 220
394 220
391 217
391 214
390 213
390 207
389 206
389 196
388 195
388 190
387 189
387 170
386 169
386 152
385 151
385 142
386 141
386 138
385 137
385 106
384 105
385 104
385 83
386 82
386 51
387 50
387 37
388 36
388 28
389 27
389 22
388 21
387 21
386 20
384 20
383 19
382 19
381 18
379 18
378 17
377 17
376 16
374 16
373 15
369 15
368 14
363 14
362 13
356 13
355 12
350 12
349 11
339 11
338 10
330 10
329 9
310 9
309 8
288 8
287 7
265 7
264 6
