147 1
146 2
145 2
144 3
140 3
139 4
137 4
136 5
131 5
130 6
128 6
127 7
123 7
122 8
119 8
118 9
114 9
113 10
111 10
110 11
107 11
106 12
101 12
100 13
98 13
97 14
94 14
93 15
90 15
89 16
88 16
87 17
85 17
84 18
82 18
80 20
79 20
77 22
76 22
71 27
70 27
69 28
69 29
67 31
67 32
65 34
65 37
64 38
64 42
63 43
63 59
64 60
64 61
63 62
63 65
64 66
64 95
63 96
49 96
48 95
43 95
42 96
29 96
28 97
20 97
19 98
16 98
15 99
13 99
12 100
11 100
10 101
8 101
7 102
6 102
5 103
5 104
3 106
3 107
2 108
2 112
1 113
1 118
2 119
2 122
3 123
3 124
4 125
4 126
5 127
5 128
7 130
7 131
13 137
13 138
14 138
19 143
20 143
23 146
24 146
25 147
26 147
29 150
30 150
31 151
32 151
33 152
34 152
35 153
36 153
37 154
38 154
39 155
40 155
41 156
43 156
44 157
45 157
46 158
49 158
50 159
51 159
52 160
55 160
56 161
58 161
59 162
61 162
62 163
67 163
68 164
71 164
72 165
77 165
78 166
83 166
84 167
89 167
90 168
95 168
96 169
101 169
102 170
110 170
111 171
118 171
119 172
193 172
194 171
201 171
202 170
207 170
208 169
213 169
214 168
218 168
219 167
223 167
224 166
227 166
228 165
232 165
233 164
236 164
237 163
240 163
241 162
243 162
244 161
247 161
248 160
250 160
251 159
252 159
253 158
255 158
256 157
258 157
259 156
260 156
261 155
263 155
264 154
266 154
267 153
268 153
269 152
270 152
271 151
272 151
273 150
274 150
275 149
277 149
279 147
280 147
281 146
282 146
284 144
285 144
286 143
287 143
287 142
288 141
289 141
294 136
294 135
295 134
296 134
297 133
297 132
298 131
298 130
300 128
300 126
301 125
301 108
300 107
300 104
299 103
299 102
298 101
298 100
296 98
296 97
295 96
294 96
293 95
293 94
292 94
290 92
289 92
287 90
285 90
284 89
283 89
282 88
281 88
280 87
278 87
277 86
275 86
274 85
272 85
271 84
267 84
266 83
264 83
263 82
256 82
255 81
249 81
248 80
233 80
232 79
229 79
227 77
227 68
226 67
226 62
225 61
225 59
224 58
224 52
223 51
223 50
222 49
222 46
221 45
221 42
220 41
220 39
219 38
219 36
218 35
218 34
217 33
217 32
216 31
216 30
215 29
215 28
214 27
214 26
213 25
213 24
212 23
212 22
211 22
210 21
210 20
209 20
208 19
208 18
207 18
202 13
201 13
199 11
198 11
197 10
196 10
195 9
194 9
193 8
192 8
191 7
190 7
189 6
187 6
186 5
185 5
184 4
182 4
181 3
179 3
178 2
174 2
173 1
161 1
160 2
154 2
153 1
