111 1
110 2
102 2
101 3
96 3
95 4
91 4
90 5
89 5
88 6
86 6
85 7
83 7
82 8
81 8
80 9
79 9
77 11
75 11
73 13
72 13
70 15
69 15
66 18
65 18
57 26
57 27
55 29
55 30
54 31
53 31
53 32
52 33
52 35
51 36
51 37
50 38
50 41
49 42
49 43
48 44
48 48
47 49
47 53
46 54
46 60
45 61
45 64
46 65
46 70
45 71
45 74
46 75
46 82
45 83
43 83
42 84
41 84
40 85
38 85
37 86
35 86
34 87
32 87
31 88
30 88
29 89
28 89
27 90
26 90
25 91
24 91
22 93
21 93
19 95
18 95
16 97
15 97
6 106
6 107
5 108
5 109
4 110
4 111
3 112
3 113
2 114
2 118
1 119
1 128
2 129
2 132
3 133
3 136
5 138
5 140
7 142
8 142
9 143
9 144
10 144
11 145
12 145
13 146
34 146
35 145
38 145
39 144
40 144
41 143
42 143
43 142
44 142
45 141
47 141
48 140
49 140
50 139
52 139
54 137
55 137
56 136
57 136
58 135
59 135
60 134
64 134
65 133
66 133
67 132
69 132
70 131
72 131
73 130
75 130
76 129
78 129
79 128
83 128
85 126
104 126
105 127
113 127
114 128
121 128
122 129
127 129
128 130
135 130
136 131
139 131
140 132
145 132
146 133
149 133
150 134
153 134
154 135
158 135
159 136
162 136
163 137
165 137
166 138
171 138
172 139
174 139
175 140
177 140
178 141
183 141
184 142
188 142
189 143
191 143
192 144
215 144
216 143
221 143
222 142
224 142
225 141
227 141
228 140
229 140
230 139
231 139
233 137
234 137
235 136
236 136
237 135
238 135
242 131
243 131
245 129
245 128
248 125
248 105
247 104
247 102
245 100
245 99
241 95
240 95
239 94
238 94
236 92
235 92
234 91
223 91
222 92
220 92
218 94
217 94
216 93
216 77
215 76
216 75
216 68
215 67
215 52
214 51
214 46
213 45
213 43
212 42
212 38
210 36
210 34
209 33
209 32
208 31
208 30
206 28
206 26
200 20
200 19
199 19
197 17
197 16
196 16
195 15
195 14
193 14
192 13
191 13
190 12
189 12
186 9
183 9
182 8
179 8
178 7
176 7
175 6
172 6
171 5
168 5
167 4
163 4
162 3
156 3
155 2
142 2
141 1
