1 1
1 77
2 78
2 137
3 138
3 198
4 199
4 258
5 259
5 318
6 319
6 329
28 329
29 328
37 328
38 327
44 327
45 326
50 326
51 325
55 325
56 324
60 324
61 323
64 323
65 322
68 322
69 321
72 321
73 320
75 320
76 319
78 319
79 318
81 318
82 317
84 317
85 316
87 316
88 315
89 315
90 314
92 314
93 313
94 313
95 312
97 312
98 311
99 311
100 310
101 310
102 309
103 309
104 308
106 308
108 306
109 306
110 305
111 305
112 304
113 304
114 303
115 303
117 301
118 301
119 300
120 300
122 298
123 298
125 296
126 296
128 294
129 294
132 291
133 291
138 286
139 286
155 270
155 269
159 265
159 264
162 261
162 260
164 258
164 257
166 255
166 254
168 252
168 251
170 249
170 248
172 246
172 244
174 242
174 241
175 240
175 238
176 237
176 236
177 235
177 234
178 233
178 232
179 231
179 230
180 229
180 227
181 226
181 224
182 223
182 222
183 221
183 209
182 208
182 207
180 205
180 204
179 203
179 202
175 198
175 197
169 191
169 190
148 169
148 168
142 162
142 161
139 158
139 157
136 154
136 153
135 152
135 151
133 149
133 147
132 146
132 144
131 143
131 132
132 131
132 124
133 123
133 119
134 118
134 115
135 114
135 112
136 111
136 108
137 107
137 106
138 105
138 103
139 102
139 100
140 99
140 98
141 97
141 95
142 94
142 92
143 91
143 90
144 89
144 86
145 85
145 83
146 82
146 80
147 79
147 75
148 74
148 65
147 64
147 61
146 60
146 59
145 58
145 57
144 56
144 55
142 53
142 52
133 43
132 43
129 40
128 40
125 37
124 37
122 35
121 35
119 33
118 33
116 31
115 31
113 29
111 29
109 27
108 27
107 26
106 26
105 25
104 25
102 23
100 23
99 22
98 22
97 21
96 21
95 20
94 20
93 19
92 19
91 18
90 18
89 17
87 17
86 16
85 16
84 15
82 15
81 14
79 14
78 13
76 13
75 12
73 12
72 11
70 11
69 10
67 10
66 9
63 9
62 8
59 8
58 7
56 7
55 6
51 6
50 5
46 5
45 4
40 4
39 3
34 3
33 2
25 2
24 1
