1 1
1 77
2 78
2 137
3 138
3 198
4 199
4 258
5 259
5 319
6 320
6 329
28 329
29 328
37 328
38 327
44 327
45 326
50 326
51 325
55 325
56 324
60 324
61 323
64 323
65 322
68 322
69 321
71 321
72 320
75 320
76 319
78 319
79 318
81 318
82 317
84 317
85 316
87 316
88 315
89 315
90 314
92 314
93 313
94 313
95 312
97 312
98 311
99 311
100 310
101 310
102 309
103 309
104 308
105 308
106 307
107 307
108 306
109 306
110 305
111 305
112 304
113 304
114 303
115 303
117 301
118 301
119 300
120 300
123 297
124 297
125 296
126 296
129 293
130 293
133 290
134 290
137 287
138 287
138 286
139 285
140 285
153 272
153 271
159 265
159 264
162 261
162 260
164 258
164 257
166 255
166 254
168 252
168 251
170 249
170 248
171 247
171 246
172 245
172 244
174 242
174 240
175 239
175 238
176 237
176 236
177 235
177 234
178 233
178 232
179 231
179 230
180 229
180 227
181 226
181 224
182 223
182 222
183 221
183 218
184 217
184 215
185 214
185 212
186 211
186 209
187 208
187 205
188 204
188 200
189 199
189 195
190 194
190 188
191 187
191 181
192 180
192 149
191 148
191 146
190 145
190 144
189 143
189 141
188 140
188 139
185 136
185 135
184 134
183 134
182 133
182 132
181 132
177 128
176 128
174 126
173 126
171 124
170 124
169 123
167 123
166 122
165 122
164 121
163 121
162 120
161 120
160 119
159 119
158 118
156 118
155 117
154 117
153 116
151 116
150 115
148 115
147 114
145 114
144 113
142 113
141 112
140 112
139 111
137 111
136 110
134 110
133 109
131 109
130 108
129 108
128 107
126 107
125 106
124 106
123 105
122 105
121 104
119 104
118 103
117 103
116 102
115 102
114 101
113 101
112 100
111 100
110 99
109 99
107 97
106 97
105 96
104 96
103 95
102 95
100 93
99 93
94 88
93 88
87 82
87 81
82 76
82 75
79 72
79 71
76 68
76 67
74 65
74 64
72 62
72 61
71 60
71 59
69 57
69 56
67 54
67 53
65 51
65 50
64 49
64 48
63 47
63 46
61 44
61 43
59 41
59 40
56 37
56 36
54 34
54 33
53 32
53 31
49 27
49 26
44 21
44 20
42 18
41 18
35 12
34 12
31 9
30 9
28 7
27 7
26 6
24 6
22 4
20 4
19 3
17 3
16 2
13 2
12 1
