70 1
69 2
66 2
65 3
62 3
61 4
59 4
58 5
56 5
55 6
54 6
53 7
51 7
50 8
49 8
47 10
46 10
45 11
44 11
43 12
42 12
38 16
37 16
30 23
30 24
27 27
27 28
25 30
25 31
24 32
24 33
22 35
22 36
20 38
20 39
19 40
19 41
18 42
18 43
17 44
17 45
16 46
16 47
15 48
15 49
14 50
14 51
13 52
13 53
12 54
12 56
11 57
11 58
10 59
10 61
9 62
9 64
8 65
8 67
7 68
7 70
6 71
6 74
5 75
5 78
4 79
4 83
3 84
3 88
2 89
2 94
1 95
1 134
2 135
2 140
3 141
3 145
4 146
4 150
5 151
5 153
6 154
6 157
7 158
7 160
8 161
8 163
9 164
9 166
10 167
10 168
11 169
11 171
12 172
12 173
13 174
13 175
14 176
14 177
16 179
16 181
17 182
17 183
19 185
19 186
20 187
20 188
22 190
22 191
25 194
25 195
28 198
28 199
30 201
30 202
54 226
55 226
59 230
60 230
62 232
63 232
64 233
64 234
65 234
67 236
68 236
70 238
71 238
73 240
74 240
75 241
76 241
78 243
79 243
81 245
82 245
83 246
84 246
85 247
86 247
87 248
88 248
89 249
90 249
91 250
92 250
93 251
94 251
95 252
96 252
97 253
98 253
99 254
101 254
102 255
103 255
104 256
106 256
107 257
109 257
110 258
112 258
113 259
115 259
116 260
118 260
119 261
121 261
122 262
125 262
126 263
129 263
130 264
132 264
133 265
136 265
137 266
140 266
141 267
144 267
145 268
148 268
149 269
151 269
152 270
155 270
156 271
158 271
159 272
161 272
162 273
164 273
165 274
167 274
168 275
171 275
172 276
173 276
174 277
176 277
177 278
178 278
179 279
181 279
182 280
183 280
184 281
185 281
186 282
187 282
188 283
189 283
190 284
191 284
192 285
193 285
195 287
196 287
197 288
198 288
200 290
201 290
203 292
204 292
207 295
208 295
209 296
210 296
214 300
215 300
221 306
222 306
229 313
229 314
230 314
232 316
233 316
234 315
235 315
238 312
239 312
241 310
242 310
244 308
245 308
246 307
247 307
249 305
250 305
251 304
252 304
253 303
254 303
255 302
256 302
258 300
260 300
261 299
262 299
263 298
265 298
266 297
268 297
269 296
270 296
271 295
273 295
274 294
277 294
278 293
281 293
282 292
285 292
286 291
291 291
292 290
297 290
298 289
305 289
306 288
318 288
319 287
332 287
333 286
343 286
344 285
350 285
351 284
356 284
357 283
361 283
362 282
365 282
366 281
368 281
369 280
371 280
372 279
374 279
375 278
377 278
378 277
379 277
380 276
381 276
382 275
383 275
384 274
385 274
386 273
387 273
388 272
389 272
391 270
392 270
393 269
394 269
397 266
398 266
401 263
402 263
415 250
415 249
420 244
420 243
425 238
425 237
429 233
429 232
430 231
430 230
433 227
433 226
435 224
435 223
437 221
437 220
438 219
438 218
439 217
439 216
441 214
441 213
442 212
442 211
443 210
443 209
444 208
444 207
445 206
445 205
446 204
446 203
447 202
447 201
448 200
448 199
449 198
449 196
450 195
450 194
451 193
451 191
452 190
452 188
453 187
453 185
454 184
454 183
455 182
455 179
456 178
456 176
457 175
457 173
458 172
458 168
459 167
459 164
460 163
460 159
461 158
461 152
462 151
462 112
461 111
461 106
460 105
460 101
459 100
459 97
458 96
458 93
457 92
457 90
456 89
456 87
455 86
455 85
454 84
454 82
453 81
453 79
452 78
452 77
451 76
451 75
450 74
450 73
449 72
449 71
448 70
448 69
447 68
447 67
446 66
446 65
445 64
445 63
443 61
443 60
442 59
442 58
437 53
437 52
436 52
434 50
434 49
430 45
429 45
424 40
423 40
420 37
419 37
417 35
416 35
413 32
412 32
410 30
409 30
407 28
406 28
405 27
404 27
403 26
402 26
401 25
400 25
399 24
398 24
396 22
395 22
394 21
392 21
391 20
390 20
389 19
388 19
387 18
385 18
384 17
383 17
382 16
380 16
379 15
377 15
376 14
374 14
373 13
370 13
369 12
366 12
365 11
361 11
360 10
351 10
350 9
343 9
342 10
335 10
334 11
330 11
329 12
327 12
326 13
324 13
323 14
322 14
321 15
320 15
319 16
318 16
317 17
316 17
315 18
314 18
313 19
312 19
310 21
309 21
307 23
306 23
305 24
304 24
298 30
297 30
293 34
293 35
291 37
290 37
290 38
284 44
284 45
282 47
282 48
279 51
279 52
275 56
275 57
273 59
273 60
272 61
272 62
270 64
270 65
268 67
268 68
267 69
267 70
265 72
265 73
264 74
264 75
262 77
262 78
261 79
261 80
260 81
260 82
258 84
258 85
257 86
257 87
256 88
256 89
255 90
255 91
254 92
254 93
253 94
253 95
252 96
252 97
251 98
251 99
249 101
249 102
248 103
248 105
246 107
246 109
245 110
245 111
244 112
244 113
243 114
243 115
242 116
242 117
241 118
241 119
240 120
240 122
239 123
239 124
238 125
238 126
237 127
237 128
236 129
236 131
235 132
235 133
234 134
232 132
232 130
230 128
230 127
229 126
229 125
228 124
228 123
227 122
227 121
226 120
226 119
225 118
225 117
224 116
224 115
223 114
223 113
222 112
222 111
221 110
221 109
220 108
220 107
219 106
219 105
218 104
218 103
217 102
217 101
216 100
216 98
215 97
215 96
214 95
214 94
213 93
213 92
212 91
212 90
211 89
211 88
210 87
210 86
209 85
209 84
208 83
208 82
207 81
207 80
206 79
206 78
205 77
205 76
204 75
204 74
203 73
203 72
202 71
202 70
200 68
200 67
199 66
199 65
198 64
198 63
195 60
195 59
194 58
194 57
192 55
192 54
189 51
189 50
187 48
187 47
184 44
184 43
183 43
182 42
182 41
175 34
174 34
170 30
169 30
167 28
166 28
164 26
163 26
160 23
159 23
157 21
156 21
153 18
151 18
149 16
148 16
147 15
146 15
145 14
144 14
143 13
142 13
141 12
140 12
139 11
138 11
137 10
135 10
134 9
133 9
132 8
130 8
129 7
127 7
126 6
124 6
123 5
120 5
119 4
117 4
116 3
112 3
111 2
107 2
106 1
