18 1
18 4
17 5
16 5
16 10
17 11
17 14
18 15
17 16
17 17
15 19
15 20
13 22
13 24
12 25
12 26
11 27
11 28
10 29
10 30
8 32
8 34
7 35
7 36
6 37
6 43
5 44
5 46
4 47
4 50
7 50
8 51
8 52
7 53
7 54
6 55
6 56
5 57
5 59
4 60
4 61
3 62
3 63
2 64
2 67
1 68
1 73
2 74
2 78
5 78
8 81
8 82
20 82
21 81
22 81
23 80
23 75
24 74
24 73
27 70
28 70
35 63
35 62
38 59
39 59
41 57
42 57
47 52
48 52
53 57
53 58
54 58
55 59
55 60
59 64
59 65
62 68
62 69
63 70
63 71
64 72
64 73
66 75
66 76
67 77
67 78
69 80
69 81
71 83
71 84
73 86
74 86
75 87
75 88
77 90
77 91
78 92
78 93
79 94
79 95
80 96
80 99
81 100
81 111
82 112
82 114
83 115
83 118
84 119
84 120
85 121
85 123
86 124
86 127
87 128
87 130
88 131
88 132
86 134
86 135
84 137
84 139
83 140
83 141
80 144
80 145
79 146
78 146
78 147
75 150
74 150
74 151
73 152
72 152
68 156
67 156
63 160
62 160
61 161
61 162
60 163
60 165
59 166
59 170
58 171
58 174
59 175
59 177
60 178
60 179
61 180
61 182
62 183
62 187
63 188
63 191
64 192
64 197
65 198
65 203
66 204
66 208
67 209
67 212
68 213
69 213
70 214
71 214
72 215
73 215
74 216
74 217
76 217
77 218
77 219
78 220
79 220
81 222
82 222
83 223
84 223
85 224
93 224
94 223
94 217
93 216
93 212
92 211
92 210
91 210
87 206
81 206
80 205
80 204
78 202
78 201
76 199
76 198
75 197
75 193
74 192
74 186
73 185
73 178
74 177
74 174
76 172
76 171
78 169
78 168
80 166
81 166
82 165
83 165
86 162
87 162
88 161
89 161
92 158
93 158
95 156
96 156
98 154
99 154
101 152
102 152
103 151
104 151
105 150
106 150
107 149
108 149
109 148
110 148
111 147
112 147
117 142
118 142
119 143
119 145
120 146
120 148
121 149
121 151
122 152
122 154
123 155
123 157
124 158
124 160
125 161
125 165
126 166
126 167
127 168
127 171
128 172
128 177
129 178
129 181
130 182
130 183
131 184
131 185
132 186
132 188
134 190
134 193
135 194
135 196
136 197
136 200
137 201
137 205
138 206
138 210
139 211
139 213
140 214
139 215
139 218
140 219
140 222
139 223
139 224
138 225
138 227
137 228
136 228
135 229
135 230
134 231
134 232
132 234
132 235
131 236
131 237
130 238
130 241
131 242
133 242
134 243
141 243
142 242
144 242
145 241
146 241
148 239
148 237
149 236
149 233
147 231
147 230
148 229
148 228
149 227
150 227
151 226
151 224
152 223
152 214
151 213
151 212
150 211
150 208
149 207
149 204
148 203
148 199
147 198
147 193
146 192
146 187
145 186
145 183
146 182
146 179
145 178
145 173
144 172
144 164
143 163
143 158
142 157
142 152
141 151
141 141
142 140
147 140
148 139
149 140
165 140
166 141
169 141
170 140
171 141
177 141
178 140
185 140
186 139
188 139
189 138
192 138
193 137
195 137
196 136
198 136
199 135
201 135
202 134
203 134
204 133
205 133
206 132
207 132
208 131
209 131
210 130
211 130
212 131
212 132
214 134
214 135
215 136
215 138
216 139
216 141
217 142
217 143
218 144
218 145
219 146
219 148
220 149
220 153
221 154
221 161
222 162
222 164
223 165
223 167
224 168
224 169
225 170
225 171
226 172
226 173
227 174
227 178
228 179
228 189
229 190
229 198
228 199
228 200
227 201
227 203
225 205
225 207
224 208
224 209
223 210
223 212
222 213
222 214
221 215
221 216
220 217
220 219
219 220
219 222
218 223
217 223
216 224
216 225
215 226
214 226
214 227
211 230
210 230
209 231
208 231
205 234
205 235
203 237
203 238
200 241
200 245
201 246
216 246
219 243
219 237
220 236
221 236
222 235
225 235
227 233
227 232
228 231
229 231
229 225
230 224
230 223
231 222
231 220
233 218
233 215
234 214
234 213
236 211
236 209
238 207
238 206
239 205
239 204
240 203
240 202
241 201
241 200
242 199
242 198
245 195
245 193
247 191
247 189
250 186
250 180
249 179
249 177
248 176
248 174
247 173
247 170
246 169
246 164
245 163
245 150
246 149
246 148
247 147
247 146
248 145
248 144
250 142
251 143
251 144
252 144
253 145
254 145
256 147
256 148
257 148
258 149
258 150
260 152
260 153
262 155
262 156
263 157
263 158
270 165
271 165
272 166
272 167
273 167
274 168
274 169
275 169
280 174
280 175
281 176
281 177
283 179
283 180
284 181
284 182
286 184
287 184
288 185
288 186
291 189
291 191
292 192
292 194
293 195
293 200
294 201
294 202
295 203
295 206
296 207
296 209
297 210
297 227
296 228
296 229
295 230
295 231
294 232
294 234
293 235
293 237
292 238
292 242
295 242
296 243
301 243
302 242
305 242
306 241
307 241
307 240
308 239
308 238
309 237
309 236
310 235
310 231
306 227
307 226
308 226
310 224
310 217
309 216
309 211
308 210
308 207
307 206
307 203
306 202
306 199
305 198
305 196
304 195
304 192
303 191
303 188
302 187
302 176
301 175
301 167
298 164
298 163
297 163
293 159
292 159
291 158
291 157
290 157
286 153
286 152
282 148
282 147
280 145
280 144
279 143
279 142
277 140
277 138
276 137
276 133
275 132
275 131
276 130
276 127
275 126
276 125
276 118
277 117
277 114
276 113
276 112
277 111
277 104
276 103
276 101
277 100
277 97
278 96
278 94
279 93
279 90
278 89
278 82
277 81
277 79
276 78
276 75
275 74
275 73
274 72
274 70
275 69
277 69
278 68
281 71
282 71
283 72
283 73
284 74
286 74
287 75
287 79
288 80
288 82
289 83
289 90
288 91
288 100
287 101
287 110
288 111
288 114
289 115
289 122
290 123
290 125
291 126
291 130
292 131
293 131
294 132
294 133
295 134
295 135
294 136
294 143
295 144
295 147
296 148
296 150
297 151
297 152
298 153
298 155
299 156
299 157
301 159
301 160
303 162
303 163
304 164
304 165
305 166
305 169
306 170
306 173
307 174
307 176
308 177
308 179
309 180
309 181
310 182
310 183
311 184
311 185
312 186
314 186
315 187
316 187
317 188
322 188
322 187
323 186
323 183
322 182
323 181
325 181
325 172
326 171
326 169
327 168
327 157
326 156
326 152
325 151
325 148
324 147
324 145
323 144
323 142
322 141
322 138
321 137
321 135
320 134
320 132
319 131
319 127
318 126
318 123
317 122
317 108
318 107
318 96
317 95
318 94
318 89
317 88
317 82
316 81
316 79
315 78
315 77
314 76
314 75
313 74
313 72
311 70
311 69
310 68
310 67
309 66
309 65
308 65
306 63
305 63
304 62
303 62
302 61
302 60
300 60
299 59
297 59
296 58
285 58
284 57
281 57
280 58
275 58
274 59
271 59
270 60
266 60
265 59
264 59
263 58
260 58
259 57
256 57
255 56
251 56
250 55
245 55
244 54
232 54
231 53
224 53
223 52
220 52
219 53
211 53
210 54
207 54
206 55
203 55
202 56
198 56
197 57
190 57
189 58
185 58
184 59
175 59
174 60
173 60
172 59
165 59
164 58
161 58
160 57
158 57
157 56
156 56
155 55
153 55
152 54
150 54
149 53
148 53
147 52
145 52
144 51
143 51
142 50
140 50
139 49
137 49
136 48
133 48
132 47
129 47
128 46
125 46
124 45
119 45
118 44
116 44
115 43
113 43
112 42
111 42
110 41
109 41
108 40
107 40
105 38
103 38
101 36
100 36
98 34
97 34
96 33
96 32
95 31
95 30
93 30
92 29
92 28
91 28
90 27
90 26
89 26
88 25
88 24
87 23
86 23
85 22
83 22
82 21
80 21
79 20
76 20
75 19
66 19
65 18
64 18
63 17
62 17
61 16
59 16
58 15
57 15
56 14
54 14
53 13
52 13
51 12
47 12
46 11
36 11
34 9
29 9
23 3
23 2
22 2
21 1
