286 157
285 158
280 158
279 159
275 159
274 160
271 160
270 161
268 161
267 162
265 162
264 163
263 163
262 164
260 164
259 165
258 165
257 166
256 166
255 167
244 167
243 168
232 168
231 169
224 169
223 170
218 170
217 171
213 171
212 172
208 172
207 173
204 173
203 174
200 174
199 175
196 175
195 176
193 176
192 177
189 177
188 178
186 178
185 179
183 179
182 180
181 180
180 181
178 181
177 182
176 182
175 183
173 183
172 184
171 184
170 185
169 185
168 186
167 186
166 187
164 187
163 188
162 188
160 190
159 190
158 191
157 191
156 192
155 192
153 194
152 194
151 195
150 195
148 197
147 197
144 200
143 200
140 203
139 203
134 208
133 208
132 207
132 206
131 205
131 204
126 199
122 199
117 204
117 205
116 206
116 207
115 208
115 209
114 210
114 212
113 213
113 215
112 216
112 219
111 220
111 224
110 225
110 230
109 231
109 240
108 241
108 267
109 268
109 277
110 278
110 283
111 284
111 288
112 289
112 292
113 293
113 295
114 296
114 298
115 299
115 300
116 301
116 302
117 303
117 304
122 309
126 309
131 304
131 303
133 301
139 307
140 307
143 310
144 310
147 313
148 313
150 315
151 315
152 316
153 316
155 318
156 318
157 319
158 319
159 320
160 320
162 322
163 322
164 323
166 323
167 324
168 324
169 325
170 325
171 326
172 326
173 327
175 327
176 328
177 328
178 329
180 329
181 330
182 330
183 331
185 331
186 332
188 332
189 333
192 333
193 334
195 334
196 335
199 335
200 336
203 336
204 337
207 337
208 338
212 338
213 339
217 339
218 340
223 340
224 341
231 341
232 342
243 342
244 343
255 343
256 344
257 344
258 345
259 345
260 346
262 346
263 347
264 347
265 348
267 348
268 349
270 349
271 350
274 350
275 351
279 351
280 352
285 352
286 353
304 353
305 352
310 352
311 351
315 351
316 350
319 350
320 349
322 349
323 348
325 348
326 347
327 347
328 346
330 346
331 345
332 345
333 344
334 344
335 343
336 343
338 341
339 341
340 340
341 340
343 338
344 338
346 336
347 336
351 332
352 332
362 322
362 321
367 316
368 317
368 319
369 320
369 321
370 322
370 323
371 324
371 325
372 326
372 327
374 329
374 330
378 334
379 334
380 335
381 335
382 336
387 336
388 335
389 335
390 334
391 334
395 330
395 329
397 327
397 326
398 325
398 324
399 323
399 322
400 321
400 320
401 319
401 317
402 316
402 315
403 314
403 312
404 311
404 308
405 307
405 304
406 303
406 300
407 299
407 295
408 294
408 289
409 288
409 282
410 281
410 270
411 269
411 239
410 238
410 227
409 226
409 220
408 219
408 214
407 213
407 209
406 208
406 205
405 204
405 201
404 200
404 197
403 196
403 194
402 193
402 192
401 191
401 189
400 188
400 187
399 186
399 185
398 184
398 183
397 182
397 181
395 179
395 178
391 174
390 174
389 173
388 173
387 172
382 172
381 173
380 173
379 174
378 174
374 178
374 179
372 181
372 182
371 183
371 184
370 185
370 186
369 187
369 188
368 189
368 191
366 193
362 189
362 188
352 178
351 178
347 174
346 174
344 172
343 172
341 170
340 170
339 169
338 169
336 167
335 167
334 166
333 166
332 165
331 165
330 164
328 164
327 163
326 163
325 162
323 162
322 161
320 161
319 160
316 160
315 159
311 159
310 158
305 158
304 157
