100 42
99 43
98 43
97 44
96 44
95 45
94 45
93 46
92 46
91 47
90 47
89 48
87 48
86 49
85 49
84 50
83 50
81 52
80 52
79 53
77 53
75 55
74 55
73 56
72 56
71 57
69 57
67 59
66 59
63 62
63 63
62 64
62 65
61 66
61 67
60 68
60 69
58 71
58 72
57 73
57 74
56 75
56 76
55 77
55 78
54 79
54 80
53 81
53 83
52 84
52 88
51 89
51 92
50 93
50 96
49 97
49 100
48 101
48 119
49 120
49 127
50 128
50 133
51 134
51 138
52 139
52 140
53 141
53 143
54 144
54 145
55 146
55 148
56 149
56 150
57 151
57 152
58 153
58 155
59 156
59 157
60 158
60 159
61 160
61 161
63 163
64 163
66 165
67 165
70 168
71 168
72 169
78 169
82 173
83 173
84 174
85 174
87 176
88 176
89 177
90 177
91 178
93 178
94 179
95 179
96 180
98 180
99 181
104 181
105 182
120 182
121 181
127 181
128 180
130 180
131 179
133 179
134 178
135 178
139 174
140 174
145 169
147 169
148 168
149 168
155 162
155 161
156 160
156 159
157 158
157 157
158 156
158 155
162 151
163 151
164 150
165 150
166 149
166 148
170 144
173 144
174 145
175 145
176 144
187 144
188 145
189 145
191 147
192 147
195 150
196 150
197 151
199 151
200 150
201 150
206 145
206 144
207 143
207 141
210 138
226 138
227 137
231 137
232 136
236 136
237 137
242 137
243 136
244 136
245 135
246 135
250 131
251 131
253 129
255 129
256 128
268 128
269 129
272 129
275 132
275 135
276 136
286 136
287 137
288 137
289 138
292 138
295 135
296 135
297 134
298 134
299 133
304 133
305 132
310 132
315 137
316 137
317 138
323 138
324 137
338 137
340 135
341 135
342 134
342 133
358 117
358 116
359 115
359 112
358 111
358 110
357 109
357 108
355 106
355 105
354 104
354 103
347 96
346 96
345 95
341 95
340 94
339 94
338 93
335 93
334 92
330 92
329 91
319 91
318 90
305 90
304 91
295 91
294 90
289 90
288 91
265 91
264 90
223 90
222 89
215 89
214 88
208 88
207 87
181 87
180 88
176 88
174 86
174 84
173 83
173 82
170 79
170 78
169 77
169 74
163 68
163 67
155 59
155 58
154 58
153 57
153 56
152 55
151 55
149 53
148 53
145 50
144 50
142 48
139 48
138 47
137 47
136 46
134 46
132 44
130 44
129 43
126 43
125 42
