232 1
231 2
230 2
225 7
225 8
223 10
223 11
222 12
222 14
221 15
221 17
220 18
220 20
219 21
219 22
218 23
218 24
217 25
217 28
216 29
216 32
215 33
215 36
214 37
214 39
213 40
213 42
212 43
212 47
211 48
211 52
210 53
210 67
209 68
206 68
205 67
203 67
202 66
203 65
203 64
204 63
204 62
205 61
205 59
206 58
206 55
204 53
204 52
203 51
202 51
201 50
198 50
195 53
195 56
194 57
193 56
193 55
191 53
191 51
189 49
187 49
186 48
183 48
180 51
180 57
181 58
181 60
180 61
178 59
171 59
170 60
168 60
168 63
169 64
169 68
172 71
174 71
175 72
176 72
177 73
177 79
178 80
177 81
179 83
181 83
182 84
187 84
188 85
188 88
190 90
190 91
191 92
191 96
192 97
192 98
193 99
193 101
194 102
194 104
195 105
195 107
197 109
197 110
199 112
203 112
204 113
204 114
201 117
199 117
198 118
197 117
197 116
195 114
195 113
192 110
192 109
188 105
188 104
186 102
186 101
183 98
183 96
182 96
179 93
178 93
176 91
177 90
178 90
177 89
177 85
176 84
176 83
175 82
175 81
173 79
172 79
171 78
169 78
168 77
168 76
169 75
169 74
168 73
168 72
167 71
166 71
165 70
165 69
163 67
163 66
161 66
160 67
159 67
157 69
157 70
156 71
156 73
155 74
155 75
154 76
153 75
153 74
152 73
152 70
151 69
151 67
149 65
149 64
148 64
147 63
141 63
139 65
139 66
138 67
138 73
139 74
139 75
140 76
140 78
141 79
141 80
143 82
143 84
142 85
141 85
140 84
139 84
137 82
134 82
133 81
127 81
126 82
125 82
125 83
124 84
123 84
123 87
124 88
124 89
125 90
125 92
126 92
127 93
128 93
129 94
130 94
131 95
137 95
138 96
139 96
140 97
139 98
138 98
137 99
136 99
135 100
134 100
133 101
132 101
131 102
131 103
130 104
130 105
128 107
128 112
131 115
137 115
138 114
139 114
140 113
141 113
141 112
142 111
143 111
143 110
145 108
146 108
147 109
148 109
149 110
150 110
151 111
168 111
169 112
169 113
168 114
168 116
167 117
167 118
161 124
161 126
160 127
159 127
159 128
157 130
157 131
155 133
155 134
154 135
154 138
153 139
153 141
152 142
152 144
150 146
138 146
137 145
136 145
135 144
131 144
129 142
127 142
126 141
122 141
119 138
113 138
110 135
105 135
103 133
102 133
101 132
101 131
98 131
97 132
95 130
94 130
92 128
89 128
88 129
87 128
85 128
84 127
83 127
82 126
81 126
80 125
76 125
75 126
74 125
71 125
70 124
67 124
66 123
63 123
63 124
62 125
51 125
49 127
44 127
43 128
41 128
38 131
35 131
34 132
33 132
32 133
30 133
29 134
28 134
28 136
27 137
25 137
24 138
23 138
21 140
20 140
19 141
19 142
16 145
15 145
12 148
12 150
10 152
10 153
9 154
9 155
7 157
7 159
6 160
6 161
5 162
5 163
4 164
4 165
3 166
3 169
2 170
2 173
1 174
1 194
2 195
2 199
3 200
3 202
4 203
4 204
5 205
5 206
6 207
6 208
7 209
7 210
8 211
8 212
11 215
11 216
14 219
14 220
16 222
17 222
19 224
19 225
20 225
21 226
24 226
25 225
25 222
24 222
23 221
23 220
22 220
21 219
21 218
18 215
18 214
16 212
16 211
14 209
14 207
13 206
13 205
11 203
11 199
10 198
10 184
11 183
11 177
12 176
12 174
13 173
14 173
14 172
15 171
15 169
16 168
16 167
18 165
18 164
21 161
22 161
22 160
28 154
29 154
32 151
33 151
35 149
36 149
38 147
42 147
43 146
44 146
45 145
52 145
53 144
56 144
57 145
61 145
62 144
63 144
64 145
67 145
68 146
73 146
74 147
74 148
75 149
77 149
78 150
81 150
82 151
83 151
84 152
84 154
87 154
88 155
89 155
90 156
92 156
93 157
93 159
94 159
95 160
96 160
97 161
99 161
100 162
100 163
101 163
102 164
103 164
104 165
105 165
106 166
106 168
109 168
110 169
111 169
112 170
114 170
115 171
115 172
116 172
117 173
119 173
120 174
123 174
124 175
124 177
131 177
132 178
132 180
140 180
141 181
141 182
150 182
151 183
152 183
153 184
153 185
154 185
156 187
156 188
157 188
158 189
158 190
159 190
163 194
164 194
166 196
167 196
169 198
170 198
172 200
173 200
174 201
172 203
171 203
171 204
170 205
168 205
167 206
163 206
162 207
161 207
160 206
157 206
156 207
155 207
154 206
153 206
152 205
151 205
150 204
143 204
141 206
141 212
144 215
145 215
146 216
149 216
150 217
151 217
153 219
152 220
149 220
147 222
146 222
146 223
145 224
145 226
144 227
144 232
146 232
147 233
154 233
155 232
156 232
157 233
157 234
156 235
156 242
157 242
158 243
159 243
160 244
163 244
164 243
165 243
167 241
167 240
168 239
168 238
169 237
170 237
171 238
171 239
172 240
172 242
173 242
174 243
174 244
175 245
176 245
177 246
187 246
187 238
185 236
184 236
183 235
184 234
194 234
196 232
196 227
195 226
195 225
194 224
192 224
190 222
191 221
193 221
194 220
196 220
197 219
201 219
202 218
203 218
203 217
204 216
206 216
207 215
208 215
210 213
211 213
211 211
212 210
213 210
213 207
212 206
212 201
211 200
211 198
208 195
208 194
207 193
207 192
208 191
209 191
209 190
210 189
216 189
219 186
221 186
222 187
225 187
228 184
229 184
230 183
233 183
234 182
235 182
237 180
238 180
240 178
241 178
242 177
243 177
243 176
246 173
247 173
247 172
249 170
251 170
251 168
253 166
253 165
257 161
257 160
258 159
259 159
259 157
261 155
261 154
262 153
262 152
263 151
263 148
265 146
266 146
266 143
265 142
265 136
267 134
267 133
268 132
270 132
271 133
277 133
278 134
281 134
282 135
283 135
284 136
279 141
279 146
282 149
283 149
284 150
287 150
288 149
289 149
292 146
293 147
293 150
294 151
296 151
297 152
301 152
302 151
303 151
304 150
304 142
303 141
304 140
305 140
306 141
312 141
313 140
315 140
315 139
316 138
316 130
315 129
314 129
313 128
313 127
316 124
316 117
315 116
315 114
314 114
313 113
308 113
306 115
305 115
304 116
303 115
303 114
304 113
304 110
303 109
303 106
302 105
301 105
300 104
297 104
296 105
294 105
293 106
293 108
292 109
292 116
293 117
292 118
290 118
288 116
287 116
286 115
285 115
284 114
284 113
282 113
281 112
281 110
282 109
282 98
281 97
281 94
279 92
279 91
277 89
277 88
276 88
271 83
271 77
272 76
273 76
275 74
276 74
276 73
277 72
277 71
278 70
278 68
280 66
280 57
281 56
281 53
279 51
279 49
278 48
278 47
277 46
277 44
275 42
275 40
273 38
273 37
270 34
270 33
268 31
268 30
267 29
267 28
266 28
265 27
265 25
264 24
264 23
263 22
263 21
261 19
261 18
260 17
260 16
257 13
257 12
252 7
252 6
251 6
247 2
245 2
244 1
