161 54
160 55
159 55
157 57
156 56
156 57
154 59
155 60
153 62
154 63
153 64
152 64
153 65
153 66
154 67
155 67
157 65
158 65
160 63
162 63
163 62
164 62
165 63
166 62
168 64
168 68
167 69
167 71
166 72
165 72
165 74
164 75
163 75
161 77
160 77
159 76
159 72
157 70
156 70
155 69
153 69
153 70
151 72
153 74
152 75
151 75
150 74
147 74
146 73
141 73
140 72
138 72
137 71
136 72
135 71
134 72
133 71
132 71
131 72
130 71
129 71
128 72
127 71
126 71
125 72
124 72
123 71
122 72
121 72
120 73
118 73
117 74
116 74
115 75
114 74
113 75
112 75
111 76
110 75
110 76
109 77
108 77
107 76
105 78
104 78
104 79
103 80
102 79
100 81
99 81
99 82
98 83
97 83
94 86
92 86
92 87
91 88
90 88
90 89
88 91
87 91
87 93
86 94
85 94
85 95
83 97
83 98
82 99
81 99
80 100
80 101
79 102
78 102
79 103
79 104
78 105
77 105
77 107
76 108
76 109
75 110
75 112
74 113
73 113
73 114
74 115
73 116
73 118
72 119
72 120
71 121
70 121
72 123
71 124
70 124
70 125
71 126
70 127
70 130
69 131
69 135
70 136
69 137
69 139
70 140
69 141
69 148
70 149
70 154
71 155
71 158
72 159
72 160
73 161
73 162
72 163
73 163
74 164
73 165
73 166
74 166
75 167
74 168
75 169
75 171
77 173
76 174
77 174
78 175
77 176
78 177
78 178
79 179
79 180
80 181
79 182
80 182
81 183
81 184
82 185
82 187
84 189
84 191
85 191
86 192
86 193
88 195
87 196
91 200
91 202
92 202
93 203
92 204
93 205
94 205
95 206
94 207
96 209
96 210
97 211
96 212
97 212
98 213
99 213
100 214
99 215
100 216
101 216
102 217
102 219
105 222
105 223
107 225
107 226
108 226
109 227
109 229
110 229
111 230
110 231
111 232
112 232
113 233
112 234
113 235
114 235
115 236
114 237
115 238
116 238
117 239
116 240
117 240
118 241
118 242
120 244
120 246
121 246
122 247
122 249
123 249
124 250
123 251
124 252
124 253
126 255
125 256
127 258
127 259
128 260
128 264
130 266
129 267
131 269
131 270
132 271
131 272
132 273
132 276
133 277
132 278
133 279
133 280
132 281
133 282
132 283
132 285
131 286
130 286
131 287
130 288
129 288
128 289
127 289
126 290
125 289
124 290
123 290
122 289
121 289
118 286
118 285
117 285
115 283
116 282
115 282
114 281
114 280
113 279
113 277
112 277
111 276
111 273
110 273
109 272
109 271
108 271
107 270
107 271
106 272
105 272
106 273
106 275
107 276
107 278
108 279
108 281
109 282
109 283
111 285
111 286
114 289
114 290
118 294
120 294
122 296
123 295
124 296
125 296
126 295
127 296
128 295
129 295
130 296
130 295
131 294
132 294
135 291
135 290
137 288
138 288
138 286
139 285
139 284
138 283
139 282
140 282
139 281
140 280
140 276
139 275
140 274
139 273
139 272
140 271
139 270
139 269
138 268
139 267
139 266
137 264
138 263
137 262
138 261
136 259
137 258
136 258
135 257
135 255
133 253
133 250
131 248
132 247
131 247
130 246
130 243
129 243
128 242
128 241
127 240
128 239
127 238
126 238
125 237
126 236
126 235
125 234
125 233
123 231
124 230
123 229
123 228
122 227
122 226
121 225
121 224
120 224
119 223
120 222
118 220
118 219
117 218
117 217
116 216
116 214
115 213
115 211
114 210
113 210
112 209
113 208
113 207
112 206
112 205
111 204
111 203
109 201
110 200
109 200
108 199
108 197
107 196
107 195
106 194
106 193
105 192
105 190
104 189
104 188
103 187
103 186
102 185
103 184
101 182
101 180
100 179
100 178
99 177
99 175
98 174
98 173
97 172
97 169
96 168
97 167
95 165
95 163
96 162
95 162
93 160
94 159
94 158
93 157
94 156
92 154
93 153
92 152
92 148
91 147
91 146
92 145
91 144
91 142
93 140
92 140
91 139
92 138
92 137
93 136
92 135
93 134
93 132
94 131
93 130
94 129
95 129
95 127
97 125
97 124
99 122
99 121
100 120
101 121
102 120
102 119
103 118
105 118
106 117
107 117
109 115
110 115
111 114
112 115
114 113
115 114
116 113
118 113
119 112
120 113
121 112
122 112
123 113
124 112
128 112
129 113
136 113
137 114
138 113
140 115
141 114
142 115
142 116
143 116
144 117
147 117
148 118
148 119
151 122
152 122
153 123
153 124
154 124
156 126
155 127
156 127
157 128
157 129
159 131
159 132
161 134
160 135
160 136
161 137
161 143
164 146
165 146
166 147
166 148
165 149
165 151
164 152
164 154
163 155
164 156
163 157
164 158
164 159
163 160
164 161
164 162
163 163
164 164
163 165
164 165
165 166
165 167
164 168
165 169
165 172
166 173
165 174
164 174
165 175
164 176
165 177
165 178
164 179
166 181
165 182
164 182
165 183
166 183
167 184
166 185
165 185
165 186
164 187
164 188
165 189
165 190
168 190
170 188
170 187
171 186
171 185
172 184
173 184
172 183
172 182
173 181
173 180
174 179
176 181
176 182
178 184
178 186
180 188
180 190
181 191
181 192
180 193
181 194
181 195
180 196
181 197
180 198
179 198
180 198
181 199
181 200
180 201
180 203
179 204
180 205
181 205
182 206
182 207
183 207
184 208
185 208
185 207
186 206
187 206
187 204
188 203
188 202
187 201
188 200
188 199
187 198
188 197
187 196
188 195
187 194
187 190
188 189
189 189
191 191
190 192
190 194
191 195
190 196
192 198
192 199
193 200
192 201
191 201
191 202
193 204
194 203
195 203
198 200
197 199
198 198
198 196
199 195
199 194
198 193
198 191
197 190
197 189
195 187
196 186
195 185
196 184
196 183
197 182
198 182
199 183
200 183
201 184
201 185
202 185
203 186
203 187
206 190
208 190
212 194
213 194
214 195
214 196
215 196
217 198
216 199
216 200
212 204
211 204
211 205
210 206
209 205
209 206
208 207
207 207
207 208
206 209
204 209
203 210
202 210
200 208
199 208
198 209
196 209
195 210
194 210
194 211
193 212
193 215
194 215
195 216
195 215
196 214
197 215
199 215
200 216
201 216
202 215
205 218
205 221
204 222
203 221
203 222
201 224
201 225
200 226
199 225
197 227
197 228
196 229
195 229
198 232
199 231
201 233
202 233
204 231
206 231
207 230
207 229
208 228
209 229
211 227
211 226
212 225
214 227
214 230
213 231
213 232
208 237
208 238
207 239
207 240
208 241
208 242
212 242
214 240
215 240
216 239
217 239
217 238
219 236
219 235
221 233
224 236
224 237
223 238
224 239
223 240
223 241
222 242
223 243
223 244
222 245
221 245
221 246
222 246
223 247
223 248
225 246
226 247
227 247
227 246
230 243
230 241
231 240
231 236
230 235
230 234
235 229
235 228
236 227
235 226
235 224
234 224
231 221
230 221
228 219
229 218
231 218
233 216
234 216
235 215
237 215
239 217
239 218
240 218
241 219
241 220
242 220
244 222
243 223
244 223
245 224
245 226
246 226
247 227
248 227
249 228
249 229
250 229
251 230
250 231
252 233
252 234
253 235
254 235
255 236
255 238
256 238
261 243
262 243
263 244
263 245
264 245
267 248
268 248
274 254
275 254
276 255
276 256
277 256
278 257
279 257
280 258
280 259
282 259
283 260
284 259
286 261
287 260
288 261
288 262
289 262
291 264
291 267
292 268
292 269
291 270
292 271
291 272
293 274
292 275
293 276
293 279
294 280
294 282
293 283
294 284
294 287
295 288
294 289
294 292
293 293
293 294
294 295
293 296
293 299
292 300
292 301
293 302
292 303
291 303
292 304
291 305
290 305
290 306
291 307
290 308
290 309
289 310
288 309
288 308
287 307
286 307
285 306
284 306
283 307
282 306
281 306
280 307
279 307
278 308
277 308
277 310
276 311
275 311
275 313
277 315
277 314
279 312
280 313
280 314
281 313
285 317
282 320
282 321
279 324
279 326
280 327
283 327
284 326
287 326
287 325
288 324
289 324
290 323
293 326
291 328
291 329
290 330
289 330
289 331
288 332
288 333
287 334
286 334
286 335
285 336
288 339
289 339
289 338
290 337
291 337
292 336
293 336
294 337
296 335
297 335
297 334
298 333
300 335
299 336
299 340
300 341
300 343
299 344
300 345
301 345
302 346
305 343
306 343
306 341
307 340
307 339
306 338
307 337
307 336
309 334
310 334
311 335
312 334
312 332
313 331
312 330
312 328
311 327
312 326
311 325
311 324
308 324
307 323
306 323
305 322
306 321
306 320
305 319
306 318
307 318
306 317
307 316
307 314
308 313
308 308
309 307
308 306
309 305
309 300
310 299
309 298
309 295
308 294
309 293
308 292
309 291
309 289
310 288
310 287
309 286
310 285
311 285
311 283
312 282
312 280
313 279
312 278
313 277
314 277
312 275
313 274
314 274
313 273
313 270
314 269
314 268
313 267
314 266
313 265
314 264
315 264
316 263
318 263
318 262
319 261
322 261
323 260
324 260
326 258
327 258
328 257
328 256
329 255
330 255
330 254
331 253
332 254
332 253
333 252
334 252
334 251
336 249
336 248
337 247
337 246
338 245
339 245
341 243
341 242
342 241
343 241
343 240
348 235
348 234
350 232
350 231
351 230
352 230
354 228
354 227
355 226
355 224
358 221
358 220
359 219
359 218
360 217
361 217
361 216
360 215
361 214
362 214
362 213
361 212
362 211
363 211
363 210
364 209
364 207
365 206
366 206
365 205
365 204
366 203
367 203
366 202
366 201
367 200
367 199
368 198
368 196
369 195
369 194
368 193
369 192
369 191
368 190
369 189
368 188
369 187
368 186
369 185
369 184
368 183
368 182
369 181
367 179
368 178
367 177
367 175
366 174
366 172
365 171
365 170
364 170
363 169
363 167
362 167
360 165
361 164
360 164
359 163
359 162
358 162
355 159
354 159
350 155
349 156
348 155
346 155
345 154
345 153
344 153
343 152
342 153
341 152
341 151
340 152
339 152
338 151
337 152
331 152
330 153
329 152
326 152
325 151
324 152
322 152
321 151
320 152
319 151
318 151
317 152
316 151
313 151
312 152
311 151
310 152
307 152
306 153
305 153
304 154
302 154
302 156
301 157
300 157
300 159
299 160
300 160
301 161
301 162
300 163
301 164
301 165
303 167
303 168
304 169
304 171
305 171
307 173
306 174
307 174
310 177
311 177
312 178
311 179
312 180
313 180
314 181
313 182
314 183
314 184
313 185
314 186
314 187
315 188
314 189
314 191
313 192
312 191
311 191
310 190
311 189
309 187
309 186
308 185
309 184
307 182
307 180
306 180
305 179
305 178
303 176
303 175
302 174
302 173
300 171
301 170
300 169
299 169
298 168
298 166
297 166
294 163
295 162
294 162
293 161
293 159
292 159
290 157
290 156
287 153
286 153
285 152
286 151
285 150
284 150
283 149
283 148
281 146
281 145
280 145
277 142
276 142
275 141
275 139
274 139
273 138
273 137
272 137
268 133
267 133
262 128
261 128
260 127
261 126
260 125
259 125
258 124
257 124
256 123
256 122
255 122
254 121
254 120
253 121
249 117
248 117
247 116
247 115
246 115
245 114
244 114
243 113
243 112
242 113
240 111
239 111
238 110
238 109
236 109
234 107
233 107
231 105
230 106
229 105
229 104
228 104
227 103
225 103
224 102
224 101
223 102
222 101
221 101
219 99
218 100
217 99
216 99
214 97
213 97
212 96
209 96
207 94
207 93
208 92
208 90
209 89
209 88
210 87
209 86
210 85
208 83
209 82
208 82
204 78
203 78
202 77
201 78
200 77
199 77
198 78
197 77
197 76
196 77
193 77
190 74
189 75
188 75
187 74
187 72
188 71
187 70
187 69
188 68
187 67
187 65
186 65
185 64
185 63
184 63
182 61
182 62
180 64
180 67
181 68
180 69
179 69
179 70
178 71
176 69
177 68
176 67
176 65
175 64
175 63
173 61
173 60
172 59
171 59
170 58
170 57
169 58
168 57
166 57
165 56
164 56
163 55
162 55
