994 57
991 60
976 60
973 63
958 63
952 69
946 69
943 72
940 72
937 75
928 75
922 81
916 81
913 84
910 84
907 87
904 87
901 90
892 90
891 91
891 94
889 96
880 96
874 102
859 102
858 103
861 106
859 108
844 108
841 111
826 111
823 114
817 114
814 117
811 114
810 115
810 118
808 120
793 120
790 123
775 123
772 126
751 126
748 129
742 129
739 132
733 132
731 130
740 121
740 118
742 116
745 116
748 113
751 113
755 109
755 106
760 101
766 101
772 95
775 95
778 92
781 92
784 89
787 89
791 85
791 76
790 75
784 75
781 72
772 72
769 75
766 75
763 72
754 72
751 75
739 75
736 78
733 75
721 75
718 78
703 78
700 81
697 78
685 78
682 81
670 81
667 84
652 84
649 87
637 87
634 84
631 87
616 87
613 90
607 90
604 87
601 90
598 87
595 90
583 90
580 93
565 93
564 94
564 97
562 99
547 99
544 102
535 102
526 111
523 111
520 114
517 114
516 115
516 118
508 126
502 126
498 130
498 133
495 136
496 137
499 137
501 139
493 147
490 147
489 148
489 151
483 157
483 163
481 165
478 165
472 171
466 171
463 174
458 169
458 163
455 160
455 154
452 151
452 145
451 144
448 147
439 138
436 138
430 132
427 132
424 129
421 129
419 127
419 124
418 123
415 123
412 120
409 123
403 123
400 120
394 120
391 123
379 123
373 129
367 129
364 132
361 132
357 136
357 139
352 144
349 144
345 148
345 154
336 163
336 169
333 172
333 178
330 181
330 184
322 192
316 192
313 195
298 195
295 198
280 198
277 201
262 201
256 207
253 204
247 204
244 207
232 207
231 208
231 211
229 213
214 213
211 216
196 216
195 217
195 220
193 222
181 222
178 225
163 225
160 228
151 228
148 231
145 231
142 234
127 234
124 237
115 237
112 234
109 234
106 237
94 237
82 249
79 249
78 250
78 253
73 258
70 258
67 255
64 258
61 258
60 259
60 262
58 264
43 264
42 265
42 271
37 276
34 276
30 280
30 283
27 286
27 289
28 290
31 287
33 289
33 292
28 297
25 297
21 301
21 307
22 308
25 308
27 310
27 313
34 320
37 320
43 326
49 326
52 329
55 329
58 332
67 332
70 335
73 335
76 338
85 338
88 341
94 341
97 344
115 344
118 347
121 344
127 344
130 347
136 347
139 344
145 344
148 347
154 347
157 344
163 344
166 347
172 347
175 344
187 344
190 341
202 341
205 338
220 338
223 335
238 335
244 329
256 329
259 326
268 326
271 329
274 329
292 347
295 344
298 347
301 347
307 353
328 353
331 350
343 350
346 347
352 347
355 344
358 344
361 341
376 341
379 338
394 338
397 335
403 335
406 332
409 332
410 331
410 328
400 318
388 318
385 315
373 315
370 312
361 312
359 310
361 308
373 308
376 305
391 305
394 302
406 302
409 299
424 299
427 296
442 296
445 293
460 293
463 290
466 290
469 287
475 287
478 284
493 284
496 281
508 281
511 284
512 283
512 280
514 278
529 278
530 277
530 276
531 275
538 275
544 281
547 278
550 278
556 284
559 284
562 287
565 284
568 287
571 287
574 290
577 290
580 293
583 290
586 293
589 293
592 296
604 296
607 299
610 299
613 302
616 299
619 299
622 302
631 302
634 299
643 299
646 302
649 302
652 299
658 299
661 296
667 296
670 293
679 293
682 290
685 290
688 287
700 287
703 284
709 284
712 281
718 281
721 278
736 278
739 275
751 275
752 274
752 271
754 269
766 269
769 266
784 266
785 265
785 262
787 260
796 260
799 257
802 257
808 251
811 251
812 250
812 247
815 244
814 243
811 243
808 240
805 240
802 237
799 240
796 237
790 237
787 234
784 234
781 237
778 234
775 234
772 231
757 231
755 229
757 227
763 227
766 224
781 224
784 221
799 221
802 218
814 218
817 221
818 220
818 217
820 215
832 215
835 212
850 212
853 209
868 209
871 206
883 206
886 203
898 203
901 200
904 203
916 203
919 200
925 200
928 203
934 203
937 200
946 200
949 203
952 203
955 200
967 200
970 197
973 200
985 200
988 197
997 197
1000 200
1003 200
1006 197
1021 197
1024 194
1027 194
1030 191
1033 191
1042 182
1045 182
1048 179
1051 179
1055 175
1052 172
1054 170
1057 170
1070 157
1070 154
1082 142
1082 139
1079 136
1079 130
1085 124
1082 121
1082 106
1081 105
1078 105
1076 103
1076 91
1073 88
1073 85
1066 78
1063 78
1057 72
1054 72
1051 69
1042 69
1036 63
1033 63
1030 60
1021 60
1018 57
