32 21
31 22
30 22
27 25
27 37
28 38
28 41
29 42
29 43
30 44
30 46
31 47
31 49
33 51
33 55
36 58
36 59
39 62
39 63
40 64
40 65
42 67
42 68
43 69
43 70
44 71
44 72
47 75
47 76
48 77
48 78
49 78
53 82
54 82
56 84
56 85
59 88
59 89
60 90
60 91
61 92
61 93
62 94
62 96
63 97
63 98
64 99
64 102
65 103
65 104
70 109
70 110
71 111
71 112
74 115
75 115
76 116
76 117
77 118
77 119
87 129
88 129
88 126
87 125
87 123
85 121
85 120
84 119
86 117
91 122
91 124
93 126
93 127
94 128
94 129
97 132
97 133
99 135
99 136
102 139
104 139
107 142
107 145
108 146
108 148
109 149
109 150
110 151
110 152
112 154
112 155
114 157
114 158
115 159
115 161
116 162
116 163
117 164
117 165
120 168
121 168
122 169
122 170
125 173
126 173
127 174
128 174
130 176
132 176
133 177
134 177
138 181
139 181
144 186
145 186
146 187
147 187
149 189
150 189
152 191
153 191
154 192
155 192
157 194
158 194
159 195
160 195
161 196
162 196
163 197
164 197
165 198
167 198
170 201
172 201
173 202
175 202
175 200
174 199
174 196
172 194
172 193
173 192
174 192
187 205
187 206
190 209
191 209
205 223
206 223
207 224
208 224
211 227
212 227
217 232
219 232
221 234
225 234
226 233
228 233
229 232
230 232
231 231
232 231
239 224
239 223
240 222
240 221
241 220
241 219
242 218
242 217
243 216
243 215
244 214
244 213
243 212
243 211
235 203
234 203
231 200
230 200
229 199
229 198
228 198
227 197
226 197
221 192
220 192
218 190
217 190
216 189
215 189
213 187
212 187
209 184
208 184
207 183
206 183
204 181
203 181
202 180
201 180
199 178
199 177
200 176
201 177
202 177
203 176
203 175
202 174
202 173
198 169
198 168
197 167
197 166
196 165
196 164
194 162
194 161
191 158
191 157
190 157
189 156
189 155
188 154
188 153
184 149
184 148
182 146
182 145
180 143
180 142
178 140
178 139
173 134
173 132
171 130
170 130
169 129
169 128
168 127
168 126
166 124
166 123
160 117
160 116
159 116
155 112
154 112
153 111
151 111
150 110
149 110
148 109
147 109
146 108
145 108
144 107
143 107
142 106
141 106
140 105
136 105
135 104
134 104
133 103
130 103
129 102
129 101
130 100
133 100
134 99
135 99
136 98
136 97
137 96
137 91
134 88
134 87
133 86
133 85
131 83
132 82
129 79
128 79
125 76
124 76
123 75
122 75
121 74
120 74
119 73
118 73
117 72
116 72
115 71
108 71
107 70
106 70
105 69
101 69
100 68
99 68
98 67
97 67
96 66
96 65
95 65
94 64
94 63
90 59
90 58
72 40
71 40
69 38
68 38
67 37
67 36
66 36
63 33
62 33
60 31
60 30
58 28
57 28
56 27
55 27
54 26
53 26
52 25
49 25
48 24
47 24
46 23
44 23
43 22
37 22
36 23
35 22
33 22
