281 15
280 16
276 16
275 17
270 17
269 18
264 18
263 19
258 19
256 21
254 21
253 22
252 22
251 23
250 23
249 24
248 24
246 26
244 26
243 27
242 27
241 28
240 28
239 29
236 29
235 30
231 30
230 31
225 31
224 32
220 32
219 31
219 30
220 29
222 29
224 27
225 27
226 26
228 26
230 24
231 24
231 22
229 20
227 20
226 19
224 19
223 20
221 20
220 19
218 19
217 20
207 20
206 21
189 21
188 22
184 22
183 23
173 23
172 24
167 24
166 25
162 25
161 26
156 26
155 27
150 27
149 28
148 28
147 29
146 29
145 30
144 30
141 33
140 33
138 35
138 36
137 37
137 38
135 40
135 41
134 42
134 44
133 45
131 45
129 43
129 42
125 38
125 37
124 36
123 36
121 34
118 34
117 33
115 33
114 34
106 34
105 35
104 35
103 36
101 36
99 38
98 38
92 44
92 46
91 47
91 48
87 52
84 52
83 53
78 53
77 54
71 54
70 55
66 55
65 56
63 56
62 57
60 57
59 58
55 58
54 59
49 59
48 60
45 60
43 62
39 62
38 63
37 63
36 64
32 64
31 65
29 65
28 64
27 64
26 65
25 65
24 66
23 66
22 67
21 67
20 68
17 68
16 69
16 70
15 71
12 71
12 72
11 73
11 74
6 79
6 82
10 86
11 86
12 87
13 87
15 89
17 89
18 90
19 90
20 91
28 91
29 92
43 92
44 93
46 93
47 92
57 92
58 91
62 91
63 90
68 90
69 89
71 89
73 91
74 91
79 96
81 96
83 98
86 98
87 97
91 97
93 95
97 95
98 94
103 94
104 93
105 93
106 92
109 92
110 91
113 91
113 89
111 87
109 87
108 86
104 86
103 85
103 84
104 83
108 83
109 82
114 82
115 81
119 81
120 80
124 80
125 79
130 79
132 77
136 77
137 76
141 76
142 75
147 75
148 74
149 74
150 75
151 75
152 76
154 76
156 78
158 78
159 79
162 79
163 80
175 80
176 79
177 79
178 78
182 78
183 77
188 77
190 75
193 75
194 74
197 74
198 73
199 73
200 72
205 72
206 71
211 71
213 69
216 69
217 68
218 68
219 67
221 67
222 66
225 66
226 65
227 65
228 64
230 64
231 63
232 63
233 62
233 60
230 60
229 59
226 59
225 58
227 56
243 56
244 55
245 55
246 56
249 56
250 55
251 55
252 56
260 56
261 55
262 55
263 56
266 56
267 55
268 55
269 56
272 56
273 55
278 55
279 54
282 54
283 53
284 53
285 52
288 52
290 50
292 50
293 49
294 49
296 47
296 46
297 45
297 43
298 42
298 41
299 40
299 39
300 38
300 34
299 33
299 26
294 21
294 20
293 19
292 19
291 18
290 18
288 16
284 16
283 15
