212 22
211 23
209 23
207 25
207 26
206 27
205 27
205 28
202 31
202 32
201 33
201 34
199 36
199 38
196 41
196 42
194 44
194 46
192 48
192 51
190 53
190 55
189 56
189 57
185 61
185 62
184 63
184 65
183 66
183 67
181 69
181 70
161 90
160 90
159 89
160 88
160 87
161 86
161 85
162 84
162 83
165 80
165 78
166 77
166 76
165 75
162 75
161 74
159 74
158 75
157 75
156 76
155 76
154 77
148 77
147 78
146 78
145 79
142 79
141 80
137 80
136 81
133 81
132 82
129 82
127 84
126 84
124 86
123 86
120 89
119 89
118 90
118 91
117 92
116 92
115 93
115 94
114 95
114 97
113 98
113 103
112 104
112 114
113 115
113 117
112 118
112 120
113 121
113 124
114 125
114 127
115 128
115 130
114 131
114 132
113 133
112 133
110 135
109 134
108 134
100 126
99 126
98 125
97 125
96 124
94 124
93 123
90 123
89 122
87 122
86 123
84 123
83 124
81 124
80 125
79 125
78 126
78 127
77 128
76 128
72 132
72 134
71 135
71 137
70 138
70 139
69 140
69 144
70 145
70 151
71 152
71 153
72 153
73 154
73 155
74 156
74 158
75 159
75 160
76 161
76 163
79 166
79 168
75 172
74 172
74 173
70 177
69 177
69 178
65 182
64 182
64 183
61 186
61 187
58 190
58 191
55 194
55 195
53 197
53 198
50 201
50 202
47 205
46 205
40 211
40 212
39 213
39 214
38 215
38 220
37 221
37 222
36 223
36 224
35 225
35 226
34 227
34 234
35 235
35 238
37 240
40 240
41 241
47 241
48 240
54 240
55 239
56 239
57 238
61 238
62 237
64 237
65 236
66 236
67 235
68 235
69 234
71 234
72 233
74 233
75 232
76 232
79 229
80 229
83 226
84 226
86 224
87 224
87 223
88 222
89 222
92 219
92 218
93 217
94 217
96 215
97 215
101 211
102 211
103 210
112 210
113 211
114 211
115 210
116 210
117 211
118 211
124 205
124 204
133 195
133 194
134 193
135 193
135 192
136 191
136 190
141 185
141 184
145 180
145 179
146 178
145 177
142 177
141 178
138 178
136 180
134 180
131 183
130 182
130 181
133 178
133 177
135 175
135 174
136 173
137 173
137 172
141 168
141 167
144 164
144 163
146 161
146 160
147 159
148 159
150 157
150 156
152 154
164 154
165 153
169 153
171 151
172 151
174 149
175 149
175 148
179 144
180 144
180 143
181 142
182 142
182 141
183 140
183 139
185 137
185 135
186 134
186 133
187 132
187 130
188 129
188 124
189 123
189 121
190 120
190 117
191 116
191 110
192 109
192 108
193 107
193 103
192 102
191 102
190 101
189 102
188 102
188 103
186 105
184 105
183 104
186 101
186 100
188 98
188 97
197 88
197 87
203 81
204 81
206 79
207 79
209 77
210 77
211 76
212 76
214 74
215 74
216 73
218 73
219 72
220 72
224 68
225 68
226 67
227 67
227 66
228 65
229 65
239 55
239 54
241 52
241 50
240 49
240 45
239 44
239 43
236 40
236 39
234 37
234 36
226 28
225 28
224 27
224 26
223 26
220 23
219 23
218 22
217 23
216 22
215 23
214 22
