117 1
116 2
113 2
112 3
109 3
108 4
107 4
106 5
104 5
103 6
101 6
100 7
99 7
98 8
97 8
96 9
95 9
94 10
92 10
91 11
90 11
89 12
88 12
86 14
85 14
84 15
83 15
82 16
81 16
80 17
79 17
77 19
76 19
74 21
73 21
71 23
70 23
69 24
68 24
66 26
65 26
63 28
62 28
59 31
58 31
54 35
53 35
50 38
49 38
46 41
45 41
39 47
38 47
24 61
23 61
22 62
21 62
19 64
18 64
17 65
16 65
15 66
14 66
12 68
11 68
8 71
7 71
2 76
2 77
1 78
1 85
2 86
2 87
9 94
10 94
15 99
16 99
17 100
17 101
18 101
25 108
26 108
30 112
30 113
36 119
36 120
38 122
38 123
40 125
40 126
42 128
42 129
43 130
43 131
44 132
44 133
45 134
45 135
46 136
46 138
47 139
47 141
48 142
48 144
49 145
49 147
50 148
50 152
51 153
51 157
52 158
52 183
51 184
51 189
50 190
50 194
49 195
49 198
48 199
48 202
47 203
47 205
46 206
46 208
45 209
45 211
44 212
44 213
43 214
43 216
42 217
42 218
41 219
41 220
40 221
40 223
38 225
38 226
37 227
37 228
36 229
36 230
35 231
35 232
34 233
34 234
33 235
33 236
32 237
32 238
31 239
31 240
29 242
29 243
28 244
28 245
27 246
27 247
26 248
26 249
25 250
25 251
23 253
23 254
22 255
22 256
21 257
21 258
20 259
20 261
19 262
19 263
18 264
18 265
17 266
17 268
16 269
16 272
15 273
15 276
14 277
14 291
15 292
15 295
16 296
16 298
17 299
17 300
18 301
18 302
19 303
19 304
20 305
20 306
21 307
21 308
23 310
23 311
27 315
27 316
30 319
32 319
33 318
34 318
35 317
36 317
37 316
39 316
40 315
46 315
47 316
48 316
49 317
50 317
51 318
52 318
54 320
54 321
55 321
56 322
56 323
59 326
59 327
61 329
61 330
62 331
62 332
63 333
63 334
65 336
65 337
66 338
66 339
68 341
68 342
69 343
69 344
70 345
70 346
71 347
71 348
73 350
73 351
74 352
74 353
77 356
77 357
81 361
81 362
82 363
83 363
88 368
89 368
90 369
91 369
92 370
93 370
94 371
96 371
97 372
103 372
104 373
105 372
107 372
108 373
110 373
111 374
113 374
114 375
116 375
117 376
119 376
120 377
121 377
122 378
124 378
125 379
126 379
127 380
129 380
130 381
131 381
132 382
133 382
134 383
136 383
137 384
138 384
139 385
141 385
142 386
143 386
144 387
145 387
146 388
147 388
148 389
150 389
151 390
152 390
153 391
154 391
155 392
157 392
158 393
159 393
160 394
162 394
163 395
165 395
166 396
167 396
168 397
170 397
171 398
174 398
175 399
177 399
178 400
181 400
182 401
186 401
187 402
219 402
220 401
224 401
225 400
228 400
229 399
232 399
233 398
236 398
237 397
239 397
240 396
241 396
242 395
245 395
246 394
247 394
248 393
250 393
251 392
252 392
253 391
255 391
256 390
257 390
258 389
259 389
260 388
262 388
263 387
264 387
265 386
266 386
267 385
268 385
269 384
270 384
271 383
272 383
273 382
274 382
275 381
276 381
277 380
278 380
279 379
280 379
281 378
282 378
284 376
285 376
286 375
287 375
288 374
289 374
290 373
291 373
292 372
293 372
294 371
295 371
297 369
298 369
300 367
301 367
302 366
303 366
307 362
307 356
301 350
300 350
299 349
298 349
296 347
295 347
294 346
293 346
292 345
291 345
290 344
289 344
288 343
287 343
286 342
285 342
284 341
282 341
281 340
280 340
279 339
277 339
276 338
275 338
274 337
272 337
271 336
269 336
268 335
266 335
265 334
263 334
262 333
261 333
260 332
257 332
256 331
254 331
253 330
251 330
250 329
248 329
247 328
244 328
243 327
241 327
240 326
237 326
236 325
234 325
233 324
230 324
229 323
226 323
225 322
223 322
222 321
219 321
218 320
215 320
214 319
211 319
210 318
207 318
206 317
203 317
202 316
201 316
200 315
200 314
201 313
201 311
202 310
202 308
203 307
203 306
204 305
204 304
205 303
205 302
206 301
206 300
207 299
207 298
209 296
209 295
210 294
210 293
212 291
212 290
213 289
214 289
214 288
217 285
218 285
221 282
222 282
224 280
225 280
226 279
228 279
229 278
231 278
232 277
238 277
239 276
243 276
244 277
251 277
252 278
255 278
256 279
259 279
260 280
262 280
263 281
265 281
266 282
268 282
269 283
271 283
272 284
274 284
275 285
276 285
277 286
279 286
280 287
281 287
282 288
284 288
285 289
287 289
288 290
289 290
290 291
292 291
293 292
295 292
296 293
299 293
300 294
305 294
306 295
312 295
313 294
316 294
317 293
318 293
319 292
320 292
321 291
321 290
322 289
323 289
323 288
325 286
325 285
326 284
326 283
327 282
327 261
326 260
326 259
325 258
325 257
322 254
321 254
319 252
318 252
317 251
315 251
314 250
312 250
311 249
306 249
305 248
296 248
295 247
285 247
284 246
278 246
277 245
273 245
272 244
270 244
269 243
268 243
267 242
266 242
265 241
264 241
263 240
262 240
255 233
255 232
254 231
254 230
253 229
253 228
252 227
252 225
251 224
251 221
252 220
253 220
254 219
255 219
256 218
257 218
258 217
259 217
260 216
261 216
263 214
264 214
266 212
267 212
269 210
270 210
272 208
273 208
276 205
277 205
285 197
286 197
293 190
293 189
294 188
295 188
295 187
300 182
300 181
304 177
304 176
307 173
307 172
308 171
308 170
310 168
310 167
311 166
311 165
313 163
313 162
314 161
314 160
315 159
315 158
316 157
316 156
317 155
317 153
318 152
318 150
319 149
319 147
320 146
320 143
321 142
321 126
320 125
320 123
319 122
319 120
318 119
318 118
316 116
316 115
310 109
309 109
307 107
306 107
305 106
300 106
299 107
265 107
264 106
260 106
259 105
257 105
256 104
255 104
254 103
253 103
251 101
251 100
250 99
250 92
251 91
251 90
252 89
252 88
253 87
253 85
255 83
255 82
256 81
256 80
257 79
257 78
259 76
259 75
260 74
260 73
261 72
261 70
262 69
262 61
259 58
258 58
256 56
255 56
254 55
253 55
250 52
249 52
247 50
246 50
243 47
242 47
237 42
236 42
223 29
222 29
216 23
215 23
212 20
211 20
208 17
207 17
205 15
204 15
203 14
202 14
201 13
200 13
198 11
196 11
195 10
194 10
193 9
192 9
191 8
189 8
188 7
186 7
185 6
183 6
182 5
179 5
178 4
176 4
175 3
170 3
169 2
163 2
162 1
