114 44
113 45
103 45
102 46
96 46
95 47
89 47
88 48
84 48
83 49
80 49
79 50
76 50
75 51
72 51
71 52
69 52
68 53
65 53
64 54
62 54
61 55
60 55
59 56
57 56
56 57
55 57
54 58
52 58
51 59
50 59
49 60
48 60
47 61
46 61
45 62
44 62
43 63
42 63
41 64
40 64
38 66
37 66
35 68
34 68
31 71
30 71
21 80
21 81
19 83
19 84
18 85
18 86
17 87
17 88
16 89
16 90
15 91
15 94
14 95
14 105
15 106
15 109
16 110
16 111
17 112
17 113
18 114
18 115
19 116
19 117
21 119
21 120
30 129
31 129
34 132
35 132
37 134
38 134
39 135
38 136
38 137
37 138
37 141
36 142
36 144
35 145
35 148
34 149
34 178
33 179
33 189
32 190
32 194
31 195
31 196
30 197
30 201
33 201
34 202
36 202
37 203
40 203
41 204
42 204
43 205
43 202
44 201
44 200
45 199
45 198
46 197
46 191
47 190
47 180
48 179
48 150
49 149
49 147
50 146
50 143
51 142
54 142
55 143
56 143
57 144
59 144
60 145
59 146
59 149
58 150
58 153
57 154
57 186
56 187
56 197
55 198
55 210
56 210
57 211
58 211
59 212
64 212
65 213
67 213
68 214
69 213
69 199
70 198
70 188
71 187
71 155
72 154
72 151
74 149
75 149
76 150
79 150
81 152
81 154
80 155
80 161
79 162
79 165
78 166
78 172
77 173
77 176
76 177
76 215
78 215
79 216
82 216
83 217
89 217
90 218
91 218
91 214
90 213
90 178
91 177
91 175
92 174
92 167
93 166
93 164
94 163
94 156
96 154
102 154
103 155
105 155
106 156
105 157
105 164
104 165
104 167
103 168
103 199
104 200
104 222
107 222
108 223
109 223
110 224
111 224
112 225
118 225
118 198
117 197
117 170
118 169
118 166
119 165
119 159
120 158
120 157
121 156
133 156
135 158
135 159
138 162
138 163
139 164
139 171
140 172
140 174
141 175
141 178
142 179
142 182
143 183
143 185
144 186
144 189
145 190
145 196
146 197
146 217
145 218
145 224
146 224
147 223
151 223
152 222
153 222
154 221
158 221
159 220
159 219
160 218
160 196
159 195
159 188
158 187
158 185
157 184
157 181
156 180
156 178
155 177
155 174
154 173
154 170
153 169
153 163
152 162
152 159
153 158
155 160
155 161
157 163
157 166
158 167
158 169
159 170
159 171
161 173
161 176
162 177
162 180
163 181
163 183
164 184
164 191
165 192
165 194
166 195
166 205
167 206
167 217
168 217
169 216
170 216
171 215
174 215
175 214
181 214
181 205
180 204
180 194
179 193
179 190
178 189
178 183
177 182
177 179
176 178
176 176
175 175
175 172
174 171
174 168
173 167
173 166
171 164
171 162
170 161
170 158
169 157
169 156
167 154
168 153
170 153
172 155
172 156
174 158
174 159
175 160
175 161
176 162
176 164
177 165
177 168
178 169
178 171
179 172
179 173
180 174
180 175
181 176
181 177
183 179
183 182
184 183
184 185
185 186
185 189
186 190
186 192
187 193
187 194
188 195
188 196
189 197
189 199
190 200
190 203
191 204
191 207
192 208
192 210
193 210
195 208
196 208
197 207
200 207
202 205
203 205
204 204
205 204
205 203
204 202
204 199
203 198
203 195
202 194
202 192
201 191
201 190
200 189
200 188
199 187
199 185
198 184
198 181
197 180
197 178
196 177
196 174
195 173
195 172
193 170
193 169
192 168
192 167
191 166
191 164
190 163
190 160
189 159
189 157
188 156
188 155
187 154
187 153
186 152
187 151
191 151
194 154
194 155
196 157
196 160
197 161
197 162
199 164
199 167
200 168
200 170
201 171
201 174
202 175
202 177
203 178
203 179
205 181
205 184
206 185
206 188
207 189
207 190
209 192
209 193
211 195
211 196
212 197
214 197
219 192
220 192
222 190
223 190
224 189
221 186
221 185
219 183
219 180
218 179
218 176
217 175
217 174
215 172
215 170
214 169
214 166
213 165
213 163
212 162
212 159
211 158
211 157
209 155
209 152
208 151
208 150
206 148
206 147
204 145
204 144
203 143
204 142
206 142
207 141
208 141
209 140
210 140
211 139
212 139
213 138
214 138
215 137
216 137
217 136
218 136
220 134
221 134
223 132
224 132
227 129
228 129
237 120
237 119
239 117
239 116
240 115
240 114
241 113
241 112
242 111
242 110
243 109
243 106
244 105
244 95
243 94
243 91
242 90
242 89
241 88
241 87
240 86
240 85
239 84
239 83
237 81
237 80
228 71
227 71
224 68
223 68
221 66
220 66
218 64
217 64
216 63
215 63
214 62
213 62
212 61
211 61
210 60
209 60
208 59
207 59
206 58
204 58
203 57
202 57
201 56
199 56
198 55
197 55
196 54
194 54
193 53
190 53
189 52
187 52
186 51
183 51
182 50
179 50
178 49
175 49
174 48
170 48
169 47
163 47
162 46
156 46
155 45
145 45
144 44
