30 56
29 57
27 57
26 58
25 58
24 59
24 60
22 62
22 70
28 76
29 76
30 77
33 77
34 78
35 78
36 79
39 79
40 80
41 80
42 81
44 81
45 82
47 82
48 83
51 83
52 84
53 84
54 85
56 85
57 86
59 86
60 87
61 87
65 91
67 91
68 92
69 92
70 93
72 93
73 94
77 94
78 95
80 95
81 96
83 96
84 97
85 97
86 98
87 98
88 99
91 99
92 100
95 100
96 101
98 101
99 102
101 102
102 103
104 103
105 104
107 104
108 105
111 105
112 106
116 106
117 107
120 107
121 108
129 108
130 109
137 109
138 110
148 110
149 111
162 111
163 112
218 112
219 113
222 113
223 114
228 114
229 115
236 115
237 116
243 116
244 117
255 117
256 118
262 118
263 119
265 119
266 120
274 120
275 121
280 121
281 122
287 122
288 123
296 123
297 124
301 124
302 125
309 125
310 126
318 126
319 127
324 127
325 128
333 128
334 129
337 129
338 130
341 130
342 131
367 131
368 132
373 132
374 131
390 131
391 130
402 130
403 129
414 129
415 128
427 128
428 127
428 124
426 122
425 122
424 121
423 121
422 120
420 120
419 119
417 119
416 118
414 118
413 117
410 117
409 116
406 116
405 115
402 115
401 114
397 114
396 113
394 113
393 112
390 112
389 111
388 111
384 107
383 107
382 106
376 106
375 105
371 105
370 104
365 104
364 103
360 103
359 102
354 102
353 101
349 101
348 100
343 100
342 99
338 99
337 98
332 98
331 97
327 97
326 96
321 96
320 95
315 95
314 94
310 94
309 93
304 93
303 92
299 92
298 91
293 91
292 90
286 90
285 89
279 89
278 88
274 88
273 87
267 87
266 86
261 86
260 85
255 85
254 84
249 84
248 83
241 83
240 82
235 82
234 81
229 81
228 80
222 80
221 79
215 79
214 78
209 78
208 77
202 77
201 76
195 76
194 75
188 75
187 74
180 74
179 73
173 73
172 72
166 72
165 71
160 71
159 70
153 70
152 69
146 69
145 68
140 68
139 67
132 67
131 66
126 66
125 65
119 65
117 63
116 63
115 62
96 62
95 61
88 61
87 60
80 60
79 59
74 59
73 58
66 58
65 57
61 57
60 56
