96 78
95 79
94 79
92 81
91 81
90 82
80 82
79 83
77 83
76 84
75 84
74 85
73 85
70 88
70 89
69 90
69 91
68 92
68 93
67 94
67 102
66 103
66 106
67 107
67 112
68 113
68 117
69 118
69 119
74 124
75 124
76 125
90 125
91 126
92 126
93 127
94 127
95 128
96 128
97 129
100 129
101 130
108 130
109 129
111 129
113 127
116 127
117 126
126 126
127 127
130 127
131 126
183 126
184 125
191 125
192 124
193 124
194 123
195 123
196 122
209 122
210 121
248 121
249 120
281 120
282 119
285 119
286 120
288 120
289 119
303 119
304 118
317 118
318 117
331 117
332 116
337 116
338 115
339 115
343 111
343 110
344 109
344 107
345 106
345 94
344 93
344 92
341 89
340 89
339 88
336 88
335 87
328 87
327 86
280 86
279 85
273 85
272 86
270 86
269 85
249 85
248 86
245 86
244 85
238 85
237 86
234 86
233 85
209 85
208 86
204 86
203 85
192 85
191 84
190 84
189 83
118 83
117 82
116 82
114 80
113 80
112 79
111 79
110 78
