217 22
216 23
206 23
205 24
195 24
194 25
185 25
184 26
179 26
178 27
174 27
173 28
172 28
171 29
170 29
168 31
167 31
165 33
164 33
162 35
161 35
158 38
157 38
154 41
153 41
150 44
149 44
146 47
145 47
144 48
143 48
142 49
138 49
137 50
135 50
134 51
133 51
132 52
131 52
129 54
129 55
128 56
128 58
127 59
127 62
128 63
128 64
129 65
129 66
127 68
111 68
110 69
99 69
98 70
96 70
95 71
92 71
91 72
89 72
88 73
86 73
85 74
82 74
81 75
79 75
78 76
77 76
73 80
73 81
68 86
68 87
63 92
63 93
61 95
61 96
60 97
60 99
59 100
59 102
58 103
58 104
54 108
54 132
55 133
55 136
56 137
56 138
57 139
64 139
65 140
68 140
71 143
71 145
72 146
72 148
73 149
73 150
74 151
74 152
75 153
75 154
76 155
76 156
78 158
78 159
79 160
80 160
81 161
83 161
84 162
87 162
88 163
90 163
91 164
94 164
95 165
101 165
102 164
108 164
109 163
110 163
111 162
112 162
115 159
116 159
118 157
119 157
122 154
123 154
124 153
125 153
126 152
147 152
148 151
171 151
172 150
182 150
183 151
184 151
186 153
186 154
190 158
191 158
193 160
194 160
196 162
197 162
198 163
199 163
200 164
202 164
203 165
204 165
205 166
215 166
216 167
238 167
239 166
243 166
244 165
248 165
249 164
250 164
253 161
253 160
254 159
254 158
255 157
255 156
256 155
256 154
257 153
257 152
258 151
258 150
262 146
263 146
265 144
266 144
267 143
268 143
269 142
270 142
271 141
273 141
274 140
276 140
277 139
279 139
280 138
282 138
283 137
285 137
286 136
288 136
289 135
291 135
292 134
293 134
294 133
296 133
297 132
299 132
300 131
308 131
309 130
315 130
316 131
317 131
318 132
318 133
319 134
319 137
320 138
320 139
321 140
322 140
325 143
326 143
328 145
334 145
335 144
338 144
339 143
342 143
343 142
345 142
346 141
348 141
349 140
350 140
353 137
353 136
354 135
354 131
355 130
355 126
356 125
356 121
357 120
357 110
358 109
358 103
359 102
359 99
360 98
360 90
359 89
359 87
358 86
358 84
357 83
357 80
356 79
356 77
355 76
355 74
354 73
354 71
353 70
353 68
352 67
352 66
343 57
342 57
341 56
331 56
317 42
316 42
312 38
311 38
306 33
305 33
303 31
302 31
301 30
300 30
298 28
297 28
296 27
295 27
293 25
292 25
291 24
290 24
289 23
288 23
287 22
