172 37
171 38
170 38
168 40
164 40
163 41
162 41
154 49
154 50
151 53
151 54
150 55
150 57
149 58
149 72
150 73
150 74
151 75
151 76
152 77
152 78
154 80
154 81
155 82
155 83
156 84
156 85
158 87
159 87
160 88
161 88
163 90
164 90
165 91
166 91
167 92
167 95
165 97
165 98
164 99
164 100
163 101
163 102
162 103
162 104
161 105
161 106
160 107
160 110
159 111
159 128
158 129
158 134
157 135
157 137
156 138
156 140
155 141
155 143
154 144
154 145
153 146
153 150
152 151
152 152
151 153
151 158
150 159
150 171
151 172
153 172
155 170
156 170
160 166
160 165
162 163
163 163
166 160
167 160
168 159
170 159
171 160
171 180
169 182
169 183
168 184
168 185
167 186
167 187
166 188
166 189
165 190
165 196
164 197
164 205
165 206
165 210
166 211
166 212
170 216
170 217
171 218
171 224
170 225
156 225
155 224
153 224
152 223
151 223
150 222
148 222
147 221
139 221
138 222
137 222
136 223
135 223
134 224
133 224
132 225
131 225
131 226
130 227
130 228
129 229
129 230
128 231
128 234
130 236
134 236
135 235
136 235
137 234
159 234
160 233
171 233
172 232
177 232
178 231
179 231
179 230
180 229
180 227
181 226
181 224
180 223
180 222
179 221
179 214
182 211
183 211
184 210
185 210
185 209
186 208
188 208
189 207
192 207
193 208
199 208
200 209
200 223
199 224
199 225
198 226
198 227
197 228
197 230
196 231
197 232
197 233
218 233
219 234
222 234
223 235
241 235
242 234
242 233
243 232
243 230
242 229
242 228
240 226
240 225
239 225
238 224
217 224
216 225
211 225
210 226
207 226
206 225
207 224
207 223
208 222
208 219
211 216
212 216
214 214
214 213
215 212
215 205
216 204
218 204
219 203
223 203
224 202
229 202
230 201
232 201
233 200
235 200
236 199
245 199
246 198
247 198
248 197
250 197
251 196
252 196
253 195
254 195
255 194
256 194
260 190
260 189
261 188
261 187
262 186
262 185
263 184
263 168
264 167
264 159
265 158
265 156
266 155
266 153
267 152
267 151
268 150
268 149
269 148
269 147
272 144
274 144
275 143
276 143
277 142
278 142
278 140
277 139
273 139
272 140
271 140
270 141
268 141
267 142
266 142
264 144
264 145
262 147
262 148
261 149
261 150
260 151
260 153
259 154
259 155
258 156
258 157
257 158
257 160
256 161
256 164
255 165
255 172
254 173
254 179
253 180
253 182
251 184
251 185
250 186
250 187
249 188
249 189
246 192
245 192
244 193
243 193
242 194
241 194
240 195
218 195
216 193
216 186
215 185
215 183
214 182
214 178
213 177
213 174
212 173
212 169
211 168
211 164
210 163
210 161
209 160
209 158
208 157
208 154
207 153
207 143
208 142
213 142
215 144
215 145
216 146
216 147
217 148
217 149
218 150
218 151
219 152
219 153
220 154
220 155
221 156
221 157
222 158
222 159
223 160
223 161
225 163
225 164
226 165
226 166
227 167
227 168
228 169
228 170
229 170
230 171
232 169
232 164
233 163
242 163
243 162
244 162
246 160
246 159
247 158
247 157
245 155
235 155
230 150
229 150
227 148
227 147
220 140
220 139
218 137
217 137
216 136
215 136
214 135
212 135
211 134
209 134
207 132
206 132
205 131
206 130
207 130
208 129
209 129
212 126
212 125
214 123
214 122
215 121
215 120
216 119
216 118
217 117
217 116
218 115
218 113
219 112
219 109
218 108
219 107
230 107
231 106
234 106
235 105
236 105
237 104
240 104
241 103
242 103
243 102
246 102
247 101
248 101
249 100
250 100
251 99
252 99
254 97
255 97
255 96
256 95
256 94
257 93
257 92
258 91
258 89
259 88
259 84
260 83
260 69
259 68
259 67
258 66
258 65
251 58
251 57
250 56
249 56
247 54
247 53
246 53
244 51
243 51
242 50
241 50
240 49
234 49
233 50
230 50
229 51
227 51
226 52
225 52
224 53
223 53
221 55
220 55
218 57
217 57
213 61
213 62
212 63
212 64
210 66
210 67
209 68
209 69
208 70
208 72
207 73
207 74
206 75
203 75
202 74
202 63
201 62
201 59
200 58
200 56
199 55
199 54
197 52
197 51
196 50
196 49
194 47
193 47
192 46
191 46
189 44
188 44
187 43
186 43
183 40
182 40
181 39
180 39
179 38
178 38
177 37
