278 72
277 73
276 73
274 75
273 74
272 75
271 75
269 77
268 77
267 78
266 78
265 79
264 79
263 80
260 80
258 82
255 82
254 83
252 83
251 84
246 84
245 85
244 84
243 85
242 85
241 86
240 85
238 87
237 86
236 87
235 87
234 86
233 87
232 87
231 88
230 87
228 89
225 89
224 90
223 89
222 89
221 90
220 89
219 90
215 90
215 91
214 92
213 91
212 91
211 92
210 91
209 92
207 92
206 93
205 92
204 92
203 93
202 92
200 92
199 93
198 93
197 92
196 93
194 93
193 92
191 94
190 93
190 92
189 93
183 93
182 94
181 93
178 93
177 94
176 93
174 93
173 92
172 93
170 93
169 94
168 93
168 92
167 93
166 93
165 92
164 93
163 92
162 92
161 93
160 93
159 92
157 92
156 93
155 92
154 92
153 93
152 92
151 92
150 93
149 92
148 93
147 93
146 92
145 93
142 93
141 94
140 93
138 93
137 94
136 93
135 94
134 93
133 94
129 94
128 95
123 95
122 96
120 96
120 97
119 98
118 98
118 99
119 100
118 101
117 101
116 102
116 103
114 105
114 107
112 109
112 111
111 112
110 112
111 113
111 114
110 115
110 117
111 118
111 119
110 120
111 121
111 122
110 123
111 124
111 125
110 126
111 127
111 130
110 131
111 131
112 132
112 137
113 138
113 139
112 140
113 141
113 145
115 147
114 148
115 149
115 151
116 152
115 153
116 154
116 155
115 156
116 156
117 157
117 159
118 160
118 162
119 162
120 163
119 164
120 165
120 167
121 168
121 171
122 172
122 176
123 176
124 177
123 178
123 179
124 180
123 181
124 181
126 183
126 184
127 185
126 186
128 188
128 190
129 191
128 192
127 192
128 192
130 194
129 195
130 196
130 197
132 199
132 200
134 202
133 203
134 204
135 204
136 205
136 206
137 206
138 207
137 208
138 209
139 209
140 210
141 210
142 211
142 212
141 213
140 213
137 216
136 216
132 220
132 221
128 225
128 228
129 228
130 229
130 230
131 229
132 230
133 230
134 231
133 232
133 233
134 234
134 235
135 236
135 238
134 239
133 239
134 240
133 241
133 243
132 244
132 246
131 247
129 247
129 248
128 249
127 249
127 250
126 251
124 249
124 251
123 252
122 252
122 253
121 254
121 255
122 256
122 257
121 258
120 258
121 259
120 260
119 260
119 261
116 264
116 265
115 266
115 268
114 269
113 269
113 270
112 271
111 271
112 272
112 273
111 274
110 274
107 277
106 277
107 278
107 284
106 285
106 286
107 287
106 288
105 288
106 289
105 290
105 298
104 299
106 301
105 302
104 302
105 302
106 303
105 304
105 305
106 306
105 307
106 307
107 308
107 309
106 310
107 310
108 311
108 313
109 314
109 316
112 319
112 320
114 322
115 322
116 323
116 324
117 325
117 326
118 326
122 330
124 330
126 332
127 332
128 333
130 333
131 334
132 334
134 336
135 336
136 337
137 336
138 337
139 336
141 338
142 337
143 338
144 338
145 337
147 339
148 338
149 338
150 339
152 339
153 338
154 338
155 339
155 338
156 337
158 337
161 334
161 333
160 333
159 332
159 331
157 331
156 330
155 331
153 329
153 328
152 327
151 327
150 326
150 325
149 326
148 326
147 325
145 327
143 327
142 328
139 328
138 327
137 328
136 328
135 327
135 326
138 323
137 322
137 321
135 319
134 319
133 318
133 317
132 318
130 318
129 319
128 318
128 317
127 318
126 317
123 317
122 316
121 316
120 315
120 313
119 312
119 311
118 311
117 310
118 309
118 308
117 307
118 306
117 306
116 305
116 304
117 303
116 302
117 301
116 300
117 299
116 298
117 297
117 295
118 294
117 293
118 292
117 291
118 290
119 290
119 288
120 287
120 285
122 283
121 282
124 279
124 278
125 277
125 276
126 275
126 274
127 273
128 273
128 272
130 270
130 269
131 268
132 268
133 267
133 265
134 264
135 264
135 263
136 262
137 262
137 261
142 256
143 257
143 255
144 254
145 255
146 255
147 254
148 254
149 255
151 253
157 253
158 252
159 252
160 251
162 251
163 250
164 251
164 253
165 253
166 254
166 255
167 254
169 254
169 252
170 251
171 251
171 250
172 249
172 247
173 246
174 246
174 244
176 242
176 241
178 239
179 240
179 242
180 242
181 243
181 244
182 244
184 246
185 245
187 247
189 247
190 248
191 248
192 249
194 249
195 250
196 250
197 249
198 250
199 249
200 250
201 250
202 249
204 251
205 250
206 250
207 251
208 250
209 251
210 251
211 250
213 250
214 251
215 250
216 250
217 251
218 251
219 250
220 250
221 251
222 250
223 251
224 251
225 250
226 251
227 250
228 251
229 251
230 250
231 251
236 251
237 250
238 251
239 250
240 250
241 249
243 251
244 250
245 250
246 251
247 250
252 250
253 249
254 250
255 249
256 250
257 250
258 249
259 250
260 250
261 249
262 250
264 250
265 249
266 250
267 249
268 250
268 249
269 248
270 249
277 249
278 248
279 248
280 247
281 248
281 247
283 245
284 246
284 245
285 244
286 244
287 243
288 243
289 242
291 242
291 241
294 238
296 238
296 237
299 234
299 228
300 227
299 226
299 225
300 224
299 223
299 221
298 220
298 219
299 218
298 217
298 215
297 214
298 213
296 211
297 210
296 209
296 207
295 206
296 205
294 203
295 202
293 200
294 199
292 197
293 196
292 195
293 194
292 194
291 193
291 190
290 189
290 187
289 186
289 185
288 184
289 183
287 181
287 179
286 179
285 178
286 177
287 177
285 175
286 174
285 174
284 173
285 172
284 171
284 169
283 168
283 166
282 165
282 161
280 159
281 158
282 158
280 156
280 152
281 151
281 150
279 148
280 147
280 146
279 145
280 144
279 144
278 143
279 142
279 141
278 140
279 139
279 138
278 137
279 136
279 130
278 129
279 128
280 128
279 127
279 123
280 122
280 121
279 120
279 118
280 117
280 116
279 115
280 114
280 113
279 112
279 107
280 106
278 104
279 103
280 103
279 102
279 100
280 99
279 98
279 97
280 96
280 93
281 92
280 91
280 90
281 89
281 88
280 87
281 86
281 84
282 83
281 82
282 81
283 81
283 80
282 79
283 78
284 78
282 76
283 75
282 75
281 74
281 73
280 73
279 72
