240 73
239 74
236 74
235 75
234 75
233 76
232 76
231 77
230 77
229 78
223 78
222 79
221 79
220 80
219 80
216 83
214 83
213 82
212 82
207 77
205 77
204 76
196 76
195 77
191 77
190 78
188 78
187 79
186 79
185 80
183 80
181 82
180 82
174 88
174 89
173 90
173 91
172 92
172 99
169 102
164 102
163 103
151 103
150 104
145 104
144 105
135 105
134 106
130 106
129 107
126 107
125 108
115 108
114 109
109 109
108 110
102 110
101 111
96 111
95 112
92 112
91 113
88 113
87 114
85 114
84 115
83 115
82 116
80 116
79 117
77 117
76 118
74 118
72 120
71 120
68 123
67 123
65 125
64 125
60 129
60 130
52 138
52 139
51 140
51 141
50 142
50 143
49 144
49 147
48 148
48 167
49 168
49 170
50 171
50 172
52 174
52 175
59 182
60 182
63 185
64 185
66 187
67 187
69 189
70 189
71 190
72 190
73 191
74 191
75 192
76 192
77 193
78 193
79 194
80 194
81 195
82 195
83 196
84 196
85 197
87 197
88 198
89 198
90 199
91 199
92 200
94 200
95 201
97 201
98 202
101 202
102 203
103 203
104 204
106 204
107 205
109 205
110 206
113 206
114 207
115 207
116 208
120 208
121 209
127 209
128 210
130 210
131 211
138 211
139 212
142 212
143 213
145 213
147 215
151 215
152 214
164 214
165 215
173 215
174 214
184 214
185 213
187 213
188 212
191 212
192 211
196 211
197 210
199 210
200 209
201 209
202 208
203 208
204 207
207 207
208 206
210 206
211 205
213 205
215 203
217 203
218 202
219 202
220 201
222 201
223 200
226 200
227 199
229 199
230 198
233 198
234 197
237 197
238 196
244 196
245 195
255 195
256 194
267 194
268 195
281 195
282 196
285 196
286 197
288 197
292 201
292 202
297 207
298 207
299 208
301 208
302 209
310 209
311 210
320 210
321 211
330 211
331 212
332 212
333 213
360 213
361 212
362 213
364 213
365 212
370 212
371 211
374 211
375 210
378 210
379 209
380 209
381 208
382 208
383 207
384 207
386 205
387 205
393 199
393 198
394 197
394 196
396 194
396 192
397 191
397 190
398 189
398 188
399 187
399 185
400 184
400 183
401 182
401 181
402 180
402 179
403 178
403 177
404 176
404 174
405 173
405 171
406 170
406 166
407 165
407 162
408 161
408 159
409 158
409 157
410 156
410 155
411 154
411 152
412 151
412 149
413 148
413 142
414 141
414 136
415 135
415 133
416 132
416 116
415 115
415 107
414 106
414 102
413 101
413 98
412 97
412 96
411 95
410 95
405 90
404 90
403 89
401 89
400 88
398 88
397 87
392 87
391 86
383 86
382 85
363 85
362 84
347 84
346 83
309 83
308 82
299 82
298 81
291 81
290 80
281 80
280 79
273 79
272 78
268 78
267 77
264 77
263 76
259 76
258 75
255 75
254 74
248 74
247 73
