67 11
66 12
65 12
59 18
59 19
58 20
58 23
57 24
57 30
58 31
58 34
59 35
59 36
60 37
60 38
61 39
61 40
62 41
62 42
63 43
63 44
64 45
64 46
65 47
65 48
68 51
68 52
69 53
69 54
70 55
70 56
76 62
76 63
77 64
77 65
78 66
78 67
81 70
81 71
85 75
85 76
86 77
86 78
92 84
92 85
98 91
98 92
104 98
104 99
107 102
107 103
110 106
110 107
111 108
111 109
112 110
112 111
115 114
115 115
124 124
124 125
137 138
137 139
140 142
141 142
142 143
143 143
146 146
146 147
147 148
146 149
146 150
145 151
145 152
144 153
144 162
143 163
143 178
144 179
144 183
145 184
145 185
146 186
146 187
147 188
147 189
148 190
148 191
149 192
149 193
150 194
150 195
151 196
151 197
154 200
154 201
157 204
157 205
163 211
163 212
176 225
177 225
178 226
179 226
180 227
181 227
183 229
184 229
185 230
186 230
187 231
188 231
189 232
193 232
194 233
195 233
196 234
197 234
198 235
213 235
214 234
215 234
216 233
217 233
218 232
219 232
225 226
225 225
228 222
228 221
229 220
229 217
230 216
230 201
229 200
229 196
228 195
228 192
227 191
227 190
226 189
226 187
225 186
225 183
224 182
224 181
223 180
223 179
222 178
222 175
221 174
221 173
220 172
220 171
219 170
219 169
218 168
218 167
217 166
217 165
216 164
216 163
215 162
215 161
214 160
214 159
211 156
211 155
202 146
201 146
198 143
197 143
194 140
193 140
192 139
191 139
190 138
189 138
188 137
185 137
184 136
180 136
179 135
168 135
167 136
164 136
163 137
153 127
153 126
152 125
152 124
151 123
151 122
145 116
145 115
144 114
144 113
143 112
143 111
142 110
142 109
141 108
141 107
140 106
140 105
139 104
139 103
136 100
136 99
133 96
133 95
130 92
130 91
126 87
126 86
125 85
125 84
119 78
119 77
116 74
116 73
115 72
115 71
114 70
114 69
111 66
111 65
108 62
108 61
107 60
107 59
106 58
106 57
103 54
103 53
102 52
102 51
101 50
101 49
97 45
97 44
96 43
96 42
93 39
93 38
90 35
90 34
89 33
89 32
88 31
88 30
87 29
87 28
86 27
86 26
85 25
85 24
84 23
84 22
81 19
81 18
75 12
74 12
73 11
