124 94
123 95
122 95
121 96
118 96
117 97
116 97
115 98
114 98
113 99
110 99
109 100
108 100
105 103
104 103
103 104
102 104
101 105
98 105
97 106
96 106
93 109
92 109
91 110
90 110
88 112
88 113
87 114
86 114
84 116
84 117
83 118
82 118
79 121
78 121
77 122
76 122
74 124
74 125
73 126
72 126
70 128
70 129
69 130
68 130
66 132
66 133
65 134
64 134
62 136
62 137
61 138
60 138
58 140
58 141
57 142
57 143
51 149
51 150
49 152
49 153
48 154
48 157
47 158
47 159
46 160
46 161
45 162
45 165
46 166
46 168
45 169
45 173
44 174
44 176
43 177
43 179
39 183
39 184
38 185
38 191
37 192
37 193
36 194
36 197
37 198
37 199
36 200
36 203
35 204
35 243
36 244
36 248
37 249
37 252
38 253
38 256
39 257
39 259
40 260
40 262
41 263
41 265
42 266
42 267
43 268
43 270
44 271
44 272
45 273
45 275
46 276
46 277
47 278
47 279
48 280
48 282
49 283
49 284
50 285
50 286
51 287
51 288
52 289
52 290
53 291
53 292
54 293
54 294
55 295
55 297
56 298
56 299
57 300
57 301
58 302
58 303
59 304
59 305
60 306
60 307
61 308
61 309
63 311
63 312
67 316
67 317
70 320
70 321
76 327
77 327
82 332
83 332
84 333
85 333
87 335
88 335
89 336
90 336
91 337
92 337
93 338
94 338
96 340
97 340
98 341
99 341
100 342
101 342
102 343
103 343
104 344
105 344
106 345
107 345
108 346
109 346
110 347
111 347
112 348
114 348
115 349
116 349
117 350
118 350
119 351
121 351
122 352
124 352
125 353
126 353
127 354
129 354
130 355
132 355
133 356
136 356
137 357
138 357
139 358
150 358
151 357
163 357
164 356
167 356
168 355
171 355
172 354
174 354
175 353
177 353
178 352
180 352
181 351
184 351
185 350
186 350
187 349
188 349
189 348
190 348
191 347
193 347
194 346
195 346
197 344
198 344
199 343
200 343
202 341
204 341
205 340
206 340
208 338
209 338
211 336
212 336
213 335
216 335
217 334
218 334
219 333
222 333
223 332
224 332
225 331
226 331
229 328
230 328
231 327
232 327
235 324
236 324
237 323
238 323
240 321
240 320
241 319
242 319
244 317
244 316
245 315
246 315
249 312
250 312
251 311
252 311
254 309
254 308
255 307
255 306
258 303
258 302
259 301
260 301
262 299
262 298
263 297
263 296
266 293
266 292
269 289
270 289
272 287
272 286
273 285
273 284
276 281
276 280
277 279
277 278
280 275
280 274
283 271
284 271
286 269
286 268
287 267
287 266
290 263
290 262
291 261
291 258
294 255
294 254
295 253
295 250
298 247
298 246
299 245
299 244
300 243
301 243
304 240
304 239
306 237
306 236
307 235
307 234
308 233
308 232
309 231
309 230
310 229
310 228
311 227
311 224
312 223
312 221
313 220
313 219
314 218
314 217
315 216
315 213
317 211
317 210
318 209
318 208
319 207
319 206
322 203
322 202
323 201
323 200
326 197
326 196
327 195
327 192
328 191
328 190
329 189
329 188
332 185
332 184
333 183
333 182
336 179
336 178
337 177
337 174
338 173
338 172
339 171
340 171
342 169
342 168
343 167
343 164
344 163
344 162
345 161
345 158
346 157
346 156
347 155
347 152
348 151
348 150
349 149
349 146
350 145
350 144
351 143
351 142
352 141
352 140
353 139
353 138
354 137
354 136
357 133
357 132
359 130
359 129
360 128
360 127
361 126
361 125
362 124
363 124
365 122
365 121
367 119
368 119
370 117
371 117
372 116
374 116
375 115
376 115
377 114
379 114
380 113
381 113
382 112
385 112
386 111
389 111
390 110
393 110
394 109
417 109
418 110
420 110
421 111
424 111
425 112
426 112
427 113
432 113
433 114
434 114
435 115
436 115
437 116
438 116
439 117
439 118
441 120
442 120
443 121
444 121
445 122
446 122
447 123
448 123
449 124
450 124
451 125
451 126
453 128
454 128
455 129
456 129
457 130
458 130
459 131
460 131
462 133
463 133
466 136
467 136
468 137
468 138
472 142
473 142
474 143
474 144
475 145
475 146
477 148
478 148
479 149
480 149
481 150
481 151
482 152
482 153
484 155
485 155
486 156
486 157
488 159
489 159
490 160
490 161
492 163
493 163
494 164
494 165
496 167
497 167
498 168
498 169
500 171
501 171
502 172
502 173
504 175
505 175
506 176
506 177
508 179
509 179
510 180
510 181
512 183
513 183
514 184
514 185
515 186
515 187
518 190
518 191
519 192
519 193
521 195
522 195
523 196
523 197
525 199
526 199
527 200
527 201
528 202
528 203
531 206
531 207
532 208
532 209
533 210
533 211
536 214
536 215
537 216
537 217
538 218
538 219
541 222
541 223
542 224
542 225
543 226
543 227
546 230
546 231
547 232
547 233
548 234
548 235
549 236
549 239
550 240
550 241
553 244
553 245
554 246
554 250
555 251
555 252
556 253
556 256
557 257
557 258
558 259
558 264
559 265
559 266
560 267
560 272
561 273
561 274
562 275
562 293
561 294
561 295
560 296
560 301
559 302
559 303
558 304
558 308
557 309
557 312
556 313
556 314
555 315
555 318
554 319
554 320
553 321
553 322
551 324
551 325
550 326
550 327
549 328
548 328
546 330
546 331
545 332
544 332
542 334
542 335
541 336
540 336
538 338
538 339
537 340
536 340
535 341
532 341
531 342
530 342
528 344
528 345
527 346
526 346
523 349
522 349
521 350
520 350
519 351
518 351
515 354
514 354
513 355
512 355
511 356
508 356
507 357
506 357
505 358
504 358
503 359
500 359
499 360
498 360
497 361
491 361
490 362
489 362
488 363
472 363
471 362
470 362
469 361
466 361
465 360
464 360
463 359
460 359
459 358
458 358
457 357
454 357
451 354
450 354
449 353
446 353
445 352
444 352
443 351
440 351
439 350
438 350
437 349
434 349
433 348
432 348
431 347
430 347
427 344
426 344
425 343
424 343
423 342
423 341
419 337
419 336
418 335
418 334
417 333
417 332
416 331
416 330
415 329
415 328
414 327
414 324
413 323
413 316
412 315
412 298
413 297
413 296
414 295
414 291
415 290
415 289
417 287
417 286
418 285
418 284
419 283
419 282
420 281
420 280
421 279
421 278
427 272
427 271
428 270
429 270
437 262
438 262
439 261
440 261
441 260
443 260
444 259
450 259
451 258
458 258
459 259
463 259
464 260
466 260
467 261
468 261
469 262
470 262
472 264
473 264
476 267
477 267
479 269
479 270
482 273
482 274
483 275
483 276
484 277
484 279
485 280
485 293
484 294
484 297
483 298
483 301
482 302
482 303
480 305
477 305
476 306
475 306
474 307
470 307
469 308
464 308
463 309
462 308
461 308
457 304
457 303
454 300
454 299
456 297
456 296
459 293
459 292
460 291
460 288
459 287
459 286
456 283
455 283
454 282
451 282
450 283
449 283
447 285
447 286
445 288
445 289
444 290
444 291
442 293
442 294
441 295
441 304
442 305
442 306
443 307
443 308
448 313
448 314
453 319
454 319
455 320
456 320
457 321
458 321
459 322
467 322
468 321
472 321
473 320
477 320
478 319
479 319
480 318
484 318
485 317
486 317
489 314
490 314
492 312
492 311
493 310
493 309
494 308
494 307
495 306
495 305
496 304
496 301
497 300
497 296
498 295
498 277
497 276
497 275
496 274
496 272
495 271
495 270
494 269
494 268
492 266
492 265
489 262
489 261
485 257
484 257
481 254
480 254
477 251
476 251
475 250
474 250
473 249
472 249
471 248
470 248
469 247
467 247
466 246
461 246
460 245
448 245
447 246
442 246
441 247
438 247
437 248
436 248
435 249
434 249
433 250
432 250
431 251
430 251
424 257
423 257
421 259
421 260
420 261
420 262
419 263
418 263
417 264
416 264
414 266
414 267
413 268
413 269
412 270
412 271
409 274
409 275
408 276
408 277
407 278
407 279
405 281
405 282
404 283
404 284
403 285
403 286
402 287
402 288
401 289
401 293
400 294
400 295
399 296
399 317
400 318
400 325
401 326
401 329
402 330
402 331
403 332
403 333
404 334
404 335
405 336
405 337
406 338
406 339
407 340
407 341
408 342
408 343
409 344
409 345
410 346
410 347
412 349
413 349
414 350
415 350
416 351
416 352
418 354
419 354
420 355
421 355
422 356
423 356
426 359
427 359
428 360
431 360
432 361
433 361
434 362
437 362
438 363
439 363
440 364
443 364
444 365
445 365
446 366
449 366
452 369
453 369
454 370
457 370
458 371
459 371
460 372
463 372
464 373
465 373
466 374
469 374
470 375
471 375
472 376
488 376
489 375
490 375
491 374
497 374
498 373
499 373
500 372
503 372
504 371
505 371
506 370
509 370
510 369
511 369
512 368
513 368
514 367
517 367
518 366
519 366
522 363
523 363
524 362
525 362
526 361
527 361
530 358
531 358
532 357
533 357
535 355
535 354
536 353
537 353
538 352
541 352
542 351
543 351
545 349
545 348
546 347
547 347
549 345
549 344
550 343
551 343
553 341
553 340
554 339
555 339
557 337
557 336
558 335
559 335
561 333
561 332
563 330
563 329
564 328
564 327
565 326
565 325
566 324
566 323
567 322
567 321
568 320
568 315
569 314
569 313
570 312
570 311
571 310
571 304
572 303
572 302
573 301
573 296
574 295
574 294
575 293
575 275
574 274
574 273
573 272
573 267
572 266
572 265
571 264
571 259
570 258
570 257
569 256
569 253
568 252
568 251
567 250
567 244
566 243
566 242
565 241
565 240
562 237
562 236
561 235
561 234
560 233
560 230
559 229
559 228
558 227
558 226
555 223
555 222
554 221
554 220
553 219
553 218
550 215
550 214
549 213
549 212
548 211
548 210
545 207
545 206
544 205
544 204
543 203
543 202
540 199
540 198
539 197
539 196
538 195
538 194
536 192
535 192
534 191
534 190
532 188
531 188
530 187
530 186
527 183
527 182
526 181
526 180
525 179
525 178
523 176
522 176
521 175
521 174
519 172
518 172
517 171
517 170
515 168
514 168
513 167
513 166
511 164
510 164
509 163
509 162
507 160
506 160
505 159
505 158
503 156
502 156
501 155
501 154
499 152
498 152
497 151
497 150
495 148
494 148
493 147
493 146
492 145
492 144
490 142
489 142
488 141
488 140
483 135
482 135
481 134
481 133
477 129
476 129
475 128
475 127
471 123
470 123
468 121
467 121
466 120
465 120
464 119
463 119
462 118
461 118
460 117
459 117
458 116
458 115
456 113
455 113
454 112
453 112
452 111
451 111
450 110
449 110
448 109
447 109
446 108
446 107
444 105
443 105
442 104
441 104
440 103
439 103
438 102
435 102
434 101
433 101
432 100
429 100
428 99
427 99
426 98
424 98
423 97
420 97
419 96
392 96
391 97
388 97
387 98
384 98
383 99
380 99
379 100
378 100
377 101
374 101
373 102
372 102
371 103
369 103
368 104
367 104
366 105
365 105
363 107
362 107
360 109
359 109
355 113
353 113
352 114
351 114
343 122
342 122
338 126
337 126
336 127
335 127
334 128
333 128
332 129
331 129
328 132
327 132
325 134
325 135
322 138
322 139
320 141
320 142
319 143
319 144
316 147
316 148
313 151
313 152
312 153
312 154
311 155
311 156
310 157
310 158
309 159
309 160
308 161
308 162
307 163
307 164
300 171
300 172
298 174
298 175
297 176
297 177
296 178
296 179
294 181
294 182
290 186
290 187
287 190
287 191
286 192
286 193
284 195
284 196
283 197
283 198
282 199
282 200
281 201
281 203
280 204
280 205
279 206
279 207
278 208
278 209
277 210
277 211
276 212
276 214
275 215
275 216
274 217
274 219
273 220
273 222
272 223
272 225
271 226
271 227
270 228
270 230
268 232
268 233
267 234
267 237
266 238
266 239
265 240
265 241
263 243
263 244
261 246
261 247
260 248
260 250
258 252
258 253
257 254
257 255
255 257
255 258
254 259
254 260
252 262
252 263
250 265
250 266
249 267
249 268
248 269
248 270
246 272
246 273
245 274
245 275
243 277
243 278
241 280
241 281
240 282
240 283
238 285
238 286
236 288
236 289
235 290
235 291
233 293
233 294
231 296
231 297
229 299
229 300
227 302
227 303
223 307
223 308
221 310
221 311
217 315
216 315
210 321
209 321
208 322
207 322
202 327
201 327
200 328
199 328
198 329
197 329
196 330
193 330
192 331
191 331
190 332
187 332
186 333
185 333
184 334
181 334
180 335
179 335
178 336
175 336
174 337
173 337
172 338
169 338
168 339
167 339
165 341
164 340
161 340
160 341
159 341
158 342
155 342
154 343
153 343
152 344
143 344
142 343
137 343
136 342
134 342
132 340
131 340
130 339
125 339
124 338
123 338
122 337
121 337
118 334
117 334
116 333
114 333
112 331
112 330
110 328
109 328
108 327
107 327
104 324
103 324
102 323
100 323
98 321
98 320
96 318
95 318
94 317
93 317
89 313
89 312
88 311
88 310
86 308
85 308
84 307
83 307
79 303
79 302
78 301
78 300
75 297
75 296
74 295
74 294
71 291
71 290
70 289
70 288
67 285
67 284
66 283
66 282
63 279
63 276
62 275
62 274
61 273
61 270
60 269
60 268
57 265
57 262
56 261
56 260
54 258
55 257
55 254
54 253
54 252
52 250
53 249
53 246
52 245
52 244
50 242
51 241
51 238
50 237
50 236
49 235
49 232
48 231
48 228
49 227
49 221
48 220
48 217
49 216
49 210
48 209
48 207
49 206
49 203
50 202
50 199
51 198
51 196
52 195
52 192
53 191
53 189
54 188
54 186
55 185
55 183
56 182
56 180
57 179
57 177
58 176
58 172
59 171
59 168
60 167
60 165
61 164
61 162
62 161
62 157
65 154
65 153
66 152
66 150
69 147
69 146
70 145
71 145
73 143
73 142
74 141
75 141
77 139
77 138
78 137
79 137
81 135
81 134
82 133
83 133
86 130
87 130
88 129
89 129
91 127
91 126
92 125
93 125
95 123
95 122
96 121
97 121
100 118
101 118
102 117
103 117
104 116
107 116
108 115
109 115
112 112
113 112
114 111
115 111
116 110
119 110
120 109
121 109
122 108
123 108
124 107
141 107
142 106
144 108
145 108
146 109
149 109
150 110
151 110
152 111
155 111
156 112
157 112
158 113
161 113
164 116
165 116
166 117
167 117
170 120
171 120
172 121
175 121
178 124
179 124
180 125
182 125
184 127
184 128
186 130
187 130
188 131
190 131
191 132
191 134
192 135
192 136
194 138
195 138
198 141
198 142
200 144
201 144
203 146
203 148
204 149
204 150
207 153
207 156
208 157
208 158
211 161
211 162
212 163
212 164
215 167
215 170
216 171
216 172
218 174
217 175
217 178
218 179
218 180
220 182
219 183
219 186
220 187
220 188
222 190
222 192
221 193
221 196
222 197
222 200
221 201
221 204
222 205
222 208
221 209
221 212
220 213
220 214
219 215
219 221
218 222
218 223
217 224
217 227
216 228
216 229
215 230
215 233
214 234
214 235
213 236
212 236
210 238
210 239
209 240
209 243
208 244
208 245
207 246
206 246
204 248
204 249
203 250
202 250
200 252
200 253
199 254
198 254
195 257
194 257
193 258
192 258
191 259
188 259
187 260
186 260
185 261
182 261
181 262
180 262
179 263
173 263
172 264
171 264
170 265
164 265
163 266
162 266
161 267
144 267
143 266
142 266
141 265
140 265
139 264
138 264
137 263
136 263
135 262
135 261
133 259
132 259
131 258
130 258
129 257
129 256
127 254
127 253
125 251
125 250
124 249
124 247
123 246
123 245
122 244
122 243
121 242
121 241
120 240
120 225
121 224
121 223
122 222
122 219
123 218
123 217
126 214
127 214
131 210
132 210
133 209
135 209
136 208
138 208
139 209
142 209
143 210
144 210
145 211
146 211
147 212
148 212
156 220
157 220
158 221
158 223
159 224
159 225
160 226
160 231
159 232
159 234
158 235
158 236
156 238
156 239
155 240
154 240
152 242
151 242
150 243
145 243
144 242
141 242
140 241
137 241
136 242
135 242
133 244
133 245
132 246
132 249
133 250
133 251
136 254
137 254
138 255
141 255
142 256
153 256
154 255
155 255
156 254
157 254
159 252
160 252
163 249
163 248
164 247
165 247
168 244
168 243
170 241
170 240
171 239
171 238
172 237
172 234
173 233
173 224
172 223
172 222
171 221
171 218
170 217
170 216
167 213
166 213
165 212
165 211
163 209
163 208
158 203
157 203
156 202
155 202
154 201
153 201
152 200
151 200
150 199
149 199
148 198
147 198
146 197
145 197
144 196
142 196
141 195
134 195
133 196
129 196
128 197
127 197
125 199
124 199
119 204
118 204
113 209
113 210
111 212
111 213
110 214
110 215
109 216
109 219
108 220
108 221
107 222
107 242
108 243
108 244
109 245
109 246
110 247
110 248
111 249
111 252
112 253
112 254
113 255
113 256
115 258
115 259
117 261
117 262
120 265
121 265
122 266
122 267
124 269
125 269
126 270
127 270
128 271
128 272
130 274
131 274
133 276
134 276
135 277
136 277
137 278
139 278
140 279
141 279
142 280
161 280
162 279
163 279
164 278
170 278
171 277
172 277
173 276
179 276
180 275
181 275
182 274
185 274
186 273
187 273
188 272
191 272
192 271
193 271
194 270
197 270
198 269
199 269
202 266
203 266
204 265
205 265
207 263
207 262
208 261
209 261
211 259
211 258
212 257
213 257
215 255
215 254
216 253
217 253
219 251
219 250
220 249
220 246
221 245
221 244
222 243
223 243
225 241
225 240
226 239
226 236
227 235
227 234
228 233
228 230
229 229
229 228
230 227
230 224
231 223
231 222
232 221
232 215
233 214
233 213
234 212
234 209
233 208
233 205
234 204
234 201
233 200
233 197
234 196
234 193
233 192
233 191
231 189
231 187
232 186
232 183
231 182
231 181
229 179
230 178
230 175
229 174
229 173
227 171
228 170
228 167
227 166
227 165
224 162
224 159
223 158
223 157
220 154
220 153
219 152
219 151
216 148
216 145
215 144
215 143
213 141
212 141
210 139
210 137
209 136
209 135
207 133
206 133
203 130
203 129
201 127
200 127
199 126
197 126
196 125
196 123
195 122
195 121
193 119
192 119
191 118
189 118
187 116
187 115
185 113
184 113
183 112
180 112
177 109
176 109
175 108
174 108
171 105
170 105
169 104
166 104
163 101
162 101
161 100
158 100
157 99
156 99
155 98
152 98
151 97
150 97
149 96
146 96
145 97
143 95
142 95
141 94
