239 91
238 92
237 92
234 95
234 96
233 97
233 99
237 103
238 103
239 104
242 104
243 105
243 106
244 107
244 112
246 114
247 114
248 115
250 115
252 117
253 117
254 118
255 118
256 119
257 119
259 121
260 121
261 122
262 122
263 123
264 123
265 124
266 124
267 125
268 125
269 126
270 126
272 128
272 133
271 134
270 134
269 135
268 135
267 136
266 136
265 137
264 137
262 139
262 140
261 141
261 142
260 143
260 144
257 147
257 148
256 149
256 156
257 157
257 158
258 159
258 160
259 161
259 162
261 164
261 165
262 166
262 167
263 168
263 170
264 171
264 180
263 181
262 181
261 182
259 182
258 183
257 183
256 184
255 184
254 185
254 186
253 187
256 187
257 188
260 188
261 189
268 189
270 187
270 179
269 178
269 175
268 174
268 170
267 169
267 167
266 166
266 162
265 161
265 160
264 159
264 157
263 156
263 153
262 152
262 149
264 147
265 147
266 146
267 146
270 143
270 142
273 139
275 141
275 144
276 145
276 147
277 148
277 149
278 150
278 151
279 152
279 155
280 156
280 158
281 159
281 160
282 161
282 162
283 163
283 164
285 166
286 166
287 167
288 167
289 166
290 166
292 164
293 164
296 161
297 161
299 159
301 159
302 158
304 158
305 157
307 157
308 156
333 156
334 155
334 153
332 151
332 149
331 148
331 147
329 145
329 144
327 142
326 142
325 141
324 141
323 142
322 142
321 143
320 143
313 150
312 150
310 152
309 152
308 153
307 153
306 154
305 154
304 155
302 155
301 156
295 156
294 157
292 157
290 155
290 127
289 126
289 124
288 123
288 122
287 121
287 120
286 119
285 119
283 117
282 117
271 106
270 106
269 105
268 105
267 104
264 104
263 103
256 103
255 102
254 102
251 99
251 97
250 96
250 95
249 94
249 93
247 91
