244 95
243 96
242 96
240 98
240 99
239 100
239 104
240 105
240 106
241 107
241 108
243 110
244 110
245 111
249 111
250 112
250 115
252 117
253 117
254 118
255 118
256 119
257 119
264 126
265 126
269 130
269 131
268 132
267 132
266 133
264 133
263 134
261 134
260 135
258 135
257 136
256 136
255 137
254 137
253 138
252 138
251 139
251 140
250 141
250 142
249 143
249 144
248 145
248 146
247 147
247 150
246 151
246 152
245 153
245 154
244 155
244 157
243 158
243 161
242 162
242 166
241 167
241 169
240 170
230 170
229 171
229 172
230 173
231 173
235 177
236 177
237 178
238 178
240 180
241 180
242 181
244 181
246 179
246 167
247 166
247 164
248 163
248 162
249 161
249 160
251 158
251 157
252 156
252 153
253 152
253 148
254 147
254 146
255 145
256 145
257 144
258 144
259 143
267 143
268 142
273 142
274 141
284 141
285 142
286 142
296 152
297 152
300 155
301 155
302 156
304 156
305 157
307 157
308 158
311 158
312 159
313 159
314 160
315 160
316 161
318 161
319 162
322 162
323 163
325 163
326 164
332 164
333 165
336 165
337 166
338 166
341 169
341 170
346 175
346 176
348 174
348 163
347 162
347 161
346 160
346 159
345 159
344 158
335 158
334 157
333 157
332 156
331 156
330 155
329 155
328 154
327 154
326 153
324 153
323 152
321 152
320 151
318 151
317 150
316 150
315 149
313 149
312 148
311 148
310 147
309 147
303 141
303 140
301 138
300 138
298 136
297 136
293 132
292 132
291 131
291 130
290 129
290 128
288 126
288 125
286 123
286 122
282 118
282 117
281 117
277 113
276 113
273 110
272 110
271 109
271 108
270 108
265 103
263 103
262 102
255 102
254 101
253 101
252 100
252 99
250 97
250 96
249 96
248 95
