242 95
241 96
240 96
240 97
238 99
238 100
237 101
237 103
238 104
238 105
239 106
240 106
241 107
242 107
243 108
244 108
245 109
246 109
247 110
247 111
248 112
248 113
249 114
250 114
251 115
254 115
257 118
258 118
260 120
261 120
263 122
264 122
269 127
269 129
267 131
266 131
265 132
264 132
263 133
262 133
261 134
260 134
259 135
258 135
256 137
255 137
254 138
253 138
251 140
250 140
249 141
249 142
248 143
248 146
249 147
249 153
250 154
250 157
251 158
251 159
252 160
252 163
253 164
253 169
251 171
250 171
249 172
248 172
247 173
246 173
246 175
245 176
250 176
251 177
253 177
254 178
257 178
258 179
260 177
260 174
259 173
259 166
258 165
258 162
257 161
257 160
256 159
256 156
255 155
255 144
256 143
257 143
258 142
262 142
263 141
269 141
270 140
280 140
283 143
283 144
286 147
287 147
290 150
290 151
293 154
294 154
295 155
296 155
297 156
299 156
301 158
302 158
303 159
304 159
305 160
306 160
307 161
309 161
310 162
311 162
312 163
313 163
314 164
316 164
317 165
319 165
320 166
321 166
325 170
326 170
331 175
331 176
333 178
333 179
334 180
334 181
335 182
335 183
336 184
337 184
338 183
338 175
339 174
339 173
340 172
340 171
341 170
341 169
339 167
329 167
328 166
327 166
326 165
326 164
325 163
324 163
322 161
322 160
320 158
319 158
317 156
317 155
316 154
315 154
314 153
313 153
312 152
310 152
309 151
308 151
307 150
306 150
301 145
301 144
297 140
297 139
295 137
295 136
294 135
294 134
293 133
293 132
292 131
292 130
289 127
289 126
281 118
281 117
276 112
276 111
270 105
269 105
266 102
265 102
264 101
260 101
259 100
257 100
256 101
255 101
254 102
253 102
252 101
252 98
250 96
248 96
247 95
