127 9
126 10
126 11
125 12
125 13
124 14
124 15
123 16
123 19
122 20
122 21
121 22
121 24
119 26
119 27
118 28
118 29
115 32
115 33
112 36
112 38
111 39
111 40
110 41
110 42
109 43
109 44
107 46
107 48
106 49
106 50
105 51
105 56
110 61
110 70
109 71
109 72
108 73
108 74
107 75
107 76
106 77
106 78
94 90
94 91
92 93
92 94
91 95
91 109
92 110
92 111
93 112
93 115
94 116
94 117
95 118
95 119
96 120
96 121
97 122
97 124
98 125
98 138
97 139
97 142
96 143
96 144
95 145
95 146
94 147
94 148
93 149
93 150
89 154
89 155
88 156
88 157
87 158
87 159
86 160
86 161
85 162
85 163
81 167
81 168
80 169
80 170
79 171
79 172
78 173
78 174
75 177
75 178
89 178
91 176
92 176
93 175
95 175
97 173
98 173
99 172
100 172
103 169
103 168
105 166
108 169
108 170
110 172
110 173
114 177
114 192
115 193
115 203
116 204
116 216
117 217
117 230
118 231
118 232
120 234
124 234
126 232
126 228
125 227
125 214
124 213
124 201
123 200
123 190
122 189
122 179
123 178
131 178
132 179
136 179
137 180
138 180
139 181
142 181
143 182
145 182
146 181
148 181
150 179
151 179
154 176
154 175
155 174
156 174
158 172
158 171
157 171
154 168
154 167
153 166
153 165
149 161
149 160
148 159
148 158
147 157
147 156
146 155
146 152
144 150
144 147
143 146
143 145
142 144
142 143
141 142
141 141
139 139
139 130
140 129
140 128
141 127
141 126
142 125
142 124
143 123
143 122
144 121
144 120
145 119
145 118
147 116
147 115
148 114
148 113
149 112
149 111
150 110
150 107
151 106
151 103
150 102
150 101
149 100
149 97
148 96
148 95
145 92
145 91
143 89
143 88
142 87
142 86
141 85
141 83
139 81
139 79
138 78
138 77
137 76
137 64
144 57
144 45
143 44
143 39
142 38
142 37
141 36
141 35
140 34
140 33
139 32
139 31
138 30
138 29
137 28
137 27
136 26
136 25
135 24
135 23
134 22
134 21
133 20
133 19
132 18
132 17
131 16
131 15
128 12
128 9
