75 39
74 40
74 42
73 43
73 59
72 60
72 70
71 71
71 81
70 82
70 90
69 91
69 96
68 97
68 101
66 103
66 106
65 107
65 110
64 111
64 113
63 114
63 116
62 117
62 118
61 119
61 122
59 124
59 127
57 129
57 131
56 132
56 135
55 136
55 137
54 138
54 139
53 140
53 142
49 146
49 148
48 149
48 150
47 151
47 154
46 155
46 157
45 158
45 159
44 160
44 161
43 162
43 163
42 164
42 165
41 166
41 167
40 168
40 169
39 170
39 171
40 172
40 173
41 173
42 174
43 174
44 173
47 173
48 172
50 172
51 171
54 171
55 170
57 170
58 169
62 169
63 170
62 171
62 173
61 174
61 175
60 176
60 180
59 181
59 185
58 186
58 187
57 188
57 190
56 191
56 194
55 195
55 197
54 198
54 201
53 202
53 204
52 205
52 206
51 207
51 209
50 210
50 211
49 212
49 214
48 215
48 216
47 217
47 220
45 222
45 224
42 227
42 231
40 233
40 234
39 235
39 237
36 240
36 242
33 245
33 246
31 248
30 248
29 249
29 250
26 253
26 254
23 257
22 257
21 258
21 259
20 260
20 261
22 263
36 263
37 262
39 262
40 261
45 261
46 262
49 262
50 263
57 263
58 264
57 265
57 266
56 267
56 269
55 270
55 271
54 272
54 274
53 275
53 276
52 277
52 279
51 280
51 281
50 282
50 284
49 285
49 288
47 290
47 293
46 294
46 296
45 297
45 300
43 302
43 305
42 306
42 308
41 309
41 311
40 312
40 313
39 314
39 316
38 317
38 318
37 319
37 321
36 322
36 323
35 324
35 325
32 328
32 331
30 333
30 336
28 338
28 340
25 343
25 345
22 348
22 351
21 352
21 356
22 357
22 361
23 362
28 362
29 361
30 361
31 360
34 360
35 359
37 359
39 357
40 357
43 354
44 354
45 353
47 353
48 352
49 352
51 350
53 350
54 349
55 349
57 347
58 347
59 346
60 346
61 345
62 345
63 344
64 344
65 343
66 343
67 342
69 342
70 343
70 363
71 364
71 380
72 381
72 394
73 395
73 477
74 478
74 479
75 480
81 480
82 481
83 480
86 480
87 479
87 478
88 477
88 437
89 436
89 408
88 407
88 402
89 401
89 332
90 331
91 331
92 332
94 332
95 333
97 333
98 334
103 334
104 335
105 335
106 336
110 336
111 337
123 337
124 336
125 336
126 335
128 335
129 334
131 334
132 333
133 333
134 332
136 332
137 331
145 331
146 332
151 332
152 331
152 330
153 329
153 327
151 325
151 323
149 321
149 320
148 319
148 318
147 317
147 316
145 314
145 313
143 311
143 310
142 309
142 308
140 306
140 305
139 304
138 304
137 303
137 301
134 298
134 297
132 295
132 294
131 293
131 291
128 288
128 287
127 286
127 285
125 283
125 282
124 281
123 281
122 280
122 279
121 278
121 275
119 273
118 273
116 271
116 268
114 266
114 265
113 264
113 263
111 261
111 260
110 259
110 258
108 256
108 253
106 251
106 250
105 249
105 248
103 246
103 245
102 244
102 243
101 242
101 240
99 238
99 237
98 236
98 234
99 233
100 233
102 235
103 235
104 236
105 236
107 238
108 238
109 239
111 239
112 240
113 240
114 241
115 241
116 242
123 242
126 245
127 245
129 243
129 240
125 236
125 235
124 234
124 233
121 230
121 229
120 228
120 227
119 226
119 225
118 224
118 223
117 222
117 221
114 218
114 217
113 216
112 216
111 215
111 212
110 211
110 210
109 209
109 208
108 207
108 205
107 204
107 202
105 200
105 197
104 196
104 195
103 194
103 193
101 191
101 190
100 189
100 185
99 184
99 183
98 182
98 181
96 179
96 178
95 177
95 175
94 174
94 173
93 172
93 170
94 169
94 168
95 167
96 167
97 166
99 166
100 167
101 167
102 168
104 168
105 169
111 169
112 170
114 170
116 168
116 160
114 158
114 156
113 155
113 154
112 153
112 152
111 151
111 150
110 149
110 148
109 147
109 146
108 145
108 144
106 142
106 141
105 140
105 138
104 137
104 136
103 135
103 134
102 133
102 131
101 130
101 128
99 126
99 123
98 122
98 121
97 120
97 118
96 117
96 114
95 113
95 111
94 110
94 109
93 108
93 104
92 103
92 102
91 101
91 97
90 96
90 92
89 91
89 90
88 89
88 87
87 86
87 84
86 83
86 82
85 81
85 79
84 78
84 74
83 73
83 69
82 68
82 66
81 65
81 60
80 59
80 54
79 53
79 45
78 44
78 42
77 41
77 40
76 39
