116 6
114 8
114 10
113 11
113 12
112 13
112 15
110 17
110 19
109 20
109 21
108 22
108 24
107 25
107 26
105 28
105 29
104 30
104 32
103 33
103 34
100 37
100 39
99 40
99 41
98 42
98 44
100 46
100 49
99 50
99 51
98 52
98 54
97 55
97 57
96 58
96 59
94 61
94 62
92 64
92 66
91 67
91 68
90 69
90 71
89 72
89 74
92 77
92 80
91 81
91 83
90 84
90 86
89 87
89 88
88 89
88 91
87 92
87 95
86 96
86 98
85 99
85 101
84 102
84 105
83 106
83 108
85 110
86 110
87 111
87 115
86 116
86 117
85 118
85 120
84 121
84 123
83 124
83 125
82 126
82 127
81 128
81 129
80 130
80 131
78 133
78 135
77 136
77 137
76 138
76 141
78 143
80 143
81 144
81 145
80 146
80 149
79 150
79 154
78 155
78 157
77 158
77 159
76 160
76 162
75 163
75 165
73 167
73 168
72 169
72 171
71 172
71 174
73 176
76 176
77 177
77 178
75 180
75 182
71 186
71 187
70 188
70 189
66 193
66 195
65 196
65 197
63 199
63 201
65 203
70 203
71 204
72 204
73 205
80 205
81 204
83 206
87 206
88 205
93 205
94 204
98 208
105 208
106 207
111 207
112 208
111 209
111 216
112 217
112 234
111 235
111 237
113 239
116 239
117 238
119 238
121 236
121 213
120 212
120 211
121 210
122 210
123 209
124 209
125 208
127 208
128 207
131 207
132 208
133 208
134 209
136 209
137 210
140 210
141 211
148 211
150 209
156 209
157 210
168 210
171 207
171 204
169 202
168 202
167 201
167 198
165 196
165 192
164 191
164 188
163 187
163 185
166 182
166 178
165 177
165 175
164 174
164 170
163 169
163 168
162 167
162 165
161 164
161 161
159 159
159 155
158 154
158 152
157 151
157 149
158 148
159 148
161 146
161 144
160 143
160 141
159 140
159 139
158 138
158 136
157 135
157 133
156 132
156 131
155 130
155 129
154 128
154 126
152 124
152 121
150 119
150 117
152 115
152 114
153 113
153 108
152 107
152 106
151 105
151 104
148 101
148 100
147 99
147 97
145 95
145 93
144 92
144 89
143 88
143 86
142 85
142 84
141 83
141 80
140 79
140 77
141 76
142 76
144 74
144 68
143 67
143 65
142 64
142 63
140 61
140 59
139 58
139 57
137 55
137 54
136 53
136 52
137 51
138 51
141 48
141 46
140 45
140 44
138 42
138 41
137 40
137 38
135 36
135 35
133 33
133 32
131 30
131 27
130 26
130 24
128 22
128 19
126 17
126 16
123 13
123 11
122 10
122 9
120 7
119 7
118 6
