179 13
178 14
176 14
175 15
174 15
173 16
173 17
172 18
171 18
171 29
170 30
170 34
169 35
168 35
168 38
167 39
167 44
166 45
165 45
165 47
164 48
164 52
163 53
162 53
162 54
161 55
161 57
160 58
159 58
159 59
158 60
158 61
157 62
156 62
156 63
155 64
153 64
151 66
150 66
150 67
149 68
149 69
148 70
147 70
145 72
144 72
144 73
143 74
143 75
142 76
140 76
139 77
138 77
136 79
135 79
135 80
134 81
132 81
130 83
129 83
129 84
127 86
125 86
124 87
123 87
122 88
122 89
121 90
120 90
118 92
117 92
116 93
116 94
115 95
113 95
112 96
111 96
109 98
107 98
106 99
104 99
103 100
101 100
100 101
99 101
98 102
98 103
97 104
96 104
96 108
97 108
98 109
98 113
99 114
99 115
100 115
102 117
104 117
105 118
140 118
141 119
140 120
140 121
139 122
137 122
136 123
135 123
134 124
134 125
133 126
132 126
132 127
131 128
131 129
130 130
129 130
129 131
128 132
128 133
127 134
125 134
124 135
123 135
121 137
120 137
120 138
119 139
119 140
118 141
117 141
116 142
116 143
115 144
114 144
112 146
111 146
109 148
108 148
107 149
107 150
106 151
104 151
103 152
102 152
101 153
101 154
100 155
98 155
97 156
96 156
95 157
95 158
94 159
93 159
91 161
89 161
88 162
87 162
85 164
83 164
82 165
80 165
79 166
78 166
77 167
77 168
76 169
74 169
73 170
72 170
70 172
69 172
69 173
68 174
65 174
64 175
62 175
61 176
60 176
58 178
56 178
55 179
53 179
52 180
50 180
49 181
48 181
47 182
42 182
41 183
39 183
37 185
36 185
36 186
35 187
35 190
36 191
36 192
37 192
39 194
41 194
42 195
51 195
52 194
71 194
72 193
77 193
78 194
125 194
126 195
125 196
123 196
121 198
120 198
120 199
119 200
117 200
115 202
114 202
114 203
113 204
111 204
109 206
108 206
108 207
107 208
107 209
106 210
104 210
103 211
102 211
100 213
99 213
99 214
98 215
96 215
94 217
93 217
93 218
92 219
92 220
91 221
90 221
88 223
87 223
87 224
86 225
84 225
82 227
81 227
81 228
80 229
78 229
76 231
75 231
74 232
74 233
73 234
71 234
70 235
69 235
68 236
68 237
67 238
65 238
64 239
63 239
62 240
62 241
61 242
59 242
58 243
57 243
55 245
53 245
52 246
50 246
49 247
48 247
47 248
47 249
46 250
44 250
43 251
42 251
41 252
41 253
40 254
38 254
37 255
36 255
34 257
32 257
31 258
29 258
28 259
27 259
25 261
23 261
22 262
20 262
19 263
18 263
17 264
17 265
16 266
15 266
15 269
16 269
17 270
17 271
18 272
19 272
20 273
22 273
23 274
33 274
34 273
36 273
37 272
38 272
39 271
40 271
41 272
45 272
46 271
48 271
49 270
50 270
51 269
52 269
53 270
66 270
67 269
69 269
70 268
71 268
72 267
76 267
77 268
81 268
82 267
84 267
85 266
86 266
88 264
101 264
102 263
107 263
108 264
113 264
114 263
116 263
117 262
126 262
127 261
129 261
130 260
135 260
136 259
147 259
148 258
163 258
164 259
164 262
163 263
162 263
162 269
163 269
164 270
164 275
165 276
165 277
166 277
167 278
167 281
166 282
165 282
165 287
166 287
167 288
167 289
168 290
168 298
169 298
170 299
170 300
171 301
171 309
172 309
173 310
173 313
172 314
171 314
171 365
172 365
173 366
173 367
174 368
175 368
176 369
178 369
179 370
197 370
198 371
199 371
201 373
203 373
204 374
209 374
210 373
212 373
214 371
215 371
215 370
217 368
218 368
219 367
219 366
220 365
221 365
221 357
220 357
219 356
219 354
220 353
221 353
221 341
220 341
219 340
219 337
220 336
221 336
221 335
222 334
222 311
221 310
221 307
222 306
222 249
223 248
230 248
231 249
241 249
242 250
254 250
255 251
305 251
306 250
308 250
309 249
314 249
315 248
320 248
321 249
350 249
351 248
359 248
360 247
372 247
373 246
375 246
376 245
377 245
379 243
380 243
380 242
381 241
381 238
380 237
380 236
381 235
381 232
380 231
380 230
379 230
377 228
375 228
374 227
370 227
368 225
366 225
365 224
364 224
363 223
361 223
360 222
358 222
357 221
355 221
353 219
352 219
350 217
348 217
347 216
346 216
345 215
343 215
342 214
340 214
338 212
336 212
335 211
333 211
332 210
328 210
327 209
322 209
321 208
321 207
320 206
320 205
319 205
317 203
315 203
314 202
307 202
305 200
305 199
304 199
302 197
300 197
299 196
297 196
296 195
295 195
293 193
291 193
290 192
288 192
287 191
286 191
284 189
282 189
281 188
281 187
280 187
278 185
276 185
275 184
273 184
272 183
271 183
269 181
267 181
266 180
264 180
263 179
262 179
260 177
259 177
258 176
256 176
254 174
253 174
252 173
250 173
249 172
249 171
248 170
249 169
251 169
252 170
257 170
258 171
260 171
261 172
272 172
273 173
275 173
276 174
283 174
284 175
289 175
290 176
300 176
301 175
303 175
304 174
305 174
306 173
306 172
307 171
308 171
309 170
309 169
310 168
311 168
311 165
310 165
309 164
309 163
308 162
307 162
306 161
304 161
303 160
301 160
299 158
298 158
297 157
295 157
294 156
291 156
290 155
289 155
288 154
288 153
287 152
286 152
285 151
283 151
281 149
280 149
279 148
279 147
278 146
277 146
276 145
274 145
272 143
271 143
270 142
270 141
269 140
268 140
267 139
265 139
264 138
262 138
260 136
259 136
257 134
257 133
256 133
255 132
255 131
254 130
253 130
252 129
250 129
249 128
247 128
245 126
244 126
243 125
241 125
240 124
240 123
239 122
238 122
237 121
235 121
234 120
234 119
235 118
242 118
243 117
248 117
249 118
290 118
291 117
293 117
295 115
296 115
296 114
297 113
297 109
296 108
296 107
295 107
293 105
291 105
290 104
289 104
287 102
286 102
285 101
283 101
281 99
280 99
279 98
277 98
276 97
274 97
272 95
271 95
270 94
270 93
269 92
268 92
267 91
265 91
263 89
262 89
261 88
261 87
260 86
259 86
257 84
255 84
254 83
254 82
253 82
251 80
250 80
249 79
247 79
246 78
246 77
245 76
245 75
244 75
242 73
242 72
241 72
239 70
237 70
236 69
236 68
235 68
234 67
234 66
233 65
232 65
230 63
230 62
229 62
228 61
228 60
227 59
227 58
226 58
225 57
225 56
224 55
223 55
222 54
220 54
219 53
219 52
218 51
218 50
217 50
215 48
213 48
212 47
212 46
211 46
209 44
209 43
208 43
207 42
207 41
206 40
206 39
205 39
203 37
201 37
200 36
200 35
199 35
198 34
198 33
197 32
197 30
196 30
195 29
195 27
194 26
194 25
193 25
192 24
192 23
191 22
191 18
190 18
189 17
189 16
188 15
187 15
186 14
184 14
183 13
