246 154
244 156
244 160
243 161
243 162
242 163
242 164
241 165
239 165
238 164
237 165
234 165
233 166
232 166
231 167
228 167
227 168
219 168
218 169
213 169
212 170
205 170
204 171
203 171
202 172
201 172
200 173
199 173
198 174
198 175
197 176
197 177
196 178
196 179
197 180
197 181
198 181
199 182
211 182
213 184
213 187
212 188
211 188
210 189
209 189
208 190
208 191
207 192
207 193
206 194
206 196
205 197
205 199
204 200
204 204
206 206
209 206
211 204
212 204
215 207
216 207
217 208
220 208
221 207
222 207
222 206
223 205
223 204
224 203
229 203
230 202
235 202
236 201
246 201
248 203
249 203
250 204
251 204
252 205
255 205
258 202
270 202
271 203
275 203
276 204
284 204
285 205
291 205
293 203
293 195
294 194
297 194
298 193
299 193
299 192
300 191
300 190
301 189
301 186
299 184
289 184
287 182
287 181
286 180
286 179
285 178
285 176
284 175
284 172
283 171
283 170
282 170
281 169
275 169
274 168
274 156
272 154
