250 153
249 154
248 154
247 155
247 156
246 157
246 158
245 159
245 164
244 165
243 165
242 166
235 166
234 167
222 167
221 168
219 168
218 169
214 169
213 170
212 170
211 171
208 171
207 172
205 172
204 173
203 173
201 175
201 176
200 177
200 179
214 179
216 181
216 185
215 186
212 186
211 187
207 187
206 188
204 188
202 190
202 198
203 199
203 200
207 204
225 204
227 202
227 201
228 200
237 200
238 201
249 201
250 202
250 204
251 205
256 205
257 204
261 204
263 202
263 200
264 199
264 198
265 197
268 197
269 196
282 196
284 198
284 200
286 202
287 201
289 201
290 200
291 200
293 198
293 195
294 194
296 194
298 192
297 191
297 186
296 185
296 183
295 182
295 181
292 178
289 178
288 177
288 176
287 175
286 175
283 172
283 171
282 170
282 169
281 168
281 167
280 167
279 166
278 166
276 164
276 162
275 161
275 158
274 157
274 155
272 153
