172 7
171 8
167 8
166 9
159 9
157 11
156 11
155 12
150 12
149 11
145 11
144 10
138 10
137 11
133 11
132 12
126 12
125 13
124 13
123 14
120 14
119 15
118 15
117 16
116 16
115 17
114 17
113 18
112 18
111 19
110 19
109 20
108 20
106 22
105 22
99 28
98 28
97 29
96 29
95 30
94 30
93 31
92 31
92 32
91 33
91 34
87 38
86 38
85 39
73 39
72 40
69 40
68 41
67 41
67 42
65 44
65 53
66 54
66 59
67 60
67 61
68 62
68 63
69 64
69 65
70 66
70 67
71 68
71 69
72 69
73 70
73 72
78 77
78 78
79 79
79 81
80 82
80 83
82 85
82 86
83 87
83 88
84 89
84 90
85 90
86 91
86 92
87 93
87 94
88 95
88 96
89 97
89 98
92 101
92 102
93 102
96 105
94 107
78 107
77 108
76 108
75 109
75 110
73 112
73 114
72 115
72 117
70 119
70 121
69 122
69 132
70 133
70 138
69 139
68 139
68 143
71 143
75 139
76 139
78 141
78 142
82 146
82 147
83 148
83 158
86 158
88 156
88 155
91 152
94 155
94 156
95 157
95 159
96 160
96 166
99 166
100 165
100 163
101 162
101 159
102 158
103 159
104 159
105 160
105 161
106 162
106 164
107 165
107 167
108 168
108 169
111 169
111 156
110 155
110 151
109 150
109 146
110 145
110 144
112 142
113 142
114 141
119 141
120 140
122 140
123 141
124 141
125 142
128 142
129 143
136 143
137 142
141 146
142 146
146 150
147 150
149 152
150 152
151 153
151 154
152 154
154 156
155 156
159 160
160 160
163 163
164 163
165 164
166 164
168 166
169 166
170 167
171 167
175 171
176 171
179 174
180 174
181 175
181 176
182 176
185 179
186 179
187 180
188 180
190 182
191 182
192 183
193 183
195 185
196 185
197 186
199 186
200 187
201 187
202 188
203 188
205 190
206 190
209 193
209 194
210 194
211 195
212 195
215 198
216 198
217 199
218 199
220 201
221 201
222 202
223 202
225 204
227 204
228 205
228 206
230 206
231 207
232 207
233 208
234 208
235 209
236 209
237 210
238 210
239 211
240 211
241 212
242 212
243 213
244 213
245 214
246 214
248 216
249 216
250 217
251 217
252 218
253 218
254 219
256 219
258 221
260 221
261 222
261 223
260 224
259 224
255 228
254 228
253 229
253 230
251 232
251 252
250 253
250 257
251 257
252 258
255 258
256 259
256 260
255 261
255 271
258 271
259 270
260 270
261 269
262 269
263 268
265 270
265 275
269 275
270 274
271 274
271 273
272 272
273 273
273 275
278 275
280 273
280 272
281 271
282 271
282 267
283 266
283 264
284 263
284 261
285 260
285 255
284 254
284 248
285 247
285 246
287 244
287 243
288 242
288 241
290 239
290 238
292 236
292 235
293 234
293 232
294 231
294 227
295 226
299 226
300 225
303 225
304 224
310 224
311 225
316 225
317 226
318 226
319 227
322 227
323 228
324 228
325 229
327 229
329 231
333 231
334 232
340 232
341 233
345 233
348 236
350 236
351 237
351 238
358 238
359 237
360 238
367 238
367 237
368 236
372 236
373 235
374 235
375 234
375 233
377 231
380 231
381 230
388 230
389 229
391 229
393 227
395 227
396 226
398 226
399 225
403 225
404 224
405 224
406 223
407 223
409 221
410 221
411 220
412 220
414 218
415 218
416 217
416 216
417 215
418 215
418 213
419 212
420 213
420 214
423 214
425 212
425 211
426 210
426 208
427 207
427 206
428 205
428 204
430 202
430 199
431 198
432 198
432 188
430 186
430 185
428 183
428 182
427 182
426 181
425 181
424 180
423 180
421 178
418 178
417 177
415 177
414 176
412 176
411 175
409 175
408 174
404 174
403 175
399 175
398 176
395 176
394 175
390 175
389 174
388 174
387 173
386 173
385 172
381 172
380 171
379 171
378 170
378 168
373 168
372 169
360 169
359 168
360 167
360 165
361 164
361 163
362 162
362 154
360 152
360 151
356 147
355 147
349 141
347 141
346 140
345 140
344 139
344 135
343 134
343 130
342 129
342 128
341 127
341 126
340 125
340 124
339 123
339 122
338 121
338 120
337 119
337 118
335 116
335 115
333 113
333 112
332 111
332 110
331 109
331 108
329 106
329 105
328 105
327 104
327 103
323 99
320 99
319 98
319 94
318 93
318 90
317 89
317 87
316 86
316 85
315 84
315 83
313 81
313 79
310 76
310 75
309 74
309 73
308 73
306 71
306 70
305 69
304 69
303 68
301 68
300 67
299 67
298 66
296 66
295 65
294 65
293 64
293 63
292 62
292 61
290 59
290 58
288 56
288 55
285 52
285 51
284 51
282 49
282 48
281 48
280 47
280 46
279 45
278 45
274 41
273 41
270 38
269 38
268 37
267 37
264 34
263 34
262 33
255 33
252 30
251 30
246 25
245 25
242 22
241 22
240 21
239 21
237 19
235 19
234 18
232 18
231 17
229 17
228 16
218 16
217 17
212 17
210 15
208 15
207 14
206 14
204 12
202 12
201 11
200 11
199 10
198 10
197 9
192 9
191 8
187 8
186 7
