436 22
435 23
433 23
432 24
431 24
430 25
427 25
426 26
423 26
420 29
418 29
417 30
416 29
414 29
413 30
411 30
410 31
408 31
407 32
406 32
404 34
403 34
402 35
388 35
387 36
386 36
385 37
384 37
381 40
380 40
379 41
376 41
375 42
372 42
371 43
368 43
367 44
365 44
364 45
360 45
359 46
357 46
356 47
352 47
351 48
348 48
347 49
345 49
344 50
341 50
340 51
337 51
336 52
333 52
332 53
329 53
328 54
326 54
325 55
323 55
322 56
319 56
318 57
316 57
315 58
312 58
311 59
308 59
307 60
305 60
304 61
303 61
302 62
300 62
299 63
293 63
292 62
292 61
291 61
288 58
287 58
286 57
284 57
283 56
282 57
277 57
276 56
274 56
273 55
271 55
270 54
254 54
253 55
251 55
250 56
249 56
248 57
247 57
246 58
245 58
244 59
243 59
242 60
241 60
241 61
239 63
238 63
229 72
228 72
227 73
226 73
222 77
222 78
221 79
221 81
220 82
220 83
219 84
219 85
218 86
215 86
214 87
209 87
208 88
206 88
205 89
201 89
200 90
197 90
196 91
193 91
192 92
189 92
188 93
185 93
184 94
180 94
179 95
177 95
176 96
173 96
172 97
169 97
168 98
166 98
165 99
163 99
162 100
159 100
158 101
156 101
155 102
153 102
152 103
150 103
149 104
146 104
145 105
143 105
142 106
140 106
139 107
137 107
136 108
134 108
133 109
131 109
130 110
128 110
127 111
124 111
123 112
121 112
120 113
118 113
117 114
114 114
113 115
112 115
111 116
108 116
107 117
103 117
102 118
101 118
100 119
97 119
96 120
93 120
92 121
91 121
90 122
87 122
86 123
84 123
83 124
81 124
80 125
79 125
78 126
76 126
75 127
73 127
72 128
71 128
70 129
69 129
68 130
66 130
65 131
63 131
62 132
60 132
59 133
58 133
57 134
55 134
54 135
53 135
52 136
50 136
49 137
48 137
47 138
45 138
44 139
43 139
42 140
40 140
39 141
38 141
37 142
36 142
35 143
33 143
32 144
31 144
30 145
28 145
26 147
25 147
20 152
20 153
19 154
19 155
18 156
18 158
17 159
17 168
18 169
18 172
19 173
19 174
24 179
25 179
26 180
32 180
33 179
35 179
36 178
38 178
39 177
41 177
42 176
44 176
45 175
47 175
48 174
49 174
50 173
52 173
53 172
56 172
57 171
58 171
59 170
62 170
63 169
65 169
66 168
68 168
69 167
71 167
72 166
75 166
76 165
79 165
80 164
82 164
83 163
84 163
85 162
88 162
90 160
93 160
94 159
97 159
98 158
101 158
102 157
104 157
105 156
108 156
109 155
111 155
112 154
115 154
116 153
118 153
119 152
122 152
123 151
126 151
127 150
130 150
131 149
132 149
133 148
136 148
137 147
140 147
141 146
143 146
144 145
146 145
147 144
150 144
151 143
153 143
154 142
157 142
158 141
162 141
163 140
165 140
166 139
169 139
170 138
173 138
174 137
176 137
177 136
181 136
182 135
185 135
186 134
188 134
189 133
193 133
194 132
197 132
198 131
201 131
202 130
206 130
207 129
210 129
211 128
215 128
216 127
218 127
219 126
222 126
223 125
229 125
230 126
230 128
233 131
234 131
235 132
236 132
237 133
239 133
240 132
248 132
249 133
251 133
252 134
257 134
258 135
267 135
269 137
270 137
271 138
274 135
274 134
277 131
278 131
279 130
280 130
281 129
282 129
282 128
293 117
296 117
297 116
299 116
302 113
302 112
303 111
303 107
304 106
304 105
307 102
308 102
309 101
311 101
312 100
315 100
316 99
320 99
321 98
324 98
325 97
328 97
329 96
331 96
332 95
334 95
335 94
337 94
338 93
341 93
342 92
345 92
346 91
348 91
349 90
351 90
352 89
355 89
356 88
358 88
359 87
361 87
362 86
365 86
366 85
367 85
368 84
371 84
372 83
375 83
376 82
378 82
379 81
380 81
381 80
384 80
385 79
398 79
399 78
400 78
405 73
407 73
408 72
410 72
411 71
412 71
413 72
419 72
420 71
421 71
422 70
423 70
426 67
430 67
432 69
434 69
435 68
440 68
441 67
444 67
445 66
448 66
449 65
451 65
456 60
456 59
457 58
457 56
458 55
458 45
459 44
459 43
458 42
458 39
457 38
457 37
456 36
456 35
454 33
454 32
453 31
453 30
452 29
452 28
447 23
446 23
445 22
